-99 -99 -99 -99 -99 -99 -99 -99 -99 -99
-99 -99 -99 -99 -99 -99 -99 -99 -99 -99
-99 -99 -99 -99 -99 -99 1.92063587022253 -99 -99 -99
-99 -99 -99 -99 -99 -99 -99 -99 -99 -99
-99 -99 -99 -0.586962764205722 -99 -99 -99 -99 -99 -99
-99 -99 -99 -99 -99 -99 -99 -99 -99 -99
-99 -99 -99 -99 -99 1.87534997197506 -99 -99 -99 -0.976496440968266
-99 -99 -99 2.11766493815929 -99 2.42988860946745 -99 -99 -99 -99
-99 -99 -99 2.91445413156418 1.50128624449993 -99 -99 -99 -99 -99
-99 -99 -99 -99 -0.113956375336527 -99 -99 -99 -99 -99
0.490161078527681 -0.600978160812021 -99 -99 -99 -99 -99 -99 -99 -99
-99 -99 -99 -99 -99 -99 -99 -99 -99 -99
-99 -99 -99 -99 -99 -99 -99 -99 -99 -99
-99 0.800047555273832 -99 -99 -99 -99 -99 -99 -99 -99
-99 -99 0.703524027898562 -99 -99 2.11870082922905 -99 -99 2.22124874296781 -99
-99 -99 -99 -99 -99 -99 -99 0.286505117726774 -99 0.612512191563967
-99 -99 -99 -0.345005285388889 -99 -99 -99 -99 -99 -99
-99 -99 -99 -99 -99 -99 3.59210792787585 -99 -99 -99
-99 -99 -99 -99 -99 -99 -99 -99 -99 -99
-99 -99 -99 1.26452138038557 -99 -99 -99 -99 -99 0.517868999084899
-99 -99 -99 -99 -99 -99 -99 -99 -99 -99
-99 -99 -99 -99 -99 -99 -99 -99 2.02651797609581 -99
-99 -99 -99 -99 -0.405182887101579 -99 -99 -99 -99 -99
-99 -99 -99 -99 -99 -99 -99 -99 -99 -99
-99 -99 -99 -99 -99 -99 -99 -99 -99 -99
-99 -99 -99 -99 -99 -99 0.958388805383929 1.73850788956196 -99 -99
-99 -99 0.62722782186211 -99 -99 -0.724039671517203 -99 -99 -99 -99
-99 -99 -99 -99 -99 2.13546967443905 -99 -99 -99 -99
-99 -99 -99 -99 -99 -99 -99 -99 -0.738301306362915 -99
-99 -0.586777290470832 -99 -99 -99 -99 -99 -99 -99 -99
-99 -99 -99 -99 -99 -99 -99 -99 -99 -99
-99 -99 1.61494047323875 -99 -99 -99 -99 -99 -99 -99
-99 -99 -99 -99 -99 -99 -99 -99 -99 1.4821641428081
-99 -99 -99 1.54225718082 -99 -99 -99 -99 -99 -99
-99 -99 -99 -99 -99 -99 -99 -99 -99 -99
-99 -99 -99 -99 -99 -99 -99 1.07498031816095 -99 0.258795399701078
-99 -99 1.32696158521634 -99 -99 -99 -99 -99 -99 -99
-99 0.425615370293761 -99 -99 -99 -99 -0.842949399597603 -99 -99 -99
-99 -99 -99 -99 -99 -99 -99 -99 -99 -99
-99 -99 -99 -99 -99 -99 -99 -99 -99 -99
-99 -99 -99 -99 -99 -99 -99 -99 -99 -99
-99 -99 -99 -99 -2.26467894512269 0.215754258149274 -99 -99 -99 -99
-99 -99 -99 -99 -99 -99 -99 -99 -99 3.14706658416373
-99 -99 2.23965680093503 -99 -99 -99 2.52119950087163 -99 4.31602660117402 -99
-99 -99 -99 -99 -99 -99 -99 2.34157465504822 -99 -99
-99 0.602379943699335 -99 -99 -99 -99 -99 -99 -99 -99
-99 -99 -99 0.515191236047263 -99 -99 -0.740588880127079 -99 -99 -99
-99 -99 1.26846514121149 -99 -99 3.59224146332356 -99 -99 -99 -99
-99 -1.63394541003421 -99 -99 -99 -99 -99 1.09264756302398 -99 -99
-99 -99 -99 -99 -0.588780639779851 -99 -99 -99 -99 -99
-99 -99 -99 -99 -99 -99 -99 -99 0.816080243729851 -99
-99 -99 -99 -99 -99 -99 -99 -99 -99 -99
-99 -99 -99 -99 -99 -99 -99 -99 -99 -99
-99 -99 -99 -99 -99 -99 -99 -99 0.984472187784158 -99
-99 -99 -99 5.02528094482856 -99 -99 -99 -99 -99 -99
-99 -99 -99 -99 -99 -99 -99 -99 -99 -99
-99 -99 -99 -99 -99 -99 -99 -99 -99 -99
-99 -99 -99 -99 -99 -99 -99 -99 -99 -99
-99 -99 -99 -99 -99 -99 -99 -99 -99 -99
-99 -99 -99 -99 0.899002419406286 2.46780627118386 -99 0.921327758179286 2.80400509597996 -99
-99 -99 -99 -99 -99 -99 -99 -99 -99 -99
-99 -99 -99 1.55025629792481 -99 1.63497460305087 -99 -99 -99 -99
-99 -99 -99 -99 -99 -99 -99 1.66902057809284 -99 -99
-99 -99 -99 1.16559381546637 -99 -99 0.377408799106367 -99 -99 -99
-99 -99 -99 -99 -99 -99 -99 -0.349993378632141 -99 -99
-99 -99 -99 -99 -99 -99 -99 -99 -99 -99
-99 -99 -99 0.094154618888221 -99 -99 0.901111093082345 -99 -99 -99
-99 -99 -99 -99 -99 -99 -99 -99 -99 -99
-0.12974319516066 -99 -99 -99 -99 -99 -99 -99 -99 -99
-99 -99 -99 -99 -99 -99 -99 -99 -99 -99
-99 -99 -99 -99 -99 2.66013788637274 -99 -99 2.37232888370212 -99
-99 -99 -99 -99 -99 -99 1.40921975536458 -99 -99 0.716663489142484
-99 -99 -99 -99 -99 -99 -99 -99 -99 3.49047100895736
-99 -99 -99 -99 -99 -99 -99 -99 -0.562659664814271 -99
-99 -0.321767760641602 -99 -99 -0.61094521702549 0.767471378408889 -99 -99 -99 -99
-99 -99 -99 -99 1.36969788742005 -99 -99 -99 0.969811857310238 -99
-99 -99 -99 -99 0.538029786746981 -99 -99 -99 -99 -99
-99 -99 -99 -99 -99 -99 -99 -99 -99 -99
-99 -99 -99 -99 -99 -99 -99 -99 -99 -99
-99 -99 -99 1.29730041788006 -99 -99 -99 -99 -99 -99
0.195817652441488 0.373431146158005 2.75055699220923 -0.703745269175816 -99 -99 -99 -99 -99 -99
-99 3.00238056644579 -99 -99 -99 -99 -99 -99 -99 -99
-99 -99 -99 2.31135790135897 -99 -99 1.33395448004261 -99 -99 -99
-99 -99 -99 -99 1.49900687273491 -99 -99 -99 -99 -99
-99 -99 -99 -99 0.602502804442925 -99 -99 -99 -99 -99
-99 -99 -99 0.0945166603194671 -99 -99 -99 -99 -99 -99
-99 -99 -99 2.67858260204596 -99 -99 -99 -99 -99 -99
-99 -99 -99 0.380395238616881 -99 -99 -99 -99 -99 -99
-99 -99 -99 -99 -99 -99 -99 -99 2.51856808486779 -99
-99 -99 -99 -99 -99 -99 -99 2.46029001059428 -99 -99
-99 -99 -99 -99 -99 -99 -99 -99 -99 -99
-99 -99 -99 -99 -99 -99 -99 -99 -99 -99
-99 -99 -99 -99 -99 -99 -99 -99 -99 -99
-99 -99 -99 -99 -99 -99 -99 -99 -99 -99
-99 -99 -99 -99 -99 1.91640451465787 -99 -99 -99 -99
-99 3.46768985919603 -99 -99 -99 -99 -99 -99 1.32314969962867 -99
-99 -99 2.66099746098693 -99 -99 -99 -99 0.657723271084342 -99 -99
-99 -99 -99 -99 -99 -99 -99 -99 -99 2.31948161169252
-99 -99 0.407697813279931 -99 -99 -99 -99 -99 -99 -99
-99 -99 -99 -99 -99 -99 -99 -99 -99 -99
-99 -99 -99 -99 -99 -99 -99 -99 -99 -99
1.26731445113086 -99 0.106976985260546 -99 -99 -99 -99 -99 -99 -99
-99 -99 -1.5313405917264 -99 -99 -99 -99 -99 -99 -99
-99 -99 -99 -99 -99 -99 -99 -99 -99 -99
-99 -99 -99 -99 -99 -1.61925099227598 -99 -99 -99 -99
-99 -99 -99 -99 -99 -99 -99 -99 -99 0.694176974555906
-99 -99 1.13713089595974 -99 -99 -99 -99 -99 -99 -1.27306408493867
-99 1.89202264346432 -99 -99 -99 -99 -99 1.11696539809247 -99 -99
2.9309041851436 -99 -99 -99 -99 -99 1.81300805052954 -99 -99 -99
-99 -99 -99 -0.500648624114748 -99 -99 -99 0.67898594837218 -99 -99
-99 -99 -99 -99 -2.39053761379654 0.171812065109721 -99 -99 -99 -99
-99 2.12667914476728 -99 -99 -99 0.810583818928882 -99 -99 -99 -99
-99 -99 -99 -99 -99 -99 -99 -99 -99 -99
-99 -99 -99 -99 -99 -99 -99 -99 -99 -99
-99 -99 -99 -99 -99 1.10525802289661 -99 -99 -99 -99
-99 -99 -99 -99 0.414415911884611 -99 -99 -99 -99 -99
-99 1.9932054101638 -99 -99 -99 -99 -99 1.6039622100991 -99 -99
-99 -99 -99 -99 -99 -99 2.7403504991429 -99 -99 -99
-99 -99 -99 -99 -99 -99 -99 -99 -99 -99
-99 -99 -99 -99 -99 1.97544930856624 -99 -99 0.900007632216474 -99
-99 -99 -99 -99 -99 -99 -99 -99 -99 -99
1.0002090870004 -99 3.84502247420938 -99 -99 -99 -99 -99 -99 1.68511584525095
-99 -99 -99 -99 -99 -99 -99 1.23815798142493 -99 -99
-99 -99 -99 -99 -99 -99 -99 -99 -99 -99
-99 -99 -99 -99 -99 -99 -99 -99 -99 -99
-99 0.262770618961384 -99 -99 -99 -99 -99 -99 -99 -99
-99 -99 -99 -99 -99 -99 -99 -99 -99 -99
-0.39222821244107 -99 -99 -99 -99 -99 -99 -99 -99 -99
-99 -99 -99 -99 -99 -99 -99 -99 -99 -99
-99 -99 -99 -99 -99 -99 -99 -99 -99 -99
-99 -99 -99 -99 -99 -99 -99 -99 -99 -99
-99 2.47327621669169 -99 -99 -99 -99 -99 -99 -99 -99
-99 -99 -99 -99 -99 1.71437315653806 -99 -99 -99 -99
-99 -99 -99 0.349284849353874 -99 -99 -99 -99 -99 -99
-99 -99 -99 -99 -99 0.971571028492114 -99 -99 -99 -99
-99 -99 1.13767429434498 -99 -99 0.357126902124284 -99 -99 -99 -99
-99 -99 -99 -99 -99 0.585337678236137 -99 -99 -99 -99
-99 -99 -99 -99 -99 -99 -99 -99 -99 -99
-99 -0.590378751153913 -99 -99 1.46048185823383 -99 -99 -99 -99 -99
-99 -99 -99 -99 -99 -99 -99 -99 -99 -99
-99 2.48593621893937 -99 -99 -99 -99 -99 -99 -99 -99
-99 -99 1.38120067875717 -99 -99 -99 -99 -99 1.05199721122257 -99
-99 -99 2.52228979000308 -99 -99 -99 -99 -99 -99 -99
-99 -99 -99 -99 1.68976240672087 -99 -99 -99 -99 -99
-99 -99 -99 -99 -99 -99 -99 -99 -99 -99
-99 -99 -99 -99 -99 -99 -99 -99 -99 -99
-99 -99 -99 -99 -99 -99 -99 -99 -99 -99
-99 -99 -99 -1.98522125261046 -0.558303871640196 -99 -99 -99 -99 -99
-99 -99 -99 -99 -99 -99 -99 -99 -99 -99
-99 -99 -99 1.2915998475434 -99 -99 1.00793878168676 -99 -99 -99
-99 -99 -99 -99 -99 -99 -99 -99 -99 -99
2.3868979645747 1.53011584181979 -99 0.0774065838405722 -99 -99 -99 3.95484506222808 -99 -99
0.256736032233423 -99 -99 1.56656708247852 -99 -99 -99 -99 -99 -99
1.47958528993324 -99 -99 -99 -99 -99 -99 -99 -99 -99
-99 -99 -99 -99 -99 1.47392795095694 -99 -99 -99 -99
-99 -99 -99 1.02841350387805 -0.0160021180757715 -99 -99 -99 -99 -99
-99 -99 -99 -99 2.94716394426444 -99 -99 -99 0.525362556558862 -99
-99 -99 -99 -99 -99 -99 -99 -0.190837189159611 -99 -99
-99 -99 -99 -99 -99 2.19799381022159 -99 -99 -99 -99
-99 -99 -99 -99 -99 -99 -1.34351234113681 -99 -99 -99
-99 -99 -99 -99 -99 -99 -99 -99 -99 -99
-99 -99 -99 -99 -99 1.32079459235174 -99 -99 -99 -99
-99 -99 2.70040413397846 -99 -99 -99 -99 -99 -99 -99
1.07247469709172 -99 -99 -99 -99 -99 -99 -99 -99 -99
-99 -99 -99 -99 -99 -99 -99 -99 -99 -99
-99 -99 -99 -99 -99 -99 -99 -99 -99 -99
-99 -99 -99 -99 -99 -99 -99 -99 -99 -99
-99 -99 -99 -99 -99 -99 2.05041506537185 -99 -99 -99
-99 -99 -99 -99 -99 -99 -0.324803727913952 -99 -99 -99
-99 -99 -99 -99 -99 -99 -99 -99 -99 -99
-99 -99 -99 -99 -99 -99 -0.566351994642784 -99 -99 -99
-99 -99 -99 2.34854837014464 -99 -99 -99 -0.332128709948862 -99 -99
-99 -99 4.46002971326762 2.87071312028883 -99 2.98974537550026 -99 -99 -99 -99
-99 -99 -99 -99 -99 -0.655473216753517 1.76486569622269 -99 -99 -99
-99 -99 -99 -99 -99 -99 -99 -99 -99 -99
-99 -99 -99 -99 -99 -99 -99 0.639189393423399 -99 -99
-99 -99 -99 -99 -99 0.217548676290292 -99 -99 -0.115664042968353 -99
-99 -1.58042534917405 -99 -99 -99 0.731080822507672 -99 -99 0.00198160025218419 -99
-99 -99 -99 -99 -99 -99 -99 -99 -99 -99
-99 -99 -99 -99 -99 -99 -99 0.812499878450036 -99 -99
-99 -99 -99 -99 -99 -99 -99 -99 -99 -99
-99 -99 -99 -99 -99 -99 -99 -99 -99 -99
-99 -99 -99 -99 -99 -99 -99 -99 -99 1.15998811833954
-99 -99 -99 -99 -0.434322214043543 -99 1.35779248929524 -99 -99 -99
-99 1.49644518253603 -99 -99 -99 -99 -99 -99 -99 -99
-99 -99 -99 -99 -99 -99 -99 -99 -99 -99
-99 -99 -99 -99 -99 -99 -99 -99 2.17330635660529 -99
-99 -99 -99 1.25373820940158 -99 -99 2.24124009256927 -99 -99 -99
-99 -99 -99 -99 -99 -99 -99 0.446389287221302 -99 -99
-99 -99 -99 -99 -99 1.78154387534305 -99 -99 -99 -99
-99 -99 -99 2.18009745996555 -99 -99 -99 -99 -99 -99
-99 -99 -99 -99 -99 -99 -99 -99 -99 -99
-99 -99 -99 -99 -99 0.74019813674805 -99 -99 -99 -99
-99 -99 -99 -99 -99 -99 -99 -99 -99 -99
-99 -99 -99 -99 -99 -99 1.27116802196225 -99 -99 -99
-99 -99 -99 -99 -99 -99 -99 -99 -99 -99
-99 -99 1.68017361669291 -99 -99 -99 -99 -99 -99 -99
-99 2.64168358871698 -99 0.643254361561384 -99 -99 -99 2.69504040397469 -99 -99
-99 -99 -99 -99 -99 -99 -99 -99 -99 -99
-99 -99 -99 -99 -99 -99 -99 0.933718749784458 -99 -99
-99 -99 -99 -99 -99 -99 -99 -99 -99 -99
-99 -99 -99 -99 -99 -99 -99 -99 -99 -99
-99 -99 -99 -99 -99 3.13596360350643 -99 -99 -99 -99
2.96164354144878 -99 -99 -99 -99 -99 -99 -99 -99 1.71710708947459
-99 -99 -99 -99 -99 -99 -99 -99 -99 0.325452818893366
-99 -99 -99 -99 -99 -99 0.519250730011819 -0.156878479896621 -99 -99
-99 -99 -99 -99 -99 -99 -99 2.29499750010112 1.43110368363661 -99
-99 -99 2.11769027277028 -99 -99 -99 -99 -99 -99 -99
-99 -99 -99 -99 -99 -99 -99 -99 -99 -99
-99 -99 -99 -99 -0.136571833371943 -99 0.987718519842729 -99 -99 -99
-99 -99 -99 -99 -99 -99 -99 -99 -99 -1.36268094556852
-99 -99 -99 -99 -99 -99 -99 -99 -99 -99
-99 0.0418750302742138 -99 -99 -99 -99 -99 -99 -99 -99
-99 -99 -99 -99 -99 -99 -99 -99 -0.536309552357419 -99
-99 -99 -99 -99 -99 -99 -99 -99 0.365702795111922 -99
-99 -99 -99 -99 -99 -99 1.65164328411398 -99 -99 -99
-99 -99 -99 -99 -99 -99 -99 -99 -99 -99
-99 -99 0.759684811603307 -99 -99 -99 -99 -99 -99 -0.635567219514875
-99 -99 -99 -99 -99 -99 1.60460697308363 -99 -99 -99
-99 -99 -99 -99 -99 -99 -99 -99 -99 -99
-99 -99 -99 -99 -99 -99 -99 -99 -99 -99
-99 -99 -99 -99 -99 0.819003924277215 0.646526829471375 -99 -99 -99
-99 -99 -99 -99 -99 -99 -99 -99 -99 -99
-99 -99 -99 -99 3.50798074058406 -99 -99 -99 -99 -99
-99 -99 -99 -99 -99 -99 -99 -99 -99 -99
-99 -99 -99 -99 -99 -99 2.00869753711065 -99 -99 2.88938151111259
-99 -99 -99 -99 -99 -99 -99 -99 -99 -99
-99 -99 -99 -99 -99 -99 -99 -99 -99 -99
-99 -99 2.0624838262246 -99 -99 -99 -99 -99 -99 -99
-99 0.668242235484182 -99 -99 -99 -99 -99 -99 -0.10256349219541 -99
-99 -99 -99 -99 -99 -99 -99 -99 -99 -99
-99 -99 -99 -99 -99 -99 -99 -99 -99 -99
-99 -99 -99 -99 -1.01382698837536 -99 -99 -99 -99 -0.781647116977746
-99 -99 -99 -99 -99 -99 -99 -99 -99 -99
-99 -99 -99 -99 -99 -99 -99 -99 1.82542120534765 -99
-99 -99 -99 -99 -99 -99 -99 -99 -99 1.30438668636234
-99 -99 -99 -99 -99 -99 -99 1.13817018775313 -99 -99
-99 -99 -99 -99 -99 -99 -1.48422588673056 -99 -99 -99
1.46887657928589 -99 -99 3.77816586805712 -99 -99 -99 -99 -99 -99
-99 -99 -99 -99 -99 1.27541866834893 -99 2.03187147865466 -99 -99
2.25624712066816 -99 -99 -99 -99 -99 -99 -99 -99 -99
-99 -99 0.631374382227569 -99 -99 -99 -99 -99 -99 -99
-99 -99 -99 -99 -99 -99 -99 -99 -99 -99
-99 0.248651059619809 -99 -99 -99 0.983824775389979 -99 -99 -99 -99
-99 -99 2.90065650033971 -99 -99 -99 -99 -99 -99 -99
-99 -99 -99 -99 -99 -99 -99 -99 -99 -99
-99 -99 -99 -99 -99 -99 -99 -99 -99 -99
-99 -99 -99 -99 -0.219706806912605 -99 -99 -1.20819927966896 -99 -99
-99 -99 -99 -99 -99 -99 -99 -99 0.504529033505201 -99
-99 -99 -99 -99 -99 -99 -99 -1.14886723816523 -99 -99
-99 -99 -99 -99 -99 -99 -99 -99 -99 -99
-99 -99 -99 -99 -99 -99 -99 -99 -99 -99
-99 -99 -99 -99 -99 -99 -99 -99 -99 -99
-99 -99 -99 -99 -99 -99 -99 -99 -99 -99
-99 -99 -99 -99 -99 -99 2.21961701286143 -99 -99 -99
-99 -99 -99 -99 -99 -99 -99 -99 -99 -99
-99 -99 -99 -99 -99 -99 -99 -99 -99 -99
-99 -99 -99 -99 -99 -99 -99 -99 -99 -99
-99 -99 -99 -99 -99 -99 -99 -99 -99 -99
2.49391895334687 -99 -99 -99 -99 -99 -99 -99 -99 -99
-99 -99 -99 -99 -99 -99 -99 -99 -99 -99
3.58804377926905 -99 -99 -99 -99 0.863574346020098 -99 -99 -99 -99
-99 3.10422773689143 -99 -99 -99 -99 -99 -99 -99 -99
-99 -99 -99 -99 -99 -99 -99 -99 -99 -99
-99 -99 -99 -99 -99 -99 -99 -99 -99 -99
-99 -99 -99 -99 -99 0.619448088417098 -99 -99 -99 -99
-99 -99 -99 -99 -99 -99 -99 -99 -99 -1.16695799745833
-99 -99 -99 -99 -99 -99 -99 4.75392863829808 -99 -99
-99 -99 -99 -99 -99 -99 -99 -99 -99 -99
-99 -99 -99 -99 -0.0773184963206663 -99 -99 -99 -99 -99
-99 -99 -99 -99 -99 -99 -99 -99 -99 -99
-99 -99 -99 -99 -99 -99 -99 -99 -99 -99
-99 -99 -99 -99 -99 -99 -99 -99 -99 -99
-99 -99 -99 -99 2.39867280195058 -99 -99 -99 -99 1.40191640623943
-99 -99 -99 -99 -99 -99 -99 -99 -99 0.0649536065023752
-99 -99 -99 -99 3.30178644094354 -99 -99 1.50469442989116 -99 -99
-99 -99 -99 0.888792711485893 -99 -99 -99 -99 -99 -99
-99 -99 -99 -99 0.752944799877703 -99 -99 -99 -99 -99
1.37886085509535 -99 -99 -99 -99 -99 -99 -99 -99 -99
0.544130150741648 -99 -99 -99 -99 -99 -99 -99 -99 -99
-99 -99 -99 -99 1.46070540784944 2.85266634791161 -99 -99 1.8491593690989 -99
-0.204801821663295 -99 -99 -0.0525591608679044 -99 -99 -99 -99 -99 -99
3.20043738627353 -99 -99 1.44585134197443 -99 -99 2.96920720778048 -99 -99 -99
-99 -99 -99 -99 -99 -99 -99 -99 -99 -99
-0.275436441446469 -99 -99 -99 -99 -99 -99 1.60261182534107 -99 -99
-99 -99 -99 -99 -99 -99 2.40452954880999 -99 -99 2.17234831553409
3.23982231358508 -99 -99 -99 -99 -99 -99 -99 -99 -99
-99 -99 -99 -99 -99 -99 -99 -99 -99 -99
-99 -99 -99 -99 -99 -0.00718133892454542 -99 -1.61702291025336 -99 -99
-99 -99 -99 -99 -99 -99 -99 -99 -99 -99
-99 -99 -99 -0.44014024553879 -99 -0.00408571165183025 -99 -99 -99 -99
-99 -99 1.72241234398249 -99 -99 -99 -99 -99 -99 -99
-99 -99 2.10666684517151 -99 -99 -99 -99 -99 -99 -99
-99 -99 -99 -99 -99 -99 -99 -99 -0.317061934998579 -99
-99 -99 -99 -99 -99 -99 -99 -99 -99 -99
-99 -99 -99 -99 -0.514722928709447 -99 -99 -99 -99 -99
-99 0.815028639189369 -99 -99 -99 -99 -0.752717440119352 -99 -0.865704974839162 -1.67756786138098
-99 -99 -99 -99 -99 -99 -99 -99 -99 -99
-99 -99 -99 -99 -99 -99 -99 -99 -99 -99
-99 -99 -99 -99 1.11391062183149 -99 -99 -99 -99 -99
-99 -99 -99 -99 -99 3.19360976379402 -99 1.51812184001724 -99 -99
-99 -99 -99 -99 -99 -99 -99 -99 -99 3.27349500758505
-99 -99 -99 -99 -99 -99 -99 -99 -99 -99
-99 -99 -99 -99 -99 -99 -99 -99 0.164375533006704 -99
-99 -99 -99 -99 -99 -99 -99 -99 -99 -99
-99 -99 1.8703731134853 -99 -99 -99 -99 -99 -99 -99
-99 -99 -99 -99 -99 -99 -99 0.404388265008101 -99 -99
0.782907879293608 -99 -99 -99 -99 -99 -99 -99 -99 -99
-99 -99 -99 -99 -99 -99 -99 -99 -99 -0.134861218144678
-99 -99 -99 -99 -99 -99 -99 -99 -99 -99
-99 -99 -99 -99 -99 -99 -99 -99 -99 -99
-99 -99 2.67769444772426 1.08669575690903 -99 -99 -99 3.83033097105551 -99 -99
-99 -99 -99 -99 -99 -99 -99 -99 0.550574477091495 -99
-99 -99 -99 -99 -99 2.20851444861842 2.33516247458065 -99 -99 -99
-99 1.72304756727189 -99 -99 -99 -99 -99 -99 -99 -99
-99 -99 -99 -2.10436321388053 -99 -99 -99 -99 -99 -99
-99 -1.38392429721424 -99 -99 -99 -99 -99 -99 -99 -99
-99 -99 -99 1.98238706310924 -99 -99 -99 -99 -99 -99
-99 -99 -99 0.581852482678293 -99 -99 0.367119511365026 -99 -99 -99
-99 -99 -99 -99 -99 -99 -99 -99 -99 1.68772897118482
-99 -99 -99 -99 -99 -99 -99 -99 -99 -99
-99 -99 -99 -99 -99 -99 -99 -99 -99 -99
0.857199935569117 -99 -99 -99 -99 -99 -99 -99 -99 -99
-99 -99 -99 -99 -99 -99 -99 -99 -99 0.0243838937501499
-99 -99 -99 -99 -99 -99 -99 -99 -99 -99
-99 -99 -99 -99 -99 -99 -0.861009229337898 -99 -0.445078977048537 -0.455175082532931
-99 -99 -99 -99 -99 -99 -99 -99 2.62995274977065 -99
-99 -99 -99 -99 0.793456242876267 -99 -99 -99 -99 -99
-0.540933702023102 -99 -99 -99 -99 -99 -99 -99 -99 -99
-99 -99 1.26919085615121 -99 -99 -99 -99 -99 -99 -99
2.13537146079866 -99 -99 0.0645271607128619 -99 -99 -99 -99 2.66161361607495 -99
-99 -99 0.800739287884126 -99 1.27062134750751 -99 -99 -99 -99 -99
1.66569932447902 -99 -99 -99 -99 -99 -99 2.6126678841117 -99 -99
2.20414512380976 -99 -99 -99 -99 -99 -99 -99 -99 -99
-99 -1.06262720212099 -99 -99 -99 -99 -99 -99 -99 -99
-99 -99 -99 -99 -99 -99 1.2269451838276 -99 -99 -99
-99 -99 -99 -99 -99 0.561504717151496 -99 -99 1.73248392469575 -99
-99 -99 -99 -99 -99 -99 -99 -99 -99 -99
-99 -1.60688071875958 -99 -99 -99 -99 -99 -99 -99 -99
-99 -99 -99 -99 -99 3.82380009372101 -99 -99 3.73239673638371 -99
-99 -99 -99 -99 -99 -99 -99 -99 -99 -99
-99 -99 -99 -99 -99 -99 1.9079232207249 -99 -99 -99
3.41847328910499 2.4147085777924 -99 -99 -99 -99 -99 -99 -99 -99
-99 -99 -99 -99 -99 -99 -99 -99 -99 -99
-99 -99 -99 -99 -99 -99 -99 -99 -99 -99
-99 -99 -99 -99 -99 -99 -99 -99 -99 -99
-99 -99 -99 -99 -99 -99 -99 -99 -99 -99
-99 -99 -99 -99 -99 2.25679575962113 -99 -99 -99 -99
-99 -99 -99 -99 -99 -99 -99 -99 -99 -99
-99 -99 -99 -99 -99 -99 -99 -99 0.965421481484532 -99
-99 -99 -99 -99 -99 -99 -99 -99 -99 -99
-99 -99 -99 -99 -99 -99 -99 -99 1.74235503644104 -99
-99 3.16446551777544 -99 -99 -99 -99 -99 -99 -99 -99
-99 -99 -99 -99 -0.400619689063771 -99 -99 -99 -99 -99
-99 -99 -99 -99 -99 -99 3.15415986986988 -99 -99 -99
-99 -99 -99 -99 -99 -99 -99 3.13117349846288 -99 -99
-99 -99 -99 0.564559889813107 -99 -99 -99 -99 -99 1.62865524235569
-99 -99 -99 -99 -99 -99 -99 1.81992263007355 -99 -99
-99 -99 -99 -99 -99 -99 1.61309734653327 -99 -99 -99
-99 -99 -99 -99 -99 -99 -99 -99 -99 -99
-99 -99 -99 -99 -99 -99 -99 0.499420272059179 -99 -99
-99 -99 -99 -99 -99 -99 -99 -99 -99 -99
1.7174345852032 -99 -99 -99 -99 -99 -99 -99 -99 -99
-99 -99 -99 -99 -99 -99 -99 -99 -99 -99
-99 -99 1.35533332167989 -99 -99 -0.165673020774513 -99 -99 -99 -99
-99 -2.26094412483827 -99 -1.02147505365868 -2.57613866668656 -99 -99 -99 -99 -99
-99 -99 -99 2.33384185743044 -99 2.71754034187159 -99 -99 -99 -99
-99 -99 3.33846332601217 3.41150093578074 -99 -99 2.55642833110389 -99 -99 -99
-99 -99 -99 -99 -99 -99 -99 -99 -99 -99
-99 -99 -99 -99 -99 -99 -99 -1.87663066766392 -0.714832701471539 -99
-99 -99 -99 -99 0.337496979928847 -99 -99 -99 -99 -99
-99 -99 -99 -99 -99 0.861831241570779 -99 -99 -99 -99
2.08439192576366 -99 -99 -99 -99 -99 -99 1.34301947691067 -99 -99
-2.92504078600694 -99 -99 -99 -99 -99 -99 -99 -0.288664746355511 -99
1.22602560013323 -99 -99 0.951797789423008 -99 -99 -99 0.286289695855834 -99 -99
-99 -99 -99 -99 -99 -99 -99 2.03856145838748 -99 -99
-99 -99 -99 -99 -99 -99 -99 -99 -99 -99
-99 0.574432364386489 -99 -99 -99 -99 -99 -99 -99 0.656985357364943
-99 -99 -99 -99 -99 -99 -99 2.32916317069244 1.80216626593217 -99
-99 -99 -99 -99 -99 -99 -99 2.65349920775971 1.98292127871857 1.19628118289809
-99 -99 -99 -99 -99 -99 -99 -99 -99 -99
-99 -99 -99 -99 -99 0.812814720082278 -99 -99 -99 -99
-99 -99 -99 -99 -99 -0.778029512491976 -99 -99 -99 -99
-99 -99 1.97818223236145 -99 -99 -99 -99 -99 -99 -99
-99 -99 -99 -99 2.18298341351409 -99 -99 -99 -99 -99
-99 -99 -99 -99 2.16868404379722 -99 -99 -99 -0.960555189951646 -99
-99 -99 -99 0.830060100080645 -99 -99 -99 -99 -99 -99
-99 -99 -99 1.38908441937504 -99 -0.740821054734861 -99 -99 -99 -99
-99 -99 -99 -99 -99 -99 -99 -99 2.21419796714836 -99
-99 -99 -99 -99 -99 -99 -99 -99 -99 -99
-99 -99 1.02355840397764 -99 -99 -99 -99 -99 -99 -99
-99 -99 -99 -99 -99 -99 -99 -99 -99 -99
-99 1.41010526732621 0.913607575462827 -99 -99 -99 -99 -99 -99 -99
-99 -99 1.42147494988071 -99 -99 -99 -99 -99 -99 -99
-99 -99 -99 -99 -99 -99 1.57123442547311 -99 -99 -99
0.539362722011927 -99 -99 -99 -99 -99 1.6833237059162 -99 -99 -99
-99 -99 0.280533621032038 -99 -99 -99 0.413969373454031 -99 -99 -99
-99 -99 -99 -99 -99 -99 -99 -99 -99 -99
-2.52668961520983 -99 -99 -99 -99 -99 -99 -99 -99 -99
-99 -99 -0.735613626220644 -99 -99 -99 -99 -99 -99 -99
-99 -99 -99 -99 -99 -99 0.0806891621733474 -99 -99 -99
-99 -99 -99 -99 -99 -99 -99 -99 -99 -99
-99 -99 -99 0.298200903433151 -99 -99 -99 -99 -99 -99
-99 -99 -99 -99 -99 2.56589914606411 -99 -99 -99 -99
-99 -99 -99 -99 -99 -99 -99 -99 -99 -99
-99 -99 -99 -99 -99 -99 -99 -99 -99 -99
-99 -99 -99 -99 -99 -99 -99 -99 -99 -99
-99 -99 -99 -99 -99 -99 1.62365031840812 -99 -99 -99
-99 -99 -99 -99 -1.40298081687725 -99 -99 -99 -99 -99
-99 -99 -99 -99 -99 -99 -99 -99 -99 -99
-99 -99 -99 -99 -99 1.62585505916069 -99 -99 -0.131814415503189 -99
0.266448842094827 -99 -99 -99 -99 -0.428972029725086 -99 -99 -99 -99
-99 -99 -99 -99 1.4186475564896 -99 -99 -99 -99 0.232483679027012
1.91153881123473 2.7503553267063 -99 -99 -99 -99 -99 -99 -99 -99
-99 -0.51360418721255 -99 -99 -99 -99 -99 -99 -99 -99
-99 -99 -99 -99 -99 -99 -99 -99 -99 -99
-99 -99 -99 -99 -99 -99 -99 -99 -99 -99
-99 -99 -99 -99 -99 -99 -99 -99 -99 -99
-99 -99 -99 -99 -99 -99 -99 -99 -99 -99
-99 -99 -99 -99 -99 -99 -99 -99 -99 -99
-99 -99 -99 -99 -99 -99 -99 -99 -99 -99
-99 -99 -99 -99 -99 -1.47670642761704 -99 -99 -99 -99
-99 -99 -99 0.964989658081493 -0.139691211207758 -99 -99 -99 -99 -99
-99 -99 -99 -99 -99 -99 -99 -99 -99 -99
-99 -99 -99 -99 -99 1.37267942030124 -99 -99 -99 -99
-99 -99 -99 -99 -99 -99 -99 -99 -99 -99
-99 -99 -99 0.494910504551562 -99 0.415058597497578 -99 -99 -99 -99
-99 -99 0.582444192545636 -99 -99 -99 -99 -99 -99 -99
-99 -99 -99 -99 -0.772994433558851 -99 1.48706044310262 -99 -99 -99
-99 -99 -99 -99 -99 -99 -99 -99 -99 -99
-99 -99 -99 -99 -99 -99 -99 0.539687424269401 -99 -99
-99 -99 -99 -99 -99 -99 -99 -99 -99 -99
-99 -99 -99 -99 -99 -99 -99 -99 -99 -99
-99 -99 0.653102205281357 -99 -99 -99 -99 -99 -99 -99
-99 -99 -99 -99 0.830036896782369 0.812580503620358 -99 -99 -99 -99
-99 -99 -99 -99 -99 -99 -99 -0.488625250631387 -99 -99
-99 -99 -99 -1.61860572148 -0.12219698167926 -99 -99 -99 -99 -99
1.8451542411185 -99 -99 -99 -99 -99 -99 -99 2.68182208668426 -99
1.04820307087337 -99 -99 -99 -99 -99 -99 -99 -99 -99
-99 -99 0.591891209477312 -99 -99 -99 -99 -99 -99 -99
-99 -99 -99 -99 -99 -99 -99 -99 1.23568050359084 -99
-99 -99 -99 -99 -99 -99 -99 -99 -99 -99
-99 -99 -99 -99 -99 2.12009099280216 -99 -99 -99 -99
-99 -99 -99 -99 -99 -99 1.84826206396927 -99 -99 -99
-99 -99 -99 -99 -99 -99 -99 -99 -99 -99
-99 -99 -99 -99 -99 -99 -99 -99 -99 -99
-99 -99 -99 -99 -99 -99 -99 -99 -99 -99
-99 -99 -99 0.550181316249509 -99 -99 -99 -99 1.77348410071584 -99
-99 -99 -99 -99 -99 -99 -99 -99 -99 -99
-99 -99 -99 -99 -99 2.78754894596074 -99 -99 -99 -99
-99 3.04407336328037 -99 -99 -99 -99 -99 -99 -99 -99
-99 -99 -99 -99 -99 -99 -99 -99 -99 -99
-99 -99 -99 -99 -99 -99 -99 -99 -99 -99
-99 -99 -99 -99 2.73381145994867 -99 -99 -99 -99 -99
-99 -99 -99 -99 -99 0.485014725674188 -99 -99 -99 -99
-99 -99 -99 -99 -99 -99 -99 -99 -99 -99
-99 -99 -99 -99 -99 -99 -99 1.43355726314158 -0.158068096218157 -99
-99 -99 -1.13920995120834 -99 -99 -99 -99 -99 -99 -99
-99 -99 -99 -99 -99 -99 -99 4.41124831213789 -99 -99
-99 -0.423131571103251 -99 -99 -99 -99 -99 -99 -99 -0.607130426371738
-99 -99 -99 -99 -99 -99 -99 0.437652709946004 -99 -99
-99 -99 -99 -99 -99 -0.260851044128091 -99 -99 -99 -99
-0.644517783773461 -99 -99 -99 -99 -99 -99 -99 -99 -99
-0.478081746934584 -99 -99 -99 0.968978753120265 -99 -99 -99 -99 -99
-99 -99 -99 -99 -99 -99 -99 -99 -99 -99
-99 -99 -99 -99 -99 -99 -99 -99 -99 -99
-0.62297846179425 -99 -99 -99 -99 -99 -99 -99 -99 -99
-99 -99 -99 -99 -99 0.685824052569156 -99 -0.769211094227081 -0.114675819426441 -99
-99 -99 -99 -99 -99 -99 -99 -99 -99 -99
-99 -99 -99 -99 -99 -99 -99 0.353853238531623 -99 -99
-99 -99 -99 -99 -99 -99 -99 -99 -99 -99
-2.08439974755356 -99 -99 -99 -99 -99 -99 -99 -99 -99
-99 -99 -99 2.64639770316083 -99 -99 -99 -99 -99 -99
-99 -99 -99 0.566183307762352 -99 2.61039425651852 -99 -99 -99 0.1420400441774
-99 -99 0.660460619183225 -0.565924415362931 -99 -99 -99 -1.20529824423129 -99 -99
-99 -99 -99 -99 -99 -99 -99 -99 -99 -99
-99 2.74220625354975 -99 2.82483260958749 -99 -99 -99 -99 2.94917861006298 -99
-99 -99 -99 -0.461239048071258 -99 -99 -99 -99 -99 -99
-99 -99 4.702721669343 -99 -99 -99 -99 -99 -99 -99
-99 0.611187866300663 -99 -99 -99 -99 -99 -99 -99 -99
-99 -99 -99 -99 -99 -99 -99 -99 -99 -99
-99 -99 -99 -99 -99 -99 -99 -99 -99 -99
0.803641893330886 -99 0.390006981148126 -99 -99 -99 -0.0432895307307151 -99 -99 -99
-99 -99 2.89849859299429 -99 -99 -99 -99 -99 -99 -99
-99 -99 -99 -99 0.684097428506196 -99 -99 -99 -99 -1.33923878985574
-99 -99 -99 -99 -99 -99 -99 -99 -99 -99
-99 2.28853981109348 -99 1.03006730231065 -99 -99 -99 -99 -99 -99
2.54573431832302 -99 -99 2.23155148564114 -99 -99 -99 1.12783938896848 -99 -99
-99 -99 -99 -99 -99 -99 -99 -99 -99 -99
-99 -99 -99 -99 -99 -99 2.35573658677382 -99 -99 -99
2.14310598218691 1.57827747960594 -99 1.7877789586701 -99 -99 -99 -99 -99 -99
-99 -99 -99 1.2433252541077 -99 -99 -99 -99 -99 -99
-99 -99 -1.35325962636441 2.25563901533651 -99 -99 -99 1.9344700841305 -99 -99
-99 -99 -99 -99 -99 -99 -99 -99 1.30423574460019 -99
-1.54536206237275 -99 -99 -99 -99 -99 -99 -99 -99 -99
-99 -99 -99 -99 -99 -99 -99 -99 -99 -99
-99 -99 -99 -99 -99 -99 -99 -99 1.39463701276665 -99
-99 -99 -99 -99 -99 -99 0.337967768478428 -99 -99 -0.550978210542472
-99 -99 -99 -99 -99 -99 -99 -99 -99 -99
-99 -99 -99 -99 -99 -99 -99 -99 -99 -99
-99 -99 -99 -2.00630072628152 -99 -99 -99 -99 -99 -99
-99 -99 -99 -99 2.09334096220798 -99 0.576448407675259 0.772205969553877 1.19052170832802 -99
3.36497910935282 -99 -99 -99 -99 -99 -99 -99 -99 -99
-99 -99 -99 -99 -99 -99 -99 -99 -99 -99
-99 -99 -99 -99 1.54881542876505 -99 -99 -99 -99 -99
-99 -99 -99 0.484249952304166 -99 -99 -99 -99 0.0199770458118387 -99
-99 1.81036212463937 -99 -99 -99 -99 -99 -99 -99 1.05552107382293
1.17204014179018 -99 -99 -99 1.3191800564884 -99 -99 -99 -99 -99
-99 -99 0.686338419130809 -99 -99 -99 -99 -99 -99 -99
-99 -99 -99 -99 -99 -99 -99 -99 -99 -0.984672576092752
-99 -99 -99 -99 -99 -99 -99 -99 1.0174126400438 -99
-99 -99 -99 -99 -99 -99 -99 -99 -99 -0.454935812716812
-99 -99 -99 -99 -99 -99 -99 -99 0.00501793838025666 -99
-99 -99 -99 -1.47423232401833 -99 -99 -99 -99 -99 -99
-99 -99 -99 -99 -99 -99 -99 -99 -99 -99
-99 -99 -99 -99 1.26908063765346 -99 -99 -99 -99 -99
-99 -99 -99 -99 -99 -99 -99 -99 -99 -99
-99 -99 -99 -99 -99 -99 -99 -99 1.07968224095866 -99
-99 -99 -99 -99 -99 -99 -99 1.0516435253897 -99 -99
-99 -99 -99 -99 -99 1.8827242648513 -99 -99 -99 3.43729094109274
-99 -99 0.528295379948158 -99 -99 -99 -99 -99 -99 1.08991527982466
-99 -99 0.891704431319911 -99 -99 -99 -99 -99 -99 -99
-99 -99 -99 -99 -99 -99 2.82024193045424 -99 4.13822815731885 -99
-99 -99 -99 0.284661094651105 -99 -0.223515770438236 -99 -99 -99 -99
-99 -99 -99 -99 -99 -99 1.00263980544778 -99 -99 -99
-99 -99 -99 2.80533852471453 -99 0.156777133893853 -99 -99 -99 -99
-99 -99 -99 -99 -0.683769980975264 -99 -99 -99 -99 -99
-99 -99 -99 -99 3.26576221707415 -99 -99 -99 -99 -99
-99 -99 -99 -99 -99 -99 -99 -99 -99 -99
-99 -99 1.58769105893004 -99 -99 -99 -99 -99 -99 -99
-99 -99 -99 -99 -99 -99 -99 -99 -99 -99
-99 -99 -99 -99 -99 0.0721540555141537 -99 -99 -99 -99
-99 -99 -99 -99 -99 -99 -99 -99 -99 -99
-99 -99 -99 -99 -99 -99 -99 -99 -99 1.9917745567686
-99 -99 -99 -99 -99 -99 -99 -99 -99 -1.52555304170658
-99 -99 -99 -99 -99 -99 -99 -99 -99 -99
-99 -99 -99 -99 -99 -99 -99 -99 -99 -99
-99 -99 -99 -99 -99 -99 -99 -99 1.3614184500731 -99
-99 -99 -99 -99 -99 -99 -99 -99 -99 1.8549037753638
-99 -99 -99 3.65163461818088 -99 -99 -99 -99 -99 -99
0.0804840682349262 -99 1.55977623223039 -99 -99 -99 -99 -99 -99 -99
-99 -99 1.16181489780435 -99 -99 -99 -99 2.26187025274146 -99 -99
-99 -99 -99 -99 -99 -99 -99 -99 -99 -99
-99 -99 1.17730148193101 -99 -99 -99 -99 -99 -99 -99
-99 -99 -99 -99 -99 -99 -99 -99 -99 -99
-99 -99 -99 -99 -99 -99 -99 -99 -99 -99
-99 -99 -99 -99 -99 -99 1.66215052151481 -99 -99 -99
-99 -99 -99 1.86624254065151 1.70333408918351 -99 -99 -99 -99 -99
-99 -99 2.43505965206536 -99 -99 -99 -99 -99 2.61136874183193 2.5190700908396
-99 -99 -99 -99 -0.262526323299597 -99 -99 -99 -99 -99
-99 -99 -99 -99 -99 -99 -99 -99 -99 -99
2.96363388691381 -99 -99 -99 -99 -99 -99 -99 -99 1.55446149980439
-99 -99 -99 -99 -99 -99 -99 -99 -99 -99
-99 -99 -99 -99 -99 -99 -99 -99 -99 -99
-99 -99 -99 -99 -99 -99 -99 -99 -99 -99
-99 -99 -99 -99 -99 -99 -99 -99 -99 -99
3.18314679184465 3.15515913185301 -99 -99 -99 -99 -99 -99 -99 -99
-99 -99 -99 -99 -99 -99 -99 -99 -99 -99
-99 -99 -99 -1.26101517059969 -99 -99 -0.850279992213977 -99 -1.1494018733888 -99
-99 -0.110642305751337 -99 -99 -99 -99 -99 -99 -99 -99
-99 -1.71879854729465 -99 -1.26701483757826 -0.602768368658838 -99 -99 -99 -99 -99
0.806741864718325 -99 1.2242688185012 -99 1.45560161730539 -0.567336976372281 -99 -99 -99 -99
-99 -99 -99 -99 -99 -99 -99 -99 -99 -99
-99 -99 0.810430414283571 -99 -99 -99 -99 -99 -99 -99
-99 -99 -99 -99 -99 -0.427080811108961 -99 -99 -2.77073329076007 -99
-99 -99 -99 -99 -99 -99 -99 -99 -99 -2.00110511302752
-99 -99 -99 -99 1.18842970941929 -99 -99 -99 -99 -99
-99 0.271335682682611 -99 -99 -99 -99 -99 -99 -1.18664984741883 -99
-99 -99 1.38085826810883 -99 -99 -99 -99 -99 -99 -99
-99 1.74456802783191 -99 -99 -99 -99 -99 -99 -99 -99
-99 -99 -99 -99 -99 -99 -99 -99 -99 -99
-99 -99 -99 -99 -99 -99 -99 -99 -99 -99
-99 -99 -99 -99 -99 -99 -99 -99 0.457808999633176 -99
1.05292457240829 -99 -99 -99 0.60139938117951 -99 -99 -99 -99 -99
-99 -99 -99 -99 -99 -99 -99 -99 -99 -99
-99 -99 -99 -99 -99 -99 -99 -0.0444212307483574 -99 -99
-99 -99 -99 -99 -99 -99 -99 -99 -99 -0.364953739697934
-99 -99 -99 -99 -99 -99 -99 -99 -99 -99
-99 -99 -99 -99 -99 -99 -99 -99 -99 -99
-99 -99 -99 0.787919423895302 -99 -99 -99 -99 -99 -99
-99 -99 -99 -99 -99 2.41186263958349 -99 -99 -99 -99
-99 -99 -99 -99 -99 -99 -99 -99 -99 -99
-99 -99 -99 -99 1.18932108063403 -99 -99 -99 -99 -99
-99 -99 -99 -99 -99 -99 -99 -99 0.597364364175442 -99
-99 2.72294962910007 1.6939493448209 -99 -99 -99 0.727932260984635 -99 -99 -99
-99 -99 2.05846454682186 -99 -99 -99 -99 -99 -99 0.784356696991333
-99 -99 -99 -99 -99 1.39363275674072 -99 -99 -99 -99
-99 -99 0.60021474770336 -99 -99 -99 -99 -99 -99 -99
-99 -99 -99 -99 -99 -99 -99 3.56225877312387 -99 -99
-99 3.10805337223535 -99 1.92843546993861 -99 -99 -99 -99 -99 2.94910741088015
-99 -99 -99 -99 -99 -99 -99 -99 -99 -99
-99 0.594496274363816 -99 -99 -99 -99 -99 -99 -99 -99
-99 -99 -99 -99 -99 -99 -99 -99 -99 -99
-99 -99 -99 -99 -99 -99 -99 -99 -99 -99
-99 -99 -99 -99 -99 -99 -99 -99 -99 -99
-99 -99 -99 -99 -99 -99 3.05290157977252 -99 -99 -99
-99 -99 -99 -99 -99 -99 -99 -99 -99 -99
-99 -99 2.91376025635777 -99 -99 1.9465984141328 -99 -99 -99 -99
-99 -99 -99 -99 -99 -99 -99 -99 0.127747361216641 -0.609464445956377
-99 -99 -99 -0.0322895603320099 -99 -99 -99 -99 0.537665067435275 -99
-99 -99 -99 -99 -99 -99 -99 -99 -99 -99
-99 -99 -99 -99 4.03219875324499 -99 -99 -99 -99 -99
-99 -99 -99 -99 -99 -99 -99 -99 -99 -99
-99 -99 -1.07908931157424 -99 -99 -99 -99 -99 -99 -99
-99 -99 -99 -99 -99 -99 0.304127988745827 -99 -99 -99
-99 -99 -99 -99 -99 1.04415415809415 -99 -99 -99 -99
-99 -99 -99 -99 -0.252749583854402 -99 -99 -99 -99 -99
-99 -99 -99 -99 -99 -99 -99 -99 -99 -99
2.28501705000412 -99 -99 -99 -99 -99 -99 -99 -99 -99
-99 1.80815470413844 -99 -99 -99 2.63539399578305 -99 -99 -99 -99
-99 -99 -99 -99 -99 -99 -99 -99 -99 0.311520155771655
0.241166546022022 -99 -99 -99 -99 -99 -99 -99 -99 -99
-0.419960568308027 -99 -99 -99 -1.62757567453327 -99 -99 -99 -99 -99
-99 -99 -99 -99 -99 -99 -99 -99 -99 -99
-99 0.477029816595504 -99 -99 -99 -99 -99 1.35783214793841 -99 -99
-99 -99 -99 -99 -99 -99 -99 -99 -99 -99
-99 -99 -99 -99 -99 -99 -99 -99 -99 -99
-99 -99 -99 -99 -99 -99 -99 -99 -99 -99
-99 -99 1.91046873021235 -99 -99 1.89927158939772 -99 -99 -99 -99
-99 -99 -99 -99 -99 -99 -99 -99 -99 -99
-99 -99 -99 -99 -99 -99 -99 -99 -99 -99
-99 -99 -99 -99 -99 -99 -99 -99 -99 -99
-99 -99 -99 -99 -99 -99 -99 -99 -99 -99
-99 -99 -99 -99 -99 -99 -99 -99 1.56721128126237 3.11187009131314
-99 -99 -99 -99 -99 -99 -99 -99 -99 -99
-99 -99 -99 -99 -99 -99 -99 -99 -99 -99
-99 -99 -99 -99 -99 -99 -99 -99 2.47966707069069 -99
-99 -99 -99 -99 -99 -99 -99 -99 -99 -99
1.87107380342569 -99 -99 0.330025820471577 -99 -99 -99 -99 -99 -99
-99 -99 -99 -99 -99 -99 -99 -99 -99 -1.16074158419384
-99 -99 -99 -99 -99 -99 1.67143963845672 -99 -99 -99
-99 -99 -99 2.62203340277698 -99 -99 -99 -99 -99 -99
-99 -99 -99 -99 -99 -99 -99 -99 -99 -99
-99 -99 -99 -99 -99 -99 -99 -99 2.09522672889531 -99
-99 -99 -99 -99 -99 -99 -99 -99 2.13449656666899 -99
-99 -99 -99 -99 -99 -99 -99 -99 0.597126313711859 -99
-99 -0.0270540230050391 1.8325019389868 -99 -99 -99 -99 -99 -99 -99
-99 1.49979522368257 -99 0.740299748271241 -99 -99 -99 -99 0.61700488920148 -99
-99 1.35681983485391 -99 -99 -99 -99 1.30432230136321 -99 -99 -99
-99 1.28372732382786 -99 -99 -99 -99 -99 -99 -99 -99
-99 -99 -99 -99 -99 -99 -99 -99 -99 -99
-99 0.617855930960986 -99 -99 1.49796267339937 -99 -99 -99 -99 -99
-99 -99 -99 -99 -99 -99 1.17152055001075 -99 -99 -99
-99 -99 -99 -99 -99 2.412132127302 -99 -99 -99 -99
-99 -99 -99 -99 -99 -99 -99 -99 -99 -0.884253333548971
-99 -99 -99 -99 -99 -99 -99 -99 -99 -99
-99 -99 -0.875106156505721 -99 -99 -99 -99 0.429001387787691 -99 -99
-99 -99 -99 -99 2.43536853984022 -99 -99 -99 -99 -99
3.03962928611869 -99 -99 -99 2.14473055028295 -99 -99 -99 -99 -99
-99 -99 -99 -99 0.169962983701848 -99 -99 -99 -99 -99
-99 -99 -99 -99 -99 -99 -99 -99 -99 -99
-99 -99 -99 -99 -99 1.11897142214612 -99 -99 1.25481284690905 -99
-99 -99 -99 -99 -99 -99 -99 -99 -99 -99
-99 -99 -99 -99 -99 -99 -99 -99 -99 -99
-99 -99 0.16882656330142 -99 -99 -99 -99 -99 -99 -99
-99 -99 1.05811211641346 -99 -99 1.50593418096274 -99 0.362565583230353 -99 -99
-99 -99 0.590451528802634 -99 -99 -99 -99 -99 -99 -99
-99 -99 0.230929113430856 -99 -99 1.8938577777002 -99 -99 -99 -99
-99 -99 -99 -99 -99 -99 -99 -99 -99 -99
1.15487734352702 1.58424179363098 -99 -99 -99 -99 -99 -99 -0.751245138460076 -99
-99 -99 -99 -99 -99 -99 -99 -99 -99 -99
-99 -99 -99 -99 -99 -99 -99 -99 -99 -99
-99 -99 -99 -99 -99 2.17715905947702 -99 -99 -99 -99
-99 -99 -99 -99 -99 -99 -99 -99 -99 1.08719032574387
-99 -99 -99 1.09315079955233 -99 -99 -99 -99 -99 -99
-99 -99 1.23915065293974 -99 -99 -99 -99 -99 -99 -99
-99 -99 -99 -99 -99 -99 -99 -0.0683050853254878 -99 -99
-99 -99 -99 -99 -99 -99 3.04192777756475 -99 -99 -99
3.3615804800323 -99 -99 -99 -99 -99 -99 -99 -99 -99
-99 -99 -99 -99 -99 -99 -99 -99 -99 -99
-99 -99 -99 -99 -99 -99 -99 -99 -99 -99
-99 -99 -99 -99 -99 -99 -99 -99 -99 -99
-99 -99 -99 -99 -99 -99 -99 -99 -99 1.98069007798679
-99 -1.7857332870381 -99 -99 -99 -99 -99 -99 -99 -0.301211550780688
-99 -99 -99 -99 -99 -99 -99 -99 -99 -99
-99 -99 -99 -99 -99 -99 -99 -99 -99 -99
-99 -99 -99 -99 -99 -99 -99 -99 0.934306461894781 -99
-99 -99 -99 -99 -99 -99 -99 -99 -99 -99
-99 3.05918171225572 -99 -99 -99 -99 -99 -99 -0.742385578262859 2.55782384557528
-99 -99 -99 -99 -99 -99 -99 -99 -99 -99
1.82356340156319 2.83413432055932 -99 3.63189347381422 -99 -99 -99 -99 -99 -99
-99 -99 -99 -99 -99 -99 -99 -99 -99 -99
-99 -99 -99 -99 -99 -99 -99 -99 -99 -99
-99 -99 -99 -99 -99 -99 -99 -99 -99 -99
-99 -99 -99 -99 -99 -99 -99 -99 -99 -99
1.29040536967401 -99 -99 -99 -99 -99 -99 -99 -99 0.643327515012616
-99 -99 -99 -99 -99 -99 -99 -0.269785817984991 -99 2.01861003143387
-99 -99 -99 -99 -99 -99 -99 -99 -99 -99
-99 -99 -99 -99 -99 -99 -99 -99 -99 1.96859558821594
-99 0.142472569837691 -99 -99 -99 -99 -99 -99 -99 -99
-99 1.50088132074475 -99 -99 -99 -99 -99 -99 -99 -99
-99 -99 -99 -99 -99 -99 -99 -99 -0.693746483763219 -99
-99 -99 -99 -99 1.58530842074396 -99 -99 -99 -99 -99
-99 -99 2.62094460991897 -99 -99 -99 -99 -99 -0.116582178579565 -99
-99 -99 -99 -99 -99 -99 -99 -99 -99 -99
-99 -99 -99 -99 -99 -99 -99 -99 -99 -99
-99 -99 2.87023874276791 -99 -99 1.75903000441405 -99 -99 -99 -99
-99 -99 -99 -99 -99 -99 -99 -99 -99 -99
-99 -99 -99 -99 -99 -2.50663866095615 -99 -99 -99 -99
-99 -99 -99 0.982757850585158 -99 -99 -99 -99 -99 1.02543465954202
-99 -99 -99 -99 -99 -99 -99 -99 -99 -99
0.324295552263813 -99 -0.253506742716525 -99 -99 -99 -99 -0.704952110681078 -99 -99
-99 1.95067594122408 -99 -99 -99 -99 -99 -99 -99 -99
-99 -99 -99 -99 -99 -99 -99 -99 -99 -99
-99 -99 -99 -99 -99 -99 -99 -99 -99 -99
-99 -99 -99 -99 -99 -99 -99 -99 -99 -99
-99 -99 -99 -99 -99 -0.613430468343512 -99 -99 -99 -99
-99 -99 -99 1.92177893529247 -99 -99 -99 -99 -99 -99
0.966631732345494 -99 -99 -99 -99 -99 -99 -1.69565377482761 -99 -99
-99 -99 -99 -99 -99 -99 -99 -99 -99 -99
-99 -99 -99 -99 1.45797892144044 -99 -99 -99 -99 -99
-99 -99 -99 1.63070250699787 -99 -99 -99 -99 0.898537470166157 -99
-99 -99 -99 -99 -99 -99 -99 1.0636617717868 -99 -99
-99 -99 -0.677968479763749 -99 -99 -99 -99 -99 -99 -99
-99 -99 -99 -99 -99 -99 -99 -99 -99 -99
-99 -99 1.03305790061036 -99 -99 -99 -99 -99 -99 -99
-99 -99 -99 -99 -99 -99 -1.45445059611311 -99 -99 -99
-99 -99 1.40459017377968 -99 1.44817592802803 -99 -99 -99 -99 -99
-99 -99 -99 -99 0.233469994850526 -99 -99 -99 -99 -0.455384597101014
-99 -99 -99 -99 -99 -99 -99 -99 1.59943086792754 -99
-99 -99 -99 -99 -1.06170504702071 -99 -99 -99 -99 -99
-99 -99 -99 -99 -99 -99 -99 -99 -99 -99
-99 -99 -99 -99 -99 -0.769842203976553 -99 -99 -99 1.04180008925634
-99 -99 -99 -99 -99 -99 -99 -99 -99 -99
-99 -99 1.9934741274826 -0.314552602472095 -99 -99 -99 -99 -99 -99
-99 -99 -99 -99 -99 -99 -99 -99 -99 0.171734306786333
-99 -99 -99 -99 -99 -99 1.29609504582581 -99 -99 -0.994191187879673
-99 -99 -99 -99 -99 -99 -99 -99 -99 -99
-99 -99 1.8824946293977 -99 -99 -99 -99 -99 -99 -99
-99 -99 -99 0.719762145089243 -99 -99 1.14507027982215 -99 -99 -99
-99 -99 -99 -99 -99 -99 -0.451810719813838 -99 -99 -99
-99 -99 -99 -99 -99 -99 -99 -99 -99 -99
-99 -99 -99 -99 -99 -99 -99 -99 -99 -99
-99 -99 -99 -99 -99 -99 -99 -99 -99 -99
-99 3.84907211311386 -99 -99 -99 -99 -99 3.38397613165849 -99 1.78313432238288
-99 -99 1.45962014879377 -99 -99 -99 3.12525952651016 -99 -99 -99
-99 -99 -99 -99 -99 -99 -99 -99 -99 -99
-99 -99 -99 -99 2.39116035496609 -99 -99 -99 -99 -99
-99 -99 -99 -99 -99 -99 -99 -99 -99 -99
-99 -99 -99 -99 -99 -99 -99 -99 -99 -99
-99 -99 -99 -99 -99 -99 -1.63460702209391 -99 -99 -99
-99 -99 -99 -99 -99 -99 -99 -99 -99 -99
-99 -99 -99 -99 -99 -99 -99 -99 -99 1.16363590962628
-99 1.6649792503986 -99 -99 -99 -99 -99 -99 -99 -99
-99 0.937110433020685 -99 -99 0.903575300055928 -99 -99 -99 1.82335057087342 -99
-99 -99 -99 -99 -99 -99 -99 -99 -99 -99
-0.727662277473775 -99 0.194014360164327 -0.835033949444453 -99 -99 -99 -99 -99 -99
0.492503786651751 -99 -99 -99 -99 -99 -99 -99 -99 -99
2.41356123292507 -99 -99 -99 -99 -99 -99 -99 -99 -99
3.26525765269225 -99 -99 -99 2.2362722455193 -99 -99 -99 -99 -99
-99 -99 -99 -99 -99 -99 -99 -99 -99 0.884394364081765
-99 -99 -99 -99 -99 -99 -99 -99 -99 -0.900930497726477
-99 -99 -99 -99 -99 -99 -99 -99 -99 -99
-99 0.238085359963414 -99 -99 -99 -99 -99 -99 -99 -99
-99 -99 -99 -99 -99 -99 -99 -99 -99 -99
-99 -99 -99 -99 -99 -99 -99 -99 -99 -99
-99 -99 -99 -99 -99 -0.810383370712197 -99 -99 -99 -99
-99 -99 -99 -99 -99 0.216855492199549 -99 -99 -99 -99
-99 -99 -99 -99 0.542486251693298 0.0332667950472776 -99 -99 -99 -99
-99 -99 -99 -99 -99 -99 -99 -99 -99 -99
-99 -99 -99 -99 -99 -99 -99 -99 -99 -99
-99 3.93616284735644 -99 -99 -99 -99 -99 -99 -99 -99
-99 -99 -99 -99 -99 -99 -99 -99 -99 -99
-99 -99 -99 -99 -99 -99 -99 -99 -99 1.02239677684683
-99 -99 -99 -99 -99 -99 -99 -99 -99 -99
-99 -99 -99 -99 -99 -99 -99 -99 -99 -99
-99 -99 -99 -99 -99 0.578323008814386 -99 -99 -99 -99
-99 -99 -99 -99 -99 -99 -99 -99 -99 -99
-99 -99 -99 -99 -99 -99 -99 -99 -99 -99
-99 -99 -99 -1.32265104713978 -99 -99 -99 -99 -0.838145703525449 -99
-99 -99 -99 -99 -99 -99 -99 -99 -99 -99
-99 -99 -99 -99 0.252431073805309 -99 -99 -99 -99 0.103794808928314
-99 -99 -99 -99 -99 -99 -1.32871278188617 -99 -99 -99
1.27205969669696 -99 -99 -99 -99 -99 -0.745780901114181 -99 -99 -99
-99 -99 0.0885913406385704 -99 -99 -99 -99 -99 -99 -99
-99 -99 -99 -99 -99 -99 -99 -99 -99 -99
-99 -99 -99 -99 -99 -99 -99 -99 -99 -99
-99 -99 -99 -99 -99 -99 -99 4.56756511162737 -99 4.27939087563498
-99 -99 -99 -99 -99 -99 -99 -99 -0.0981111689616128 -99
-99 -99 -99 -99 -99 -99 -99 -99 -99 -99
-99 -99 -99 -99 -99 -99 -99 -99 -99 -99
-99 -99 -99 -99 -99 1.9420428126798 -99 -99 -99 -99
-99 -99 -99 4.41147196428046 -99 -99 -99 3.67655691751636 -99 -99
-99 -99 -99 -2.29058347724894 -99 -99 -99 -99 -99 -99
-99 -99 0.69540670962895 -99 -99 -99 -99 -99 -99 -99
-99 -99 -99 -99 -99 -99 -99 1.37390523702977 -99 -0.796918969574963
-99 -99 -99 -99 -99 -99 -99 -99 -99 -99
-99 -99 -99 -99 3.41029919086718 -99 -99 -99 -99 -99
-99 -99 -1.28499639334277 -99 -1.79012249216078 -99 -99 -0.843711937910949 -99 -99
-99 -99 -99 -99 -99 -99 -99 -99 -99 -99
-99 0.213267655968273 -99 -99 -99 -99 -99 -99 -99 -99
-99 -99 -99 3.51600518618009 -99 -99 -99 -99 -99 -99
-99 -99 -99 -99 -99 -99 -99 -99 -99 -99
-99 -99 -99 -99 -99 -99 -99 -99 -99 -99
-99 -99 -99 -99 -99 -99 -99 -0.0762872584796097 -99 -99
-99 -99 -99 -99 -99 -99 -99 0.487624590884137 -99 -99
-99 -99 -99 -99 -99 -99 -99 -0.680968100192775 -99 -99
2.14693337665975 -99 -99 -99 -99 -99 2.43709164464874 0.236492031537018 -99 -99
-99 0.955088341966839 1.58356728198562 -99 -99 -99 -99 0.865343021727002 -99 -99
-99 -99 -99 -99 -99 -99 -99 -99 -99 -99
-99 -99 -99 -99 -99 1.9783282511336 -99 -99 -99 -99
-99 -99 -99 -99 -99 -99 -99 -99 -99 0.426072134323595
-99 -99 -99 -99 -99 -99 -99 -99 -99 1.28918799593665
-99 -99 -99 -99 -99 -99 -99 -99 -99 -99
-99 -99 -99 -99 -99 -99 -99 -99 -99 -99
-99 -99 -99 -99 -99 -99 -99 -99 -99 -99
-99 0.0277612376182175 -99 -99 -99 -99 -99 -99 -99 -99
-99 -99 -99 -99 -99 0.452974731846626 -99 -99 -99 -99
-99 -99 1.74422105863243 -99 -99 -99 0.394458566159777 -99 -99 -99
-99 -99 -99 -99 -99 3.63480359021265 -99 -99 -99 -99
-99 -99 -99 -99 -99 -99 -99 0.539770049688265 -99 -99
-99 -99 0.57118046318863 -99 -99 -99 -99 -99 -99 -99
-0.394420499590581 1.70299474541492 -99 -99 -99 -99 -99 -99 -99 -99
-99 -99 -99 -99 -99 -99 -99 -99 -99 -99
-99 -99 -99 -99 -99 -99 -99 -99 -99 -99
-99 -99 -99 -99 -99 -99 -99 -99 -99 -99
-99 -99 -99 0.605135430586559 -99 -99 -99 -99 -99 -0.181947065172863
-99 -99 0.0993492318463702 -99 -99 -99 0.222371811785989 -99 -99 1.01970858464143
-2.10531032809343 -99 -99 -99 0.765753230064413 -99 -99 -99 -99 -99
-99 -99 -99 1.7224837614662 -99 -99 -99 -99 -99 -99
-1.68503307959435 -99 -99 -0.0822556784553621 -99 -99 0.72356654251419 -99 -99 -99
-99 -99 -99 -99 -99 -99 -99 -99 -99 -0.631285509345594
-99 -99 -99 -99 -99 -99 -99 -99 -99 -99
-99 -99 -99 -99 -99 -99 -99 -99 -99 -99
-99 -99 -99 -99 -99 2.66861303194073 3.61434711998571 -99 -99 -99
-99 -99 -99 -99 -99 2.66315255888881 -99 -99 -99 -99
-99 -99 -99 -99 -99 -99 -99 -99 -99 0.704321306998247
-99 1.05684240512309 -99 -99 -99 0.0672636415960357 -99 -99 -99 -99
1.23648656373607 -99 1.2343902092299 -99 -99 -99 -99 -99 -99 -99
-99 -99 -99 -99 -99 -99 -99 -99 -99 -99
-99 -99 -99 -99 -99 -99 -99 -99 -99 -99
-99 -99 -99 -99 -99 -99 -99 -99 -99 0.0870475554529253
-99 1.29800992059654 -99 1.22010521408014 -99 -99 -99 -99 -99 -99
-99 -99 -99 -99 -99 -99 -99 -99 -99 -99
-99 -99 -99 -99 -99 -99 -99 -99 -99 -99
-99 -99 -99 -99 -99 -99 -99 -99 -99 3.75546536169835
-99 -99 -99 -99 -99 -99 -99 -99 -99 -99
-99 -99 -99 -99 -99 -99 -99 -99 -99 1.79155036536164
-99 -99 -99 -99 -99 -99 -99 -99 -99 1.74523191600873
-99 -99 -99 -99 -99 -99 -99 -99 1.85960617970738 -99
-99 -99 1.71204745639576 -99 -99 -99 -99 -99 1.17581849566855 -99
-1.79254482141656 -99 -99 -99 -99 -99 -99 -99 -99 -2.87741629093974
-99 -99 -99 -99 -99 -99 -99 -99 -99 -99
-99 -99 -99 -99 -99 -99 -99 -99 -99 -99
-99 -99 -99 -99 -99 -99 -99 -99 -99 -99
-99 -99 -99 -99 -99 -99 -99 -99 -99 2.02294667741196
-99 -99 -99 -99 -99 -99 -1.47957415908297 -99 -99 -99
-99 -99 -99 -99 -99 -99 -99 -99 -99 -99
-99 -99 -99 -99 -99 -99 -99 5.02700846877318 -99 -99
-99 -99 -99 1.30925506642385 -99 -99 -99 -99 -99 -99
-99 -99 -99 -99 -99 -99 -99 3.92009734969335 3.52014870207637 -99
-99 -99 -99 -99 -99 -99 -99 -99 -99 -99
-99 -99 -99 -99 -99 -99 -99 -99 -99 -99
1.60391823473935 1.20742806821236 -99 -99 -99 -99 -99 -99 -99 -99
1.44825292637526 -99 -99 -99 -99 -99 -99 -99 -99 -99
-99 -99 0.23390591285424 0.0462166774223236 -99 -99 -99 -99 -99 -99
-99 1.08901313792849 -99 -99 -99 -99 -99 -99 -99 -99
-99 -99 -99 -99 -99 0.293867691594735 0.995964442561536 -99 -99 -99
-99 -99 -99 -99 -99 -99 -99 -99 -99 -99
-99 -99 -99 -99 -99 -99 -99 0.0197967419915936 -99 -99
-99 -99 -99 -99 -99 -99 2.63351942482611 -99 -99 -99
-99 -99 -99 -99 -99 -99 -99 -99 -99 -99
-99 -99 -99 -99 -99 -99 -99 -99 1.4915747607973 -99
-99 -99 -99 -99 -99 -99 -99 -99 -99 -99
-1.20659510724844 -99 -99 1.28077632247906 -99 -99 -99 -99 -99 -99
-99 -99 -99 -99 -99 -99 -99 -99 -99 -99
-99 -99 -99 -99 -99 -99 -99 -99 -99 -99
-99 -99 -99 -99 -99 -99 -99 -99 -99 -99
-99 -99 0.315889038736985 -99 -99 -99 -99 -99 -99 -99
-99 -99 -99 -99 -99 0.0880200228988341 -99 -99 -99 0.0578846753006481
-99 -99 -99 -99 -99 -99 -99 1.67621777596503 -99 -99
-99 -99 -99 -99 -99 -99 -99 -99 -99 -99
-99 -99 -99 -99 -99 -99 -99 -99 -99 -99
-99 -99 -99 -99 -99 -99 1.77010829827773 -99 -99 -99
-99 -99 -99 1.43304510559442 -99 -99 -99 -99 -99 -99
-99 -99 -99 -99 -99 -99 1.90267629167437 -99 -99 -99
-99 -99 -99 -99 -99 -99 -99 -99 -99 -99
-99 1.50012333754326 -99 -99 -99 -99 -99 -99 -99 -99
-99 -99 -99 1.15642778382079 -99 -99 -99 -99 0.891590291825215 -99
-99 -99 -99 -99 -99 -99 -99 -99 -99 -99
-99 -99 -99 -99 -99 1.20804869131138 -99 -99 -99 2.33319846908117
-99 -99 -99 -99 -99 -99 -99 -99 -99 -99
-99 2.28711252577507 3.49107818469439 -99 -99 -99 -99 -99 -99 -99
-99 -99 -99 -99 -0.289701013589532 -99 2.10525103754822 -99 -99 -99
-99 -99 -99 -99 -99 -99 -99 -99 -99 1.32496712146187
-99 -99 -99 -99 -0.574527947513666 -99 -99 -99 1.61656089302202 -99
-99 -99 -99 -99 -99 -99 -99 -99 -99 -99
-99 -99 -99 -99 -99 -99 -99 -99 -99 -0.217500296044441
2.40292796749834 -99 -99 -99 -99 -99 -99 -99 -99 -99
-99 -99 -99 -99 -99 -99 -99 -99 -99 1.82469282745474
-99 -99 -99 -99 -99 -99 -99 -99 -99 -99
-99 1.43755950451649 1.56065587217588 -99 -99 -99 0.575267241017837 -99 -99 -99
-99 -99 -99 -99 -99 -99 3.07737096636457 -99 -99 -99
-99 1.93345226690724 -99 -99 -99 -99 -99 -99 -99 -99
-99 -99 -99 -99 -0.830488789065271 -99 -99 -99 -99 -99
-99 -99 -99 -99 -99 -99 -99 -99 -99 -99
-99 1.87292821592924 -99 -99 -99 -99 -99 -99 -99 -99
-99 -99 0.747791653338809 -99 -99 -99 -99 -99 -99 1.34438760586252
3.14254555692386 -99 -99 -99 -99 -99 -99 -99 -99 -99
-99 -99 -99 -99 -99 -99 -99 -99 -99 -99
-99 -99 -99 -99 -99 -99 -99 -99 -99 -99
1.36368546553675 -99 -99 -99 -99 -99 -99 -99 -99 -99
-2.17669205216436 -2.4755525884049 -99 1.54216479417285 -99 -99 -99 -99 -99 -99
-99 -99 -99 -99 -99 -99 -99 -99 2.24131096220228 -99
-99 -99 -99 2.44761338914603 2.30250279984608 -99 -99 -99 -99 -99
-99 -99 -99 -99 -99 -99 -99 0.675670166847307 -99 -99
-99 -1.3114021292247 -99 -99 -99 0.431228132896087 -99 -99 -99 -99
-99 -99 -99 -0.610780581034483 -99 -99 -99 -99 -99 -99
1.6662137247989 -99 -99 -99 -99 -99 -99 -99 -99 -99
-99 -99 -0.852602649617348 -1.02633557147321 -99 -99 -99 -99 -99 -99
-99 -99 -99 -99 -99 -99 -99 -99 -99 -99
-99 -99 -99 -99 -99 -99 -99 -99 -99 -99
-99 -99 -99 -99 -99 -99 0.118797883878055 -99 -99 -99
-99 -99 -99 -99 -99 -99 -99 -99 -99 -99
-99 -99 -99 -99 -99 -99 -99 -99 -99 -99
-99 -99 -99 -99 -99 -99 -99 -99 1.07398925893802 -99
2.06089961029009 -99 -99 -99 -99 -99 -99 -99 -99 -99
-99 -99 -99 -99 -1.19788324911521 -99 -99 -0.256015042888624 -99 -99
-99 -99 -99 -99 -99 -99 -99 -99 -99 -99
-99 -99 -99 -99 -99 -99 -99 -99 -99 -99
-99 0.19422691665509 -99 -99 -99 -99 -0.602764914545737 -99 -99 -0.855349497131198
-99 -99 -99 -99 2.14741157491185 -99 -99 2.17428947364723 -99 -99
-99 -99 -99 -99 -99 -99 -99 -99 -99 -99
0.299064868131726 -0.187675139230073 -99 -99 -99 -99 -99 -99 -99 -99
-99 -99 -99 -99 -99 -99 -99 -99 -99 -99
-99 -99 -99 -99 2.60734939333376 -99 -99 -99 2.04296405250157 -99
-99 -99 -99 -99 -99 -99 -99 -99 -99 -99
-99 -99 -99 1.80053954554643 -99 -99 -99 -99 -99 0.810426255587168
-99 -99 -99 -99 3.58063596458524 0.709848647995584 -99 -99 -99 -99
-99 -99 -99 4.09415669460483 -99 -99 -99 -99 -99 -99
-99 -99 -99 -99 -99 0.318492512002725 -99 -99 1.06506281352091 -99
-99 -99 -99 -99 -99 -99 -99 -99 -99 -99
-99 -99 -99 -1.63305821434109 -99 -99 -99 -99 -99 -99
-99 -99 -99 -99 -99 -0.164115848063923 -99 -99 -99 -99
-99 -99 -99 -99 -99 -99 -99 -99 -99 -99
-99 -99 -99 0.970609065735954 -99 -99 -99 -99 -99 -99
-99 -99 -99 -99 -1.33256115327237 -99 -99 -99 -99 -99
-99 -99 1.25602204287744 -99 -99 -99 -99 -99 -99 -99
-99 -99 0.259916670970945 -99 -99 -99 -99 -99 0.566556114334634 -99
-99 -99 -99 -99 0.419617014955797 -99 -99 -99 -99 -99
-99 0.0835584634416309 -99 -99 -99 -99 2.09311767361858 -99 -99 -99
-99 -99 -99 -99 -99 2.29068946247228 -99 -99 -99 -99
-99 -99 0.892936190911535 -99 -99 -99 -99 -99 -99 -99
-99 -99 -99 -99 -99 -99 -99 -99 -99 -99
-99 -99 -99 -99 -99 -99 -99 -99 -99 -0.759220513209123
-99 -99 -99 -99 -99 -99 -99 -99 -99 -99
-99 -99 -99 -99 -99 -99 -99 -99 -99 -99
3.42829644962496 -99 -99 -99 -99 -99 4.10896456348764 2.52458960640676 -99 2.79424999434795
-99 -99 -99 -99 -99 -99 -99 -99 -99 -99
-99 -99 -99 -99 -99 -99 -99 -99 -99 -99
-99 -99 -99 -99 1.86123185768392 -99 -99 -99 -99 3.13382753354268
-99 -99 -99 -99 -99 -99 -99 -99 -99 -99
-99 -99 -99 -99 -99 -99 -99 -99 -99 0.234524098342774
-99 -99 -99 -99 -99 -99 -99 0.777729999870376 -99 -99
-99 -99 -99 -99 -99 -99 -99 3.31125614454448 -99 -99
-99 -99 -99 -99 -99 -99 -99 -99 -99 -99
-99 -2.06248050332157 -99 -99 -99 -0.451253788622997 -0.705225432271606 -99 -99 -2.26195721012414
-99 -99 -99 3.42156837820668 -99 -99 -99 -99 -99 -99
-99 -99 -99 -99 -99 -99 -99 -99 -99 -99
2.54578291429773 -99 -99 -99 -99 -99 -99 -99 -99 -99
-99 -99 -99 -99 -99 -99 1.11338168154266 -99 -99 -99
-99 -99 -99 -99 -99 -99 -99 -99 -99 -99
-99 2.92708187097122 -99 2.25093847575455 -99 -99 -99 -99 -99 -99
-99 -99 -99 -99 -99 -99 -99 -99 -99 -99
-99 -99 -99 -99 -99 -99 -99 0.93020603603409 -99 -99
-99 -99 -99 1.66043439041462 -99 -99 -99 -99 -99 1.86415144279207
-99 -99 -99 -99 1.80324736197134 -99 -99 -99 -99 -99
2.00948326628565 -99 -99 -99 -99 -99 -99 -99 -99 1.71645648984245
-99 -99 -99 -99 -99 -99 1.07746265117942 -99 -99 -99
-99 -99 -99 -99 -99 -99 -99 -99 -99 -99
-99 1.21426460166968 -99 -99 -99 -99 -99 -99 -99 -99
-99 -99 -99 2.65302237310893 -99 -99 -99 -99 -99 -99
-99 -99 -99 -99 -99 -99 -99 -99 -99 2.05571747091916
-99 -99 -99 -99 -99 -99 -99 -99 -99 -99
-99 -99 -99 -99 -99 -99 -99 -99 -99 -99
-99 -99 -99 -99 -99 -99 -0.0856926237425768 -99 -99 -99
-99 -99 2.42281188264429 -99 -99 -99 -99 -99 -99 -99
-99 -1.5298632290888 -99 -99 -99 -99 -99 2.24699084560686 -0.68256933475056 -99
-99 -99 -99 -99 -99 -99 -99 -99 0.515409293420454 -99
0.219134758696419 -99 -99 -99 -99 -99 -99 -99 -99 -99
-99 -99 -99 -99 -99 -99 -99 -99 -99 -99
-99 2.48637521488509 -99 -99 -99 -99 -99 -99 -99 -99
-99 -99 -99 -99 -99 -99 -99 -99 -99 -99
-99 -99 -99 -99 -99 -99 -99 -99 -99 -99
-99 -99 -99 -99 -99 -99 -99 -99 -99 -99
-99 -99 -99 -99 -99 -99 -99 -99 -99 -99
-99 -99 -99 -99 -99 -99 -99 -99 -99 -99
1.29349776758353 1.9075141919552 -99 -99 -99 -99 -99 -99 -99 -99
-99 -99 -99 -99 -99 -99 -99 1.69407566310057 -99 -99
-99 -99 -99 1.41248178488285 -99 -99 -99 -99 -99 -99
-99 -99 -99 -99 -99 -99 -99 -99 -99 -99
-99 -99 -99 -99 -99 -99 -99 -99 -99 -99
-99 -99 -99 -99 -99 -99 -99 -99 -99 -99
-99 -99 -99 -99 -99 -99 -99 -99 -99 -99
-99 -99 -99 -99 -99 -99 -99 -99 -99 -99
-99 -99 1.39443305530943 0.345079919836719 -99 -99 -99 -99 -99 -99
-99 -99 -99 -99 -99 -99 -99 -99 -99 -99
-99 -99 -99 -99 4.16465088474538 -99 -99 -99 -99 -99
-99 -99 -99 -99 -99 -99 -99 -99 -99 -99
-99 -99 -99 -99 -99 1.16638682636439 -99 -99 -99 -99
