-99 -99 4.12838932283159 -99 -99 -99 -99 -99 -99 -99
-99 -99 -99 -99 -99 -99 -99 -99 -99 -99
-99 -99 -99 -99 -99 -99 3.12457134367986 -99 -99 -99
1.40695661459609 1.41778865128007 0.261697110370844 1.03628373586678 -99 -99 -99 -99 -99 -99
-99 -99 -99 -99 -99 -99 -99 -99 -99 -99
-99 -99 -99 -99 -99 -99 -99 -99 -99 -99
0.502263736774479 -99 -99 -99 -99 -99 -99 -99 -99 -99
-99 -99 -99 -99 -99 -99 -99 -99 0.638063879921685 -99
-99 -99 -99 -99 -99 -0.191783237822312 -99 -99 -99 -99
-99 -99 -99 -99 -99 1.70567459209102 -99 -99 -99 -99
-99 -99 -99 5.80669793703048 -99 -99 5.9182793706159 -99 -99 -99
-99 -99 -99 0.393617426316 -99 1.93876030042594 -99 -0.252487210472028 -99 -99
-99 -99 -99 -99 -99 -99 -99 -99 -99 -99
-99 2.0078046709985 -99 -99 1.86448346141795 -99 -99 -99 -99 -99
-99 -99 -99 0.916342159479568 -99 -99 -99 -99 -99 -99
-99 -99 -99 -99 1.4198789240151 -99 -99 -99 -99 -99
-99 -99 -99 -99 -99 -99 -99 1.68157114329113 -99 -99
-99 -99 -99 -99 -99 -99 -99 -99 -99 -99
-99 -99 -99 -99 -99 -99 -99 -99 -99 -99
-99 -99 -99 1.24475028039183 -99 -99 -99 -99 -99 -99
-99 -99 -99 -99 -99 -99 -99 -99 -99 -99
-99 1.35851021722865 1.82132663840434 -99 -99 0.885251531299917 -99 -99 -99 1.03767662111607
-99 -99 -99 -99 -99 -99 -99 -99 -99 -99
-99 -99 -99 -99 -99 -0.601487168280238 -99 -99 -99 -1.51408487646582
-99 -99 -99 -99 -99 -99 -99 -99 -99 1.03492000921261
-99 -99 -99 -99 -99 -99 -99 -99 -99 -99
-99 -99 -99 -99 -99 -99 -99 -99 -99 -99
-99 -99 -99 0.0641264719923963 -1.12545592663567 -0.234542792660355 -99 -99 -99 -99
-99 -99 -99 -99 -99 -99 -99 -99 -99 -99
-99 -99 -99 -99 -99 -99 -99 -99 -99 -99
-99 -99 -99 -99 -99 -99 -99 -99 -99 -99
-99 -0.277756549923464 -99 -99 -99 -99 -99 1.31076068297737 -99 -99
-99 -99 -99 -99 -99 1.67651926063779 -99 -99 -99 -99
-99 -99 -99 -99 -99 -99 -99 -99 -99 1.07844749806374
-99 -99 -99 -99 -99 -99 -99 -99 -99 -99
-99 1.96237282269699 -99 -99 -99 -99 -99 -0.506341527660336 -99 -99
-99 -99 -99 -99 -99 -99 -99 -99 -99 -99
-99 -99 -99 -99 1.30987266293253 -99 -99 -99 -99 -99
-99 -99 -99 -99 -99 -99 -99 -99 -99 -99
-99 -99 -99 -99 -99 -99 -99 -99 -99 -99
1.74112403753872 -99 -99 -99 -99 -99 -99 1.08578608563065 -99 -99
-99 -99 -99 -99 -99 -99 -99 -99 -99 -99
1.27985368473919 -99 1.14366517789273 -99 -99 -99 -99 -99 -0.805106947872149 -99
0.676205582363217 -99 -99 -99 -99 -99 -99 -99 -99 -99
-0.15626500141002 -99 1.67716565539939 -99 -99 -99 -99 -99 -99 0.706314670256815
-99 0.837557862573211 -99 -99 -99 -99 -99 -99 -99 -99
-99 -99 -99 -99 -99 -99 -99 -0.0927236976457619 -99 -99
-99 -99 2.98355232739312 -99 -99 -99 -99 -99 -99 -99
-99 -99 -99 -99 -99 -99 -99 -99 -99 -99
-99 -99 -99 -99 -99 -99 -99 -99 -99 -99
-99 -99 -99 -99 -99 -99 -99 -99 -99 -99
-99 -99 -99 -99 -99 -99 0.28071956469158 -99 -99 -0.129769383316485
-99 -99 -99 -99 -99 -99 -99 -99 -99 -99
-99 -99 2.8368014431003 -99 -99 -99 -99 -99 -99 -99
-99 -99 -99 -99 -99 -99 -99 -99 -99 -99
-99 -99 -99 -99 -99 -99 -99 -99 0.948806521218343 -99
-99 -99 -99 -99 -99 -99 -99 -99 -99 -1.58603800822084
-99 -99 -99 -99 -99 -99 -99 -99 -99 -99
-99 -99 -99 -99 -99 2.11886692217322 -99 -99 -99 -99
2.18403208422357 -99 -99 -99 -99 -99 -99 -99 -99 -99
-99 3.72317119004069 -99 -99 -99 -99 -99 -99 -99 -99
-99 -99 -99 -99 -99 -99 -99 -99 -99 -99
-99 -99 -99 -99 -99 -99 -99 -99 -99 -99
-99 -99 -99 -99 -99 -99 -99 -99 -99 -99
-99 -99 -99 -99 -99 -99 -99 4.66781303340299 -99 -99
-99 -99 -99 -99 -99 -99 -99 1.04875237400017 -99 -99
-99 -99 -99 -99 -99 -99 -99 -99 -99 -99
-99 -99 -99 -99 -99 -99 -99 -99 -99 -99
-99 -99 -99 -99 -99 0.833385038573228 -99 -99 -99 -99
-99 -99 -99 0.489297869953318 -99 -99 -99 -99 -99 -99
-99 -99 -99 -99 -99 -99 -99 -99 -99 -99
0.284696697676524 -99 -99 -99 -99 -99 -99 -99 -99 -99
-1.26781169854019 -99 -99 -99 -99 -99 0.771731518956193 1.98577465946753 -99 -0.622232205866084
3.58547898348492 -99 -99 1.54399971087347 0.0282649177643108 -99 -99 1.71336323063451 3.23502696294304 -99
-99 -99 -99 -0.447314130418155 -99 -99 0.949689133045068 -0.53404996306205 -99 -99
-99 -99 -99 0.755708726201501 -99 -99 -99 -99 -0.343502205655351 -99
-99 -99 -99 4.326063888011 -99 -99 -99 -99 -99 -99
-99 2.23345468710059 -99 -99 -99 -99 -99 -99 2.73821387640249 0.805640840896885
-99 0.332482542939754 -99 -99 -99 -99 -99 0.0338081915525037 -99 -99
-99 -99 -99 -99 -99 -99 -99 -99 -99 -99
-99 1.23730721243547 -99 -99 -99 -99 -99 -99 -99 -99
-99 -99 0.320068904965466 -99 0.088838958812167 -99 -99 -99 -99 -99
-99 0.0215039383315937 -99 -99 -99 -99 -99 -99 -99 -99
-99 -99 -99 -99 -99 0.114804080898663 -99 -99 -99 -0.240040039210748
-99 -99 -99 -99 -99 -99 -99 -99 -99 -99
-99 -1.06042651242787 -99 -99 -99 -99 -99 0.446191973392819 -99 -99
-99 -99 -99 -99 -99 -99 -99 -99 -99 -99
-99 -99 -99 -99 -99 -99 -99 -99 -99 -99
-99 -99 -99 -99 -99 -99 -99 -99 -99 -99
1.48403803363554 -99 -99 -99 -99 -99 -99 -99 -99 -99
-99 2.65021106599264 -99 -99 -99 -99 -99 -99 -99 -99
-0.458117808577624 -99 -99 -99 -99 -99 2.34089881298571 -99 0.017848602396734 -99
-99 -99 -99 -99 1.90332344305943 -99 -99 -99 -99 -99
0.695108328888561 -99 -99 -99 -99 -99 -99 -99 -99 -99
2.19867459194133 -99 -99 0.849078691718321 -99 -99 -99 -99 -99 -99
1.83855676851634 -99 -99 -99 -99 -99 -99 0.254086225141787 -99 -99
-99 -99 -99 -99 1.32021120086897 -99 -99 -99 -99 -99
-99 -99 0.14877680743516 -99 -99 -99 -99 -99 -99 -99
-99 -99 -99 -99 -99 -99 -99 -99 -99 -99
-99 -99 -99 -99 -99 -99 -99 -99 3.06236767773366 -99
-99 -0.434985949280081 -99 -99 -99 -99 -99 -99 -0.660097113039479 -99
-99 -99 -99 -99 -99 -99 -99 -99 -99 -99
0.0340045921389335 -99 -99 -99 -99 -99 -99 -99 -99 -99
-99 -99 -99 -99 -99 -99 -99 -99 -99 -99
-99 -99 -99 -99 1.00374600493565 -99 -99 -99 -99 2.60831042179676
-99 -99 -99 -99 0.56905496797481 -99 -99 -99 -99 -99
-99 -99 -99 -99 -99 -99 -99 -99 -99 -99
-99 -99 -99 -99 -99 -99 -99 -99 -99 -99
-99 -99 -99 -99 -99 -99 0.838480966842595 -99 -99 -99
-99 -99 -99 -99 -1.71203173871233 -99 -99 -99 -0.536706677334785 -99
-99 -99 1.67450479460997 -99 -99 -99 -99 -99 -99 -99
-99 -99 -99 -99 3.21540567625051 -99 -99 -99 -99 -99
-99 -99 -99 -99 -99 -99 -99 -99 -99 -99
-99 -99 -99 -99 -99 -99 -99 -99 -99 -99
-99 -99 -99 -99 -99 -99 -99 -1.64579389379699 -99 1.96965128891526
-99 -99 -99 -99 -99 -99 -99 -99 1.74333186395152 -99
-99 -99 -99 -0.765682469213132 -99 -0.364111201993796 -99 -99 -99 -99
-99 -99 -99 -99 1.36632572001297 -99 -99 -99 -99 -99
-99 -99 1.70813587483753 -99 -99 -99 -99 1.34351468551959 -99 -99
-99 -99 -99 -99 -99 -99 -99 -99 -99 -99
-99 -99 -99 -99 -99 -99 -99 -99 -99 -99
-99 -99 -99 -99 -99 -99 -99 -99 -99 -99
-1.0247640239442 -99 -99 -99 -99 0.723581591325913 -99 -99 -99 0.0406166725606516
-99 -99 -99 -99 -99 -99 -99 -99 -99 -99
-99 -99 -99 -99 -99 -99 -99 -99 -99 -99
-99 -99 -99 0.623730268604355 -99 -99 0.279343926961434 -99 -99 -99
-99 -99 -99 -99 -99 -99 -99 -99 -99 -99
-99 -99 -99 -99 0.378579904871739 -99 -0.400374613923516 1.21302975730467 -99 -99
-99 -99 -99 -99 -99 -99 -99 -99 -99 1.77307562885402
-99 -99 1.18945949920313 -99 0.574365329798491 -99 -99 -99 -99 -99
-99 0.462456674911663 -99 -99 -99 0.553897518676023 -99 -99 2.05291232423202 -99
-99 -99 -99 -99 -99 -99 -99 -99 -99 -99
-99 -99 2.06221608312677 -99 2.12549337204924 -99 -99 -99 -99 -99
-99 -99 -99 -99 -99 -99 -99 -99 -99 -99
-99 -99 -99 -99 -99 -99 -99 -99 -99 -99
-99 -99 -99 -99 -99 0.0628520470486665 -99 -99 -99 -0.544197270271725
-99 -99 -99 -99 -99 -0.0512875893149807 -99 -99 -99 -99
-99 -99 -99 -99 -99 -0.313187190515244 -99 -99 -99 -99
-99 0.905090367036078 -99 -99 -99 -99 -99 -99 -99 -99
-99 -99 -99 -99 -99 -99 -99 3.25748419212076 -99 -99
-99 -99 -99 -99 -99 -99 -99 -99 -99 -99
-99 -99 -0.25037516371421 -99 -99 -99 -99 -99 -99 -99
0.53851376447559 -99 -99 -99 -99 -99 -99 -99 -99 -99
-99 -99 -99 -99 -99 -99 -99 -99 -99 0.323014382674753
-99 -99 1.36577452302192 -99 -99 -0.657955451326416 -99 -99 -99 -99
-99 -99 -99 -99 -99 -99 -99 -99 -99 -99
-99 -99 -99 -99 -99 -99 -99 -99 1.96292760650749 -99
-99 -99 -99 -99 -99 -99 -99 -99 -99 -99
-99 -99 -99 -99 -99 -99 -99 -99 -99 -99
-99 -99 -99 -99 -99 -99 -99 -99 -99 -99
-99 -99 -99 -99 -99 -99 -99 -99 0.231247086416 -99
-99 2.59019352504251 -99 -99 -99 -99 2.05055096855821 1.47545367928976 -99 -99
-99 1.51649412442019 -99 -99 -99 -99 -99 -99 -99 -99
-99 -99 2.31727696938278 -99 -99 0.646436947326861 -99 -99 -99 -99
-99 -99 -99 -99 -99 -99 -99 -99 -99 -99
-99 -0.0857049551724587 -99 -99 -99 2.74690557617007 -99 -99 2.221149043924 -99
0.511720242907669 -99 -99 -99 -99 -99 -99 -99 -99 -99
-99 -99 -99 -99 -99 -99 -99 -99 -99 1.27736107884924
3.55641886839142 -99 -99 -99 -99 -99 -99 -99 -99 -99
-99 -99 -99 1.18441721971857 -0.915032054296204 -99 -99 -99 -99 -99
-99 -99 -99 -99 -99 -99 -99 1.83049265252997 -99 -99
-99 -99 -99 2.33111272198825 -99 -99 -99 -99 -99 -99
-99 -99 -99 -99 -99 -99 -99 -99 -99 -1.08711826415572
-99 -99 -99 0.26799664406133 -99 -99 -99 0.786219580936654 0.547132887279915 -99
-99 -99 -99 -99 -99 -99 -99 -99 -99 -99
-99 -99 -99 -99 -0.080226844187782 0.631557511250272 -99 -99 -99 -99
-99 -99 -99 -99 -99 -99 -99 -99 -99 3.12290225987553
-99 -99 -99 -99 -99 -99 -99 -99 -99 -99
2.96724700593839 -99 -99 2.12503790257554 -99 -99 -99 -99 -99 -99
-99 -99 -99 1.72893868334365 -99 -99 -99 -99 -99 -99
0.809242702318481 -99 -99 -99 1.12680137697578 -99 -99 -99 -99 0.293384554687195
-99 -99 -99 -99 -99 -99 -99 -99 -99 -99
-99 -99 -99 -99 -99 -99 -99 -99 -99 0.354977519489558
5.59402561033492 -99 -99 1.76576657000522 -99 -99 0.453467259912878 0.0954058104400508 -99 -99
-99 -99 -99 -99 -99 -99 -99 -99 0.680358469688161 -99
-0.209859169921619 -99 -99 -99 -99 0.480950432369345 -99 -99 -99 -99
-99 -99 -99 4.26175264959974 -99 -99 -99 -99 -99 -99
2.62412175317594 -99 -99 -99 -99 -99 0.428503357700427 -99 0.986544453367991 -99
-99 -99 -99 2.10229737565766 -99 -99 -99 1.91173827098889 -99 -99
-99 -99 -99 -99 -99 -99 -99 -99 -99 -99
-99 -99 -99 -99 -99 0.933593388959488 -99 -99 -99 0.316086485908957
-99 -99 -99 -99 -99 -99 -99 -99 -99 3.61446585516276
-99 -99 -99 -99 -99 -99 -99 0.559759808362086 -99 -99
-99 -99 -99 -99 -99 2.4179140745542 -99 -99 -99 -99
-99 -99 -99 -0.488681995747157 -99 -99 -99 -99 -99 -99
-99 -99 0.487461371771241 -99 -99 -99 -99 -99 -99 -99
-99 -99 -99 -99 -99 -99 -99 -99 3.32490020610249 -99
-99 -99 -99 0.260654623133347 -99 -99 -99 -99 1.27013989435945 -99
-99 -99 -99 -99 -99 -99 -99 -99 -99 -99
-99 -99 2.08173850249707 2.0854415787498 -99 2.26809707603979 -99 -99 -99 -99
-99 -99 -99 -99 -99 -99 -99 -99 -99 -99
-99 0.840447455797179 3.62263853268588 -99 -99 -99 -99 -99 -99 -99
-99 -99 -99 -0.0208673793301943 -99 -99 -99 -99 -99 -99
-99 -99 -99 -99 -99 -99 -99 -99 -99 -99
-99 -99 -99 -99 -99 -99 -99 -99 -99 -99
-99 -99 -99 -99 -99 -99 -99 -99 -99 -99
-99 -99 -99 -99 -99 -99 -99 -99 -99 -99
-99 -99 -99 0.0318362815212259 -99 -99 -99 -99 -99 -0.145462249794952
-99 -0.516075494752825 -99 -99 2.03866360921359 -99 -99 -99 -99 -99
-99 -99 -99 -99 -99 -99 -99 -99 -99 -0.199937132193457
-99 -99 -0.985011895777227 -99 -99 -99 -99 -99 -99 -99
-99 -99 -99 -99 -99 -99 -99 -99 -99 -99
-99 -99 -99 -99 -99 -99 -99 -99 -99 -99
-99 -99 -99 -99 -99 -99 -99 -99 -99 -99
-99 -99 -99 -99 -99 -99 2.14607307060185 -99 -99 -99
-99 4.70105803499666 -99 -99 -99 4.44845699793966 -99 -99 -99 -99
-99 -99 0.907708248472698 -99 -99 -99 -99 -99 -99 -99
-99 -99 -99 -99 -99 -99 0.387091282282148 -99 -99 -99
-99 -99 -99 -99 -99 -99 -99 -99 -99 -99
-99 -99 0.677376873384665 -99 -99 -99 -99 -99 -99 -99
-99 -99 -99 -99 -99 -99 -99 -99 -99 -99
-99 -99 0.0259031112253462 -99 1.20051581168202 -99 -99 -99 -99 -99
1.23635668208276 0.576488669451902 -99 -99 -99 -99 -99 -99 -99 -99
-99 -99 -99 -99 3.31200884226105 -99 -99 -99 -99 -99
-99 -99 -99 -99 -99 -99 -99 -99 -99 -99
-99 -99 -99 -99 -99 -0.185013997564658 -99 -99 -99 -99
-99 -99 -99 -99 -99 -99 -99 -99 -99 -99
0.506525658503858 -99 -99 -99 -99 -99 -99 -99 0.700099748140393 -99
-99 -99 -99 -99 -99 -99 -99 -0.663103396853405 -99 -99
-0.20798634098437 -99 -99 -99 -99 -99 0.412178953664101 -99 -99 -99
-99 -99 -99 -99 -99 -99 -99 -99 -99 -99
-99 -99 1.12879971973971 -99 -99 0.640278418610227 -99 -99 -99 -99
-99 -99 -99 3.90729945552629 -99 -99 -99 -99 -99 -99
-99 -99 -99 -99 -99 -99 -99 -99 -99 -0.0449071415385189
0.872759501745935 -99 -99 -99 -99 2.93480911832799 -99 0.301964946013988 -99 -99
-99 -99 -99 -99 -99 -99 2.44394459688661 -99 -99 -99
-99 -99 -99 -99 -99 -99 1.6228154290636 -99 -99 -99
-99 -99 -99 -99 -99 -99 -99 -99 -99 -99
-99 -99 -99 -99 1.55945048432461 -99 -99 -99 -99 1.14228101893355
-99 -99 -99 -99 -99 -99 -99 -99 -99 -99
-99 -99 -99 -99 -99 -99 -99 -99 -99 -99
-99 -99 -99 -99 -99 -99 -99 -99 -99 -99
-99 1.09453006840638 -99 -99 -99 -99 2.11069619506811 -99 -99 -99
-99 -99 -99 1.72641807018717 -99 -99 -99 -99 3.76217751541284 -99
-99 -99 -99 -99 -99 -99 -99 -0.658567020505997 -99 -1.25641810425183
-99 -99 -99 -99 -99 -99 -99 -99 -99 -99
-99 -99 1.99239245151659 2.6453842056789 2.49612823975699 -99 -99 -99 -99 -99
-99 -99 0.0874357075670118 -99 -99 -99 -99 -99 -99 -99
-99 -99 -99 -99 -99 -99 -99 -99 1.74039477216217 -99
-99 -99 -99 -1.58359404720197 -99 -99 -99 -99 -99 -99
-99 -99 -99 -99 -99 -99 -99 -99 -99 -99
-99 0.331145498795263 -99 -99 -99 -99 -99 2.3743239579124 -99 -99
-99 -99 -99 1.80458040722824 -99 -99 -99 -99 -99 -99
-99 1.80625926754199 -99 -99 -99 -99 -99 -99 -99 -99
-99 -99 -99 -99 -99 -99 -0.0694278682845808 -99 -99 -99
-99 -99 -99 -99 -99 -99 -99 -99 2.29120988665115 -99
-99 -99 -99 -99 -99 -99 -99 -99 -99 -99
-99 -99 -99 1.18034507182249 -99 0.446746074891456 -99 -99 -99 -99
-99 -99 -99 -99 -99 -1.0412060513613 -99 -99 -99 -99
-99 -99 -99 -99 -99 -99 1.05686350526323 -99 -99 2.35927194035883
-99 -99 -0.775289222816948 1.31021985986068 -99 0.908053630129294 -0.659012412586143 -99 -99 -99
0.909144173492338 -99 -99 -99 -99 -99 -99 -99 -99 -99
-99 -99 0.5507710401195 -2.16711267538861 -99 -0.85483434398794 -99 -2.65870265044135 -1.29853832568304 -99
-99 -99 -99 -99 -99 1.00122045580893 -99 -99 -99 -99
-99 -99 -99 -99 -99 -99 -99 -99 0.0885806155721726 -99
-99 -99 -99 -99 -99 -99 -99 0.331080327946186 -99 -99
-99 -99 -99 -99 0.897129593491809 -99 -99 -99 -99 -99
-99 1.21795652690132 0.660141697549022 -99 -99 2.31911229705374 -99 -99 -99 2.65895031190357
-99 -99 -99 -99 -99 -99 -99 -99 -99 -99
2.01795031314235 -99 -99 -1.65822928718712 -99 -99 -99 -99 2.16289404846399 -99
-99 -1.03117146395353 -99 -99 -99 -99 -99 -99 -99 -1.7124624458802
-99 -99 -99 -99 -99 -99 -99 -99 -99 0.0712647837106501
-99 -99 -99 -99 -99 -99 -99 -99 -99 -99
-99 -0.377544729645619 -99 -99 -99 -99 -99 -99 -99 -99
-99 -99 -0.392367598896573 -99 -99 -99 -99 0.292859011989175 -99 -99
-99 -99 -99 -99 1.26782445279574 -99 -99 -99 -99 -99
-99 -99 -99 -99 -99 -99 -99 -99 -99 -99
-99 -99 -99 -99 1.39914463693446 -99 -99 -0.440109148429878 -99 0.54656712731884
-99 -99 -99 -99 -99 -99 -99 1.65736956171502 1.2994812548977 0.137850996665863
-99 -99 -99 -99 -99 -99 -99 -99 -99 -99
-99 -99 -99 -99 -99 0.142204918057298 -99 -99 -99 -99
-99 -99 -99 -99 -99 -99 -99 -99 -99 -99
-0.46598223914375 -99 2.47444483863306 -99 -99 2.30384825009772 -99 -99 -99 -99
-99 2.87343969509592 -99 -99 -99 -99 -99 -99 -99 -99
-99 -99 -99 -99 -99 -99 -99 -99 -99 -99
-99 -99 -99 -99 -99 -99 -99 -99 -99 -99
1.84236290388185 -99 -99 -99 -99 -99 -99 -99 -99 -99
-0.230572500231868 -99 1.51993915061671 -99 -0.803402157029549 -99 -99 -99 -99 -99
-99 -99 -99 -0.929709350377436 -99 -99 -99 -99 -0.361765595345976 -99
-99 0.87585817486309 -99 -99 -99 -99 -99 -99 -99 -99
-99 -99 -99 1.25695377229208 -99 2.12415356324766 -99 -99 -99 -99
-99 -99 -99 -99 -99 -99 -99 -99 -99 -99
-99 -99 -99 -99 -99 -99 -99 -99 -99 -99
-99 -99 -99 -99 -99 -99 -99 -99 -99 -99
-99 -99 -99 -99 -99 1.23678595224108 -99 -99 -99 -99
-99 -0.282884891666239 -99 -99 -99 -99 -99 -99 -99 -1.68495158532115
0.875147174828916 -99 -99 3.393902594903 0.748858160509806 -0.189916378819309 0.624035714191793 1.30729279810095 -99 -99
-99 -99 -99 -99 -99 -99 -99 -99 -99 -1.16718080248111
-99 -99 -99 -99 -99 -99 -99 -99 -99 2.94059369533078
-99 -99 -99 -99 -99 -99 -99 0.418440747309276 -99 -99
-99 -99 -99 -99 -99 0.532778411179724 -99 -99 -99 -99
-99 -99 -99 -99 -99 -99 -99 -99 -99 -99
-99 -99 -99 -99 -99 -99 -99 -99 1.17941467407554 -99
-99 -99 -99 -99 -99 -99 -99 -99 -99 -99
-99 -99 2.03917649777855 1.54804151154937 -99 -99 -99 -99 -99 -99
-99 -99 -99 -99 -99 -99 -99 -99 -99 -99
-99 -99 -99 -99 -99 -99 -99 -99 -99 -99
-1.00185411133711 -99 -99 -99 -99 -2.50019477361137 -2.53413475526877 -99 -99 -99
-99 -99 -99 2.72126819150724 -99 -99 -99 -99 -99 -99
-99 -99 -99 -99 -99 -99 -99 -99 -99 -99
2.38521255471117 -99 -99 -99 -99 0.0678395725465153 -99 -99 -99 -99
-99 -99 -99 -99 -99 1.02578691024039 -99 -99 -99 -99
0.629828847574561 -99 -99 -99 -99 -99 -99 -99 -99 -99
-0.654687666811203 -99 -99 -99 -99 -99 -99 -99 -99 -99
-99 -99 -99 -99 -99 -99 -99 -99 -99 -99
1.32922807684678 -99 -99 -99 -99 -99 -99 -99 -99 -99
0.424886328036353 -99 -99 -99 -99 -99 0.232163458477284 -99 -99 -99
-99 -99 -99 -99 -99 -99 -99 -99 -99 2.92029399325994
2.90075532456579 -99 -99 -99 2.83396009278181 -99 -99 -99 -99 -99
-99 -99 1.3912998516423 -99 -99 -99 -99 -99 -99 2.53156618636659
-99 -99 -99 -99 -99 1.66033914185187 -99 -99 -99 -99
-99 -99 -99 -99 -99 -99 -99 -99 -99 -99
-99 -99 -99 -99 -99 2.724313229013 -99 -99 -99 -99
0.397740648919095 -99 -99 -99 -99 -99 -99 -99 -99 -99
-99 -99 -99 -99 -99 -99 -99 -99 -99 -99
-99 -99 -99 -99 -99 -99 -99 -99 -99 -99
-99 -99 -99 -99 -99 -99 -99 -99 -99 -99
-99 -99 -99 -99 -99 -99 -99 0.165165505357463 -99 -99
-99 -99 -99 -99 -99 -99 -99 -99 -99 -99
-99 -99 -99 -99 -0.298350621544513 -99 -99 -99 -99 -99
-99 -99 2.00991769629434 -99 -99 -99 -99 -99 -99 -99
-99 1.06308968134309 -99 -99 -99 -99 -99 -99 -99 -99
-99 -99 -99 -99 -99 -99 -99 -99 -99 -99
-99 -99 -99 -99 -99 -99 -99 -99 -99 -99
-99 -99 -99 -99 -99 -99 -99 -99 0.736455835471694 -99
-99 -99 -99 -99 -99 1.84027147876029 -99 -99 1.77864765549357 -99
-99 -99 -1.00750619816811 -99 -99 -99 -99 -99 0.23103431027806 -99
-99 -99 -99 -99 -99 -99 -99 -99 -99 -99
-99 0.153023405406747 -99 -99 -99 2.58164731566213 -99 -99 -99 -99
-99 -99 -99 -99 -99 -0.284868271809914 -99 -99 0.215215470846101 -99
-99 -99 -99 -99 -99 -99 -99 -99 -99 -99
-99 -99 -0.874088586154639 -99 -99 -99 -99 -99 -99 -99
-99 -0.0238988903567128 -99 -99 -99 -99 -99 -99 -99 -99
-99 -99 -99 -99 -99 -99 -99 -99 -99 -99
-99 -99 -99 -99 -99 -99 -99 -99 -99 3.76521203195813
-99 -99 -99 -99 -99 -99 -99 -99 -99 -99
-99 -0.360475362003881 -99 -99 -99 0.689308596860373 -99 -99 2.02752460707216 -99
1.79976986107727 -99 1.61345676462236 -99 -99 -99 -99 -99 -99 -99
-99 -99 -99 -0.0230080630690415 -99 -99 2.22545958705507 -99 -0.080656942841369 -99
-99 -99 -99 -99 -99 -99 -99 -99 -99 -99
-99 -99 -99 -99 -99 -99 1.62701383078076 -99 -99 -99
-99 0.857573201042545 -99 -99 -99 0.92735519403077 -99 -99 -99 -99
-99 -99 -99 0.00534975069653565 0.168474619958883 -99 -99 -99 0.285718562657262 0.438619374851521
-99 -99 -99 -99 -99 -99 -99 -99 -99 3.21455048603845
-99 -99 -0.0659181919422784 -99 -99 -99 2.34007281498089 -99 -99 -99
-99 -99 -99 -99 -99 -99 -99 -99 -99 -99
0.784960234552014 -99 -99 0.735187796524515 -99 -99 -99 -99 -99 -99
-99 1.5520605076511 -99 -99 -99 -99 -99 -99 -99 0.109238016336171
-99 -99 -99 -99 -99 3.6667596944042 -99 2.7841292278629 -99 -99
-99 -99 -99 1.2786009904265 -99 -99 -99 -99 -99 -99
-99 -99 -99 -99 -99 -99 -99 -99 -99 -99
2.68535559865791 -99 4.31585635329814 -99 -99 -99 -99 -99 -99 -99
-99 -99 -99 -99 -99 -99 -99 -99 2.58315075908652 -99
-99 -99 2.5485619667619 -99 -99 -99 -99 -99 -99 -99
-99 4.49394801222698 -99 -99 -99 -99 -99 -99 -99 -99
1.25693684946602 -99 -99 -99 -99 -99 -99 -99 -99 -99
-99 -99 -99 -99 0.68374730036822 -99 0.430019691695534 -99 -99 -99
-99 -99 -99 1.24097486680208 -99 -99 -99 -99 1.10790632929085 -99
-99 -99 -99 -99 -99 1.7852819385049 -99 -99 -99 -99
-99 -99 -99 1.20390157957677 -99 -99 1.34757012012009 -99 1.50680848983002 -99
-99 -99 -99 -99 -99 -99 -99 -99 -99 -99
-99 -99 -99 -99 -99 -99 -99 -99 -99 -99
-99 -99 -99 -99 -99 -99 0.81623752728686 -99 0.776657103493587 -99
-99 -99 -99 -99 -99 -0.798334056040239 -99 -99 -99 -99
-99 -99 -99 -99 -99 -99 -99 -99 -99 -99
-99 -99 -99 -99 -99 4.2868396994535 -99 -99 -99 -99
-99 -99 -99 -99 -99 -99 -99 -99 -99 1.81416808574032
0.238644769635704 -99 -99 -99 -99 -99 -99 -99 -99 -99
-99 -99 -99 -99 0.796757685996321 -99 -99 -99 -99 1.83989559212926
-99 -99 -99 -99 -99 -99 -99 -99 -99 -99
-99 -99 -99 -99 -99 -99 -99 -99 -99 -99
-99 4.59258085860325 -99 -99 -99 -99 -99 -99 -99 -99
-99 -99 -99 -99 -99 -99 -99 -99 -99 -99
-99 -99 -99 -99 -99 -99 -99 -99 -99 -99
-99 0.310606223617208 -99 1.68415759166106 -99 -99 -99 -99 -99 -99
-99 -99 -99 -99 -99 -99 -99 2.40624992610217 1.60943923541051 -99
-99 -99 -99 -99 -99 -99 -99 -99 -99 -99
-99 -99 0.740858766979757 -99 -99 -99 -99 -99 -99 -0.121032124027786
-99 -99 -99 -99 -99 -99 -99 -99 -99 -99
-99 -99 -99 -99 -99 -99 -99 -99 -99 -99
-99 -99 -99 -99 -99 -99 -99 -99 -99 -99
-99 -99 -99 -99 -99 -99 -99 -99 -99 -99
-99 -99 -99 -99 0.0214762759124206 -99 -99 -99 -99 -99
-99 -99 -99 3.21880610718435 2.15818118569766 0.880255159810771 1.65101037880336 -99 2.49590631388588 0.326593009921618
-99 -99 -99 -99 -99 -99 -99 -99 -99 -99
-99 -99 -99 0.141765058141274 -99 -99 2.16772737142126 0.305811101036177 -99 -99
-99 -99 -99 -1.41595646980439 -99 -99 -99 -99 -99 -0.806506454568694
-99 -99 -99 -99 -99 -99 -99 -99 -99 -99
-99 -99 -99 -99 1.59685788704579 -99 -99 -99 -99 -99
-99 -99 -99 -99 -99 -99 -99 4.50044803837423 -99 2.24245865948061
-99 -99 -99 -99 -99 -99 -99 -99 -99 -99
-99 -0.269177112530985 -99 -99 -99 -99 -99 -99 -99 -99
-99 -99 -99 -99 -99 -99 -99 -99 -99 2.11371310946675
0.659667867516801 -99 2.02599455154297 -99 -99 -99 -99 -99 -99 -99
-99 -99 -99 -99 -99 -99 -99 -99 -99 -99
-99 -99 -99 -99 -99 -99 -99 -99 -99 -0.304352975454011
3.90147370419917 -99 -99 3.20604517861182 -99 -99 -99 5.28065274859501 -99 -99
-99 -99 -99 -99 -99 -99 -99 -99 -99 -99
-99 -99 -0.906258065102382 -99 -99 -99 -99 -99 -99 -99
-99 -99 -99 -99 -99 -99 -99 -99 2.01143108394757 -99
-99 -99 -99 2.51084582938433 -99 -99 -99 -99 -99 -99
-99 0.868562442878663 -99 1.31186622315339 -99 3.91188106800285 -99 -99 -99 -99
-99 -99 0.617335848108521 -99 -99 -99 -99 -99 -99 -99
-99 -99 -99 -99 -99 -99 -99 -99 -99 -99
-0.75392871584756 -99 -99 -99 -99 1.12396927076614 -99 -99 -99 -99
-99 -99 0.375685811418401 -99 -99 -99 -99 -99 -99 -99
-99 -0.0688857484517085 -99 2.29541486423909 -99 -99 -99 -99 -99 -99
-99 -99 -99 -99 -99 -99 -99 1.7198114969617 -99 -99
-99 -99 -99 -99 -99 -99 3.20789705735237 -99 -99 -99
-99 -99 -99 -99 -99 -99 -99 -99 -99 -99
-99 -99 -99 0.418441496360971 -99 -99 -99 -99 -99 -99
-99 -99 -99 -0.449649096569594 -99 -99 -99 -99 -99 -99
-99 -99 -99 1.05241387801036 -99 -0.311225122513908 -99 -99 -99 -99
-99 2.21684584621824 -99 -99 -99 -99 -99 -99 -99 -99
4.31907570471785 -99 -99 -99 -99 -99 -99 -99 -99 -99
-99 -99 -99 -99 -99 -0.368516805300387 -99 -99 -99 2.54683790017099
-99 -99 -99 -99 -99 -99 -0.700339712316328 -99 0.611945221946859 -99
-99 -99 -99 -99 -0.689814222886945 -99 -99 -99 -99 -99
-99 -99 -99 -99 0.642189720317307 -99 -99 -99 -99 -99
-99 -99 -99 -99 -99 -99 -99 -99 -99 -99
-99 -99 -99 -99 -99 -99 -99 -99 -99 -99
-99 -99 -99 -99 -99 -99 -99 -99 -99 -99
-99 -99 -99 -99 -99 -99 -99 -99 -99 -99
-99 -99 3.64996667770613 -99 -99 -99 -99 -99 -99 -99
-99 -99 -99 -99 -99 -99 -99 -99 1.29965126192579 -99
-99 -99 -99 -99 -99 -99 -99 -99 3.71710421149176 -99
-99 -99 2.22924008732968 -99 -99 -99 -99 -99 -99 -99
-99 -99 -99 -99 -99 -99 -99 -99 -99 -99
-99 -99 -99 -99 -99 -99 -99 -99 -99 -99
1.74011099813525 -99 -99 -99 -99 -99 -99 -99 -99 3.08301536520807
1.43830268283282 -99 -99 -99 -99 -99 -99 -99 -99 -99
-99 -99 -99 -99 -99 -99 -99 -99 -99 -99
-99 -99 2.56096612192782 -99 -99 -99 -99 1.85811025742142 -99 -99
-99 -99 -99 -99 -99 -99 -99 -99 -99 0.82216895472593
-99 -99 -99 -99 -99 2.11935782240394 -99 -99 -99 -99
-99 -99 -99 -99 -99 -99 -99 -99 -99 -99
-99 -99 -99 -99 -99 -99 -99 -99 -99 -99
-99 1.30519058512721 -99 -99 -99 -99 -99 -99 -99 -99
-99 -99 -99 -99 -99 -99 -99 -99 -99 -99
-99 0.362087302564431 -99 -99 -99 -99 -99 -99 -99 -99
2.04889098722134 -99 -99 2.15950113429077 -99 -99 -99 -99 -99 -99
-99 -99 0.45257520192875 -1.93749399712726 -99 -99 -99 -99 -99 -99
-99 -99 -99 -99 2.13047721097468 -99 -99 0.307829031219959 -99 -99
-99 -99 -99 -99 -99 -99 -99 -99 -99 -99
-99 -99 -99 -99 -99 -99 -99 -99 -99 -99
-99 -99 -99 -99 -99 -99 -99 -99 -99 -99
-99 1.27261846800955 -99 -99 -99 -99 -99 -99 -99 -99
-99 -99 -99 -99 -99 -99 -99 -99 -99 -99
1.5018488487202 -99 -99 -99 -99 2.59681480843784 -99 -99 -99 -99
-99 -99 -0.923528426963172 -1.07255630453573 -99 -99 -2.63436532767464 -2.48898699194221 -99 -99
-99 -99 -99 -99 -99 -99 -99 -99 -99 -99
-99 -99 -99 -99 -99 -99 -99 -99 -99 -99
-99 -99 -99 -99 0.885458717705448 -99 -99 1.41597115814714 -99 -99
-99 -99 -99 -99 -99 -99 -99 -99 -99 -99
-99 -99 -99 -99 -99 -99 -99 4.33677579394221 -99 -99
-99 -99 1.56632819604786 -99 -99 -99 -0.148270480953361 -99 -99 -99
-99 -99 -99 -99 2.55126685490212 -99 3.8554250972766 -99 -99 -99
-99 -99 -99 -99 -99 -99 0.0166806198187017 -99 -99 -99
-99 -99 -99 -99 -99 -99 -99 -99 -99 0.416370624849718
-99 0.41808467586966 -99 -99 -99 -99 -99 -99 -99 -99
-99 -99 -99 -99 -99 -99 -99 -99 -99 -99
1.82863880139743 -99 -99 -99 -99 -99 -99 -99 -99 -99
-99 -99 -99 -99 -99 -99 -99 -99 -99 -99
-99 -99 -99 -99 1.57308045893455 -99 -99 -99 -99 -99
-99 -99 -99 -99 1.62657889497901 -99 -99 -99 -99 -99
-99 -99 -99 -99 -99 -99 -99 -99 -99 -99
-99 -99 -99 -99 -99 -99 -99 -99 -99 -99
-99 -99 -99 -99 -99 1.20405482547154 -99 -99 -99 -99
-99 3.41553274323016 -99 -99 -99 -99 -99 -99 -99 1.33447658949561
-99 -99 -99 -99 -99 4.23466306369905 -99 -99 -99 -99
0.903083504656804 -99 -99 -99 -99 -99 -99 -99 1.91763502624468 -99
-99 -99 -99 0.310604883223709 -99 -99 -99 -99 -99 1.96558642364952
-99 -99 -99 -99 -99 1.01294007908992 -99 -99 -99 -99
2.97675991965129 -99 -99 -99 -99 -99 -99 -99 -99 -99
-0.298171431200081 -99 -99 0.15618082649513 -99 -99 -99 -99 -99 -99
-99 -99 -99 -99 -99 -99 -99 -99 -99 -0.317730505063672
-99 -99 -99 -99 -99 -99 -99 -99 -99 -99
-0.0955249961548932 -99 -99 -99 -99 -99 -99 2.03074453916219 -99 -99
-99 -99 -99 -99 -99 0.798905268781452 -99 -99 -99 -99
-99 -99 -99 -99 -99 -99 -99 -1.89007392864292 -99 -99
-99 -99 -99 -99 -99 4.85866922429656 -99 -99 -99 -99
-99 -99 -99 -99 -99 -99 -99 -99 -99 -1.1570129985195
-99 -99 -99 -99 -99 -99 -99 1.04412123594904 -99 0.849333697299589
-99 -99 -99 3.98128475689977 -99 -99 -99 -99 -99 -99
1.11175794665642 -99 -99 -99 -99 -99 -99 -99 -99 -99
-99 -99 -99 -99 -99 -99 -99 -99 -99 -99
-99 -99 -99 -99 -99 -99 -99 -99 -99 -99
-99 -99 0.781554198955199 -0.673475979688965 -99 -99 -99 -99 -99 -99
-99 -1.74529468780202 -99 -99 -99 -99 -99 -99 -99 -99
-99 -99 -99 -99 -99 -99 -99 -99 -99 -99
-99 -99 -99 -99 -99 -99 -99 -99 -99 -99
-99 -99 -99 -99 -99 -99 -99 -99 -99 -99
2.05301199056286 -99 1.6601994814369 -99 0.756973573977117 -99 0.560954766395014 -99 -99 -99
-99 -99 -99 1.14251239258694 -99 -99 -99 -99 -99 -99
-99 -99 -99 -99 -99 -99 -99 -99 -99 -99
-99 -99 -99 -99 -99 -99 -99 0.987397149745823 -99 -99
-99 -99 -0.24292256678686 -99 -99 -99 -99 -99 -99 -99
-99 -99 -99 3.18201392421503 -99 -99 -99 -99 -99 -99
-99 -99 -99 -99 -99 -99 -99 -99 -99 -99
-99 0.513882636338079 -99 -99 -99 -99 -99 1.53282888879848 -99 -99
-99 -99 -99 -99 -99 -99 -0.342278948496255 -99 -99 -99
-99 -99 -99 -99 -99 -99 -99 -99 -99 -99
-99 -99 -99 -99 -99 -99 -99 -99 -99 -99
-99 -99 -99 -99 -0.365622525157818 -99 0.542136798232965 -99 -99 -99
0.474194271260772 -99 -99 -99 -99 -99 -99 -99 -99 -99
-99 2.35989796329348 -99 -99 -99 -99 -99 -99 -99 -99
-99 -99 -99 -99 -99 -99 2.90161637758712 -99 -99 -99
-99 -99 -99 -99 -99 -99 -99 -99 -99 -99
2.60969722231006 -99 -99 -99 4.48773913976589 -99 -99 0.510982267874865 -99 -99
4.19214034726726 -99 1.93677569187376 -99 -99 -99 -99 -99 3.50361495322808 -99
-99 -99 -99 -99 -99 -99 -99 -99 -99 1.7827577829186
-99 -99 -99 1.44092899153653 -99 -99 -99 -99 -99 -99
-0.313416627587369 -99 -99 -99 -99 -99 0.190044802807476 2.78155043870597 -99 1.09999302025244
-99 -99 -99 -99 -99 -99 -99 -99 0.809490241505787 -99
-99 -99 -99 -99 -99 -99 -99 -99 -99 -0.00479439927280989
-99 -99 -99 -99 -99 -99 -99 -99 -99 -99
-99 -99 -99 -99 -99 -99 -99 -99 -99 -99
-99 -99 -99 -99 -99 -99 -99 -99 -99 -99
-99 -99 -99 -99 -99 -99 -99 -99 -99 -99
-99 -99 -99 -99 0.870097374714273 -99 -99 -99 -99 -99
-99 -99 -99 -99 -99 -99 -99 -99 -0.71052721725044 -99
-99 -99 -99 -99 -99 -99 0.0740519038174914 -99 -99 -99
-99 -99 -99 -99 -99 -99 -99 -99 -99 -99
-99 -99 -99 -99 -99 -99 -99 -99 -99 -99
-99 -0.877088456437891 -99 2.75135760700926 -99 -0.841848223035354 -99 -99 -99 -99
2.82504618650642 -99 -99 -0.50015685420246 -99 -99 -99 -99 -99 -99
-99 -99 -99 -99 -99 -99 1.6993547538732 -99 -99 -99
-99 -99 -99 -99 -99 -99 -99 -99 -99 -99
-99 -99 -99 -99 -99 -99 -99 -99 -99 -99
-1.63947518576252 -99 -99 -99 -99 -99 -99 -2.13546650330462 -99 -99
-99 -99 -99 -99 -99 -99 -99 -1.30786918161163 -99 -99
-99 -99 -99 -99 -99 -99 -99 -99 -99 -99
-99 -99 -99 -99 1.45352604417122 -99 2.11700682053112 -99 -99 2.03250514131218
-99 -99 -99 -99 -99 0.394840834464785 -99 -99 -99 -99
-99 -99 -99 -99 -99 -99 -99 -99 -99 -99
1.18323631966626 -99 -99 -99 -99 -99 -99 -99 -99 -99
-99 -99 -99 -99 -99 -99 -99 -99 -99 -99
-99 -99 0.507111536399705 -99 -99 -99 -99 -99 -99 -99
-99 -99 -99 -99 -99 -99 -99 -99 -99 -99
-99 -99 -99 -99 -99 -0.744340234125446 -99 -1.37028164396132 -99 -99
0.661754542642066 -99 -99 -99 -99 -99 -99 2.53219546866809 -99 1.19284099443403
-1.79530398907255 -99 -99 -99 -99 -99 -99 -99 -99 -99
-99 -99 -99 -99 -99 -99 -99 -99 -99 -99
-99 -99 -99 -99 -99 -99 -99 -99 -99 -99
-99 -0.77236712372767 -99 -99 -99 -99 -99 -99 -99 -99
-99 -99 -99 0.9914199606416 -99 -99 -99 0.874644088567456 -99 -1.27805948192241
-99 0.123970656335755 -99 -99 -99 -99 -99 -99 1.47671202912669 -99
-99 -99 -99 -99 -99 -99 0.967894229231814 -99 -99 -99
-99 -99 -99 -99 -99 -99 -99 -99 1.7337817729564 -99
-99 -99 -99 -99 -99 -99 -99 -99 -99 -99
-99 -99 -99 -99 -99 -99 -99 -99 -2.02161490795588 -99
2.25575547576965 -99 -99 -99 3.73379050384781 -99 -99 -99 -99 -99
-0.546086706829649 -99 -99 -1.23713961343967 -99 -99 -99 -99 -99 -99
-99 -99 -99 -99 -99 -99 3.48743281169546 -99 2.22551738430609 -99
-99 -99 -99 -99 -99 -99 -99 -99 -99 -0.447669235302105
-99 -99 -99 -99 -99 -99 -99 -99 -99 -99
-99 -99 -99 -1.49424379457245 -99 0.125918993062156 -99 -99 -99 -99
-99 -99 -99 -99 0.65208725950068 -0.268945938423502 -99 -0.822764013782969 -99 -99
-99 -99 -99 -99 -99 -99 -99 -99 -99 -99
-99 -99 -99 -99 -99 -99 -99 -99 -99 -99
-99 -99 -99 -99 -99 -99 -99 -99 -99 -99
-99 1.52380403829265 -99 -99 3.28237293607225 -99 -99 -99 -99 -99
-99 -99 -99 -99 -0.553457670972753 -99 0.556056073713715 -99 -99 -99
-99 0.51437380953841 -99 -99 -99 -99 -99 -99 -99 -99
-99 -99 -99 -99 -99 -99 -99 -0.846935190986484 -99 -99
-99 -99 -99 -99 -99 -99 -99 -99 -99 -99
-99 -99 -99 -99 -99 -99 -99 -99 -99 -99
2.80996750040966 -99 -99 -99 -99 2.04137571579642 -99 -99 -99 -99
-99 -99 -99 1.96224540394237 -99 -99 -99 -99 -99 -99
-99 -99 -99 0.0437049937738813 -99 -99 -99 0.689823920560218 1.58931973204176 -99
-99 -99 -99 -99 -99 1.09720624511183 -99 -99 -99 -99
-99 -99 -99 -99 -99 -99 -99 -99 -99 -99
-99 -99 -99 -99 -99 -99 -99 -99 -99 -99
-99 -99 -99 -99 -99 -99 -99 -0.346624387984719 -99 -99
-99 -99 -99 -99 -99 -99 -99 -99 -99 -99
3.28765246112469 -99 -99 -99 0.877231401816466 3.18351773403219 -99 -99 -99 -99
-99 -99 1.31788900720197 1.47276101828884 -99 -99 -99 -99 -99 -99
-99 -99 -99 -99 -99 -99 -99 -99 -99 -99
-99 -99 -99 -99 1.90661926587807 -99 -99 0.297425245726957 -99 -99
-99 -99 -99 -1.07562190717326 -99 -99 -99 0.809531943143465 -99 -99
-99 -99 -99 1.46693711737026 -99 -99 -99 -99 -99 -99
-99 -99 -99 -99 -99 -99 -99 2.40252179782245 -99 -99
-99 -99 -99 -99 -99 -99 -99 -99 -99 -99
1.0176900936097 -99 -99 -99 -99 -99 -99 0.759883663325854 -99 -99
-99 -99 -99 -99 -99 -99 -99 -99 -99 -99
-99 1.55637217851617 -99 -99 -99 -99 -99 -99 -99 -99
-99 -2.25028047325271 -99 0.492923899085988 -0.0744443230933707 0.772449460291811 -99 0.841467734607409 -99 -99
-99 -99 -99 -99 -99 0.438139043527312 -99 -99 -99 -99
-99 -99 -99 -99 -99 -99 -99 -99 -99 -99
-99 -99 -99 -99 -99 -99 -99 -0.0167830238227613 -99 -99
-99 -99 1.01791871457951 -99 -99 0.244088593215613 -99 -99 -99 -99
-99 -99 -99 -99 -99 -99 -99 -99 -99 -99
-99 -99 -99 -0.00282541343681242 -99 -99 -99 -99 -99 -99
-99 -99 -99 -99 3.37184958801848 -99 -99 -99 -99 -99
-99 0.983866860695949 -99 -99 -99 -99 -99 -99 -99 -99
-99 -99 -99 -99 -99 -99 0.514220925781415 -99 -99 -99
-99 1.63635074832236 -99 -99 0.00285090912781083 -99 -99 -99 -99 -99
-99 -99 -99 -99 -99 -99 -0.354453444404851 -99 -99 -99
-99 -99 -99 -99 -99 -99 -99 1.06897510071191 -99 -99
-99 -99 -99 -99 -99 -99 -99 -99 -99 -99
-99 -99 -99 -99 -99 -99 -99 -99 -99 -99
2.95084673668437 -99 -99 -99 -99 -99 -99 -99 -99 -99
-99 -99 -99 3.98546206794869 -99 -99 -99 -99 -99 -99
-99 -99 -99 -99 2.11390484150566 2.017885893301 -99 -99 -1.12357348545306 -99
-99 -99 -99 -99 -99 -99 -99 -1.25292300422142 -99 -99
-99 -99 -99 1.11817340299106 -99 -99 -99 -99 -99 -99
-99 -99 -99 1.59773506655928 -99 -99 -99 -99 -99 -99
-99 -99 -99 -99 -99 -99 -99 -99 -99 -99
-99 -99 -99 -99 -99 -99 -99 -99 -99 -99
-99 -99 -99 -99 -99 -99 -99 -99 -99 -99
-99 -99 -99 -99 -99 0.0962160021437419 -99 -99 -99 0.0795521676619733
-99 -0.272946168086746 0.184587970360328 -99 -99 -99 -99 -99 -99 -99
-99 -99 -99 -99 -99 -99 -99 -99 -99 -99
-99 -99 -99 -99 -99 -99 -99 -99 -99 -99
-99 0.121858660378292 -99 -99 -99 -99 -99 -99 -99 -99
-99 -99 -99 -99 -99 -99 -99 -99 -99 -99
-99 -99 -99 -99 -99 -99 -99 -99 1.0932036501683 -99
-99 -99 -99 -99 -99 -99 -99 -99 -99 -99
-99 -99 -99 -99 -99 -99 -99 1.12848684676743 -99 -99
-99 0.959195832684524 -99 -99 1.88003687499073 -99 -99 -99 -99 -99
-99 -99 -99 -99 -99 -99 1.4518098072141 -99 1.84537890605505 -99
-99 -99 2.41831661257294 -99 -99 -99 -99 -99 -99 -99
-99 -99 0.17871235970229 -99 -99 -99 -99 -99 -99 -99
-99 -99 0.784642595480954 -99 -99 -99 -99 -0.324299206390467 -99 -99
-2.49201560193846 -99 -99 -99 -99 -99 -99 -99 -99 -99
-99 -99 -99 -99 -99 -99 -99 -99 -99 -99
-99 -99 -99 -99 -99 -99 -99 -99 -99 -99
0.272985750308295 2.07123328149935 -99 -99 -99 -99 -99 -99 -99 -99
-99 -99 -99 -99 -99 -99 -99 -99 0.353896512003166 -99
-99 -99 -99 -99 -0.76581235888362 -99 1.33088857781706 -99 -99 -99
-99 -2.46603606706978 -99 -99 -99 -99 -99 -99 -99 -99
-99 -99 -99 -99 -99 -99 -99 -99 -99 -99
-99 -99 -99 -99 -99 -99 -99 -99 -99 -99
-99 -99 -99 -99 -99 -99 -99 1.07565689684428 -99 -99
-99 -99 2.6329234073336 -99 -99 -99 -99 -99 -99 -99
-99 -99 -99 -99 2.53461385464445 1.39261538290094 -99 -99 -99 -99
-99 -1.82725383215859 -99 -99 -99 -99 -99 -99 -99 -99
-99 -99 -99 -99 -99 -99 -99 3.77537970574728 -99 -99
-99 -99 -99 -99 -99 -99 -99 -99 -99 -99
-99 -99 -99 -99 -99 -99 -99 -99 -99 -99
-99 -99 -99 -99 -99 -99 -99 -99 -99 -99
1.21778124338083 1.09111562898963 -99 -99 -99 -99 -99 -99 -99 -99
-99 1.11883119091692 -99 -99 -99 -99 0.453041369494921 -99 0.974919785753917 -99
1.90304119815181 -99 -99 -99 -99 -99 -99 -99 -99 -99
-99 -99 0.645219103393814 -99 -99 2.4932478815018 -99 1.17177193733777 -99 -99
-99 0.379321009575564 -99 -99 -99 -99 -99 -99 -99 -99
-99 -99 -99 -99 -99 -99 -99 -1.41752924975587 -99 -99
1.41038486628585 -99 -99 -99 -99 1.89319315698236 -99 -99 -99 -99
-99 -99 -99 -99 -99 -99 -99 -99 -99 -99
-99 0.0963653611643079 -99 -99 -99 -99 -99 -99 -0.92692913906943 -99
-99 -99 -99 -99 1.82813749282789 -99 -99 -99 -99 -99
-99 -99 -99 -99 -99 -99 -99 -99 -99 -99
-99 -99 -99 -99 2.15429161893325 -99 -99 -99 -99 -99
-99 -99 -99 -99 -99 -99 -99 -99 -99 -99
-99 -99 -99 -99 -99 -99 2.14415226841503 -99 -99 -99
-99 -99 -99 -99 -99 -99 -99 -99 -99 -99
-99 -99 -99 -0.150877069562529 -99 -0.433142386074663 -99 -99 -99 -99
-99 -99 -99 -99 -99 -99 -99 -99 -99 -99
-99 -99 -99 -99 -99 -99 -99 -99 -99 -99
-99 -99 -99 -99 -99 -99 -99 -99 -99 -99
-99 -99 -99 -99 -99 -99 -99 -99 -99 -99
-99 -99 -99 -99 -99 -99 -99 1.7796285935488 -99 -99
-99 -99 -99 -99 -99 -99 -99 -99 -99 -99
1.01637078390326 -99 1.65645808239133 -99 2.62313815664143 -99 -99 -99 -99 -99
-99 -99 -99 -99 -99 -99 -99 3.63651374499388 -99 3.18244966626326
-99 -99 -99 -99 -99 1.7540258455743 -99 -99 -99 -99
-99 -99 -99 -99 -0.0820157235608026 -99 -99 -99 -99 -99
0.994499254863167 -99 -99 -99 -99 -99 -99 -99 -99 -99
-99 -99 -99 -99 -99 -99 -99 -99 -99 -99
-99 -99 -99 -99 -99 -99 -99 -99 -1.09681844268855 -99
-99 -99 -99 -99 -99 -99 -99 -99 -99 -99
-99 -0.458551658515252 -99 -99 -99 -99 -99 -99 -99 -99
-99 -99 -99 -99 -99 0.464708555037438 -99 -99 -99 -99
-99 -99 -99 -99 -99 -99 -99 -99 -99 -99
-99 -99 -99 -99 -99 -99 -99 -99 -99 -99
-99 -99 -99 -99 -99 -99 -99 -99 -99 -99
-99 -99 -99 -99 -99 -99 -99 -99 0.844092006736923 -0.741683508883896
-99 -99 -99 -99 -99 -99 -99 -99 -99 -99
-99 2.84393126299348 -99 1.94842665743938 -99 -99 -99 -99 -99 -99
-99 -99 -99 -99 -99 -99 -99 -99 -1.75655717759112 -99
-99 -99 -99 -99 -99 -99 -99 -99 -99 -99
-99 -99 -99 -99 -99 0.561331700710131 0.352405946770071 -99 -99 -99
-99 -99 -99 -99 -99 -99 -99 -99 -99 -99
-99 -99 -99 -99 -99 -99 -99 -99 -99 -99
-0.136225549999253 -99 -99 -99 -99 -99 -99 -1.16810230502594 0.638619006073765 -99
-99 3.35080807696246 -99 -99 -99 -99 -99 -99 -99 -99
-99 -99 -99 -99 -99 -99 -99 -99 -99 -99
-99 -99 -99 -99 -99 -99 -99 -99 1.91895311471392 -99
-99 -99 2.43716928948966 -0.117228704554707 -99 -99 0.948106435476495 -99 -99 -99
-99 -99 -99 -99 -99 1.46592761425896 -99 -99 -99 -99
-99 -99 -99 -99 -99 -99 -99 -99 -99 -99
-99 -99 -99 -99 -99 -99 -99 0.615921586658122 -99 -99
2.10185411656215 -99 -99 -99 -99 -99 -99 -99 -99 -99
-99 -99 -99 -99 -99 1.55862262903435 -99 2.28357095585346 -99 -99
0.485555414478703 -99 -0.524853401869513 -99 -99 -99 -99 -99 -99 -99
-99 -99 -99 -99 -99 -99 -99 -99 1.03314469026679 -99
-99 -99 -99 -99 -99 -99 -99 0.910184817572503 -99 -99
-99 -99 -99 1.73917596399981 -99 -99 -99 -99 -99 -99
-99 -99 -99 -99 1.75239510959279 3.09859350012696 -99 -99 -99 -99
-99 -99 -99 1.1190933242363 -99 -99 -99 -99 -99 -99
2.59078711839889 4.16177515485469 -99 -99 -99 -99 -99 -99 -99 -99
-99 -99 1.56115636247966 -99 1.14642767101583 -99 -99 -99 -0.716110399550435 -99
-99 -99 -99 -99 -99 0.465222008840517 -99 -99 -99 -99
-99 -99 -99 -99 4.01175795332957 -99 -99 -99 -99 -99
-99 -99 -99 -99 0.457815216182549 -99 -99 -99 -99 -99
-99 -0.653851473663031 -99 -99 -99 -99 -99 -99 -99 -99
-99 -99 -99 -99 -99 -99 -99 -99 -99 -99
-99 -99 -99 -99 -99 -99 -99 -99 -99 -99
-99 -99 -99 -99 -99 -99 -99 -99 -99 -99
-99 -99 1.81661116551433 -99 -99 -99 -99 -99 -99 -99
-99 -99 -99 -99 -99 -99 -99 1.32633246128133 -99 -99
-99 -99 -99 -99 -99 -99 -99 -99 -99 -99
-99 -99 -99 -99 -99 -99 -99 -99 -99 -99
-99 -99 -99 -99 -99 0.760107147187675 -99 -99 0.054014423805819 -99
-99 -99 -99 -99 -99 1.29499801076658 -99 -99 -99 -99
-99 -99 -99 -99 -99 -99 -99 -99 -99 -99
-99 -99 -99 -99 -99 -99 -99 -99 -99 -99
-99 -99 -99 -99 -99 -99 0.632765804492813 -99 -99 -99
-99 -99 -99 -99 -99 -99 -99 -99 -99 -99
-99 -99 -99 -99 -99 -99 -99 -99 -99 -99
-99 -99 -99 -99 -99 -99 -99 -99 -99 -99
-99 -99 -99 -99 -1.27139083871188 -99 -99 -99 -99 -0.973738007755369
-99 -99 -99 -99 -99 -99 -99 -99 -99 -99
-99 -99 -99 -99 -99 -99 -99 -99 -99 -99
-99 -99 -99 -99 -99 -99 -99 -99 -99 -99
-99 -99 -99 -99 -99 -99 -99 -99 0.250255930087693 -99
0.839738517020286 -99 -99 -99 -99 -99 -99 -99 -99 -99
-99 -99 -99 -99 -99 -99 -99 -99 -99 -99
0.982704150661122 -99 -99 -99 -99 -99 -99 -99 -99 -99
-99 2.92957850738537 -99 -99 -99 -99 -99 -99 -99 -99
1.27140011381984 -99 -99 -99 -99 -99 -99 -99 -99 -99
-99 -99 -99 -99 -99 -99 -99 -99 -99 -99
-99 -99 -99 -99 -99 -99 -99 -99 -99 -99
-99 -99 -99 -99 -99 -99 -99 -99 -99 -99
-99 2.60296473062314 -99 -99 -99 -99 -99 -99 -99 -99
-99 -99 -99 -99 -99 -99 -99 0.885206021461556 -99 -99
-99 -99 -99 -99 -99 -99 -99 -99 -99 -99
-99 -99 -99 1.20874972429624 -99 -99 -99 -99 -99 -99
1.74693281430033 -99 -99 2.52923198682208 -99 -99 -99 -99 -99 -99
-99 -99 -99 -99 -99 -99 -99 -99 -99 -99
0.60400700993255 -2.0522313822895 -99 -99 -99 -99 -99 -99 -99 -99
-99 2.33886298625183 -99 -99 -99 -99 -99 -99 -99 -99
0.774054030380032 -99 -99 -99 -99 -99 -99 -99 -99 3.56965313033533
-99 -99 -99 -99 -99 -99 -99 -99 -99 -99
-99 -99 -99 -99 1.07420764025089 -99 -99 -99 -99 -99
-99 -99 -99 -99 -99 -0.418107142179754 -99 -99 -99 -99
-99 -99 -99 -99 -99 -99 -99 -99 -99 -99
-99 -99 -99 -99 -99 -99 -99 -99 -99 -99
-99 -99 -99 -99 -99 -99 -99 -99 -99 -99
-99 -99 -99 -99 -99 -99 -99 -99 -99 -99
-99 -99 -99 -99 -99 0.284211154544822 -99 1.83425083784637 -99 -99
-99 0.576758140095498 -99 -99 0.951671034657697 -99 -99 1.65502334766658 -99 -99
-99 -99 -99 -99 -99 -99 -99 -99 -99 -99
-99 -99 -99 -99 -99 -99 -99 -99 -99 -99
-99 -99 -99 -99 -99 -99 -99 -99 -99 -99
-99 -99 -99 -99 -0.0709803654439769 -99 -99 -99 -99 -99
-99 -99 -99 -99 -99 -99 2.78829077371935 -99 -99 -99
-99 -99 -99 -99 -99 -99 -99 -99 -99 -99
-99 -99 -99 -99 -99 -99 -99 -99 -99 -99
-99 -99 -99 -99 -99 -99 -99 -99 -99 -99
0.750141782116081 2.83575881922985 -99 -99 -99 -99 -99 -99 -99 -99
-99 -99 -99 -99 -99 -99 -99 -0.565085838041395 -99 -99
-99 -99 -99 -99 -99 -99 -99 -99 -99 -99
-99 -99 -99 -99 -99 0.742898251916175 -99 1.18063372682734 -99 -99
-99 2.1793758190613 -99 3.09197825421152 -99 -99 -99 -99 -99 -99
2.36613598376435 -99 -99 2.36652900473087 -99 -99 -99 -99 -99 -99
-99 -99 -99 -99 -99 -1.79750531273315 -99 -99 -99 -99
1.40262095933732 -99 -99 -99 -99 -99 -99 -99 -99 -99
-99 1.52268128840425 -99 1.74857171855334 -99 -99 -99 -99 -99 -99
-99 -99 -99 -99 -99 -99 -99 -99 -99 -99
-99 -99 -99 -99 -99 -99 -99 1.80069631765333 -99 -99
-99 -0.314949483927666 -99 -99 -99 -99 -0.113529407489506 -99 -99 -99
-99 -99 -0.593503281466383 0.98906402029696 2.4364776322605 -99 -0.257710365411796 -99 -99 1.94241139078767
-99 -99 -99 -99 -99 -99 -99 -99 -99 -99
-99 -99 -99 -99 -99 -99 -99 -99 1.86766197488883 -99
-99 -99 -99 -99 -99 -99 -99 -99 -99 -99
1.77426828083583 -99 -99 -99 -99 -99 -99 -99 -99 -99
-99 -99 -99 -99 -99 -99 -99 -99 -99 -99
-99 -99 -99 -99 -99 -99 -99 -99 -99 -99
-99 -99 -99 -99 1.74158514100786 -99 -99 -99 -99 -99
-99 -99 -99 -99 -99 -99 -99 -99 -99 -99
-99 -99 -99 -99 -99 -99 -99 -99 -99 -99
-99 -99 1.32539165504795 -99 -99 -99 -99 -99 -99 -99
-99 -99 0.0982583712836675 -99 -99 -99 -99 -99 -99 -99
-99 -99 -99 -99 -99 -99 -99 -99 -99 -99
-99 -99 -99 1.10921039227706 -99 -99 -99 -99 -99 -99
-99 -99 -99 -99 1.7830153037441 1.06678731480615 -99 -99 -99 -99
-99 -99 -99 -99 -99 -99 0.630349227152929 -99 -99 -99
-99 -99 -99 2.40152972694581 2.8593833178644 -99 0.0964619986798906 -99 -99 -99
-99 1.90366440905492 -99 -99 -99 -99 -99 -99 -99 -99
2.98100481321864 0.405956917798275 -99 -99 -99 -99 -99 -99 -99 -99
-99 -99 -99 -99 -99 -99 -99 -99 -99 -99
-99 -99 -99 -99 2.73918775396165 -99 -99 -99 -99 -99
-99 -99 -99 -99 0.930769392822223 -99 -99 -99 1.71005767563794 -99
-99 -99 -99 -99 -99 -99 -99 -99 -99 -99
-99 -99 -99 -99 -99 -99 -99 -99 -99 -99
-99 -99 -99 2.07808977422073 -99 -99 -99 -99 -99 -99
-99 -99 -99 -99 -99 -99 -99 -99 -99 -99
1.0465769746213 -99 -99 -99 -99 -99 -99 -99 -99 -99
-99 -99 -99 -99 -99 -99 -99 -99 -99 -99
-99 -99 -99 -99 -99 -99 -99 -99 -99 -99
-99 -99 -99 -99 -99 -99 -99 -99 -99 -99
-99 -99 -99 -99 -1.21940603723033 -99 -99 -99 -1.26247126055664 -99
-99 -99 -99 -99 -99 -99 -99 -99 -99 -99
3.10260431456131 -99 -99 -99 -99 -99 -99 1.74658493549604 -99 -99
-0.088286936065866 -99 -99 -99 -99 0.364075944240927 -2.1415030873939 -99 -99 -99
-99 -99 -99 -99 -99 -99 -99 -99 -99 -99
-99 -99 -99 -99 -99 -99 -99 -99 -99 -99
-99 -99 -99 -99 -99 -99 -99 -99 -99 -99
-99 -99 -99 -99 -99 -99 -99 -99 -99 -99
1.93982234440435 -99 -99 -99 -99 -99 -99 -99 -99 -99
-99 -99 -99 -99 -99 -1.14269715051258 -99 -99 -99 -99
-99 -99 -99 -99 -99 -99 -99 -99 -99 -99
-99 -99 -99 -99 -0.413201642067498 -99 -99 -99 -99 -99
-99 -99 -99 -99 -99 -99 -99 -99 -99 -99
0.374723055724082 -99 -99 -99 -99 -99 -99 -99 -99 1.15012860938798
-99 -99 -99 -99 -99 -99 -99 -99 -99 -99
2.58584893418523 -99 -99 -99 -99 -99 -99 0.250634470961158 -99 0.542604387865836
-99 -99 -99 -99 -99 -99 -99 -99 -99 -99
-99 -99 -99 -99 -99 -99 -99 -99 -99 -99
-99 -99 -99 -99 0.977582668810833 -99 -99 -99 -99 -99
-99 0.0804285516295792 -99 -99 -99 -99 -99 -99 -99 -99
-99 -99 -99 -99 -99 2.07042372211302 -99 -99 -99 -99
-99 -99 -1.05069207032728 -99 -99 -0.00557717507245825 -99 -99 -99 -99
-99 -99 -99 -99 -99 -99 -99 -1.35325912262952 -99 -99
-99 -99 -99 -99 -99 -99 -99 0.499776339457168 -99 2.01045435728192
-99 -99 -99 -99 -99 -99 -99 -99 -99 -99
-99 -99 -99 -99 2.02361160080195 -99 -99 -99 -99 -99
-99 -99 -99 -99 -99 -99 -99 -99 -99 -99
-99 -99 -99 -99 -99 -99 -99 -99 -99 -99
-99 -99 -99 -99 -1.16698639215226 -99 -99 -99 -99 -99
-99 -99 -99 -99 -99 -99 -99 -99 -99 -99
-99 -99 -99 -99 -99 -99 -99 -99 -99 -99
-99 -99 -99 -99 -99 -99 -99 -99 1.68855625074469 -99
-99 -99 -99 1.02728926293613 -99 -99 -99 -99 -99 -99
-99 -99 -99 -99 -99 -99 -99 -99 -99 -99
-99 -99 -99 -99 1.24444398138621 1.78768542013434 -99 -99 -99 1.98166529130439
-99 -99 -99 -99 0.330528596004303 -99 -0.336016268398431 -99 -99 -99
-99 -99 -99 -99 -99 -99 -99 -99 -99 -99
-99 -99 -99 -99 -99 -99 -99 -99 -99 -99
-99 -99 -99 -99 -99 -99 -99 -99 -99 -99
-99 -99 -99 -99 -99 -99 -99 -99 -99 -99
-99 -99 -99 -99 -99 2.47493665635509 -99 -99 -99 -99
-99 -99 -99 -99 0.979842059565152 -99 -99 -99 -99 -99
-99 -99 -99 -99 -99 -99 -99 3.62580056776342 -99 -99
-99 -99 -99 -99 -99 -99 -99 1.90398279979965 -99 -99
-99 1.5133899490215 -0.964785900108911 -99 -99 -99 0.370267877834076 -99 -99 -99
0.21449978533133 -99 -99 2.59491929245041 -99 -99 -99 -99 -99 -99
-99 -99 1.97438453324783 -99 -99 -99 -99 -99 -99 -99
1.8082948320568 -99 -99 1.29526272576947 -99 -99 -99 -99 2.14408430241144 -99
0.593267595625603 1.42756471761774 -99 -99 -99 -99 -99 -99 -99 1.2945790386165
-99 -99 -99 -99 -99 -99 -99 -99 -99 -99
-99 0.537078026429875 -99 -99 -99 -99 -99 -99 -99 -99
2.59019685768379 -99 -99 -99 -99 -99 -99 -99 -99 -99
-1.49607575010701 -99 -99 -99 -0.0809767033490316 0.577232988155662 -99 -1.04420641507517 -99 -99
-99 0.460207150250708 0.23577359528476 -99 -99 -1.54632388149902 -0.325928403277497 -1.05043034107454 -99 -99
-99 -99 -99 -99 0.138394875352208 -99 -99 -99 -99 2.59050121494898
-99 -99 -99 -99 -99 -99 -99 -99 -99 -99
-99 -99 -99 -99 -99 -99 -99 -99 -99 -99
-99 -99 -99 -99 -99 -99 -99 -99 1.80810841229821 -99
-99 -99 -99 -99 -99 -1.7935519139317 -99 -99 -99 -99
-99 -99 -99 -99 -99 -99 -99 -99 -99 -99
-99 -99 -99 -99 -99 -99 -99 -99 -99 -99
-99 -99 -99 -0.0732532812958344 -99 -99 -99 -99 -99 -99
-99 -99 -99 -99 -0.411663317921746 -99 -99 -99 -99 -99
-99 -99 -99 -99 -99 -99 -99 -99 -99 -99
-99 -99 -99 -99 -99 -0.492380454174153 1.27524156578017 -99 -99 -99
1.92532533152211 0.55321192024739 -99 -99 -99 -99 1.60717713959765 -99 -99 -99
1.19569707132411 -99 -99 -99 -99 -99 -99 -99 -99 -99
-99 -99 -99 -99 -99 -99 -99 4.67841141179429 -99 -99
-99 -99 -99 -99 -99 -99 -99 -99 -99 -99
-99 -99 -99 -99 -99 0.498360878546406 -99 -99 -99 -0.986108797872793
-99 2.96026966207899 -99 -99 -99 -99 -99 -99 -99 -99
-99 -99 -99 -99 -99 -99 -99 -99 -99 -99
-99 -99 -99 -99 -99 -99 -99 1.10742644854103 -99 -99
-99 -99 -99 -99 -99 -99 -99 -99 -99 -99
-99 -99 -99 -99 -99 -99 -99 -99 1.1185080204812 -99
-99 -99 0.144860970974936 -99 -99 -99 -99 -99 -99 -99
1.00613771986808 -99 -99 -99 -99 1.62043509014803 -99 -99 -99 -99
-99 -99 -99 -99 -99 -99 -99 -99 -99 -99
-99 -0.50892808779351 -99 -99 -99 -99 -99 -99 -99 -99
-99 -99 -99 -99 -99 -99 -99 -99 -99 1.05760400652613
-99 -99 -99 -99 -99 -99 -99 -99 3.65924761523638 -99
-99 -99 0.657300950107612 -99 -99 -99 -99 -99 1.83200247406146 0.238021222936848
1.03888092514287 -99 -99 2.61296634745381 -99 -99 -99 -99 -99 -99
-99 -99 -99 -99 -99 -99 -99 -99 -99 -99
-99 -99 -99 -99 -99 -99 -99 -99 -99 -99
-99 -99 -99 -99 -99 -99 -99 -99 -99 -99
-99 -99 1.35440965940545 0.187209562430174 -99 -99 0.964440398341398 -99 -99 -99
-99 -99 -99 -99 -99 -99 -99 -99 -99 -99
-99 -99 -99 -99 -99 -99 -99 1.97202993144005 -99 -99
-99 -99 -99 2.05212967519742 -99 -99 -99 -99 -99 -99
-99 -99 -99 -99 -99 1.3278233572042 -99 -99 -99 -99
-99 -0.0534464876320808 -99 -99 -99 -99 -99 -99 -99 -99
-99 -99 -99 -99 -99 -99 -99 -99 -99 2.80571826458237
0.164211637626088 -99 -99 -99 -99 -99 -99 -99 -1.94696561708143 -99
-99 -99 0.674250277709423 -99 1.0060196587743 -0.427154392911019 -99 -99 -99 -99
-99 -99 -99 -0.219213321583403 -99 -99 -99 -99 -99 -99
-99 -99 -99 -99 -99 -99 -99 -99 -99 -99
-99 -99 -99 -99 -99 -99 2.99400580747785 -99 -99 -99
-99 3.10900987663382 -99 -99 -99 -99 -99 -1.86338540237831 -99 -99
-99 -99 -99 -99 -99 -99 -99 -99 -99 -99
-99 0.573481731320964 -1.68418690299707 -99 -99 -99 -99 0.972990053309577 -99 -0.458393058864841
-99 -99 -99 -99 -99 -99 -99 -99 0.321801288544486 -99
-0.246850606878125 -99 -99 -99 -1.41093157215776 -99 -99 -99 -99 -99
-99 -99 -99 -0.503796881868932 -99 -99 -99 -99 -99 -99
2.19172587905505 -99 -99 -99 -99 -99 -99 -99 -99 -99
-99 1.60828553240207 -99 -99 -99 -99 -0.36497754424281 -99 -99 -99
-99 -99 -99 -99 -99 -99 -99 1.2501186016232 -99 -99
-99 -99 -99 -99 -99 -99 -99 -99 -99 -99
-99 -99 -99 -99 -99 -99 -99 0.0590965559519551 -99 -99
-99 -99 -99 -2.58420990102169 -99 -99 -99 -99 -99 -99
-99 -99 -99 -99 -99 2.1378417088606 -99 0.393423751796904 -99 -99
-99 -99 -99 -99 -99 -99 -99 -99 -99 -99
-99 -99 -99 -99 -99 -99 -99 -99 -99 -99
-99 -99 -99 -99 -99 -99 1.32977103445728 -99 -99 -99
-99 -99 -99 -99 -99 -99 -2.0699694587868 0.285717573322021 -99 -99
-99 -99 -99 -99 -99 -99 -99 -99 -99 -99
-99 -99 -99 -99 -99 -99 -99 -99 -99 -99
-99 -99 -99 -99 -99 -99 -99 -99 -99 -1.90286503608847
-99 -99 -99 -99 0.650558231832452 -99 -99 -99 -99 -99
-99 -99 -99 -99 -99 -0.55293776326744 -99 -99 -99 -1.29370819242193
-99 -99 -99 -99 -99 -99 -99 -99 -99 -99
-99 -99 4.97875820862226 -99 0.987974157015193 -99 -99 -99 1.46782663882872 -99
-99 -99 -99 -99 -99 -99 -99 -99 -99 -99
-99 -99 -99 -99 -99 -99 -99 -99 -99 -99
-99 -99 -99 -99 -99 -99 -99 -99 3.90673968924623 -99
-99 -99 -99 -99 -99 -99 0.806649898713289 -99 -99 -99
-99 -99 -99 -99 -99 3.90560705871628 -99 -99 -99 -99
-2.13507461794679 0.677906424705942 -0.698665568109459 -99 -99 -99 -99 -99 -99 -99
-99 -99 -99 -99 -99 -99 -99 -99 -99 -99
-99 -99 -99 -99 -99 -0.303114786886882 -99 -99 -99 -99
-99 -99 -99 -99 -99 -99 -99 -99 -99 -99
-99 -99 -0.968267075558866 -99 -0.00144727301618364 -99 -99 -99 -99 -99
-99 -99 -99 -99 -99 -99 -99 -99 0.0436746510022542 -99
-99 -99 -99 -99 -99 -99 -99 -99 -99 -99
-99 -99 -99 -99 -99 -99 -99 -99 1.2432279639717 -99
-99 -99 -0.17171478479164 -99 -99 0.127985320245117 -99 1.87884350739777 -99 -99
-99 -99 -99 -99 -99 -99 1.59973130291861 -0.187781628436982 1.38462931320895 -99
-99 -1.36661774923528 -99 -99 -99 -99 -99 -99 -99 0.429365990987978
-99 0.518791667005537 -99 -99 -99 -99 -99 -99 -99 -99
-99 -99 -99 -99 -99 0.724368626039464 1.77397600039661 -99 -99 -99
-99 -99 -99 -99 -99 -99 -99 -99 -99 -99
-99 -99 -99 -99 -99 -99 -99 -99 -99 -99
-99 -99 -99 -99 -99 -99 -99 -99 -99 -99
-99 -99 3.37326521002949 -99 -99 -99 3.47078841770566 2.76886363358136 -99 -99
-99 -99 -99 2.06257861891617 -99 -99 -99 -99 -99 -99
-99 0.585612576834567 -99 -99 -99 1.44604537108741 -0.879522101965303 -99 -99 -99
-99 -99 -99 -99 -99 -99 -99 -99 -99 -99
3.81414353116465 -99 -99 -99 -99 -99 -99 -99 -99 -99
-99 -99 -99 -99 -99 2.44644436132572 -99 3.73480959908801 -99 -99
-99 -99 -99 -99 -99 -99 -99 -99 -99 -99
-99 1.62855724999476 -99 -99 -99 -99 -99 -99 -99 -99
-99 1.66144274046475 -99 -99 -99 -99 0.997922925682866 -99 -99 -99
-99 -99 -99 -99 -99 -99 -99 -99 -99 -99
-99 -99 -99 -99 -99 2.65631922610977 -99 -99 -99 -99
-99 -99 1.34262033276796 -99 -99 -99 1.54260629085707 -99 -99 -99
-99 -99 -99 -99 -99 -99 -0.0999854322839802 -99 -99 -99
0.248611467182722 -99 -99 1.62217833291337 -99 -99 -99 -99 -99 -99
-99 -1.36308036596763 -99 -99 -99 -99 -99 -99 -99 -99
1.76638645502405 -99 -99 -99 -99 0.083806848151858 0.467159720814594 -99 -99 -99
-99 -99 0.999581823398141 -99 -99 -99 -99 -99 0.77686181452502 -99
-99 -99 -99 -99 -99 -99 1.15883179743919 -99 -99 4.34609498062662
-99 -99 -99 -99 -99 -99 -99 -99 -99 -99
-99 -99 -99 -99 -99 -99 -99 -99 -99 -99
-99 -99 -99 -99 -99 -99 -99 -99 -99 -99
-99 -99 -99 -99 -99 -99 -99 -99 -99 -99
-99 -99 -99 -99 -99 -99 -99 -99 -99 -99
-99 -99 -99 -99 -99 -99 -99 -99 -99 -99
-99 -99 -99 -99 -99 -99 -99 -99 -99 -99
-99 -99 -99 -99 2.91694807432566 -99 -99 -99 -99 -99
3.5648980152531 -99 -99 -99 -99 -99 1.4055762006669 -99 -99 -99
-99 -99 -99 -2.00544889572415 -99 -99 -99 -99 -99 -99
-99 0.104445359949977 1.94351503258527 -99 -99 -99 -99 -99 -99 -99
-99 -99 -99 -99 -99 -99 -99 -99 0.213249801612592 -99
-99 0.460636286091154 -99 -0.191214416096961 -99 -99 -99 -99 0.250808096768732 1.17909809281126
-99 -99 -1.43635375480448 -99 -99 -99 -99 -99 -99 -99
-99 -99 -99 -99 -99 -99 -99 -99 -99 -99
2.51112206573291 -99 -99 -99 -99 -99 -99 1.01652914537352 -99 -99
-99 1.39754527645249 -99 -99 -99 -99 -99 -99 -99 -99
-99 -99 -99 -99 -99 -99 -99 -99 -99 -99
0.350735288598692 -99 -99 -99 -99 -2.22824376154275 -99 -99 -0.533760142511484 -99
-99 -99 -99 -99 -99 -99 -99 -0.193698573467606 -99 -99
-99 -99 -99 -0.00875756022894647 -99 -99 -99 -99 -99 -99
-99 -99 -99 0.467275163731616 -99 -99 -99 -99 -99 0.999211329324735
-99 -99 -99 -99 -99 -99 -99 -99 -0.44790806341799 -99
-99 -99 -99 -99 -99 -99 -99 -99 -99 -99
-99 -99 -99 -99 -99 -99 -99 -99 -99 -99
-99 -99 -99 -99 -99 -99 1.47117450114614 -99 -99 -0.0594272938879878
-99 1.89383520686816 -99 -99 -99 -99 2.74456151031888 -99 -99 -99
1.73234509531654 -99 -99 -99 -99 -99 -99 -99 -99 -99
-99 -99 -99 -99 -99 -99 0.308605061222617 -99 -99 -99
-99 -99 -99 -99 0.048871180330628 -99 -99 -99 -99 0.184267338390574
-99 -99 -99 -99 -99 -99 -99 -99 -99 -99
-99 -99 -99 -99 0.28492845730938 -99 -99 -99 -99 0.151982396799607
-99 -99 -99 -99 2.34966623365395 -99 -99 -99 -99 -99
-99 -99 -99 -99 -99 -1.15533224793091 -99 -99 -99 -99
-99 -99 -99 -99 -99 -99 -99 -99 -99 2.33157193347933
-99 -99 -99 -99 -99 -99 -99 -99 -99 -99
2.25887342906959 -99 -99 -99 -99 -99 -99 -99 -99 -99
