-99 -99 -99 -99 -99 1.11897020660383 -99 -99 -99 -99
-99 -99 -99 -99 1.04118478848769 -99 -99 -99 -99 -99
-99 2.04444124111183 -99 -99 -99 -99 -99 -99 -99 1.27089310334497
-99 -99 -99 -99 -99 -2.04368634063195 -99 -99 -99 -99
-99 -99 -99 -99 -99 0.557917192597484 -99 1.05188002127343 -99 0.634877468732956
-99 -99 -99 -99 -99 -99 -99 -99 -99 -99
-99 -99 -99 -99 -99 -99 -99 -99 -99 -99
-99 -0.126513577902023 -99 -99 -99 -99 -99 -99 -99 -99
0.726004803005347 -99 -99 1.32711538996871 -99 -99 0.422247053387263 -99 -99 2.44094549458942
-99 -99 -99 -99 -99 -99 -99 -99 -99 -99
-99 -99 0.538832767420351 -99 -0.757475057244073 -99 -99 -99 2.06590815550722 -99
-99 -99 -99 -99 -99 -99 -99 -99 -99 -99
-99 -99 -99 -99 -99 -99 -99 -99 -99 -99
-99 -99 -99 -99 -99 -99 -99 -99 -99 -99
-99 -99 -99 -99 -99 1.87140755334009 -99 -99 -99 -99
-99 -99 -99 -99 -99 -99 -99 -99 -99 -99
0.82766588024621 -99 -99 -99 1.14309017292555 -99 -99 -99 -99 -99
-0.811413895153702 -99 -99 -99 -99 -99 -99 -99 -99 -99
1.91057735567925 -99 -99 -99 3.64634357814555 3.44602491448007 -99 -99 -99 -99
-99 -99 -99 -99 -99 -99 0.644650773731273 -0.535269720510899 -99 -99
-99 -99 -99 -99 -99 -99 -99 -99 -99 -99
-99 -99 -99 -99 -99 1.52945524862588 -99 -99 -99 1.39169871677238
1.2245320897576 1.94709217170992 -99 -99 -99 -99 -99 -99 -99 -99
-99 -99 -99 -99 -99 -99 -99 1.00394052628314 -99 -99
-99 -99 -99 -99 1.63749418437672 -99 -99 -99 -99 -99
-99 -99 -99 -99 -99 -99 -99 -99 -99 -99
-99 -99 -99 -99 -99 -99 -99 2.63169168441079 -99 -99
-99 -99 -99 -99 -99 -99 -0.776861462998678 -99 -99 -99
-99 -99 -99 2.93611733914357 1.59618952030538 1.73058004232051 -99 -99 -99 -99
-99 -99 -99 -99 -99 -99 -99 -99 -99 -99
-99 -99 -99 -99 -99 -99 1.51997023615361 -99 -99 -99
-99 -99 -99 -99 -1.62496636834973 -99 -99 -99 -99 -99
-99 -99 -99 -99 -99 -99 -99 -99 -99 0.820797505170083
-99 -99 -99 -99 -99 -99 -99 -99 -99 -99
-99 -99 -99 -99 -99 -99 -99 -99 -99 -99
-99 -99 -99 -99 -99 -99 -99 -99 -99 -99
-99 -99 -99 -99 -99 -99 2.60248380469126 -99 -99 -99
-99 -99 -99 -99 -99 -99 -99 -99 -99 -99
-99 -99 -99 -99 -99 -99 -99 -99 -99 -99
-99 0.996234896766853 -99 -99 -99 -99 -99 -99 -99 -2.50899037771754
-99 -99 -99 -99 -99 -99 1.87852114656576 -99 -99 -99
-99 -99 -99 -99 -99 -99 -99 -99 -99 -99
-99 -99 -99 -99 -99 -99 -99 -99 -99 -99
-99 -99 -99 -99 -99 -99 -99 -99 -99 -99
-99 -99 1.30748187872681 -99 -99 -99 -99 -99 -99 0.696596072687887
-99 -99 -99 -99 -99 -99 -99 -99 -99 -99
-99 -0.0118354728296197 -99 -99 -99 -99 -99 -99 -99 -99
-99 0.79456763355622 -99 -99 -99 -99 -0.813752223350449 -99 -2.06808950933217 -99
-99 -99 -99 -99 -99 -99 -99 -99 1.45867453601766 -99
-99 -99 -99 -99 -99 -99 -99 -99 -99 -99
-99 -99 -99 -99 -99 -0.398896737342164 -99 -99 -99 -99
-99 -99 -99 -99 -99 -99 -99 -99 -99 -99
-99 -99 -99 0.944571334223414 -99 -99 -99 -99 -99 -99
-99 -99 -99 -99 -99 -99 -99 -99 -99 -99
-99 -99 -99 -99 -99 -99 -99 -99 -99 -99
-99 -99 -99 -99 -99 1.41713380548402 -0.283391570548941 -99 -99 2.21330494491503
-99 -99 -99 -99 -99 -99 -99 -99 -99 -99
0.0619901116858367 -99 -99 -99 -99 -99 -99 -99 -99 -99
-99 -99 -99 -99 -99 -99 -99 -99 -99 -99
-99 -99 -99 -99 -99 -99 -99 -99 -99 -99
0.226732235485622 -99 -99 -99 -99 -99 -99 1.54774749676109 -99 -99
-99 -99 -99 -99 -99 -99 -99 -99 -99 -99
-99 0.141486007954515 -99 -99 -99 -99 -99 -99 -99 -99
-99 -99 -99 -99 -99 -99 -99 1.42191514661323 -99 -99
-99 -99 -99 -99 -99 -99 1.66146328357725 -99 -99 -99
-99 -99 -99 -99 -99 -99 -99 0.318902275366942 -99 1.79018353833181
-99 -99 -99 -99 -99 -99 -99 -99 -99 -99
-99 -99 -99 -99 -99 -99 -99 -99 -99 -99
-99 -99 -99 -99 -99 -99 -99 -99 -99 -99
0.182719812660991 -99 -99 2.47158364916554 2.23689305210687 -99 -99 -99 -99 -99
0.541675934188343 -99 -99 -99 -99 -99 -99 -99 -99 -99
-99 -99 -99 -99 -99 -99 -99 -99 -99 -99
-99 -99 -99 -99 -99 -99 -99 -99 -99 -99
-99 -99 -99 -99 -99 -99 -99 -99 -99 -99
-99 -99 -99 2.21345504750863 -99 -99 -99 -99 -99 4.07999834677734
-99 -99 0.413398595491784 -99 -99 -99 -99 -99 -99 -99
-99 -99 -99 -99 -99 -99 -99 -99 -99 -99
-99 -99 -99 -99 -99 -99 2.35588039131398 -99 -99 0.51154240260277
-99 -99 -99 -99 -99 -99 -99 -99 -99 -99
-99 -99 -99 -1.23322204399526 -99 -99 -99 -1.09637617416078 -99 -99
2.47316994488368 -99 2.34391606394136 -99 -99 1.10419351954684 -99 -99 -99 -99
-99 -99 -99 -99 -99 -99 -99 -99 -99 -99
-99 -99 0.0312099547109262 -99 -99 -99 -99 -99 -99 -99
-99 -99 -99 -99 -99 -99 -99 -99 -99 -99
-99 -0.609820156812269 0.066418708207697 0.096663816364024 -99 -99 -99 -99 -99 -99
-99 -99 -99 -99 -99 -99 -99 2.56179859059232 1.25754239381726 -99
-99 -99 1.39786834735935 0.504343863467182 -99 -99 -99 -99 -99 -99
-99 -99 -99 -0.1171293972358 -99 -99 -99 -99 -99 0.8034228115959
-99 -99 -99 -99 -99 -99 -99 -99 -99 -99
-99 -99 -99 -99 -99 -99 -99 0.528151975255075 -99 -99
-99 -0.506419683224194 -99 -99 -99 -99 -99 -99 -99 -99
-99 -99 2.05362870001323 -99 -99 -99 -99 -99 -99 -99
-99 -99 1.21617868118648 -99 -99 -99 -99 -99 -99 -99
-1.40181466646543 -99 -99 -99 -99 -99 -99 -99 -99 -99
-99 -99 -99 -99 -99 -99 -99 -99 -99 -99
-99 -99 -99 1.27632004153633 -99 -99 -99 -99 -99 -99
-99 -99 -99 -99 -99 -99 -99 -99 -99 -99
-99 -99 -99 -99 -99 -99 -99 -99 -99 -99
-99 -99 -99 -99 -99 -99 -99 -99 -99 -99
-99 -99 -99 -99 -99 -99 -99 -99 -99 -99
-99 -99 -99 -99 -99 -99 -99 -99 0.198153232278163 -99
0.122178628415538 -99 -99 -99 -99 -99 -99 -99 0.603664421584775 -99
-99 -99 -99 -99 2.38336801794678 -99 2.20284260814839 -99 -99 -99
-99 -99 -99 -99 -99 -99 -99 -99 -99 -99
-99 -99 -99 -99 -99 -99 -99 -99 -99 -99
-99 -99 -99 -99 -99 -99 -99 -99 -99 -99
-99 -99 2.4984826469833 -99 -99 -99 -99 -99 -99 -99
-99 -99 -99 -99 -99 0.632052560380438 -99 -99 -99 -99
-99 -99 -99 -1.84776893298677 -99 -99 -99 -99 -99 -99
-99 -99 -99 -99 -99 -99 2.05775157093884 -99 -99 -99
-99 -99 -99 -99 -99 -99 -99 -99 -99 -99
-99 -99 -99 -99 -99 -99 -99 -99 -99 -99
-1.60316997095366 -99 -99 -99 -1.3122993449041 -99 -99 -99 -99 -99
-99 -99 -99 -99 -99 -99 -99 -99 -99 -99
-99 -99 2.73895027512461 -99 -99 -99 -99 -99 -99 -99
-99 0.976981470179512 -99 -99 -99 -99 -99 -99 -99 -99
-99 -99 1.83598525598358 -99 -99 -99 -0.230296501552335 -99 -99 -99
-99 -99 -99 -99 -99 -99 -99 -99 1.51727930382409 -99
-99 -99 2.24755219117679 -99 -99 -99 -99 -99 -99 -99
-99 -99 -99 -99 -99 -99 -99 -99 -99 -0.649720996867508
-99 -99 -99 -99 -99 -99 0.505280522120625 -99 -99 -99
-99 -99 -99 -99 -99 3.80294557309907 -99 2.26204988428128 -99 -99
-0.858572646273844 -99 -0.296821977874266 -99 -0.364271597765332 -99 -99 -0.019630435863373 -99 -99
-99 -99 -99 -99 -99 -99 -99 -99 -99 -99
-99 -99 -99 -99 -99 -99 -99 -99 -0.173118813229351 1.42560093548898
-99 -99 -99 -99 -99 -99 -99 -99 -99 -99
2.53967336703905 -99 -99 -99 -99 -99 -99 -99 -99 -99
-99 -99 -99 -99 -99 -99 -99 -99 -99 -99
-99 -99 -99 -99 -99 -99 -99 -99 -99 -99
-99 -99 -99 -99 -99 -99 -99 -1.59003932137179 -99 -99
-99 -99 -99 -99 -99 -99 -99 -99 -99 -99
-99 1.38737709864767 -99 -99 -99 -99 -99 3.75107820575819 -99 -99
-99 -0.650677769385549 -99 -99 -99 -99 -99 -99 -99 -99
-99 -99 -99 -99 -99 -99 -99 -99 -99 0.807507709783962
-99 -99 -99 -99 -99 1.27367231475901 -99 -99 -99 -99
-99 -99 -99 -99 -99 -99 -99 -99 -99 -99
-99 -99 -99 -0.745475086496828 -99 -99 -99 3.24173268181479 -99 -99
-99 -99 -99 -99 -99 -99 -99 -99 -99 -99
-99 -99 -99 -99 -99 -99 -99 -99 -99 -99
-99 -99 -99 -99 -99 -99 -99 -99 -99 -99
-99 -99 -99 -99 -99 -99 -99 -99 1.14097801187952 -99
-99 -99 -99 -99 -99 -99 -99 -99 -99 -99
-99 4.05137649705502 -99 -99 -99 -99 -99 -99 -99 -99
-1.41393925406219 -99 -0.96055657847856 -99 -99 -99 -99 -0.74272119455678 -99 -99
-99 -99 -99 -99 -99 -99 -99 -99 -99 -99
-99 -99 -99 -99 -99 -99 -99 -99 -99 -99
-99 -99 -99 -99 -99 -99 -99 -99 -99 -99
-99 -99 -99 -99 -99 -99 -99 -99 -99 -99
-99 -99 -99 -99 -99 -99 -99 -99 0.803592462003673 -99
-99 -99 -99 -99 -99 -99 -99 -99 -99 -99
-99 -99 -99 -99 -1.49591337622574 -99 -99 -99 -99 -99
-99 -99 -99 -99 -99 1.31686528474947 -99 -99 -99 -99
-99 -99 -99 -99 -99 -99 -99 -99 -99 -99
-99 -99 -99 -99 -99 -99 -99 -99 -99 -99
-99 -99 -99 -99 -99 -99 0.279509860056902 1.79669860164726 -99 -99
-99 -99 -99 -99 0.70325103960401 -99 -99 0.151144255287525 -99 -99
-99 -99 1.81286998093286 -99 -99 -99 -99 -0.0598991900066981 -99 0.463099540470931
2.74890996765697 -99 -99 -99 -99 -99 -99 -99 -99 -99
-99 0.277090650055359 0.604272790128401 -99 -99 -99 -99 -99 -99 -99
1.1906807820488 -99 -99 1.11465443993241 -99 -99 -99 -99 -99 -99
-99 -99 -99 -99 -99 -99 -99 -99 -99 -99
-99 -99 -99 -99 -99 -99 -99 -99 -99 -99
-99 -99 1.21351289961051 -99 -99 -99 -99 -99 -99 -99
-99 -99 -99 -99 -99 -99 -99 -99 -99 -99
-99 0.626184660293509 -99 -99 -99 -99 1.73167417474427 -99 -99 -99
-99 1.18063481992929 -99 -99 -99 -99 -99 -99 1.09233895274721 -99
-99 -99 -99 -99 -99 -99 -99 -99 -99 -99
-99 0.20503846959724 -99 -99 1.76006226485948 -99 -99 -99 -99 -99
-99 -99 -99 -99 -99 -99 -99 -99 -99 -99
-99 -99 -99 -99 -99 -99 -99 -99 -99 -99
-99 -99 -99 -99 -99 -99 -99 -99 -99 -99
-99 -99 -99 -99 -99 -99 -99 -99 -99 -99
-99 -99 -99 -99 -99 -99 -99 -99 -99 -99
-99 -99 -99 -99 -99 -99 -99 -99 -99 -99
-99 -99 -99 -99 -99 -99 -99 -99 -99 -99
-99 -99 -99 -99 -99 -99 -99 -99 -99 -99
-99 -99 -99 -99 -99 -99 -99 -99 -99 -99
-99 1.40598715431392 -99 -99 -99 -99 2.68096733784803 -99 -99 -99
3.39577192986809 -99 -99 -99 -99 -99 -99 -99 -99 -99
-99 -99 -99 -99 -99 -99 -99 -99 -99 1.81919987571779
-99 -99 2.68728447482322 -0.616765099361838 -99 -99 -99 -99 -99 -99
-99 -99 -99 -99 -99 -99 -99 -99 -99 -99
-99 1.24701356125899 -99 -99 -99 -99 -99 -99 -99 -99
-99 -99 -99 -99 -99 -99 3.79403363633738 -99 -99 -99
-99 -99 -99 0.638782694365492 -99 -99 -99 0.469858168456881 -99 -99
-99 -99 -99 -99 -99 -99 -99 -99 -99 -99
-99 -0.185489201750749 -99 -99 -99 -99 -99 0.878823097354585 -99 -99
-99 2.20356719813818 -99 -99 -99 -99 -99 -99 -99 -99
-99 -99 -99 -99 -99 -99 -99 0.0849399239613191 -99 -99
-99 -99 -99 2.07554149555804 -99 -99 1.76653621735096 -99 -99 -99
-99 -99 -99 -99 -99 2.52966684739381 -0.305384906968162 -99 -99 -99
-99 -99 -99 -99 -99 -99 -99 0.877611883297216 -99 -99
-99 -99 -99 -99 -99 -99 -99 3.54036542865012 -99 -99
-99 -99 -99 -99 -99 -99 -99 -99 -99 -99
1.20910503779174 -99 -99 -99 -99 -99 -99 -99 -99 -99
-99 -99 -99 -99 -99 -99 -99 -99 -99 -99
-99 -99 -99 -99 -99 -99 -99 -99 -99 -0.118538591423102
-99 2.18151954123804 -99 -99 -99 -99 -99 -99 -99 -99
-99 -99 1.55395063172256 -99 -99 -99 -99 0.935913449341665 -99 -99
-99 3.64831413511302 -99 -99 -99 -99 -99 4.01246793459596 -99 -99
-99 -99 -99 -99 -99 -99 -99 -99 -99 -1.10944669546419
-99 -99 -99 -99 3.75401079947888 -99 -99 -99 -99 2.75205089099659
-99 0.842832099421106 -99 -99 -99 0.963534284460056 -99 -99 -99 -99
-99 -99 -99 -0.450573097755371 -99 -99 1.68625168232431 -99 -99 -99
-99 -99 -99 -99 -99 -99 -99 -99 -99 -99
-99 -99 -99 -99 -99 -99 1.84255920375826 -99 -99 0.458631290683127
-99 -99 -99 -99 -99 -99 -99 -99 -99 -99
-99 -99 -99 -99 -99 -99 -99 -99 -99 -99
-99 -99 -99 -99 -99 -99 -99 -99 -99 -99
1.71524735296138 -99 -99 -99 -0.702063623717774 -99 1.3745786822295 -99 -99 1.14955090701166
-99 -99 -99 -99 -99 -1.31981439634506 0.55822626170715 -99 -99 -99
-99 -99 -99 -99 -2.48517883205208 -99 -99 -99 -99 -99
-99 -99 -99 -99 -99 -99 0.234355944089367 -99 -99 -99
-99 -99 -99 -99 -99 -99 -99 -99 -99 3.50955143878133
-99 -99 -99 -99 -99 -99 -99 -99 -99 -99
-99 -99 -99 2.86396100356608 -99 -99 -99 -99 -99 -99
-99 -99 -99 -99 -99 -99 -99 -99 -99 -99
-99 0.468280978494798 -99 -99 -99 -99 -99 -99 -99 -99
-99 1.06421373182663 0.971626450837922 -99 -99 -99 -99 3.56416738182673 -99 -99
-99 -99 -99 -99 -99 -99 -99 -99 -99 -99
-99 -99 -99 -99 -99 -99 -99 -99 -99 -99
-99 -99 -99 3.26737153373827 -99 2.09541523167756 -99 -99 -99 -99
0.170341438542404 -99 -99 -99 -99 1.16442353745861 -99 -99 -99 -99
-99 -99 -99 -99 -99 -99 -99 -99 -99 -99
-99 -99 -99 -99 -99 -99 -99 -99 -99 -99
-99 -0.731734898842811 -99 -99 -99 -99 -99 -99 -99 -99
-99 -99 -99 -99 -99 -99 -99 -99 -99 -99
-99 -99 -99 -99 1.57548746844523 0.269047234675622 -99 -99 -0.244002214232023 -99
-99 -99 -99 3.56276543723607 -99 -99 -99 -99 -99 -99
-99 -99 -99 -99 -99 -99 -99 -99 -99 -99
-99 -99 -99 -99 -99 -99 0.131851554484242 -99 -99 -99
-99 0.0714724339964711 0.409802240599731 -99 -99 -99 -99 -99 -99 -99
-99 -99 -99 -99 -99 -99 -99 -99 -99 -99
3.37854915935278 -99 -99 -99 -99 -99 1.65872618793462 3.65232977032083 -99 1.97312852650285
-99 -99 -99 -99 -99 -99 -99 -99 -99 -99
-99 -99 -99 -99 -99 -99 -99 -99 -99 -99
-99 1.52128974116141 -99 -99 -99 -99 -99 -99 -99 -99
-99 -99 -99 -99 -99 -99 -99 -99 -99 -99
-99 -99 -99 -99 -99 -99 1.45021826192104 -99 -99 1.92590353538719
-99 -99 -99 -99 -99 -99 -99 -99 -99 -99
-99 -99 -99 -99 -99 -99 0.533157144741038 -99 -99 -99
-99 -0.751189215188661 -99 -99 -99 -99 -99 -99 -99 -99
-99 -99 -99 -99 -99 -99 -99 -99 -99 -99
-99 -99 -99 -0.351756306345478 -99 -99 -99 -99 -99 -99
-99 -99 -99 -99 -99 3.8776663110835 -99 -99 -99 -99
-99 -99 -99 -99 -99 -99 -99 -99 -99 -0.29382128689889
-99 -99 -99 0.939081799535365 -99 -99 1.11199687191514 -99 -99 -99
-99 -99 -99 -99 -99 -99 -99 -99 -99 -99
-99 0.267778899128873 -99 -99 -99 -99 -99 1.29878385116723 -99 -99
-99 -99 -99 -99 -99 -99 -99 -99 -99 -99
1.17528967862241 -99 3.2169494053328 0.32503295798374 -99 -99 -99 -99 -99 -99
1.04909179316303 -99 -99 1.29183411805773 -99 0.585068590549824 -99 -99 -99 -0.581449201544843
-99 -99 -99 -99 -99 -99 -99 -99 -99 -99
-99 1.94823053456566 -99 -99 -99 -99 -99 -99 -99 -99
-99 -99 -99 -99 -99 -99 -99 -99 -99 -99
-99 -99 -99 -99 -99 -99 -99 -99 -99 -99
-99 -99 -99 1.156080620383 -99 -99 0.298578467442182 -99 -99 -99
-0.18748241419346 -99 -99 -99 -99 -99 -99 2.81569080658062 -99 -99
-99 -99 -99 -99 -99 -99 0.0240462604400908 -99 -99 -99
-99 -99 -99 -99 -99 -99 -99 -99 -99 -99
-99 0.386092426133987 -99 -99 -0.095205103540094 -99 -99 -99 -99 -99
-99 -99 -99 -99 -99 -99 3.14389546157513 -99 -99 -99
-99 -99 -99 -99 -99 -99 -99 -99 -99 -99
-99 -99 -99 -99 -99 -99 -99 -99 -99 -99
-99 -99 -99 -99 -99 -99 -99 -99 -99 -99
-99 -0.658213341567085 -99 0.239158411193029 -99 -99 -99 -99 -99 -99
-99 -99 1.88180289582449 -99 -99 -99 -99 1.8636851819702 -99 -99
-99 -99 -99 -99 0.280405159415381 -0.307341189891706 -99 -99 -99 -99
-99 -99 -99 -99 -99 -99 -99 -99 -99 -99
-99 -99 -99 -99 0.541902471283758 -99 -99 0.391079736682294 -99 -99
-99 -99 -99 -99 -99 -99 -99 -99 -99 -99
-99 -99 1.58662711366184 -99 -99 -99 -99 0.43684339867185 -99 -99
-99 -99 -99 -99 3.11077375348601 -99 -99 -99 -99 -99
-99 0.954062946980398 -99 -99 -99 -99 -99 -99 -99 -99
-99 -99 -99 -99 -99 -99 -99 -99 -99 -99
-99 -99 0.379175485060924 -99 -99 -99 0.536894536790792 -99 -99 -99
-99 -99 0.886023219174498 -99 -99 -99 -99 -99 -99 -99
-99 -99 -99 -99 -99 -99 -99 -99 -99 -99
-99 -99 -99 -99 -99 -99 -99 -99 -99 -99
-99 -99 -99 -99 -99 1.9022849827806 -99 -99 -99 -99
-99 -99 -99 -99 -99 -99 -99 -99 -99 -99
-99 -99 -99 0.764298635162301 -99 -99 -99 -99 -99 -99
-99 -99 -99 -99 -99 -99 -99 -99 -99 -99
-99 -99 -99 -99 -99 -99 1.99433999477584 -99 -99 -99
-99 -99 -99 -99 -99 -99 -99 -99 -99 -99
2.6896419786185 -99 -99 0.652108494604718 -99 -99 -99 -99 -99 -99
-99 -99 -99 -99 1.73776875755875 -99 -99 2.19859165510011 -99 -99
-99 -99 -99 -99 -99 -99 -99 -99 2.21024571285886 -99
-99 -99 -99 -99 -99 -99 -99 -99 -99 -99
-99 -99 -99 -99 -99 -99 -99 -99 -99 -99
-99 -99 -99 -99 -99 -99 -99 -99 -99 -99
-99 -99 -99 -99 -99 1.5198229490284 -99 -99 -99 -99
-99 -99 -99 -99 -99 -99 -99 -99 -99 -99
-99 2.08356663152789 -99 -99 -99 -99 -99 -99 -99 -99
-99 -99 -99 0.0787965590416863 -99 -99 -99 -99 -99 -99
-99 -99 -99 -99 -99 -99 -99 -99 -99 -99
1.12891060270572 -99 -99 -99 -99 -99 -99 -99 -99 -99
-99 0.201842066755175 -99 1.40962682664144 -99 -99 -99 -1.3321998599071 -99 -99
-99 -99 -99 -99 -99 -99 -99 -99 -99 1.65215774357023
-99 -99 -99 -99 -99 -99 -99 -99 -99 -99
-99 -99 -99 -99 -99 -99 -99 -99 -99 -99
-99 -99 -99 -99 -99 -99 -99 -99 -99 3.45134964220366
-99 -99 -99 -99 -99 -99 -99 -99 0.170204584566177 -99
-99 -99 -99 -99 -99 1.50980930132797 -99 -99 -99 -99
-99 -99 -99 -99 -99 -99 -99 -99 -99 1.22981073045401
-99 -99 -99 -99 -99 1.16886215572549 -99 -99 -99 -99
-99 -99 -99 -99 -99 -99 -99 -99 -99 -99
-99 -99 -99 -99 -99 -99 -99 -99 -99 2.18051197119448
-99 -99 1.49003068827345 -99 -99 -99 -99 -99 -99 -99
-99 -99 -99 -99 -99 -99 -99 -99 -99 4.73916464393481
-99 -99 -99 -99 -99 -99 -99 -99 -99 -99
-99 1.93326913386429 -99 1.01907730336526 -99 -99 2.50626168900223 -99 -99 -99
-99 -99 -99 -99 -99 -99 -99 -99 -99 -99
-99 -99 -99 -99 -99 0.11166039981721 -99 -99 0.218501479722877 -99
-99 -99 -99 -99 -99 -99 -99 -99 1.474082508256 -99
-99 -99 -99 -99 -99 -99 -99 -99 -99 -99
-99 -99 -99 -99 -99 -99 -99 -99 0.593348487639426 -99
-0.626188184728133 -0.612310441942462 -99 -99 -99 -99 -99 -99 -99 -99
-99 -99 -99 -99 -99 -99 -99 -99 -99 -99
-99 -99 2.36308049247583 -99 -99 3.63629854061987 -99 -99 -99 -99
-99 -99 -99 -99 -99 -99 -99 -99 -99 -99
-99 -99 -99 -99 -99 -99 -99 -99 -99 -99
-99 -99 -99 -99 -99 -99 -99 -99 -99 -99
-99 -99 -99 -99 -99 -99 -99 3.76536894760627 1.53065772627182 -99
-99 -99 -99 -99 -99 -99 -99 -99 1.580598229573 -99
-99 -99 -99 -99 -99 -99 -99 -99 -99 3.28729023685358
-99 -99 -99 -99 -99 -0.321553423739096 -99 -1.74232876581049 -99 -2.11933782452123
-99 -99 -99 -99 -99 -99 -99 -99 -99 -99
-99 -99 -99 -99 -99 -99 -99 -99 -99 -99
-99 -99 -99 -99 -99 -99 -99 -99 3.70660335855664 -99
3.11510359893621 -99 -99 -99 -99 -99 -99 0.354947016259398 -99 -99
-99 -99 -99 -99 -99 -99 -99 -99 -99 -99
0.725492261243473 -99 -99 2.21270197499023 -99 -99 -99 -99 -99 -99
-99 -99 -99 4.02482276117423 -99 -99 -99 -99 -99 2.87136602150512
-99 -99 -99 -99 -99 -99 -99 -99 -99 -99
-99 -99 -99 2.75084648984573 1.21738006835173 -99 -99 -99 -99 -99
-99 -99 1.31188423052925 0.252696791990749 -99 -99 1.08960110809517 -99 -99 -99
-99 -99 -99 -99 -99 -99 -99 -99 -99 -99
-99 -99 -99 -99 -99 -99 -99 -99 -99 -99
-99 -99 -99 2.36480088238413 -99 -99 -99 -99 -99 -99
-99 -99 -99 -99 -99 -99 -99 -99 -99 -99
-99 -0.64619210242256 -99 -99 -99 -99 -99 -99 -99 -99
-99 -99 -99 -99 -99 -99 -99 -99 -99 -99
-99 -99 -99 -99 -99 -99 -99 -99 -99 -99
-99 0.82226173986565 -99 -99 -99 -99 1.50875315196541 -99 -99 -99
-99 -99 -99 -99 -99 -99 -99 -99 -99 -99
-99 -99 -99 -99 0.117143390972375 -99 -99 -99 -99 -1.14370221908563
-99 -99 -99 -99 -99 -99 -99 -99 -99 -99
-99 -99 -99 -99 -99 -99 -99 -0.904796471310114 -99 -99
-99 -99 -99 -99 -99 1.11281709523851 -99 -99 3.27999859979124 -99
-99 -99 1.45221788071003 -99 -99 -99 -99 -99 -99 -99
-99 -99 -99 -99 -99 -99 -99 -99 0.733739683198199 -99
2.53050334798579 -99 -99 -99 4.88392752335114 -99 -99 2.79027167780481 -99 -99
-99 -99 -99 -99 -99 -99 -99 -99 -99 -99
-99 -99 1.1928693358323 -99 -99 0.319398411813905 -99 -99 -99 -99
-99 -99 -99 0.858191125162579 -99 -99 -99 -99 -99 -99
-99 -99 -99 -99 -99 2.10004765399733 -99 -99 -99 -99
-99 -99 -99 -99 0.827167002959561 -99 -99 -99 -99 -99
-99 -99 -99 -99 -99 -1.71515034160166 -99 0.305201987864257 -99 -99
0.758334992018587 -99 -99 -99 -99 -99 0.100677974225812 -99 -99 -99
-99 -99 0.452783528922821 -99 -99 -99 -1.23540251649639 -1.43188621209139 -99 -99
-99 -99 -99 -99 -99 -99 -99 -99 -99 -99
-99 2.15485731891156 -99 -99 1.44347043318362 3.03055617962209 -99 -99 -99 -99
-99 -99 -99 -99 -99 -99 -99 -99 -99 -99
-99 -99 1.16507511417661 -99 -99 -99 -99 -99 -99 -99
-99 -99 -99 -99 -99 -99 -99 -99 2.60625676098244 -99
-99 -99 -99 -99 -99 -99 -0.763899951572128 -99 -99 -99
-99 0.830858983221968 -99 -99 -99 -99 -99 -99 -99 -99
-99 -99 -99 -99 -99 -99 -99 -99 -99 -99
-99 -99 -99 -99 -99 -99 -99 -99 -99 3.98438093808691
-99 -99 -99 -99 -99 -99 -99 -99 -99 -99
-99 -99 -99 -99 -99 -99 -99 -99 -99 -99
-99 -99 -99 -99 -99 -99 -99 -99 -99 -99
-99 -99 -99 -99 -99 3.8753727982423 -99 -99 -99 -99
-99 -99 -99 -99 -99 -99 -99 -99 -99 -99
-99 -99 -99 -99 -99 -99 -99 -99 0.644486744857063 -99
-99 0.815876654181092 -99 -99 -99 -99 -99 -99 -99 -99
-0.187203531961883 -99 -99 -99 -99 -99 -99 -99 -99 -99
-99 -99 -99 -99 -99 -99 -99 -99 -99 -99
-99 -99 -99 1.10373292145273 -99 -99 -99 -99 -99 -99
-99 -99 -99 -99 -99 -99 0.724301272556729 -99 -99 -99
-99 -99 -99 -99 -99 0.671624493836075 -99 -99 -99 1.30156703390015
-99 -99 -99 -99 -99 -99 -99 -99 -99 -99
-99 -99 -99 -99 -99 -99 1.29244482486157 -99 -99 -99
-99 -99 -99 -99 -99 -99 -99 -99 -99 -0.602134857771004
-99 -99 -99 -99 -99 -99 -99 -99 -0.633091119767954 -99
-99 2.53069981040688 -99 -99 -99 -99 -99 -99 -99 -99
-99 -99 -99 -99 -99 -99 -99 -99 -99 -1.6098824916639
-99 -99 -99 -99 -99 -99 -99 -99 -99 -99
-99 5.22772620901956 -99 -99 -99 3.00291277023854 1.51193727120274 -99 -99 -99
-99 1.7734534011675 -99 -99 -99 -99 -99 -99 -99 -99
-99 -99 1.48977842471961 -99 -99 -99 -99 -99 -99 -99
-99 -99 -99 -99 -99 -99 -99 -99 -99 -99
-0.682083827470666 -99 -99 -99 -99 -99 -99 -99 -99 -99
-99 -99 -99 -99 -99 -99 -99 -99 -99 -99
-99 -99 -99 -99 -99 -99 -99 -99 -99 -99
-99 -99 -99 0.685721085598031 -99 -99 -99 -99 -99 -99
-99 -99 -99 -99 -99 -99 -99 -99 -99 -99
-99 -99 -99 -99 -99 -99 -99 -99 -99 -99
-99 -0.892162564440033 -0.2601241165795 -99 -99 -99 -99 -99 -99 -99
-99 -99 -99 -99 -99 -99 -99 -99 -99 -99
-99 -99 -99 -99 -99 -99 -99 -99 -99 -99
-99 -99 -99 -99 -99 -99 -99 -99 -99 -99
-99 -99 -99 -99 -99 -99 -99 -99 -99 2.71140433484685
-99 -99 -99 -99 -99 -99 -99 1.81968284502179 -99 -99
-99 -99 -99 -99 -99 -99 -99 -99 -99 -99
-99 -99 -99 -99 -99 0.224720311600958 -99 -99 -99 -99
-0.0852850074587774 -99 -99 -99 -99 -99 -99 -99 -99 -99
-99 -99 -99 -99 -99 -99 -99 -99 -99 -99
-99 -99 -99 -99 -99 -99 -99 -99 -99 -99
-99 -99 -99 -99 -99 -99 -99 -99 2.49484870779117 -99
-99 -99 -99 -99 -99 -99 -99 -99 -99 -99
-99 -99 -99 -99 -99 -99 -99 -99 -1.0946373714211 -99
-99 -99 -99 -99 -99 -99 2.51887436254403 -99 -99 -99
-99 2.48820499802896 0.854756062126877 2.13504551547315 -99 1.17804780620503 -99 -99 -99 -99
-99 -99 -99 -99 -99 3.2695260250227 -99 -99 -99 -99
1.34440670677608 -99 -99 -99 -99 -99 -99 1.47487193267847 -99 -99
-99 -99 -99 -99 -0.321853836972622 -99 -99 -99 -99 -99
-99 -99 -99 -99 -99 -99 -99 -99 -99 1.37130358033716
-99 -99 -99 -99 -99 -99 -99 -99 -99 -1.3322800515919
-99 -99 -99 -99 -99 -99 -99 -99 -99 -99
-99 -99 -99 -99 -99 -99 -99 4.44600222013207 -0.921433414701354 -99
-99 -99 0.0561407915301129 -1.32134111990809 -99 -99 -99 -99 -99 -99
-99 -99 -99 -99 -99 -99 -99 -99 -99 -99
-99 -99 -99 -99 3.12380147619989 -99 -99 -99 -99 2.29740272589836
-99 -99 -99 -99 -99 -99 -99 2.65108995521721 -99 -99
-99 -1.06373586039313 -99 -99 -99 -99 -99 1.52338061351609 -99 -99
-99 -99 -99 -99 -99 -99 -99 -99 -99 -99
-0.0969680245084668 -99 -0.545185743887406 -99 -99 -99 -99 -99 0.738878830209569 2.69127524241138
-99 -99 -99 -1.66296406539054 -99 -99 -99 -99 -99 -99
1.57428628527385 -99 -99 -99 -99 -99 -99 -99 -99 -99
-99 -1.34313896410509 -99 -99 -99 -1.92954001113621 -99 -99 -99 -99
-99 -99 -99 -99 -99 0.562125489335832 -99 -99 -99 -99
-99 -99 -99 -99 -99 -99 -99 -99 -99 -99
-99 -99 3.11980090208652 -99 -99 -99 -99 -99 -99 -99
-99 -99 -99 -99 -99 1.43122912116463 0.4489491878759 -99 -99 0.625361925369698
-99 0.452733749236758 -99 -99 -99 0.252633225068488 -99 -99 -99 -99
-99 -99 -99 -99 -99 -0.439698549964162 -99 -99 -99 -99
-99 -99 -99 -99 -99 -99 -99 -99 -99 -99
2.07509216795909 -99 -99 -99 -99 -99 -99 -99 -99 -99
-99 -99 -99 -99 -99 -99 -99 -99 -99 -99
-99 -99 -99 -99 -0.563203087795852 -99 -99 -99 -99 -99
-99 -99 -99 -99 -99 2.84917689521947 -99 -99 2.11806529832765 3.39209958039645
-99 -99 -99 -99 -99 -99 -99 -99 -99 -99
-99 -99 -99 1.82404174441742 1.55107776254918 -99 -99 -99 -99 -99
-99 -99 -99 -99 1.21404651499221 -99 -99 -99 -99 -99
0.489046740385606 -99 -99 -99 -99 -99 -99 -99 -99 0.09170472670968
-99 -99 -99 -99 -99 -99 -99 -99 -99 -99
-99 -99 -99 -99 -99 -99 -99 -99 -99 -99
-99 -99 1.98491482859116 -99 -99 -99 -99 -99 3.3387786376041 -99
-99 -99 -99 -99 -99 -99 -99 -99 -99 -99
-99 -99 -99 1.65709814572341 -99 -99 1.58440349349196 -99 -99 -99
-99 0.250081263496254 -99 -99 -99 -99 -99 -99 -99 -99
-99 -99 -99 -99 -99 -99 -99 -99 -99 -99
-99 -99 -99 -99 -99 -99 -99 -99 -99 -99
-99 -99 -99 -99 -99 -99 -99 -99 -99 -99
-99 -99 -99 -99 -99 -99 -99 -99 1.8367501198352 -99
-99 -99 -99 -99 -99 -99 -99 -99 -99 -99
-99 -99 -99 -99 -99 -99 -99 -99 -99 -99
-99 -0.320727359649887 -99 -99 -99 -99 -99 -99 -99 -99
-99 -99 -99 -99 -99 -99 -99 -99 -99 -99
-99 -99 -99 0.936585496249342 -99 -99 -99 -99 -99 -0.53069542998636
-99 -99 -99 -99 -99 -99 -2.18143564771428 -99 -99 -99
-99 -99 -99 -99 -99 -99 -99 -99 -99 -99
-99 -99 -99 -99 -99 -99 -99 -99 -99 -99
-99 -99 -99 -99 -99 -99 -99 -99 -99 -99
-0.435893506242168 -99 -99 -99 -99 -99 -99 -99 -99 -99
-99 -99 -99 -99 -99 -99 -99 -99 -99 -99
-99 -99 -99 -99 -99 -99 -99 -99 -99 -99
-99 -99 -99 -99 -99 -99 -99 -99 -99 -99
-99 -99 -99 -99 -99 -99 -99 -99 -0.803702329153477 -99
-99 -99 0.712497348403178 -99 -99 -99 0.297597317801778 -99 -99 -99
-99 -99 -99 1.22678468512835 -99 -99 1.64797904258652 -99 -99 -99
-99 -99 -99 -99 -99 -99 -99 -2.02516414382894 -99 -99
-99 -99 -99 2.4294811226931 -99 -99 -99 -99 -99 0.559150527114606
1.25231631472309 -99 -99 -99 -99 -99 -99 -99 -99 -99
-99 -99 -99 -99 -99 -99 -99 -99 -99 -99
-99 3.39602481741262 -99 -99 -99 -99 -99 -99 -99 -99
3.60085294733855 -99 0.177836852376052 -99 -99 -99 -99 -99 -99 -99
-99 -99 -99 -99 -99 -99 -99 -0.20485922359324 -99 -99
-99 -99 -99 -99 -99 -99 -99 -99 -99 -99
-99 -99 -99 -99 -99 -99 -99 -99 -99 -99
-99 0.557783763860611 -99 -99 1.25937469348634 -99 -99 -99 -99 -99
-99 -99 -99 -99 -99 -99 -99 -99 -99 -99
-99 -99 -99 -99 -99 -99 -99 -99 -99 -99
-99 -99 -99 -99 -99 -99 -99 -99 -99 -99
-99 -99 1.91115367447178 -99 -99 -99 -99 -99 -99 -99
-99 -99 3.15784669681446 -99 -99 -99 -99 -99 -99 -99
-99 0.712092329993786 -99 -99 -99 -99 0.201087291734889 -99 -99 -99
-99 -99 -99 -99 -99 -99 -99 -99 4.68801346566715 -99
-99 -99 1.86617789975827 -99 -0.397093902064993 -99 -99 -99 -99 -99
-99 -99 -99 -99 -99 -99 -99 -99 -99 -99
-99 -99 1.19757362633817 -99 -99 -99 1.51168889512752 -99 -99 -99
-99 -99 1.3450334933607 -99 -99 -99 -99 -99 -99 1.55128393784265
-99 -99 -99 1.55057896238808 -99 -99 -99 -99 -99 -99
-99 -99 -99 -99 -99 -99 -99 -99 -99 -99
-0.202672109036336 -99 -99 0.217675881737842 -99 -99 -99 -99 -99 -99
-99 -99 1.60130534856151 -99 -99 -99 -99 -99 -99 -99
-99 -99 -99 -99 -99 -99 1.52230222572163 -99 -99 -99
-99 -99 -0.250416497081223 -99 -99 -99 -99 -99 1.8728255727762 -99
-99 -99 -99 -99 -99 -99 -99 0.0463930698482932 -99 -99
-99 -99 -99 -99 -99 -99 -99 -99 -99 -99
1.85342157697868 -99 -99 -99 -99 -99 -99 -99 -99 -99
-99 -99 -99 -99 -99 -99 -99 4.23523388191699 -99 -99
-99 -99 -99 -99 -99 -99 -99 -99 -99 -99
-99 -99 -99 -99 -99 -99 -99 -99 2.46969816161914 -99
-99 -99 -99 -99 -99 -2.0164337190855 -99 -99 -99 -99
-99 -99 -99 1.56775018614743 -99 -99 -99 -99 -99 -99
-99 -99 -99 -99 1.42766654730491 -99 -99 -99 -99 -99
-99 -99 -99 -99 -99 -99 -99 -99 -99 -99
-99 -99 -99 -99 -99 -99 -99 -99 -99 -99
-99 -99 -99 -99 1.79576349422488 -99 -99 -99 -99 -99
2.92569992888656 -99 -99 -99 -99 -99 -99 -99 -99 -99
-99 -1.64238707668515 0.261636244062673 -99 -99 -99 -99 -99 -99 -99
-99 -99 0.790387800888581 -99 -99 -99 -99 -99 -99 -99
-99 -99 -2.59525320161783 -99 -99 -99 -99 -2.35344725636611 -99 -99
-0.654145130892698 2.55866818624157 -99 -99 -99 -99 -99 -99 -99 -99
-0.0574757094152614 -99 -99 -99 -99 -99 -99 1.60850328140525 -99 -99
-99 -99 -99 -99 -0.00395589677753883 -99 -99 -99 -99 -99
-99 -99 -99 -99 -99 -99 -99 -99 1.56373014783835 -99
-99 -99 -99 -99 -99 -99 -99 -99 -99 -99
2.05242757580463 -99 -99 -99 -99 -0.518121041759687 -99 -99 -99 -99
-99 -99 -99 -99 -99 -99 -99 -99 -99 -99
-0.554245167666427 -0.675368597308281 -99 0.235130914660259 -99 -99 -99 -99 -99 -99
-99 -99 -99 -99 0.115319189146857 -99 -99 -99 -99 -99
-99 -99 -99 -99 -99 -99 -99 -99 3.49881932115854 -99
-99 -99 -99 -99 -99 -99 -99 -99 -99 -99
-99 -99 -99 -99 -99 -99 -99 2.72850315538218 -99 2.28044612614993
-99 -99 -99 -99 -99 -99 -99 -99 -99 -99
-0.352184030709701 -99 -99 -99 -99 -99 -99 -99 -99 -99
-99 -99 -99 -99 -99 -99 -99 0.770715570339223 -99 -99
1.74205521145998 -99 -99 -99 -99 -99 -99 -99 -99 -99
-99 -0.0929887160225791 -99 -0.520616466729284 -99 1.30673720459144 -99 -99 -99 1.63326843150924
-99 -99 -99 -99 -99 -99 -99 -99 2.02562002002736 -99
-99 -99 -99 -99 -99 -99 -99 -99 -99 -99
2.4970001134928 -99 -99 -99 -99 -99 -99 2.17361490852585 -99 -99
-99 -99 -99 -99 -99 -99 -99 -99 -99 -99
1.54939010643299 -99 -99 -99 -99 -99 -99 1.79962983974983 -99 2.24858053983489
-99 -1.86107152612475 -99 -99 -99 -99 -99 -99 -99 -99
-99 -99 -99 -99 -1.07774942106984 -99 -99 -99 -99 -99
-99 -99 -99 -99 -99 -99 -99 -99 -99 -99
2.59478327632208 -99 -99 -99 -99 -99 -99 -99 -99 -99
-99 -99 -99 -99 -99 -99 -99 -99 2.06840621298824 -99
-99 -99 -99 -99 -99 -99 -99 -99 -99 -99
-99 -99 -0.57651274816497 -99 -99 -99 -99 -99 -99 -99
-99 -99 -99 -99 -99 -99 -99 2.41763728004165 -99 -99
0.237788563079175 -99 -99 -99 -99 -99 -99 -99 -99 -99
-99 -99 3.57203404311625 -99 -99 -99 -99 -99 -99 -99
-99 -99 -99 -99 -99 -99 -99 -99 -99 -99
-99 -99 -99 -99 -99 -99 -0.409109026944124 -99 -99 -99
-99 -99 -99 -99 -99 -99 -99 -99 -99 -99
-99 0.436847595065982 -99 1.72388725350638 -99 1.3110910769935 -99 -99 -99 0.434075243665647
-0.00581978387029558 -99 -99 -99 -99 -99 -99 -99 -99 -99
-99 -99 -99 -99 -99 -99 -99 -99 -99 -99
-99 1.11687877166503 -99 2.48344618523951 -99 -99 -99 -99 -99 -99
-99 -99 -99 -99 -99 -99 -99 -99 -99 -99
-99 -99 -99 2.72345577729036 -99 -99 -99 -99 -99 -99
-0.444449773608812 -99 0.383793620191532 -99 -99 -99 -99 -99 -99 -99
-99 -99 -99 -99 -99 -99 -99 -99 -99 -99
-99 -99 -99 -99 -99 -99 -99 -99 -99 -99
-99 -99 -99 -99 -99 -99 -99 -99 -0.697655436292696 -99
-99 0.488108293965895 -99 -99 -99 -99 -99 -99 -99 -99
-99 -99 -0.948197283345904 -99 -99 -99 -99 -99 -99 -99
-99 -99 -99 -99 -99 -99 -99 -99 -99 -99
-99 -99 -2.18741951678147 -99 -99 -99 -99 -99 -99 -99
0.30457012755951 -99 -99 -99 -99 -99 -99 -99 -99 1.55728229411113
-99 2.01916767123925 -99 0.830183622199806 -99 2.34245373831463 -99 -99 -99 -99
-99 -99 -99 -99 -99 -0.0847037836063911 -99 -99 -99 -99
-99 -99 -99 -99 -99 2.60510605561996 -99 -99 -99 -99
3.69661690961468 -99 -99 -99 -99 -99 -99 -99 -99 -99
-99 -99 -99 -99 -99 -99 0.265023316978217 -99 -99 2.66290130651472
-99 -99 -99 1.83459768907928 -99 -99 -99 -99 -99 -99
-99 -99 -99 -99 -99 -99 -99 -99 -99 -99
-99 -99 -99 -99 -99 -99 -99 -99 -99 -99
-99 -99 -99 -99 -99 -99 -99 -99 -99 -99
-99 -99 -99 -99 -99 -99 -99 -99 -99 -99
-99 -99 -99 -99 -99 -99 -99 -99 -99 -99
-99 -99 -99 -99 -99 -99 -99 2.86434612905014 -99 -99
-99 -99 -99 3.06431996451017 -0.247650497256522 -99 -99 -99 3.00875466026985 -99
-99 -99 -99 -99 -99 -99 -99 -99 0.28499708068943 -99
-99 -99 -99 -99 -99 -99 -99 -99 -99 -99
-99 -99 -99 -99 -99 -99 -99 -99 -99 -99
-99 -99 -99 0.381543906399013 -99 -99 -99 -99 -99 1.82858638082364
-99 -99 -99 -99 0.510387208038416 -99 -99 -99 -99 -99
-99 -99 -99 -99 -99 -99 -99 -99 -99 1.25087485651303
-99 -99 -99 -99 -99 -99 -99 -99 -99 -99
-99 0.489907749089386 -99 -99 -99 -99 -99 -99 -99 -99
-99 -99 -99 -99 -99 -99 -99 -99 -99 -99
-99 -99 -99 -99 -99 2.91970434437943 -99 -99 -99 -99
-99 -99 -99 -99 -2.3978117766466 -99 -99 -99 -99 -99
-99 -99 -99 -99 -99 -99 2.9827367813983 -99 -99 -99
-99 -99 -99 -99 -99 -99 -99 -99 -99 -99
3.69187805327515 -99 -99 -99 -99 -99 -99 -99 -99 -99
-99 -99 -99 -99 -99 -99 -99 -99 1.07909527394572 -99
-99 -99 -99 -99 -99 -99 -99 -99 -99 -99
-99 0.681564782752616 -99 -99 -99 -99 -99 -99 -99 -99
-99 1.96081204958418 -99 -99 -99 -99 1.16859090446393 -99 -99 -99
-99 -99 1.03106814738524 -99 -99 2.59938755394366 -99 -99 -99 -99
-99 -99 -99 -99 -99 -99 0.248774672131632 -99 -99 -99
-99 -99 2.30291498129768 -99 2.94515277441303 -99 -99 -99 -99 -99
0.937245259683213 -99 -99 -99 -99 -99 -99 -99 -99 -99
2.3766169385547 2.32242830910198 -99 -99 -99 -99 -99 -99 -99 -99
-99 2.26569960552528 -99 -99 -99 -99 -99 -99 -99 -99
-99 -99 -99 -99 -99 -99 -99 -99 -99 -99
0.0826797516742908 -99 -99 -99 -99 -99 -99 1.85391217795757 -99 -99
-99 -99 2.05358144724127 -99 -99 2.27556161135499 -99 -0.318043712367069 -99 -99
-99 -99 2.83703827581714 -99 -99 -99 -99 -99 -99 -99
-99 -99 -99 -99 4.4053885902555 4.45813939232332 3.1617990937824 -99 -99 -99
-99 -99 -99 -99 -99 -99 -99 -99 -99 -99
-99 -99 -99 -99 -99 -99 -99 -99 -99 -99
-99 -99 -99 -99 -0.995358005142545 -0.0461774389749932 -99 -99 -99 -99
-99 -99 -99 -99 -99 -99 -99 -99 -99 -99
-99 -99 -99 -99 -99 -99 -99 -99 -99 -99
-99 -99 -99 -99 -99 -99 -99 -99 -99 -0.183748895073221
-99 -99 0.51577145693565 -1.21408109841656 -99 -99 -99 -99 -99 -99
-99 -99 -99 -99 -99 -99 -99 -99 -99 -99
-99 -99 -99 -99 -99 -99 -99 -99 -99 -99
-99 2.7672017090519 -99 -99 -99 -99 1.08439838444483 -99 -99 -99
-99 -99 -99 -99 -99 -99 -99 3.14104832739302 -99 3.13609610639699
-99 -99 -99 -99 -99 -99 -99 -99 -99 -99
-99 -99 -99 -99 -99 -99 -99 1.27559154601112 -99 -99
-99 -99 -99 -99 -99 -99 -99 -99 -99 -99
1.5225587591733 -99 -99 -99 -99 -99 -99 -99 0.0929991137663027 1.51483395227551
-99 -99 -99 1.38831073490574 -99 -99 -99 -99 -99 -99
-99 -99 -99 -99 -99 -99 -99 -99 -99 -99
-99 -99 -99 -99 -99 -99 -99 -99 -99 -99
-99 -99 2.37860977279237 -99 -99 -99 -99 -99 -99 -99
-99 -99 -99 -99 -99 -99 -99 -99 -99 -99
-99 -99 -99 -99 -99 -99 -99 -99 -99 -99
-99 -99 -99 -99 -99 -99 -0.659695533871132 -99 -99 -99
-99 -99 -99 -99 -99 -99 -99 1.49333176098021 -99 -99
-99 -99 -99 1.04271637069769 -0.272630315083269 -99 -99 -0.399246838490912 -99 -99
-99 -99 -99 -99 -99 -99 -99 -99 -99 -99
-99 -99 -99 -99 -99 -99 -99 -99 -99 -99
-99 -99 -99 -99 -99 1.34202444297325 -99 -99 -99 -99
-99 -99 -99 -99 -99 -99 -99 -99 -99 -99
-99 -0.0894631589112707 -99 -0.741789148308539 -99 -99 -99 -99 -99 -99
-99 -99 -99 -99 -0.851734231223613 -99 -99 -99 -99 -1.73189599499931
-99 -99 -1.77315040372556 -99 -99 -99 -99 -1.8018868665771 -99 -99
-99 -99 -99 -99 -99 -99 2.87053322569966 -0.261435401116946 -99 -99
-99 -99 -99 -99 -99 -99 -99 -99 -99 2.77832819145897
-99 -99 -99 -99 -99 -99 -99 -99 -99 -99
-99 -99 -99 -99 0.0297950532655932 -99 -99 2.39432701309789 -99 -99
-99 -99 -99 -99 -99 -99 -99 1.47345574670787 -99 -99
-99 -99 -99 -99 -99 -0.305435144174612 -99 -99 -99 -99
-99 -99 -99 -99 -99 -99 -0.851604430506714 -99 -99 -99
-99 -99 -99 -99 -99 -99 -99 -99 -99 -99
-99 -99 2.25865150841052 -99 -99 -99 -99 -99 -99 -99
-99 -99 -99 -99 -99 -99 -99 -99 -99 -99
-99 -0.370431312251009 -99 -99 -99 -99 -99 -99 -99 -99
-99 -1.0137272176949 -99 -99 -99 -99 -99 -99 -99 -99
-99 -99 -99 -99 -99 -99 -99 -99 -99 -99
-99 1.92878346851683 3.25197273164424 -99 -99 -99 -99 0.125304046728794 -99 -99
-99 1.44345808650904 -99 -99 -99 -0.0579434478210814 -99 -99 -1.99510967510707 -99
-99 0.53739213748937 -99 -99 -99 0.452711980492273 2.19597518529032 -99 -99 -99
-99 -99 -99 -99 -99 -99 0.988228502836628 0.359424263093049 -99 -99
-99 -99 -99 -99 -99 -99 -99 -99 -99 -99
-99 -99 -99 -99 -99 -99 0.559059715520403 -99 2.14888436272798 -99
-99 -99 -99 -99 -99 -99 -99 -99 -99 -99
-99 -99 2.43991751997937 -99 -99 -99 -99 -99 -99 -99
-99 -99 -99 -99 -99 -99 -99 -99 -99 -99
-99 -99 -99 -99 -99 0.910563184612204 -99 -99 -99 -99
0.0657973844754551 1.93213468716113 -99 0.927269656511195 1.87908142085059 -99 -99 -99 -99 -99
-99 -99 -99 -99 -99 -99 -99 -99 -99 2.46616120536075
-99 -0.62943332544224 -99 -99 -99 -99 -99 -99 -99 -99
-99 -99 -99 -99 -99 -99 2.31142987450144 -99 -99 0.881614304072978
-99 -99 -99 -99 -99 -99 -99 -99 -99 -99
-99 -99 -99 -99 -99 -99 -99 -99 -99 -99
-99 1.18197809436877 -99 -99 -99 1.75965676932576 -99 -99 -99 -99
-99 -99 -99 -99 -99 -99 -99 -99 -99 -99
-99 -99 -99 -99 -99 -99 -99 -99 -99 -99
-99 -99 -99 -99 -99 -99 -99 -99 -99 -99
-99 -99 -99 -99 -99 -99 -99 -99 -99 -99
-99 -99 -99 -99 -99 -99 -99 -99 -99 0.969170065131
-99 -99 -99 -99 -99 2.41303793688607 -99 -99 -99 -99
-99 -99 -99 -99 -99 -99 -99 -99 -99 -99
-99 -99 -99 -99 -99 -99 -99 -0.703202990400644 -99 -99
-99 -99 -99 -99 -99 -99 -99 -99 -99 1.86944651624966
-99 -0.0901428074730042 -99 -99 -99 -99 -99 -99 -99 -99
-99 -99 -99 -99 -99 -99 -99 -99 -99 0.905310299929407
-99 -99 -99 -99 -99 -99 -99 -99 -99 -99
-99 -99 -99 -99 -99 -99 -99 2.06340562945221 4.26809296112552 -99
-99 -99 -99 -99 -99 -99 -99 -99 -99 -99
-99 0.562825858823071 -99 -99 -99 -99 -99 -99 -99 -99
-99 -99 -99 0.754877877506698 -99 -99 -99 -99 -99 -99
0.126386490330325 -99 -99 -99 -99 -99 -99 -99 -99 -99
-99 -0.107955256475516 -99 -99 -99 -99 -99 -99 -0.516892539681909 -99
-99 -99 -99 -99 -99 -99 -0.570950553992308 -99 0.591141616441991 -99
-99 -99 -99 -99 -99 -99 -99 -99 -99 -99
-99 -99 -99 -99 -99 -99 -99 -99 -99 -99
-99 -99 1.29830659097514 -99 -99 -99 -99 -99 -99 -99
-99 -99 -99 0.471237582557126 -99 -99 -99 -99 -99 -99
1.44520486479208 -99 -99 -99 -99 -99 -99 -99 2.89427098577727 -99
-99 -99 -99 -99 -99 -99 -99 -99 -99 -99
-99 -99 -99 -99 -99 -99 -99 -99 -99 -99
-99 -99 -99 -0.334401622998081 0.233445174651324 -99 -99 -99 -99 -99
-99 -99 -99 -99 -99 -99 -99 -99 -99 -99
-99 0.0560844266163704 -99 -99 -99 -99 -99 -99 -99 -99
-99 0.619068119749919 -99 -99 -99 -99 -99 -99 -99 -99
-99 -99 -99 -99 -99 -99 -99 -99 -99 -99
1.73751047475759 0.819593370949605 -99 -99 -99 -99 -99 -99 -99 -99
-99 -99 -99 -99 -99 -99 -99 -99 2.25765650484551 -99
-99 -99 -99 -99 -99 -99 -99 -99 -99 -99
-99 2.82785171582059 -99 -99 -99 -99 -99 -99 -99 -99
-99 0.932464775173207 -99 -99 -99 -99 -99 -99 -99 -99
-99 -99 -99 -99 1.67006638572344 -99 -99 -99 -99 -99
2.11845279639261 -99 -99 3.09084058489591 -99 -99 -99 -99 -99 -99
-99 -99 -99 -99 -99 -99 -99 -99 -99 -99
-99 -99 -99 -99 3.87669686664626 -99 -99 -99 -99 -99
-99 -99 -99 -99 -99 -99 -99 -99 -99 -99
-99 -99 -99 -99 -1.55199754558042 -99 -99 -99 -99 -99
-99 -99 -99 -99 -99 -99 1.19919061517942 -99 -99 -99
-99 -99 -99 -99 -99 -99 0.920424812180299 -99 -99 -99
-0.664547379883006 -99 -99 -99 -99 -99 -99 -99 1.7656463003661 -99
-99 -99 -99 2.14156908142724 -99 -99 -99 -99 -99 -99
-99 -99 -99 -99 -99 -99 -99 -99 -99 -99
-99 -99 -99 -99 -99 -99 -99 -99 -99 -99
-99 2.38717302992985 0.357047245022135 -99 -99 -99 -99 -99 1.60687888648847 -99
-99 -99 -99 -99 -0.000502265113921707 -99 -99 -99 -99 -99
-99 -99 -99 3.25866662966073 -99 -99 -99 -99 -99 -99
-99 -99 1.35057560612224 -99 -99 -99 -99 -99 -99 -99
-99 -99 -99 -99 -99 -99 -99 -99 -99 -99
-99 -99 -99 1.34269041207627 -99 -99 -99 -99 -99 2.1394410660359
-99 0.768918559539852 -99 -99 -99 2.67669405834149 -99 -99 -99 -99
-99 -99 -99 -99 -99 3.33215521390537 -99 -99 -99 -99
-99 -1.71304199019828 0.885044730872744 -99 2.62796299980853 -99 -99 -99 -99 -99
-99 -99 -99 -99 -99 -99 -99 -99 -99 -99
-99 0.790930685309592 -99 1.7141266765396 -99 -99 -99 -99 -99 -99
-99 -99 -99 -99 -99 -99 -99 -0.0626910002149987 -99 -99
-99 -99 -99 -99 -99 -99 -99 -99 -99 -99
-99 -99 -99 -99 -99 -99 -99 0.290637333239776 2.53766963502837 -99
-99 -99 -99 -99 -99 -99 -99 -99 -99 -99
-99 -99 -99 -99 -99 2.48990025138712 -99 -99 -99 -99
-99 -99 -99 -99 -99 -99 -99 -99 -99 -99
-99 -99 -99 -99 -99 -99 -99 -99 -99 -99
-99 -99 0.612260315643049 -99 -99 -99 -99 -99 -99 -99
0.594439113748186 -99 -99 -99 -99 -99 -99 -99 -99 -99
-99 -99 -99 -99 -99 -99 -99 -99 -99 -99
-99 -99 -99 -99 -99 -99 -99 -99 -99 -99
-99 -99 -99 -99 -99 -99 -99 -99 0.197600038937298 -99
-99 -99 -99 -99 -99 -0.381967259463691 -99 -99 -99 -99
-99 -99 -99 -99 4.1966607653016 -99 -99 -99 -99 -99
-99 -99 -99 -99 -0.24354750195225 -99 0.206057575726584 -99 -99 -99
-99 -99 2.23738163872816 -99 -99 -99 -99 -99 1.76883429907321 -99
-99 -99 -99 -99 -99 -99 -99 -99 -99 -99
-99 -99 -99 -0.598976234357987 -99 -2.19722310684479 -99 -99 -99 -99
-99 0.464308432034529 -99 -99 -99 -99 -99 -99 -99 -99
-99 -99 -99 -99 -99 -99 -99 -99 -99 -99
-99 -99 -99 1.10400630615706 -99 -99 -99 -99 0.43104924186196 -99
-99 -0.133038730810308 -99 -0.302616818870209 -0.884441594519044 -99 -99 -99 -1.024887534282 -99
-99 0.973916870717121 -99 -99 -99 -99 -99 -99 -99 -99
-99 -99 -99 -99 -99 -99 -99 -99 -99 -99
-99 -99 -99 -99 -99 0.700322573954134 -99 -99 -99 -0.445533417934874
3.83156027211247 -99 -99 -99 2.31277642593523 -99 -99 -99 -99 -99
-99 -99 -99 -99 0.534173670518147 -99 -99 -99 -99 -99
-99 0.0748935578462211 -99 0.352320104952987 -99 -99 -99 -99 -99 -99
-99 -99 -99 -99 -99 -99 -99 -99 -99 -99
-99 -99 -99 -99 -99 -99 -99 -99 -99 -99
-99 -99 -99 -99 -99 -99 -99 -99 -99 -99
-99 -99 -99 -99 -99 1.03331413281422 -99 -99 -99 -99
-99 -99 -99 2.02738819369427 -99 -99 -99 -99 -99 -99
-99 -99 -99 -99 -99 -99 -99 1.66724121920676 -99 -99
-99 -99 -99 -99 -99 -99 -99 -99 -99 -99
0.643671136864624 -99 -99 -99 -99 -99 -99 -99 3.49904971082744 -99
-99 -99 -99 -99 -99 -99 -99 0.495033213470756 -99 -99
-99 -99 -99 -99 -99 -99 -99 -99 -99 -99
-99 -99 -99 -99 -99 -99 -99 1.573147372544 -99 -99
-99 -99 -99 -99 -99 -99 -99 -99 -99 -99
-99 -99 -99 -99 -99 -99 -99 2.62126171645233 -99 -99
-99 -99 -99 -99 -0.924287995281709 -99 -99 -99 -99 -99
-99 -99 -99 -99 0.128937678296384 -99 -99 -99 -99 -99
-99 -99 -99 0.456192474014182 -99 -99 -99 -99 -99 -99
-99 -99 -99 -99 -99 -99 -99 2.14528879454415 -99 -99
-99 -99 -99 -99 -99 -99 -99 -99 -99 -99
-99 -99 -99 -99 -99 -99 -99 -99 -99 -0.00175970389747215
-99 -99 -99 -99 -99 -99 -99 -99 -99 -99
-99 -99 -99 -99 -99 -99 -99 -99 -99 -99
-99 -99 -99 -99 -99 2.35794371618667 -99 -99 -99 -99
-99 -99 -99 -99 -99 -99 -99 -99 -99 -99
-99 -99 -99 -99 -99 -99 -0.227606290397005 -99 -99 -99
-99 -99 -99 -99 -99 -99 -99 -99 -99 -99
1.45201973027207 -99 -99 1.9008913291379 -99 -99 -99 -99 -99 -99
-0.691990775497288 -99 -99 1.73673258956014 0.29512972074808 -99 -99 -99 -99 -99
2.1645220449324 -99 -99 -99 -99 -99 -99 1.4306468047091 0.615392199241301 -99
0.217426833140165 -99 -99 -99 -99 -99 1.45028834119476 -99 1.87583642801482 -99
-99 0.26124102380086 -99 -99 -99 -99 -99 -99 -99 -99
-99 -99 -99 -99 -99 -99 -99 -99 -99 3.9094720726926
1.38842598863444 -99 -99 -99 1.28335865676138 -99 -99 -99 -99 -99
-99 -99 -99 -99 -99 -99 -99 -99 -99 -99
-99 -99 -99 -99 2.16268010302535 -99 -99 -99 -99 -99
-99 -99 -99 -99 3.33278363628341 -99 -99 -99 -99 -99
2.78381766274757 2.44916155989977 -99 -99 -99 -99 -99 -99 -99 -99
-99 -99 -99 -99 -99 2.37136384643256 -99 -99 -99 -99
-99 -99 -99 -99 -1.09093691329255 -99 -99 -99 -99 -99
-99 -99 -99 -99 -99 -99 -99 -99 -99 -99
-99 -99 -99 -99 -99 -99 -99 -99 -99 -99
-99 1.62115656493742 1.5515319268301 -99 -99 1.49383406110139 -99 -99 -99 -99
-99 -99 -99 -99 -99 -99 -99 -99 -99 -99
-99 1.13962330318786 -99 -99 -99 -99 -99 -99 -99 -99
0.391648623517464 -99 -99 -99 -99 -99 -99 -99 -99 -99
-99 -99 -99 -99 -99 -99 -99 -99 -99 -99
-99 -99 -99 -99 -99 -99 -99 -99 -99 -99
-99 -99 -99 -99 -99 -99 -99 -99 -99 -99
-99 -99 -99 1.10164578817648 -99 -99 -99 -99 -99 -99
-99 -99 -99 -99 -99 -0.306780510839253 -99 -99 -99 -99
-99 -99 -99 -99 -99 -99 -99 -99 -99 -99
0.697910825622095 -99 -99 -99 -99 -99 -99 -99 -99 -99
-99 -99 -99 -99 -99 -99 -99 -99 3.44876323670471 -99
-99 -99 -99 -99 -99 -99 -99 -99 -99 -99
-99 -99 -99 -99 -99 -99 -99 1.05601698750104 -99 0.496160237392013
1.59573514393495 -99 -99 0.989050180730607 -99 -99 -99 -99 0.733324978919785 -99
-99 -99 -99 -99 -99 -99 -99 -99 -99 -99
-99 -99 -99 -99 -99 -99 -99 -99 -99 1.38898985519456
-99 -99 -99 -99 -99 -99 -99 -99 -0.0581377060111692 -99
-99 -99 -99 -99 -99 -99 -99 -99 -99 -99
-99 -99 1.7621361760325 -0.349713064215544 -99 -99 -99 -99 -99 -99
-99 -99 -99 -99 -99 -99 -99 -99 -99 -99
-99 -99 -99 -99 -99 -99 -99 -99 -99 -2.14631359176341
-99 -99 -99 -99 -99 -99 -99 -99 -99 -99
-99 -99 -99 -99 -99 -99 -99 -99 -99 -99
-99 -99 -99 -99 -99 -99 -0.226937822295916 -99 -99 -99
-99 0.519705008803379 -99 -99 -99 -99 -99 -99 -99 -99
-99 0.116739996487348 -99 -99 -99 -99 -99 -99 -0.148700418575303 -99
-99 -99 -99 -99 -99 -99 -99 -99 -99 -99
-99 -99 -99 0.00485154122025644 0.711841271979503 -99 -99 -99 -99 -99
-99 -99 -99 -99 -99 0.14878686091876 -99 -99 -99 -99
-99 -99 1.95965493823255 -99 -99 -99 -99 -99 -99 -99
-99 -99 -99 -99 -99 -99 -99 -99 -99 -99
-99 -99 -99 -99 -99 -99 -99 -99 -99 -99
-99 -99 -99 -99 -0.710621612335157 -99 -99 -99 -99 -99
-99 -99 -99 -99 -99 -99 -99 -99 -99 -99
-99 -99 -99 -99 -99 1.21346750768447 -99 1.45792163228449 -99 0.295542242479369
-99 -99 -99 -99 -99 -99 -99 -99 -99 -99
-99 -99 -99 -99 -99 -99 -99 -99 -99 -99
-99 -99 -99 -99 -99 -99 -99 -99 -99 -99
-99 -99 -99 -99 -99 -99 -99 -99 -99 0.153130415171856
-99 -99 -99 -99 -99 -99 -99 1.54801760549095 -99 -99
-99 -99 -99 -99 -99 -99 -99 -99 -99 -99
-99 -99 -99 -99 -99 -99 -99 -99 -99 -99
-99 -99 -99 -99 -99 -99 -99 -99 -99 -99
-99 -99 -99 -99 -99 -99 0.767519702597201 -99 -99 -99
-99 -99 -99 -99 -99 -99 -99 -2.27636245028944 -99 -99
-99 -99 -99 0.0532229618659898 -99 -99 -99 -99 -99 -99
-99 -99 -99 -99 -99 -99 -99 -99 -99 -99
-99 -99 -99 -99 -99 -99 -99 -99 -99 0.341370382585363
-99 -99 -99 -99 -99 -99 -99 -99 -99 -99
-99 -99 -99 -99 -99 -99 -99 -99 -99 1.97876958575633
-99 -99 -99 -99 -99 -99 -99 -99 -99 -99
-99 -99 -99 -99 -99 -99 -99 -99 -99 -99
-99 -99 2.1029931296579 2.16196722978129 -99 -99 -99 -99 -99 2.41003724650226
-99 -99 -99 -99 -99 -99 -99 -99 -99 -99
-99 -0.743808264594873 0.488376833384135 -99 -99 -0.19977134068242 -99 -99 -99 -0.385535996951905
1.95962000092114 3.81301114261074 -99 -99 -99 -99 -99 -99 -99 -99
-99 -99 -99 -99 -99 0.547505025038516 -99 -99 -99 -99
-99 -99 -99 3.9139233073924 -99 -99 -99 -99 -99 -99
-99 -99 -99 -99 -99 -99 -99 -99 -99 -99
-99 -99 -99 -99 -99 -99 -99 -99 -99 -99
-99 -99 -99 0.0238928750264453 -99 -99 -99 0.0140674826584245 -99 -99
-99 -99 -99 -99 -99 2.17310540854707 -99 -99 -99 2.56917176991788
-99 -99 -99 -99 -99 -99 -99 -99 -99 -99
-99 -99 -99 -99 0.601559303483791 -99 -99 -99 -99 -99
-99 -99 -99 -99 -99 -99 -99 -99 -99 0.481699331380688
-99 -99 -99 -99 2.00215805674279 -99 -99 -99 -99 -99
-99 -99 -99 -99 -99 -99 -99 -99 -99 -99
-99 -99 -99 -99 -99 -99 -99 -99 -99 -99
-99 -99 -99 -99 -99 -99 3.28782835985239 -99 -99 -99
-99 -99 -99 -0.905263780382814 -99 -99 -99 -99 -99 -99
-99 -99 -99 -99 -99 -99 -99 -99 -99 -99
-99 -99 -99 -99 -99 -99 -99 -99 -99 -99
-99 -99 -99 -99 -99 -99 -99 -99 -99 -99
-99 -99 -99 -99 1.12640975702203 -99 -99 -99 -99 -99
-99 -99 -99 -99 -99 4.56606819273895 -99 -99 3.00845462334447 -99
-99 -99 -99 -99 -99 -99 -99 -99 -99 -99
-99 -99 -99 -99 -99 -99 -99 -99 -99 0.0177897487312451
-99 -99 -99 -99 -99 1.46013934335774 -99 -99 -99 -99
-99 -2.65978517857616 -99 -99 -99 -99 -99 -99 -99 -99
-99 -99 -99 -99 -99 -99 -99 2.03623654100903 -99 -99
-99 -99 -99 -99 -99 -99 -99 -99 -99 -99
-99 -99 -99 -99 -99 -99 -99 -99 -99 -99
1.54704132034807 -99 -99 -99 -99 -99 -99 -99 -99 -99
-99 -99 -99 -99 -99 -99 -99 -99 -99 0.0267205534705136
-99 -99 -99 -99 -99 -99 0.656674275941024 -99 -99 -99
-99 -99 -99 -99 -99 -99 -99 0.889463155635456 -99 -99
-99 -99 -99 -99 -99 1.24351485157419 -99 -99 -99 -99
-99 1.97010643751243 -99 -99 -99 -99 -99 -99 -99 -99
-99 -99 -99 -99 -99 1.6213015911359 -99 -99 -99 -99
-99 -99 -99 -99 2.73081606754747 -99 -99 -99 -99 -99
-99 -99 -99 -99 0.671073429945225 -99 -99 -99 -99 2.32458768851824
-99 -99 -99 -99 -99 -99 -99 -99 -99 -99
-99 -99 -99 -99 -99 -99 -99 -99 -99 -99
-99 -99 -99 -99 -99 -99 -99 -99 -99 -99
-99 2.64744995120937 -99 -99 -99 1.25588011920882 -99 3.13132149837841 -99 -99
4.00761710260812 -99 2.028231666609 2.31735060778671 -99 -99 -99 -99 -99 -99
-99 -99 -99 -99 -99 2.10030030768573 -99 -99 -99 -99
-99 -99 -99 -99 -99 -99 -99 -99 -99 -99
-99 -0.423739169697851 -99 -99 -99 -99 -99 -99 -99 -99
-99 -99 -99 -99 -99 -99 -0.225533744672759 -99 -99 -99
-99 -99 -99 -99 -99 2.58941211740482 -99 -99 -99 -99
-99 -99 -99 -99 -99 -99 -99 -99 -99 -99
-99 -99 -99 -99 -99 -99 -99 -99 -99 -99
-99 -99 -99 -99 -99 -99 -99 -99 -99 -99
-99 0.256475771043134 -99 -99 -99 -99 -99 -99 -99 -99
-99 -99 -99 -99 -99 -99 -99 -99 -99 -99
-99 -99 -99 3.23301691774249 -99 -99 -99 -99 -99 -99
-99 -99 1.468437603727 -99 -99 -99 -99 -99 -99 -99
-99 -99 -99 -99 -99 -99 1.10448804780194 -99 -99 2.5434855917183
-99 -99 -99 -99 -99 -99 -99 -99 -99 -99
1.21628478237184 -99 -99 -99 -99 -99 -99 -99 -99 -99
-99 1.07196864537714 -99 -99 -99 -99 -99 -99 -99 2.28149675243476
-99 -99 -99 -99 -99 -99 -99 -99 -99 -99
-99 -99 -99 -99 -99 -99 -99 -99 -99 -99
-99 -99 -99 -99 -99 -99 -99 -99 -99 -99
-99 -99 -99 -99 1.23336368218684 -99 -99 -99 2.05727030909553 -99
-99 -99 -99 -99 0.744467898990058 -99 -99 -99 -99 1.04806515488663
-99 -99 1.30931119613732 0.0852288515499542 -99 -0.278377257983582 -99 -99 -99 -99
-99 -99 -99 -99 -99 -99 -99 -99 0.465310548111053 -99
-99 -99 -99 -99 -99 -99 1.85253238582001 -99 -99 -99
-99 -99 -99 -99 -99 -99 -99 -99 -99 -99
-99 -99 -99 -99 -0.16924554080721 -99 -1.57531985360996 -99 -99 -99
-99 -99 -99 1.90390255786996 -99 -99 -99 -99 -99 2.40068164815017
-99 1.02313588973097 -99 -99 -99 -99 -99 -99 -99 -99
-99 -99 -99 0.356203285311684 -99 -99 -99 -99 -99 -99
-99 -99 -99 -99 -99 -99 -99 -99 -99 -99
-99 -99 -99 -99 -99 -99 -99 -99 -99 -99
-99 -99 -99 -99 -99 -99 -99 -99 -99 -99
-99 -99 -99 -99 -99 -99 -0.607949298169799 -99 -99 -99
-99 -99 -99 -99 -99 -99 -99 -99 -99 -99
-99 -99 1.73527655157195 -99 -99 -99 -99 1.07614142149448 -99 -99
-99 -99 -99 -99 -99 -99 -99 1.42271987652225 -99 -99
-99 -99 1.28251943292759 -99 -99 0.554932509073927 -99 -99 0.905296717635156 -99
-99 -99 -99 -99 -99 -99 -99 -99 -99 0.723045083980103
-99 1.76116372904557 -99 -99 -99 -99 -99 -99 2.75329829538635 -99
1.72597594445785 -99 -99 -99 -99 -99 -99 -99 -99 -99
1.53613434858181 -99 2.22540975696734 -99 -99 -99 -99 -99 -99 -99
-99 0.140818842786064 -99 1.27175116453358 -99 -99 -99 -99 -99 -99
-99 -99 -99 -99 -99 -99 -99 -99 -99 -99
-99 -99 2.85309271981109 -99 -99 -99 -99 -99 -99 -99
-99 -99 -0.434014140939825 -99 -99 -99 -99 -99 -99 -99
-99 -99 -99 -99 -99 -99 -99 0.543787802628911 -99 -99
-99 -99 -99 -99 -99 -99 1.59086896345756 -99 -99 -99
-99 -99 4.43229764060961 -99 -99 -99 -99 -99 1.08811362223142 -99
-99 -99 -99 -99 -99 -99 -99 -99 -99 -99
-99 -99 -99 -99 -99 1.58907488310408 -99 -99 -99 -99
-99 -99 -0.758808205461308 -99 -99 -99 -99 -99 -99 -99
-99 -99 -99 -99 -99 -99 -99 -99 -99 -99
-99 -99 -1.89455300894021 -0.144720094266258 -99 -1.421348457024 -99 -99 -99 -99
-99 -99 -99 -99 -99 -99 1.67377020469352 2.55119623201736 -99 -99
-99 -99 -99 -99 -99 -99 -99 -99 -99 -99
-99 2.62321617128483 -99 -99 -99 -99 -99 -99 -99 -99
-99 -99 -99 -99 -99 -99 -99 -0.594556378935496 -99 -99
-99 -99 0.889713703767756 -99 -99 -99 1.03900249240175 -99 -99 -99
-99 -99 -99 0.544597241189069 -99 0.957120858335942 -99 -99 -99 -99
-99 -99 -99 -99 -99 -99 -99 -99 -1.16882269722771 -99
-99 1.61788032079576 -99 2.61962387696134 -99 0.886830180686171 -99 -99 0.370950693852808 -99
2.68856431670263 -99 1.70446223197438 -99 -99 -99 -99 2.72121066417603 -99 2.09898522637455
-99 -99 -99 -99 -99 -99 -99 -99 -99 -99
0.375465184902365 -99 -99 -99 -99 -99 -99 -99 -99 -99
-99 -99 -99 -99 -99 -99 -99 -99 -99 -99
-99 -99 -99 -99 -99 -99 -99 1.82565847323121 -99 -99
-0.372958414817805 1.71878695662699 -99 -99 -99 -99 -99 0.274564027366063 -99 -99
-99 -99 -99 -99 0.524835300611628 -99 -99 -99 -99 -99
-99 -99 -99 -99 2.81618518875529 -99 -99 -99 -99 -99
-99 -99 -99 -99 -99 -99 -99 -99 -99 -99
-99 -99 -99 -99 3.10260886317214 -99 -99 -99 -99 -99
-99 -99 -99 -99 -99 -99 -99 -99 -99 -99
-99 -99 -99 -99 -99 -99 -99 -99 -0.509990773950214 -99
-99 -99 -99 -99 -99 -99 -99 -0.950482796484333 0.992403226429543 1.76987294632021
-99 -99 -99 -99 -99 -99 -99 -99 -99 -99
-99 -99 -0.0261633009146267 -99 -99 -99 -99 -99 -99 -99
-99 -99 -99 1.0822513816836 -99 -99 -99 -99 -99 -99
-99 -99 -99 -99 -99 1.65396687871192 -99 0.519473522109088 -99 -99
-99 -0.432460580649041 -99 -99 -99 -99 -99 -1.14626826459699 -99 -99
-99 -99 -99 -99 -99 -99 -99 -99 -99 -99
-99 -99 -99 -99 -99 -99 -99 -99 -99 -99
-99 -99 -99 -99 -99 -99 -99 -99 -99 -99
-99 -99 -99 3.66877133109761 -99 -99 -99 3.47975004069014 -99 -99
-99 -99 -99 -99 -99 4.57390067073132 -99 -99 -99 -99
-99 1.56350497290043 -99 -99 -99 -99 2.73332673103211 -99 -99 -99
-99 -99 -99 -99 -99 -99 -99 -99 -99 -99
0.510178065243384 -99 -99 -1.24614905348752 -99 -99 -99 -99 -99 -99
-99 -99 -0.256619349975089 -99 -99 -99 -99 -99 -99 -99
-99 -99 -99 -99 -99 0.344104185179252 -99 -99 -99 -99
0.356496769461095 -99 -99 -99 -99 -99 -99 -99 -99 -99
-99 -99 -99 1.17277942839031 -99 -99 -99 -99 -99 -99
-99 -99 1.84045560161218 -99 -99 -99 -99 -99 -99 -99
-99 -99 -1.33012788075019 -99 -99 -99 -99 -99 -99 -1.94322862918946
-99 -99 -99 -99 -99 -99 -99 -99 -99 -99
-99 2.02606389596994 -99 -99 -99 -99 -99 -99 -99 -99
-99 -99 -99 -99 -99 -99 -99 -99 -99 -99
-99 -99 -99 -99 -99 -99 -99 -99 -99 -99
2.29931394960928 -99 1.74003832248753 -99 -99 -99 -99 -99 -99 -99
-99 -99 -99 -99 -99 -99 -99 -99 -99 -99
-99 -0.581006254962434 -99 -99 -99 -99 -99 -99 -99 -99
-99 -99 -0.983360706442754 -99 -99 -99 -99 3.03561300621039 -99 -99
2.65616878865177 2.6169910453437 -99 -99 -99 -99 -99 -99 -99 -99
-99 -99 -99 2.82139974652575 -99 0.839258603813557 -99 -99 2.19150367725358 0.578440481540104
-99 -99 -99 -99 -99 0.468516229840262 -99 -99 -99 -99
3.25826160606238 -99 -99 -99 -99 2.58153304894446 -99 1.70472140629596 -99 -99
-99 -99 -99 -99 -99 -99 -99 -99 -99 1.50912726120926
-99 1.05175089143123 -99 -99 -99 -99 -99 -99 -99 -99
