-99 -99 -99 -99 -99 -99 -99 -99 -99 -99
-99 -99 -99 -99 -99 0.79909343011763 -99 -99 -99 -99
-99 -99 -99 -99 -99 -99 -99 -99 -99 -99
-99 -99 -99 -99 -99 -99 0.437440090075487 -99 -99 -99
1.39148937553704 -99 -99 2.88019604509094 0.378474235100155 -99 -99 -99 -99 -99
-99 -99 -99 -99 -99 -99 -99 -99 -99 -99
1.7824885950387 -99 -99 -99 -99 -99 -99 -99 -99 -99
-99 -99 -99 -99 -99 -99 -99 -99 1.83247960643967 -99
-99 1.29167965469539 1.97721908867983 -99 -99 -99 -99 -99 -99 -99
-99 -99 -99 -99 -99 -99 -99 -99 -99 -99
-99 -99 -99 -99 -99 -99 -99 -99 -99 -99
-99 -99 -99 -0.475332188497639 -99 -99 -99 -99 -99 -99
-99 -99 -1.11346834204029 -99 -99 -99 -99 -99 0.39900981250958 -99
-99 -99 -99 -99 -99 -99 -99 2.27493464059609 -99 -99
-99 0.983549238381697 -99 0.984782525629564 -99 -99 -99 -99 -99 -99
-99 -99 -99 -99 -99 -99 -99 -99 -99 -99
-99 -99 -99 -99 -99 -99 -99 -99 -99 -99
-99 -99 0.538049913833764 -99 -99 -99 -99 -99 -99 -99
-99 1.40428138775981 -99 -99 -99 -99 -99 -99 2.83142491636613 -99
-99 -99 -99 -99 0.0275320029953023 -99 -99 -99 -99 -99
-99 -99 -99 -99 -99 -99 -99 -99 -99 -99
1.4191169270359 -99 -99 -0.996073578793814 -99 -99 -99 -99 -99 -99
-99 -99 1.28684982721467 -99 -99 -99 -0.179304543020482 -99 -99 -99
-99 -99 -99 -99 -99 -99 -99 -99 -99 -99
-99 -99 -0.40051172611016 2.07089127344546 -99 -99 -99 -99 -99 0.113384552244863
-99 -99 -99 -99 -99 -99 -99 -99 -99 -99
-99 -99 -99 -99 -99 -99 -99 -99 -99 -99
-99 -99 -99 -99 -99 -99 -99 -99 -99 -99
-99 -99 -99 -99 -99 -99 3.20686365691583 -99 -99 -99
1.95248603618362 -99 -99 -99 -99 -99 -99 -99 -99 2.89310447873
-99 -99 -99 -99 -99 -99 -99 -99 0.835839677418455 -99
2.95881670916521 -99 0.527776771081732 -99 -99 -99 -99 -99 -99 -99
-99 -99 -99 -99 0.472930558066485 -99 -99 -99 0.823114299012958 3.58099000770661
-99 -99 -99 -99 -99 -99 -99 -99 -99 -99
-99 -99 -99 -99 -99 -99 -99 -99 -99 -99
-99 -99 -99 -99 -99 -99 -99 1.29590485565615 -99 -99
-99 -99 -99 -99 1.62312881337524 -99 -99 -99 -99 0.848877060827816
-99 -99 1.98144284147081 -99 -99 -99 -99 -99 -99 -99
-99 -99 -99 -99 -99 -99 -99 -99 -99 -99
-99 -99 -99 -99 -99 -99 0.653080387818207 -99 -99 -99
1.31844393757698 -99 -99 -99 -99 -99 -99 -99 -99 -99
-99 -99 -99 -99 -99 -99 -99 -99 -99 -99
-99 -99 -99 -99 -99 -99 -99 -99 -99 -99
-99 -99 -99 -99 -99 -99 -99 -99 -99 -99
-99 -99 -99 -99 -99 -2.14364364428877 -99 -99 -99 -99
-99 -99 -99 0.517117152147404 -99 -99 -99 -99 -99 -99
-99 -99 2.88619600595061 -99 -99 -99 -99 2.09436541244222 -99 -99
-99 -99 -99 -99 -99 -0.129348538860677 -99 -99 -99 -99
-99 -99 2.43056743340907 1.2452501798467 -99 -99 -99 3.35898436309964 -99 -99
-99 -99 1.42305876444786 -99 -99 -99 -99 -99 -99 -99
-99 -99 -99 -99 0.994727658946241 -99 -99 -99 -99 -99
-99 -99 -99 -99 -99 -99 -99 -99 -99 -99
-99 -99 -99 -99 -99 -99 0.800581092429166 -99 -99 -99
-99 -99 -99 -99 -99 -99 -99 -99 -1.84561064140816 -99
-99 -99 -99 -99 -99 -99 -99 -99 -99 -99
-99 -99 -99 -99 -0.14379289087212 -99 0.640908799110182 0.742251029848831 -99 0.324407840521472
2.2757037121782 -99 -99 -99 -99 -99 -99 -99 -99 -99
-99 -99 -99 -99 -99 -99 -99 -99 -99 -99
-99 -99 -99 -99 -99 -99 -99 -99 -99 -99
1.79167176097547 0.609395590631351 -99 -99 -99 -99 -99 -99 -99 -99
-99 -99 -99 -99 -99 -99 -99 -99 -99 -99
-99 -99 -99 -99 -99 -99 -99 -99 -99 -99
-99 -99 -99 -99 -99 -99 -99 -1.67466963432698 -99 -99
-99 -99 -99 -99 -99 -99 -99 -99 -99 -99
-99 1.3902713438306 -99 -99 -99 -99 -99 -99 -99 -99
-99 -99 -99 -99 -99 -99 -99 -99 -99 1.53442086297468
-99 -99 -99 -99 -99 -99 -99 -99 -99 0.642074850217431
-99 -99 1.06888452116766 -99 -99 0.43105269707578 -99 -99 -99 -99
-99 -99 -99 -99 -99 2.29873820110339 -99 -99 -99 -99
-99 -99 -99 -99 0.102641901092606 -99 -99 -99 -99 -99
-99 -99 -99 -1.44804347767085 -99 -99 -99 -99 -99 -99
-99 -99 -99 -99 -99 -99 -99 -99 -99 -99
-99 -99 -99 -99 -0.611095936672698 -99 -99 -99 -99 -99
-99 -99 -99 -99 -0.0486854687096805 -99 -99 -99 -99 -99
-99 -99 -99 -99 -99 -99 -99 -99 -99 -99
-99 -99 1.58308510962489 -99 -99 -99 -99 -99 -99 -99
-99 -99 -99 -99 -99 -99 -1.1648287609768 -99 -99 -99
-99 -99 -99 -99 1.29682152452002 -99 -99 0.329067728371205 -99 -99
1.20475839893767 -99 -99 -99 -99 -99 -99 -99 -99 -99
-99 -99 2.42365586086222 -99 -99 -99 -99 -99 -99 -99
-99 -99 -99 -99 -99 -99 -99 -99 -99 -99
-99 -99 -99 -99 -99 -99 0.909361271345666 -99 -99 -0.0288456936202852
-99 -99 -99 -99 -99 -99 -99 -99 -99 -99
-99 -99 -99 -99 -99 -99 -99 -99 -99 -99
-99 -99 -99 -99 -99 0.113094564835437 -99 -99 -99 -99
-99 -99 -99 2.42871998211521 -99 -99 -99 -99 -99 -99
-99 -99 -99 -99 -99 -99 -99 -99 -99 -99
-99 -99 -99 -99 -99 -99 -99 -99 -99 -99
-99 -99 -99 -99 0.831173173343703 -99 -99 -99 -99 -99
-99 -99 -99 -99 -99 -99 -99 -99 -99 -99
-99 -99 -99 0.783271917792971 -99 -99 -99 -99 -99 -99
1.21343919411927 0.847930525324331 -99 -99 -99 -99 -99 -99 -99 -99
-99 -99 -99 -99 -99 -99 -99 -99 2.28273060319376 -99
-99 -99 -99 -99 -99 -99 -99 -99 -99 -99
-99 -99 -99 -99 -99 -99 -99 -99 -99 -99
-99 -99 -99 -99 -99 -99 -99 3.84614149308252 -99 -99
-0.0874910184998243 -99 -99 -99 -99 -99 -99 -99 -99 -99
-99 -99 -99 -99 -99 -99 -99 -99 -99 -99
-99 -99 -99 -99 -99 -99 -99 -99 -99 -99
-99 -99 -99 -99 -99 -99 -99 -99 -99 -99
-99 -99 -0.941175703911476 -99 -99 0.691661723530221 -99 -99 0.51181794379025 -99
-99 -99 -99 -99 -99 2.7567147567665 -99 -99 -99 -99
-99 -99 -99 -99 -99 -99 -99 -99 -0.081226853933442 -99
-99 -99 -99 -99 -99 -99 -99 0.619567720090804 -99 -99
-99 -99 -99 -99 -99 -99 1.46211424268518 -99 0.757805278434192 -99
-99 -99 -99 -99 -99 1.76884074664703 -99 -99 -99 -99
4.97727590135205 -99 -99 -99 -99 -99 -99 -99 -99 -99
-99 -99 -99 -99 -99 -99 -99 -99 0.291638367822609 -99
1.32735503466223 -99 -99 -99 1.87891277810285 -99 -99 -99 -99 -0.239715582567429
-99 -2.11114414040378 -99 -99 1.10215034923444 -99 -0.228208582283234 -99 -99 -99
-99 -99 -99 3.21717163826639 -99 -99 -99 -99 -99 -99
2.52456286657337 -99 -99 -99 -99 2.67724664005776 -99 -99 -99 -99
-99 -99 -99 -99 -99 -99 -99 -99 0.039096056109882 -99
-99 -99 1.02240891061852 -99 -99 -99 -99 -99 -99 -99
-99 -99 -99 -99 -99 -99 1.35607512943054 -99 -99 -99
-99 -99 -99 -99 -99 -99 -99 -99 -99 -99
-99 -99 1.69199309432604 -99 -99 -99 -99 -99 -99 -99
-99 -99 -99 -99 -99 -99 -99 1.82230142397622 -99 -99
0.0120105749282129 -99 -99 -99 -99 -99 -99 1.19376459432584 -99 -99
-99 -99 -99 -99 -99 0.128578338538137 -99 -99 -99 -99
-99 2.71833342564384 -99 -99 -99 -99 -99 -99 -99 -99
-99 -99 -99 -99 -99 -99 -99 -99 -99 -99
-99 1.22673178198067 -99 -99 -99 -99 -99 -99 -99 -99
-99 -99 -99 -99 -99 -99 -99 0.28791331331055 1.16113604130691 -99
-99 1.44519971750682 -99 -99 0.38673414700335 1.19537780830877 -99 -99 -99 -99
-99 -99 -99 -99 -99 -99 -99 -99 -99 -99
-99 -99 -99 -99 -99 -99 -99 -99 -99 -99
-99 3.73177391392412 -99 -99 -99 -99 -99 -99 -99 -99
-99 -99 -99 3.00344897865613 0.508334968785337 -99 -99 2.00010977836408 -99 -99
-99 -99 -99 -99 -99 -99 -99 -99 -99 -99
-99 -99 -99 -99 -99 -99 -99 -99 -99 -99
-99 -99 -99 -99 -1.62214231593876 -99 -99 -99 -99 -99
-99 -99 -99 -99 -99 -99 -99 -99 -99 -99
2.66113408393575 -99 3.89930650662801 -99 -99 -99 0.625129165302632 -99 -99 -99
-99 -99 -99 -99 0.913003096338883 -99 -99 -99 -99 -99
1.54590018978695 -99 -99 -99 -99 -99 -99 -99 -99 -99
-99 -99 -99 -99 -99 -99 -99 -99 -99 -99
-99 -99 -99 -99 1.85593153187206 -99 -99 2.92544863178567 -99 -99
-99 -99 -99 0.141762156981298 -99 -99 -99 -99 -99 -99
-99 -99 -99 -99 -99 -99 -99 -99 -99 -99
-99 -99 -99 -99 -99 3.14669158616619 -99 -99 -99 -99
-99 -99 -99 -99 2.2794965085562 -99 -99 -99 -99 -99
-99 -99 -99 -99 2.23899410496383 1.22228593269738 -99 -0.631555582270732 -99 2.08682520301348
-99 -99 -99 -99 -99 1.95857405546385 -99 -99 -99 -99
-99 -99 -99 -99 -99 -99 -99 -99 -99 -99
-99 -99 -99 -99 1.70115934748158 -99 -99 -99 1.22951848984008 -99
-99 -99 -99 -99 -99 -99 2.20368331696227 -99 -99 -99
-99 -99 -99 -99 -1.07640378534308 -99 -99 -99 -99 -99
-99 -99 -99 -99 -99 -99 -99 3.97750024817969 -99 -99
-99 -99 -99 -99 -99 -99 -99 -99 -99 -99
-99 -99 -99 -99 -99 -99 -99 -99 -99 -99
-99 -99 -99 -99 -99 1.97920968248117 -99 -99 -99 -99
-99 -99 -99 1.25621624155464 -99 -99 -99 -99 -99 -99
-99 -99 -99 -99 -99 -99 -99 1.20211273200219 -99 -99
-99 0.807217706121739 -99 -99 -99 -99 -99 -99 -99 0.922237587633924
2.36246548652845 0.643882442340807 0.872647019761735 -99 -99 -99 -99 -99 -99 -99
-99 -99 -99 -0.255798146344427 -99 -99 -99 -99 -99 -99
-99 -99 -99 -99 -99 -99 -99 -99 -99 -99
-99 -99 3.33482910219028 -99 -99 -99 -99 -99 -99 -99
1.92960132906592 1.74182142913415 -99 -99 -99 -99 2.57058774835879 -99 -99 -99
-99 -99 -99 -99 -99 -99 -99 -99 -99 -99
-99 -99 -99 -99 -99 -99 -99 -99 -99 -99
-99 1.10568844398446 -99 -99 -99 -99 -99 -99 -99 -99
-99 -99 -99 -99 -99 3.2076613247297 2.37885530070921 1.16992218073663 2.2014232767081 -99
-99 -99 -99 -99 -99 -99 -99 -99 -99 -99
3.67393957081445 -99 -99 2.98969698793389 1.4592830895193 -99 -99 -99 -99 -99
-99 -99 -99 2.12353593873173 -99 -99 -99 -99 -99 -99
1.38136437354979 -99 -99 -99 -99 -99 -99 -99 -99 -99
-99 -99 -99 -99 2.56757744743947 -99 -99 -99 -99 -99
-99 -99 -99 -99 -99 -99 -99 -99 -99 -99
-99 -99 -99 -99 -99 -99 -99 -99 -99 -99
-99 -99 -99 -99 -99 -99 -99 -99 -99 -99
-99 -99 2.21749915667331 -99 0.705022290105789 3.2131781820795 -99 -99 0.952505114086696 -99
-99 -99 -99 -99 -99 -99 -99 -99 -99 -99
-99 -99 -99 -99 -99 -99 -99 -99 -99 -99
-99 -99 -99 -99 -99 -99 -99 1.50981227352264 3.54821975058579 -99
-99 -99 -99 -99 -99 -99 -99 -99 -99 -99
-99 -99 -99 -99 1.65512449999755 -99 -99 -99 -99 -99
-99 -99 -99 1.90764540583875 -99 -99 -99 -99 -99 -99
-99 -99 -99 -99 -99 -99 -99 -0.201469528628053 -99 -99
-99 -99 -99 -99 -99 -99 -99 -99 -99 -99
-99 1.74681122471875 -99 0.418648750487187 -99 -99 -99 -99 -99 1.43888698030726
-99 -99 -99 -99 -99 0.0456294453504017 -99 -99 -99 -99
0.646603956903658 -99 -99 -99 -99 -99 -99 -99 -99 -99
-99 -99 -99 -99 -99 -99 -99 -99 -99 -99
-99 -99 -99 -99 -99 -99 -99 -99 -99 -99
-99 -99 -99 -99 -99 0.157488997846667 -99 -99 -99 2.12098778221874
-99 -99 -99 -99 -99 -99 -99 -99 -99 -99
-99 -99 -99 -99 -99 -99 -99 -99 -99 -99
-99 -99 -99 -99 -99 -99 -99 -99 -99 -99
-99 -99 -99 2.36765098158645 -99 -99 -99 -99 -99 -99
-0.713517155359366 2.18189833668464 -99 -99 -99 -99 -99 -99 -99 -99
-0.998236934516923 -99 -1.4762977699 -0.797535748861852 -99 -99 0.59959824135303 -99 -99 -99
-99 -99 0.699095504848871 -99 -99 -99 -99 -99 -99 -99
-99 -99 -99 -99 -99 -99 -99 1.37978489143888 -99 -99
-99 -99 -99 -99 -99 -99 -99 -99 -99 -99
-99 0.367373937991227 -99 -99 -99 -99 -99 -99 -99 -99
-99 3.02539845853258 -99 -99 -99 -99 1.92932136298491 -99 -99 -99
-99 -99 -99 -99 -99 -99 -99 -99 -99 -99
-99 -99 -99 -99 0.964168131146768 -99 -99 -99 -99 -99
-99 -99 -99 -99 -99 -99 -99 0.77469240563457 -99 -99
-99 -99 -99 1.90226173473699 -99 -99 -99 -99 -99 -99
-99 -99 -99 -99 -99 -99 -99 -99 -99 -99
-99 -99 -99 -99 -99 -99 -99 -99 3.83513013543674 -99
-99 -99 -99 -99 -99 -99 -99 -99 -99 0.26618906258757
-99 2.47040369369107 -99 -99 -99 -99 3.12816688393732 -99 -99 -99
-99 -99 -99 -99 -99 -99 -99 -99 -99 -99
-99 1.69797327552334 -99 -99 -99 -99 3.21005558258429 -99 -99 -99
0.55653647980688 -99 -99 -99 -99 -99 -99 -99 -99 -99
-99 -99 -99 -99 -99 -99 -99 -99 -99 -99
-99 -99 -99 -99 -99 -99 -99 -99 0.267299944696124 -99
-99 -99 2.22500972771475 -99 -99 -99 -99 -99 -99 -99
-99 -99 -99 -99 -99 -99 -1.23420949424597 -2.549118600544 -99 -1.27906836588402
-99 -99 -99 -99 -99 -99 -99 -99 -99 -0.207809283390339
-99 -99 -99 -99 -99 -99 -99 -99 -99 -99
-99 -99 -99 -99 -99 -99 -99 -99 -99 -99
-99 -99 -99 -99 -99 0.636746054077912 -99 -99 -99 -99
-99 2.48704927150199 -99 -99 -99 -99 -99 -99 -99 -99
-99 0.489853735241142 -99 -99 -99 -99 -99 -99 -99 -99
-99 -99 -99 -99 -99 -99 1.48330789398368 -99 -99 -99
-99 -99 -99 -99 -99 -99 1.23738431023123 -99 -99 -99
-99 -99 -99 -99 -99 -99 -99 -99 -99 -99
-99 0.672994757552926 2.62978266465867 -99 -99 -99 -99 -99 -99 -0.0930377876597135
-99 -99 -99 -99 -99 -99 -99 -99 -99 -99
-99 -99 1.66828755218146 -99 -99 -99 -99 -99 -99 -99
-99 -99 -99 -99 -99 -99 -99 -99 -99 -99
-99 -0.764980438862717 -99 -99 -99 -99 -99 -99 -99 -99
-99 -99 -99 0.310094442614644 -99 -99 -99 -99 -99 -99
-0.656121663127265 -99 -99 -99 -99 -99 -99 -99 -99 -99
-99 -99 -99 -99 -99 -99 -99 -99 -99 -99
-99 -99 -99 -99 -99 -99 -99 -99 -99 -99
-99 -99 -99 -99 -99 -99 -99 -99 -99 -99
-99 -99 -99 -99 -99 -99 -99 -99 -99 -1.42174966089726
-99 -99 -99 -99 -99 -99 -99 -99 -99 -99
-99 -99 -99 -99 -99 -99 1.60074248958501 -99 -99 -99
-99 -99 -99 -99 -99 -99 -99 -99 1.55652864041057 -99
-99 -99 -99 -99 -99 -99 -99 -99 -99 -99
-99 0.827840443037 0.54508264040047 -99 -99 -99 -99 -99 -99 -99
-99 -99 -99 -99 -99 1.95882743141797 -99 -99 -99 -99
-99 -99 -99 -99 -99 -99 -99 -99 1.83122877101269 -99
-99 -99 -99 -99 -99 -99 -99 -99 -99 -99
-99 -99 -99 -99 0.748465922944128 -99 -99 -99 -99 -99
-99 -99 -99 -99 -99 -99 -99 -99 -99 -99
-99 -99 -99 -99 1.49816244201634 -99 -99 -99 -99 1.15093217908812
-99 -99 -99 0.915064984712289 -99 -99 -99 -99 -99 -99
-99 -99 -99 -99 -99 -99 -99 -99 -99 -99
-99 -99 -99 -99 -99 -99 -99 -99 -99 -99
-99 -99 -99 -99 -99 -99 -99 -99 -99 -99
-99 -99 -99 -99 -99 -99 -99 -99 -99 1.78242789273615
-99 -99 -99 -99 -99 -99 -99 -99 -99 -99
-99 -99 -99 -99 -99 -99 -99 -99 -1.55608913151087 -99
-99 -99 -99 -99 0.194135862240196 -99 -99 -99 -99 -99
-99 -99 2.57368301155539 -99 -99 -99 -99 -99 -99 -99
-99 -99 -0.418756410766192 -99 -99 -99 1.23877889905034 -99 -99 -99
-99 -99 -99 -99 -99 -99 -99 1.7260559787878 -99 -99
-99 -99 -99 -99 -99 1.21209879041715 -99 -99 -99 -99
-99 -99 -99 -99 -99 -99 -99 -99 -99 -99
-99 -99 -99 -99 -99 -99 -99 -99 -99 -99
-99 -99 -99 -99 -99 -99 -99 -99 -99 -99
-99 -99 -99 -99 -99 -99 -99 -99 -99 0.167428266594479
-99 -99 -99 -99 -99 -99 -99 -99 -99 -99
-99 -99 1.62929995153259 -99 -99 -99 -99 -99 -99 -99
-99 -99 -99 -99 -99 -99 1.89249747116628 -99 -99 -99
-99 -99 -99 -99 -99 -99 -99 -99 -99 -99
3.14911079736285 -99 2.48974328681355 -99 -99 -99 -99 -99 -99 -99
-99 -99 -99 -99 -99 -99 -99 -99 -99 -99
-99 -99 -99 -99 -99 -99 0.55198707670122 -99 -99 -99
-99 -99 -99 -99 -99 -99 -99 -99 -99 -99
-99 -99 -99 -99 -99 -99 -99 -99 -99 -99
-99 -99 -99 -99 -99 -99 -99 -99 -99 -99
-99 -99 -99 -99 -0.514794608851397 -99 -99 -99 -99 -99
-99 3.16766112120492 -99 -99 -99 -99 -99 -99 2.52419413436941 -99
-99 -99 3.8917945523658 -99 -99 -99 -99 -99 -99 -99
-99 -99 1.03685777934314 -99 -99 -99 -99 -99 -99 -99
-99 -99 1.94859182657098 -99 -99 -99 -99 -99 -99 -99
-99 -99 -99 -99 -99 -99 -99 -99 0.0786002404470852 -0.334235565013457
-99 -99 -99 -99 -99 -99 -0.173281781859901 -99 -99 -99
-99 -99 -99 -99 -99 0.22659953343053 -99 -99 -99 -99
-99 -99 -99 -99 -99 -99 -99 1.78494716587171 -99 0.561731463169861
-99 -99 -99 -99 -99 -99 -99 -99 -99 -99
-99 -99 -99 -99 -99 -99 1.38560278879441 -99 -99 -99
-99 -99 -99 -99 -99 -99 -99 -99 -99 -99
-99 -99 -99 -99 -99 1.88346334347909 -99 -99 -99 -99
-99 -99 -0.0475652167247209 -99 -99 -99 -99 -99 -99 -99
-99 -99 -99 -99 -99 -99 -99 -99 1.86293280777929 -99
-99 -99 -99 -99 -99 -99 -99 1.7490405876075 -99 -99
-99 -99 2.92008450434757 -99 1.22734898098366 -99 3.25026833326334 -99 -99 -99
-99 -99 -99 -99 -99 -99 -99 -99 -99 -99
-99 -99 -99 -99 2.13491891848285 -99 -99 -99 -99 -99
-99 -99 -99 -99 -99 -99 -99 -99 -99 -99
1.15414170631903 -99 -99 -99 -99 -99 -99 -99 -99 -99
-99 -99 -99 -99 -99 -99 -99 2.18715904946783 1.61967985262392 -99
-99 -0.399116780892508 -99 -99 -99 -99 -99 -99 -99 -99
-99 -99 -99 -99 -99 -99 -99 -1.57445087498741 -99 -99
-99 -99 -99 -99 -99 1.02617234306313 -99 -99 1.62513894365712 -99
2.37370732330198 -99 -99 -99 -99 -99 0.928337599056275 -99 -99 -99
-99 -99 -99 -99 -99 1.77177984559433 -99 -99 2.21689646511859 -99
-0.989988482224352 -99 -99 -99 -99 -99 -99 -99 -99 -99
-99 -99 -99 -99 2.61908773760513 -99 -99 -99 -99 -99
-99 -99 -99 -99 -99 -99 -99 -99 -99 -99
-99 -99 -99 -99 -99 -99 1.919056900374 -99 -99 -99
-99 -99 -99 -99 -99 -99 -99 -99 -99 -99
-99 -99 -99 -99 -99 -99 -99 -99 -99 1.14157414059989
-99 -99 -99 -99 -99 3.54363151197441 -99 -99 -99 -99
-99 -99 -99 -99 -99 -99 -99 -99 -99 -99
-99 -99 -99 -99 -99 -99 -99 -99 -99 -99
-99 -99 -99 -99 -99 -99 -99 -99 3.94098101946721 -99
-99 -99 -99 -99 -99 -99 -99 -99 -99 -99
-99 -99 -99 -99 -99 -99 -1.22790889377228 -99 -99 -99
-99 -99 -99 -99 -99 -99 -99 -99 -99 -99
-99 -99 -99 -99 -99 -99 -99 -99 -99 -99
-99 -99 -99 -99 -99 -99 -99 -99 0.169715890959985 -99
-99 -99 -99 -99 -99 0.728330392002666 -99 -99 -99 -99
-99 -99 -99 -99 -99 -99 -99 -99 -99 -99
-99 -99 -99 -99 -99 -99 -99 -99 -99 -99
-99 -99 -99 -99 -99 -99 -0.8378219791754 -99 -99 -99
-99 -99 -99 -99 -99 -99 -99 -99 -99 -99
-99 -99 -99 -99 -99 -99 -99 -99 -99 -99
-99 -99 -99 -99 -99 -99 -99 -99 -99 -99
-99 -99 -99 -99 -99 -99 -99 -99 -99 -99
-99 -99 -99 -99 -99 -99 -99 -99 0.42767630566686 -99
-99 -99 -99 -99 -99 -99 -99 -99 -99 -99
-99 1.38330428949009 -99 -99 1.2411314394127 -99 -99 -99 -99 -99
-99 -1.46479304709834 -99 -99 -99 -99 -99 -99 -99 -99
-99 -99 -99 0.281348653838073 -99 -99 -99 -99 -99 -99
-99 -99 -99 -99 0.278141724545484 -99 -99 -99 -99 -0.411707379063002
0.740101154516775 -99 -99 -99 -99 -99 -99 -99 -1.12365393639003 -99
-99 -99 -99 -99 -99 -99 0.327824602802404 -99 -99 -99
-99 -99 -99 1.67394446198925 -99 -99 -99 -99 -99 -99
-99 1.9374109152918 -99 -99 -99 -99 -99 -99 -99 -99
-99 -99 -99 -99 -99 -99 -99 -99 -99 -99
-99 -99 0.987528201158191 1.93266408929931 1.422495008256 -99 -99 -99 -99 -99
-99 -99 -99 -99 -99 -99 0.866286513637096 -99 -99 -99
0.840027753359768 -99 -99 -99 -99 -99 -99 -99 -99 -99
-99 -99 -99 -99 -99 -99 -99 -99 -99 -99
-99 -99 -99 -99 -99 -99 2.51770184577125 -99 -99 -99
-99 -99 -99 -0.728897013628106 -99 -99 2.6225704917228 -99 -99 -99
-99 -99 -99 -99 -99 -99 -99 -99 1.53411915039548 -99
-1.65730793792073 -0.194977063561671 -0.290089809096893 -99 -99 0.124383922003571 -99 -99 -99 -99
-99 -99 -99 -0.641509445325786 -99 -99 -99 -99 -99 -99
-99 -99 2.60413410750737 -99 -99 -99 -99 -99 -99 -99
-99 -99 -99 -99 -99 -99 -99 -99 -99 -99
-99 -99 -99 1.88387284603586 -99 -99 -99 -99 -99 -99
-99 -99 -99 -99 -99 -99 -99 -99 -99 -99
-99 -99 -99 -99 -99 -99 -99 -99 -99 -99
-99 -99 -99 -99 -99 -99 -99 -99 -99 -99
-99 -99 -99 -99 -99 -99 -99 -99 -99 -99
-99 -99 -99 -99 -99 -99 -99 -0.828204104431573 -99 -99
-99 -99 0.0899602088836241 1.23343327778483 -99 -99 -99 -99 -99 -99
-99 -99 -99 -99 -99 -99 -99 -99 -99 -99
-99 -99 -99 -99 -99 -99 -99 -99 -99 -2.48088620165838
-99 0.969035984032894 -99 -99 -99 -99 -99 -99 -99 -99
-99 -99 -99 -99 -99 -99 -99 -99 -99 -99
-99 -99 -99 -99 -99 -99 -99 -99 -99 -99
-99 -99 -99 -99 -99 -99 -99 -99 -99 -99
-99 -99 -99 -99 -99 -99 -99 -0.873282316516723 -99 -99
1.98316039543055 1.00667200723343 -99 -99 -99 -99 -99 -99 -99 -99
-99 -99 -99 -99 -99 -99 -99 -99 -99 -99
-99 -99 -99 -99 -99 -99 -99 -99 -99 -99
-99 -99 -99 -99 -0.342378988027511 1.40029344543799 -99 -99 -99 -99
-99 -99 -99 -99 -99 -99 -99 -99 -99 2.58825975348433
-99 -99 -99 -99 -99 -0.0719746263811156 -99 -99 -99 -99
-99 -99 -99 -99 -99 -99 -99 -99 -99 -99
-99 -99 -99 -99 -99 -99 -99 -99 -99 -99
-99 -99 -99 -99 -99 1.23742394719058 -99 -99 -99 -99
-99 2.53913801013431 -99 -99 -99 1.10379804462225 -99 -99 -99 -99
-99 -99 -99 -99 -99 4.22198351868884 -99 -99 -99 -99
-99 -99 -99 -99 -99 -0.190860602487567 -99 -99 -99 -99
-99 -99 -99 -99 -99 -99 -99 -99 -99 -99
-99 -99 -99 0.0264225828480031 1.95523301030909 -99 -99 -99 -99 -99
-99 1.32186158711644 -99 -0.583290006433034 -99 -0.0594324195837121 -99 -99 -99 -99
-99 -99 -99 -99 -99 -99 -99 -99 -99 -99
-99 -99 -2.28025892257672 -99 -99 -99 -0.32652240046777 -99 -99 -99
2.48060863369293 -99 -99 -99 -99 -99 -99 -99 3.28137601161819 -99
-99 -99 -99 -99 -99 -99 -99 -99 -99 -99
-99 -99 -99 -99 -99 -99 -99 -99 -99 -99
-99 -99 -99 1.35917842388473 -99 -99 4.61026706630521 -99 4.41262327527702 -99
-99 -99 -99 -99 -99 -99 -99 -99 -99 -99
-99 -99 -99 -99 -99 -99 -99 -99 -99 -99
-99 -99 -99 -99 -99 -99 -0.744101699284099 -99 -99 -99
-99 -99 -99 -99 -99 -99 -99 -99 -99 -99
-99 4.9869367605315 -99 -99 3.9072430085493 -99 -99 -99 -99 -99
-99 -99 -99 -99 1.24523275131566 -99 -0.27883288107388 -99 -99 -99
-99 -99 -99 -99 -99 -99 -99 -99 -99 -99
-99 -99 -99 -99 -99 -99 -99 -99 -99 -99
-99 -99 -99 -99 -99 -99 -99 -99 -99 -99
3.22663337951508 -99 -99 -99 -99 -99 -99 -99 -99 -99
-99 -99 -99 1.05534355314339 -99 -99 -99 -99 -99 -99
-99 -99 -99 -99 -99 0.494616272527761 -99 -99 -99 -99
-99 -99 -99 -99 -99 -0.80476549149828 -99 -99 -99 -99
2.36005895012535 -99 -99 -99 -99 -99 -99 -99 -99 1.20473861107077
-99 -99 0.903237619844072 -99 -99 -99 -99 -99 -99 -99
-99 -99 -99 -99 -99 -99 2.09653690696966 -99 -99 -99
-99 -99 -99 -99 0.216013558587033 2.83736484929824 -99 -99 -99 -99
-99 -99 -99 -99 -99 -99 -99 -99 -99 -99
-99 -99 -99 -99 -99 -99 -99 -99 3.97191869869189 -99
-99 -99 -99 -99 -99 -99 -99 -99 -99 -99
1.42380627501187 1.58722497033929 -99 -99 -99 3.49628263715603 -99 -99 -99 -99
-99 -99 -99 1.01079536393809 2.74322786046304 -99 -99 -99 -99 -99
-99 -99 -99 -99 -99 -99 -99 -99 -99 -99
-99 -99 -99 -99 -99 -99 -99 -99 0.653228517125007 1.54469963784312
-99 1.68613097136009 -99 -99 -99 -99 -99 -99 -99 -99
-99 -99 1.85318391792287 -99 -0.902340001746181 -99 0.0405863557159212 -99 -99 -99
-99 -99 -99 -99 -0.518339451630823 -99 -99 -99 -0.602374412143337 -99
-99 -99 -99 -99 -99 1.61499470133152 -99 -99 -99 -99
-99 -99 -99 -99 -99 -99 -99 -99 -99 -99
-99 -99 -99 -99 -99 -99 1.00601248565779 -99 -99 -99
-99 -99 1.88245556908215 -99 -99 -99 -99 -99 -0.0123079870214284 -99
-99 -99 -99 -99 -99 -99 -99 -99 -99 -99
-99 3.87634036839613 -99 -99 -99 -99 -99 -99 3.96333748843589 -99
-99 -99 -99 -99 -99 -99 -99 -99 -99 -99
-99 -99 -99 -99 -99 -99 -99 -99 1.63014625421693 -99
-99 2.50502758950019 -99 -99 -99 -99 -99 -99 -99 -99
-99 -99 -99 -99 -99 -99 -99 -99 -99 -99
-99 -99 -99 -99 -99 -99 -99 -99 -99 -99
-99 -99 -99 -99 -99 -99 -99 1.34902528383186 -99 -99
-99 2.28739514640408 -99 -99 -99 -99 -99 -99 -99 -99
-99 -99 -1.49512529089254 -99 -99 -99 -99 -99 -99 -99
-99 -99 -99 -99 -99 -99 -99 -99 -99 -99
-99 -99 -99 -99 -99 -99 -99 -99 -99 -99
-99 0.986975342420802 -99 -99 -99 -99 -99 -99 -99 -99
-99 -99 -99 -99 -99 -99 -99 -99 2.47867731518807 -99
-99 -99 1.15132388170088 -99 -99 -99 -99 -99 -99 -99
-99 -99 -99 -99 -99 -99 -99 -99 -99 -99
-99 -99 -99 -99 -99 -99 -99 -99 -99 -99
-0.406383669064144 -99 -99 -99 -99 -99 -99 0.59850495380269 -99 -99
-99 -99 -99 -99 -99 -99 -99 -99 -99 -99
-99 -99 -99 0.279847943168187 1.64512453169635 -99 -99 -99 -99 -99
1.0673492453855 -99 -99 -99 -99 -99 -99 -99 -99 -99
-99 -99 -99 -99 -99 -99 -99 -99 -99 -99
-99 -99 -99 -99 -99 -99 -99 -99 -99 -99
-99 -0.198593824880138 -99 -99 -99 -99 -99 -99 -99 -99
-99 -99 -99 -99 -99 -99 -99 -99 -99 -99
-99 -99 -99 -0.74613271659928 0.99324179443428 -99 -99 -99 -99 -99
-99 1.65855852225115 -99 -99 -99 -99 -99 -99 -99 -99
-0.252177321648385 -99 -99 -99 -99 -99 -99 -99 -99 0.352361253132476
0.549846804038111 -99 -99 -99 -99 -99 -99 -99 -99 1.16800485499141
-0.329622266281828 -99 -99 -99 -99 -99 -1.76500451710744 0.272484676522284 -99 -99
-99 -0.81320141797959 -99 -99 -99 -99 -99 -99 -99 -99
-99 -99 -99 -99 -99 -99 -99 -99 -99 -0.316148248626472
-99 -99 -99 -99 -99 -99 -99 -99 -99 -99
-99 -99 -99 -99 -99 -99 -99 -99 -99 -99
-99 -99 -0.289583875441646 -99 -99 -99 -99 -99 -99 2.66679748005322
-99 -99 -99 -99 -99 -1.37316798407574 1.05003558452435 -99 0.700551857176238 -99
-99 -99 -99 -99 -99 -99 -99 2.34215329069877 -99 0.861008764967584
-99 -99 -99 -99 -99 -99 1.66027370235993 -99 2.9400399450209 -99
1.29164910887188 -99 1.79992681415869 -99 -99 -99 -99 3.40927250473334 3.15636968355828 -99
-99 -99 0.552368015071507 0.396881177405538 0.996587158140543 0.396148449175821 1.61996742657165 -99 -99 0.967648233071788
-99 -99 -99 -99 2.08621938047269 1.60976400586486 -99 -99 -99 -99
-99 -99 -99 -99 -99 -99 -99 -99 -99 -99
-99 -99 -99 -99 -99 -99 -99 0.633287762001282 -99 -99
-99 -99 -99 -99 -99 -99 -99 1.80203073488546 -99 -99
-99 -99 -99 -99 -99 -99 -99 -99 -0.17702832411382 -99
1.12948577478718 -99 -99 -99 -99 -99 -99 -99 -99 -99
-99 -99 0.898191805388982 -99 -99 -99 -99 -99 -99 -99
-99 -99 -99 -99 -99 -99 -99 0.666553010845387 -99 -99
-99 -99 -99 -99 -99 -99 1.87041933000631 -99 -99 -99
-99 -99 -99 -99 -99 -99 -99 -99 -99 -99
4.82735041913824 -99 3.84522570841137 1.14522115813038 -99 -99 -99 -99 3.04366545314928 2.13516293483436
-99 -99 -99 -99 -99 -99 -99 -99 -99 -99
-99 -99 -99 -99 -99 -99 0.972710946091328 -0.14344559070784 -0.656884565216109 -99
0.0592894939547624 -99 -99 -99 -0.946777291492345 -99 -99 -99 -99 -99
-99 -99 -99 -99 -99 0.864464921900389 -99 -99 -99 -99
-99 -99 -99 -99 -99 -99 3.82924397852489 -99 -99 -99
-99 1.75978470973279 -99 -99 -99 -99 -99 2.05021029569323 -99 -99
-99 -99 -99 -99 -99 -99 -99 -99 -99 -99
-99 0.567830527436679 -99 -99 -99 -99 -99 -99 -99 -99
-99 1.8251814432371 -0.209006699370799 -99 -99 -99 1.31437729266188 0.813248012470364 -99 -99
-99 -99 -99 -99 0.358032327930394 -99 -99 -99 -99 -99
-99 -99 -99 -99 -99 -99 -99 -99 -99 -99
-99 -99 -99 -99 -99 0.880787222687762 0.285547672178826 -99 -99 -99
-99 -99 -99 -99 -99 -99 -99 -99 -99 -99
1.6854007600652 -99 -99 -99 -99 -99 -99 -99 0.362693845435738 -99
-99 -99 -99 -99 -99 -99 -99 -99 -99 -99
-99 -99 -1.13786477829949 -99 -99 -99 -99 -99 -99 1.52387847054026
3.47911929233772 -99 -99 -99 -99 -99 -99 -99 -99 3.1799053748342
0.157136614407016 -99 -99 -99 -99 -99 -99 -99 -99 -99
-99 -99 -99 -0.205827615300981 -99 -99 -99 -99 -99 -99
-99 -99 -99 -99 -99 -99 -99 -99 -99 -99
-99 -99 -99 -99 -99 -99 -99 -99 -99 -99
-99 -99 -99 -99 -99 -99 -99 -99 -99 -99
-99 -99 -99 -99 -99 -99 -99 -99 -99 -99
-99 -0.610491384498134 -99 -99 -99 -99 -99 -99 -1.57767734609895 0.492134526060919
-99 -99 -99 -99 -99 2.43936552225542 -99 -99 -99 -99
-99 -99 -99 -99 -99 -99 1.30986511708031 -99 -99 -99
-99 -99 -99 -99 -99 -99 -99 -99 -99 -99
-99 -99 -99 2.14492181329065 -99 -99 -99 -99 -99 0.606723186907795
2.07271059063993 -99 -99 -99 -99 -99 -99 -99 -99 -99
-99 -99 1.11456250728628 -99 -99 -99 -99 -99 0.926324647105448 -99
-99 -99 -99 -99 -99 -99 -99 -99 -99 -99
-99 -99 -99 -0.589942035107996 -99 -0.659868609567981 -99 -99 -99 -99
-99 -99 -99 -99 -99 -99 -99 -99 -99 -99
-99 -99 -99 -99 -99 -99 -99 -99 -99 -99
-99 -99 -99 -99 -99 -99 -99 -99 -99 -99
3.29182911417081 -99 -99 -99 1.85672995844803 -99 -99 -99 -99 -99
-99 -99 -99 -99 -99 -99 -99 -99 -99 -99
-99 -99 0.426050041921189 -99 1.77249463481104 0.722590430754874 -99 -99 0.644538794343453 -99
-99 -99 -99 -99 -99 -99 -99 -99 0.935155222083728 -99
-99 -99 -99 -99 -99 -99 -99 -99 -99 -99
-99 3.32483404139677 -99 -99 -99 -99 -99 -99 -99 -99
-99 -99 -99 -99 2.2347474701451 -99 -99 -99 -99 2.43420541184842
-99 -99 -99 -99 -99 -99 -99 -99 -99 -99
-99 -99 3.70531000812113 -99 -99 -99 -99 1.0020201872744 -99 -99
-99 -99 -99 -99 -99 -99 -99 -99 -99 -99
-99 -99 -99 0.905630593289187 -99 -99 -99 -99 2.3127857764817 2.68163629093385
-0.101423790743892 -99 -99 -99 -99 -99 -99 -99 -99 -99
2.27509521190747 -99 2.36718689386239 0.964831598195034 -99 -99 -99 -99 -99 -99
-99 -99 -99 -99 -99 -99 -99 -99 -99 -99
-99 -99 -99 0.212235943770807 -99 -99 -99 -99 -99 -99
-99 -99 -99 -99 -99 -99 -99 -1.26213762756619 -99 -99
-1.62080715673904 -99 -99 -99 -99 -0.158599522239516 -99 -99 -99 -99
-99 -99 -99 -99 -99 -99 1.0012715586534 -99 -99 2.19209769804957
-99 -99 -99 -99 -99 -99 -99 -99 -99 -99
-99 -99 -99 -0.267436616261605 -99 -99 -99 -99 -99 -99
-99 -99 -99 3.18987180850683 -99 -99 -99 -99 -99 -99
-99 0.6138786730054 -99 -99 -99 -99 -99 -99 -99 -99
-99 -99 0.375368883913158 -0.635826110225274 -99 -99 -99 -99 -99 -99
-99 -99 -99 -99 2.22192018658593 -99 -99 -99 -99 -99
0.812806320647906 0.909448252801059 -99 2.19407445656833 -99 0.628309027773904 -99 1.67590790131027 -99 -99
2.97601810537663 1.10938558736578 -99 -99 -99 2.82980423829828 -99 -99 -99 1.31478985306719
-99 -99 -99 -99 -99 -99 -99 -99 -99 -99
-99 -99 -99 -99 -99 -99 1.02015321217928 -99 -99 -99
-99 -99 -99 -99 -99 -99 -99 -99 -99 0.372159802085895
-99 -99 -99 -99 -99 -99 -99 -99 -99 -99
-99 -99 -99 -99 -99 -99 -99 -99 -99 -99
-99 -99 1.7149693247987 -99 -0.123173492533444 -99 -99 -99 -99 -99
-99 0.72250617705719 -99 -99 -99 -99 -99 -99 -99 -99
-99 -99 -99 -99 -99 2.44273393324371 -99 -99 -99 -99
-99 -99 -99 -99 -99 -99 -99 -99 -99 -99
-99 -99 -99 -99 -99 -99 -99 -99 -99 -99
-99 -99 -99 -99 -99 -99 -99 0.822695859870747 -99 -99
-99 -99 -99 -99 -99 -99 -99 -99 -99 -99
-99 -99 -99 -99 -99 -99 0.418558030643731 0.877870110082615 0.505168856751206 -99
-99 -99 -99 1.41609779444318 -99 -99 0.0344866986210192 -99 -99 -99
-0.785535796000265 -99 -0.548051730206696 -0.778033607708871 -99 -99 -99 -99 -99 -99
-99 -99 -99 -99 -99 -99 -99 -99 -99 -99
-99 -99 -99 -99 3.2667794827222 1.18354115287562 -99 -99 -99 -99
-99 -99 1.18362159614724 -99 -99 -99 -99 -99 -99 -99
-99 -99 -99 -99 -99 -99 3.73332661445813 -99 -99 -99
-0.616876786782472 -99 -99 -99 -99 -99 -99 -99 -99 2.10880676730647
-99 -99 -99 -99 -99 0.276526407680419 0.778268832275158 -99 -99 1.68466429411103
-99 -99 -99 -99 -99 -99 -99 -99 -99 -99
-99 -99 -99 -99 -99 -99 -99 -99 -99 -99
1.0720117926737 -99 -99 -99 -99 -99 -99 -99 -99 -99
-99 -99 -99 -99 -99 -99 1.52349449121551 -99 -99 -99
-99 2.90417213535838 -99 0.324247817265991 -99 -99 -99 -99 -99 -99
-99 -99 -99 -99 -99 -99 -99 -99 -99 -99
0.740286108333881 -99 -99 -99 -99 -99 -99 -99 -99 -99
-99 -99 -99 -99 -99 -99 -99 1.38468486001376 -99 -1.22117847911854
-99 -99 -99 -99 -99 -99 -99 -99 0.417673154573044 -99
-99 -99 -99 -99 -99 2.07102964437649 -99 -99 -99 -99
-99 -99 -99 -99 -99 -99 -99 -99 0.865927729164452 -99
-99 -99 3.48351107800184 -99 -99 -99 1.99582800477805 -99 -99 -99
-99 -99 -99 -99 2.39078028887787 -99 -99 -99 -99 -99
-99 -99 -99 1.94223127458212 -0.00854769574327685 1.40747467110337 -99 -99 -99 -99
-99 -99 -99 -99 -99 -99 -99 -99 1.75639555613546 -99
0.162747210531203 -99 -99 -99 -99 -99 -99 -99 -99 -99
-99 -99 -99 -99 -99 -99 -99 -99 -99 -99
-99 -99 -99 -99 -99 -99 -99 -99 -99 -99
0.999213333594767 -99 -99 -99 -99 -99 -99 -99 -99 -99
-99 -99 -99 -99 -99 -99 -99 -99 -99 -99
2.15946493495464 -99 -99 -99 -99 1.23467584886651 -99 -99 -99 -99
-99 -99 -99 -99 -99 -99 -99 0.969197636889557 -99 -99
-99 -99 -99 -99 -99 -99 -99 -99 -99 -99
-99 -99 -99 -0.599622419786521 -99 -99 -99 -99 -99 -99
-99 -99 -1.22549503847493 -99 -1.26869135529286 -99 -99 -99 -99 -99
0.246928955621343 -99 -99 -99 -99 -99 -0.836294355161125 1.0609906406337 -99 1.53347771722617
-99 -99 -99 -99 -99 -99 -99 -99 -99 -99
-99 -99 -99 -99 -99 -99 -99 -99 -99 -99
-99 -99 -99 -99 -99 -99 -99 -99 -99 -99
0.0338683584283528 -99 -99 -99 -99 -99 -99 -99 -99 -99
-99 -99 -99 -99 -99 -99 -99 -99 -99 -99
-99 -99 -99 -99 -99 -99 -99 -99 2.09751669900157 -99
-99 -99 -99 -99 -99 -99 -99 -99 -99 -99
-99 -99 -99 -99 -99 -99 -99 -99 -99 -99
-99 -99 -99 -99 -99 -99 -0.0549984394042353 -99 -99 -99
-99 -99 -99 -0.559525724596389 -99 -99 -99 -99 -99 -99
-99 -99 -99 -99 -99 -99 -99 -99 -99 -99
-0.843029468815225 -99 -99 -99 -99 -99 -99 -0.95346111572922 -99 -0.433161966342997
-99 -99 -99 -99 -99 -99 2.62992738040879 -99 -99 -99
-99 -99 -99 -99 -99 -99 -99 -99 1.20991120686476 -99
-99 -99 -99 -99 1.3242391597167 2.13644405629561 -99 -99 -99 -99
-99 -0.95439841618432 -99 -99 -99 -99 -99 -99 -99 -99
-99 -99 -99 -99 -99 -99 -99 -99 -99 -99
-99 -99 -99 -99 -99 -99 1.22449631776035 -99 -99 -99
-0.107162882061773 -99 -99 -99 -99 -99 -99 -99 -99 -99
-99 -99 -99 -99 -99 -99 -99 -99 -99 -99
-99 -99 -99 -99 -99 -99 -99 -99 -99 -99
-99 -99 -99 -99 -99 -99 -99 -99 -99 -99
-99 -99 -0.515199857595518 -99 -0.240876210651868 -99 -99 -99 -99 -99
-99 0.948118655644103 1.05727624639518 -99 -99 -99 -99 -99 -99 -99
-99 -99 -99 -99 -99 -0.414465954422464 -99 -99 -99 -99
-99 -99 -99 -99 -0.326414412099355 -99 -99 -99 -99 -99
-99 -99 -99 -99 -99 -99 -99 -99 -99 -99
-99 -99 -99 -99 -99 -99 -99 0.583200272812493 -99 -99
-99 -99 -99 -99 -99 -99 1.38055519388062 -99 -99 -99
-99 -99 -99 -99 -99 -99 -99 -99 -99 -99
-99 0.303417476955612 -99 -99 -99 -99 -99 -99 -99 -99
-99 -99 2.29287401590142 -99 -99 -99 -99 -99 1.42721733718529 0.801407705180644
-99 -99 -99 -99 -99 -99 -99 -0.0045595893501329 -99 -99
0.219916000781271 -99 0.250657872142835 -99 -99 -99 -99 -99 -99 -99
-99 -99 -99 -99 -99 -99 -99 -99 -99 -99
-99 -99 -99 -99 -99 -99 -99 -99 -99 -99
-99 -99 -99 -99 -99 -99 -99 -99 1.65051756152821 -99
-99 -99 -99 -99 -99 1.80349629506992 -99 -99 -99 -99
1.59840242916566 -99 -99 -99 -99 -99 -99 -99 -99 -99
-99 -99 -99 -99 -99 -99 3.65588929134034 -99 -99 -99
1.53083492161324 -99 -99 -99 -99 -99 -99 -99 -99 -99
-99 -99 -99 -99 -99 -99 -99 -99 -99 -99
-99 -99 -99 -99 -99 -99 -99 -99 0.968852475358664 -99
-99 -99 2.17795674169151 -99 -99 -99 -99 -99 0.927345062572342 -99
0.114553310195714 -99 0.651459158134157 -0.0108016685604369 -99 -99 -99 0.290887694850205 -99 -99
0.201271200177904 -99 -99 -99 -99 -99 -99 -99 -99 -99
-99 -99 -99 -99 -99 2.3350639184956 1.07909270128955 -99 -99 -99
2.21289969836884 -99 -99 -99 1.14338228029346 -99 -99 -99 -99 -99
-99 -99 -99 -99 -99 -99 -99 -99 -99 -99
-99 -99 -99 -99 1.08937629984143 -99 -99 -99 2.25971336446517 -99
-99 -99 -99 -99 -99 -99 -99 -99 -99 -99
-99 -99 -99 -99 -99 -99 -99 -99 -99 -99
-99 -99 -99 -99 -99 -99 -99 -99 -99 -99
-99 -99 -99 -99 -99 -99 0.118968972221799 -99 0.0210170347536481 -99
-99 -99 -99 -99 -99 -99 -99 -99 -99 -99
-99 -99 -99 -99 -99 -99 -99 -99 -99 -99
-99 -99 -99 -99 -99 -99 -99 -99 -99 -99
-99 1.42037098062333 -99 -99 -99 -99 -99 -99 -99 -99
-99 -99 -99 -99 -99 -99 -99 -99 4.6535557012574 -99
1.11194120747731 -99 -99 -99 -99 -99 -0.538925386749505 -99 -99 -99
-99 -99 -99 -99 -99 -99 -99 -99 -99 -99
-99 -99 -99 -99 -99 -99 -99 -99 -99 -99
-99 -99 -99 -99 -99 -99 -99 -99 -99 -0.285377020995986
-99 -99 -99 -99 -99 -99 -99 -99 -99 -99
-99 -99 -99 -99 -99 -99 -99 -99 -99 -99
-99 -99 -99 -99 -99 -99 -99 -99 -99 -99
-99 -99 -99 -99 -99 -99 -99 -1.10565575400567 -99 -99
-99 -99 -99 -99 -99 -99 -99 -99 -99 -99
-99 -99 -99 1.74049920276039 -99 -99 -99 -99 -99 -99
-99 -99 -99 -99 -99 -99 -99 -99 0.198916933864233 -99
-99 -99 -99 -99 -99 -99 1.34581054021122 -99 -99 -99
-99 -99 -99 -99 3.50232920974257 -99 -99 -99 -99 -99
-99 -99 -99 -99 0.419817197772468 -99 -99 -99 -99 -99
-99 -99 -99 0.479474660919404 -99 -99 -99 -99 -1.30167738469433 -99
-99 -99 -99 -99 0.596417175570209 -99 -99 -99 -99 -99
-99 -99 -99 -99 -99 -99 -99 -99 -99 -99
-99 -99 -99 -99 1.06293095462488 -99 -99 1.51461349486909 -99 -99
-99 -99 -99 -99 -99 -99 -99 -99 -99 -99
-99 -99 -99 -99 -99 -99 -99 -99 -99 -99
-99 -99 -99 -99 -99 -99 -99 -99 -99 -99
-99 -99 -99 -99 -99 -99 -99 -99 -99 -99
-99 0.63596097520872 -99 -99 -99 -99 -99 -99 -99 -99
-99 -99 -99 -99 -99 -99 -99 -99 -99 -99
-99 -99 -99 -99 -99 -99 -99 4.8412542401469 -99 -99
-99 -99 -99 -99 -99 -99 1.03798743016431 -99 -0.188858011319362 -99
-99 -99 -99 -99 -99 -99 0.726050384068524 -99 -99 -99
1.95939337129182 -99 -99 -99 -99 -99 -99 -99 -99 -99
-99 -99 -99 -99 -1.98992535731008 -99 -99 -99 -99 -99
-99 -99 -99 -99 -99 -99 -99 -99 -99 -99
-99 -99 -99 -99 -99 -99 1.76432677031832 -99 -99 -99
-99 1.91989812493916 -99 -99 -99 -99 -99 -99 2.45931011513816 -99
-99 -99 -99 -99 -99 -99 -99 -99 -99 -99
-99 2.21406352222732 -99 -99 -99 -0.442631561708056 -99 -99 -99 -99
-99 -99 -2.09452369196122 -99 -99 -99 -99 -0.727616991360462 -99 -99
-99 -99 -99 -99 -99 -99 -99 -99 -99 -99
-99 -99 -99 -99 -99 -99 -99 -99 -99 -99
-99 -99 -0.137950106381198 -99 -99 -99 -99 -99 -99 -99
-99 -99 -99 0.561560115301419 -99 -99 -99 -99 -1.28448519101345 -1.89184454603754
-99 -99 -99 -99 -99 -99 1.61894828732018 -99 -99 -99
3.85303209163315 -99 -99 -99 -99 -99 -99 -99 -99 -99
-99 -99 -99 -99 -99 -0.329644657317886 -99 -99 -99 -99
-99 -99 -99 -99 0.933767684014127 -99 -99 -99 -99 -99
-99 -99 -99 -99 -99 -99 -99 -99 -99 -99
-0.319937353622235 -99 -99 -99 -0.340308770588667 -99 -99 -99 0.586295838378159 -0.559096777459028
-99 -99 -99 -99 -99 -99 -99 -99 -99 -99
-99 -99 -99 -99 -99 -99 -99 -99 -99 -99
-99 1.33549653371219 -99 -99 -99 -99 -99 -99 -0.39827070177435 -99
-99 -99 1.5355641469702 -99 -99 -99 -99 -99 -99 0.957197941480164
-99 -99 3.90882596543162 -99 -99 -99 -99 -99 3.6620807301477 -99
-99 -99 -99 1.1796289066019 -99 -99 -99 -99 -99 -99
-99 -99 -99 -0.226842009333933 -99 -99 -99 -99 -99 -99
-99 -99 -99 -99 -99 0.634030375771179 -99 -99 1.52878205802885 -99
-99 -99 -99 -99 -99 -99 -99 -99 0.960440510686053 -99
-99 -99 -99 -99 -99 -99 -0.225602562381866 -99 -99 -99
-99 -99 -99 -99 0.459384590563694 -99 -99 -99 -99 -99
-99 0.881844702462895 -99 -99 0.766786212931702 -99 -99 -99 -99 -99
-99 -99 -99 -99 -99 -99 -99 -99 -1.09621602181794 -99
-99 -99 -99 -99 -99 -99 -1.33566303207585 -99 -99 -99
-99 -99 -99 2.16112519433415 -99 -99 -99 -99 -99 -99
-99 -99 -99 -99 -99 -99 -99 -99 -99 -99
-99 -99 -99 -99 -99 -99 -99 -99 -99 -99
-99 -99 -99 -0.421359168822067 -99 -99 -99 -99 -99 -99
1.19285301976332 -99 -99 -99 -99 -99 -99 -99 -99 -0.944827990815878
-99 -99 -99 -99 -99 -99 -99 -99 -99 -99
-99 -99 -99 -99 -99 -99 -99 -2.22304916893009 -99 -99
-99 -99 -99 -99 -99 -99 1.04835516276503 -99 -99 -99
-99 -99 -99 -99 -99 -99 -99 0.73389187383914 -99 -99
-99 -99 -99 -99 0.360260354410636 -99 -99 -99 -99 -99
-99 -99 -99 -99 -99 -99 -99 -99 -99 -99
-99 2.4562756303508 0.652127974303303 -99 -99 -99 -99 -99 -99 -99
-99 -99 -99 -99 -99 -99 1.86197358100903 -99 -99 -99
-99 -99 -99 -99 -99 -99 -99 -99 1.52432747126959 -99
-99 -99 -99 -99 -99 -99 -99 -99 -99 -99
-99 -99 -99 -99 -99 -99 -99 1.76367755220754 -99 -99
-99 -99 -99 -99 1.61430181652033 -99 -99 -99 -99 -99
-99 -99 -99 -99 -0.702204460545216 -99 -99 -99 -99 -99
-99 -99 -99 -99 -99 -99 -99 -99 -99 -99
-99 0.351522201583034 -99 1.11703015979566 -99 -99 -99 -99 -99 -99
-99 -99 -99 -99 0.641913806936357 -99 -99 -99 -99 -99
-99 -99 -99 -99 -99 -99 -99 -99 -99 -99
3.40685082908977 -99 -99 -99 -99 -99 -99 -99 -99 -99
-99 -99 -99 -99 -99 -99 -99 -99 -99 -99
-99 -99 -99 -99 1.63931246836704 -99 -99 -99 -99 -99
-99 -99 -99 -99 -99 -0.0858171853269889 -99 -99 -99 -99
-99 2.37247713180171 -99 -99 -99 3.52874097958016 -99 -99 -99 -99
-99 -99 -99 -99 -99 -99 -99 -99 -99 -99
-99 0.883836897040388 0.46501852470786 -99 -99 -99 -99 -99 -99 -99
-99 -99 0.42532504515648 -99 -99 -99 -99 -99 -99 -99
-99 -99 -99 -99 -99 -99 -99 -99 -99 2.20120339434577
-99 -99 -99 -99 -99 -99 -99 -99 -99 -99
-99 0.216939388650236 -99 -99 -99 -99 -99 -99 -99 -99
-99 -99 -99 -99 -99 -99 -99 -99 -99 -99
-99 -99 -99 -99 -99 -99 -99 -99 -99 -99
-99 -99 -99 -99 -99 -99 -99 -99 -99 -99
-99 -99 -99 -99 -99 -99 -99 -99 -99 -99
-99 -99 -99 -99 -99 -99 -99 -99 -99 -99
1.68636351671987 -99 -99 -99 -99 -99 -99 -99 -99 -99
-99 -99 -99 -99 -0.553971524501794 -99 -99 -0.247188929210679 0.229693876109969 -99
-99 0.116097618548516 -99 -99 -99 -99 -99 -99 -99 -99
-99 -99 -99 -99 -99 -99 -99 1.30417571075379 -99 -99
-99 -99 -1.44804594851864 -99 -99 -99 -99 -99 -99 -99
-99 -99 -99 -99 -99 -99 2.73933402661361 2.08321867345732 -99 2.22358838378744
-99 -99 -99 0.807853196843774 -99 -99 -99 -99 -99 -0.836955458547397
-99 -99 -99 -99 2.01406103203596 -99 -99 -99 -99 -99
-99 -99 0.23373261775231 -99 -99 -99 -99 -99 0.580246886734631 -99
-99 -99 -99 -99 -99 -99 -99 -99 -99 -99
-99 -99 -99 -99 -99 -99 -99 -99 -99 -99
-0.529164880646659 -99 -99 -0.552430197697299 -99 -0.0094220837000798 0.543838095672291 -99 -99 -99
-99 -99 -99 -99 -99 -99 -99 -99 -99 -99
-99 -99 -99 -99 -99 -99 -99 -99 -99 -99
-99 -99 -99 -99 -99 -99 -99 -99 -99 -99
-99 -99 -99 -99 -99 -99 -99 -99 -99 -99
-99 -99 -99 -99 -99 -99 -99 -99 -99 -99
-99 -99 -99 -99 -99 -99 -0.336087201628018 -99 -99 -99
-99 -99 -99 -99 -99 -99 -99 -99 -99 0.116913629863031
-99 -99 -99 -99 -99 -99 -99 -99 -99 -99
-99 -99 -99 3.10501772982856 -99 -99 3.4416439300062 -99 -99 -99
-99 -99 -99 -99 -99 -99 -99 -99 -99 -99
-99 -99 -99 -99 -99 -99 1.88350051173794 -99 -99 -99
-99 -99 -99 -99 -99 -99 -99 -0.499272462502594 -99 -99
-99 -99 -99 -99 -99 -99 -99 0.861013758623111 -99 -99
-99 -99 -99 -0.998219739537207 -99 -99 -99 -99 -0.249029046367889 -99
-99 -99 -99 -99 -99 -99 -99 -99 -99 -99
-99 -99 -99 -99 -99 -99 -99 -99 -99 -99
-99 -99 -99 -99 -99 -99 -99 -99 -99 -99
-99 -99 -99 -99 -99 -99 -99 -99 -99 -99
-99 -99 -99 -99 -99 -99 -99 -1.06398745526444 -99 -99
-99 -99 0.0464225069309245 -99 -99 -99 1.15522961661578 -99 -99 -99
-99 -99 -99 -99 -99 -99 -99 -99 -99 -99
-99 -99 -99 -99 -99 -1.11891258971404 -99 -99 -99 1.13908680945893
-99 -99 -99 -99 2.72457486677768 -99 0.729199076949132 -99 3.30904047598892 -99
-99 -99 -99 -99 -99 -99 -99 -99 -99 -1.21948205291477
-99 -99 1.50656397617149 -99 -99 -99 -99 -99 -99 -99
-99 -99 -99 -0.403041821275428 -99 -99 -99 -99 -99 -99
-99 -99 -99 -99 -99 -99 -99 -99 -99 -99
-99 -99 -99 -99 -99 -0.387845855199073 -99 -99 -99 -99
-2.46744283871023 -99 -99 0.0954930659586494 -99 -99 -99 -99 -99 -99
-99 -99 -99 -99 -99 -99 -99 1.99867631264812 -99 -99
-99 -99 -0.851315261383251 -99 -99 -99 -99 -99 -99 -99
-99 -99 -99 -99 -99 -99 -99 -99 -99 3.72107822342224
1.55027446105837 -99 -99 -99 -99 -99 -99 -99 -99 -99
-99 -99 -99 -99 -99 1.0412006113011 -99 -99 -99 -99
-99 -99 -99 -99 -99 -99 1.90661385087802 -99 -99 -99
1.32100626805937 -99 -99 -0.305873382519649 -99 -99 -99 -99 -99 -99
-99 -99 -99 -99 -99 -99 -99 -99 -99 -99
-99 -99 -99 0.26404519963688 0.248853541870224 -0.919873485814444 -99 -99 -99 -99
-99 -99 -99 -99 -99 -99 -99 -99 -99 -99
-99 -99 -99 -99 -99 1.93987849099089 -99 -99 -99 -99
-99 -99 -99 -99 -99 -99 -99 -99 -0.464510913711586 -99
-99 -99 -99 -99 -99 -99 -99 0.927173864805736 0.501735896775395 -99
-99 -99 -99 -99 1.19248477418405 -99 -99 -99 -99 -99
-99 -99 -99 -99 -99 -99 -99 -99 -99 -99
-99 -0.244596328485398 -99 -99 -99 -99 0.0891220461357626 -99 -99 1.78611608533583
1.92799179026462 -99 0.714206572301169 -99 -99 -99 -99 1.16658584819363 -99 -99
-99 -99 -99 -99 -99 -99 -99 -99 -0.113257008734883 -99
-99 -99 -99 -99 -99 -99 0.761862555522133 -99 -99 -99
-99 -99 -99 -99 -99 -99 -99 -99 -99 -99
-99 -99 -99 -99 -0.314713211850112 -99 -99 -99 -99 -99
-99 -99 -99 -99 1.78869965258297 -99 -99 2.11141247991814 -99 -99
0.645677644625419 -99 -99 -99 -99 -0.0424600693898773 -99 0.00880864773541967 -99 -99
-99 -99 -99 -99 -99 -99 -99 0.612082031025978 -99 -99
-99 -99 -99 -99 -99 -99 -99 -99 -99 -99
-99 -99 -99 -99 -99 -99 -99 -99 -0.691566346739572 -99
-99 -99 -99 -99 -99 -99 -99 -99 -99 -99
-99 -99 -99 -99 -99 -99 -0.501948053039461 -99 -99 -99
-99 -0.236506847036182 -99 -99 -99 -99 -99 -99 -99 -0.797759082161215
-99 -99 -99 -99 -99 -99 -99 -99 -99 -99
-99 -99 -99 -99 0.964084200423318 -99 -99 -99 -99 -99
-99 -99 -99 -99 -99 -99 -0.380174181870319 -99 -99 -99
-99 -99 -99 -99 -99 -99 -99 -99 -99 -99
-99 -99 -99 -99 -99 3.20763102765289 -99 -99 -99 -99
-0.00276112319642685 -99 -99 -99 -99 0.238285765661253 -99 -99 -99 0.812801799074287
-99 -99 -99 1.47084432988084 -99 -99 -99 -99 1.83426517933541 -99
-99 -99 -99 -99 -99 -99 -99 -99 3.61834805172062 -99
-99 -99 -99 -99 -99 2.14978756419385 -99 -99 4.0059140892621 -99
-99 -99 -99 -99 -99 -99 -99 -99 -99 -99
-99 -99 -99 -99 -99 -99 -99 0.444739896515489 -99 -99
-99 -99 -99 -99 -99 0.69061910473296 -99 -99 -99 -99
-99 -99 -99 -99 -99 -99 -99 -99 -99 -99
-99 -99 -99 -99 -99 -99 -99 -99 -99 -99
-99 -99 -99 -99 -99 -99 -99 -99 -99 -99
-99 -99 -99 -0.324777576846896 -99 -99 -99 2.25671019480057 -99 -99
-99 -99 -99 -99 -99 0.784705694570309 -99 -99 -99 0.0598870726102717
-99 -99 -99 -99 -99 -99 -99 -99 -99 -99
-99 -99 -99 0.834599420227365 -99 -99 -99 -99 -99 -0.565362767154014
-99 -99 -99 -99 -99 -99 -99 -99 -99 -99
-99 -99 -99 -99 -99 -99 -1.07040293026527 -99 -99 -99
-99 -99 -99 -99 -99 -99 -99 -99 -99 -99
-99 -99 -99 -99 -99 1.94832374523876 -99 -99 -99 0.546570856342276
-99 -99 -99 -99 -99 -99 -99 -99 -99 -99
-99 -99 -99 -99 -99 -99 -99 -99 -99 -99
-99 2.73253714189026 -99 -99 -99 -99 -99 -99 -99 -99
-99 -99 -99 -99 -99 -99 -99 -99 -99 -99
-99 -99 -99 -99 -99 -99 -99 -99 1.21012110829036 -99
-99 -99 -99 -99 -99 -99 -99 -99 -99 -99
-99 -99 -99 -99 -99 -99 0.302475467209738 -99 -99 -99
-99 -99 -99 -99 -99 -99 -99 -99 -99 -99
-99 3.50740860236495 -99 -99 2.76770736232167 -99 -99 -99 -99 -99
-99 -99 -99 -99 -99 -99 -99 -99 -99 -99
-99 -99 -99 -99 -99 -99 -99 -99 -99 -99
-99 -99 -99 -99 -99 -99 -0.735056461069387 -99 -99 -99
-99 -99 -99 0.695158247379925 -99 -99 -99 -99 -99 -99
-99 1.0234702548441 -99 -99 -99 -99 -99 -99 -99 2.25458528727818
-99 -99 -99 -99 -99 -99 -99 -99 -99 -99
-0.653311179791128 -99 -99 -99 -99 -99 -99 0.702995712288181 0.81884472325756 -99
-99 -99 -0.618215564262798 -99 -99 -99 -99 -99 -99 -99
-99 -99 -99 -99 -99 -99 -99 -0.919823806702323 -99 -99
-99 0.581575903276502 1.0474026683944 -99 -99 -99 -99 -99 -99 -99
-99 -99 -99 -99 -99 -99 -99 -99 -99 -99
-99 -99 -99 -99 -99 -99 -99 -99 -99 -99
-99 -99 -99 -99 -99 -99 -1.16323583622681 -99 -99 -99
1.74019192907835 -99 -99 -99 -99 -99 -99 -99 -99 -99
-99 -99 -99 -99 -99 -99 -99 -99 -99 1.05287041593134
-99 -99 -99 -99 -99 -99 -99 -99 -99 -99
-99 -99 -99 -99 -99 0.170796327376568 -99 -99 -99 -99
0.697597496825599 0.95052590937939 -99 -99 -99 -99 -99 -99 -99 -99
-99 -99 -99 -99 -99 0.808949884923707 -99 -99 -99 -99
2.22191626190264 -99 -99 -99 -99 -99 0.209086070872133 -99 -99 -99
-99 -99 -99 -99 -99 -99 -99 -99 -99 -99
-99 -99 -99 -99 -99 -99 -99 -99 -99 -99
-99 -99 -99 -99 -99 -99 -99 -99 -99 -99
-99 -99 -99 -99 -99 1.08746735869138 -99 -99 -99 -99
-99 0.575542545807482 0.480488632608441 -99 -99 -99 -99 -99 2.02313241222525 -99
-99 -99 2.01423342244903 -99 -99 -99 -99 -99 -99 -99
2.92247977594372 1.76444110413461 -99 -99 -99 -99 -99 -99 -99 -99
-99 1.40197512878122 -99 -99 -99 -99 -99 -99 -99 -99
-99 -1.21376056890292 -99 -99 1.89744543849116 -99 -99 -99 -0.83741249286968 -99
-99 -99 -99 -99 -99 -99 -1.00219511212967 -99 -99 -99
-99 -99 0.38695810667678 -99 -99 -99 -99 -0.0145966190816726 -99 -99
-99 -99 -99 -99 -99 -99 -99 -99 -99 -99
1.42637182434711 -99 -99 -99 -99 -99 -99 -99 -99 -99
-99 -99 -99 -99 0.624270188452009 -99 -99 -99 -99 -99
-99 -99 -99 -99 -99 -99 -99 -99 -99 -99
0.922618424189442 -99 -99 -99 -99 -99 1.83945383136117 -99 -99 -99
2.03829312870235 -99 -99 -99 -99 -99 -99 -99 -99 -99
-99 -99 -99 -99 -99 -99 -99 -99 -99 -99
-99 -99 -99 -99 -99 -99 -99 -99 -99 -99
-99 -99 -99 -99 -99 -99 -99 -99 -99 -99
-99 -99 -99 -99 -99 -99 -99 -99 -99 -99
-99 -99 -99 -99 -99 -99 -99 -99 -99 -99
-99 -99 -99 -99 -99 -99 -99 -99 -99 -99
-99 1.05796234655706 -99 -99 -99 -99 1.05275454799449 -99 -99 -99
-99 -99 -99 -99 -99 -99 -99 -99 -99 -99
3.53481094087908 -99 -99 -99 -99 3.44693558817488 -99 -99 -99 -99
-99 -99 -99 -99 0.0468930858280581 -0.133852139356785 -99 -99 -99 -99
-99 -99 -99 -99 -99 -99 -99 -99 -99 -99
3.73365190166488 2.87804605850256 -99 -99 -99 -99 -99 -99 -99 -99
-99 -99 -99 -99 -99 -99 -99 -99 -99 -99
-99 -99 -99 -99 1.41949500875404 -99 -99 -99 -99 -99
-99 -99 -99 -99 -99 -99 -99 -99 -99 -99
-99 -99 -99 -99 0.951211735312297 -99 -99 -99 -99 -99
-99 -99 -99 -99 -99 -99 -99 1.18601803637668 -99 -99
-99 -99 -99 -99 -99 1.49024343255967 -99 -99 -99 -99
0.152548889034487 -99 -99 -0.2787561729588 -99 -99 -99 1.8549887716592 -99 -99
1.43037657422053 -99 -99 -99 -99 -99 -99 -99 -99 -99
-99 -99 -99 -99 -99 -99 1.15033297285022 -99 -99 -99
-99 -99 -99 -99 -99 -99 -99 -99 -99 -99
-99 -99 -99 -99 -99 -99 -99 -99 -99 -99
-99 -99 -99 -99 1.21715210574608 -99 -99 -99 0.855435113947252 -99
-99 -99 -99 -99 0.0830498685189874 -99 -99 -99 -99 -99
-99 -99 -99 -99 -1.60512887017423 -99 -99 -99 -2.03010453675197 -99
-99 -99 0.751151339948041 -99 -99 -99 -99 -99 0.89183263129811 -99
-99 -99 -99 -99 -99 -99 -99 -99 1.89761427425011 -99
-99 -99 -99 -99 -99 -99 -99 -99 -99 -99
-99 -99 -99 -0.822442846985997 -99 -99 -99 -99 -99 -99
-99 -99 -99 -99 -99 -99 -99 -99 -99 -99
-99 -99 -99 -99 -99 0.96752481882693 -99 -99 -0.334508898803984 -99
-99 -99 2.10179242724726 -99 -99 -99 -99 -99 -99 0.881265629529579
-99 -99 -99 -99 -99 -99 -99 2.16280157888228 -99 -99
-99 -99 -99 -99 -99 -99 -99 -99 -99 -99
-99 -99 -99 -99 -99 -99 -99 -99 -99 -99
-99 2.59627061204597 -99 -99 -99 -99 -99 -99 -99 -99
-99 -99 -99 -99 -99 -99 -99 -99 -99 -99
-99 -99 -99 -99 -99 -99 -99 -99 1.11159027608007 -99
-99 -99 -99 -99 -99 -99 -99 -99 -99 -99
-99 -99 -99 -99 -99 -99 4.46324038993529 -99 -99 -99
-99 -99 -99 -99 -99 -99 -99 -99 -99 -99
-99 -99 -99 -99 -99 -99 -99 -99 -99 -99
-99 -99 -99 -99 -99 -99 -99 -99 -99 -99
-99 -99 -99 -99 -99 -99 -99 -99 -99 -99
-99 -99 -99 -99 -99 -99 -99 -99 -99 -99
-99 -99 -99 1.5351819092762 -99 -99 -99 2.81372725341571 -99 -99
0.671236186566067 0.216105150831869 -99 -99 -99 -99 -99 -99 -99 -99
-99 -99 -99 0.79104327861091 -99 -99 -99 -99 -99 -99
-99 -99 -99 -99 -99 -99 -99 -99 -99 -99
-99 -99 -99 -99 1.29978224033477 -99 -99 -99 2.50378093656208 -99
-99 -99 -99 -99 -99 -99 -99 5.02134508807712 -99 2.63972715197269
-99 -99 -99 -99 -99 -99 -99 -99 -99 -99
-99 0.67930776605671 -99 -99 -99 -99 -99 -99 -0.130237794558589 -99
-0.0777296061311332 -99 -1.55068852832471 -99 -99 -99 -0.792374972094301 -99 -99 0.0564126868059234
-99 -99 -99 -99 -99 -99 -99 -99 -99 -99
-99 -99 -99 -99 -99 -99 -99 -99 -99 -99
-1.29147322514727 -99 -99 -99 -99 -99 -99 -99 -99 -99
-99 1.48073696463201 1.18967086152546 -99 -99 -99 0.969839506268367 -99 2.01355165760904 -99
-99 -99 -0.675038410933955 -99 -99 0.807994657460969 -99 -99 -99 -99
2.66172389409579 -99 2.01748416622897 -99 -99 -99 -99 -99 -99 -99
-99 -99 -99 2.5659328950726 -99 -99 -99 -99 -99 -99
-99 -99 1.53360097098435 -99 -99 0.989599504155933 -99 -99 -99 -99
-99 -99 -0.734685286123884 -99 -99 -99 -99 -99 0.252905826550775 -99
-99 -99 -99 -99 -99 -99 -99 -99 -99 -99
1.4783155471463 -99 -99 -99 -99 -99 -99 -99 -99 -99
-99 -99 -99 -99 -99 1.89550875674413 -99 -99 -99 -99
-99 -99 2.82308411730109 -99 -99 -99 -99 -99 -99 -99
-99 -99 -99 1.14157388209053 -99 -99 2.00424111187503 -99 -99 -99
-99 -99 -99 -99 1.12596861024284 -99 -99 -99 -99 -0.403062397095706
-99 -99 -99 1.84380424095151 -99 -99 -99 -99 -99 -99
-99 -99 1.96973459125256 -99 -99 -99 -99 -99 -99 -99
-99 -99 -99 -99 -99 -99 -99 -99 2.72217586902762 -99
-99 -99 -99 -99 -99 -99 -99 -99 -99 1.02177802629528
-99 -99 1.72912334799153 -99 -99 -99 1.92374206881177 -99 -99 -99
-99 -99 0.292501650428327 -99 -0.863416558628285 -99 -0.563545143157435 -99 -99 -99
-99 2.51319655259576 -99 -99 -99 3.90403844228677 -99 -99 -99 -99
-99 -99 -99 -99 -99 -99 -99 -99 -99 -99
-99 -99 -99 -0.720242270907093 -1.50689610760302 -99 -99 -99 -99 -99
-99 -99 -99 -99 -99 -99 -99 -99 -99 0.258998407824491
-99 -99 -99 -99 -0.550256094409908 -99 -99 1.38942641424025 -99 -99
-99 -99 -99 -99 -99 -99 -99 -99 -99 -99
1.67643325092701 -99 -99 -99 -99 -99 -99 -99 -99 -99
-99 -99 -99 -99 -99 -99 -99 2.24836696985135 -99 -99
-99 -99 -99 -99 -99 -99 -99 -99 -99 -99
-99 -99 -0.240236496158005 -99 -99 -99 -99 0.610463132540385 -99 -99
-99 -99 -99 -99 -99 -99 1.14092005155103 -99 -99 -99
-99 -0.768329222535719 -99 -99 -0.60043848030903 -99 -99 -99 -99 -99
-99 -99 -0.289555525660022 -99 -99 -99 -99 -99 -99 -99
-99 -99 -99 -99 -99 -99 -99 -99 -99 -99
-99 0.739248876900701 -99 -99 -99 -99 -99 -99 -99 -99
-99 -99 -99 -1.57712936418205 -99 -99 -99 -99 -99 -1.71993478057853
-99 -99 -99 -99 -99 -99 -99 -99 -99 -99
-99 -99 -99 -99 -99 -99 -99 -99 2.82526915400913 -99
-0.826097532464745 -99 -99 -99 -99 -99 -99 -99 1.86795855932324 -99
-99 -0.199070002065341 -99 -99 -99 -99 -99 -99 -99 -99
-99 1.12480773934945 -99 -99 -99 -99 -99 -99 -99 -99
-99 -99 -99 -99 -99 -99 -99 -99 -1.6220046451767 -99
-99 -99 -99 -99 1.17764706017099 -99 -99 -99 -99 -99
-99 -99 -99 -99 -99 -99 -99 -99 -99 2.65299478523138
-99 -99 -99 -99 -99 -99 0.417704066697001 -99 -99 -99
-99 -99 -99 -99 -99 -99 -99 -99 -99 -99
-99 -99 -99 -99 -99 0.484498465254295 1.98245829027873 -99 -99 -99
0.185555509103065 -99 -99 -99 -99 -99 -99 0.983812996459826 0.725426049027745 1.59519371907817
0.832382040364163 -99 -99 -99 -99 -99 -99 -99 -99 -99
-99 -99 -99 -99 -99 -99 -99 -99 -99 -99
-99 -99 -99 -99 -99 -99 -99 -99 -99 -99
-99 0.706646411055789 -99 -99 -99 -99 -99 -99 -99 -99
-99 -99 -99 -99 -99 -99 -99 -99 -99 -1.10319666176945
-99 -99 0.612461650338149 -99 -99 -99 -99 -99 -99 1.69394000791323
-99 0.328196382372547 -99 -99 -99 -99 -0.83040041104184 -99 -99 -99
-99 -99 -99 -99 -99 -99 -99 -99 -99 -99
-99 -99 -99 -99 -99 0.54006046426572 -99 -99 -99 -99
-99 -99 -1.12935471540544 -0.697574358778291 -99 -99 -99 -99 2.34514128458395 -99
0.397410217913664 -99 -99 -99 -99 -99 -99 1.51669885420234 -99 -99
-99 -99 -99 -99 -99 -99 -99 -99 -99 2.06279145954544
-99 -99 -99 -99 -99 -99 -99 -99 -99 -99
-99 -99 -99 -99 -99 -99 -99 -99 -99 -99
-99 -99 -99 -99 -99 -99 -99 -99 -99 -99
-99 -99 -99 -99 -99 -99 -99 1.15066855496001 -99 -99
-99 -99 2.90130155345549 -99 -99 -99 -99 -99 -99 -99
-99 -99 -99 -99 -99 -99 -99 -99 -99 1.32963992584456
-99 -99 -99 -99 -99 -99 -99 -99 -99 -99
-99 -99 -99 -99 -99 -99 -99 -99 -99 -99
0.643963821114405 -99 -99 -99 -99 -99 -99 -99 -99 -99
-99 2.44042827616655 -99 -99 -99 -99 -99 -99 -99 -99
-99 -99 -99 -99 -99 0.0875403033591492 -99 -99 -99 -99
-99 -99 -99 -99 -99 -99 -0.038410082199237 -0.312991944906692 -99 -99
-99 -99 -99 -99 -99 -99 -99 -99 -99 -99
-99 -99 -99 -99 -99 -99 -99 -99 3.52968519746922 -99
-99 -99 -99 -99 -99 -99 -99 -99 -99 -99
-99 -99 -99 -99 -99 -99 -99 -99 -99 -99
-99 1.61430887739147 -99 -99 -99 -99 -99 -99 -0.116159798977383 -99
-99 -99 -99 -99 -99 -99 -99 -99 -99 -99
-99 -99 -99 -99 0.664003244539196 -99 -99 -99 -99 -99
-99 -99 -99 -99 -99 -99 -99 -99 -99 -99
-99 2.28820118760259 0.332700991251451 -99 -99 -99 -99 -99 -99 -99
-99 -99 -99 -99 -99 -99 1.2134377183837 -99 -99 -99
