-99 -1.0036241952872 -99 -99 -99 -99 -99 -99 -99 -99
-99 -99 -99 -99 -99 -99 -99 -99 -99 -99
-99 -99 -99 -99 -99 -99 -99 -99 -99 -99
-99 -99 -99 -99 2.94104586951077 -99 -99 -99 -99 -99
-99 -99 -99 -99 -99 -99 -99 -0.308472284177049 -99 -1.37535250251808
-99 -99 -99 -99 -99 -99 -99 -99 -99 -99
-99 -99 -99 -99 -99 -99 -99 -99 -99 -99
-99 -99 3.1050522839683 -99 -99 -99 0.996154064805228 1.44581213742186 -99 -99
-99 -99 -99 1.08095873574565 -99 -99 -99 -99 -99 -99
-99 -99 -99 -99 -99 -99 -99 -99 -99 -99
-99 -99 -99 -99 -99 -99 -99 -99 -99 4.54657255966276
-0.169391318953458 -99 -99 -99 -99 -99 -99 -99 -99 -99
-99 -99 -99 -99 -99 -99 -99 -99 -99 -99
-99 -99 -99 -99 0.059006361578386 -99 -99 -99 -2.25756304638838 -99
-99 -99 -99 -99 -99 -99 -99 -99 -99 -99
-99 2.41237464886849 -99 0.564438399635314 -99 -99 -99 -99 -99 -99
-99 1.47152080199529 -99 -99 -99 -99 -99 -99 3.60185869536797 -99
-99 -99 -99 -99 1.27672837892851 -99 -99 -99 -99 -99
-99 -99 -99 0.713237846839448 0.46607255416392 -99 -99 -99 -99 -99
-99 -99 -99 -99 -99 -99 -99 -99 -99 -99
-99 -99 -99 -99 -99 -99 -99 -99 2.64719070029785 -99
-99 -99 -99 -99 -99 -99 -99 -99 -99 -99
-99 -99 -99 -99 -99 -0.330782482967769 -99 -99 -99 -99
-99 -99 -99 -99 0.895011801106571 2.54501762122863 -0.000887851775848603 -99 -99 -99
-99 -99 -99 -99 -99 -99 -99 -99 -99 -99
-99 -99 0.472275262963046 -99 -99 -99 -99 -99 -1.90260660321258 -99
-99 -99 -99 2.29544104413604 -99 -99 -99 -99 -99 2.16124111834366
-99 -99 -99 -0.170836243224452 -99 -99 -99 -99 -99 -99
1.35688850568406 -99 -99 -99 -99 -99 -0.813389150332435 -99 -99 -99
-99 -99 0.217468622216929 -99 0.569828627252238 -99 -99 -99 -99 -99
-99 -99 -99 2.08478742852484 -99 -99 -99 -99 -99 -99
-99 -99 -99 -99 -99 -99 -0.900905709880917 -99 -99 -99
-99 1.70397773913596 -99 -99 -0.214607428331155 -99 -99 -99 -99 -99
-99 -99 -99 -99 -99 2.15823758474064 -99 -99 -99 -99
-99 -99 -99 -99 -99 -99 -99 -99 -99 -99
1.10002276268336 -99 2.71518246227317 -99 -99 -99 -99 -99 -99 -99
-99 -99 -99 -99 -99 -99 1.96425252678297 -99 2.39953560858334 -99
-99 -99 -99 -99 -99 -99 -99 -99 -99 -99
-99 -99 -99 1.40793741977943 -99 -99 -99 -99 -99 -99
1.83479468594389 -99 -99 -99 -99 -99 -99 -99 -99 -99
-99 -99 -99 1.17693545384287 -99 -99 -99 -99 -99 -99
-99 0.760027477944708 -99 -99 -0.621838345430173 -99 -99 -99 -99 1.94262934179198
-99 -99 -99 -99 -99 -99 -99 -99 -99 -99
0.788581513701384 -99 -99 -99 1.86043577421586 -99 -99 -99 -99 -99
-99 -99 -99 -99 -99 -99 -99 -99 -99 -99
-99 -99 -99 -99 -99 -99 -99 -99 -99 -99
1.49886236802206 -99 -99 -99 -99 -99 -99 -99 -99 -99
-99 -99 -99 -99 -99 -99 -99 -99 -99 -99
1.14690716825164 -99 -99 -99 -99 -99 -99 -99 -99 -99
-99 -99 -99 -99 -99 -99 -99 -99 -99 -99
-99 2.69838251185015 -99 -99 -99 -99 -99 -99 -99 3.31689470680329
-99 -99 -99 -99 -99 -99 -99 -99 -99 -99
-99 -99 -99 -99 3.31160886015603 -99 -99 -99 -99 -99
-99 -99 -99 -99 -99 -99 -99 -99 -99 -99
-99 -99 -99 -99 -99 -99 -99 -99 -99 -99
-99 -99 -99 -99 1.63855358352182 -99 -99 -99 -99 -99
-99 0.101289029390871 -99 -99 -99 -99 -99 -99 2.85212630656349 -99
-99 -99 -99 -99 -99 -99 -99 -99 -99 -99
2.88945778006538 -99 -99 -99 -99 -99 -99 -99 -99 -99
-99 -99 -99 -99 0.277571117856818 -99 -99 -99 -99 -99
-99 -99 1.06914362570887 0.181534799220148 -2.0531422067554 -99 -99 -99 1.71753577887087 -0.781118353997607
-99 -99 -99 -99 -99 1.44088930847336 -99 2.35489036536531 -99 -99
-99 -99 -99 2.95118297195469 -99 -99 -99 -99 -99 -99
-99 -99 -99 -99 -99 2.69263325412973 -99 -99 -99 -99
-99 -99 -99 -99 -99 -99 -99 -99 -99 -99
-99 -99 -99 -99 -99 -99 -99 -99 -99 -99
-99 -99 -99 -1.81328270613985 -99 -99 -99 -99 -99 -99
-99 -99 -99 -99 -99 -99 -99 -99 -99 -99
-99 -99 -99 -99 -99 -99 -99 -99 3.66072506658125 -99
-99 -99 -99 -99 -99 -99 -99 -99 -99 -99
1.73034088586212 -99 -99 -99 -99 -99 -99 -99 -99 -99
-99 -99 -99 -99 -99 -99 -99 -99 -99 -99
-99 -99 -99 -99 -99 -99 1.13258566062243 -99 -99 -1.15806328374187
-99 -99 -99 -99 -99 -99 -99 -99 -99 -99
1.30308751387842 -99 -99 -99 -99 -99 -99 2.79389958520652 1.44822553919967 -99
1.85809920505849 -99 -99 2.51309051101635 2.15337283931177 -99 -99 -99 -99 -99
-99 -99 -99 -99 -99 -99 -99 -99 -99 -99
-99 -99 -99 -99 -99 -99 -99 -99 -99 -99
-99 -99 -99 -99 -99 -99 -99 0.0899328354583164 -99 -99
-99 -99 -99 -99 -99 -99 -99 0.697615012796282 1.48967394925034 -99
-99 -99 -99 -99 -99 -99 -99 -99 -99 -99
-99 -99 -99 -99 -99 -99 -99 -99 -99 -99
-99 -99 -99 1.99253175784949 -99 3.49991530336436 -99 0.967977899191876 -99 -99
-99 -99 -99 -99 -99 1.14766231637681 -99 -99 -99 -99
-99 0.322319260909371 -99 -99 -99 -99 -99 -99 -99 -99
-99 -99 -99 -99 -99 -99 -99 -99 -99 -99
-99 -99 -99 0.644959077246598 -99 -99 -99 -99 -99 -99
-99 -99 -99 -99 -99 -99 -99 -99 -99 -1.31652777147905
-99 -99 -99 2.32358526738278 -99 -99 -99 -99 -99 -99
-99 -99 -99 -99 0.670744591049876 -99 -99 -99 -99 -99
-99 -99 -99 -99 -99 -99 -99 -99 -99 -99
-99 -99 -99 -99 -0.427735344360026 -99 -99 -99 1.37551777847042 -99
-99 -99 -99 -99 -99 -99 -99 -99 -99 -99
-99 -99 -99 -99 -99 -99 0.549388748689974 -99 -99 0.475996453041571
-99 -99 -99 -99 -1.64522947184594 -99 -99 -99 -99 1.92825036934475
-99 -99 -99 -99 -99 -99 -99 -99 -99 -99
-99 -99 1.56616299613326 2.3816764431794 -99 -99 -99 -99 -99 -99
-99 -99 -99 1.45761158686176 -99 -99 -99 -99 -99 -99
-99 -99 -99 0.0847075395998188 -99 -99 -99 -99 -99 -99
-99 -99 -99 -99 -99 -99 -99 -99 -99 -99
-99 -99 -99 -99 -99 -99 -99 -99 -99 1.49454042452963
-99 -99 2.45977043906546 1.51823468039917 -99 -99 2.11635344995171 -99 2.05181751139029 1.48353561691674
-99 -99 -99 -99 -99 -99 -99 -99 -99 -99
-99 -99 -99 -99 -99 -99 -99 4.37060795607112 -99 -99
-99 -0.140039912960946 -99 -99 -99 -99 2.33254918593008 0.582302685620065 -99 -99
-99 -99 -99 0.704152365205496 -99 -99 0.809639391527243 -99 -99 -99
-99 -99 -0.162967335006761 -99 -99 -99 -99 1.50023507570761 -99 -99
-99 -99 -99 -99 -99 -99 -99 -99 -99 3.86558694393571
-99 -99 -99 -99 -99 -99 -99 -99 -0.283806709882773 -99
-99 -99 -99 -99 -99 -99 -99 -99 -99 -99
0.260670721553303 -99 -99 -99 -99 -99 -99 -99 -99 -99
-99 -99 -99 -99 -99 0.121560767603313 1.66830885445818 -99 -99 -99
-99 -99 -99 -99 -99 -99 -99 -99 -99 -99
-99 -99 -99 -99 -99 -99 -99 -99 -99 -99
-99 -99 -99 -99 -99 -99 -99 -99 -99 -99
-99 -99 -99 -99 -99 -99 -99 0.583311402297371 -99 -99
-99 -99 -99 -99 -99 -99 -99 2.10556084880877 -99 -99
-99 -99 -99 -99 -99 -0.190089536564828 -99 -99 -99 -0.463848898959332
-99 -99 -99 -99 1.22689783004471 -99 3.67154917261027 -99 -99 -99
-99 -99 -99 -99 -0.434391776909171 -99 -99 -99 -99 -99
-99 -99 3.05236590317781 -99 3.31623730974786 -99 -99 -99 -99 -99
-99 1.55162946653287 -99 -99 -99 -99 1.50915191258738 -99 -99 -99
-99 -99 -99 -99 -99 -99 -99 0.653515662001844 -99 -99
-99 -99 -99 -99 -99 -99 -99 -99 -99 -99
-99 -99 -99 -99 -99 -99 -99 -99 -99 -99
-99 -99 -99 -99 -99 -99 -99 -99 -99 -99
-99 -99 -99 -99 -99 -99 -99 -99 -1.19759197841607 -99
-99 -99 -99 -99 -99 -99 -99 -99 -99 -0.140551844918948
-99 -99 -99 -99 -99 -99 -99 -99 0.311491186063237 -99
-99 -99 -99 -99 -99 -99 -99 -99 -99 -99
0.211710849879302 -99 -99 -99 -99 -99 -99 -0.436311050671632 -99 -99
-99 -99 -99 -99 -0.260046645553824 -99 -99 -99 -99 -99
-99 -99 -99 -99 -99 -99 -99 -99 -99 -99
0.626240439673371 -99 -99 -99 -99 -99 -99 -99 -99 -99
-99 -99 -99 -99 -0.0229013210080469 -99 -99 -99 -99 -99
-99 -99 -99 -99 -0.99803180050683 -99 -99 -99 -99 -99
-99 -99 -99 -99 1.26770596645599 -99 -99 -99 -99 2.5657851856984
-99 -99 -99 -99 -99 -99 -99 -99 -99 -99
-99 -99 -1.88619775733499 -99 -99 -99 -99 -99 0.381680338053363 -99
-99 -99 -99 -99 -99 -99 -99 -99 -99 -99
1.5077035166984 -99 -99 -99 -99 -99 -99 -99 -99 -99
-99 -99 -99 -99 -99 -99 -99 -99 -99 -99
-99 -99 -0.570438651266116 -99 -99 -99 -99 -99 -99 -99
-99 -99 -99 -99 -99 -99 0.399442044146722 -99 -99 -99
-99 -99 -2.40288772771569 -0.866805837223203 -99 -99 -99 -99 -99 -99
-99 -99 -99 -99 -99 -99 -99 -99 -99 -99
-99 -99 -99 -99 -99 -99 -99 -99 -99 -99
-99 -99 -99 -99 -99 -99 -99 -99 -99 -99
-0.464933406506856 -99 -99 -99 -99 -99 -99 -99 -99 -99
-99 -99 1.26532252572219 0.638771397206585 -99 -99 -99 -99 -99 -99
-99 -99 -99 -99 -99 -99 -99 -99 -99 -99
0.303161024754034 -99 -99 -99 -99 -99 1.34844677569363 -99 -99 -99
0.930881226631035 -99 -99 -99 -99 -99 -99 -99 -99 -99
-99 -99 -99 -99 -99 -99 -99 -99 -99 -99
-99 -99 -99 -99 -99 -99 -99 -99 -99 -99
3.97678420692976 3.6937723324504 -99 -99 4.17026450468911 -99 -99 -99 -99 -99
2.6592188391703 -99 -99 -99 -99 -99 -99 -99 -99 0.567578588171332
2.63924126645135 -99 -99 -99 -99 -99 -99 -99 -99 -99
-99 -99 -99 -99 -99 -99 -99 -99 -99 -99
-99 -99 -99 1.13541268195858 -99 -99 -99 2.82408646473954 -99 -99
-99 -99 -99 -99 -99 -99 -99 -99 -99 1.9193085989698
-99 2.58895150012668 -99 -99 -99 -99 -99 -99 -99 -99
-99 -99 -99 -99 -99 -99 -99 -99 -99 -99
-99 -99 -99 -99 -99 -99 -99 -99 -1.86597746630185 -99
-99 -99 -99 -99 0.320431335668094 -99 -99 -99 -99 -99
-99 -99 -99 -99 -99 -99 -99 -99 -99 -99
-99 -99 -99 -99 -99 -99 -99 -99 -99 -99
-99 -99 -1.04654895168366 -99 -99 -99 -99 -99 -99 -99
-99 2.20694635851499 1.81265597771998 -99 -99 -99 -99 -99 -99 -99
-99 -99 -99 -99 -99 -99 -99 -99 -99 -99
-99 -99 -99 -99 -99 -99 0.695622795427956 -99 -99 -99
-99 -99 -99 -99 -2.97415533817385 -99 -99 -99 -99 -99
-99 -99 -99 -3.56393242826897 -99 -99 -99 -99 -0.451305567808542 -99
-99 -99 -99 -99 -99 2.03535373605699 -99 -99 -99 -99
-99 -99 0.687435281469849 -99 -99 -99 -99 -99 -1.2261734488816 -99
-99 -99 -99 3.01441170570312 -99 -99 -99 -99 -99 4.00104052650691
-99 -99 -99 2.68512457044883 -99 1.34795550994033 -99 -99 1.58318594833223 -99
-99 -99 -99 -99 -99 -99 -99 -99 -99 -99
-99 -99 -0.0222997269441161 -99 -99 -99 -99 -99 2.2009236342235 -99
2.58093880643205 -99 -99 -99 -99 -99 -99 -99 -99 -99
-99 -99 2.66025902381481 -99 -99 -99 -99 -99 -99 -99
-99 -99 -99 -99 -99 -99 -99 -99 -99 -99
-99 -99 2.97392731170297 -99 1.58670815139388 -99 -99 -99 -99 -99
-99 -99 -99 -99 -99 0.683873428804658 -99 -99 -99 -99
-99 -99 -99 -99 -99 -99 -99 -99 -99 -99
-99 -99 -99 -99 -99 -99 -99 -99 -99 -99
-99 -99 -99 -99 -99 -99 -99 -0.504479605241173 -99 -99
-99 -99 -99 -99 -2.08660528286371 -99 -99 -99 -99 -99
-99 -99 -99 -99 -99 -99 -99 -99 -99 1.87722038617166
-99 -99 -99 -99 -99 -99 -99 -99 -99 -99
-99 -99 -99 -99 -99 -99 -99 -99 -99 2.73747508978278
-99 -99 -99 -99 -99 -99 -99 -99 -99 -99
3.07262003976299 -99 0.566181207946891 -99 -99 -99 -99 -99 0.892570678381844 1.27703074484898
-99 0.937094223057163 -99 -99 -99 -99 -99 -99 2.85308250145951 -99
-99 -99 2.4113694429586 -99 -99 -99 -99 -99 -99 -99
-99 -99 -99 -99 -99 -99 -99 -99 -99 -99
-99 -99 -99 -99 -99 -0.0719845071697267 -99 -99 -99 -99
-99 -99 -99 -99 -99 -99 -99 -99 -99 -99
-99 -99 -99 -99 -99 0.646313940164564 -99 -99 -99 -99
-99 -99 -99 -99 -99 -99 -99 -99 -99 -99
-99 -99 -99 -99 -99 -99 -99 -99 -99 2.00240920029617
-99 -99 -99 -99 -99 -99 -0.86709929132047 -99 -99 -99
-99 -99 -99 -99 -99 -99 -99 -99 -99 0.539494408088465
-99 -99 -99 -99 -99 -99 -99 -99 -99 -99
-99 -99 -99 -99 -99 -1.55586438562245 -99 -99 -0.152238145106874 -99
-99 -99 -99 -99 -99 -99 2.61820718234126 -99 -99 -99
-99 -99 -99 -99 -99 -99 -99 -99 -99 -99
-99 -99 -99 1.26269747082632 -99 -99 -99 -99 -99 -99
-99 -99 0.662015339330395 -99 -99 -99 -99 -99 -99 -99
-99 0.925232985216153 -99 -99 -99 -99 -99 -99 0.333126616341067 -99
-99 -99 -99 -99 -99 -99 -99 -99 -99 -99
-99 -99 1.24973451859847 -99 -99 -99 -99 -99 -99 -99
-99 -99 -99 -99 -1.37848802046065 -99 -99 -99 -99 -99
-99 -99 -99 -99 -99 -99 -99 -99 -99 1.9831920383404
-99 -99 -99 -99 -99 -99 -99 -99 -99 -99
-99 -99 -99 -99 -99 -99 -99 -99 -99 -99
-99 2.19214537231971 -99 -99 -99 -99 -99 -99 -99 -99
0.164021229418588 -99 -99 -99 -99 -99 -99 -99 -99 -0.431819577359989
-99 -99 -99 -99 -99 -99 -99 -99 -99 -99
-99 -99 0.911268015908801 -99 -99 -99 -99 -99 1.6687077605753 -99
-99 -99 -99 -99 -99 -99 -99 -99 -99 -99
-99 -99 -99 -99 -99 1.7883978423389 -99 -99 -99 -99
-99 -99 -99 -99 -99 -99 -99 -99 -99 -99
-99 -99 -99 -99 0.744733611108234 1.73367058719884 -99 -99 2.38784088638566 -99
1.47035838492264 -0.0433004810594859 1.46979570664131 -99 -99 -99 -99 -99 -99 -99
-99 0.959591258103151 -99 2.89224334142292 -99 -99 -99 -99 -99 -99
-99 -99 -99 -99 -99 -99 -99 -99 -99 -99
-99 -99 -99 -0.495977355716976 -99 -99 -99 -99 -99 0.545719951179788
-99 0.626027542411368 -99 -99 -99 -99 -99 -99 -99 -99
-99 -99 -99 -99 -99 -99 -99 -99 -99 -99
-99 -99 -99 -99 -99 -99 -99 -99 -99 -99
-99 -0.834556274585651 -99 -99 -99 -99 -0.955422008829364 -99 -99 -0.892245361999756
-99 -99 -99 -99 -99 -99 -99 -99 -99 -99
-99 -99 -99 -99 -99 -99 -99 -99 -99 -99
-99 -99 -99 -99 -99 -99 -99 -99 -99 -99
-99 -99 -99 -99 -0.201422854598998 -99 -99 -99 -99 -1.18427341992947
1.72506810021323 -99 -99 -99 -99 -99 -99 0.248549388952897 -99 -99
-99 -99 -99 -99 -99 -99 -99 -99 0.230526726939543 -99
-99 -99 -99 -99 -99 -99 -99 -99 -99 -99
-99 -99 -99 -99 -99 -99 -99 -99 0.123618659446592 -99
-99 -99 -99 -99 3.86006636197215 -99 -99 -99 -99 4.00170750390303
0.444993924428098 -99 1.32073425895942 -99 -99 -99 -99 -99 -99 -99
-99 -99 -99 -99 -99 -99 -99 -0.251154784509497 -99 -99
-99 -99 -99 -99 -99 -99 -99 -99 -99 -99
-99 -99 -99 -99 1.95535208890359 -99 -99 -99 -99 -99
-99 2.84111045771596 -99 -99 -99 -99 1.9293751452107 -99 -99 -99
-99 -99 -99 -99 -99 -99 -99 -99 -99 -99
-99 -99 -99 -99 -99 -99 -99 1.20005237634018 -99 -99
-0.122177519323383 -99 -99 -99 -99 -99 -99 -99 -99 -99
-99 -99 -99 -99 -99 -99 -99 -99 -99 -99
-99 -99 -99 -99 -99 -99 -99 -99 -99 -99
-99 0.858910128963514 -99 -99 -99 -99 -99 -0.16523513777272 -99 -99
-99 -99 -99 -99 -99 -99 -99 -99 -99 0.884270504699965
-99 1.9259193048042 -99 -99 -99 -99 -99 -99 -99 0.610924602894357
-99 -99 -99 -99 -99 -99 -99 -99 -99 1.11080121338206
-99 -99 -99 -99 -99 -99 -99 -99 -99 -1.94508095678037
-99 -99 -99 -99 -99 -99 -99 -99 -99 -99
-99 -99 -99 -0.513358806920383 -99 -99 -99 -99 -99 -99
-99 -99 -99 -99 -99 -99 -99 -99 -99 -99
-99 -99 -99 2.04835247051989 -99 -99 -99 -99 -99 -99
-99 -99 -99 0.923143686696016 -99 -99 -99 -99 -99 -99
-99 -99 -99 -99 -99 -99 -99 1.10124721777534 -99 -99
-99 -99 -99 -99 -99 -99 2.41084756418584 -99 -99 -99
-99 -99 -99 -99 -99 -99 -99 -99 -99 -99
2.5615435376868 -99 -99 -99 -99 -99 3.22486153176052 -99 -99 -99
-99 -99 -99 -99 -99 -99 -99 -99 -99 -99
-99 -99 -99 -99 -99 -99 -99 -99 -99 -99
-99 -99 -99 -99 -99 -99 -99 -99 -99 -99
-99 -99 -99 -99 2.64272118138653 -99 -99 -99 2.60120093439524 -99
-99 -99 -99 -99 -99 -99 -99 -99 -99 -99
1.18641061123696 -99 -99 -99 -99 1.66634160869301 -99 -99 -99 -99
-99 -99 -99 -99 -99 -99 -99 -99 -99 -99
-99 -99 -99 -99 -0.507609335299806 -99 -99 -99 -99 -99
-99 -99 -99 -99 -99 -99 -99 -99 -99 -99
-99 -99 -99 -99 -99 -99 -99 -99 -99 -99
-99 -99 -99 -99 -99 -99 -99 -99 2.58950710109764 -99
0.206379553994441 -99 -99 -99 -99 -99 -99 -99 -99 -99
0.894751773853457 -99 -99 -99 1.62922944013643 -99 -99 -99 -99 -99
-99 -99 -99 -99 -99 -99 -99 -99 1.09833093502911 -99
-99 -99 -99 -99 -99 -99 -99 -99 -99 -99
-99 -99 -99 -99 1.02824890831915 -99 -99 -99 -99 -99
-99 -99 -99 -99 -99 -99 -99 2.31091941365647 -99 -99
0.493922025803113 -99 -99 -99 -99 -99 -99 2.29314735488793 -99 0.638539184049355
-99 -99 -99 -99 -99 -99 -99 -99 -99 -99
-99 -99 -99 -99 -99 -99 -99 -99 -99 -99
-99 -0.0766282583192153 -99 -99 0.93128776073788 -99 -99 -99 -99 -99
-99 -99 -99 -99 -99 -99 2.47918286074278 -99 -99 -99
0.319318740700032 -99 -99 -99 -99 -99 -99 -99 -99 -99
-99 -99 -99 -99 -99 -99 -99 -99 -99 -99
-0.779428181528633 0.108472353601896 -99 -99 -99 -99 -99 -99 -99 -99
-99 -99 2.13794854684095 -99 -99 -99 -99 -99 -99 -99
-99 -99 -99 -99 3.57302360886674 -99 2.10100026126604 -99 -99 -99
-99 -99 -99 -99 -99 -99 -99 -99 -99 -99
1.81879198869405 -99 -99 -99 -99 -99 -99 -99 -99 -99
-99 -99 -99 -1.3356423782894 -99 -99 -99 -99 -99 -0.537838103351509
-99 -99 -99 -99 -99 -99 -99 -99 -99 -99
-99 -99 -99 -99 -99 -99 -99 -99 -99 -99
-99 -99 -99 -99 0.241050883936913 -99 -99 -99 -99 -99
-99 -99 -99 -99 -99 -99 -99 -99 -99 -99
-99 -99 -99 -99 -99 -99 -99 -99 -99 -99
-99 -99 -99 -99 -99 -99 -99 -99 -0.1166374825982 -99
2.31416342777189 -99 -99 -99 -99 -99 -99 -99 -99 -99
-99 -99 1.66663950457217 -99 -99 -99 -99 -99 -99 -99
-99 -99 -99 -99 2.54987782961191 1.23977434613698 -99 -99 -99 -99
-99 -99 -99 -99 -99 -99 -99 -99 -99 0.866920100701393
-99 -99 0.279319108591695 -99 -99 1.22651233739947 -99 0.39555302395668 -99 -99
-99 -99 -99 1.12992923806238 -99 -99 -99 -99 -99 -99
-99 -99 -99 -99 -99 -99 -99 0.863400850999472 -99 -99
-99 -99 -99 -99 -99 -99 -2.06178241684777 -99 -99 -1.90678376776714
-99 -99 -99 -99 -99 -99 -99 -99 -99 -99
-99 -99 -99 2.04116003300361 -99 -99 -99 -99 1.50446705345295 -99
0.337448364735243 -99 -99 -99 -99 -99 -99 -99 -99 -99
-99 -99 -99 -99 -99 -99 -99 -99 -99 -99
-99 -99 -99 -99 -99 -99 -99 -99 -99 -99
-99 -99 0.579234883265225 -99 -99 -99 -99 -99 -99 -99
-99 -99 -99 6.24060247471532 -99 -99 -99 -99 -99 -99
-99 -99 -99 -99 -99 -99 -99 -99 -99 -99
1.78929703869386 0.168971920308091 -99 -99 2.26300974134205 -99 -99 -99 -99 -99
-99 -99 -99 2.93308859773598 -99 -99 -99 -99 -99 1.24846390535909
-99 -99 -99 -99 1.51651155124075 -99 -99 -99 -99 -99
-99 -99 -2.23524266617093 -99 -99 0.241695810547661 -99 -99 -99 -99
-99 -99 -99 -99 -99 0.469347652841218 2.43046429933457 -99 -99 -99
-99 -99 -99 -99 -99 2.47231508049778 0.0523626242269742 -99 -99 -99
-99 -99 -99 -99 -99 -2.44371088207246 -99 -99 -99 -99
-99 -99 -99 -99 -99 -99 -99 -99 -99 -99
-99 -99 -99 -99 -99 -99 -99 -99 -99 -99
-99 -99 -99 -99 -99 -0.165181365615009 -0.785882399529149 -99 -99 -99
-99 -99 -99 -99 3.83805605024005 3.78711171127275 -99 -99 2.18340721913715 -99
-99 2.47677032615763 -99 -99 -99 -99 -99 -99 2.11009178901843 -99
-99 -99 -99 -99 -99 -99 -99 -99 -99 -99
-99 -99 -99 -99 0.484013045523233 -99 -99 -99 -99 -99
-99 -99 -99 -99 0.618116288358881 -99 -99 2.74392585311481 -99 -99
-99 -99 -99 -99 -99 -99 -99 -99 -99 -99
-99 -99 -99 -99 -99 -99 -99 -99 -2.25063676059424 -99
-99 -99 -99 -99 -99 -99 -99 -99 -99 -99
3.39191421780687 -99 -99 -99 3.13295223854454 0.295245901627677 -99 -99 -99 -99
-99 -99 -99 -1.10467173918311 -99 -99 -99 -99 -99 -99
-99 -99 0.458050830296615 -99 -99 -99 3.05974328441341 -99 -99 -99
-99 -99 -99 -99 -99 -99 -99 -99 -99 -99
-99 -0.27237985310833 -99 -99 -99 -99 -99 -99 -99 -99
-99 -99 -99 -99 -99 -99 -99 -99 -99 0.626709930816413
-99 2.76827401721398 1.28095749584618 -99 -99 1.91229382769855 -99 -99 3.06569522675046 -99
-99 1.31419926369883 -99 -99 -99 -99 -99 -99 -99 -99
-99 -99 -99 -99 -99 -99 -99 -99 -99 -99
-99 -0.142722594397072 -2.56658608784348 -0.941586311279621 -99 -99 -99 -99 -99 -99
-99 -99 -99 -99 -99 -99 -99 -99 -99 -99
-99 2.3711250350007 -0.599831428850544 -99 -99 -99 -99 -99 -99 -99
-99 -99 -99 -99 -99 -99 -99 -99 -99 -99
-99 -99 -99 1.66381105835904 -99 -99 -99 -99 -99 -99
-99 -99 -99 -99 -0.858911258430001 -99 -99 -99 -99 -99
-99 -99 -99 -99 -99 -99 -99 -99 -99 -99
-99 -99 -99 -99 -99 -99 -99 -99 -99 -99
-99 -0.38078967222521 -99 -99 -99 -99 -99 -99 -99 -99
-99 -99 -99 -99 0.278885952419879 -99 -99 -99 -99 -99
-99 -99 -99 -99 -99 2.92537705207655 -99 -99 -99 -99
-99 -99 -99 -99 -99 -99 -99 -99 -99 -99
1.49557553621563 -99 -99 -99 -99 1.02779816716784 -99 -99 -99 -99
-99 -99 -99 -99 -99 -99 -99 -99 -99 -99
-99 -99 -99 -99 -0.376869652700398 -99 -99 -99 -99 -99
-99 1.79721223368365 -99 -99 -99 1.86215949583138 -99 -0.685609774563573 -99 -99
-99 -99 -99 -99 -99 -99 -99 -99 -99 -99
-99 -99 -99 -99 -99 -99 -99 -99 3.04183634291808 -99
-99 -99 -99 -99 -99 -99 -99 -99 -99 -99
-99 -99 4.01826523763416 -99 -99 -99 -99 -99 -99 -99
3.33055836030388 -99 -99 -99 -99 -99 -99 -99 2.67317768638322 -99
-99 -99 -99 -99 -99 -99 -99 -99 -99 -99
-99 -99 -99 -99 -99 -99 -1.18279003015523 -99 -99 -99
-99 -99 -99 -99 -99 -99 -99 -99 -99 -99
-99 -99 -99 -99 -99 -99 -99 -99 -99 -99
-99 -99 -99 -99 2.00464734320269 -99 -99 -99 -99 -99
-99 -99 -1.07932060589359 -99 -99 -99 -99 -0.943740200804799 -99 -99
-99 -99 -99 -99 -99 -99 -99 -99 -99 -99
-99 -99 -99 -99 -99 -99 -99 -99 -99 -99
-99 -99 -99 0.077796174506476 -99 -99 -99 -99 1.98762951283691 -99
-99 -99 1.74520940954029 -99 -99 0.574553263836784 -99 -99 -99 -99
-99 -99 -99 -99 -99 -99 -99 -99 -99 -99
-0.423012202439871 -99 -99 -1.80352684477671 -99 -99 -99 -99 -99 -99
1.52112129424117 -99 -99 -99 -99 -99 -99 -99 0.575389551661899 -99
-99 -99 -99 -99 -99 -99 -99 -99 -99 -99
-99 -99 -99 -99 0.109480130545404 -0.443043260497688 -99 -99 -99 -99
-99 -99 -99 -99 -99 -99 -99 -99 -99 2.79707320410643
-99 -99 -99 -99 -99 -99 -99 -99 -99 -99
-99 -99 -99 -0.56142368579013 -99 0.438039656193663 -99 -99 -99 -99
-99 -99 -99 -99 1.43005593210612 -99 2.60439324557676 -99 -99 -99
-99 -99 -99 -99 2.87361705915133 -99 -99 -99 -99 -99
2.94983593288605 -99 -99 -99 -99 -99 3.61781183689246 -99 -99 -99
-99 -99 -99 -99 -99 -99 -99 -99 -99 -99
-99 -99 -99 -99 -99 -99 -99 -99 -99 -99
-99 -99 -99 1.37587960874886 -99 -99 -99 -99 -99 -99
-99 -99 -99 -99 -99 -99 -99 -99 -99 -99
-99 -1.75025839330346 -99 -99 -99 -99 -99 -99 -99 -99
-99 -99 -99 -99 -99 -99 -99 -99 -99 -99
-99 -99 -99 -99 -99 -99 -99 -99 -0.831597416699233 -99
-99 -99 -99 -99 -99 -99 -99 -99 -99 0.997979122729147
-99 -99 -99 -99 -99 -99 -99 -99 -99 -99
-99 -99 -99 -99 -99 -99 1.93872915407974 -99 -99 -99
-99 2.10335549745931 -99 -99 -99 -99 -99 -99 -99 -99
-99 0.303551399274546 -99 -99 -99 -99 -99 -99 -99 -99
-99 -99 -99 -99 0.066755214015508 -99 -99 1.9104593118815 -99 -99
-99 -99 -99 -99 -99 -99 -99 -99 -0.953598195205557 -99
1.11911299531037 -99 -99 -99 -1.23112757062089 0.330745451589189 -99 -99 -99 -99
-99 0.999979828948532 -99 -99 -99 -99 -99 -99 -99 -99
-99 -99 -99 -99 -99 -99 -99 -99 -99 -99
-99 -99 -99 -99 -99 0.422945675625388 -99 -99 -99 -99
-99 -99 -99 -99 -99 -99 -99 -99 -99 -99
-99 -99 -99 -99 -99 -99 -99 -99 0.43700651714564 -99
-99 -99 -99 -99 -99 -99 -99 -99 -99 -99
-99 -99 -0.435101704487762 -99 -99 -99 -99 -99 0.498382050844307 -99
-99 -99 -99 -99 -99 -0.52609773021798 -99 -99 -99 -0.0269339453865165
-99 -99 -99 -99 -99 -99 -99 -99 -99 -99
3.34767812600844 -99 -99 -99 -99 -99 -99 -99 -99 -99
-99 -99 -99 -99 -99 -99 -99 -99 -99 -0.464148194429412
-99 -99 -99 -99 -99 -99 -99 1.02435746546269 -99 -99
-99 -99 -99 -99 -99 -99 -99 -99 -99 -99
-99 -99 -99 -99 -99 -99 -99 2.17765178761872 -99 -99
-99 -99 -99 -99 -99 -99 -99 -99 0.927945117332164 -99
-99 -99 -99 -99 -99 -99 -99 -99 -99 -99
-99 -99 -99 -99 -99 -99 -99 4.1536670388606 -99 -99
-1.11373703581495 1.48675993645006 -99 -99 -99 -99 -99 -99 -99 -0.0498253000169806
-99 -99 -99 -99 -99 -99 -99 -99 -99 -99
-99 -99 -99 3.16003385114903 -99 -99 -99 -99 -99 -99
-99 -99 0.943902626184584 -99 -99 -99 0.666933813018192 -99 0.628799867320319 -99
-99 -99 -99 -99 2.75351686027512 1.42429329553396 -99 -99 -99 -99
-99 -99 0.592849293670725 -99 -99 -99 1.61422382621498 -99 -99 2.31118643278643
-99 0.800894329012049 -99 -99 -99 -99 -99 -99 -99 2.53473836187641
-99 -99 -99 -99 -99 -99 -99 -99 -99 -99
-99 -99 -99 -0.724953199203094 -99 -99 -99 -99 -99 -0.00596667350701496
-99 -99 -99 1.70029310757939 -99 -99 -99 -99 -99 -99
-99 -99 -99 -99 -99 -99 -99 -99 -99 -99
-99 -99 -99 -99 -99 -99 -99 -99 -99 -99
-99 2.0679586885718 -99 -99 -99 -99 -99 -99 -99 -99
-99 -99 2.42079279836227 -99 -99 -99 -99 -99 -99 -99
-99 -99 -99 -99 -99 -99 -99 -99 -99 -99
-99 -99 -99 -99 -99 -99 2.46209507248054 -99 -99 -99
-99 -99 -99 -99 -99 -99 -99 -99 -99 -99
-99 -99 -99 -99 -99 -99 -0.0235266970700185 -99 -99 2.48570644486957
1.10232133086398 -99 -99 -99 1.7093580953728 -99 -99 -99 -99 -99
-99 -99 -99 -99 -99 -99 -99 -99 -99 1.48899589384212
-99 -99 2.18111178930318 -99 -99 1.84219309117795 -99 -99 -99 -99
-99 -99 -99 -99 -99 -99 -99 -99 -99 -99
-99 -99 -99 -99 -99 -99 -99 -99 -99 -99
-99 -99 -99 -99 -99 0.546558003487679 -99 -99 -99 -99
2.94015702422271 -99 -99 -99 -99 -99 -99 -99 2.90396275245679 -99
-99 -99 -99 -99 -99 -99 -1.70693471727418 -99 -99 -99
-99 0.409468405727472 -99 -99 -99 -99 1.46197249409387 -99 -99 -99
-99 -99 -99 -99 -99 -99 -99 -99 -99 -99
-99 -99 -99 -99 -99 -99 -99 -99 -99 -99
1.31016892082422 -99 -99 -99 -99 -99 -99 -99 -99 -99
-99 -99 -99 -99 -99 -99 -99 -99 -99 -99
-99 -99 -99 -99 -99 -99 -99 -99 -99 2.28553080702914
-99 -99 -99 -99 -99 -99 -99 1.0516618152444 -99 -99
-99 -99 -99 -99 -99 -99 -99 -99 0.245323088251718 -99
-99 -99 -99 -99 -99 -99 -99 -99 0.834392077026743 0.388285441144226
-99 -99 -99 -99 -99 -99 3.44021674741317 -99 -99 -99
-99 -99 -99 -99 -99 -99 -99 -99 2.51892412377996 -99
-99 -99 -99 0.936225728282839 -99 -99 -99 -99 -99 -99
2.11241084933552 -99 -99 -99 -99 -99 -99 -99 -99 -99
-99 -99 -99 -99 -99 -99 -99 1.14215269175188 -99 1.86672784435803
-99 -99 -99 -99 -99 -99 -99 -99 4.83175888508304 -99
-99 -99 -99 -99 -99 -99 -99 -99 -99 -99
-99 -99 -99 -99 -99 -99 -99 -99 -99 -99
3.20647292078058 -99 -99 -99 -99 -99 -99 -99 -99 -99
-99 -99 -99 -99 -99 -99 -99 2.67880184336437 -99 -99
-99 -99 -99 -99 1.2626208324115 -99 -99 -99 -99 -99
-99 -99 -99 -99 -99 -99 -99 -99 -99 -99
-99 -99 -99 -99 -99 -99 -99 -99 -99 -99
-99 -99 -99 4.72878558079234 -99 -99 -99 -99 -99 -99
-99 -99 -99 -99 -99 -99 -99 -99 -99 -99
-99 -99 -99 -99 -99 -99 -99 -99 -99 -99
-99 -99 -0.152363390418331 -99 -0.394401945697729 -99 -99 -99 -99 -99
-99 -99 -99 -99 -99 -99 -99 -99 -99 1.31752234883415
-99 -99 -99 -99 -99 -99 -99 -99 -99 -99
-99 -99 -99 -99 -99 -99 -99 5.31343574208736 -99 -99
-0.977721191311589 -99 -99 -99 -99 -99 -99 -99 -99 -99
-0.932414260238527 -99 -99 -99 -99 -99 -99 -99 -99 -99
-99 -99 2.73810358114023 -99 -99 -99 -99 -99 -99 -99
-99 -99 0.13115118301861 -99 -99 -99 -99 -99 -99 -99
-99 -99 -99 2.11780525855191 -99 -99 -99 -99 -99 -0.3924479473278
-99 -99 -99 -99 -99 -99 -99 -99 -99 -99
-99 -99 -99 -99 -99 -99 -0.355132778630536 -99 -99 -99
-99 -99 -99 -99 -99 0.839356610724289 -99 -99 -99 -99
-99 -99 -99 -99 -99 -99 -99 -99 -99 -99
-99 -99 -99 -99 -99 -99 -99 -99 -99 -99
-99 -99 -99 -99 -99 -99 -99 -99 -99 -99
-99 -99 -99 -99 -99 -99 -99 -99 -99 -2.46759928729757
-99 -99 -99 -99 -99 -99 -99 -99 -99 -99
-99 3.4736172779601 -99 -99 -99 -99 -99 -99 -99 -99
-99 -99 -99 -99 -99 -99 -99 -99 -99 -99
-99 -99 0.850348944359482 -99 -0.107542129008397 -99 -99 -99 -99 -99
-99 -99 -99 -99 -99 -99 -0.63185770105964 -99 -99 -99
-99 -99 -99 -99 -99 -99 -99 -99 -99 -99
-99 -99 -99 -99 -99 -99 -99 -99 -99 -99
-99 -99 -99 -99 -99 -99 -99 -99 -99 0.244517747574124
-99 -99 -99 -99 -99 -99 -99 -99 -99 -99
1.48267718449275 -99 -99 -99 -99 -99 -99 -99 -99 -99
-99 -99 -99 -99 -99 -99 -99 -99 -99 -99
-99 -99 -99 -0.0389714954837588 -99 -99 -99 -99 -99 -99
-99 -99 -99 -99 -99 -99 -99 -99 -99 -99
-99 -99 -99 -99 -99 -99 -99 -99 -99 -99
-99 -99 -99 -99 -99 0.305432586137246 -99 -99 -99 -99
-99 -99 -99 -99 -99 -99 -99 -99 -99 -99
-99 -99 -99 -99 -99 -99 -99 -99 -99 -99
-99 -99 -99 1.98679383281005 -99 -99 -99 -99 -99 -99
-0.403018087327359 -99 -99 -99 -99 -99 -99 -99 -99 -99
-99 -99 -99 -99 -99 -99 -99 -99 -99 -99
-99 -99 -99 -99 -99 -99 -99 -99 -99 -99
-99 -99 -99 -99 -99 0.841703466681562 -99 -3.25548746241737 -99 -99
2.71178030965407 -99 -99 -99 -99 -99 -99 -99 -99 -99
1.12399277536538 -99 -0.512050071169966 -99 -99 -99 -99 -99 1.5714673351823 -99
-99 -99 -99 -99 -99 -99 -99 -99 -99 -0.723249484269795
-99 -99 -99 -99 -99 -99 -2.06519294128805 -99 -99 -99
-99 -99 -99 -99 -99 -99 -99 -99 -99 -99
-99 -99 -99 -99 -99 -99 -99 -99 -99 -99
1.45050547053744 -99 0.655589331315725 -99 -99 -99 -99 -99 -99 -99
-99 -99 0.215104971810186 -99 -99 -0.562220164389629 -99 -99 -99 -99
-99 -99 -99 -99 -99 -99 -99 -99 -99 -99
-99 -99 -99 -99 -99 -99 -99 -99 -99 -99
-99 1.42328044947193 -99 -99 -99 -99 -99 -99 -99 -99
2.26294770688444 -99 -99 -99 -99 -99 -99 -99 0.231992172290393 -99
-99 -99 -99 -99 -99 -99 -99 -99 -99 -99
2.96081814292929 3.51844492721344 -99 -99 -99 -99 -99 -99 -99 -99
-99 -99 -99 0.0924924689824439 0.445066248942223 -99 0.738655247409411 0.373661852694962 -99 -99
-99 -99 -99 -99 -99 0.504473387983754 -99 0.099538065599642 -99 -99
-99 -99 0.372755267258446 -99 -99 2.15038655372977 -99 -99 -0.857199133791828 -99
-99 -99 -99 -99 2.34666467186215 -99 -99 -99 -99 -99
-99 -99 -99 -99 -99 -99 -99 -99 -99 -99
-99 -99 -99 -99 -99 1.34758395331585 -99 -99 -99 -99
-99 -99 0.911700155972381 -99 -99 -99 -99 -99 -99 -99
-99 -99 -99 -99 -99 -99 -99 -99 -99 -99
-99 -99 -99 1.99153118745705 -99 1.62538460467663 -99 -99 0.798108415242593 -99
-99 -99 -99 -99 -99 -99 -99 -99 -99 -99
-99 -99 -99 -99 -99 -99 -99 -99 -99 -99
-99 -99 -99 -99 4.15701705646747 -99 2.93645989349136 -99 -99 -99
-1.10853969244555 -99 -99 1.711709396288 -99 -99 -99 -99 -99 -99
-99 -99 -99 -99 1.66135877477784 -99 -99 -99 -99 -99
-99 -99 -0.528816508068562 -99 0.862469040205778 -99 -99 -99 -99 -99
-99 -99 -0.530103697924353 -99 -99 -99 -99 -99 -99 -99
-99 -99 -99 -99 -99 2.39855188831071 -99 -99 -99 -99
-99 -99 -99 -99 -99 -99 -99 -99 -99 -99
-0.154335759748167 -99 -99 -99 -99 3.99165288664002 -99 -99 -99 0.753512754060838
-99 -99 -99 -99 -99 -99 -99 -0.505679036157867 -99 -99
-99 -99 -99 3.13715942534195 -99 -99 -99 -99 -99 -99
-99 -99 -99 -99 -99 -99 -99 -99 1.29266011737235 -99
-99 -99 -99 1.77524426072188 -99 -99 -99 -99 -99 -99
-99 -1.52308367314703 -99 -99 -99 -99 -0.0522439420167895 -99 -99 -99
-99 -99 -99 -99 3.56094391533164 -99 -99 -99 -99 -99
-99 -99 0.971601003411904 -99 -99 -99 -99 -99 -99 -99
-99 -99 -99 -99 -99 -99 -99 -99 -99 -99
-99 -99 -99 -99 -99 -99 -99 -99 -99 -99
-99 -99 -99 -99 -99 -99 -99 -99 -99 -99
-99 -99 -99 -99 -99 1.73250226513385 -99 -99 -99 -99
-0.377879111412725 -99 -99 -99 -99 -99 -99 -99 -99 -99
-99 -99 -99 -99 -99 -99 -99 -99 -99 -99
-99 -99 -99 -99 -99 -99 -99 -99 -99 -99
-99 -99 -99 -99 -99 -99 -99 -99 1.43695792149643 0.121158737934084
-99 -99 -99 -99 -99 -99 -99 -99 -99 -99
-99 -99 -99 -99 -99 -99 -99 -99 -99 -99
-99 -99 -99 -99 0.517202396703681 -99 -99 -99 -99 -99
-99 -99 -99 -99 -99 1.70882800445289 -99 -99 -99 2.1347430349387
-99 -99 -99 -99 2.75207414701687 -99 -99 -99 -99 -99
-99 -99 -99 -99 -99 -99 -99 -99 -99 -99
-0.0439240950519313 -99 -99 -99 -99 -99 -99 -99 -99 2.03223341862534
-99 -99 -99 -99 -99 -99 -99 -99 -99 -99
-99 -99 -99 -99 -99 -99 -99 -99 -99 -99
-99 -99 -99 -99 -99 -99 -99 -99 -99 -99
-99 -99 -99 -99 -99 -99 -99 -99 -99 -99
-99 -99 0.345693406244268 -99 -99 -99 -99 -99 -99 -99
-99 -0.426626362755702 -99 -99 -99 -99 -99 -99 -99 -99
-99 -99 -99 -99 -99 -99 -99 -99 -99 -99
-99 -99 -99 -99 -99 -99 -99 -99 -99 -99
-99 -99 -99 2.95438964674191 -99 -99 -99 -99 -99 -99
-99 -99 -99 -99 -99 -99 -99 -99 -99 -99
-99 -99 -99 -99 -99 -99 -99 -99 -99 -99
3.10535015967087 -99 -99 -99 -99 -99 -99 -99 -99 -99
-99 -99 -99 -99 -99 -99 -99 -99 -99 -99
-99 0.357761607230088 -99 -99 -99 -99 -99 -99 -99 -99
-99 -0.7496234301852 -99 -99 -99 -99 -99 -99 -99 -99
-99 1.14323534794599 -99 -99 -99 -99 3.34054900396615 -99 1.92113151468722 -99
-99 -99 3.19761844666173 -99 -99 -99 -99 -99 -99 -99
-99 -99 -99 -99 -99 -1.07043642181518 -99 -99 -2.23895955591192 -99
-99 0.947575029774346 -99 -99 -99 -99 -99 -99 -99 -99
-99 -99 -99 -99 -99 0.775199379810006 -99 -99 2.81021765037717 -99
-99 2.23592402266066 -99 -99 -99 -99 -99 -99 -99 -99
-99 -99 -99 -99 0.918860095272347 -99 -99 -99 -0.258757940429782 -0.595488273517953
-99 -99 -99 -99 -99 -99 -99 -99 -99 -99
-99 -99 -99 -99 -99 -99 -99 -99 -99 -99
0.931157655086414 -99 -99 -99 -99 -99 -99 -99 -99 -99
-99 3.37677808536071 -99 -99 -99 -99 -99 1.78145111843174 -99 -99
-99 -99 -99 -99 -99 -99 -99 -99 -99 -99
-99 -99 -99 -99 -99 1.88479018285498 -99 -99 -99 -99
2.17466961525744 -99 -99 3.15716115125071 -99 -99 -99 -99 -99 -99
-99 -99 -99 -99 1.81320521400633 -99 1.68014839282521 -99 -99 -99
-99 2.75808503143214 -99 -99 -99 -99 -99 -99 -99 -99
-99 0.386209379788434 -99 -99 -99 0.53702325952815 -99 -99 -99 -99
-99 -99 -99 -2.02447533229895 0.218696732125249 -1.7406656265803 -99 -99 -99 -99
-99 -99 -0.0737941607412456 -99 -99 2.30918082432914 -99 -99 -99 -99
-99 -99 -99 -99 -99 -99 -99 -99 -99 -99
-99 -99 -99 -99 -99 -99 -99 -99 -99 -99
-99 -99 -99 -99 -99 -99 -99 -99 -99 -99
-99 -99 -99 -99 -99 -99 -99 -99 0.585571454589392 -99
-99 2.37661110516008 -99 -99 -99 -99 -99 0.341904804405328 -99 0.135960479963171
-99 -99 -99 -99 -99 -99 -99 -99 -99 -99
-99 -99 1.49612264841358 -99 -99 -99 -99 -99 -99 -99
-99 -99 -99 0.745092502199636 -99 -99 -99 -99 -99 -99
-99 -99 -99 -99 -99 -99 -99 -99 -99 -99
0.0671260112262392 -99 -99 -99 -99 -99 -99 -99 -99 -99
-99 -99 -99 -99 2.66509497846031 -99 -99 -99 -99 1.91024489560009
2.41873942954985 -99 -99 -99 -99 -99 -99 -99 -99 -99
-99 -99 0.193082075136487 -99 -99 1.28586040636398 -99 -99 -99 -99
-99 -99 -99 -99 -99 -99 -0.527569460411981 -99 -1.75083887046229 -99
-99 -99 -99 -99 -99 -0.571581723385031 -99 -99 -99 -99
-99 -99 -99 0.587060829717973 -99 -99 -99 -99 -99 -99
-99 -99 -99 -99 -99 -99 -99 -99 -99 -99
-99 -99 -99 -99 -99 -99 -99 -99 -99 -99
-99 -99 -99 -99 -99 -99 -99 -99 -99 -0.368866994045716
-99 -0.392410366184617 -99 -99 -99 -99 -99 -99 -99 -1.36668357526591
2.43366148767062 -99 -99 -99 -99 -99 -99 -99 -99 -99
-99 0.743776885421227 -99 -99 -99 -99 -99 -99 -99 -99
-99 -99 -99 -99 -99 -99 -99 -99 -99 -99
-99 -99 -99 -99 -99 -99 -99 -99 -99 -99
-99 -99 -99 -99 -99 -99 -99 -99 -99 -99
-99 -99 -99 -99 -99 -99 -99 -99 -99 -99
-99 -99 -99 -99 -99 -99 -99 -99 -99 -99
-99 -99 -99 0.668271906876072 -0.21468008320967 -99 -99 1.96395472803166 1.50729306590915 -99
-99 -99 -99 -99 -99 -99 -1.92322061412914 -99 -99 -99
-99 -99 2.93447929824681 1.73945571296663 -99 -99 -99 -99 -99 -99
-99 -99 -99 -99 -99 -99 -99 -99 -99 -99
-99 -99 -99 -1.02084964949719 -99 -99 -99 -99 -0.633541520627785 -0.142793680877406
-99 -99 -99 -99 -99 -99 -99 -99 -99 -99
-99 -99 -99 -99 1.54322176695293 -99 -99 -99 0.270192118080223 -99
-99 1.55714982035363 -99 -99 -99 -99 -99 -99 -99 1.24539600691049
-99 -99 -99 -99 -99 -99 -99 -99 -99 -99
-99 -99 -99 -99 -99 0.67090268250449 -99 -99 0.809484440755191 -99
-99 -99 -99 2.01677068366835 -99 -99 -99 0.729411034951032 -99 -99
1.96946375189782 -99 -99 1.94896235124894 -99 2.60936473434172 -99 -99 -99 -99
-99 -99 -99 -99 -99 -99 -99 -99 -99 -99
-99 -99 -99 0.876877822221731 -99 -99 -99 -99 -99 -99
-99 -99 -99 -99 -99 -99 -99 -99 -99 -99
0.694657570660753 -99 -99 -99 -99 -99 -99 -99 -99 -99
-0.815924345685284 -99 -99 -99 -99 -99 -99 -99 -99 -99
1.98528371637401 -99 -99 -99 -99 -99 1.21366323696693 -99 0.836162202805043 -99
-99 -99 -99 -99 -99 -99 -99 -99 -99 -99
-99 -99 -99 -99 -99 -99 -99 -99 -99 -99
-0.0430983263131461 -99 -99 -99 -99 0.693480281355422 -99 -99 -99 -99
-99 -99 2.86009021974056 -99 2.35780671288439 -99 -99 -99 -99 -99
-99 -99 -99 -99 -99 -99 -99 -99 -99 -99
-99 -99 -99 -99 -99 -99 -99 -99 -99 -99
-99 -99 -99 -99 -99 -99 -99 -99 -99 -99
-99 -99 -99 -99 -99 -99 -99 -99 -99 -99
-99 0.215997424166299 -99 -99 -99 -99 -99 -99 -99 -99
-99 -99 -99 -99 -99 -99 0.433213591463754 -99 -99 -99
-99 -99 -99 -99 -99 -99 -99 -99 -99 -99
1.597011583618 -99 -99 -99 -99 -99 -99 -99 -99 -99
-99 -99 -99 -99 -99 -99 -99 -99 -99 -99
-99 -99 -99 -99 -99 2.320963228376 0.891269778739216 -99 -99 -99
1.68442928481964 -99 -99 -99 -99 1.60064283385993 -99 -99 -99 -99
-99 -99 -99 -99 -99 -99 -99 -99 0.702524949739125 -99
-0.0380059073524983 -99 -99 -99 -99 -99 -99 -99 0.279646006783088 0.917986870834917
-99 -99 -99 -99 -99 -99 0.0347615278793385 -99 -99 0.91218703929153
-99 1.64673186672847 -99 -99 -99 -2.17269944842074 2.62896221430578 -0.0127227590950412 -99 -99
-99 -99 -99 -99 -99 -99 -99 -99 0.379465748755648 -99
-99 -99 -99 -99 -99 -99 -99 -99 -99 0.369997106137298
-99 -99 2.20327075993648 -99 0.609963287014514 -99 -99 2.32574993593901 -99 -99
-99 -99 -99 -99 -99 -99 -99 -99 -99 -99
-99 -99 -99 -99 -99 -99 -99 -99 -99 -99
-99 -99 -99 -99 -99 -99 -99 -99 -99 -99
-1.32164629325102 -99 -99 -2.43835806665302 -99 -99 -99 -99 -0.916296588939115 -99
-99 -99 -99 -99 0.528196500864328 -99 -99 -99 -99 -99
-99 -99 -99 -99 -99 -99 -99 -99 -99 -99
-99 -99 -99 -99 -99 -99 3.31232441974992 -99 -99 -99
-99 -99 -99 -99 -99 -99 -99 -99 -99 -99
-99 -99 -99 -99 -99 -99 -99 -99 -99 -99
-99 -99 -99 -99 -99 -99 -99 -99 0.825127930185635 -99
-99 -99 -99 -99 -0.217847764635363 -99 -3.09874043112901 -99 -99 -99
-99 -99 -99 -99 -99 -99 -99 -99 -99 -99
-99 -99 -99 -99 -99 -99 -99 -99 -99 -99
-99 -99 -99 -99 -99 -99 -99 -99 -99 -99
-99 2.99742850209555 -99 -99 -99 -99 4.04476636960652 -99 -99 -99
-99 -99 -99 -99 -99 -99 -99 -99 -99 0.234703767271497
-99 -99 -99 -99 -99 -99 1.39566953091237 -99 -99 -99
-1.05467624026122 -99 -99 -99 -99 -99 -99 -99 -99 -99
-99 -99 -99 -99 -99 -99 -99 2.07882932826711 -99 0.142287576949186
-99 -99 -99 -99 -99 -99 -99 -99 -99 0.979778990077414
-99 -99 -99 -99 -99 -99 -99 -99 -99 -99
-0.836423945785271 -99 -99 -99 -99 -99 -99 -99 -99 -99
0.121517175282114 -99 -99 -99 -99 -99 -99 -0.0525580173949758 -99 -99
-99 1.54473172732751 -99 1.1293352243049 -99 -99 -99 -99 -99 2.1683117712141
-99 -1.81316086466831 -99 -99 -99 -99 0.0775222396097205 -99 -99 -99
-99 -99 0.7024352014346 -99 -99 -99 -99 -99 -99 -99
-99 -99 -99 -99 -99 -99 -99 -99 -99 -99
0.575444955840092 -99 -99 -99 -99 -99 -99 -99 -99 -99
-99 -99 -99 -99 -99 -99 -99 -99 0.669078486588407 -1.15268414410494
-99 -99 -99 -99 -99 -99 -99 -99 -99 -99
-99 -99 -99 -99 -99 -99 0.541489961408591 -99 -99 -99
-99 -99 2.19300286352643 1.80225551690516 -99 -99 -99 -99 2.14798531311094 -99
-99 -99 -99 -99 -99 -99 -99 -99 -99 -99
3.07608415269044 -99 1.49205176132322 -99 -99 -99 -99 -99 -99 -99
-99 2.13341314777675 0.93983385203649 -99 -99 -99 -99 -99 -99 -99
-99 -99 -99 -99 -99 -99 -99 -99 -99 1.20140491118219
-99 -99 -99 -99 -99 -99 -99 0.633955634234682 -99 -99
-99 -99 -99 -99 -99 -99 -99 -99 -99 -99
-99 -99 -99 3.04978333471999 -99 -99 -99 -99 -99 -99
-99 -99 -99 -99 -99 -99 -99 -99 -99 -99
-99 -99 2.28313866438892 -99 -99 -99 -99 -99 -99 -99
1.13216072883268 -99 -99 -99 1.11319976342741 -99 -99 -0.0340066937439087 -99 -99
-99 -99 -99 -99 -99 -99 -99 -99 -99 -99
-99 -99 -99 1.00720029415951 -99 2.01402065899353 -99 -99 -99 -99
-99 -99 -99 2.94193762222523 -99 -99 -99 -99 -99 -99
-99 -99 -99 -99 0.846088720775169 -99 -99 -99 0.804638158893194 -99
-99 -0.0148259885443285 -99 -99 -99 -99 -99 -99 -99 -99
-99 -99 0.214855718272886 -99 -99 -99 -99 -99 -99 -99
0.240271645138129 -99 1.00603343074793 -99 -99 -99 -99 -99 -99 -0.529006262283084
-99 -99 -99 -99 -99 -99 -99 -99 -99 -99
-99 -99 3.05552829424309 1.46066984782615 -99 1.25655404302112 -99 -99 -99 0.459260537272663
-99 -99 -99 -99 -99 -99 -99 -99 -99 1.77186953594263
-99 -99 -99 -99 -99 -99 -2.37490673937092 -99 -0.839912701132392 -99
-99 -99 -99 -99 -99 -99 -99 -99 -99 -99
-99 -99 -99 -99 -99 -99 -99 -99 -99 -99
-99 -99 -0.0829074547067412 -99 -99 -99 -99 -99 -99 -99
-99 -99 -99 -99 -99 -99 -99 -99 -99 -99
-99 -99 2.87737591398769 -99 -99 2.87407141261712 -99 -99 -99 -99
-99 -99 -99 -99 -1.24096626682178 0.910436372443894 -99 -99 -99 -99
-99 -99 -99 -0.0904704772109173 -99 -99 -99 -99 -99 -99
-99 -99 -99 -99 -0.57203263889233 -99 -99 -99 -99 -99
-99 3.29607162028648 -99 -99 1.53232226781584 -99 -99 -99 -99 -99
-99 -99 -99 -99 -99 -99 -99 -99 -99 -99
-99 -99 -99 -99 -99 -99 -99 -99 -99 -99
-99 -99 -99 -99 -99 -99 -99 -99 -99 -99
-99 -0.0236856449050225 -99 -99 -99 -99 -1.46847138231528 -99 -99 -99
-99 -99 -99 -99 -99 -99 -99 -99 -0.0363064599693614 -99
-99 -99 -99 -99 -99 -99 -99 -99 -99 -99
-99 -99 -99 -99 -99 1.72592409537187 -99 0.479697117267492 -99 -99
1.48648780243973 -99 -99 -99 -99 -99 -99 -99 -99 -99
-99 -99 -99 -99 -99 -99 -99 -99 -99 -99
-99 -99 -99 3.15080906511672 -99 -99 -99 -99 -99 -99
-99 1.89580996493836 -99 -99 -99 -99 2.68918604565037 -99 -99 -99
-99 -99 -99 -99 -99 -99 -99 -99 -99 -99
-99 -99 -99 -99 -99 -99 -99 -99 -99 -99
-99 -99 -99 -99 -99 -99 -99 -99 -99 -99
-99 -99 -99 1.01300397376967 -99 1.44858915299533 -99 -99 -99 -99
-99 -99 0.726558348061876 -99 -99 -99 -99 -99 -99 -99
-99 -99 -99 -99 -99 -99 -99 -99 -99 -99
-99 1.84993246981292 -99 -99 -99 3.48805736430101 -99 -99 -99 -99
1.16843412347502 -99 -99 -99 -99 -99 -99 -99 0.281274949486555 -99
0.99106688257356 -99 -99 -99 -99 -99 0.262145791233884 -99 -99 -99
3.51883119548072 -99 -99 -99 2.54263931909782 -99 -99 2.09194293003796 -99 -99
-99 -99 -99 0.771861753705066 -99 -99 -99 -99 -99 -99
-99 -99 -99 -99 -99 -99 -99 -99 -99 -99
-99 0.233166373958959 -99 -99 -99 -99 -99 -99 1.19173811118923 -99
-99 -99 -99 -99 -99 -99 -99 -99 2.33110520394759 -99
-99 -99 -99 -99 -99 -99 3.02451658598279 -99 -99 -99
-99 -99 -99 -99 -99 -99 -99 -99 -99 -99
-0.342845465909803 -99 -99 -99 -99 -99 -99 -99 -99 -99
-99 -99 -99 -99 -99 -99 -99 -99 -99 -99
2.67230075629554 -99 -99 -99 -99 -99 -99 -99 0.553295655107829 -99
-99 -99 -99 -99 -99 -99 -99 -99 -99 -99
-99 -99 -99 -99 -99 -99 -99 -99 -99 -99
-99 -99 -99 -99 0.240705684228131 -99 -99 -0.57092608919594 -99 -99
-99 -99 -99 -99 -99 -99 -99 -99 -99 -99
-99 -99 -99 -99 -99 -99 -99 -99 0.801503496952873 -99
-99 -99 3.69713539032327 -99 -99 -99 -99 -99 -99 -99
-99 -99 -99 -99 -99 -99 -99 -99 -99 -99
-99 0.881170647569114 1.46339110693799 1.48053764706871 -99 -99 -99 -99 -99 -99
1.74441390867716 -99 -99 -99 -99 -99 -99 -99 -99 -99
-99 -99 -99 -99 -99 0.909321884274748 -99 -99 -99 -99
-99 -99 3.71465671483673 -99 -99 -99 -99 -99 -99 -99
-99 -99 -1.6869139196414 -99 -99 -99 -99 -99 -99 -99
-99 -99 -99 -99 -0.366221545392399 -99 -99 -99 -99 -99
-99 -99 -99 -99 -99 -99 -99 -99 -99 -99
-99 -99 -99 1.29252245351816 -99 -99 -99 -99 -99 -99
-99 -99 -99 -99 -99 -99 -99 -99 -99 -99
-99 -99 0.740353621323123 -99 -99 -99 -99 -99 -99 -99
-99 -99 -99 2.05376804948492 -99 2.73121139890951 -99 -99 -99 -99
-99 -99 -99 3.3313549591766 -99 -99 3.87940805422011 -99 2.26921694545949 1.48569371119065
-99 -99 0.36738951254394 -99 -99 -0.151135834179305 -99 -99 -99 -99
-99 -99 -99 -99 -99 -99 -99 -99 -99 -99
-99 -99 -99 -99 -99 -99 0.231876565792882 -99 -99 -99
-99 -99 -99 -99 -99 -99 -99 -99 1.19408009729334 -99
-99 -99 -99 -99 -99 -99 -99 -99 0.228799066043456 -99
-99 -99 -99 -99 -99 -99 -99 -99 -99 -99
-99 -99 -99 -99 -99 -99 -0.0343245286884253 -99 -99 -99
-99 -99 -99 -99 -99 -99 -99 -99 -99 -99
-99 0.449108008904759 -99 2.25924988991217 -99 -99 -99 -99 -99 -99
-99 -99 -99 -99 -99 -99 -99 -99 2.04444240765759 -99
-99 -99 -0.925228189798919 -99 -99 -99 -99 -99 -99 -99
-0.133865371762272 -99 -99 -99 -99 -99 -99 -99 -99 -99
3.87685285506155 -99 -99 0.557935038414897 -99 -99 -99 -99 -99 -99
-99 -99 -99 -99 -99 4.21297671340405 -99 -99 2.62218068891599 -99
-99 -99 -99 1.25424189251949 -99 -99 -99 -99 1.80499382198203 -99
-99 -99 -99 -99 -99 -99 -99 -99 -99 -99
-99 -99 -99 -99 -99 -99 -99 1.3639724726738 -99 -99
-99 -99 -99 -99 -99 -99 -99 -99 -99 -99
-99 -99 -99 -99 -99 -99 -99 -99 -99 -99
0.198237528527157 -99 -99 -99 -99 -99 -99 -99 -99 -99
-99 -99 -99 -99 -99 -99 -99 -99 -99 -99
-99 2.69258390332477 -99 -99 -99 -99 -99 1.49106444776153 -99 -0.165637906906396
-99 4.3703184337287 -99 -99 -99 -99 -99 -99 -99 3.23545524703883
-99 -99 -99 1.63093971235388 -99 -99 -99 -99 -99 -99
-99 -99 -99 -99 -99 -99 -99 -99 -99 -99
-99 -99 -99 -99 -99 -99 -99 0.292776007490466 -1.67976839895074 -99
-99 -99 -99 -99 -99 -99 -99 -99 -99 -99
-99 -99 -99 0.332977093010665 -99 -99 -99 -99 -99 -99
-99 -99 -99 -99 -99 -99 -99 -99 -99 -99
-99 -99 -99 1.45200697926819 -99 -99 -99 -99 -99 -0.111917950205085
-99 -99 -99 -99 -99 -1.07449237509838 -99 -99 -99 -0.446302646800564
-99 -99 -99 -99 -99 -99 -99 -99 -1.3248998342622 -99
-99 0.86293385863508 -99 -99 -99 0.654248842885099 -99 -99 -99 -99
-99 -99 -99 -99 -99 -99 -99 -99 -99 -99
-99 -99 -99 -99 -99 -99 -99 -99 -99 -99
-99 -99 -99 -99 2.28382382198903 -99 -99 -99 -99 -99
-99 -99 -99 -99 -99 -99 -99 2.98795870096325 -99 -99
-99 -99 -99 -99 -99 -99 -99 0.10049305977264 -99 -99
-99 -99 -99 -99 -99 -99 -99 -99 -99 -99
-99 -99 -99 -99 -99 -99 -99 -99 -99 -99
-99 -99 -99 -99 -99 -99 -99 -99 -99 1.22889547836498
-99 -99 -99 -99 1.12961624295727 -99 0.90303879338622 -99 -99 -1.54954960444404
-99 1.9727039472784 -99 1.94353991096332 -99 -99 -99 -99 -99 -99
-99 -99 -99 -99 -99 -0.36942526751865 -99 -99 -99 2.37089499295588
-99 -99 -99 -99 -99 -99 -99 -99 -99 -99
3.61005079628002 1.76618063013025 -99 -99 -99 -99 -99 -99 -99 -99
-99 -99 -99 -99 -99 -99 -99 -99 -99 -99
-99 1.25721802961012 -2.98514151200144 -99 -99 -99 -99 -99 -99 -99
-99 -99 -99 -99 -99 -1.18086326062515 -99 -99 -99 -99
-99 -99 -99 -99 -99 -99 -99 -99 -99 -99
-99 -99 -99 -99 -99 -99 -99 -99 -99 -99
-99 -99 -99 -99 -99 -99 -99 -99 -99 -99
-99 -99 -99 -99 -99 -99 -99 -99 -99 3.15127361751919
-99 -99 -99 -0.113579910693796 -99 -99 -99 -99 -99 -99
-99 -99 -99 -99 -99 -99 -99 2.66274860383877 -99 -99
-99 -99 -99 -99 -99 -99 -99 -99 -99 -99
-99 -99 -99 -99 -99 -99 -99 -99 -99 -99
-99 -99 -99 -99 1.59201997316806 -99 -99 -99 -99 -99
-2.24516810102515 -99 -99 -99 -99 -99 -99 -99 -99 -99
-99 -99 -99 1.35468938516142 -99 1.81515525236958 -99 -99 -99 -99
-99 -99 -99 -99 -99 -99 -99 -99 -99 -99
-99 -99 0.742493903266639 -99 -99 1.78094996301651 1.2143053729648 -99 -99 -99
-99 -99 1.6526641889029 -99 -99 -99 -99 -99 -99 -99
-99 -99 -99 -99 -99 -99 -99 -99 -99 -99
-99 -99 -99 -99 -99 -99 -99 -99 -99 -99
-99 -99 -99 2.09412978220805 -99 -99 0.0156702977434452 -99 -99 -99
-99 -99 -99 -99 -99 -99 -99 -99 -99 -99
-99 -99 -99 -99 -99 -99 -99 -99 -99 -99
-99 -99 -99 -99 2.96966940097265 -99 -99 -99 -99 -99
-99 -99 -99 -99 -99 -99 -99 -99 -0.146898313867169 -99
-99 -99 -1.26191566192561 -99 -99 -99 -99 -99 -99 -99
1.00469463748464 -99 -99 -99 -99 -99 0.530059197326382 -99 -99 -99
-99 -99 1.90552621987813 2.7700299483505 1.16943122442778 -99 -99 -99 -99 -99
-99 0.29948829810002 -99 -99 -99 -99 -99 -0.948027212082797 -99 -99
-99 1.33325690721506 -99 -99 -99 -99 -99 -99 -99 -99
-99 -99 0.965954970303924 -99 -99 -99 -99 -99 -99 -99
-99 -99 -99 -99 1.47581488204826 -99 -0.990701346910012 -99 -99 -99
-99 -99 -99 1.6677066474839 1.00901399135672 -99 -99 -99 -99 -99
-99 0.569558215945328 -99 -99 -99 -99 -99 -99 -99 -99
-99 -99 -99 -99 -99 -99 -99 -99 -99 -99
-99 -99 -99 -99 -99 -99 2.17267378485825 -99 4.42686753994265 -99
-99 -99 -99 -0.837189709933864 -99 -99 -99 -99 -99 -99
1.50884972709632 -99 -99 -99 -99 -99 -99 -99 -99 -99
-99 -99 -99 -99 -99 -99 -99 -99 -99 -99
-99 -99 -99 -99 -99 -99 -99 -99 0.18360776624494 -99
-99 -99 -99 -99 -99 -99 -99 -0.713577935498988 -99 -99
-99 -99 3.86400955650052 -99 -99 -99 -99 -99 -99 -99
-99 -99 -99 -99 -99 -99 -99 -99 -3.36243808921079 -99
-99 -99 -99 -99 -99 -99 -99 -99 -99 -0.931839789206995
-99 -99 -99 -99 -99 -99 0.970181363933435 -99 -99 -99
-99 -99 -99 -99 2.52602074588017 -99 -99 1.73155559988066 -99 -99
-99 -99 -99 -99 -99 -99 -99 -99 1.30559783603334 0.932643412448373
-99 -99 -99 -99 -99 -99 -99 -99 -99 -99
-99 -99 -99 -99 -99 -99 -99 -99 -99 -99
-99 -99 -99 -99 -99 -99 -99 -99 -99 -99
-99 -99 -99 -99 -99 -99 1.8087940984341 -99 0.673434812375229 -99
-99 -99 -99 -99 -99 -99 -99 -99 -99 -99
-99 -99 -99 -99 -99 -99 -99 -99 -99 -99
-99 -99 -99 -99 -0.149127012152405 -99 -99 -99 -99 -99
-99 -99 -99 -99 -99 1.70812159742878 -99 1.13442899434627 1.54719142490284 -99
-99 -99 -99 -99 -99 -99 -99 -99 -99 -99
-99 -99 -99 -99 -99 -99 -99 -99 -99 -99
-99 2.19972196694452 0.465740493460197 -99 -99 -99 -99 -99 -99 -99
-99 -99 -99 -99 -99 -99 -99 -99 3.40473208379983 3.12275126424808
-99 -99 -99 0.978062806202399 -99 -99 -99 1.28923543367213 -99 -99
-99 -99 3.88888832255263 -99 -99 2.04675446717105 -99 -99 -99 -99
-99 -99 -99 -99 -99 -99 -99 -99 -99 -99
-99 -99 -99 -99 -99 -99 -99 -99 -99 -99
-99 -99 -99 -99 -99 2.82594825014791 2.50977580295381 -99 3.02096972348392 -99
-99 -99 -99 -99 -99 2.22901277398945 -99 -99 -99 -99
-99 -99 -99 -99 -99 -99 -99 -99 -99 0.382649474861686
-99 -99 -99 -99 -99 1.09534775961345 -99 -99 -99 -99
-99 -99 -99 -99 -99 -99 -99 -99 2.74602552253087 -99
0.126461445116223 -99 -99 -99 -99 -99 -0.973513822610684 -99 -99 -99
0.00139652458882533 -99 -3.2249246936825 -99 -0.562577147712169 -99 -99 -99 -99 -99
-99 -99 -99 -99 -99 -99 -99 -99 -99 -99
-99 -99 -99 -0.122936785918531 -1.5491556307075 -99 -99 0.283766931171188 -99 -99
-99 -99 -99 -99 -99 -99 -99 -99 -99 -99
-99 -99 -99 -99 0.816523984639318 0.328227121734768 -99 -99 -99 0.122948071165942
-99 -99 -99 -99 -99 -99 -99 -99 0.776131868527362 0.130965006024819
-99 -99 -99 -99 -99 -99 -99 -99 -99 -99
-99 -99 -99 -99 -99 -99 -99 -99 -99 -99
-99 -99 -99 1.19869311759781 -99 -99 -99 -99 -99 -99
-99 -99 0.332665893544793 -99 -99 -99 -99 -99 -99 -99
-99 -99 -99 -99 -99 -99 0.591019379394649 -99 -99 -99
-99 -99 -99 -99 -99 -99 -99 0.763862339973877 -0.33655679019089 -99
-99 -99 -99 -99 -99 -99 -99 -99 -99 2.373679392919
-99 -99 -99 -99 -99 -99 -99 -99 -99 -99
-99 -99 -99 -99 -99 -99 -99 -99 -99 -99
-99 -99 -99 -99 -99 -99 -0.914267756294221 -99 -99 -0.457704805781253
-99 -99 1.1088951820848 -99 -99 -99 -99 -99 -0.677154613008307 -99
-99 -99 -99 -99 -99 -99 -99 -99 -99 -99
0.958680616821622 -99 -0.359556697044042 -99 -99 -99 1.05380906118245 -99 -99 -99
1.04049149026023 -99 -99 -99 -99 -99 -99 -99 -99 -99
-99 -99 -99 -99 -99 -99 -99 -99 -99 -99
0.718155478081548 -99 1.28194649420518 -99 1.23889078423409 -99 -99 -99 -99 -99
-99 -99 -99 -99 -99 -99 2.51467845404327 -99 1.88130587461927 -99
-99 -99 -99 -99 -99 -99 -99 -99 -99 0.624708038942122
-99 -99 -99 -99 -99 -99 -99 -99 1.76884051680748 -99
-99 -99 -99 -99 -99 -99 2.82513632783968 3.75322070997366 -99 -99
-99 -99 -99 -99 -99 -99 1.6179368781312 -99 -99 -99
-99 -99 -99 2.32126628786416 -99 -99 2.13289929993943 -99 -99 -99
-99 2.63533839893098 -99 -99 -99 -99 -99 -99 -99 -99
-99 -99 0.811685890481955 -99 -99 -99 -99 -99 -99 -99
-99 -99 -99 -99 -99 -99 1.24886702204104 -99 -99 -99
0.369667301545153 -99 -99 -99 -99 1.82754414602163 -99 -99 -99 -99
-99 -99 -99 -99 -99 -99 -99 -99 -99 -99
-99 -99 -99 -99 -99 -99 -99 -99 -99 -99
-99 -99 -99 -99 -99 1.09088551728045 -99 -0.251954304281929 -99 -99
-99 -99 -99 -99 -99 -99 -99 -99 -99 -99
-99 -99 -99 -99 -99 -99 -99 -99 1.71105156142641 -99
-2.20019653501006 -99 -99 -99 -99 -99 -1.34233897622481 -99 -99 -99
-99 -99 -99 0.815262487799293 -99 0.846880421292738 -99 -99 -99 -99
-99 -99 -99 -99 -99 -99 -99 -99 -99 -99
-99 -99 -99 3.2545723435295 -99 1.94183124037236 -99 -99 -99 3.75315887066839
-99 -99 -99 -99 -99 -99 -99 -99 -99 -99
-99 -99 -99 -99 -99 -99 -99 -99 -99 -99
-99 -99 -99 0.806272318763519 -99 -99 -99 0.736701501413563 -99 -99
-99 -99 -99 -99 -99 -99 -99 -99 -99 -99
-99 -99 -99 -99 -99 -99 -99 -99 -99 -99
-99 -99 -99 -99 -99 -99 -99 -99 -99 -99
0.663183499405807 -99 -99 0.479073908890126 -99 -99 -99 -99 -99 -99
-99 -99 2.95235383455451 -99 -99 -99 -99 -99 -99 -99
-99 -99 -99 -99 -99 0.965268777840419 -99 -99 -0.803901589121616 -99
-99 -99 1.60634616715781 -99 -99 -99 2.55814124896574 -99 -99 -99
-99 -99 -99 -99 -99 -99 -99 -99 -99 -99
-99 -99 -99 -99 -99 -99 -99 -99 -0.133526098374176 -99
-99 -99 -99 -99 -99 -99 -99 -99 -99 -99
-99 -99 -99 -99 -99 -99 -99 -99 0.945340425415744 -99
-99 -99 -99 -99 -99 -99 -99 -99 1.9982687130044 -99
-99 -99 -99 3.03774522030705 -99 -99 1.40690411664214 -99 -99 -99
-99 -99 -99 -99 -99 -99 -99 -99 -99 -99
-99 -99 -99 -99 -99 -99 -99 -0.984735097860365 -99 -99
-99 -99 2.91011231928016 -99 -99 -99 1.74179877703338 -99 -99 -99
-99 0.0344972823833507 -99 -99 -99 -99 1.23214982950912 -99 -99 -99
-99 -99 -99 -99 -99 -99 -0.248693053191633 -99 -99 0.8560339268169
-99 -99 -99 -99 -99 -99 -99 -99 -99 -99
-99 -99 -99 -99 -99 -99 -99 -99 -99 -99
-99 -99 -99 -99 -99 -99 2.89850871496997 -99 -99 -99
3.10830756392045 -99 -99 -99 -99 -99 -99 -99 -99 -99
-99 3.65504523794465 -99 -99 -99 -99 -99 -99 -99 -99
-99 -99 -99 -99 -99 0.0874762262778828 -1.30077733250027 -99 -99 -99
-99 -99 -99 -99 -99 -99 -99 -99 -99 -99
-99 0.943102600444733 -99 -99 -99 -99 -99 -99 -99 -99
-99 -99 -99 1.87553524127782 -99 -99 -99 -99 -99 -99
-99 -99 -99 -99 -99 -99 -99 -99 0.217550636035072 -99
-99 -99 -99 -99 -99 1.54957401448336 -99 -99 -99 -99
-99 -99 -99 -99 -99 -99 3.35186837355948 -99 -99 -99
-99 -99 -99 -99 -99 -99 -99 -99 -99 -99
-99 -99 -99 -99 -99 -99 -99 -99 -99 -99
-99 -99 -99 -99 -99 -99 -99 -99 1.66842223261687 2.09383810651472
-99 -99 -99 -99 -99 -0.641544416136899 -99 -99 -99 -99
-99 -99 -99 -99 -99 -99 -99 -99 -99 -99
-99 -99 -99 -99 -99 -99 -99 -99 -99 -99
-99 -99 1.64477877008069 -99 -99 -99 -99 -99 0.543834813032172 -99
-99 -99 -99 -99 -99 0.0763556677350805 -99 -99 -99 -99
-99 -99 -99 -99 -99 -99 -99 -99 -99 -99
-99 -99 -99 -99 -99 -99 -99 -99 -99 -99
-99 -99 -99 -99 -99 -99 -99 -99 -99 0.854229182752319
-99 -99 -99 -99 -99 -99 -99 -99 1.48614524508595 -99
-99 -99 -99 -99 -99 -99 -99 -99 -99 -0.314725846121927
-99 -99 0.399196266479645 -99 1.18153723192841 -99 -99 -99 -99 -99
-99 -99 -99 -99 -99 -99 -99 -99 -0.292609300221608 -99
-99 -99 0.966494203036894 -99 -99 -99 0.287026869748337 -99 0.181804658786378 -99
-99 -99 0.753758186445758 -99 -99 -99 0.191177352687748 2.27944116923275 -99 -99
-99 -99 -99 -99 -99 -99 -99 -99 -99 -99
-99 -99 -99 -99 -99 -99 1.78366782673837 -99 -99 3.89967074447726
-99 -99 3.54660593223208 -99 -99 -99 -99 1.66784866104657 -99 2.8388693853515
-99 -99 -99 -99 -99 -99 -99 -99 -99 2.2491866523562
-99 -99 -99 -99 -99 -99 -99 -99 -99 -99
-99 -99 -99 1.19240385789135 3.79765218848052 -99 -99 -99 -99 -99
-99 -99 -99 -99 -99 -99 -99 -99 -99 -99
-99 -99 -99 -99 -99 -99 -99 -99 -99 -99
-99 -99 -99 -99 -99 -99 -99 -99 -99 -99
-99 -99 -99 -99 -99 -99 -99 -99 -99 -99
-99 -99 -99 -99 -99 3.51411687465248 2.60511296629022 -99 -99 -99
-99 -99 -99 -99 -99 -99 -99 0.349855094927551 -99 -99
-99 -99 -99 -99 -99 -99 -99 -99 -99 -99
-0.10067414088646 -99 -99 -99 0.0133377397169299 -99 1.14820848209759 -99 -99 -99
-99 -99 -0.345247372974655 -99 -99 -99 -99 -99 -99 -99
-99 -99 -99 -99 -99 -99 -99 -99 -99 -99
-99 -99 -99 1.92213225831089 -99 -99 -99 -99 -99 1.50729648071906
-99 -99 -99 -99 -99 -99 -99 -99 -99 -99
-99 -99 -1.57930463328607 -99 -99 -0.442508847809563 -99 -99 -99 -99
-99 -99 -99 -99 -99 -99 -99 -99 -99 -99
-99 -99 -99 -99 -99 -99 -99 -99 -99 -99
