-99 -99 -99 -99 -99 -99 -99 -99 -99 -99
0.177529571886294 -99 -99 -99 0.889171998664144 -99 -99 -99 1.79534811498579 -99
0.722657620209881 -99 -99 -99 -99 -99 -99 -99 -99 -99
-99 -99 -99 -99 -99 -99 -99 -99 -99 -99
-99 -99 -99 -0.0964580551331866 -99 -99 -99 -99 -99 -99
-99 -99 -99 1.75598332799158 -99 1.90360830427828 -99 -99 -99 -99
-99 -99 -99 -99 -99 -99 -99 -99 -99 -99
-99 -99 -99 -99 -99 -99 -99 -99 -99 -99
-0.370883111002641 -99 -99 -99 -99 -99 -99 -99 -99 -99
0.847467552008533 -99 -99 -99 -99 -99 -99 -99 -99 -99
-99 -99 -99 -99 -99 -99 -99 -99 -99 1.19686212363956
0.662963813521372 -99 -99 -99 -99 -99 -99 -99 -99 -99
-99 -99 -99 -99 -99 -99 -99 -99 -99 -99
-99 -99 -99 -99 -1.67684867615238 -99 -99 -99 -99 -99
-99 -99 -99 -99 -99 1.20957237326161 -99 -99 0.815607092127795 -99
-99 -99 -99 0.311255713565958 -99 -99 -99 -99 1.12070176576345 -99
-99 -99 -99 -99 -99 -99 -99 -99 -99 -99
-99 -99 -99 -99 -99 -99 -99 -99 -99 1.7558527151406
-99 -99 -99 -99 -99 -99 2.13184999755248 -99 -99 -99
-99 -99 -99 -99 2.69688214650215 -99 2.78711467600693 -99 2.59857967605132 -99
-99 -99 -99 -99 -99 -99 -99 1.17545205681329 -99 -99
-99 1.00077193149439 -99 0.348938712578341 -99 -99 -99 -99 -99 -99
-99 -99 -99 -99 -99 -99 -99 1.17710102282465 -99 -99
-99 -99 -99 -99 -99 -99 -99 -99 -99 -99
-99 -99 -99 -99 -99 -99 -99 -99 -99 -99
0.693745900487071 -99 -99 -99 -99 -99 1.60824105992163 -99 -99 1.6088364398479
-99 0.376031237237077 -99 -99 -99 -99 -99 -99 -99 -99
3.17366186740947 -99 -99 -99 -99 -99 -99 -99 -99 -99
-99 -99 0.700453710419306 -99 -99 -99 -99 -99 -99 -99
-99 -99 -99 3.07014518973584 -99 -99 -99 -99 -99 -99
-99 -99 -99 -99 -99 -99 -99 -99 -99 -99
0.552939143394676 -99 -99 -99 -99 -99 -99 -99 -99 -99
-99 -99 -99 -99 -99 -99 -99 -99 -99 -99
-99 -99 -99 2.50428574468943 -99 -99 -99 -99 -99 0.042767784741127
-99 -99 -99 -99 -99 -0.0505690249800825 -99 -99 -99 -99
-99 -99 -99 -99 -99 -99 -99 -0.562937771559872 -99 -99
-99 -99 -2.23660599957327 -99 -99 -99 -99 -99 -99 -0.616998721476293
-99 -99 -99 -99 -99 -99 -99 -99 -99 -99
-99 -99 -99 -99 -99 -99 -99 -99 -99 -99
-99 -99 -99 -99 -99 1.07464558805346 -99 -99 -2.1905232705694 -99
-99 -99 -99 -99 1.97627330579066 -99 -99 -99 -99 -99
-99 -99 1.07863929916808 -99 -99 -99 2.87858327494528 -99 -99 -99
-99 -99 -99 -99 -1.63002714869054 -99 -99 -99 -99 -99
-99 -99 -99 -99 -99 -99 -99 -99 -99 -99
-99 -99 -99 -99 -99 -99 -99 -99 -99 -99
-99 -99 1.88926969856375 -99 -99 -99 -99 -99 -99 -99
-99 -99 3.59884637826236 -99 -99 -99 -99 -99 -99 -99
-99 -99 -99 -99 -99 -99 -99 -99 -99 -99
-99 -99 -99 -99 -99 0.34442217980013 3.06061476361768 -99 -99 -99
0.570390553007933 -99 -99 -99 -99 -99 -99 -99 -99 -99
-99 -99 -99 3.49969859203928 -99 -99 -99 -99 -99 -99
-99 -0.804683085925625 1.45638211252461 -99 1.12715593930463 -99 2.97890983306134 -99 -99 1.29175035041081
-99 -99 -99 -99 -99 -99 -99 -99 -99 -99
0.637688192960839 -99 -99 -99 -99 -99 -99 -99 -99 -99
-99 -99 -99 -99 -99 -99 -99 -99 -99 -99
-99 -99 -99 -99 -99 -99 -99 2.7695937347501 -99 -99
-99 -99 -99 -99 2.73754609574445 -99 -99 -99 -99 -99
-99 -99 2.62126917929583 1.18217413438088 -99 -99 -99 -99 -99 -99
-99 -99 -99 -99 -99 -99 -99 -99 -99 -99
-0.20450234359731 -99 -99 -99 -99 -99 -99 -99 -99 -99
-99 -99 1.35850048052711 -99 -99 -99 -99 -99 -99 -99
-99 -99 -99 -99 -99 -99 -99 -99 -99 -99
-99 -99 -99 -99 -99 -99 -99 -99 -99 -99
-99 -99 -99 -99 -99 0.904474644231119 -99 -99 -99 -99
-99 -99 -99 -99 -99 -99 -99 3.11691871313678 -99 -99
-99 -99 -99 -99 -99 -99 -99 -0.770392817778727 -99 -99
-99 0.389801924174025 -99 -99 0.645761078305604 -99 -99 -99 -99 -99
-99 -99 -99 -99 -99 -99 -99 -99 -99 -99
-99 -99 -99 1.51849160992351 -99 -99 -99 -99 -99 1.00942411117191
-99 -99 -99 4.13801802148852 4.25700196616579 -99 -99 -99 -99 -99
-99 -99 -99 -99 -99 -99 -99 -99 3.22226209118436 -99
-99 -99 -99 -99 -99 -99 -99 -99 -99 -99
1.90807770646046 -99 -99 -99 -99 -99 -99 -99 -99 -99
-99 -99 -99 -99 -99 -99 -99 -99 -99 -99
-99 -99 -99 -99 -99 -99 -99 -99 -99 -99
-99 -99 -99 -99 -99 -99 -99 0.566768413698508 -99 -99
-99 -99 -99 -99 -99 -99 1.48933191898183 -99 -99 -99
-99 -99 -99 -99 -99 -99 -99 -99 -99 -99
-99 -99 0.47610560702164 -99 -99 -99 -99 -99 -99 -99
-99 -99 -99 -99 -99 -99 -99 -99 -99 -99
1.10544095472923 -99 -99 -99 1.20806458797958 -0.0441175936548015 -99 2.14741067623125 -99 -99
-99 -99 -99 -99 -99 -99 -99 -99 -99 -99
-99 -99 -99 -99 -99 -99 -99 0.871610528016418 -0.649133740977197 -99
-99 -99 -99 -99 -99 -99 -99 -99 -99 -99
-99 -99 -99 -99 -99 -99 -99 -99 -99 -99
4.18370495446648 1.63716712220368 -99 -99 -99 -99 -99 -99 -99 -99
-99 -99 -99 -99 -99 -99 -99 1.40712914664823 -99 -99
-99 -99 3.53429485077523 -99 -99 -99 -99 -99 -99 -99
-99 -99 -99 -99 -99 -99 2.0636111818684 -99 -99 -99
-99 -99 -99 -99 -99 -99 -99 -99 -99 -99
-99 -99 1.36514521831864 -99 -99 -99 -99 -99 -99 -99
-99 -99 -99 -99 -99 -99 -99 -99 -99 -99
-99 -99 -99 -99 -99 -99 1.89522263290488 -99 0.376056221406183 -99
-99 -99 -99 -99 -0.816018530606629 -99 -99 -99 -99 -99
-99 -99 -99 -99 -99 -99 -99 -99 -99 -99
-99 -99 -99 -99 -99 -99 -99 -99 -99 -99
4.13829518256898 -99 -99 -99 -99 -99 -99 -99 -99 -99
-99 -99 -99 -99 -99 -99 -99 -99 1.59800261099002 -99
-99 -99 -99 -99 -99 -99 -99 -99 -99 -99
-99 -99 -99 -99 -99 2.86564629732076 -99 -99 -99 -99
-99 -99 -99 -99 -99 -99 -99 -99 -99 -99
-99 -99 -99 -99 -99 -99 -99 -99 -99 -99
-99 -99 -99 -99 2.65109300431665 1.76658832651703 -99 3.09572222603815 1.63087013690864 -99
0.155066567706714 -99 -99 -99 -99 -99 -99 -99 -99 -99
-99 -0.403113579175621 -99 -99 -99 -99 -99 -99 -99 -99
-99 -99 -99 -99 0.759080709015161 -99 -99 -99 -99 -99
-99 0.36661684870489 -99 -99 -99 -0.61647567405005 -99 -99 -99 -99
-99 -99 -99 -99 -99 -99 -99 -99 -99 -99
-99 -99 -99 -99 -99 -99 -99 -99 -99 -99
0.401374920565835 -0.797078025137741 2.2274487742648 -99 -1.78207072448469 -99 -99 -99 -99 -99
-99 1.327458506685 -99 -99 -99 -99 3.28664765251487 -99 -99 -99
-99 -99 -99 -99 -99 -99 -99 -99 -99 -99
-99 0.225533723974216 -99 1.14128293279998 -99 -99 -99 -99 -99 -99
-99 -99 -99 -99 -99 -99 -99 -99 -99 -99
-99 -99 -99 -99 -99 -99 -99 -99 -99 -99
-99 -99 -1.3314018251966 -99 -99 -99 -99 -99 -99 -99
-99 -99 -99 -99 -99 -99 0.576718007239116 -99 -99 -99
-99 -99 -99 -99 2.95329013862775 -99 -99 -99 -99 2.82422743397464
-99 -99 -99 -99 -99 -99 -99 -99 -99 -99
-99 -99 -99 -99 -99 -99 -99 -99 -99 -1.66558284231433
-99 -99 -99 -99 -99 -99 -99 -99 -99 -99
-99 -99 -99 -99 -99 -99 -99 -99 -99 -99
-99 -99 -99 -99 1.27274316817533 -99 -99 -99 -99 1.24965721801275
-99 -99 2.26674655103918 -99 -99 -99 -99 -99 2.60445427367878 1.962297528067
-99 -99 -99 -99 -99 -99 -99 -99 -99 -99
-99 -99 -99 -99 -99 -99 1.30454301768257 -99 -0.105047642751688 -1.00906737951254
-0.0238174393100179 -99 -99 -99 -99 -99 -99 -99 -99 -99
-99 -99 -99 -99 -99 -99 -99 -99 -99 -99
1.50857353958965 -99 0.632580313272139 -99 -99 -99 -99 -99 -99 -99
-99 -99 -99 -99 -99 -99 -99 2.95350268115589 -99 -99
-99 -99 -99 -99 -0.356769955277303 -99 -0.596958301769168 -99 -99 -99
-99 -99 -99 -99 -99 -99 -99 -99 -99 -99
-99 -99 -99 -99 -99 -99 -99 -99 -99 -99
-99 -99 -99 -99 -99 -99 -99 -99 -99 -99
-99 -99 -99 -99 -99 -99 -99 -99 -99 -99
-99 -99 1.57086343873824 -99 -99 -99 2.62288158628846 -99 -99 -99
-99 -99 -99 0.293186378161468 -99 -99 -99 1.48798227377401 -99 -99
-99 -99 -99 -99 -99 -99 -99 -99 -99 -99
-99 1.23933918785655 -99 -99 -99 -99 0.844625895752522 -99 -99 -99
-99 -99 -99 -99 -99 -99 -99 -99 -99 -99
2.59538012821438 -99 -99 -99 -99 -99 -99 -99 -99 -99
-99 -99 -99 -99 -99 -99 -99 -99 -99 -99
-99 -99 -99 2.54408660658715 -99 -99 1.1377037910856 -99 1.53734449886464 -99
-99 -99 -99 -99 -99 -99 -99 -99 -99 -99
-99 -99 -99 -99 -99 -99 -99 -99 -99 -99
-99 -99 -99 -99 -99 -99 -99 -99 -99 -99
-99 -99 -99 -99 -99 -99 -99 -99 -99 -99
1.69756984395949 -99 -99 -99 -99 -99 -99 -99 -99 -99
-99 -99 -99 -99 -99 -99 -99 -99 -99 -99
-99 -99 -99 -99 1.60886244253028 2.62702270595345 -99 -99 -99 -99
-99 -99 -99 -99 -99 -99 -99 -99 -99 -99
-99 -99 -99 -99 -99 -99 -99 -99 -99 1.77999380128521
-99 -99 -99 -99 0.82344141524728 -99 -99 -99 -99 -99
-99 -99 -99 -99 3.24205838383334 -99 -99 -99 -99 -99
-99 -99 -99 -99 -99 -0.273304521932292 -99 -99 -99 -99
-99 -99 -99 -99 -99 -99 -99 -99 -99 -99
-99 -99 -99 -99 -99 -99 1.80556644742272 -99 -99 -99
-99 -99 -99 -99 -99 -99 -99 -99 -99 -99
-99 -99 -99 -99 -99 -99 -99 -99 -99 -99
-99 -99 -99 -99 -99 -99 -99 -99 -99 -99
-99 -99 -99 -99 -99 -99 -99 -99 -99 -99
-99 -99 -99 -2.14681318961612 -99 -99 -99 -99 -99 -99
-99 -99 -99 -99 -99 -99 -99 -99 -99 -99
-99 -99 2.35377030142004 -99 -99 -99 -99 -99 -99 -99
-99 -99 -99 -99 -99 -99 -99 -99 -99 2.74015280433605
-99 -99 -99 -99 -99 0.220274807371478 -99 -99 -99 -99
-99 -99 -99 0.879930369404886 -99 -99 -99 -99 -99 -99
-99 -99 -99 -99 -0.238542062856769 -99 -99 -99 -99 -99
-99 -0.468893917404914 -99 -99 -99 -99 -99 -99 -99 -99
-99 -99 2.52593781931463 -99 -99 -99 -99 -99 -99 -99
-99 -99 -99 -99 -99 -99 -99 -99 -99 -99
2.57662002129428 -99 -99 -99 1.72036783946853 -99 -99 -99 -99 -99
-0.62337591677775 -99 -99 -99 -99 -99 -0.470817848589516 -99 -99 -99
-99 3.39365855510637 -99 -99 0.508129681270025 -99 -99 -99 -99 -99
-99 -99 -99 -99 -99 -99 -99 -99 -99 -99
-99 -99 1.17365635140597 -99 -99 -99 -99 -99 -99 -99
-99 -99 -99 -99 -99 -99 -99 -99 -99 -99
-99 -99 1.28557795644509 -99 -99 -99 -99 -99 -99 1.68999463944883
-99 -0.256113899632497 -99 -99 -99 -99 -99 -99 -99 -99
-99 -99 -99 -99 -99 -99 -99 -99 -99 -99
-99 -99 -99 -99 -99 -99 -99 -99 -99 -99
-99 -99 -99 -99 -99 -99 -99 -99 -99 -99
-99 -99 -99 -99 -99 -99 -99 -99 -99 -99
-99 -99 -99 -99 -99 -99 -99 -99 -99 -99
-99 0.674168737316971 -99 -99 -99 -0.708666447499956 -99 -99 -99 -99
-99 -99 -99 -99 -99 -99 -99 -99 -99 -99
-99 -99 -99 -99 -99 -99 -99 -99 -99 -99
-99 -1.99939704448908 -99 -99 -99 -99 -99 -99 -99 0.135833123049468
-99 -99 -99 -99 -99 -99 -99 -99 -99 -99
-99 -99 -99 -99 1.42455718153674 -99 -99 -99 -99 -99
-99 -99 -99 -99 -99 -99 -99 -99 -99 -99
-99 -99 -99 -99 0.759228906829137 -99 -99 -99 -99 -99
-99 -99 -99 -99 -99 -99 -99 -99 -99 -99
-99 -99 -99 -99 -99 -99 -99 -99 -99 -99
-99 -99 -99 -99 -99 -99 -99 -99 -99 -99
-99 -99 -99 -99 -99 -99 -99 -99 -99 -99
-99 -99 -99 -99 1.38603433447815 -99 -99 -99 -99 -99
-99 -99 -99 -99 -99 -0.193371211609108 -99 -99 -99 -1.3150188787
-99 -99 -99 -99 -99 -99 -99 -99 -99 -99
-99 -99 -99 -99 -99 -99 -99 -99 -99 -99
-99 0.0978397429011083 -99 -99 -99 -99 -99 -99 -99 -99
-99 -99 -99 -99 -99 -99 -99 -99 -99 -99
-99 -99 -99 -99 -99 -99 -99 -99 1.28170093806141 -99
-99 -99 -99 -99 -99 -99 -99 -99 -99 -99
-99 -99 1.70295571939229 -99 -99 -99 -99 -99 -99 -99
-99 -99 3.37015821193072 -99 -99 -99 -99 -99 -99 -99
-99 -99 -99 -99 1.78512697437818 -99 -99 -99 -99 -99
-99 -99 -99 -99 -99 -99 -99 -99 -99 -99
-99 -99 -99 -99 -99 -99 -99 -99 -99 -99
-99 -99 1.71182400323499 -99 -99 -99 -99 -99 -99 -99
-99 -99 -99 -99 -99 -99 -99 -99 2.61110241640774 -99
-99 -99 -99 -99 -99 -99 1.20884171630311 -99 -99 -99
1.22040079308607 -99 1.08138948829058 -0.521102292083224 -99 -99 -99 -99 -99 -99
-99 -99 -99 -99 -99 -99 -99 -99 -99 -99
0.853842915281309 -99 -99 -99 -99 -99 -99 -99 -99 -0.344662288905498
-99 0.1711211642033 -99 -99 -99 -99 -99 -99 -99 -99
-99 -99 1.11480448475826 0.351535051147447 -99 -99 -99 -99 -99 -99
-99 -99 3.61420366668737 2.89233479237197 -99 -99 -99 -99 -99 -99
-99 -99 -99 -99 -99 -99 -99 -99 -99 -99
-99 -99 -99 -99 2.458239450455 -99 -99 -99 -99 -99
-99 -99 -99 0.11622988073384 -99 -99 -99 -99 -99 -99
-99 -99 -99 -99 -99 -99 -99 -99 -99 -99
2.56986466284065 2.26399816136052 -99 1.32834659950139 4.17844135401912 -99 -99 -99 -99 -99
-99 -99 -99 -99 -99 1.58989209469914 -99 -99 -99 -99
-99 -99 -99 -99 -99 -99 -99 -99 -99 2.59508251748367
-99 -99 -99 -99 -99 -99 0.356885089757383 -99 -99 0.990706172025339
-99 -99 -99 -99 -99 -99 -99 -99 -99 -99
-0.725677342439654 -0.136688415297868 -99 -99 -99 -99 -99 -99 -99 -99
-99 -99 -99 2.6414573910507 1.63613427623851 -99 -99 1.3265299777482 -99 -99
-99 0.0865285230807314 -0.776791182965599 -99 1.10470508447184 -99 -99 -99 -99 -99
-99 -99 -99 -99 -0.41844900849615 -99 -99 -99 -99 -99
-99 -99 -99 -99 -99 -99 -99 -99 -99 -99
-99 -99 -99 -99 -99 -99 -99 -99 -99 -99
-99 -99 -99 -99 -99 2.53266006644912 -99 -99 -99 -99
1.35111166372774 -99 -99 -99 -99 -99 -99 -99 -99 -99
-99 -99 -99 -99 -99 -99 -99 -99 -99 -99
-99 -99 -99 -99 -99 -99 -99 -99 -1.12064114724197 -99
-99 -99 -99 0.827870581893625 -99 -99 -99 -99 -99 -99
-99 -99 -99 -99 -99 -99 -99 -99 -99 -99
-99 -99 -99 -99 -99 -99 -99 -99 -99 -99
-99 -99 -99 -99 -99 -99 -99 -99 -99 -99
-99 -99 -99 -99 -1.3404311439422 -99 -99 0.248640689408264 -99 -99
-99 -99 -99 -99 -99 -99 -99 -99 -99 -99
-99 -99 0.0099284254611155 -99 -99 -99 -99 -99 -99 -99
-99 -99 -99 -1.56299678944175 -99 -99 -99 -99 -99 -99
-2.17523279365392 -99 -99 -99 -99 -99 -99 -99 -99 -99
-99 1.16247573418999 -99 -99 -99 -99 -99 0.744764464316462 -99 -99
-99 -99 -99 -99 -99 -99 -99 -99 -99 -99
-99 -99 -99 -99 -99 -99 -99 2.87823249342631 -99 -99
-99 1.15565443124432 -99 -99 -99 -99 -99 -99 0.388417217311721 0.198268716049827
-99 0.438490838039272 -99 -99 2.32530403990442 -99 -99 -99 -99 -99
-99 -99 -99 -99 -99 0.0999437571487112 -99 -99 -99 -99
-99 -99 -99 -99 -99 -99 -99 -0.747540704700199 -99 -99
-99 -99 -99 3.19584914652095 -99 -99 -99 -99 3.31164197850408 -99
-99 -99 -99 -99 -99 -99 -99 -99 -99 -99
-99 -99 -99 -99 -99 -99 -99 -99 -99 -99
-99 -99 -99 -99 -99 -99 1.4876000910885 -99 -99 -99
-99 -99 -99 -99 -99 -99 -99 -99 -99 -99
-99 -99 -99 -99 -0.252944884763977 -99 -99 -99 -99 -99
-99 -99 -99 -99 -99 -99 -99 -99 -99 -99
-99 -99 -99 -99 -99 -99 -99 -99 -99 -99
-99 -99 -99 -99 -99 3.47769313738015 -99 -99 -99 1.5752158575673
-99 -99 -99 -99 -99 -99 -99 -99 -99 -99
-99 -99 -99 -99 -99 -99 -99 -99 -99 -99
-99 -99 -99 -99 -99 -99 -99 -99 -99 -99
-99 -99 -99 -99 -99 -99 -99 -99 -99 -99
-1.25707010847839 -99 -99 -99 -99 -99 -99 0.396723433362137 -99 -99
-99 -99 1.10368408383915 -99 -99 -99 -99 -99 -99 -99
-99 1.64087597822294 -99 -99 -99 -99 -99 -99 -99 -99
-99 -99 -99 -99 -99 -99 -99 -1.23631230959336 -99 -99
-99 -99 -99 -99 -99 -99 -99 -99 3.07196270953114 3.63465337917308
-99 -99 -99 -99 -99 -99 -99 -99 -99 -99
-99 -99 -99 1.21426062928227 -99 -99 -99 -99 -99 -99
-99 -99 -99 -99 -99 -99 -99 -0.144017481999547 -99 -99
-99 -99 1.33986360799639 -99 -99 -99 -99 -99 -99 -99
-99 -99 -99 -99 -99 0.970694504369224 -99 -99 1.68957431412211 -99
-99 -99 1.03301565002001 -99 -99 -99 1.62990827374041 -99 -99 0.99909148286939
-99 -99 -99 -99 -99 -99 0.293434704387277 -99 -99 -99
-99 -99 -99 -99 -99 1.96268206360852 -99 -99 -99 -99
-99 -99 -99 -99 -99 -99 -99 -99 -99 -99
3.47266469784442 -99 -99 -99 -99 -99 -99 -99 -99 -99
-99 -99 -99 -99 -99 -99 -99 -99 -99 -99
-99 -99 -99 -99 -99 -99 1.5536690487855 -99 -99 -99
-99 -99 0.0628199199249474 -99 -99 -99 -99 -99 -99 -99
-99 -99 -99 -99 -99 -99 -99 -99 -99 -99
1.41423252446039 0.134224996830127 -99 -99 -99 -99 -99 -99 -99 -99
-99 -99 -0.448178287094745 -99 -99 -99 -99 -99 -99 -99
-99 -99 -99 -99 -99 0.606663657980441 -99 -99 -99 -99
-99 -99 -99 -99 -99 -99 -99 -99 -99 -99
-99 -99 -99 -99 -99 -99 -99 -99 -99 -99
-99 -99 -99 -99 -99 -99 -99 -99 -99 -99
1.09052927780268 -99 0.215542755850342 -99 -99 -99 -99 -99 -0.971223627922838 -99
0.952814424876971 -99 1.94763587768711 -99 -99 -99 -99 -99 2.03716657184289 0.990664324695365
-99 -99 -0.0257541082190151 -99 -99 -99 -99 -99 -99 -99
-99 1.09023208177228 -99 -99 -99 -99 -1.57244755158358 -99 -99 -99
-99 -99 -99 -99 -99 -99 -99 -99 -99 -99
0.188051679289911 -99 -99 -99 2.232943602385 -99 -99 -99 -99 -99
-99 -99 -99 -99 -99 -99 -99 -99 -99 -99
-99 -99 -99 -99 0.303362032038112 -0.74013304578171 -99 -99 -99 -99
2.03943627919652 -99 -99 -99 -99 -99 -99 -99 -99 -99
-99 -99 -99 -99 -99 -99 0.577950867439993 -99 -99 -99
1.62552447934872 -99 -99 -99 -99 2.16916506266358 1.93482394215421 -99 -99 -99
-99 -99 -99 -99 -99 -99 -99 -99 1.27592824130151 -99
-99 -99 -99 -99 -99 -99 -99 -99 -99 -99
0.53105263465059 -99 0.362380476226387 -99 -99 -99 -99 -99 -99 -99
-99 -99 1.67621052108655 -99 -99 -1.63792726187139 -99 -99 -99 -99
-99 -99 -99 -99 -99 -99 1.75285977745542 -99 -99 -99
-99 -99 -99 -99 -99 -99 -99 -99 -99 -99
-99 -99 -99 -99 -99 -99 -99 -99 -99 -99
-99 -99 -99 -99 -99 -99 -99 -99 -99 -99
-99 -99 -99 -99 -99 -99 -99 -99 -99 -99
-99 -99 -99 -99 -99 -99 -99 -99 -99 -99
-99 -99 -99 0.984935598455616 -99 -99 -99 -99 -99 -99
-99 -99 -99 -99 0.78241523723424 -99 -99 -99 -99 -99
-99 -99 -99 -99 -99 -99 -99 -99 -99 -99
-99 -99 -99 -99 -99 -99 -99 0.0213016910879348 -99 -99
-99 0.432992240947688 -99 -99 -99 -99 -99 -99 -99 -99
-99 -99 -99 -99 -99 -99 -99 -99 -99 -99
-99 -99 -99 -99 -99 -99 -99 -99 -99 -99
-99 -99 -99 -99 -99 -99 -99 -99 -99 -99
-99 1.60438449571979 3.02279086005634 -99 -99 -99 -99 -99 -99 1.99522801941452
-99 -99 1.90272361137451 1.39711670189369 -99 -99 -99 -99 -99 -99
-99 -99 -99 -99 -99 -99 -99 -99 -99 -99
-99 -99 -99 -99 -99 -99 -99 -99 -99 -99
-99 -99 -99 -99 2.72319502903044 -99 -99 -99 -99 -99
-99 -99 -99 -99 -99 -99 -99 -99 -99 -99
-99 -99 0.357606429237331 1.35875608077514 -99 -99 -99 -99 -99 -99
-99 -99 -99 -99 -99 -0.0291351463407272 -3.40864718082773 -99 -99 -99
-99 -99 -99 -99 -99 -99 -99 -99 -99 -99
-99 -99 -99 -99 -99 -99 0.507876428955442 -99 -99 -99
-99 -99 -99 -99 -99 -99 -99 -99 -99 -99
-99 -99 -99 -99 -99 -99 -99 -99 -99 2.16358246310936
-99 -99 -99 -99 -99 -0.360846863325518 -99 -99 -99 -99
-99 -99 -99 -99 -99 -99 -99 -99 -99 -99
-99 -99 -99 -99 -99 -99 -99 -99 -99 -99
-99 -99 1.33991589218526 -99 -99 -99 -99 -99 -99 0.989961874289752
-99 -99 -99 -99 -99 -99 -99 -99 -99 -99
2.08762425499662 -99 2.42150011817195 -99 -99 -99 -99 -99 2.4452641337664 -99
-0.547177888355242 -99 -99 -1.33390973005373 -99 -99 -99 -99 -99 -99
0.486141978371672 -99 -99 -99 -99 0.634505000404112 -99 -99 -99 -99
-99 -99 2.33260958111756 -99 -99 -99 -99 -99 -99 -99
-99 -99 -99 -99 -99 -99 -99 -99 -99 -99
-99 -99 -99 -99 -99 -99 2.24550231652511 2.23058683486468 -99 -99
-99 -99 -99 -99 -99 -99 -99 -99 -99 -99
-99 -99 -99 -99 -99 -99 -99 -99 -99 -99
-99 -99 -99 -99 -99 -99 -99 -99 -99 -99
-99 -99 -99 -99 -99 -99 -99 0.680554158165241 -99 -99
-99 -99 -99 -99 -99 -99 -99 0.0825035141976851 -99 -99
-99 -99 -99 -99 -99 -99 -99 -99 -99 -99
-99 -99 -99 -99 1.36271017400238 -99 -99 -99 -99 -99
-99 -99 -99 -99 -99 -99 -99 -99 -99 -99
-99 -99 -99 -99 -99 -99 -99 -99 -2.4609826848737 -99
-99 -99 -99 0.300967701904833 -99 -99 -99 -99 0.773254177781341 -99
-99 -99 -99 0.751082448626954 -99 -99 -99 -99 -99 -99
-99 -99 -99 -0.544934399641146 -99 -99 -99 -99 -99 -99
-99 -99 -99 -99 -1.54109647255951 -99 -99 -99 -99 -99
-99 -0.0191366852128994 -99 -99 -99 -99 -99 -99 -99 -99
-99 -99 -99 -99 -99 -99 -99 -99 0.490325394306178 -99
-99 -99 -99 -99 -99 -99 -99 -99 -99 -99
-99 -99 -99 -99 -99 -99 2.50325952878656 -99 -99 3.06506668360022
-99 -99 -99 -99 1.00902031656878 -99 -99 0.130876819374624 -99 -99
-99 -99 -99 -99 -99 -99 -99 -99 -99 -99
0.299918625539186 -2.24476189520511 -99 -99 -99 -99 -99 -99 -99 -99
-99 -99 -99 -99 -99 -99 -99 -99 -99 -99
-99 -99 -99 -99 -99 -99 -99 -99 -99 -99
-99 -99 -99 -99 -99 -99 -99 -99 -99 -99
-99 -99 -99 -99 -99 -99 -99 -99 -99 -99
-99 -99 -99 -99 -99 -99 -99 -99 -99 -99
-99 -99 -99 -99 -99 -99 -99 -99 -99 -99
-99 -99 -99 3.82394540741826 -99 -99 -0.0618924774636112 -99 -99 -99
-99 -99 -99 -99 -99 -99 -99 -99 -99 -99
-99 -99 -99 -99 1.47623271545672 -99 -99 -99 -99 -99
-99 -99 -99 -99 -99 -0.118533785980947 -99 -99 -99 -99
-99 -99 -99 -99 -99 -99 -99 -99 -99 -99
0.777457225659563 -99 -99 -99 -99 -99 1.99815731910951 -99 3.56260639709341 -99
-99 -99 -99 -99 -99 4.21684935934298 3.54858042156759 -99 -99 -99
-99 1.07810279566308 -99 1.6460342505888 -99 -99 -99 0.300519935269581 2.24098701244803 -99
-99 -99 -99 -99 -99 -99 4.83974086670686 -99 -99 -99
2.191514121784 -99 -99 -99 -99 -99 -99 -99 -99 -99
-99 -99 -99 -99 -99 -99 -99 -99 -99 -99
-1.68581789837038 -99 -99 -99 -99 -99 -99 -99 -99 -99
-99 -99 -99 -99 -99 -99 -99 -99 -99 -99
-99 -99 -99 -99 -99 -99 1.39262547405467 -99 -99 -99
-99 -99 -99 -99 -99 -99 -99 -99 -99 -99
-99 2.37858628426796 0.35984746771032 -99 -99 -99 -99 -99 -99 -99
-99 -99 -99 -99 -99 -99 -99 -99 -99 -99
-99 -99 0.447474770159457 -99 -99 -99 -0.151857056670199 -99 -99 -99
-99 -99 -99 -99 -99 -99 -99 -99 -99 -99
-99 -99 -99 -99 -99 -99 -99 -99 -99 -99
-1.49993929004768 -99 -99 -99 -99 -99 -0.894547796901246 -99 -99 -99
-99 -99 -99 -99 -99 -99 -99 -99 -99 -99
-99 -99 -99 -99 -99 -99 -99 -99 -99 -99
-99 -99 -99 -99 -99 -99 -99 -99 1.50395950515612 -99
-99 -99 -99 -99 -99 -99 -99 -99 -99 -99
-99 -99 -99 -99 -99 -99 -99 -99 -99 -99
-99 -99 -99 -99 -99 -99 -99 -99 -99 -99
-99 -99 -99 -99 -99 -99 -99 -99 -99 -99
-99 -99 -99 -99 1.42551120066137 -99 -99 -99 -99 -99
-99 -99 -99 -99 -99 -99 -99 -99 -99 -99
-99 -99 -99 0.44464463653421 -99 -99 -99 -99 -99 -99
-99 -99 -99 -99 -99 -99 -99 -99 -99 -99
-99 1.74319225984917 -99 -99 -99 2.73728268222606 -99 -99 -99 -99
-99 -99 -99 -99 -99 -99 -99 -99 -99 -99
-99 -99 -99 -99 -99 -99 -99 -99 -99 -99
-99 -99 -99 -99 -99 -99 -99 -99 -99 -99
-99 -99 -99 -99 -99 -99 1.15618156570297 -99 -99 -99
-99 -99 2.14143480921609 -99 -99 -99 1.04891955004565 -99 -99 -99
-99 2.4569866370829 -99 -99 -99 -99 -99 0.85897853231396 -99 -99
-99 -99 -0.972542466724957 -99 -99 -99 -99 -99 -99 -99
-99 -99 -99 -99 -99 -99 -99 -99 -99 -99
-1.45497750883994 -99 -99 -99 -99 -99 -99 -99 -99 -99
-99 -99 -99 -99 -99 0.435156612819109 -99 -99 -99 -99
-99 -99 -99 -99 -99 -99 -99 -99 -99 -99
-99 -99 -99 -99 2.63950978303321 -99 -99 -99 -99 -99
-99 -99 -99 -99 1.47827078737104 -99 1.13693189164558 -99 -99 -99
-99 -99 -99 -99 -99 -99 -99 -99 -99 -99
-99 -99 -99 -99 -99 -99 -99 -99 -99 0.8269467977792
-99 -99 -99 -99 -99 -99 -99 -99 -99 -99
-99 -99 -99 -99 -99 -99 -99 -99 -99 -99
1.10045234946118 -99 -99 -99 -99 1.11943322630941 -99 -99 -99 -0.500733811202077
2.96411688647238 -99 -99 2.64565854599301 -99 -99 -99 -99 -99 -99
-99 -99 -99 -99 -99 -99 -99 -99 -99 -99
-99 -99 -99 -99 -99 -99 2.1751979255251 -99 -99 -99
-99 -99 -99 -99 -99 -99 -99 -99 0.251321196455245 -99
-99 -99 -99 -99 -99 -99 -99 -99 -99 -99
-99 -99 -99 -99 -1.12547304561484 -99 -0.20736490887784 -99 2.21656029575346 0.778852821708311
-99 -99 -99 -99 -99 -99 -99 -99 -99 -99
-99 1.95370664914995 1.8644613264854 -99 -99 -99 -99 -99 -99 2.67681518900725
2.55544646783038 -99 -99 -99 -99 -99 -99 -99 -99 -99
1.02086332813789 -99 -99 -99 -99 -99 -99 -99 -99 -99
-99 -99 -99 -99 -99 -99 -99 -99 -99 -99
-99 -99 -99 -99 -99 -99 -99 -99 -99 -0.188765206286036
0.21930353645485 -99 -99 -99 0.0306517900900259 -99 0.699273832190565 -99 -99 -99
-99 -99 -99 -99 -99 -99 -99 -99 -99 -99
-99 -99 -99 -99 -99 -0.670347165948054 -99 -99 -99 -99
-99 -99 -99 -99 -99 -99 -99 -99 -99 -99
-99 -99 -99 -99 -99 -99 -99 -99 -99 -99
-99 -99 -99 -99 -99 -99 -99 -99 -99 -99
-0.886561813124095 -99 -99 -99 -99 -99 -99 -0.482587925758777 -99 -99
-99 -99 -99 -99 -99 2.97547578333109 3.11365767643802 1.73787401834852 -99 -99
-99 1.32554930553834 -99 -99 -99 -99 -99 -99 -99 -99
-99 -99 -99 -99 -99 -99 -99 -99 -99 -99
-99 -99 -99 -99 -99 -99 -99 -99 -99 -99
-99 -99 -99 -99 -99 -0.279038893500793 -99 -99 -99 -99
-99 2.21449965803583 -99 -99 -99 -99 -99 -99 -99 -99
-99 -99 -99 -99 -99 -99 -99 -99 -99 -99
-99 -99 -99 -99 2.98907524667884 -99 -99 -99 -99 -99
-99 -99 -99 -99 -99 -99 -99 -99 -99 -99
-99 -99 -99 -99 -99 -99 -99 -99 -99 -99
-99 -99 -99 -99 -99 1.07971766969503 -99 -99 -99 -99
-99 -99 -99 -99 -99 -99 -99 -99 -99 -99
-99 -99 -99 1.66700549375204 -99 -99 -99 -99 -99 -99
-99 -99 -99 -99 -99 -99 -99 -99 2.00339104030422 -99
-99 -99 1.95393524617502 -99 -99 -99 -99 -99 -99 -99
-99 -99 -99 -99 -99 -99 -99 -99 -99 -99
-99 -99 -99 -99 0.593880844679295 -99 -99 -99 -99 1.32205585168549
-99 -99 -99 -99 -99 -99 -99 1.47906607670739 -99 -99
-99 -99 -99 1.24891465501957 -99 -99 -99 1.71566541089578 -99 -99
-99 -99 -99 -99 -99 -99 -99 -99 0.924163676707893 -99
2.06916934325379 -99 -99 1.59215814353876 -99 -99 -99 -99 -99 -99
0.488404663392087 -99 -99 -99 -99 -99 -99 -99 1.08286203492405 -99
-99 0.159404668586302 -99 1.9151578858306 -99 -99 -99 -99 -99 -99
-99 0.323579770990883 -2.51173846783016 -99 -99 -99 -99 -99 -99 -99
-99 -99 -99 -99 -99 -99 -99 -99 -99 -99
-0.0842830967825903 -99 -99 -99 -99 -99 -99 -99 -99 -99
-99 -99 -99 -99 -99 1.40569211780634 -99 -99 -99 -99
1.08188404831179 -99 -99 -99 -99 -99 -99 2.7946647859143 -99 -99
-99 -99 -99 1.84308808135126 -99 3.67115339438552 -99 -99 -99 1.29247331896799
-99 -99 -99 -99 -99 -99 -99 -99 -99 -99
-3.04905864686586 -2.64659983758278 -99 -99 -99 -99 -99 -99 -99 -99
-99 -99 2.78611458196341 -99 -99 -99 -99 -99 -99 -99
3.9800498823884 -99 -99 5.00338841702843 -99 -99 -99 -99 -99 -99
-99 -99 -99 -99 -99 -99 -99 -99 -99 -99
-99 -99 -99 -99 0.83211757655396 -99 -99 -99 -99 -99
1.11235759594793 -99 -99 -99 -99 -99 -99 -99 -99 -99
-99 -99 -99 -99 -99 -99 3.54676456877525 -0.573649929152633 -99 -99
-99 -99 -99 0.661771012187358 -99 0.441902698106573 0.816902333451365 0.440634585464126 -0.588760293125178 -99
-99 -99 -99 -99 -99 -99 -99 -99 -99 -99
-99 -99 -99 -99 -99 -99 -99 -99 -99 -99
-99 -99 -99 -99 -99 -99 -99 -99 -99 -99
-99 -99 -99 -99 -99 -99 -99 1.8780417105008 -99 -99
-99 -99 -99 -99 -99 -99 -99 -0.565511666309278 -99 -99
1.19233393106371 -99 -99 -1.03540339775462 -99 -99 -99 -99 -99 -99
-99 -99 -99 -99 -99 -99 -99 -99 -99 0.166335386102787
-99 -99 -99 -99 -99 -99 -99 -99 -99 -99
-99 -99 -99 -99 -99 -99 3.68124833461047 -99 -99 -99
1.859959090479 -99 -99 -99 -99 -99 -99 -99 -99 0.671200150563035
0.243723188650071 -99 -99 -99 0.866583621820046 -99 -99 -99 -99 -99
-99 -99 -99 -99 -99 -99 -99 -99 -99 1.15618112802531
-99 -99 -99 -99 -99 -99 -99 -99 -99 -99
-99 -99 -99 -99 -99 0.869004280055172 -99 0.247683579126002 -99 -99
-0.278647758369973 2.25010172048509 1.57836179217292 -99 -99 -0.51751175829048 1.05399184578597 -99 -99 -0.306177993500072
-99 -99 -99 -99 -99 -99 -99 -99 1.76371145414118 -99
-99 -99 -99 -99 -99 -99 -99 -99 -99 0.700285947384631
-99 -99 -99 -99 -99 2.10640686441474 -99 -99 -99 -99
-99 -99 -99 -99 -99 -99 -99 -99 -99 1.22465099173744
-99 2.43977916864649 -99 -99 -99 -99 -99 -99 -99 -99
-99 -99 -99 -99 -99 -99 -99 -99 -99 -99
-99 -99 -99 -99 -99 -99 -99 -99 -99 -99
-99 -99 -99 -0.606703599355269 -99 -99 -99 2.17699357057925 -99 -99
-99 -99 -99 -99 -99 0.246253145493661 1.64598143664499 -99 -99 -99
-99 -99 -99 -99 -99 -99 -99 -99 2.01344501152173 -99
-99 -0.496468540233861 2.83974742460008 -99 -99 -99 -99 -99 -99 -99
-99 -99 -99 0.320035975155505 -99 -99 -99 -99 -99 -99
-99 -99 -99 -99 -99 -99 -99 -99 -99 -99
-99 -99 -99 -99 -99 -99 -99 -99 -99 -99
1.43367675452029 -99 -99 -99 -99 -99 -99 -99 -99 -99
-99 -99 -99 -99 1.2499398535198 2.45651144509182 -99 -99 -99 2.26968393717907
-99 -99 -99 -99 -99 -99 -99 -99 -99 -99
-99 -99 -99 -99 1.34799823926096 -99 -99 -99 -99 -99
-1.15369282603841 -99 -99 -99 -99 0.761276224551987 -99 -99 -0.385332456718052 -99
-99 -99 0.970210320044919 -99 -99 -99 -99 -99 -99 -99
-99 -99 -99 -99 -99 -99 -99 -99 -99 -99
-99 -99 -99 -99 -99 -99 -0.359705529395402 -99 -99 -99
-99 -99 -99 -99 -99 -99 -99 -99 -99 -99
-99 -99 -99 -99 -99 -99 1.67815222376077 -99 -99 -99
-99 -99 -99 3.41875891582215 -99 2.43251509679806 -99 -99 -99 -99
-99 -99 -99 0.400887067581229 -99 -99 -99 -99 -99 -99
1.91071049279224 -99 -99 -99 -99 -99 -99 -99 -99 -99
-99 -99 -99 -99 -99 -99 -99 0.556213156309808 -99 -99
-99 -99 -99 -99 -99 -99 -99 -99 -99 -99
-99 -99 1.1670818547538 -99 -99 -99 -99 -99 -99 -99
-99 -99 -99 -99 -99 -99 -99 -99 -99 -99
-99 -99 -99 0.0916064970521513 -99 -99 -99 -99 -99 0.97428074265861
0.372505340951878 -99 -99 -99 2.69308826996658 -99 -99 -99 -99 -99
-99 -0.49686420424927 -99 -99 -99 -99 -1.71655592909361 -0.985634046762629 -99 -99
-99 -99 -99 -99 -99 -99 2.72764203651936 -99 -99 -99
-99 -99 -99 -99 -99 -99 -99 -99 -99 -99
-99 -99 -99 -99 -99 -0.403296923944492 -99 -99 -99 -0.531724584807185
-99 -99 -99 -99 -99 -0.120918337768071 -99 -99 -99 -99
3.52398695743036 4.12166091549702 -99 -99 -99 -99 5.9129649300909 -99 -99 -99
-99 -99 -99 -99 -99 -99 -0.0704719173919885 -99 -99 -99
-99 -99 -99 -99 -99 -99 -99 -99 1.69912305013321 -99
-99 -99 -99 -99 -99 -99 -99 -99 -99 -99
-99 -99 -99 -99 -99 -99 -99 -99 -0.124507263151614 1.35933502435784
-99 -99 -99 -99 -99 -99 -99 -99 -99 -99
-99 -99 0.770472824259957 -99 -99 -99 -99 -99 -99 -99
-99 -99 -99 -99 -99 -99 -99 -99 -99 -99
0.520856399088805 -99 -99 -99 -99 -99 -99 2.52600787894794 -99 -99
-99 -99 -99 2.36881038345384 -99 -99 -99 -99 -99 -99
-99 -99 2.30456757392977 -99 -99 -99 -99 -99 -99 -99
-99 -99 -99 -99 -0.0163974461323564 -99 -99 -99 -99 -99
-99 -99 -99 3.58807654639597 -99 -99 -99 -99 -99 -99
-99 -99 -99 -99 -99 0.649413832043207 -99 -99 -99 -99
-99 -99 -99 -99 -99 -99 1.22358480793406 -99 -99 -99
-99 -99 -99 1.60335376390984 -99 -99 0.199273858098669 -99 -99 -99
-99 -99 -99 -99 -99 -99 -99 0.725635910112603 -99 -99
-99 -99 -99 -99 -99 -99 -99 -99 -99 -99
-99 -99 -99 -99 -1.62331445635969 -99 -99 -99 -99 0.171478325782026
-99 -99 -99 -99 2.72291219517054 0.55581629337573 0.330655650023171 -99 -99 1.42285586340085
-99 -99 -99 -99 -99 -99 -99 1.41983388096019 -99 -99
-99 -99 1.45247758322131 -99 -99 -99 -99 -99 -99 -99
-99 1.45433111300208 -99 -99 -99 2.14048023169511 -99 -99 -99 -99
1.39997408089598 -99 -99 -99 -99 -99 -99 1.13935769235319 1.09372941313819 -99
-99 -99 -99 -99 -99 -99 -99 -99 -99 -99
-99 -99 -99 -99 -99 -99 -99 -99 -99 -99
-0.118382420877458 -99 -99 2.36105928921711 -99 -99 2.02476386645477 -99 -99 -99
-99 -99 -99 -99 -99 -99 -1.87919879668067 -0.233103883723083 -99 -99
-0.429812311480136 -99 -99 -99 2.30767837501293 -99 -99 -99 -99 -99
-99 -99 -99 -99 -99 -99 -99 -99 -99 -99
-99 -99 -99 -99 -99 0.0601045376207088 -99 -99 -99 -99
-99 -99 -99 -99 -99 -99 -99 -99 -99 -99
-99 -99 -99 -99 -99 -99 0.433829497058663 1.93641375941049 -99 -99
-99 -99 -99 -99 -99 -99 -99 -99 -99 -99
-0.261132745019325 -99 -99 -99 -99 -99 -99 -99 -99 -99
-99 -99 -99 -99 -99 0.0699499442810989 -99 -99 -99 -99
-99 -99 -0.62129916996808 -99 -99 -99 -99 -99 -99 -99
-99 -99 -99 -99 -99 -99 -99 -99 -99 -99
-99 -99 -99 -99 -99 -99 -99 -99 -99 -99
-99 -99 -99 -99 -99 -99 -99 -99 -99 -99
-99 -99 -99 -99 0.381261599335504 -99 -99 0.519944301433877 -99 -99
-99 2.54577314053017 -99 -99 -99 -99 -99 -99 -99 -99
-99 -99 -99 -99 -99 -99 -99 -99 -99 -99
-99 -99 -99 -99 -99 -99 -99 -99 -99 -99
-99 -99 -99 -99 -99 -99 -99 -99 -99 -99
-99 -99 -99 -99 -99 -99 -99 1.1593990125849 -99 -99
-99 -99 -99 -99 -99 -99 -99 -99 -99 -0.841855900427189
-99 -99 -99 -99 -99 -99 -99 -99 -99 -99
-99 -99 -99 -99 -99 -99 -99 -99 -99 -99
-99 -99 -99 -99 -99 1.18214276852385 -99 -99 -99 -99
-99 -99 -99 -99 -99 -99 -99 1.18695263625388 0.666671848957658 -99
-99 -99 -99 -99 -99 -99 -1.74586780040842 -99 -99 -99
-99 -99 0.200478232775004 -99 -99 -99 -99 -99 -99 -99
-99 -99 -99 -99 -99 -99 0.0874525872361617 -99 -99 -99
-99 -99 -99 -99 -1.907344833811 -99 -99 -99 -99 -99
-99 -99 -99 -99 -99 -99 -99 -99 -99 1.17281303149114
-99 -99 -99 -99 -99 -99 -99 -99 -99 -99
-99 0.200766111206937 -99 -99 -99 2.1312721952654 -99 -99 -99 -99
-99 -99 -99 -99 -99 -99 -99 -99 -99 -99
-99 -99 1.30870746623059 -99 -99 2.34039594860202 -0.0606662490467686 -99 1.473959753672 -99
-99 -99 -99 -99 -99 1.93612597146469 -99 -99 -99 -99
-99 -99 -99 -99 -99 -99 -99 -99 -99 -99
-99 0.439513989009542 -99 -99 -99 -99 -99 -99 -99 -99
-99 -99 -1.0486585987516 -99 -99 -99 -99 -99 -99 0.268744220445445
-99 -99 -99 -99 -99 -99 -99 -99 -99 -99
-99 -99 -99 -99 0.526522579980318 -99 -99 -0.133422068684173 -99 -99
-99 -1.99803456692872 -1.29419157598937 -99 -99 -99 -99 -99 -99 -99
0.888979476556563 0.81437169945503 -99 -99 -99 -99 -99 -99 -99 -99
-99 -99 -0.534441677289555 -99 -99 -99 -99 -99 -99 -99
-99 -99 -0.543914821133578 -99 -99 -99 -99 -99 -99 -99
-99 -99 -99 -99 -99 -99 -99 -99 -99 -99
-99 -99 -99 -99 -2.76435862587233 -99 -99 -99 -99 -99
-99 -99 -99 -99 -99 -99 -99 -99 -99 -99
0.408070586786801 -99 -99 -99 0.0217669735269055 -99 -99 -99 -99 -99
-99 -99 -99 -99 -99 -99 -99 -99 -99 -99
-99 -99 -99 -99 -99 -99 -99 -99 -99 -99
-99 -99 -99 2.18538988190785 2.64365535606258 1.11400894503909 -99 2.97634158074655 -99 -99
-99 -99 -99 -99 -99 -99 -99 -99 -99 -99
2.11227716979279 -99 -99 1.79224753439938 -99 -99 -99 -99 -99 -99
-99 -99 -99 -99 -99 -99 -99 -99 -99 -99
-99 -99 -99 -99 0.823587045527051 -99 -99 -99 -99 -99
-99 -99 -99 -99 -99 -99 1.34020462377602 -99 -99 4.23270951883454
-99 -99 -0.47260687108005 0.374834507315575 -99 -99 -99 -99 -1.42466783816718 -99
-99 -99 -99 -99 0.745837827239228 -99 -99 -99 -99 -99
-99 -99 -99 -99 -0.899663735678411 -99 0.131116264188348 -99 -99 -99
-99 -99 -99 -99 -99 -99 -99 -99 -99 -99
-99 -99 0.798236620727897 -99 -99 -99 -99 -99 -99 -99
-99 -99 -99 -99 -99 -99 -99 -99 -99 -99
-99 -99 -99 -99 -99 -99 -99 -99 -99 -99
-99 -99 -99 -99 -99 -99 -99 -99 -99 -1.39332937446794
-99 -99 -99 -99 -99 -99 -99 -99 -99 -99
3.10685657276918 -99 -99 -99 -99 -99 -99 -99 -99 -99
-99 -99 -99 -99 -99 -99 -99 -99 -99 -99
-99 -99 -99 1.15269034239927 -99 -99 -99 -99 -99 0.0827081463770338
0.63471161914907 -99 -99 -99 -99 2.84477676528096 -99 4.06360528518954 -99 -99
-99 -99 -99 -99 -99 -99 -99 0.59044663266984 -99 3.15654151622302
-99 -99 -99 1.48183733955478 -99 -99 -99 -99 1.39069683112752 -99
-99 -99 -99 -99 -99 -99 -99 1.36000992793785 -99 -99
-99 -99 -99 -99 -99 -99 -99 -99 -99 -99
-99 -99 -99 -99 -99 -99 -99 -99 -99 -99
-99 -99 -99 -99 -99 -99 -99 -99 -99 -99
-99 -99 -99 -99 -99 -99 -99 -99 -99 -99
-99 -99 -99 -99 -99 -99 -99 -0.361253392754642 -99 -99
-99 -99 -99 -99 -99 -99 -99 -99 -99 -99
-99 -99 -99 -99 -99 -99 -99 -99 -99 -99
4.2610333385389 -99 -99 -99 -99 -99 -99 -99 -99 -99
-99 -99 -99 -99 -99 -99 -99 -99 -99 -99
-99 -99 -99 -99 -99 -99 -99 -99 -99 -99
-99 -99 -99 -99 -99 -99 0.361447228211949 -99 0.478770323829382 -0.291974814400215
-99 -99 1.82070304138182 -99 -99 -99 -99 -99 -99 -99
-99 3.63579870393496 -99 -99 -99 -99 0.522653621588431 -99 -99 -99
-99 -99 0.590232810487109 -99 -99 -99 -99 -99 -99 1.21550752413494
-99 -99 -99 0.805341370082938 -99 -99 -99 -99 -99 -99
-99 -99 -99 1.83372160556877 -99 -99 -99 -99 -99 -99
-99 -99 -99 0.0883073986437332 -99 -99 -99 -99 -99 -99
0.148924584661884 -99 -99 -99 -99 -99 -99 -99 -99 -99
-99 -99 0.893336571415935 -99 -99 -99 -99 -99 -99 -99
-99 -99 -99 -99 -99 -99 -99 -99 -99 -99
-99 -99 -99 -99 -99 -99 -99 -99 -99 -99
1.55096733023809 -99 0.387177254858261 -99 -99 -99 -99 -99 -99 -99
-99 -99 -99 -99 -99 -99 -99 -99 -99 -99
-99 -99 -99 -99 -99 -99 -99 -99 -99 -99
-99 -99 -99 -99 -0.0624849047374521 -99 -99 -99 -99 -99
-99 -99 -99 -99 -99 -99 -99 -99 -99 -99
-99 -99 -99 -99 -99 -99 -99 -99 -99 -0.0913678794131707
-99 -99 -99 -99 -99 -99 2.15326598277697 -99 -99 -99
-99 -99 -99 -99 -99 -99 -99 -99 -99 -99
-99 -99 -99 -0.891983465666294 -99 -99 -99 -99 -99 -99
-99 1.02680054275928 -99 -99 -99 -99 -99 -99 -99 -99
-99 -99 -0.686169210595304 -99 -99 -99 -99 -99 -99 -99
-99 -99 -99 -99 -99 -99 -1.27500015672103 -99 -99 -99
-99 -99 -99 -99 -99 -99 -99 -99 -99 -99
0.942595851877506 -99 1.77512913442114 -99 -99 -99 -99 -99 0.556517217775334 -99
-99 -99 -99 -99 -1.44888570162432 -99 -1.17167611729793 -99 -1.31597215196487 -99
-99 -99 -99 -99 -99 -99 -99 -99 -2.04281745130564 -99
-99 -99 -99 -99 -99 -99 -99 -99 -99 -99
-99 1.73599062984722 0.727657435359891 -99 -99 -99 -99 -99 -99 -99
-99 -99 -99 -99 -99 -99 -99 -1.24390280306812 -99 -99
-99 -99 -99 1.85290554659106 -99 -99 -99 -99 -99 -99
-99 2.46185734386845 -99 -99 1.23994988832217 -0.162513420682155 -99 -99 -99 -99
-99 -99 -1.01798699711519 -99 -99 -99 -99 -0.115334292175024 -99 -0.21997350240447
-99 -99 -99 -99 -99 -99 -99 -99 -99 -99
-99 -99 -99 -99 -0.446335524587424 -99 -99 -99 -99 1.80475732088987
-99 -99 -99 -99 -99 -99 -99 -99 -99 -99
-99 -99 -99 1.58572854930023 -99 1.601747429655 -99 2.02951655859801 -99 -99
-99 -99 -99 -99 2.36223246588148 -99 -99 -99 -99 -99
2.1266698696813 -99 -99 -99 -99 -99 -99 -99 -99 -99
-99 -99 -99 1.25255682095009 -99 -99 0.624961177878476 -99 -99 -99
-99 -99 -99 -99 -99 -99 -99 -99 -99 -99
2.93373462706081 -99 -99 -99 -99 -99 -99 -99 -99 -99
-99 1.29093469621432 -99 -99 -99 -99 -99 -99 -99 -99
-99 -99 -99 -99 -99 -99 -99 -99 -99 1.48367932976739
-99 -99 -99 -99 -99 -99 -99 -99 -1.02940396336341 -99
-99 -99 -99 -99 -99 -99 -99 -99 -99 -99
-99 -99 -99 -99 -99 -99 -99 1.26772816389744 -99 -99
-99 -99 -99 -99 -99 -99 -99 -99 -99 -99
2.73352849483659 2.11699869646458 -99 -99 -99 -99 -99 -99 -99 -99
-99 3.12761770234124 -99 1.04517594547513 -99 -99 -99 -99 -99 -99
-99 -99 -99 -99 -99 -99 -99 -99 -99 -99
-99 -99 -99 -99 -99 -99 -99 -99 -99 -99
-99 -99 -99 -99 -99 -99 -99 -99 -99 -99
-99 -99 -99 -99 -99 -99 -99 -99 -99 -99
-99 -99 -99 -99 -99 -99 -99 -99 -99 -99
-99 -99 1.27555821141865 -99 -99 -99 -99 -99 -99 -99
-99 1.2141108415971 -99 -99 -99 -99 -99 -99 -99 -99
2.94513976242105 3.57296506018441 -99 -99 -99 -99 -99 -99 -99 -99
-99 -99 -99 -99 -99 -99 -99 -99 -99 -99
-99 -99 -99 -99 -99 -99 -99 -99 -99 -99
-99 2.37358009728819 -99 -99 -99 -99 -99 -99 -99 -99
-99 -99 -99 2.4082366632074 -99 -99 -99 -99 -99 -99
-99 -99 -99 -99 -99 -99 -99 -99 -99 0.566051506122353
-99 -99 -99 -99 -99 -99 -99 -99 -99 -99
-99 -99 -99 -99 -99 -99 -99 -99 -99 -99
-99 -99 1.34277160276706 -99 -99 -99 -99 -99 -99 -99
1.52169309605623 -99 -99 -99 -99 -99 -99 -99 -99 -99
-99 2.0903256917894 -99 -99 -99 -99 -99 -99 -99 -99
-99 -99 -99 -99 -99 -99 -0.757338055875225 -99 -99 -99
-99 -99 -99 -99 -99 -99 -99 -99 -99 -99
-99 -99 2.09698751991322 -99 1.75064898769338 -99 -99 -99 -99 -99
4.78084314675964 -99 -99 -99 -99 -99 -99 -99 -99 -99
-99 -99 -99 -99 -99 -99 -99 -99 -99 -99
0.833851119903904 -99 -99 -99 -99 -99 -0.335502385765041 -99 -99 -99
-99 -99 -99 -99 -99 -99 -99 -99 -99 -99
-99 -99 -99 -2.62291403937562 -99 -99 -99 -99 -99 -99
-99 -99 -99 -99 -99 -99 -99 -99 -99 -99
-99 -99 -99 -99 -99 -99 -99 -99 -99 -99
-99 -99 -99 -99 -99 -99 -99 -99 -99 -99
-99 -99 -99 0.796023247273544 -99 -99 -1.18387282302728 -99 -99 -99
-99 -99 -99 -99 -99 -99 -99 -99 -99 -99
-99 -1.75016017245963 -99 -99 -99 -99 -99 -99 -99 -99
-99 -99 -99 -99 -99 -99 -99 -99 -99 -99
-99 -99 -99 -99 -99 -99 -99 -99 -1.31910258215679 1.12196062894169
2.33533478328311 -99 -99 -99 -99 -99 -99 -99 -99 -99
-99 -99 -99 -99 -99 -99 -99 -99 -99 -99
-99 -99 -99 -99 -99 -99 -99 -99 -99 -99
-99 -99 -99 -99 -99 -99 0.590244191133287 -99 -99 -0.040879332552386
0.599871608676298 -99 -99 -99 -99 -99 -99 -99 -99 -99
-99 -1.45128186547795 -99 -99 -99 -99 -99 -99 -99 -99
-99 -99 -99 -99 -99 -99 -99 -99 -99 -99
-99 2.117206741686 -99 -99 -99 -99 -99 -99 -99 -99
-99 -99 -99 1.57468631783609 -99 -99 -99 3.9643885541238 -99 -99
-99 -99 -99 -99 -99 -99 -99 -99 -99 -99
-99 -99 -99 -99 -99 -99 -99 -99 -99 -99
-99 -99 -99 -99 0.482712105409419 -99 -99 -99 -99 -99
-99 -99 -99 -99 -99 -99 -99 -0.583755506641453 -99 -99
-99 -99 -99 -99 -99 -99 -99 1.63637634710276 -99 -99
-99 -99 -99 -99 -99 -99 -99 -99 -99 -99
-99 -99 -99 -99 -99 -99 -99 -99 -99 -99
-99 -99 -99 -99 -99 -99 -99 -99 -99 -99
-99 -99 -99 -99 -99 -99 -99 -99 -99 -99
-99 -99 -99 -99 -99 -99 -99 -99 0.697229366515969 -99
-99 -99 -99 -99 -99 -99 -99 -99 -99 -99
-99 -99 -99 -99 -99 -99 -99 -99 -99 -99
-99 -99 -99 -99 -99 -99 -99 -0.626692106343517 1.55558481529203 -99
-1.0901022097491 -99 -99 -99 -99 -99 -99 -99 -99 -99
-99 -99 1.03911648423068 -99 -99 -99 -99 -99 -99 -99
-99 -99 -99 -99 -0.583444886830804 -99 -99 -99 -99 -99
-99 -99 -99 -99 0.0111828507987591 -99 1.37888509039434 -99 -99 -99
-99 -99 -99 -99 -99 -99 -99 -99 -99 -99
-99 -99 -99 -99 -99 -99 -99 -99 -99 -99
-99 -99 -99 -99 -99 2.60043278156238 -99 -99 -99 -99
-99 -99 -99 -99 -99 -99 -99 -99 -99 0.319726166989217
-99 -99 -99 -99 1.19591652803877 -99 -99 -99 -0.357354832555348 -99
-99 -99 -99 -99 -99 -99 -99 -99 -99 -99
-99 -99 -99 -99 0.230199033994784 -99 -99 -99 -99 -99
-99 -99 -99 -99 -99 -99 -99 -99 -99 -99
-99 -99 -99 -99 -99 -99 -99 -99 -99 -99
-99 -99 -99 -99 -99 -99 -99 -99 -99 -99
-0.0816558113884838 -99 -99 -99 -99 -99 -2.39515244504286 -99 -99 -99
-99 -99 -99 -99 -99 -99 -99 -99 -99 -99
-99 -99 -99 -99 -99 -99 -99 -99 -99 -99
-99 -99 -99 -99 -99 -99 -99 -99 -99 -99
-99 -99 -99 -99 -0.271829191068471 -99 -99 -99 -99 -99
-99 -99 -99 -99 -99 -99 -99 -99 0.4822983605586 -99
-99 -99 -99 -99 -99 -99 -99 -99 -99 -99
-99 -99 -99 -99 -99 -99 -99 -99 1.97557501726214 -99
-99 -99 -99 -99 1.24597395297325 -99 -99 -99 -99 -99
-99 -99 0.138626480755982 -99 -99 -99 -99 -99 -99 -99
-99 -99 -99 -99 -99 -99 -99 -99 -99 -99
-99 -99 -99 -99 -99 -99 2.03869676602657 -99 -99 -99
-99 -99 -99 -99 -99 -99 -99 -99 2.26086096458274 -99
-99 1.6490053436337 -99 -99 -99 -99 -99 3.82701455331962 -99 1.95869054724721
-99 -99 0.491778278682664 -99 -99 -99 -99 -99 -99 -99
-99 -99 -99 -99 -99 -99 -99 -99 -99 -99
-99 -99 -99 -99 -99 -99 -99 -99 0.157760753123015 -99
-99 -99 -99 -99 -99 -99 -99 -99 -99 -99
-99 -99 -99 -99 -99 -99 -99 -99 0.229323950732903 -99
-99 -99 -99 -99 -99 -99 -99 -99 1.16783465061547 -99
-99 -99 -99 -99 -99 1.50590910588318 -99 0.770230975568933 -99 -99
-99 -99 -99 1.23870963985264 -99 2.56438848750679 -99 -99 -99 -99
-99 0.396442170645302 -99 -99 -99 -99 -99 -99 -99 1.22619569772105
-99 -99 -99 -99 -99 -99 -99 -99 -99 -99
-99 -99 -99 -99 1.27978621042922 -99 3.3575289274688 -99 -99 -99
-99 -99 -99 -99 -99 -99 -99 -99 -99 -99
-99 -99 -99 -99 -99 -99 -99 -99 -99 -99
-99 1.43822963357499 -99 2.08393075705263 -99 -99 -99 -99 -99 -99
-99 -99 -0.166970299274301 -99 -99 -99 -99 -99 -99 -99
-99 -99 -99 -99 -99 -99 -2.00069635883174 -99 -99 -99
-99 -99 -99 -99 -99 -99 2.1143526999211 -99 3.3465276000272 -99
-99 1.15171318965838 -99 -99 -99 -99 -99 0.0478038229183628 -99 -99
-99 -99 -99 -99 -99 2.12998193559309 -99 -99 -99 -99
-99 -99 -99 1.34481142214093 -99 -99 -99 -99 -99 -99
-99 -99 -99 -99 -99 -99 -99 -99 -99 -99
-99 -99 -99 -99 -99 2.00248275690389 -99 -99 -99 -99
-99 -99 -99 1.63501484734398 -1.03017015005345 0.984816856210692 -99 -99 -99 0.0442946937596108
-99 -99 -99 -99 -99 -99 -99 0.628220404233756 -99 -99
-99 -99 -99 -99 -99 -99 -99 -99 -99 -99
-99 -99 -99 -99 -99 1.46829841725221 -99 -99 -99 -99
-99 -99 -99 -99 1.11095774330281 -99 -99 -99 -99 -99
0.310589957710493 -99 -99 -99 -99 -99 -99 1.70311560430922 -99 -99
-99 -99 -99 -0.949319285952908 -99 -99 -99 -99 -99 0.344747228626058
-99 -99 1.85531747429123 -99 -99 -99 -99 -99 -99 -99
-99 -99 0.165315219626421 -99 -99 -99 -99 -99 -99 -99
-99 -99 4.21543710734842 -99 -99 -99 -99 -99 -99 -99
-99 -99 -0.283216959505593 -99 -99 -99 -99 -99 -99 -99
-99 -99 -99 -99 -99 -99 -99 -99 -99 -99
-99 -99 -99 -99 -99 -99 -99 -99 -99 -99
-99 -99 -99 -99 -99 -99 -99 -99 -99 -99
-99 -99 -99 -99 -99 -99 -99 -99 -99 -99
-99 0.52849488857761 -99 -99 -99 -99 -99 -99 -99 -99
-99 -99 -99 -99 -99 -99 -99 -99 -99 -99
-99 -1.03449985177162 -99 -99 -99 -99 -99 -99 -99 -0.541862195402179
-99 1.46440422714279 3.7719921106848 1.60435272614739 1.87044406249163 -99 -99 -99 -99 -99
-99 -1.35640086535768 -99 -99 -99 -1.23470577093131 -99 -99 -99 -99
-99 -99 -99 -99 -99 -99 -99 -99 -99 -99
-99 -99 0.874158151840032 -99 -99 -99 -99 -99 -99 1.95418755523222
-99 -99 -99 -99 -99 -99 -99 2.44724401614844 -99 -99
-99 2.18737611041216 -99 -99 -99 -99 -99 -99 -99 -99
-99 -99 -99 -99 -99 -99 -99 -99 -99 -99
-99 -99 -99 -99 -99 -99 -99 -99 -99 -99
-99 -99 -99 -99 -99 -99 -99 -99 -99 -99
-99 -99 -99 -99 -99 -99 -99 -99 -99 0.63131531586494
-99 -99 -99 -99 -99 -99 -99 2.65958360070513 -99 -99
0.191155576474497 -99 -99 -99 -99 -99 -99 -99 -99 -99
-99 -99 -99 -99 -99 -99 -99 -99 -1.35974138563942 -99
-99 -99 -99 -99 -99 -99 -99 -99 -99 -99
-99 -99 -99 -99 -99 -99 -99 -99 -99 -99
-99 -99 -99 -99 -99 -99 -99 -99 -99 -99
-99 -99 -99 -99 -99 -99 -99 -99 -99 -99
-99 -99 -99 -99 -99 -99 -99 -99 -99 -99
-99 -99 -99 -99 -99 -99 -99 -99 -99 -99
-99 -99 -99 -99 -99 -99 -99 -99 -99 -99
-99 -99 -99 -99 -99 -99 -99 -99 -99 -99
-99 -99 -99 -99 -99 -99 -99 -99 -99 -99
-99 2.99222964636371 -99 -99 -99 2.36334304729537 -99 -99 -99 -99
-99 -99 -99 -99 -99 -99 -99 1.10336740636016 -99 -99
-99 -99 -99 -99 -99 -99 -99 -99 -99 -99
-99 -99 -99 -99 -99 -99 -99 -0.569797916032355 -99 -99
-99 -99 -99 -99 -99 -99 -99 -99 -99 -99
-99 -99 -99 -99 -99 -99 -99 -99 -99 -99
-99 -99 -99 -99 -99 -99 -99 -99 -99 -99
-99 0.529638001489978 -99 -99 -99 -99 -99 -99 -99 -99
-99 -99 -99 -99 -99 2.06656511659725 -99 -99 -99 -99
-99 -99 -99 -99 -99 -99 -99 -99 -99 -99
2.45786612175216 -99 -99 -99 -99 -99 -0.0994247000248754 2.35458590409663 -99 -99
-99 -99 -99 -99 -99 -99 -99 -99 -99 -99
-99 -99 -99 -99 -99 -99 -99 -99 -99 -99
-99 -99 -99 3.01867377316132 -99 -99 -99 -99 2.10789616495336 -99
-99 -99 -99 -99 -99 -99 -99 -99 -99 -99
-99 -99 -99 -99 -99 -99 -99 -99 -99 -99
-99 -99 -99 -99 -99 -99 -99 -99 -99 1.04383001934829
-99 -99 -99 -99 -0.917222520975644 -99 -99 1.10236815387076 -99 -99
1.484273025764 -99 -99 -99 -99 -99 -99 -99 -99 -99
0.74094512970509 -1.51768046687574 -99 1.57849826032497 0.251577102536462 -99 -99 -99 -99 -99
-0.0751944198263654 -99 -99 -99 -99 -99 -99 -99 -99 1.3628217464601
-99 -99 -99 -99 -99 -99 -99 -99 -99 -99
-99 -99 -99 -99 -99 -99 -99 0.856279008750424 1.4998293160892 -99
-99 -99 -99 -99 -99 -0.164902710201736 -99 -99 -99 -99
-99 -99 -99 -99 -99 -99 -99 -99 0.279555633863978 -99
-99 -99 -99 -99 -99 -99 -99 -99 -99 -99
-99 -99 -99 -99 -99 -99 -99 -99 -99 -99
-99 -99 -99 -99 -99 -99 -99 -99 -99 -99
-99 -99 -99 -99 -99 -99 -99 0.707089276955965 -99 -99
-99 -99 -99 -99 -99 -99 -99 -99 -99 -99
-99 -99 -99 -99 -99 -99 -99 -99 -99 -99
-99 -99 -99 -99 -99 -99 -99 0.0357973363115296 -99 -0.497871547083903
-99 -99 -99 -99 -99 -99 -99 -1.39436985928429 -0.29026190454401 -0.292973757993697
-99 -99 -99 -99 -99 -99 -99 -99 -99 -99
0.715643749242212 0.603924684993634 -99 -99 -99 -99 -99 -99 -99 -99
2.02477708993012 -99 3.0916240036104 -99 -99 2.03911680591821 -99 -99 -99 -99
-99 -99 -99 -99 -99 -99 -99 -99 -0.619967159194711 -99
0.174433085016227 -99 0.640565322384373 1.54669918888437 -99 -99 -99 -99 -99 -99
-99 -99 -99 -99 -99 -99 -99 -99 -99 -99
-99 -99 -0.0869792322648815 1.67741516202082 -99 -99 -99 -99 -99 -99
-99 -99 -99 2.85856654496027 -99 -99 -99 -99 -99 -99
-99 -99 -99 -99 -99 -99 -99 -99 -99 -99
-99 -99 -99 -99 -99 -99 -99 -99 -99 -99
-99 -99 -99 -99 -99 -99 -99 1.66942748044909 -99 -99
-99 -99 -99 -99 -99 -99 -99 -99 -99 -99
-99 -99 -99 -99 1.70425065623203 3.57549712610846 -99 -99 -99 -99
-99 -0.419877150174154 -99 -99 -99 -99 -99 -99 -99 1.69600007324836
-1.4804853435893 -99 -99 -99 -99 -99 -99 -99 -99 -99
-99 -99 -99 -99 -99 -99 -99 -99 -99 -99
-99 -99 -99 -1.19532953685279 -99 -99 -99 -99 -99 -99
0.951064014915026 -99 -99 -99 -99 -99 -99 -99 -99 -0.613619732819618
-99 -99 -99 -99 -99 -99 -99 -99 -99 -99
-99 -99 -99 -99 -99 -99 -99 -99 -99 -99
-99 -99 -99 -0.528096687338741 -99 -99 -99 -99 -99 -99
-99 -99 -99 -99 -99 -99 -99 -99 -99 -99
-99 -99 -99 -99 -99 -99 -99 -99 -99 -99
3.72666751973951 -99 -99 -99 -99 -99 1.02473921482583 -99 2.80165483722652 -99
-99 -99 -99 -99 -99 -99 -99 -99 -99 0.785052241960532
-99 -99 -99 -99 -99 -99 -99 -99 -99 -99
-99 -99 0.872967138122088 -0.360459772543084 -99 -99 -99 -99 -99 -99
-99 -99 0.959413148647903 -99 -99 -99 -99 -99 -99 -99
-99 -99 -99 -99 -99 0.122427279527956 0.582886732451298 -0.0619876424818337 -99 2.24831418331206
-99 3.37323846540889 -99 -99 -99 -99 -99 -99 -99 -99
-99 -99 -99 -99 -99 -99 1.41667053786481 -99 -0.828737956700356 -99
-99 -99 -99 -99 -99 -99 -99 -99 -99 1.31487210139873
-99 -99 -99 -99 -99 -99 -99 -99 -99 -99
-99 -99 -99 -99 -99 -99 -99 -99 -99 -99
-99 -99 -99 -99 -99 -99 -99 -99 -99 -99
-99 -99 -99 -99 -99 -99 -99 -99 -99 -99
1.51564605424024 -99 2.24604944403002 1.73150433996631 -99 -99 -99 -99 -99 1.27270251252754
1.42555107842423 -99 -99 -99 -99 -99 -99 -99 -99 -99
-99 -99 -99 -99 -99 -99 1.30724734210214 -99 0.535116098658965 -99
-99 -99 -99 -99 1.21246938259503 -99 -99 -99 -99 -99
-0.769502932599485 -99 -99 -99 -99 -99 -99 -99 -99 -99
-99 -99 -99 -99 -99 -99 -99 -99 -99 -99
-99 -99 -99 -99 -99 -99 1.04632651594806 -99 -99 -99
-99 2.87273723138068 -99 1.97391338560782 -99 -99 -99 -99 -99 -99
-99 -99 -99 -99 -99 -99 -99 -99 -99 -99
-99 -99 -99 -99 -99 -99 -99 -99 -99 -99
-99 -99 0.698149280452343 -99 -99 -0.164811971460948 -99 -99 -99 -99
-99 -99 -99 -99 1.68142810121027 2.99595435285726 3.26969063675804 4.50329390020819 -99 -99
1.52526781965081 -99 -99 -99 -99 -99 -99 -99 -99 -99
-99 -99 -99 -99 -99 -99 -99 -99 -99 -99
-99 -99 -99 -99 1.69755841264822 -99 2.24647270475966 -99 -99 -99
-99 -99 -99 -99 -99 1.52352135535861 -99 -99 -99 -99
-99 -99 -99 -99 -99 -99 -99 -99 2.41559492990677 -99
-99 -99 -99 -99 -99 -99 -99 -99 -99 -99
-99 -99 -99 -99 -99 -99 -99 -99 -99 -99
-99 -99 -99 -99 -99 -99 -99 -99 -99 -99
-99 -99 -99 -99 -99 -99 -99 -99 -99 -99
1.70573668082857 -99 -99 -99 -99 -99 1.79743184145462 -99 -99 -99
-99 -99 -99 -99 -0.378245307728668 -99 -99 -99 -99 1.88531452384329
-99 -99 -99 -99 -99 -99 1.9674770815166 -99 -99 -99
-99 -99 -99 -99 -99 -99 -99 -99 -99 -99
-99 -99 -99 -99 -99 -99 -99 -99 -99 -99
-99 -99 -99 -99 -99 -99 -0.606517285005518 3.21090640917804 -99 -99
-99 -99 -99 -99 -99 -99 -99 -99 -99 -99
-99 -99 -99 -99 -99 -99 1.69101359813564 -99 -99 -99
-99 -99 -99 -99 -99 -99 -99 -99 -99 0.783853618362095
-99 -99 -99 -99 -99 -99 -99 -99 -99 -99
-99 -99 -99 -99 -99 -99 -99 -99 -99 -99
-99 -99 -99 -0.44018337599899 -99 -99 -0.971605673973434 -99 -99 -99
-99 -99 -99 -99 -99 -99 -99 -99 -99 -99
-99 -99 0.555062517215378 -99 -99 -99 -99 -99 -99 -99
-99 -99 -99 -99 -99 -99 -99 3.5122884613046 -99 -99
-99 0.923313538251477 1.66512381823731 -99 -99 -99 -99 -99 -99 -99
-99 -99 -99 -99 -99 -99 -99 -99 -99 -99
-99 -99 -99 -99 -99 -99 -99 -99 1.11511024543068 -99
-99 -99 -99 -99 -99 -99 -99 -99 -99 -99
0.875605130141776 -99 -99 -99 -99 -99 -99 -99 -99 -99
1.30540463379265 -99 -99 -99 -99 -99 0.967425737591539 -99 -99 -99
-99 -99 -99 -99 -99 -99 -99 -99 -99 -99
-99 -99 -99 -99 -99 -99 -99 2.35106440302307 -99 -99
0.73623469575617 -99 -99 -99 -99 -99 -99 -99 -99 -99
-99 -99 -99 -99 -99 -99 -99 -99 2.87352061761292 -99
-99 -99 -99 -99 -99 -99 -99 -99 -99 -99
-99 -99 -99 -99 -99 -99 3.41985391596105 -0.0478973742981601 -99 -99
-99 0.42060512794498 -99 -99 -99 -99 -99 -99 -99 -99
-99 0.719264765599705 -99 -99 -99 -99 -99 -99 -99 -99
-99 -99 -99 -99 -99 -99 -99 -0.648570996485255 -99 -99
-99 2.67313827426688 -99 -99 -99 -99 -99 -99 -99 -99
-99 -99 -99 -99 -99 -99 -99 -99 -99 -99
-99 -99 -99 -99 -99 -99 -99 -99 -99 -99
-99 -99 -99 -99 -99 -99 -99 -99 -99 -99
-99 -99 1.65340987039758 -99 -99 -99 -99 -99 -99 -99
-99 1.6507481125639 -99 -99 -99 -99 -99 -99 -99 -99
-99 -99 -99 -99 -99 -99 2.96381508094512 -99 -99 -99
-99 -99 -99 -99 -99 -99 -99 1.87262987512441 -99 -99
-99 -99 -99 -99 -99 -99 -99 -99 -99 -99
-99 -99 -99 -99 -99 -99 -99 6.07641976467641 -99 -99
-99 -99 -99 -99 -99 -99 -99 -99 -99 -99
-99 -99 -99 -99 -99 -99 -99 -99 -99 -99
-99 -99 -99 -99 -99 0.706413881101133 -99 -99 -99 -99
-99 1.17554869721172 -99 -99 -99 -99 -99 -99 -99 -99
-99 -99 -99 -99 -99 -99 -99 -99 -99 -99
-1.02880533929471 -99 -99 -99 -99 -99 -99 -99 -99 -99
-99 -99 -99 -99 -99 0.222681468171839 -99 -99 -99 -99
-99 -99 -99 -99 -99 -99 -99 -99 -99 -99
-99 0.376764133162561 -99 -99 -99 -99 -99 -1.26423910893394 -99 -99
-99 1.63979471622207 -99 -0.845218253172856 -99 -99 -99 -99 -99 -99
-99 -99 -99 -99 -99 -0.599718591735368 -99 -0.699635140995048 -99 -99
-99 -99 -99 -99 -99 -99 -99 -99 -99 -99
-99 -99 -99 -99 -99 -99 -99 -99 -99 -99
-99 -99 0.0133739350944948 -99 -99 -99 -99 -99 -99 -99
-99 -99 -99 -99 -99 -99 2.74537419623616 -99 -99 1.12590794014514
-99 1.11730193163463 -99 -99 -99 -99 -99 -99 -99 -99
-99 -99 -99 -99 -99 -99 -99 3.40721546687622 -99 -99
-99 -99 -99 -99 -99 -99 -99 -99 -99 -99
-99 -99 -99 -99 -99 -99 -99 -99 -99 -99
-99 -0.346361038837258 0.135151434750663 -99 -99 -99 -99 -99 -99 -99
1.36944811366804 -99 -99 -0.391228020730169 -99 -1.03327428750951 -0.887881825936006 -99 -99 -99
-99 -99 -99 -99 -99 -99 -99 -0.872643571837177 0.390391094209592 0.724752568684378
-99 -99 -99 1.97621122395185 -99 2.2453032389834 -99 1.88892365601126 -99 -99
-99 -99 -99 0.88549477023457 -99 -99 -99 -99 -99 -99
-99 -99 -99 -99 -99 3.01842892416918 -99 -99 -99 -99
-99 -99 -99 -99 -99 -99 -99 -99 -99 -99
-99 -99 -99 -99 -99 -0.615008100271312 -99 1.69717183761372 -99 -99
-99 -99 -99 -99 -99 -99 -99 -99 -99 -99
-99 -99 -99 -99 -99 0.716479277160682 -99 -99 -99 -99
-99 -99 1.80997903594645 -99 -99 -99 -99 -99 -99 -99
-99 -99 -99 -99 -99 -99 -99 -99 0.243207169831638 -99
-99 1.40584755905118 -99 -99 -99 -99 -99 -99 -99 -0.107412913325656
-99 -99 -99 -99 -99 -99 -99 -99 -99 -99
-99 -99 -99 -99 -99 -99 -99 -99 1.79352089092422 -99
-99 -99 -99 -99 -99 -99 2.11448751804213 -99 -0.227215625795639 -99
-99 -99 -99 -99 -99 -99 -99 -99 -99 -99
