-99 -99 -99 -99 -99 -99 -99 -99 -99 -99
-99 1.78606185427277 -99 -99 -99 -99 -99 -99 3.49697385400191 -99
3.43794230119742 -99 2.20180462720361 -99 3.50819000306925 2.64739538781898 -99 -99 -99 -99
-99 -99 -99 -99 -99 -99 -99 -99 -99 -99
-99 -99 -99 -99 2.93803437758131 -99 -99 -99 -99 -99
-99 -99 2.10116164084734 -99 -99 -99 -99 2.52288450059469 -99 -99
-99 1.52893277148013 -99 -99 -99 -99 -99 -99 -99 -99
-99 -99 -99 0.235454922708932 -99 -99 -99 -99 -99 1.95243225000083
-99 3.46532012817258 -99 -99 -99 -99 -99 -99 -99 -99
-99 -99 -99 -99 -99 -99 2.34306620064344 -99 -99 -99
-99 -99 -99 -99 2.75462974941039 -99 -99 -99 -99 -99
-99 -99 -99 -99 -99 -99 -99 -99 0.0357091579372708 -99
-99 -99 -99 -99 -99 2.09516451452157 -99 -99 2.52090573281863 -99
-99 -99 -99 -99 -99 -99 -99 -99 -99 -99
1.04135802869119 -99 -99 -99 -99 -99 0.770370990785836 -99 2.20945456152692 -99
-99 -99 -99 -99 -99 -99 -99 -99 -99 -99
1.76397581637826 -99 -99 -99 -99 -99 -99 -99 -99 -99
-99 -99 1.83342025876741 -99 -99 -99 -99 -99 -99 -99
-99 -99 -99 -99 -99 -99 -99 -99 -99 -99
-99 -99 -99 -99 -99 -99 -0.168376750792661 -99 -99 -99
-99 -99 -99 -99 -99 -99 -99 -99 -99 1.90168909745778
-99 2.35931496069396 -99 -99 -99 -99 -99 -99 -99 -99
-99 -99 -99 -99 -99 -99 -99 -99 -99 -99
-99 -99 -99 -99 -99 -99 -99 -99 -99 0.264486887956759
1.28501684034764 -99 -99 -99 -99 -99 -99 -99 -99 -99
-99 -99 -99 -99 -99 -99 -99 -99 -99 -99
-99 -99 -0.892787036624757 -99 -99 -99 -99 -99 -99 -99
-99 1.0289373680156 -99 -99 -99 -99 -99 -99 -99 -99
-99 -99 -99 -99 -99 -99 -99 -99 0.855162963205741 -99
-99 -99 -0.282683199669472 -99 -99 -99 -99 -99 -99 -99
-99 -99 2.69953113906364 -99 -99 1.80642633495506 -99 -99 -99 -99
-99 -99 -99 -99 -99 -99 -99 -0.495168608500097 -99 -99
-99 0.78299549356335 -99 2.36157521982798 -99 -99 -99 -99 -99 -99
3.63297861177438 2.9373990405707 -99 -99 -99 3.0753977723842 -99 -99 -99 -99
-99 -99 -99 -99 -99 -99 -99 1.52267510329685 -99 0.651763835281189
-99 -99 -99 -99 -99 0.457830575206184 -99 -1.63737803774809 -99 -1.6948980259906
-99 0.386732422709738 -99 -99 -99 -99 -99 -99 1.95164204938776 -99
-99 -99 -99 -99 -99 -99 -99 1.93492528254357 -99 -99
-99 -99 -99 -99 -99 -99 -99 -99 -99 -99
-99 -99 -99 -99 -99 -99 -99 2.9776291142997 -99 -99
-99 -99 -99 -1.4347246537696 0.990949340380279 -99 -99 -99 -99 -99
-99 -99 -99 -99 -99 -99 -99 -99 -99 -99
-99 -99 -99 -99 0.0286010078117837 -99 -99 -99 1.01259990144528 -99
-99 -99 -99 -99 -99 -99 -99 -99 -99 -99
-99 -99 -99 -99 -99 -99 -99 -99 -99 1.33591604594298
-99 -99 -99 -99 -99 1.4323784841699 -99 -99 -99 -99
-99 -99 -99 1.72828746971581 -99 -99 -99 -99 -99 -99
-99 -1.29821978299895 -99 -99 -99 -99 -99 -99 -99 -99
-99 -99 -99 -99 -99 -99 -99 -99 -0.130246109565915 -99
-99 -99 -99 -99 -99 -99 -99 -99 -99 -99
-99 -99 -99 -99 2.56528409992627 -99 -99 -99 -99 -99
-99 -99 -99 -99 -99 -99 -99 -99 1.03489093524178 -99
-99 -99 -99 -99 1.41479005623022 -99 -99 -99 -99 -99
-99 1.88842731846664 -99 -99 -99 -99 -99 -99 -99 -99
-99 -99 -99 -99 -99 -99 -99 -99 -1.94216907531583 0.196231837291931
-99 -99 -99 -99 -99 -99 -99 -99 -99 -99
2.66808903361487 -99 -99 -99 -99 -99 -99 -99 -99 -99
-0.771839206693532 -99 -99 -99 0.753362882079422 -99 -99 -99 -99 -1.25266158349066
-99 -99 -99 -99 -99 -99 -99 -99 -99 -99
-99 -99 2.95908311315435 2.99250990787778 -99 -99 -99 -99 -99 -99
-99 -99 2.96907893630146 -99 -99 -99 -99 -99 -99 -99
-99 -99 -99 -99 -99 -99 -99 -99 -99 -99
-99 -99 -99 -99 -99 -99 -99 -99 0.416830620159848 -99
-99 -99 -99 -99 -99 -99 -99 -99 -99 -99
-99 -99 -99 -99 -99 -99 -99 -99 -99 -99
-99 -99 -99 -99 -99 -99 -99 -99 -99 -99
-99 -99 -99 -99 0.330773547036054 -99 -99 -99 -99 -99
2.06229172997255 -99 -99 0.283010838454216 -99 -99 -99 -99 -99 -99
-99 -99 -99 -99 -99 -99 -99 -99 -99 -99
-99 2.82614813336193 -99 2.52138242686174 -99 3.70728915591177 -99 -99 -99 -99
-99 -99 -99 -99 2.86601750871472 -0.386537585069891 -99 -99 -99 -99
-99 -99 -99 -0.445557121565253 -99 0.182231582159982 -99 -99 -99 -99
-99 -99 -99 -99 -99 -99 -99 -99 -99 -99
-99 -99 -99 -99 -99 -99 -99 -99 -99 -99
-99 -99 -99 -99 -1.48157250448177 -99 -99 -99 -99 -99
-99 -1.11530511311569 -99 -99 -99 -99 -99 -99 -99 -99
-99 -99 -99 -99 -99 -99 -99 -99 -0.662574405651161 -99
-99 -99 -99 -99 -99 -99 -99 -99 -99 -99
-99 -99 -99 -99 -1.89605613981268 -99 -99 -0.50458722780437 -99 -0.551029809434891
-99 -99 -99 -99 -99 -99 -99 -99 -99 -99
-99 -99 -99 -99 -99 -99 -99 -99 -99 -99
-99 -99 -99 -99 -99 -99 -99 -99 -99 -99
-99 -99 -99 -99 -99 -99 -99 -99 -99 -99
-99 -99 -99 -99 -0.719518641475066 -99 1.84209788203868 -99 -99 -99
-99 -99 -99 -99 -99 -99 -99 -99 -99 -99
-99 3.88150346589509 4.74426887241872 -99 -99 -99 -99 -99 -99 -99
-99 -99 -99 -99 -99 -99 -99 2.70442707444299 -99 -99
-99 -99 -99 -99 -99 1.69091393714649 -99 -99 -99 -99
0.180890440103924 -99 -99 -1.17132153232396 -99 -99 -0.858101459893211 -99 -99 -99
-99 -99 -99 -0.259958082428435 -99 -99 -99 -99 -99 -99
-99 -99 3.98469913772377 -99 -99 -99 -99 -99 -99 -99
-99 1.08342795014776 -99 -99 -99 0.530388265389825 -99 -99 -99 -99
3.62017969288783 -99 -99 1.09242193826439 -99 -99 -99 -99 -99 -99
-99 -99 -99 -99 -99 -99 -99 -99 -99 -99
-99 -99 1.85955120546258 -99 -99 -99 -99 -99 -99 -99
-99 -99 -99 -99 -99 -99 -99 -99 -99 -99
1.51758964884533 -99 -99 -99 -99 -99 -99 -99 -99 -99
-99 -99 -99 -0.0288075698896695 -99 0.70931827825139 -99 -99 -99 -99
-99 -99 -99 -99 -99 -99 -99 -99 -99 1.38376051532158
-99 -99 -99 -99 -99 -99 -99 -99 -99 -99
-99 -99 -99 -99 -99 -99 -99 1.67048483070158 -99 -99
-99 -99 -99 -99 -99 1.30195530953102 -99 -99 -99 2.28462701262581
-99 -99 -99 -99 -99 -99 -99 0.662740175561929 -99 -99
-99 -99 -99 -99 -99 -99 -99 -99 -99 -99
-99 -99 -99 -99 -99 -99 -99 -99 -99 -99
-99 -99 0.258837069384612 0.516733138633179 -99 -99 -99 -99 -99 -99
-99 -99 -99 -99 -99 -99 -99 -99 -99 -99
-99 -99 -99 -99 1.61617941064136 -99 -99 -99 -99 -99
-0.906982393223111 -99 -99 -99 -1.75433069080799 -99 -99 -99 -99 -99
-99 -99 -99 -99 -99 -99 -99 -99 -99 -99
-99 -99 -99 -99 -99 -99 -99 -99 -99 -99
-99 -99 -99 -99 0.416866800266605 -99 -99 -99 -99 -99
-99 -99 1.25921769992983 -99 -99 -99 -99 -99 -99 1.64173668884518
-99 -99 -99 -99 -99 -99 -99 -99 -99 -99
-99 -99 -99 -99 -99 -99 -99 -99 -99 -99
-99 -99 -99 -99 -99 -99 -99 -99 -99 -99
-99 -1.95072870903356 -99 -99 -99 -99 -99 -99 -99 -99
-99 -99 -99 -99 -99 -99 -99 -99 -99 -99
-99 -99 -99 -99 -99 -99 -99 -99 -99 -99
-99 -99 -99 -99 -99 -99 -99 -99 -99 -99
-99 -99 -99 -99 -99 -99 -1.2880208205662 -99 -99 -99
-99 -99 0.548451268072116 -99 -99 -99 -99 0.705823598368544 -99 -99
-99 -99 -99 -99 -99 -99 -99 -99 -99 -99
-99 -99 -99 -99 -99 -99 -99 -99 -99 0.839080106876253
-99 -99 -99 -99 -99 -99 -99 -99 -99 -99
1.90881422740219 -99 -99 -99 -99 -99 1.16020224959091 -99 -99 -99
-99 -99 -99 -99 0.537044107162329 -99 -99 -99 -99 -99
-99 -99 -99 -99 -99 -99 -99 1.05723164850715 -99 -99
-99 -99 -99 -99 -99 -99 -99 -99 -99 -99
-99 -99 -99 1.52503004128977 -99 1.50840090969235 -99 -99 -99 -99
-99 -99 -99 -99 -99 -99 -99 -99 -99 0.667965766401541
-99 -99 -99 -99 -99 -99 -99 -99 0.960082798358247 -99
-99 -99 -99 -99 -99 2.01461090148438 -99 -99 -99 -99
-99 -99 -99 -99 -99 -99 -99 -99 -99 -99
-99 -99 -99 -99 -99 -99 -99 -99 -99 -99
-99 -99 -99 -99 -99 -99 -99 -99 -99 -99
-99 -99 -99 -99 -99 -99 -99 -99 -99 -99
-99 2.69281757330212 -99 -99 -99 -99 -99 -99 -99 -99
-99 -99 0.898797078866774 -99 1.32307257137794 -99 -99 -99 1.64698989917542 -99
-99 -99 -99 -99 -99 -99 -99 -99 -99 -99
-99 -99 -99 0.0362103982183979 -99 -99 -99 -99 -99 -99
-99 -99 -99 -99 -99 -99 -99 -99 -99 -99
-99 -99 -99 -99 -99 -99 -99 -99 -99 0.274220697334096
-99 -99 -99 -99 -99 -99 -99 -99 -99 -99
-99 -99 -0.489867652993795 -99 2.11480733485514 -99 -99 -99 -99 -99
-99 -99 -99 -99 -99 -99 -99 -99 -99 -99
-99 -99 -99 -99 -99 -99 -99 0.531390713489935 -99 -99
-99 1.71490706582709 -0.83285077908599 -99 -99 -99 -99 -99 -99 -99
-99 -99 -99 -99 -99 -99 -99 -99 -99 0.581215912364224
-99 -99 -99 -99 -99 1.89561726920541 -99 -99 -99 -99
-99 -99 -99 -99 -99 1.80881687890911 -99 -99 -99 -99
-99 -99 -99 -99 -99 -99 -99 -99 -99 -99
-99 -99 -99 -99 -99 -99 2.70125036262389 -99 -99 3.5154997936928
-0.186322222486953 -99 -99 -99 -99 -99 0.689443453710924 -99 -99 -99
-99 -99 -99 -99 -99 -99 -99 -99 -99 -99
-99 -99 -99 -99 -99 3.35860072301783 1.47868737046508 -99 -99 -99
-99 -99 -99 -99 -99 -99 -99 -99 -99 -99
-99 -99 -99 -99 -99 -99 -99 -99 -99 -99
-99 -0.0252661166112362 -1.70932601442386 -99 -99 -99 -99 -99 -99 -99
-99 -99 0.116656339583066 -99 -99 -99 0.44909310142749 -99 0.586520002549654 -99
-99 -99 -99 2.22146496717245 -99 -99 -99 -99 -99 3.89445693997099
-99 -99 -99 -99 -99 -99 -99 -99 -99 -99
-99 -99 -99 -99 -99 -99 -99 1.8134247222754 1.71495089632815 3.97977773496538
-99 -99 -99 -99 -99 0.835844660830738 -99 -99 -99 -99
-99 -99 -99 -99 -99 -99 -99 -99 -99 -99
-99 -99 -99 -99 -99 -99 -99 -99 -99 -99
-99 -99 -99 -99 -99 -99 -99 -99 -99 -99
-99 -99 -99 -99 -99 -99 -99 2.12497965841392 -99 -99
-99 2.9405422413141 -99 -99 -99 -99 -99 -99 -99 -99
-99 -99 -99 -99 -99 1.27618617635609 -99 -99 -99 -99
-99 -99 -99 -99 -99 -99 -99 -99 -99 -99
-99 -99 0.562214590315271 -99 -99 -99 -99 -99 -99 -0.106173877382557
-99 2.08243317486527 -99 -99 -99 -99 -99 2.5252716122715 -99 -99
-99 -99 -99 -99 -99 -99 -99 0.0775843230355387 -99 -99
-99 -0.766487011843792 -99 -99 -99 -99 -99 -99 -99 -99
-99 -99 -99 -99 1.91348224640429 1.88850894299922 -99 -99 -99 -99
-99 -99 -99 -99 -99 -99 -99 -99 -99 -99
-99 -99 -99 -99 -99 -99 -99 1.71015808721261 -99 -99
-99 -99 -99 -99 -99 -99 -99 -99 -99 -99
-99 1.04704385059229 -99 -99 -99 -99 -99 -99 -99 -99
-99 -99 -99 -99 -99 -99 -99 -99 -99 -99
-99 -99 -99 0.979875279760013 -99 -99 -99 -99 -99 -99
-99 -3.52679669516658 -99 -2.14235760078292 -99 -99 -99 -99 -99 -99
-99 -99 -99 -99 -99 -99 -99 2.20110898464611 -99 -99
-99 -99 -99 -99 -99 -99 -0.538395503484656 -99 -99 -99
-99 -99 -99 -99 -99 -99 -99 -99 -99 -99
1.04172636845687 -99 -99 -99 -99 -99 -99 -99 -99 -99
-99 -99 -99 -99 -99 -99 1.59123630602781 -99 -99 -99
-99 -99 -99 -99 -99 -99 -99 -99 -99 -99
-99 -99 -99 -99 -99 2.24823968941272 -99 -99 -99 -99
-99 -99 -99 -99 -99 -99 -99 3.27046540361095 -99 -99
-99 -99 -99 -99 -99 0.966595884589076 -99 -99 -99 -99
-99 -99 -99 -99 -99 -99 -99 3.82909604225214 -99 -99
-99 -99 -99 -99 -99 -99 -99 -99 0.713860403256507 -99
-99 -99 -99 -99 -99 -99 -1.2397284898085 -99 -99 -99
-99 -99 -99 0.476649082814566 -99 -99 -99 2.27432892390185 -99 -99
-99 -99 -1.3938759330433 -99 -99 -99 -99 -99 -99 -99
-99 -99 -99 -99 -99 -99 -99 -99 -99 -99
-99 -99 5.62803347986527 -99 -99 2.38115059972826 3.19381258885416 -99 -99 -99
-99 -99 -99 -99 -99 -99 -99 0.189059342282121 -99 -99
-99 -99 -99 -99 -99 -99 -99 -99 -99 -99
-99 -99 -99 -99 -99 1.8143140863704 -1.52547624928111 -99 -99 -99
-99 -99 -99 -99 -99 -99 -99 -99 -99 1.4976103086001
-99 -99 -99 -99 -99 -99 -99 -99 -99 1.50190928503937
-99 -99 0.456840447134542 -99 -99 -99 -99 -99 -99 1.29947146430142
-99 -99 -99 -99 -99 -99 -99 -99 -99 -99
-99 -99 -99 -99 -99 -99 -99 -99 -99 -99
-99 -99 -99 -99 -99 2.72866862896352 -99 -99 -99 -99
-99 -99 -99 -99 -99 -99 -99 -99 -99 -99
-99 -0.517837726551295 -99 -99 -99 -99 -99 -0.174241116027188 -99 -99
-99 -99 -99 -99 -99 -99 -99 -99 -0.222923646343042 -1.39944353831381
-99 -99 -99 -99 -99 -99 -99 -99 -99 -99
-99 -99 -99 -99 -99 -99 -99 -99 -99 -99
-99 -99 -99 -99 -99 -99 -99 -99 -99 -99
-99 0.915137725714285 -99 -99 -99 -99 -99 -99 -99 -99
-99 -99 -99 -99 -99 -99 -99 -99 -99 -99
-99 -99 -99 -99 -99 -99 -99 -99 -99 -99
1.90598750074028 -99 -99 -99 -99 -99 -99 -99 -99 -99
-99 -99 -99 -99 -99 -99 -99 -99 -99 -99
-0.00268113865518815 -99 -99 -99 -0.48387339263592 -99 -99 -99 -99 -99
-0.0659709631365182 -99 -99 -99 -99 -99 -99 -99 -99 -99
-99 -99 -99 -99 -99 -99 -99 -99 -99 1.32858414455889
-99 -99 -99 -99 -99 -99 0.562526206670059 -99 -99 -99
-99 -99 -99 -99 -99 -99 -99 -99 -99 -99
-99 -99 -99 -99 -99 -99 -99 2.96606004358694 -99 -99
-99 -99 -99 -99 -99 -99 -99 -99 0.910594601507807 -99
-99 -99 -99 -99 -99 -99 -99 -99 -99 -99
-99 -99 1.42175432782147 0.0739965928826382 -99 -99 -99 -99 -99 -99
-99 -99 2.76625774438532 -99 2.02287835498046 -99 -99 -99 -99 -99
-99 -99 -99 -99 -99 -99 -99 -99 -99 -99
-99 -99 -99 -99 -99 -99 -99 -99 -99 -99
-99 -99 -99 -99 -99 -99 -99 -99 -99 -99
-99 -99 -99 -99 -99 -99 -99 -99 -99 -99
-99 -99 -99 -0.583949896967504 -99 -99 -99 -99 -99 -0.489261109183696
-0.491241826445376 -99 -99 -99 -99 -99 -99 -99 -99 -99
-99 -0.589348739080728 -99 -99 -99 -99 -99 -99 -99 -99
-99 -99 -99 -99 -99 -99 -99 -99 -99 -99
-99 -99 -99 -99 -99 -99 -99 -99 -99 -99
-99 -99 -99 1.38110133813037 -99 -99 -99 -99 -99 -99
-99 -99 -99 -99 -99 -99 -99 -99 -99 -99
-99 -99 -99 -99 -99 -99 -99 -99 -99 -99
-99 -99 -99 -99 -99 -99 -99 -99 -99 -99
-99 -99 -99 -99 -99 -99 -99 -99 -99 -99
-99 -99 -99 -99 -99 -99 -99 -99 -99 -99
-99 -99 -99 -99 -99 -99 -99 -99 2.1428382574026 -99
-99 -99 -99 -99 -99 -99 -99 -99 -99 -99
-99 -99 2.26221091897552 -99 -99 -99 -99 -99 -99 -99
-99 -99 -99 -99 -99 -99 -99 -99 -99 -99
-99 -99 -99 -99 -99 -99 -99 -99 -99 1.00988431133952
-99 1.241792416189 -99 -99 -99 -99 -99 -99 -99 -99
-99 -99 -99 -99 -99 -99 -99 -99 -99 -99
-99 -99 -99 -99 -99 1.21581013246309 -99 -99 -99 -99
-99 -99 -99 0.954213914986169 -99 -99 -99 1.77181765251817 -99 -99
-99 -99 -99 -99 -99 -99 1.59276835013096 -99 -99 -99
-99 -99 -99 -99 -99 -99 -99 -99 -99 -99
-99 -99 -99 -99 -99 -0.625192931880735 -99 -0.960450532237908 -99 2.10351958514319
-99 -99 -99 -99 -99 -99 -99 -99 -99 -99
-99 -99 -99 -99 -99 -99 -99 -99 -99 -99
-99 -99 -99 -99 0.838464922065419 -99 -99 -99 -99 -99
-99 -99 -99 -99 -99 -99 -99 -99 -99 -99
-99 -99 -99 -99 -99 -99 -99 -99 -99 -99
-99 -99 2.77016451927654 -99 3.15756504911123 -99 -99 -99 -99 -99
-99 -99 -99 -99 2.53074765952387 1.90580688587771 -99 -99 -99 3.75477479525476
-99 -99 -99 -99 -99 -99 2.97159197137604 -99 -99 0.207630774855096
-99 -99 -99 -99 -99 -99 -99 -99 -99 -99
-99 -99 -99 -99 -99 -99 -99 -99 -99 -99
-0.0860768016272659 -99 -99 -99 -0.910959799264597 -99 -99 -99 -99 -99
-99 -99 0.0250582162337858 -99 -99 -99 -99 -99 -99 -99
-99 -99 -99 -99 0.282692783132325 -99 -99 -99 -99 -0.466767105117399
-99 -99 -99 2.73041873134304 -99 1.35659974919673 -99 -99 -99 -99
-99 -99 -99 -99 2.56492409496694 -99 -99 -99 -99 -99
-99 -99 -99 -99 -99 -99 -99 -99 -99 -99
0.750955016129745 -99 -99 -99 -99 -99 -99 -99 -99 -99
-99 -99 -99 -99 -99 -99 -99 -99 -99 -99
-99 -99 -99 -99 -99 2.49928115234581 -99 -99 -99 -99
-99 -99 -99 -99 -99 -99 -99 -99 -99 2.40804047354029
-99 -99 -99 -99 -99 2.8083500538693 -99 -99 -99 -99
-99 -99 -99 -99 -99 0.48233500437956 -99 -99 -99 -99
-99 -99 -99 -99 -99 -99 -99 -99 -99 -99
-99 2.3770603111189 -99 -99 -99 -99 -99 -99 -99 -99
-99 2.01106614614166 -99 -99 -99 -99 -0.576399728586324 -99 -99 -99
-99 -99 -99 -99 -99 -99 -99 1.89618214500668 -99 3.22795401636684
-99 -99 -99 -99 -99 -99 -99 -99 -99 -99
-99 -99 -99 -99 -99 -99 -0.597231863848513 -99 -99 -99
-99 -99 -99 -99 -99 -99 -99 -99 -99 -99
1.7927816029008 0.341344075534873 -99 -99 0.136963204634517 -99 -99 -99 2.56827729078317 -99
-99 -99 -99 -99 -99 -99 -99 -99 -99 -99
-99 -99 -99 -99 -99 -0.0618802511783221 -99 -99 -99 0.596719330790885
-99 -99 -99 -99 -99 -99 -99 -99 -99 -99
-99 -99 -99 -99 -99 1.72675363738444 -99 -99 -99 -99
-99 -99 -99 -99 -99 -99 -99 -99 -99 -99
2.09098803852255 -99 -99 -99 -99 -99 -99 -99 -99 -99
-99 -99 -99 -99 -99 -99 -99 -99 -99 -99
-99 -99 -99 0.715092293549017 -99 -99 -99 -99 -99 -99
-99 -99 -99 -99 -99 -99 -99 -99 -99 -99
-99 -99 -99 2.62446028649692 -99 -99 -99 -99 -99 -99
-99 -99 -99 -99 -99 -99 0.698849142548603 -99 -99 -99
-99 -99 -99 -99 -99 -99 -99 0.256636436696621 -99 1.98530289941994
-99 -99 -99 0.0445850190320494 -99 -99 -99 0.817113543025799 -99 -99
-99 -99 -99 0.811341245182757 -99 -99 -99 -99 -99 -99
-99 -99 1.78225306113958 -99 -99 -99 -99 -99 -99 -99
2.20246377864606 -99 -99 -99 -99 -99 -99 -99 -99 -99
-99 -99 0.246695503568491 -0.662252535432212 -99 -99 -99 -99 -99 -99
-99 -99 1.07505155968873 -99 -99 0.819379766612853 -99 -99 -99 -99
-99 -99 -0.328659423416457 -99 -99 -99 -99 -99 -99 -99
-99 -99 -99 0.272739696400477 -99 1.43187090262937 -99 -99 -99 -99
-99 -99 -99 -99 -99 -99 -99 -99 -99 -99
-99 -99 -99 -0.0649412374954206 -99 -99 -99 -99 -99 -99
-99 -99 1.50789825234637 -99 -99 -99 -99 -99 -99 -99
-99 -99 -99 -99 -99 0.455342232331129 -99 -99 -99 -99
-99 -99 -99 -99 -99 -99 1.05297450314798 -99 -99 -99
-99 -99 -99 -99 -99 -99 -99 2.67021180670571 -99 -99
2.69763505016571 -99 -99 -99 -99 -99 -99 -99 1.5489032942752 -99
-99 -99 1.85681716871873 -99 -99 0.934400970071315 -99 -99 -99 -99
-99 -99 -99 0.135479951845043 -99 -99 -99 -99 -99 -99
-99 -99 -99 -99 -99 -99 -99 -99 -99 -99
-99 -99 -99 -99 -99 -99 -99 -99 1.91762733534754 -99
-99 -99 -99 -99 1.22726570700889 -99 -99 -99 -99 -99
-99 -99 0.240221525486309 -99 -99 -99 -99 -99 -99 -99
-99 -99 -99 -99 -99 -99 -99 -99 -99 -99
-99 -99 -99 -99 -99 -99 -99 -99 -99 -99
-99 -99 -99 -99 0.854545539909818 -99 1.36607650855384 -99 -99 -99
-99 -99 -99 -99 -99 -99 -99 -99 -99 -99
-99 -99 -99 -99 -99 -99 -99 -99 -99 -99
-99 -99 -99 -99 -99 -99 -99 -99 -99 -99
-99 -99 -99 -99 0.806802026661638 -99 -99 -99 -99 -99
-99 0.917732456941802 -99 -99 -99 -99 -99 -99 -99 -99
-99 -99 -99 -99 -99 -99 -0.151085045151196 -2.40773878024385 -99 -99
-99 -99 -99 0.403691417409367 -99 -99 -99 -99 -99 -99
0.324394712021806 -99 -99 -99 -99 -99 -99 -99 -99 -99
-99 4.36499542663727 -99 -99 -99 -99 -99 -99 -99 -99
-99 -99 -99 -99 -99 -99 -99 -99 -99 -99
-99 -99 0.63782843710446 -99 -99 -99 -99 -99 -99 -99
-99 2.66588149516063 -99 -99 -99 0.358681722854385 -99 -99 -99 -99
-99 0.831894381266255 -99 -99 -99 -99 -99 -99 0.85010531740298 -99
-99 -99 -99 -99 1.00668824229404 -99 -99 -99 1.02668895616375 -99
-99 -99 -99 -99 -99 -99 -0.753422277074006 -99 -99 -99
-99 -99 -99 -99 -99 -99 -99 -99 -99 -99
-99 -99 -99 -1.05965438129413 -99 -99 -99 -99 -99 0.804599486522668
-99 -99 -99 0.281038399573093 -99 -99 -99 -99 -99 -99
1.65912895453939 -99 -99 1.30828523604043 -99 -99 -99 -99 -99 -99
-99 -99 -99 -99 -99 -99 -99 -99 -99 -99
-99 0.702900723098048 -99 -1.61034938592184 -99 -99 -99 -99 -99 -99
-99 -99 -99 -99 -99 -99 -99 -99 -99 -99
-99 -99 -99 -99 -99 -99 0.0781602597977898 -99 -99 0.963578327152389
-99 -99 -99 -99 -99 -99 -99 -99 -99 -0.689799834101311
-99 0.41810209133874 -99 -99 -99 -99 -99 -99 1.79303715154491 -99
-99 3.03243130630154 -99 -99 -99 -99 -99 -99 -99 -99
-99 -99 -99 -99 -99 -99 -99 -99 0.0186003954670688 -99
-99 -99 -99 -99 -99 -99 -99 -99 -99 -99
-99 -99 -99 -99 -99 -99 -99 -99 -0.473988380403966 -99
-99 -99 -99 -99 -99 1.60751673067539 -99 -99 -99 -99
-99 -99 -99 -99 -99 -99 -99 -99 2.26596465751907 -99
-99 -99 -99 -99 -99 -99 -99 -99 -99 -99
-99 -99 -99 -99 -99 -99 -99 -99 -99 0.795806695078666
-99 1.29555356396046 -99 2.24883855234181 -99 -99 -99 0.137214113365653 -99 0.47598836432297
-99 -99 -99 -99 -99 -99 -99 -99 -99 -99
-99 -99 -99 -99 -99 -99 -99 -99 0.177854105027361 -99
-99 -99 -99 -99 -0.707919127663041 -99 -99 -99 -99 -99
-99 -99 -99 -99 -99 -99 -99 -99 -99 -99
-99 -99 -99 -99 -99 -99 -99 -99 -99 -99
-99 -99 -99 -99 -0.472622697815774 -99 -2.87882803467431 -99 -99 -99
-99 -99 -99 -99 -99 -99 3.51981487222826 -99 -99 -99
-99 -99 -99 -99 -99 -99 -1.67040266299178 -99 -99 -99
-99 -99 -99 -99 -99 -99 -99 -99 -99 -99
-99 -99 -99 -0.981341633963503 -99 -99 -99 -99 -99 0.258042807668972
1.15907906639429 -99 0.352024603466902 -99 -99 -99 -99 -99 -99 -99
-99 -99 -99 -99 -99 -99 -99 -99 -99 -99
-99 -99 -99 -99 -99 -99 -99 -99 -99 0.537569944075672
-99 -99 -99 -99 -99 -99 -99 -99 -99 -99
-99 -99 -99 -99 -99 -99 -99 -99 -99 -99
-99 -99 -99 -99 2.08957097498631 0.857584252273376 -99 -99 3.35686239987291 -99
-99 -99 -99 -99 -99 2.31472680490656 -99 -99 -99 -99
-99 -99 -99 -99 -99 -99 -99 -99 -99 -1.43171368264887
-99 -99 -99 -99 -99 -99 -99 1.70870602410166 -99 -99
-99 -99 -99 -99 -99 -99 -99 2.17879674788304 1.62697534439144 -99
-99 -99 -99 -99 -99 -99 -99 -99 -99 -99
-0.0583120707363074 -99 -99 -99 -99 -99 -99 -99 -99 -99
-99 -99 -99 -99 -99 -99 -99 3.32546431159664 -99 -99
0.49549121491806 -99 -99 -99 -99 2.45385671727289 -99 -99 -99 -99
-99 -99 -99 -99 -99 -99 -99 -99 -99 -99
-99 -99 -99 -99 -99 -99 -99 -99 -99 -99
-99 -99 -99 -99 -99 -99 -99 -99 -99 1.02117546240186
-99 -99 -99 -99 -99 -99 -99 3.28639923772849 -99 -99
-99 -99 -99 -99 -99 0.266002704427057 -99 -99 -99 -99
-99 0.809617520963754 -99 -99 0.277139384785864 -99 -99 -1.5414643019669 -99 -99
-99 -99 -99 -99 1.4691965270983 -99 -99 -99 -99 -99
-99 -99 -99 -99 -99 -99 -99 -99 -99 -99
-99 -99 -99 -99 -99 -99 -99 -99 -99 -99
-99 -99 -99 -99 -99 -99 -99 -99 -99 4.0227242909277
-99 -99 -99 -99 -99 0.316593457110267 -99 -99 -99 -99
-99 -99 -99 -99 -99 -99 -99 -99 -99 -99
-99 -99 -99 -99 -0.305650214471198 -99 -99 -99 -99 -99
-99 -99 -99 2.27625124638002 -99 -99 -99 -99 -99 -99
-99 2.94191752561709 -99 2.34352800855002 -99 -99 -99 -99 -99 -99
-99 -99 -99 -99 -99 -99 2.89508365957844 -99 -99 -99
-99 -99 -99 -99 -99 -99 -0.850238910482568 -99 -99 -99
-99 2.926654460036 -99 -99 -99 -99 -99 3.62246072069266 -99 -99
-99 -99 -99 -99 -99 -99 -99 -99 -99 -99
-99 -99 -99 -99 -99 -99 0.684812220331372 -1.16754145359046 -99 -99
-99 -99 -99 -99 -99 -99 -99 -99 -99 -99
-99 -99 -99 -99 -99 -99 -99 -99 -99 -99
-99 -99 -99 -99 -99 -99 -99 -99 -99 -99
-99 -99 -99 -99 -99 2.30404369723171 -99 -99 -99 3.45601536326405
-99 -99 -99 -99 -99 -99 -99 -99 1.95543038669313 -99
-99 -99 -99 -99 -99 -99 -99 -99 -99 -99
-99 -99 -99 -99 -99 -99 -99 -99 2.70774935049637 -99
-99 -99 -99 -99 -99 -99 -99 -99 -99 -99
-99 -99 -99 -99 -99 -99 -99 -99 -99 -99
-99 -99 -99 -1.01530897922223 -99 -99 -99 0.374947432440638 -99 -99
0.720008392618432 -99 -99 -99 -99 -99 -99 -99 -99 -99
-99 -99 -99 -99 -99 -99 -99 -99 3.38035545213736 -99
-99 -99 -99 -99 2.14329780137376 -0.844628744957076 -99 -99 -99 -99
-99 -99 -99 -99 -99 -99 -0.243240661722345 -99 -99 1.48817644919452
-99 -99 2.31509513943357 3.31740192216885 -99 -99 -99 -99 -99 -99
-99 -99 -99 -99 -99 -99 -99 -99 -99 -99
-99 -99 -99 -99 1.80005396152555 -99 -99 -99 -99 -99
-99 -99 2.59232699259004 -99 -99 -99 -99 -99 -99 -99
-99 -99 -99 -99 -99 -99 -99 -99 -99 -99
-99 -99 -99 -99 -99 -99 -99 -99 -99 -99
-99 -99 -99 -99 -99 -99 -99 0.714946989644802 -99 -99
-99 -99 -99 0.189251640470345 -99 -99 -99 0.154297380169242 -99 -99
-99 -99 -99 -99 -99 -99 -99 -99 -99 -99
2.4366465194982 -99 -99 -99 -99 -99 -99 -99 -99 -99
-99 -99 -0.424798409213086 -99 -99 -99 -99 -99 -99 -99
-99 -99 -99 -99 -99 -0.997694409613012 -99 -99 -0.0680672089879923 -0.0500812302426956
-99 -99 -99 0.379691692609366 -99 -99 -99 -99 -99 -99
-99 -99 0.540022088277127 -99 -99 -99 -99 -99 -99 -99
1.20820698446409 -99 -99 -99 -99 -99 -99 -99 -99 -99
-99 -99 -99 -99 -99 -0.153554520797555 -99 -99 -99 -99
-99 -99 -99 -99 -99 -99 -99 -99 -99 -99
0.422617815969207 -99 -99 -99 -99 -99 2.88557050784324 -99 3.06094616957794 -99
-99 -99 -99 -99 -99 -99 -99 -99 -99 -99
-99 -99 -99 -99 -99 -99 -0.582523205754256 -99 -99 -99
-99 -99 -99 -99 -99 1.1192006426459 -99 -99 -99 -99
-99 1.09854714688681 -99 -99 -99 -99 -99 -99 -99 -99
-99 -99 -99 -99 -99 -99 -99 -99 -99 -99
-99 -99 -99 -99 2.07610856829685 -99 -99 -99 -99 -99
-99 -99 -99 -99 -99 -99 -99 -99 -99 -99
-99 -99 -99 -99 -99 -99 -0.0926549809475898 -99 -99 -99
-99 -99 -99 -99 -99 -99 -99 -99 -99 -99
-99 -99 -0.466024884989875 -99 -99 -99 -99 0.980707323287269 0.868219079494981 -99
-99 -99 -99 -99 1.72763627652961 -99 -99 -99 -99 -99
-99 -99 -99 -99 -99 -99 -99 -99 -99 -99
-99 -99 -99 -99 -99 1.65989755194913 -99 -99 -99 -99
-99 2.65760757308661 1.39801117783543 -99 -99 1.08318974628499 -99 -99 -99 -99
-99 -99 -99 -99 -99 -99 -99 -99 1.22502826154126 -99
-99 -99 -0.945873325988289 -99 -99 -99 -99 -99 -0.138208010315217 -99
-99 -99 1.49423047290689 -99 -99 -99 -99 -99 -99 0.765078436337769
-99 2.27709499320545 -99 -99 -99 -99 2.37245672490191 -99 -99 -99
-99 -99 -99 -99 -99 -99 -99 -99 -0.353784771992381 -99
-99 -99 -99 -99 -99 -99 -99 -99 -99 -99
-99 -99 -99 -99 -99 -99 -99 -99 -99 -99
-99 -99 -99 -99 -99 -99 -99 2.01994763252969 -99 -99
-99 -99 0.673009464753674 -99 -99 -99 -99 -99 -99 -99
-99 -99 -0.669949882809274 -99 -99 -99 -99 -99 -99 -99
-99 -99 -99 -99 -99 -99 -99 -99 -99 -99
-99 -99 -99 -99 -99 -99 -99 -99 -99 3.53221973813232
-99 -99 -99 1.16572522753413 -99 -99 -99 -99 -99 -99
-99 -99 -99 1.17827008915652 -99 -99 3.03585423328691 -99 -99 -99
-99 -99 -99 -99 -99 1.58029518453916 -99 -99 -99 -99
-99 1.78081493021623 -99 -99 -99 0.332870489305473 -99 -99 -99 -99
-99 -99 -99 -99 -99 -99 -99 -99 -99 -99
-99 -99 -99 -0.113206497218496 -99 -99 -99 -99 -99 -99
-99 -99 -99 -99 -99 -99 -99 -99 -99 -99
-99 -99 -99 -99 0.275952001630476 -99 0.217771466220978 -99 0.557620860294717 -99
-99 -99 -99 -99 -99 -99 -99 -99 -99 -99
-99 2.31588873892296 -99 -99 -99 -0.180195987489091 -99 -99 1.0009914272345 -99
-99 -99 -99 -99 -99 -99 -99 -99 -99 -99
-99 -1.32801807065392 -99 -99 -99 -99 -99 -99 -99 -99
-99 -99 -99 0.277858408243277 -99 -99 -99 -99 -99 -99
-99 3.50942004101857 -99 -99 -99 -99 -99 -99 -99 -99
-99 -99 -99 -99 -99 -99 -99 2.77792001372631 -99 -99
-99 -99 -99 -99 -99 -99 -99 -99 -99 -0.0187551751344128
-99 -99 -99 -99 -99 -99 1.08991329300896 -99 -99 -0.387663117194617
-99 -99 -99 -99 -99 0.157675446751611 -99 -99 -99 -99
-99 -99 -99 -99 -99 -99 -1.14385781011384 -1.65146377355069 -0.161468295934624 -99
-99 -99 -99 -99 -99 -99 -99 -99 -99 -99
-99 -99 -99 -99 -99 -99 -99 -99 -99 -99
-99 -99 -99 -99 -99 -99 -99 -99 -99 -99
-99 2.14463922387051 0.812302755252071 -99 -99 -99 -99 -99 -99 -0.849069254686799
-99 -99 -99 -99 -99 -99 -99 -99 -99 -99
-99 -99 -99 -99 -99 -99 1.07259540011589 -99 -99 -99
-99 -99 -99 -99 -99 -99 -99 -99 -99 0.908054674630075
-99 -99 -99 -99 -99 -99 -99 -99 -99 -99
-99 -99 -99 -99 -99 -99 -99 -99 0.700161147569414 -99
-99 -99 -99 -99 1.40857915076113 -99 -99 -99 2.06180180964131 -99
-99 -99 -99 0.432810019796091 -99 -99 -99 -99 -99 0.608881141721447
-99 -99 -99 -99 -99 -99 -99 -99 -99 -99
-99 -99 -99 0.891455932445774 1.6944360096655 -99 -99 -99 -0.826921728416094 -99
-99 -99 -99 -99 1.55976896174135 -99 -99 -99 -99 -99
0.248793469825091 -99 -99 -99 -99 -99 1.63063362090084 -99 -99 -99
-99 -99 -99 -99 -99 -99 -99 -99 -99 0.805740128291123
-99 -99 -99 -99 -99 -99 -99 -99 -0.953191834324564 0.119783686394891
-99 -99 -99 -99 -99 -0.67331874988397 -99 1.89402343147682 -99 -99
1.08607801198491 -99 -99 -99 -99 -99 -99 -99 -99 -99
-99 -99 -99 -99 -99 -99 -99 0.572855616974114 -99 -99
-99 -99 -99 -99 -99 -99 -99 -99 -99 -99
-99 3.43700035272999 -99 -99 -99 -99 1.54830971605447 -99 -99 -99
-0.77859812279193 -99 -99 -99 -99 -99 -99 -99 -99 -99
-99 -99 -99 -99 -99 -99 -99 -99 -99 -99
-99 -99 -99 -99 -99 -99 -99 -99 -0.300800984556499 -99
-99 -99 -99 -99 0.687636377583586 -1.84313124666831 -1.16490456115548 -99 -99 -99
-99 -99 -99 -99 -99 -99 -99 -99 -99 -99
-99 -99 -99 -99 -99 -99 -99 -99 -99 0.236093882442813
-99 -99 -99 -99 -99 -99 0.665024697205208 -99 -99 -99
2.79117488179057 -99 -99 -99 -99 -99 1.28606504742038 -99 -99 -99
2.84145611218047 -99 -99 -99 -99 -99 -99 -99 -99 -99
2.55001668985777 -99 2.91517112962923 -99 -99 -99 -99 -99 -99 -99
-99 -99 2.13011334824478 -99 -99 -99 -99 1.62388406271111 -99 -99
-99 -99 -99 -99 -99 -99 -99 -99 -99 -99
-99 3.49011151434054 -99 -99 -99 -99 -99 -99 -99 -99
-99 -99 2.28854644438085 -99 -99 -99 -99 1.91335786357733 -99 -99
-99 -99 -99 -99 -99 -99 -99 -99 -99 -99
-99 2.12492233967763 -99 -99 2.05067702874464 -99 -99 -99 -99 -99
-99 -99 -99 -99 -99 -99 4.19857891036048 -99 -99 -99
-0.627944706966341 -99 -99 -99 -99 -99 -99 -99 -99 -99
-99 -99 -99 -99 -99 -99 -99 -99 -99 -99
-99 -99 -99 -99 -99 1.52428683671191 -99 -99 -99 -99
-99 -99 -99 -99 -0.280825462328391 -99 -99 -99 -99 -99
-99 -99 -99 -99 -99 -99 -99 -99 -99 -99
-99 -99 -99 -99 -99 -99 -99 -99 -99 -99
-99 -99 -99 -99 -99 -99 -99 -99 -99 -99
-99 -99 -99 -99 0.353967983988366 -99 -99 -99 -99 -0.331551369843913
-99 -99 -99 -99 0.0166721882357823 -99 -99 -99 -99 -99
-0.591981768306794 -99 -99 -99 -0.989392827515494 -99 -99 -99 -99 -99
-99 -99 -99 -99 -99 -99 -99 -99 -99 -99
-99 -99 -1.73779991216292 -99 -99 -99 -99 -99 -99 -99
-99 -99 -99 -99 -1.53896452362557 -99 -99 -99 -99 -99
-99 -99 -99 -99 -99 0.132961100451948 -99 -99 -99 -99
-99 -99 -99 -99 -99 -99 -99 -99 -99 -99
-99 -99 -99 -0.961470632117162 -99 -0.249317613055887 -99 -99 -99 -99
-99 -99 -99 -99 -99 -99 -99 -99 -99 -99
-99 -99 -99 -99 -99 -99 -99 -99 -99 -99
3.58043647887642 -99 -99 -99 -99 -99 -99 -99 -99 2.32197455881627
-99 -99 -99 -99 -99 -99 -99 -99 -99 3.46510928241754
-99 -99 -99 -99 -99 -99 -99 -99 -99 -99
-99 -0.0788079836103415 -99 -99 -99 -99 -99 -99 -99 -99
-99 -99 -99 -99 -99 -99 -99 -99 -99 -99
-99 -99 -99 -99 -99 -99 -0.081226501140508 -99 -99 -99
-99 -99 -99 0.195743015187162 -99 -99 -1.28699544395856 -99 -99 -99
-99 1.4330302662122 -99 -99 -99 -99 -99 -99 -99 -99
-99 -99 -99 -99 -99 -99 -99 -99 -99 -99
-99 -99 -99 -99 -99 -99 -99 2.4815234630947 -99 -99
-99 -99 -99 -99 -99 -99 -99 -99 -99 -99
-99 -99 -99 -99 -99 -99 -99 -99 -99 -99
-99 -99 -99 -99 -99 -99 -99 -99 2.14119081397597 -99
-99 -99 -99 -99 -99 -99 -99 -99 -99 -99
-99 -0.755613585688158 -99 -99 -99 -99 -0.410556995031031 -99 -99 -99
-99 -99 -99 -99 -99 -99 -99 -99 -99 -99
-99 -99 3.64363429076822 -99 -99 -99 -99 1.81488281325136 -99 -99
-0.734090629384518 2.50788529084326 -99 -99 1.51365451323278 -99 -99 1.59631605990127 -99 -99
-99 -99 -99 -99 -99 -99 0.652498919345122 -99 -99 -99
-99 -99 -99 -99 -99 -99 -99 -99 -99 -99
-99 -99 -99 -99 0.00913581233516181 -99 -99 -99 -99 -99
-99 -99 -99 -99 2.51836109820476 1.64203542054813 -99 -99 -99 -99
-99 -99 -99 -99 -99 -99 -99 -99 -99 -99
-99 -99 -99 -99 3.44382055370659 -99 -99 -99 -99 -99
-99 -99 -99 -99 -99 -99 -1.05094574516832 -99 -99 -99
-99 -99 -99 -99 -99 -99 -99 -99 -99 -99
-99 0.424193196264707 2.9326541901282 -99 -99 -99 -99 -99 -99 -99
-99 -99 -99 -99 -99 -0.462097403962554 -99 -99 -99 -99
-99 -99 -99 1.19644401161821 -99 -99 0.183457885688334 -99 -99 -99
-99 -99 2.43286278552147 1.96291766580922 -99 2.48017782580747 -99 -99 -99 -99
-99 -99 -99 -99 -99 -99 -99 -99 -99 -99
-99 -99 -99 -99 -99 -99 -99 -99 -99 0.782042020907492
-99 -99 -99 -99 -99 -99 -99 -99 -99 0.486247270217952
-99 -99 -99 -99 -99 -99 -99 3.04566591105042 -99 -99
-99 -99 -99 -99 -99 -99 -99 -99 -99 -99
-99 -99 -99 -99 -99 0.370966352451815 -99 -99 -99 -99
-99 -99 -99 -99 -99 -99 -99 -99 -99 -99
-99 0.416255250330726 -99 -99 -99 -99 -99 -99 -99 -99
-99 -99 -99 -99 0.276682662634861 -99 -99 0.515792747374844 -99 -99
-99 -99 -99 -99 -99 -99 -99 -99 -99 -99
-99 -99 -99 -99 -99 -99 -99 -99 -99 -99
-99 -99 -99 -99 -99 -99 -99 -99 -99 -99
0.705835346799939 -1.53316113768574 -99 -99 -99 -99 -99 -99 -99 -99
-99 -99 -99 -99 -99 -99 -99 -99 -99 -99
-99 -99 -99 -1.4243185552487 -99 -99 -0.168036857978392 -99 -99 -99
-99 -99 -99 -99 -99 -99 -99 -99 -99 -99
-99 -99 -99 -99 -99 -99 -99 -99 -99 -99
-99 -99 -99 -99 -99 0.140133431742781 -99 1.05437045579677 -99 -99
-99 -99 -99 -99 -99 -99 -99 -99 -99 -0.125936032458828
-99 -99 -99 -99 -99 -99 -99 -99 2.99815593917744 -99
-99 -99 -99 -99 -99 -99 -99 -99 -99 -99
-99 -99 -99 1.50029085780467 -99 -99 -99 3.75203049274359 -99 -99
-99 -99 -99 -99 -99 -99 -99 -99 -99 -99
1.13955286127189 -99 -99 -99 -99 -99 -99 -99 -99 -99
-99 -99 -99 -99 -0.394373691412897 -99 -0.00694625516917258 -99 -99 1.49878668204939
-99 -99 -99 -99 -99 -99 -99 -99 -99 -99
-1.41264542644394 -99 -99 -99 -99 -99 -99 -99 -99 -1.58487267324865
-99 -99 -99 -99 -99 -99 -99 -99 1.33000566936113 -99
-99 -99 -99 -99 -99 -99 -99 -99 1.36009035886396 -99
-99 -99 -99 -99 -99 -99 -99 -99 -99 -99
-99 -99 -99 -99 -99 -99 -99 -99 -99 -99
-99 -99 -99 -99 -99 -99 -99 -99 -99 -99
-99 -99 -99 -99 -99 -99 2.44008462655696 -99 -99 -99
-99 -99 -99 -99 -99 -99 -99 1.87895263581114 -99 -99
-99 -99 -99 -99 -99 -99 -99 -99 1.65337989556711 -99
-99 -99 -99 -99 -99 -99 -99 -99 -99 -99
-99 -99 -99 -99 -99 -99 -99 -99 -99 -99
-99 -99 -99 -99 -99 2.98609021360105 -99 -99 -99 -99
-0.382452659074961 -99 -99 -99 -99 -99 -99 -99 0.387062852632907 -99
-99 -99 -99 1.23019413303215 -99 -99 -99 -99 -99 -99
-99 -99 -99 -99 -99 -99 -99 -99 -99 -99
-99 -99 -99 -99 -99 -99 -99 3.01461138436988 -99 -99
-99 0.681348443100262 -99 -99 -99 -99 -99 -99 -99 -99
-99 -99 -99 -99 -99 -99 -99 -99 -99 -99
-99 -99 -99 -99 -1.68459495756695 -99 -99 -99 -99 -99
-99 -99 -99 -99 -99 -99 -99 -99 -99 -1.08912179086659
-99 -99 -99 -99 -99 -99 -99 -99 -99 -99
-99 -99 -2.03021944684545 -1.33898222991507 -99 -99 -99 -99 -99 -99
-99 -99 -99 -99 -99 -99 -99 -99 0.0500630456459717 -99
-99 -2.00652803527231 -99 -99 -99 -0.756427084804987 -99 -99 -99 -99
-99 -99 -99 -99 -99 -99 -99 -99 0.643071860050825 -99
-99 -99 -99 -99 -99 -99 0.483092900436748 -99 -99 -99
-99 -99 -99 -99 -99 -99 -99 2.18405810035661 -99 -99
-99 -99 -99 -99 -99 -99 -99 -99 -99 -99
-99 -99 -99 -99 -99 -99 -99 -3.33768019788921 -99 -99
-99 -99 -99 0.428436421401382 -99 -99 -99 -99 -99 -99
-99 -99 -99 -99 -99 -99 -99 -99 -99 -99
-99 -99 -99 -99 -99 -99 -99 -99 -99 -99
-99 -99 -99 -99 -99 -99 -99 -99 -99 -99
-99 -0.99953658865741 -99 -99 -99 -99 -99 -99 -99 -99
-99 -99 -99 -99 0.607340873075039 -99 -0.187472358964833 -99 -99 -99
-99 2.16362961017304 -99 -99 1.47967937500489 -99 -99 -99 -99 -99
-99 -99 -99 -99 -99 -99 -99 -99 -99 1.46043362928461
-99 -99 0.317655097452849 -99 -99 -99 -99 -99 -99 -99
-99 -99 -99 -99 -99 -99 -99 -99 -99 -99
-99 -99 -99 -99 -99 -99 -99 -99 -99 -0.619588012940472
-99 3.17162411180331 -99 -99 -99 -99 2.48495853279386 -99 -99 2.07557463623235
-99 -99 -99 -99 -0.00157271462126496 -99 -99 -99 -99 0.724304251836023
-99 -99 -99 -99 -99 -99 -99 -99 -99 -99
-99 -99 -99 1.02821428003092 -99 -99 -99 -99 1.78807420003657 -99
-99 -99 -99 -99 -99 -99 -99 -99 -99 -99
-99 -99 -99 -99 -99 0.390620191837811 -99 -99 -99 -99
-99 -99 -99 -99 -99 -99 -99 -99 -99 -99
-99 -99 -99 -99 -99 -99 -99 -99 -99 -99
-99 -99 -99 -99 -99 -99 -99 -99 -99 -99
-99 -99 0.906247910133249 0.130671774292211 -99 -99 -99 -99 -0.00944751518753439 -99
-99 -99 -99 -99 -99 -99 0.0985426619023622 -99 -99 -99
-99 -99 -99 -99 -99 -99 -99 -99 -99 -99
-99 -99 -99 -99 0.847724422076797 -99 -99 -99 -99 -99
-99 -99 -99 -99 -99 -99 -99 -99 -99 0.255811929775388
-99 -99 -99 -99 2.15843175439179 -99 -99 -99 -99 -99
-99 -99 -99 -99 -99 -99 -99 -99 -99 -99
-99 -99 -99 3.54527894854701 -99 -99 -99 -99 -99 -99
-99 -99 -99 -99 -99 -99 -99 -99 -99 -99
-99 -99 -99 -99 -99 -99 -99 -99 0.790638321504963 -99
-99 -99 -99 -99 -99 -99 3.48432869197714 -99 -99 -99
-99 -99 -99 -99 -99 -99 -99 -99 -99 -99
-99 -99 -99 -99 -99 -99 -99 -99 -99 -99
-99 -99 2.02570185280322 -99 -99 -99 -99 3.97840757701724 -99 -99
-99 -99 -99 -99 -99 -99 -99 -99 -99 1.20448756146501
0.10511004923507 -99 1.39439307916913 -99 -99 -99 -99 -99 -99 -99
-99 -99 -99 -99 -99 -99 -99 -99 -99 -99
0.231564810425191 -99 -99 -99 -99 -99 -99 -99 -99 -99
3.04951502824683 -99 -99 -99 -99 -99 -99 -99 -99 -99
-99 -99 -99 -99 -99 -99 -99 -99 -99 -99
-99 -99 -99 -99 -99 -99 -99 -99 -99 -99
-99 -99 -99 1.86386721873442 0.403172343731757 -99 -99 -99 -99 0.178849406864213
-99 -99 1.49548354302819 -99 -99 -99 -99 -99 -99 -99
-99 -99 -99 -99 -99 -99 -99 -99 -99 -99
-99 -99 0.721864924177563 -99 -99 -99 -99 -99 -99 -99
-99 -99 -99 -99 -99 -99 -99 -99 -99 -99
-99 0.439649317651925 -99 -99 -99 -99 -99 -99 -99 -99
-0.676427887481128 -99 -0.517574210147796 -99 -99 -99 -99 -99 -99 -99
-99 -99 -99 -99 -99 -99 -99 -99 -99 -99
-99 -99 0.544798422177858 -99 -99 -99 -99 -99 -99 -99
-99 -99 -99 -99 -99 -99 -99 -99 -99 0.50066291920951
-99 -99 -99 -99 -99 -99 -99 -99 -99 -99
-99 -99 -99 -99 -99 -99 -99 -99 -99 -99
-99 -99 -99 -99 -99 -99 -99 -99 -99 -99
-99 -99 -99 -99 -99 -99 -99 -99 -99 1.46589782017539
-99 -99 2.40539497145487 -99 1.56618373097144 -99 -99 -99 -99 3.59813707815609
0.289300991977496 -99 -99 0.596458997840921 -99 -99 -99 -99 0.255441916072758 -99
-99 -99 -99 -99 -99 2.58999274274802 -99 -99 -99 -99
-99 -0.0971979340248419 -99 0.775037221041614 -99 -99 -0.242743933914106 -99 -99 -99
-99 -99 1.40218377878876 -99 -99 -99 -99 -99 -99 -99
-99 2.08302388113816 -99 -99 -99 -99 -99 -99 -99 -99
-99 -99 -99 -99 0.642757507661073 -99 -99 -99 -99 -0.642890996121614
-0.263995905224382 -99 -99 -99 -99 -99 -99 -99 -99 -99
-99 -99 -99 -99 -99 -99 -99 -99 -99 -99
-2.38128916351066 -99 -99 -99 -99 -99 -99 -99 -99 -99
-99 1.09208117799667 -2.51350043375401 -99 -99 -99 -99 -99 -99 -99
-99 0.72726966614544 -99 0.77406627071415 -99 -99 -99 -99 -99 -99
-99 -99 -99 -99 -99 2.98925700662412 -99 -99 -99 -99
0.375566434586142 1.73492136941538 -99 -99 -99 -99 -99 -99 -99 -99
-99 -99 -99 -99 -99 -99 -99 -99 -99 -99
-99 -99 1.10687680157037 -99 -99 -99 -99 -99 -99 -99
-99 -99 -99 -99 0.0724493467893791 1.03274219237491 -99 -99 -99 -99
-2.90063535730555 -99 -99 -99 -99 -99 -99 -99 -99 -1.63120756620638
-99 -99 -99 -99 -99 -99 -0.141191920416909 2.34567384372531 -99 -99
-99 -99 0.624476570136248 -99 -1.30791658527532 -99 -99 -99 -99 -99
-99 -99 -99 -99 2.75688840604718 -99 -99 1.51615218680551 -99 -99
-99 -99 -99 -99 -99 -99 -99 -99 1.87389332255282 -99
-99 -99 -99 -99 -99 -99 -99 -99 -99 -99
-99 -99 -99 -99 -99 -99 -99 -99 1.01345445836682 -99
-99 -99 -99 -99 -99 -99 -99 -99 -99 -99
-99 -99 1.29758194464954 -99 -99 -99 0.767077435079981 -99 -99 -99
-99 -99 -99 -99 -99 -99 -99 -99 -99 2.42774962672608
-99 -99 -0.227387403301233 -99 -99 -99 -99 -99 -99 -99
-99 -99 -99 -99 -99 -99 -99 -99 -99 -99
-99 -99 -99 -99 -99 -99 -99 -99 -99 -99
-99 -99 0.43231464189062 -99 2.76201483174439 1.40911532958898 1.71784725804031 -99 2.25209314924753 -99
-99 -99 -99 -99 -99 -99 -99 -99 0.639828119689765 -99
-99 -99 -99 -99 -99 -99 -99 -99 -99 -0.867984959959208
-99 -99 0.187287709620279 -99 -99 -99 -99 -99 -99 -99
-99 0.799313351917634 -99 -99 -99 -99 -99 -99 -99 -99
-99 -99 -99 -99 -99 -99 -99 -99 -99 -99
-99 -99 -99 -99 -99 -99 -99 -99 -99 -99
2.82163431083436 -99 -99 -99 -99 -99 -99 -99 0.769614338129386 -99
-99 -99 -99 -99 -99 -99 -99 -99 -99 -99
-99 -99 -99 -99 -99 -99 -99 -99 -99 -99
-99 -99 -99 -99 -99 -99 -99 -99 -99 -99
-99 -99 -99 -99 -99 -99 -99 -99 -99 -99
-99 -99 -99 -99 -99 1.95611012094918 -99 -99 -99 -99
-99 -99 -1.55934900204576 0.150319253082813 -99 -99 -99 -99 -99 -99
-99 -99 -99 -99 -99 2.54071958703594 -99 -99 -99 -99
1.23767470846074 -99 -99 -99 -99 -99 -99 -99 -99 -99
-99 -99 -99 -99 -99 -99 -99 -99 -99 0.937821551490666
-99 -99 -99 -99 -99 -99 -99 -99 -99 -99
-99 -99 -99 -99 -99 -99 -99 -99 -99 -99
-99 -99 -99 -99 -99 -99 -99 -99 -99 -99
-99 -99 -99 -99 -99 0.716151703985662 -99 2.04549170457112 -99 -99
-1.3630083749779 -99 -99 -99 -99 -99 -99 -99 -99 -99
-99 -99 -99 -99 -99 -99 -99 -99 -99 -99
-99 -99 -99 -99 -99 0.643186071056696 -99 -99 -99 -99
-99 -99 -99 -99 -99 -99 -99 -99 -99 -99
-99 -99 -99 -99 -99 -99 -99 -99 -99 -99
-99 -99 -99 -99 -99 -99 -99 -99 2.6606070777408 -99
-99 -99 -99 -99 -99 -99 -99 -99 -99 -99
-99 -99 -99 -99 -99 -99 -99 -99 -0.0357669429263494 -99
-99 -99 -99 -99 -99 -99 -99 -99 -99 -99
-99 -99 -99 -99 -99 -99 -99 0.815469698049302 -99 -99
2.36845105905379 -99 -99 -99 -99 -99 -99 -99 -99 -99
-99 -99 -99 -99 -99 -99 -99 -99 -99 -99
-99 -99 -99 -99 -99 -99 -99 -0.527458823046966 -99 -99
-99 0.783541630055755 -99 -99 -99 -99 -99 -99 -99 -99
-99 -99 -99 -99 -0.975563502458349 -99 -99 -99 -99 -99
-99 -99 -99 1.40126706636491 -99 -99 -99 1.58492182805146 -99 -99
-99 -99 -99 -99 -99 -99 -99 -99 -99 -99
-99 -99 -0.972941938369307 -99 -99 -99 -0.401673562974585 -99 -99 -99
-99 -99 -99 -99 -99 -99 -99 -0.914407768774704 -99 -99
-99 -99 -99 -99 0.13599390611925 -99 -99 -99 -99 -99
1.50047130611391 -99 -99 -99 -99 -99 -99 -99 -99 -99
-99 -99 -99 -99 -99 1.73597339584278 -99 -99 -99 -99
0.815599974133247 -99 -99 -99 -99 -99 -99 -99 -99 -99
-99 -99 -99 -99 -99 -99 -99 -99 -99 -99
-99 -99 -99 -99 -99 -99 -99 -99 -99 -99
-99 -99 -99 -99 2.60240337297169 -99 -99 3.37472490743193 -99 -99
-99 -99 -99 -99 -99 -99 -99 -99 -99 -99
-99 -99 -99 -99 -99 -99 -99 -99 -99 -99
-99 -99 0.0667584932075651 -99 -99 3.23075931517412 -99 -99 2.54947682772887 -99
-99 -99 -99 -99 -99 -99 -99 -99 -99 0.61695997533044
3.11852949894426 -99 -99 -99 -99 -99 -99 -99 -99 -99
-99 -1.38267143284853 -1.30489679192102 -1.54257225982345 -99 -0.552200742890796 -99 -0.276257301373255 -99 -99
0.98241851492586 -99 -99 -99 -99 -99 -99 0.784866598365186 -99 -99
-99 0.244387465140566 -99 -99 -99 -99 -99 -99 -99 -99
-99 1.28819933279243 -99 -99 -99 -99 -99 1.06991474815954 1.27357670819767 -99
-99 -99 -99 -99 0.89267239352124 -99 -99 -99 -99 -99
-99 -99 2.85320358777009 -99 -99 -99 -99 -99 -99 -99
-99 -99 -99 -99 -99 -99 -99 -99 -99 -99
-99 -99 -99 -99 -99 -99 -99 -99 -99 -99
-99 -99 -99 -99 -99 -99 -99 -99 -99 -99
-99 -99 -99 -0.537573656638575 -99 -99 -99 -99 -99 -99
-99 -99 -99 -99 -99 -99 -99 -99 -99 -99
-99 -99 1.18245858261069 -99 -99 -99 -99 -99 -99 -99
3.14117381640877 -99 -99 -99 -99 -99 -99 -99 -99 -99
-99 -99 -99 -99 -99 -99 -99 -99 -99 -99
-99 0.896494372594096 -99 -99 -99 -99 -99 -99 -99 -99
-99 -99 -99 1.41856041000645 1.71545766036737 -99 -99 -99 -99 -99
-99 -99 -99 -99 -99 0.922492384679225 -99 0.48002997077435 -99 -99
-99 -99 -0.312227957478167 -99 -99 -99 -99 -99 0.357801662909412 -99
-99 -99 -0.197478537305402 -99 -99 -99 -99 -99 -99 -99
-99 -99 -99 -99 0.170582868130093 -99 -0.000140316032840371 -99 2.00653734487081 -99
-99 -99 -99 -99 -99 -99 -99 -99 -99 -99
-99 -99 -99 -99 -99 -99 -99 -99 -99 -99
-99 -99 -99 -99 -99 -99 -99 -99 -99 -99
-99 -99 2.68766690467956 -99 -99 -99 -99 -99 -99 2.69435659667144
-99 -99 -99 -99 -99 -0.405322595405105 -99 -99 -99 0.729071545988791
-99 -99 -99 -99 -99 -99 -99 -99 5.64733712339276 -99
-99 -99 -99 -99 -99 2.29716104144288 -99 -99 -99 -99
-99 -99 -99 -99 -99 -99 -99 -99 -99 -99
-99 -99 -99 -99 -99 -99 -99 -99 2.51203385753244 -99
-99 -99 3.83836884908006 -99 -99 -99 -99 -99 -99 -99
-99 2.26040947581744 -99 -99 -99 -99 2.42701172306845 1.8301361333886 -99 -99
-99 -99 -99 -99 -99 -99 -99 -99 -99 -99
-99 -99 -99 -99 -99 -99 -99 -99 -99 -99
-99 -99 -99 -99 -99 -99 -99 -99 -99 -99
-99 -99 -99 -99 -99 -99 -99 -99 -99 -99
-99 -99 2.68327247919951 -99 -99 -99 -99 -99 -99 1.70154573487163
-99 -99 -99 -99 1.14275140625207 -99 -99 -99 -99 -99
-0.113225890381289 -99 -99 -99 -99 0.756924680641411 0.196415147181687 -99 -2.01771213344737 -99
-99 -99 -99 -99 -99 -99 -99 -99 -99 -99
-99 -0.419159517211396 2.50488396022131 1.86724204919621 -99 -99 -99 -99 -99 -99
-99 -99 -99 -99 -99 -1.10965554791701 -99 -99 -99 -99
-99 -99 -99 -99 -99 -99 -99 -99 -99 -99
-99 -99 -99 -99 -99 -99 -99 0.298805753220924 -99 -99
-99 -99 -99 -99 -99 -99 2.07150400380589 -99 -99 -99
1.78969775760868 -99 -99 -99 -99 -99 -99 -99 -99 -99
-99 -99 -99 -99 -99 -99 -99 -99 -99 -99
-99 -99 -99 -99 -99 -99 -99 -99 -99 -99
-99 -99 -99 -99 -99 -99 -99 -99 -99 1.84152247154064
-99 -99 -99 -99 -99 -99 -99 1.39999766281573 -99 -99
-99 0.515856074643879 -99 -99 -99 -99 -99 -99 -99 -99
-99 -99 0.558023835656069 -99 -99 -99 -99 -99 -99 -99
-99 -99 -99 -99 -99 -99 -99 -99 -99 -99
-99 -99 -99 -99 -99 -99 -99 -99 -99 -99
-99 -99 -99 -99 -99 0.642302535490043 -99 -99 -99 -99
-99 -99 1.04346260618355 1.06742505306086 -99 -99 -99 -99 -99 -99
-99 -99 -99 -99 -99 1.60921719138491 -99 -99 -99 -99
-99 -99 -99 -99 -99 -99 -99 1.74639747286523 -99 -99
-99 -99 -99 -99 -99 -99 -99 -99 -99 -99
-99 -99 -99 -99 2.31784427786923 -99 -99 2.56173206043349 -99 -99
-99 -99 -99 -99 -99 -99 -99 -99 -0.442684014943598 -99
-99 -99 -99 -99 -99 -99 -99 -99 -99 -99
-99 -99 -99 1.54943154631796 -99 -99 -99 -99 -0.59562735345757 -99
-99 -99 -99 -99 -99 -99 -99 -99 -99 -99
-99 -99 -99 -99 1.47167151349433 1.39007251559688 -99 -99 -99 -99
-99 -99 -99 -99 -99 -99 -99 -99 -99 -99
-99 1.82388247757369 -99 1.02538372934307 -99 -99 -99 -99 -99 -99
-99 -99 -99 -99 -99 -99 -99 -99 -99 -99
-99 -99 -99 -99 -99 -99 -99 -99 0.663629983119345 -99
-99 -99 -99 -99 3.5521923704236 -99 -99 -99 -99 1.2938859214731
-99 -99 -99 2.99123638844777 -99 -99 -99 -99 -99 -99
1.08304171027532 -99 -99 -99 -99 -0.106493776123376 -99 -99 -99 -99
-99 -99 -99 1.48006561834139 -99 -99 -99 -99 -99 -99
-99 -99 -99 -99 -99 -99 -99 -99 -99 -99
-99 -99 -99 -99 -99 -99 -99 -99 -99 -99
-99 -99 -99 -0.880873765174971 -99 -99 -99 -99 -99 -99
-99 -99 -99 -99 -99 -99 -99 -99 -99 -99
-99 -99 -99 -99 -99 -99 -99 -99 -99 -99
3.48108323976299 -99 -99 -99 -99 -99 -99 1.61174003203399 -99 -99
-99 -0.653705428342426 -99 -99 -99 -99 -99 2.95030191448914 -99 -99
-99 -99 -99 -99 1.29765106197586 -99 -99 -99 -99 -99
-99 -99 -99 -99 -99 -99 -99 -99 -99 -99
-99 -99 -99 -99 -99 -99 -99 -3.25862301571359 -99 -99
-99 -99 -99 -99 -0.864483362088667 -99 -99 -99 -0.982089049842806 -99
-99 -99 -99 -99 -99 -99 -99 -99 -99 3.24906649532277
-99 -99 -99 -99 1.91766098444224 -99 -99 -99 3.19571233500578 -99
-99 -99 -99 -99 -99 -99 0.71937667588137 -99 -99 -99
-99 -99 2.86403365553183 -99 -99 -99 -99 -99 -99 -99
-99 -99 -1.22650913110076 -0.731493815733566 -99 -99 -99 0.411846409287437 -99 -99
-99 -99 -99 -99 -99 -99 -99 1.18347764085332 0.00296128238110815 -99
1.82874134967274 -99 -99 -1.1583186242948 -99 -99 -99 -99 -99 -99
-99 -99 -99 -0.108210879762465 -99 -99 -99 -99 -99 -99
-99 -99 -99 -99 -99 -99 -99 1.67051804169189 -99 -99
-99 -99 -99 -99 2.84864790149871 -99 -99 -0.711832636462206 -99 -99
-99 -99 -2.66739583334977 -99 -99 -99 -1.21451284416335 -99 -99 -99
-99 -99 -99 -99 -99 -99 -99 -99 -99 -99
-99 -99 -99 -99 -99 2.41981490223378 2.10183152110107 -99 1.40387806884879 -99
-99 -99 -0.774173534288603 -99 -99 -99 -99 -99 -99 -99
-99 -99 -99 -99 -99 -99 -99 -99 -1.14784870781836 -99
-99 -99 -99 -99 -99 -99 -99 -99 -99 -99
-99 -99 -99 -99 -99 -99 -99 -99 -99 -99
-99 -99 -99 -99 -99 -99 -99 -99 -99 -99
-99 -99 -99 -99 -99 -99 -99 -99 -99 -99
-99 -99 -99 -99 -99 -99 -99 -99 -99 -99
-99 -99 -99 -99 -99 2.35759309157663 -99 -99 -99 -99
-99 -99 -99 -99 -99 -99 -99 -99 -99 -99
-99 -99 -99 -99 -99 -99 -99 0.447995391482935 -99 -99
-99 -99 -0.201047634947964 -99 0.861041463354446 -99 -99 -99 -1.43898724626217 -99
-99 -99 -99 -99 -99 -99 -99 -99 -99 -99
0.606253504938968 -99 -99 -99 -99 -99 -99 -99 -99 -99
-99 -99 -99 -99 -99 -99 0.687506977490861 -99 -99 -99
-99 -99 -99 -99 -99 -99 -99 -99 -99 -99
1.24945061712625 -99 -99 -99 -99 -99 -99 -99 -99 -99
-99 -99 -99 0.721955779526671 -99 -99 -99 -99 -99 1.28787722739564
-99 -99 -99 -99 -99 -99 -99 -0.752415541358219 -99 -99
-99 -99 -99 -99 -99 -99 -99 -99 -99 -99
-99 -99 -99 -99 -99 -99 -99 -99 -99 -99
-99 -99 -99 -99 -99 -99 -99 -99 -99 -99
-99 -99 -99 2.10965657619377 -99 -99 -99 -99 0.97709697234432 -99
-99 -99 -99 -99 -99 -99 -99 -0.464341190283434 -99 -99
-99 -99 -99 -99 -99 -99 -99 -99 -99 -99
-99 -99 -99 -0.548820489124842 -99 -99 -99 -99 -99 -99
-99 -99 -99 -99 -99 0.632203131945242 -99 -99 -99 0.307597886466748
-99 -99 -99 -99 -99 -99 -99 -99 -99 -99
-99 -99 -99 -99 -99 -99 -99 -99 -99 -99
-99 -99 -99 -99 1.23899391399941 -99 0.53292504964236 -99 0.839732526378396 -99
-99 -99 -99 1.96657733574432 -99 -99 -99 -99 -99 -99
-99 3.09713836145439 2.7114522141235 -99 -99 -99 -99 -99 3.28026555822015 3.00245220953585
-99 -99 -99 -99 -99 -99 -99 -99 -99 -99
-99 -99 -99 -99 -99 -99 -99 -99 -99 -99
-99 -99 -99 -99 -99 -99 -99 -99 -99 -99
-99 -99 -99 -99 -99 -99 -99 -99 2.76288608104576 -99
-99 -99 -99 -99 -99 -99 -99 -99 -99 -99
-99 -99 -99 -99 -99 -99 -99 -99 1.34187370123111 -99
-99 -99 -99 -99 -99 -99 -99 4.30855949973016 -99 -99
-99 -99 1.19505989787022 -99 -99 0.472373763297863 -99 -99 -99 -99
-99 0.434404091275082 -99 -99 -99 -99 -99 -99 -99 -99
0.671499242017389 1.10224180333627 4.2733428948226 -99 -99 -99 -99 -99 -99 -99
-99 -99 -99 -99 -99 -99 -99 0.50833710854518 -99 -99
-99 -99 -99 -99 -99 -99 -99 -99 -99 -99
-99 -99 -99 -99 -99 -99 -99 -99 -99 -99
1.31439934467196 -99 -99 -99 1.52078567742716 -99 -99 -99 -99 -99
-99 -99 -99 -99 -99 -99 -99 -99 -99 -99
1.36553080215538 -99 0.771478380904851 -99 -99 -99 -99 -99 -99 -99
-99 -99 -99 2.99933330459074 -99 -99 -99 -99 -99 -99
0.873088900066296 -99 -99 -99 -99 -99 1.19508410255248 -99 -99 1.99214698879578
-99 -99 -99 -99 -99 -99 -99 0.538161702175019 -99 -99
-99 -99 -99 -99 -99 -99 -99 -99 -99 -99
-99 -99 -99 -99 -99 -99 -99 -99 -99 -99
-99 -99 -99 -99 -99 -99 -99 -99 -99 -99
-99 -99 -99 -99 -99 -99 -99 -99 -99 -99
-99 -99 -99 -99 0.70629003521916 -99 -99 -99 -99 -99
-99 -99 -3.28450092893782 -99 -1.15600042830591 -99 -99 -99 -99 -99
-99 -99 -99 -99 -99 -99 -99 -99 -99 -99
-99 -99 1.79302828380172 -99 -99 -99 -99 -99 -99 -99
-99 -99 -99 -99 -99 -99 -99 -99 -99 -99
-99 -99 -99 -99 -99 -99 -99 -99 2.73438475025033 -99
-99 -99 -99 -99 -99 -99 1.6738427087472 -99 -99 -99
-99 -99 -99 -99 -99 -99 -99 -99 -99 -99
-99 1.40274487542765 -99 -99 -99 2.66055097168617 -99 -99 -99 -99
-99 0.996279953812055 3.42163856513644 -99 -99 1.69717853447297 -99 -99 -99 0.291923004383065
-99 -99 -99 -99 -99 -99 -99 -99 -99 -99
-99 -99 -99 -99 -99 -99 -99 -99 -99 -99
-99 -99 -99 -99 -99 -99 -99 -99 -99 -99
-99 -99 -99 -99 -99 -99 -99 -99 2.02058540041514 -99
-99 -99 -99 -99 -99 -1.57364754705484 -99 -99 0.336631178617021 -1.28009308649783
-99 -99 -99 -99 -99 -99 -99 -99 -99 -99
-99 -99 -99 -99 -99 -99 -99 -99 -99 -99
-99 0.123323865312711 -99 -99 -99 1.69663427078303 -99 -99 0.48500446171195 -99
-99 -99 -99 -99 -99 -99 -99 -99 -99 -99
-99 -99 -99 -99 -99 -99 -99 -99 -99 -99
-99 -99 1.22574318975759 -99 -99 -99 -99 2.03897904821527 -99 -99
-99 -99 -99 -99 -99 -99 -99 -99 -99 -99
-99 -99 -99 -99 -0.066274950402289 -99 -99 -99 0.777600833916652 -99
-99 -99 -99 -99 -99 -99 -99 -99 -99 -99
-99 -99 -99 -99 -99 -99 -99 -99 -99 -99
-99 -99 -99 -99 -99 -99 -99 -99 -99 -99
-99 -99 -99 -99 -99 -99 -99 -99 -99 -99
-99 -99 -99 1.79399732058427 1.22241983502397 -99 -99 -99 -99 -99
-99 -99 -99 -99 -99 -99 -99 -99 -99 -99
-99 -99 -99 -99 -99 -99 1.66805456154966 -99 -99 -99
-99 -99 -99 -99 -99 -99 -99 -99 -99 -0.271586964197362
-99 -99 -99 -99 -99 -99 -99 -99 -99 -99
-99 -99 -99 -99 -99 -99 -99 -99 -99 -99
-99 -99 -99 -99 -99 -99 -99 -99 -99 -99
-99 -99 -99 -99 -99 -99 -99 -99 -99 -99
-99 -99 -99 -99 -99 -99 -99 -99 -99 -99
-99 -99 -99 -99 -99 -1.36776916671791 -99 -99 -99 -99
-99 -99 -99 1.73590524019964 -99 -99 -99 -99 -99 -99
-99 1.08940422695032 -99 -99 3.15602178684782 -99 -99 -99 -99 -1.19722140162163
-99 -99 -99 -99 -99 -99 0.147482403532893 -99 0.752864268832627 -99
-99 -99 -99 -99 -99 -99 -99 -99 -99 -99
-99 -99 -99 -99 -99 -99 -99 -99 -99 -99
1.68033862218758 -99 -0.0268045519778948 1.09566176975095 -99 -99 -99 -99 -99 -99
-99 -99 -99 -99 -99 -99 0.316090553739525 -99 -99 -99
-99 -99 -99 -99 -99 2.62378959856152 -99 -99 -99 -99
-99 -99 -99 -99 2.15231836536364 -99 -99 -99 -99 -99
3.0539958395192 -99 -99 -99 -99 -99 -99 -99 -99 -99
-99 -99 -99 -0.60577027210162 -99 -1.75108921327172 -99 -99 -99 -99
-99 -99 -99 2.44878290441616 -99 -99 -0.052433898043365 -99 -99 -99
-99 -99 -0.101119089062125 0.41148756205817 -99 -99 -99 -0.263763098030587 -99 -99
-99 -99 -99 1.86924114258634 -99 -99 -99 -99 -99 -99
2.53800603928403 -99 3.45400200816902 -99 -99 -99 -99 -99 -99 -99
-99 0.422032479493479 -99 -99 -99 -99 -99 -99 -99 -99
-99 -99 -99 1.13471929151884 -99 -99 1.05979666232864 -99 1.65409793312132 -99
-99 -99 -99 -99 -99 3.33816715815028 -99 -99 -99 -99
-99 -99 -99 -99 -99 -99 -99 -99 -99 -99
1.84900763929203 -99 -99 -99 1.54115973027972 -99 -99 -99 -99 -99
-99 -99 -99 -99 -99 -99 -99 -99 -99 -99
-99 -99 2.21413633326618 -99 -99 -99 1.91624857947025 -99 -99 -99
-99 -99 -99 -99 1.30602971144902 -99 -99 -99 -99 -0.601326734879204
1.94844461204021 -99 -99 -99 -99 -99 -99 -99 -99 -99
-99 -99 -99 2.0984689222093 -99 -99 2.49447207820933 -99 -99 -99
2.20361314174289 -99 -99 -99 -99 -99 -99 -99 2.0341339220606 -99
-99 -99 -99 -99 -99 -99 -99 -99 -99 -99
-99 -99 2.54107631190355 1.28573881517077 -99 -0.108487668180645 -0.870381747385452 -99 -99 -99
-99 -99 -99 -99 -99 -99 -99 1.38341340980671 -99 -99
-99 -99 -99 -99 1.60617467662912 -99 -99 -99 -99 -99
-99 -99 -99 -99 -99 -99 -99 -99 -99 -99
-99 0.675448046094051 -99 -99 -99 -99 -99 -99 -99 -99
-99 -99 -99 -99 -99 -99 -99 -99 -99 -99
-99 -99 -99 -99 1.32432134877924 -99 -99 1.81072715786227 2.117395246435 -99
-99 -99 -99 -99 -99 -99 -99 -99 -99 -99
-99 -99 -99 1.03990092807818 -99 -99 -99 -99 0.796276985334268 -99
1.32520684412368 -99 -99 -99 -99 -99 -99 -99 1.94735260957196 -99
-99 -99 -99 -99 -99 -99 -99 -99 -99 -99
-99 -99 -99 -99 -99 -99 -99 -99 -99 -99
-99 -99 -99 -99 -99 -99 -99 -99 -99 -99
-99 -99 -99 1.56947643663414 1.62288947351032 -99 -99 -99 -99 1.74111951508755
-99 -99 -99 -99 -99 -99 1.38819236554148 -99 -99 -99
-99 -99 -99 -99 -99 -99 -99 -99 1.58582167470309 2.60039536217837
-99 -99 -99 1.28876756386445 -99 -99 -99 -99 -99 -99
-99 -99 -99 -99 -99 -99 -99 -99 -99 -99
-99 0.438775419549948 -99 -99 -99 -99 -99 -99 -99 -99
-99 -99 -99 -99 -99 -99 -99 -99 -99 -99
-99 -1.16360384229626 -99 -99 -99 -99 -99 -99 -99 -99
-99 -99 -99 -99 -99 -99 -99 -99 -99 -99
0.352977626460577 -99 -99 -99 -99 -99 -99 -99 -99 -99
-99 -99 -99 -99 -99 1.25150753363416 -99 -99 -99 -99
-99 -99 -99 -99 -99 -0.585418074560577 -99 -99 -99 -99
-99 -99 2.0552229037324 -99 -99 -99 -99 -99 -99 -99
-99 -99 -99 -99 -99 -99 -99 -99 -99 -99
-99 -99 -99 -99 -1.32046081694773 -99 -99 -1.32046189444046 -99 -99
-99 -99 -99 -99 -99 -99 -99 -99 -99 -99
0.224077153408508 -99 -99 -99 -99 -99 -99 -99 -99 0.397428050573628
