-99 -99 -99 -99 -99 -99 0.663120971753443 -99 -99 -99
-99 -99 -99 -99 -99 -99 1.8126856916035 -99 -99 0.253034987486617
-99 -99 -99 -99 -99 -99 -99 -99 -99 -99
-99 -99 -99 -99 -99 -99 -99 -99 2.7867048151507 -99
-99 -99 -99 -99 -99 -99 -99 -99 -99 -99
-99 -99 -99 -99 -99 -99 -99 -99 -99 -99
-99 -99 -99 -99 -99 -99 -99 -99 -99 -99
-99 -99 -99 -99 -99 -99 -99 -99 -99 -99
-99 -99 -99 -99 -99 -99 -99 -99 -99 -99
-99 -99 -99 -99 -99 -99 -99 -99 3.643203166408 -99
-99 -99 -99 2.35607981038994 -99 -99 -99 -99 -99 -99
-0.0342841016926971 -99 -99 -1.45439104799307 -99 -99 -99 -99 -99 -99
-99 -99 -99 -99 -99 0.837046054893889 -99 -99 0.316074687510783 -99
-2.17468840041227 -99 -99 -99 -99 -99 -99 -99 -99 -99
-99 -99 -0.607507889541836 -99 -99 -99 -99 1.38698958719246 -99 -99
3.71084960384821 -99 -99 -99 -99 -99 3.23344789076018 0.647432816775808 -99 -99
-99 -99 1.50961380879457 -99 -99 -99 -99 -99 -99 -99
-99 -99 -99 -99 -0.686211768735867 -99 -99 -99 -99 -99
0.471527180770803 1.60601480740633 -99 -99 -99 0.315268076204101 -0.529164489168883 -99 -99 -1.06408444461533
-99 -99 2.82613394113861 -99 -99 -99 -99 -99 1.2585569709824 -99
2.82583627912905 -99 -99 -99 -99 -99 -99 -99 -99 -99
-99 0.491369806908494 -99 -99 -99 -99 -99 -99 -99 -99
-99 -99 -99 -99 -99 -99 -99 -99 -99 -99
-99 -99 -99 -99 -99 2.08461646544899 -99 -99 -99 1.54533279111499
-99 -99 -99 -99 -99 -99 -99 -99 -99 -99
3.06554068109924 -99 -99 -99 -99 -99 -99 -99 -99 -99
-99 -99 -0.541573998218911 -99 -99 -99 -99 -99 -99 -99
-99 -99 -99 -99 1.33253531862033 -99 -99 -99 -99 -99
-99 -99 -99 0.927268982391675 -99 -99 -99 -99 -99 -99
-99 -99 -99 -99 -99 -99 -99 -99 0.706071505087241 -99
-99 -99 -99 -99 -99 -99 -99 -99 -99 -99
-99 -99 -99 -99 -99 -99 -99 -99 -99 -99
-99 -99 -99 -99 -99 -99 -99 -99 -99 -99
-99 -99 -99 -99 -99 2.94399009570038 -99 -99 -99 -99
-99 2.66423792275171 -99 -99 -99 1.78640321836537 -99 -99 -99 1.40530223331106
-99 -99 -99 -99 -99 -99 -99 -99 -99 -99
-99 -99 -99 -99 -0.347558779155204 -99 -99 -99 -99 -99
-99 -99 -99 -99 -99 -99 -99 0.887785529202683 -99 -99
-99 -99 -99 -99 0.227619527389989 -99 -99 -99 -99 -99
-99 -99 -99 -99 -99 -99 -99 -99 -99 -99
-99 -99 0.859171260004694 -99 -99 -99 -99 -99 -99 -99
-99 -99 -99 -99 -99 -99 -99 -99 -99 -99
0.7121021772389 -99 -99 1.21651574403033 -99 -99 -99 -99 1.75698616548815 -99
-99 1.92649990539667 2.11398452576757 -99 -99 -99 3.3216888792222 -99 -99 2.59312150063044
-99 -99 -99 -99 0.93968218637133 -99 -99 -99 -99 -99
-99 -99 -99 -99 -99 -99 -99 1.0511719103623 -99 -99
-99 0.666100721680806 -99 -99 -99 -99 -99 -99 1.14040398089633 -99
-99 -99 -99 -99 -99 -99 -99 -99 -99 -99
-99 -99 -99 -99 -99 -99 -99 -99 -99 -99
-99 0.405723011501417 -99 -99 1.55240048614674 -99 -99 -99 -99 -99
-99 -99 -99 1.43907755444935 -99 -99 -99 -99 -99 -99
-99 -99 -99 -99 -99 -99 -99 -99 -99 -99
-99 -99 -99 -99 -99 -99 -99 -99 -99 -99
-99 -99 -99 -99 -99 -99 -99 -99 -99 -99
-99 -99 -99 -99 -99 -99 1.5469958425856 -99 -99 -99
-99 -99 -99 -99 -99 -99 -99 -99 -99 -99
-99 -99 -99 -99 -99 -99 -99 -99 1.00187581995423 2.84671561024242
-99 -99 -99 -99 -99 -99 -99 -99 -99 -99
-99 -99 -99 -99 -0.590995203084558 -99 -99 -99 -99 1.35469702804262
-99 -99 -99 -99 -99 -99 -99 -99 -99 -99
-99 -99 -99 -99 -99 -99 -99 -99 -99 -99
-0.439556357588479 -99 -99 -99 -99 -99 -99 -99 -99 -99
-99 -99 -99 -99 -2.29302496951472 -1.75909051459675 -99 -99 -0.432198570279464 -99
-99 -99 -99 -99 -99 -99 -99 -99 -99 -99
-99 -99 -99 -99 -99 -99 0.233690436922259 -99 -99 -99
-0.958533293777172 0.707546216436352 -99 0.998735060286928 -99 -99 -99 -99 -99 -99
-99 -99 -99 -99 -99 -99 -99 -99 -99 -99
-99 -99 -99 0.506478504439459 -99 -99 -99 -99 0.36290756267703 -99
-99 -99 -99 -99 -99 -99 -0.251366885717827 -99 -99 -99
-99 -99 -99 0.133097275591869 -99 -99 -99 -99 -0.297813741433246 -99
-99 -99 -99 -2.05199148070636 -99 -99 -99 -99 -99 -99
-0.27805014777964 -99 -0.167722467399189 -99 -99 -99 -99 -99 1.12622771684244 -99
2.22232470362115 -99 -99 -99 -99 -99 -99 -99 -99 -99
-99 0.0793841547672407 1.17643176119107 -99 -99 -99 -99 -99 -99 -99
-99 -99 -99 0.0270720417458898 -99 -99 -99 -99 -99 -99
-99 -99 -99 -99 -99 -99 -99 3.17624892161627 -99 -99
-99 1.4696254749527 -99 -99 -99 -99 -99 -99 -99 -99
-99 -99 -99 -99 -99 -99 -99 -0.773470673332861 -99 2.62978469973695
-99 -99 -2.42296938420907 -99 -99 -0.591419144505814 -99 -99 -99 -99
2.48552285787554 0.751531852582424 -99 -99 -99 -99 -99 -99 -99 -99
-99 -99 -99 -99 -99 -99 -99 -99 -99 -99
-99 -99 -99 -99 -99 -99 -99 -99 -99 -99
-99 -99 -99 -99 -99 -99 -99 -99 -99 -99
-99 -99 -99 -99 -99 -99 -99 -99 -99 -99
-99 -99 -99 -99 -99 -99 -99 -99 -99 -99
0.404040140930689 -99 -99 2.73720546659414 -99 1.64411440015237 -99 -99 -99 -99
-99 -99 -99 -99 -99 -99 -99 0.685184231018875 3.07514564287226 -99
-99 -2.74740707511788 -99 -99 -99 -99 -99 -99 -0.948817641091185 -99
-99 -99 -99 -99 -99 -99 -99 -99 -99 -99
-99 -99 -99 2.56743187366741 -0.177373683988038 -99 -99 -99 -99 -99
-99 -99 -99 -99 -99 -99 -99 -99 -99 -99
-99 -99 -99 -99 1.06969531612137 -99 -99 -99 -99 -99
-99 -99 -99 -99 -99 1.7028192429882 -99 -99 -99 -99
2.48307032969847 -99 -99 -99 -99 -99 -99 -99 -99 -99
-99 -99 -99 1.31113172911542 -0.339355252859396 -99 -99 -99 -99 -99
-99 -99 -99 -99 -99 -99 -99 -99 0.750613329763422 -99
-99 -99 -99 -99 0.406036477806747 -99 -99 -99 -99 -99
-99 -99 -99 -99 -99 -99 -1.0875839039594 -99 -99 -99
-99 -99 -99 -99 -99 -99 0.443244653086628 -99 -99 -99
-99 -99 -99 -99 -99 -99 -99 -99 -99 -99
-99 -99 -99 -99 -99 -99 -99 -99 -99 -99
-99 -99 0.29842690580662 -99 -99 -99 -99 -99 1.40986939571354 -99
-99 -99 -99 -99 -99 -99 -99 -99 -99 0.374546513125579
-99 -99 -99 -99 -99 -99 -0.0376904104105953 -99 -99 -99
-99 -99 -99 -99 -99 -99 -99 -99 -99 -99
-99 -99 -99 -99 -99 -99 -99 -99 -99 -99
1.92562315994263 -99 -99 -99 -99 -99 -99 -99 -99 -99
-99 -0.521890319158808 -99 -99 -99 0.767984747651194 -99 -99 -99 -99
-99 -99 -99 -99 -99 -99 -99 -99 -99 -99
-99 4.06797769482993 -99 -99 -99 -99 -99 -99 -99 -99
-99 -99 -99 -99 -99 -99 -99 -99 -99 0.465971062572322
0.973132625050023 1.0780988304586 -99 -99 -99 -99 -99 -99 0.723259019929556 -99
-99 -99 -99 -99 -99 -99 -99 -99 -99 -99
-99 -99 1.3582114773066 -99 -99 -99 -99 -99 -99 -99
-99 -99 -99 -99 -99 -99 -99 -99 -99 -99
-99 -99 -99 -99 -99 -99 -99 -99 -99 -99
-99 -99 -99 -99 -99 -99 -99 0.100835446970898 -99 -99
-99 -99 -99 -99 -99 -99 -99 -99 -99 -99
-99 -99 -99 -99 -99 -99 -99 -99 -99 -99
-99 -99 -99 -99 -99 -99 -99 -99 -99 -99
-99 -99 -99 -99 -99 -99 -99 -99 -99 -99
-2.56906252321784 -99 -99 -99 -99 -99 -99 -99 -99 -99
-99 -99 -99 -99 -99 0.691204953724965 -99 0.140617364313155 -99 -0.824921569913189
-99 -99 1.90083733191098 -99 -99 -99 -99 -99 -99 -99
-99 1.26820619582056 -99 0.624022364479625 2.15457441347697 0.830016683104144 -0.0429374357277252 -99 -99 -99
-99 1.38303294723333 -99 -99 -99 -99 -99 -99 -99 -99
-99 -99 2.68264819216327 -99 -99 0.96103176878525 -99 -99 -99 -99
-99 -99 -99 -99 2.63307743410533 -99 -99 -99 -99 1.91779422520575
-99 -99 -99 -99 -99 -0.217439773943948 -99 -99 -99 -99
-99 1.89063461480049 -99 -99 -99 -99 -99 -99 -99 -99
-99 -99 -99 -99 -0.173167426693547 -99 -99 -99 -99 -99
-99 -99 -99 -99 -99 -99 -99 -99 -99 -99
-99 -99 -99 2.50074269237435 -99 -99 -99 -99 -99 -99
-99 -99 -99 -99 -99 -99 -99 -99 -99 -99
-99 -99 0.60538796906989 -99 -99 -99 -99 -99 -99 -99
-99 -99 -99 -99 -99 -99 -99 0.226394541341359 -99 -99
2.8441189372428 -99 -99 -99 -99 -99 -99 2.76005206074 -99 -99
-99 -99 -99 -99 -99 -99 -99 -99 -99 -99
-99 -99 -99 -99 -99 -99 -99 -99 -99 -99
-99 -99 -99 -99 -99 -99 -99 -99 -99 -99
-99 -99 -99 1.54090831242837 -99 -99 -99 0.893396859852045 -99 -99
-99 1.62561405228749 -99 -99 -99 1.00569526093376 -99 -99 -99 -99
-99 -99 -99 0.391802715441385 -99 2.61442047250169 -99 -99 1.30566822765986 -99
-99 -99 -99 -99 -99 -99 -99 -99 -99 -99
-99 -99 -99 -99 -99 -99 -99 -99 -99 -99
-99 -99 -99 -99 -99 -99 -0.059606832910039 -99 3.99954778262583 -99
-99 -99 -99 -99 -99 -99 -99 -99 -99 -99
-99 -99 -99 -99 -0.309244487210925 -0.66661970513631 -99 -99 -99 -0.505914023251482
-99 -99 -99 -99 -99 -99 -99 -99 -99 -99
-99 -99 -99 -99 -99 -99 -99 -99 -99 -99
-99 -99 -99 -99 -99 -99 -99 -99 -99 -99
-99 -99 -99 -99 -99 -99 1.98712050953602 -99 -99 -99
-99 -99 -99 -99 -99 -99 -99 -99 -99 -99
-99 -99 -99 -99 -99 -99 -99 -0.0376419050662695 -99 -99
-99 -99 -99 -99 -99 -99 -99 2.25613163742179 -99 -99
0.744626623895553 -99 -99 -99 -99 -99 1.19335148169007 -99 -99 -99
-99 -99 -99 0.399216134025102 -99 -99 -99 -99 -99 -99
-99 -99 -99 -99 1.92490284443428 -99 -99 -99 -0.103925736585511 -99
-99 -99 -99 -99 -99 -99 -99 -99 -99 -99
-99 -99 -99 -99 -99 1.02934187175529 -99 -99 -99 -99
-99 -99 -99 -99 -99 -99 -99 -99 -99 -0.356934322443849
-99 -99 -99 -99 -99 -99 -99 -99 -99 -99
-99 -99 -99 -99 3.29204352925884 -99 -99 4.80660693032256 -99 -99
-99 -99 -99 -99 -99 -99 -99 -99 -1.00493957432653 -99
-99 -99 -99 -99 -99 -99 -99 -99 -99 -99
-99 -99 -99 -99 -99 -99 -1.23924425802748 -99 -99 -99
-99 -99 0.341023786441775 -99 -99 -99 -99 -99 -0.0339361860562197 -99
-99 -99 -99 -99 -99 -99 -99 -99 -99 -99
-99 -99 -99 -99 -99 -99 2.83126877498339 -99 -99 4.01531436598174
-99 -99 -99 2.44156349774316 -99 -99 -99 -99 -99 -99
-99 -99 -99 -99 -99 0.295216393747408 -99 -99 0.821411265973369 -99
-99 -99 -99 -99 -99 -99 -99 -99 -99 -99
-99 -99 0.837052230343692 -99 -99 -99 -99 -99 -99 -99
-99 -99 -99 -99 -99 0.241921781374528 -99 -99 -99 -99
-99 -99 -99 -99 -99 -99 -99 -99 -99 -99
-99 -99 -99 -99 -99 -99 -99 -99 4.31952699175696 -99
-99 -99 -99 -99 2.12619036604966 -99 -99 -99 -99 -99
-99 -99 -99 -99 -99 -99 -99 -99 -99 -99
-99 -99 -99 -99 4.05197433366448 -99 -99 -99 -99 -99
-99 1.1183314157975 -99 -99 -99 -99 -99 -99 -99 -99
-99 -99 -99 -99 -99 -99 -99 -99 -99 -99
-99 2.28847363966511 -99 -99 2.15437894157939 -99 -99 -99 -99 -99
-99 -99 -99 -99 -99 -99 -99 -99 -99 -99
-99 -99 -99 -99 -99 -99 -99 -99 -0.0783262914223077 -99
-99 -99 -99 -99 -99 -99 1.94407193610357 -99 2.59477131294851 -99
-99 2.02943112799876 -99 -99 0.59094460939019 -99 -99 -99 2.86364369793063 -99
-99 -99 -99 -99 -99 -99 -99 -99 -99 -99
-1.15493229970105 -99 -99 -99 -99 -99 -99 -99 -99 -99
1.40946205160421 -99 0.707857247092581 -99 -0.00258639120808657 -99 -99 -99 -99 -99
-99 -99 -99 -99 -99 -99 -99 -99 -99 -99
-99 -99 -99 -99 -99 -99 -99 -99 -99 -99
-99 -99 -0.34637642358853 -99 -99 -99 -99 -0.242476344723032 -99 -99
-99 -99 -99 -99 -99 2.30087055295609 -99 1.13799141395548 -99 -99
-99 -99 -99 -99 -99 -99 -99 -99 -99 -99
-99 -99 -99 -99 -99 -99 0.857457540252675 -99 -99 -99
-99 -99 -99 -99 0.248449652026932 -99 -99 -99 -99 -99
-99 -99 -99 -99 0.0884590049658287 -99 -99 -99 -99 -99
-99 -99 2.37158495052158 -99 -99 -99 2.55983890460993 -99 -99 -99
-99 -99 -99 -99 -99 -99 -99 -99 -99 -99
-99 -99 -99 -99 -99 -99 -99 -99 -99 -99
-99 -99 -99 -99 -99 -99 -99 -99 -99 -99
-99 1.94807427200165 1.33245683248515 -99 -99 -99 -99 -99 -99 -99
-99 -99 -99 -99 -99 -99 -99 -0.312999046820336 -99 -99
-99 -99 -99 -99 -99 -99 -99 -99 -99 -99
-99 -99 -99 -99 -99 -99 -99 -0.203983359083115 -99 0.505996163854566
-99 -99 -99 -99 -99 -99 -99 -99 -99 0.795292221913661
-99 -99 -99 1.68860291982738 -99 -99 -99 -99 -99 -99
-99 -99 -99 2.46523713314231 3.62853854213211 -99 -99 -99 -99 -99
-99 -99 -99 -99 -99 -99 -99 -99 -99 -99
-99 -99 -99 2.55710886839546 -99 1.18725624766288 -99 -99 -99 -99
-99 -99 -99 -99 -99 -99 -99 -99 -99 -99
-99 -0.00805891893223665 0.163223387424748 -99 -99 -99 -99 -1.3829490711541 -99 -99
-99 -99 -99 -99 -99 -99 -99 -99 -99 -99
-99 -99 0.147947827351844 -99 -99 -99 -99 -99 -99 -99
0.156936067710204 -99 -99 -99 -99 -1.39488605243533 -99 -99 -99 -99
-99 -99 -99 -99 -99 -99 -99 -99 -99 -99
-99 -99 -99 -0.488461629651053 -99 -99 -0.140144854670125 -99 -99 -99
-99 2.62060522085599 3.05968773115019 -99 1.61799221035101 -99 -99 -99 -99 -99
-99 -99 -99 -99 -1.03598041803148 -99 -99 -99 -99 -99
-99 -99 -99 0.27139447711839 -99 1.11602899111755 -99 -99 -99 -99
0.687436599800842 -99 -99 -99 -99 -99 -99 -99 -99 -99
-99 2.881820113356 -99 -99 -99 -99 0.193901761421603 -99 -99 -0.12783325085749
-99 -99 -0.398149542059216 -99 -99 -99 -99 -99 -0.302623563796686 -99
-99 -99 -99 -99 1.210962976547 -99 -99 -99 -99 -99
-99 -99 -99 -99 -99 -99 -99 -99 -99 -99
1.85912641036442 -99 -99 -99 -99 1.43624033360059 -99 -99 -99 -99
-99 -99 -99 -99 0.97413696499028 -99 -99 -99 -99 -99
-99 -99 -99 -99 -99 -99 2.05626537718525 -99 -99 -99
-99 -99 -99 -99 -99 1.26325849333501 -99 -99 -99 -99
-99 -99 -99 -99 -99 -99 -99 -99 -99 1.15713914994704
0.00798381153257532 -99 -99 2.58057900813658 -99 -99 -99 -99 -99 -99
-99 -99 -99 -99 -99 -99 -99 -99 -99 -99
-99 -99 -99 -99 -99 -99 -99 2.92703308584713 -99 -99
-99 -99 -99 -99 1.21613492129752 -99 2.13969054126689 -99 -0.129009388798776 -99
-99 -0.200519456274019 -99 -99 -99 -99 -99 -99 -99 -99
-99 -99 -99 -99 -99 -99 -99 -99 -99 -99
-99 -99 -99 0.239606155000374 -99 -99 2.70648502984791 -99 -99 -99
-99 -99 -99 -99 -99 -99 -99 -99 -0.524009301930472 -99
-99 -99 -99 1.9507598221597 -99 -99 -99 -99 0.165453118190942 -99
-99 -99 -99 -99 -99 -99 -99 -99 -99 -99
-99 -99 -99 -99 -99 -99 3.17361498995664 0.821497395669788 -99 -99
-99 -99 -99 -99 -99 -99 -99 -99 -99 -99
-99 -99 -99 -99 -99 1.16331397684035 -99 -99 -99 -99
-99 -99 -99 -99 -99 -99 -99 -99 -99 -99
-99 -99 -99 1.05399070230205 -99 -99 1.07710338687099 1.05092220951752 -99 -0.544947453216702
-99 -99 -99 2.62244324356607 -99 -99 -99 -99 -99 -99
-99 -99 -99 -99 -99 -0.324390429607631 -99 -99 -99 -99
-99 -99 -99 -99 -99 -99 -99 1.17959244123146 -99 1.74195346732804
-99 -99 -1.0950394057141 -99 -99 -99 -99 -99 -99 -99
-99 -99 -99 1.44092412339061 -99 -99 -99 -99 -99 -99
-99 -99 -99 -99 -99 -99 -99 -99 -99 2.76627701618597
-99 -99 -99 -1.1016186108302 -99 -99 -99 -99 -99 -99
-99 -99 -99 -99 -99 -99 -99 -99 -99 -99
-99 -99 -99 -99 -99 -99 -0.120887004003348 -99 -99 -99
-99 -99 -99 -99 -99 -99 -99 -99 -99 -99
-99 -99 -99 -99 1.16291452851624 -99 -99 3.30000173413559 -99 -99
-99 -99 2.50963374279683 2.0036717040581 -99 -99 -99 -99 -99 -99
-99 -99 -99 -99 -99 2.0761489452575 -99 -99 -99 -99
-99 -99 -99 -99 -99 -99 -99 -99 -99 -0.916424994901903
-99 -99 -99 -99 -99 -99 -99 -99 -99 -99
-99 -99 -0.50974680490197 -99 -99 0.99682317666685 -99 -99 1.39949908087805 -99
-99 -99 -99 -99 -0.162874462963877 -99 1.16971479977054 -99 -99 -99
-99 -99 -99 -99 -99 -99 -99 -99 -99 -99
-99 -99 -99 -99 2.07508758252812 -99 -99 -99 -99 -99
-99 -99 1.32146900285564 -99 -99 -99 -99 -99 -99 1.75958869988744
-99 -99 -99 -99 -99 -99 -99 -99 -99 -99
-99 -0.0933712505733932 -99 -99 -99 -99 -99 -99 0.905636788217332 -99
-99 -99 -99 -99 -99 -99 2.79551371029511 -99 -99 -99
-99 -99 -99 -99 -99 -99 -99 -99 -99 -99
-99 -99 -99 -99 4.09944139109564 -99 -99 -99 -99 -99
-99 -99 -99 -99 -99 -99 -99 -99 3.77669005108514 -99
0.980757067782801 -99 -99 -99 2.00811020344758 -99 -99 -99 -99 -99
-99 -99 -99 -99 -99 -99 -99 -99 -99 -99
-0.876336475312365 -99 -99 -99 -99 -99 -99 -99 0.165689138195209 -99
-99 1.53837435785378 -99 -99 -99 -99 -99 -99 -99 -99
-99 -99 -99 -99 -99 -99 -99 -99 -99 -99
-99 -99 -99 -99 -99 -99 -99 -99 -99 -99
-99 -99 -99 -99 -99 -99 -99 -99 -99 -99
-99 -99 -99 1.38300029298282 -99 -99 -99 -99 -99 -99
-99 -99 -99 2.37417717811338 -99 -99 -99 -99 -99 -99
-99 -99 -99 -99 -99 -99 -99 -99 -99 -99
-99 -99 -99 -99 -99 -99 -99 -99 -99 -99
-99 0.971798477674257 -99 -99 -99 -99 -99 -99 -99 1.24051363609989
-99 -99 -99 -99 -99 1.87354097062069 -99 -99 -99 -99
-99 -99 -99 -99 -0.115313094157168 -99 -99 -99 -99 -99
-0.879840497217644 -99 -99 0.23963205931289 -99 -99 -99 -99 -99 -99
-99 -99 -99 -99 -1.76494163953705 -99 -99 -99 -99 -99
-99 -99 -99 -99 -99 -99 -99 -99 -99 -0.789246404433016
-99 -99 -99 -99 -99 -99 -99 -99 2.6867310247284 -99
-99 -99 -99 -99 -99 -99 -99 -99 -99 -99
2.19896018332004 -99 0.641343680748284 -99 -99 0.0776122456249265 -99 -99 -99 -99
2.84799988148453 -99 -99 -99 -99 -99 2.17245109226193 -99 -99 -99
-99 -99 -99 1.5582673924564 -99 -99 -99 -99 -99 -99
-99 -99 -99 -99 -99 -99 -99 -0.543674240530064 0.437432838709449 -99
-99 -99 -99 -99 -99 -99 -99 -99 -99 -99
-99 -99 -99 -99 -99 -99 -99 -99 1.47552878919975 -99
-99 -99 2.31411848926596 0.661299524756829 -99 -99 -99 -99 -99 -99
-99 -99 -99 -99 -99 -99 -99 -99 -99 -99
-99 0.920751832617482 -99 1.75019089799677 -99 -99 2.82653772014224 -99 2.78097516423233 -99
2.98699959801601 2.79990336004742 -99 -99 -99 -99 -99 -99 -99 -99
-99 -99 -99 -99 -99 -99 -99 -99 -99 -99
-99 -99 -99 -99 -99 -99 -99 -99 -99 -99
-99 -99 -99 -99 -99 -99 -99 -99 -99 -99
-99 -99 -99 -99 -99 0.731681163700444 -99 -99 -99 -99
-99 -99 -99 -99 -99 -99 -99 -0.132463697614357 -99 0.690710603657983
1.2548249159897 -99 -99 -99 1.2942166750246 -99 -99 -99 -99 -99
-99 -99 -99 0.96721938672007 -99 -99 -99 -99 -99 -99
-99 1.61472428121175 -99 2.42983874264034 -99 -99 -99 -99 3.77245972011675 -99
-99 -99 -99 -99 -99 -99 -99 -99 0.454571063480499 -99
-99 -99 -99 -99 -99 -99 -99 -99 1.68806114198762 -99
-99 -99 -99 -99 -99 -99 -99 -1.08121727066894 -99 -99
-99 -99 -99 -99 -99 -99 -99 -99 -99 1.45765263540978
-99 -99 -99 -99 -99 -0.390555991273867 -99 -99 -99 -99
-99 -99 1.01044090931862 -99 1.31501052439821 -99 -99 -99 -99 -99
-99 -99 -99 -99 -99 -99 -99 -99 -99 -99
-99 -99 -99 -99 -99 -99 -99 -99 -99 -99
-99 -99 -99 -99 -99 -99 -99 -99 -99 -99
-99 -0.772531166498247 -99 -99 -99 -99 -99 -99 -99 -99
0.458923335367633 -99 -99 -99 -99 -99 0.847663203417868 -99 -99 -99
-99 -99 -99 0.793979865757738 -99 -99 -99 -99 -99 -99
-99 -99 -99 -1.12641114875179 -99 -99 -99 -99 -99 -99
-99 -99 -99 -99 -99 -99 -99 -99 -99 -99
-99 -99 -99 -99 -99 -99 -99 -99 -99 -99
-99 -99 -99 -99 -99 -99 3.0416936672459 -99 3.14554925673324 -99
-99 0.293858311766524 -0.79136121395247 -99 -1.39633064641497 -0.856945410622045 -99 -99 -99 1.21960840988863
-99 -99 -99 -99 -99 -99 -99 -99 -99 -99
-99 -99 -99 -99 -99 -99 -99 -99 -99 -99
-99 -99 1.02903435923738 -99 -99 -99 -99 -0.0896602923877328 -99 -99
2.08690929310448 -99 -99 -99 -99 -99 -99 -99 -99 -99
-99 -99 -99 -99 0.578483563352614 -99 -99 -99 -99 -99
-99 -99 -99 -99 -99 -99 -99 -99 -99 -99
-99 -99 -99 -99 -99 -99 -99 -99 -99 -99
-99 -99 -99 -99 -99 -99 -99 -99 -99 -99
-99 -99 -99 -99 -99 -99 -99 2.25194038853068 -99 -99
0.402211727704223 -99 -99 -99 -99 -99 -99 -99 -99 -99
-99 -99 -99 -99 -99 -99 -99 -99 -99 -99
-99 -99 -99 -99 -99 -99 -99 -99 -99 -99
-99 -99 1.91555781309723 -99 -99 0.0207918209641893 -0.856903004154984 -99 -99 0.96374892823608
-99 -99 -99 -99 -99 -99 -99 -99 -99 -99
-99 -99 -99 -99 -99 -99 2.47523494520463 -99 1.09190325394503 -99
-99 -99 -99 -99 -99 -99 -99 -99 -99 -99
-99 -99 -99 -99 -99 -99 -99 -99 -99 -99
-99 -99 -99 -99 -0.245031172708045 -0.353975195126612 -99 -99 -99 -99
-99 -99 -99 -2.40008516275314 1.72693307781875 -99 1.22441055525228 -99 -99 -99
-99 -99 -99 -99 -99 -99 -99 -99 -99 -99
-99 -99 0.113232383305566 -99 -99 -99 -99 -99 -99 -99
-99 -99 -99 -99 0.419163581462509 -99 -99 -99 1.89233896716011 -99
-99 -99 2.47643634822536 -99 -99 -99 -99 -99 -99 -99
-99 -99 -99 -99 -99 -99 -99 -99 -99 -99
-99 -99 -99 -99 -99 -99 -99 -99 -1.25014776505596 -99
-99 -99 -99 -99 -99 -99 -99 -99 -99 -99
-99 -99 -99 -99 -99 0.484141990946671 -99 -99 -99 -99
1.94963671634752 -99 -99 -99 -99 -99 -1.06790350888523 -99 -99 -99
-99 -99 -99 -99 -99 -99 -99 -99 -99 -99
-99 -99 -0.293567860005147 -99 -99 -0.674340261386445 -99 -99 -99 -99
-99 -99 -99 -99 -99 -99 -99 -99 -99 -99
-99 -99 1.67485382756811 -99 -99 -99 1.7709773379991 -99 -99 -99
-99 -99 -99 -99 -99 -99 -99 -99 -99 -99
1.40541467561777 -99 -99 -99 1.652223801833 -99 -99 -99 -99 -99
-99 -99 -99 -99 -99 -99 -99 -99 -99 -99
-99 -99 -99 -99 2.11960085689038 -99 -99 -99 -99 -99
-99 2.1101265814501 -99 -99 -99 -99 -99 2.73547002097492 -99 -99
-99 -99 -99 -99 -99 -99 -99 -99 -99 -99
2.07410158487012 -99 -99 -99 -99 -99 -99 -99 -99 -99
-99 -99 -99 -99 -99 -99 -99 -99 -99 0.171397386907999
-99 -99 -99 -0.261917214397773 -99 -99 -99 -99 -0.996864345856426 -99
-99 -99 -99 -99 -99 -99 -99 -99 -99 -99
-99 -99 -99 0.448889066080738 -99 -99 -99 -99 -99 -99
-99 -99 -99 -99 -99 -99 -99 -99 2.466098616659 -99
-99 -99 -99 -99 -99 -99 -99 -99 -99 -99
2.09967713830824 -99 -99 -99 -99 -99 -99 -99 -99 -99
-99 1.69907667817624 -99 -99 -99 -99 -99 -99 -99 -99
-99 -99 -99 -99 -99 -99 -99 -99 -99 -99
-99 2.08225750594379 -99 -99 -99 -99 -99 -99 -99 -99
-99 -99 -99 -99 -99 -99 -99 -99 -99 -99
-99 -99 -99 -99 -99 -99 -99 -99 -99 0.20640023481862
3.1332151409896 -99 -99 -99 -99 2.6963760353629 -99 -99 3.05413524975779 -99
-99 -99 -99 -99 2.65657336133915 -99 -99 -99 -99 -99
-99 -99 -99 -99 -99 -99 -99 -99 -99 -99
-99 -99 -99 -99 -99 -99 -99 -0.902010506122428 -99 -99
-99 -99 -99 -99 -99 -99 -99 -99 2.55744609316187 -99
2.64565432944628 -99 -99 -99 -99 -99 -99 -99 -99 -99
-99 0.895800699157265 -99 -0.162894380975528 -99 -99 1.01854795308028 1.69137389938089 -99 -99
-99 0.0222997651287563 -99 -99 -99 -99 1.30858358262536 -99 -99 -99
-99 -99 -99 -99 -99 -99 -99 -99 1.30130034411544 -99
-99 -99 -99 -99 -99 0.660357671887547 -0.634737069421294 -99 -99 -99
-99 -99 -99 -99 -99 -99 -99 -99 -99 -99
-99 0.439248520524807 -99 -99 -99 -99 -99 -99 -99 -99
-99 -99 -99 -99 -99 -99 -99 -99 -0.345985058762165 -99
-99 0.92381153013313 -99 -99 -99 -99 -99 -99 -99 -99
-99 -99 -0.0612876323403917 -99 -99 -99 -99 -99 -0.371656157877368 -99
-0.657416477441731 0.740840466783403 -99 -99 -99 -99 -99 -99 -99 -99
-99 -99 2.57328700423745 -99 -99 -99 -99 -99 -99 -99
-99 -99 -99 -99 -99 -99 -99 -99 -99 -0.756794034203659
-99 -99 -99 -99 -99 -99 -99 -99 -99 -99
-99 -0.56618820976378 -99 -99 -99 -1.1315928526054 -99 -99 -99 -99
-99 -99 -99 -99 -99 -99 -99 -99 -99 -0.427565690911691
-99 -99 -99 -99 -99 0.704167351787494 -99 -99 -99 -99
-99 -99 -99 -99 -99 -99 -99 -99 -99 2.08418849352086
-99 -99 -99 -99 -99 -99 -99 -99 -99 -99
-99 -99 -99 -99 0.298351141113201 -99 -99 -99 -1.68532654431854 -99
-99 -99 -99 -99 -99 -99 -99 -99 -99 -99
-99 -99 -99 -99 -99 -99 -99 -99 -99 -99
-99 -99 -99 -99 -99 -99 -99 0.546857369902985 -99 -99
2.24146093524221 -99 2.33072126634265 -99 -99 -99 -99 -99 -99 -99
-99 -99 -99 -99 -99 -99 -99 -99 -99 -99
3.12929976373965 -99 -99 -99 -99 -99 -99 -99 -99 0.993507033336075
-99 -0.546058594537427 -99 -99 -99 -99 -99 -99 -99 -99
-99 -99 0.537124457522774 -99 -99 -99 -99 0.146062958745902 -99 -99
-99 -99 -99 -99 2.83713633484581 -99 -99 -99 1.80922263522112 -99
-99 -99 -99 3.40437078397865 -99 -99 -99 -99 -99 -99
-99 -99 -99 -99 -99 -99 -99 -99 -99 -99
-99 -99 -99 -99 -99 -99 -99 -99 -99 2.02623931189569
-99 -99 -99 -99 -99 -99 -99 -99 -99 -99
-99 -99 -99 -99 -99 -99 -99 -99 0.962089671205761 -99
1.61226021732683 -99 -99 -99 -99 -99 -99 -99 -99 -99
-99 -99 2.39858809349376 1.80846403944627 -99 -99 -99 -99 -99 -99
-99 -99 -99 -99 -99 -99 -99 -99 -99 -99
-99 -99 -99 -99 -99 -99 -1.55461631191235 -99 -99 -1.63747680214259
-99 -99 -99 -99 -99 -99 -99 -99 -99 -99
-99 -99 -99 -99 0.548092469620487 -99 1.81605952964118 -99 -99 -99
-99 -99 -99 -99 -99 -99 -99 -99 -99 -99
1.71262781811125 -99 -99 -99 -99 -99 -99 -99 -99 -99
-99 -99 -99 -99 -99 -99 -99 -99 -99 -99
-99 -0.171827173986446 -99 -99 -99 -99 -99 -99 -99 -99
-99 -99 -99 -99 -99 -99 -99 -99 -99 -99
-99 0.204255772490364 -99 -99 -99 -99 -99 -99 2.19555076799698 -99
-99 -99 3.80691281001119 -99 -99 -99 -99 -99 -99 -99
-99 -99 -99 -99 -99 -99 -1.5962880984176 -0.428023058867489 -99 -99
-99 -99 -99 -99 -99 -99 -99 -99 -99 0.682844920755925
-99 -99 -99 -99 2.04945876772198 -0.123787778310223 -99 -99 -99 -99
-99 -99 -99 -99 -99 -99 -99 -99 -99 -99
-99 -99 -99 -99 -99 -99 -99 -99 -99 -99
-99 0.463928272715516 -99 -99 -99 -99 -99 -99 -99 -99
-99 -99 -99 -99 -99 -99 -99 -99 -99 -99
-99 -99 1.56296285044501 -99 -99 -99 -99 -99 -99 -99
2.86054449645372 -99 -99 1.94585678813069 -99 -99 -99 -99 -99 -99
-99 -99 -99 -0.520747471335804 -99 -99 -99 -99 -99 -99
-99 -99 -99 -99 0.875959631454748 -99 -99 -99 0.844639304627339 -99
-99 -99 -99 -99 -99 -99 -99 -99 -99 -99
-99 -99 -99 -99 -99 -99 0.203221192600372 -99 -99 -99
-99 -99 0.625815801605092 -99 -99 -99 -0.621973250405994 -99 -99 -99
-99 -99 -99 0.802052648567813 -99 0.634288630549516 -99 -99 -99 -99
2.45225291654099 -99 -99 -99 -99 -99 -99 -99 -99 -99
-99 -99 -99 -99 -99 -99 -99 -1.11215030455056 -99 -99
0.236043116569411 -99 -99 0.557312176962549 -99 -99 -99 -99 -99 -99
-99 -99 -99 2.99205680506565 -99 -99 -99 -99 -99 -99
-99 -99 -99 -99 -99 -99 -99 -99 -99 -99
-99 -99 -99 -99 -99 -99 -99 -99 -99 -99
0.608638803100469 -99 -99 -99 -99 -99 -99 -99 -99 -99
-99 -99 -99 -99 -99 -99 -99 -99 -99 0.342586200719193
-99 -99 -1.78256235868899 -99 -99 -99 -99 -99 -99 -99
-99 -99 1.18707212644795 -99 -99 -99 -99 -99 -99 -99
-99 -99 -99 -99 -99 -99 -99 -99 -99 -99
0.353244621674554 -99 -99 -99 -99 -99 -99 -99 -99 -99
-99 -99 -99 -99 -99 -99 -99 0.768914161692885 -99 -99
-99 -99 -99 -99 -99 -0.71231696475505 -99 1.23540506234484 -99 -99
-99 -99 -99 -99 -99 -99 -99 -99 -99 -99
0.704971430660026 -99 -99 -99 -99 -99 -99 -99 1.32673565413925 -99
-99 -99 -99 -99 -99 -99 -99 -99 -99 -99
-99 -99 -99 -99 2.32638305568945 -99 -99 -99 -99 1.09798886701288
-99 -99 -99 -99 -99 -99 -99 -99 -99 -99
-99 -99 -99 -99 -99 -99 -99 -99 -0.645797424383693 2.02563008751949
-99 0.622805227515349 -99 -0.180969449686951 -99 -99 -99 -0.0724187077085114 -99 -99
-99 -99 -99 -99 -99 -99 -99 -99 1.53984950342846 -99
-99 -99 -99 -99 -99 -99 -99 -99 -99 -99
-99 -99 -99 -99 -99 -99 -99 3.47907373873595 -99 -99
-99 -99 -99 -99 -99 2.91129776110263 -99 -99 -99 1.3725852570806
-99 -99 -99 -1.23032953025483 -99 -99 -1.76466880819653 -99 -99 -99
-99 -99 -99 -99 -99 -99 -99 -1.05494359727388 -99 -99
-99 -99 -2.20104877113205 -99 -99 -99 -99 -99 -99 -99
-99 -99 -99 -99 -99 -99 -99 -99 -99 -99
-99 -99 -99 -99 -99 -99 -99 -99 -99 -99
-99 -99 -99 -99 -99 -99 -99 -99 -99 -99
-99 -99 -99 -99 -99 -99 -99 -99 -99 -99
-99 -99 -99 -99 -99 -99 -99 -99 -99 -99
-99 -99 -99 -99 -99 -99 -99 -99 -99 -99
-99 -99 -99 -99 -99 -99 -0.0971790221612976 -99 -99 -99
-99 0.0644466145675689 -99 -99 -99 -99 -99 -99 1.45831085567271 -99
-99 -99 -99 1.84409729473109 -99 -99 -99 -99 -99 -99
-99 -99 -99 -99 -99 1.81327446883313 -99 -99 0.800420897482611 -99
-99 -99 -99 -99 -99 -99 3.70086461881008 -99 -99 -99
-99 0.490085618880844 -99 -99 -99 0.66386862939683 -99 -99 -99 -99
-99 -99 -99 -99 -0.888259236970162 -99 -99 -99 0.154005002649307 -99
-99 -99 -99 -99 -99 -99 -99 2.22557181922984 -99 -99
-99 -99 -99 -99 -99 -99 1.85633715894976 -99 -99 -99
-99 -99 -99 -99 -1.29426448893117 -99 -99 -99 -99 -99
-99 -99 2.07564570518471 -99 -99 -99 0.14864634010379 -99 1.03389146180074 -99
-99 1.87976154945921 -99 -99 -99 -99 -99 -99 -99 -99
-99 -99 -99 -99 -99 -99 -99 -99 -99 -99
-99 -99 -99 -99 -99 -99 -99 2.37101719186689 -99 -99
-99 -99 0.360333760495841 -99 -99 -99 -99 -99 1.10008631386025 -99
-99 -99 -99 -99 -99 -99 0.491169194184891 -99 -99 -99
-99 -99 -99 -99 -99 -99 -99 -99 -99 -99
-99 -99 -99 -99 -99 -99 2.11135777192851 -0.471594978937992 -99 -99
0.666596722803388 -99 -99 -99 -99 1.76863347207897 -99 -99 -99 -99
-99 -99 -99 -99 -0.817015296775779 -99 -99 -99 -99 -99
-99 -99 -99 -99 -99 -99 -99 -99 -99 -99
-99 -99 -99 -99 -99 -99 -99 -99 -99 -99
-99 -99 -99 -99 -99 -99 -99 -99 -99 -99
-99 -99 -99 -99 -99 2.01072562175266 -99 -99 -99 -99
-99 0.484311297400191 -99 -99 -99 -99 -99 -99 -99 -99
-99 -99 -99 -99 -99 -99 -99 -99 -99 -99
-99 -99 -99 -99 -99 -99 1.15705712799799 -99 -99 -99
-99 -99 -99 -99 -99 -99 -99 -99 -99 -99
-99 -99 -99 -99 -99 -99 -99 -99 -0.177426249193035 -99
-99 -99 -99 -99 -99 -99 -99 -99 -99 -99
-99 -99 -99 -99 -99 -99 -99 -99 -99 -99
-99 -99 -99 -99 -99 1.04614371617685 -99 -99 -99 -99
-0.166044207668613 -99 -99 -99 -99 -99 -99 -99 -99 -99
-99 -99 -99 -99 -99 -99 0.682389288285578 -99 -99 -99
-99 -99 -99 -99 -99 -2.07040961107266 -99 -1.54844991653349 -99 -99
-99 -99 -99 -99 -99 -99 -99 -99 -99 -99
-99 -99 -99 -99 -99 -99 -99 -99 -99 -99
2.54432884814667 -99 -99 -99 -99 -99 3.81108451593966 -99 -99 -99
-99 -99 -99 -99 -99 -99 -99 -99 -99 -99
-99 -99 -99 -99 -99 -99 -99 -99 -99 -99
-99 -99 -99 -1.09407331072493 -99 -99 -99 -99 -99 -99
-99 -99 -99 -99 0.803431217416666 -99 -99 -99 0.871630892328719 -99
-99 -99 -99 -99 -99 -99 -99 -99 -99 -99
-99 -99 -99 -99 -99 -99 -99 -99 -99 -99
-99 -99 -99 -99 -99 -99 -99 0.465259805304741 -99 -99
-99 -99 -99 -99 -99 -99 1.77252747905518 -99 -99 -99
-99 -0.471887337271798 -99 -99 -0.148217219370959 -99 -99 -99 -99 -99
-99 -99 -99 2.22273136016232 -99 -99 -99 -99 1.32828615969985 -99
-99 -99 -99 -99 -99 -99 -99 -99 -99 -99
-99 -99 -99 2.69362131430043 -99 -99 -99 -99 -99 -99
-99 -99 -99 -99 -99 -99 -99 -99 -99 -99
0.620041659883385 -99 1.71422551282585 -99 -99 0.866801545051225 -99 -99 -99 -99
-99 -99 -99 -99 -99 -99 -99 -99 -1.47477940973568 -99
-99 -99 -99 -99 -99 -99 -99 -99 -99 -99
-99 -99 -99 -99 1.99876288688945 -99 -99 -99 -99 2.17002974645119
-99 -99 -99 -99 -99 -99 -99 -99 0.141378806446043 -99
-99 -99 0.972082098838308 -99 -99 0.0366911328546937 -99 -99 -0.970511335681803 -99
-99 -99 -99 -99 -99 -99 -99 -99 0.513644534384829 -99
-99 -99 -99 -99 1.16864655174732 -99 -99 -99 -99 -99
-99 -99 -99 -99 -99 -99 4.94419752341113 2.40917483763092 1.56866371246646 -99
-0.151452539672756 -99 -99 -99 -99 -99 -99 -99 -99 -99
-99 -99 -99 -99 -99 -99 -99 -99 -99 -99
-99 -99 -99 -99 -99 -99 -99 -99 -99 -99
-99 -99 -99 -99 1.66587552603567 -99 -99 -0.975748394260799 -99 -99
-99 -99 -99 -99 -99 -99 -99 -99 -99 -99
1.76352445451424 -99 -99 -99 -99 -99 -99 -99 -99 -99
-99 -99 -99 -99 -99 -99 0.733094325340865 -99 -99 -99
-99 -99 -99 -99 -0.515290964528627 -99 -99 -99 -99 -99
-99 -99 -99 -99 -99 -99 -99 -99 -99 -99
-99 -99 -99 -99 -99 -99 -99 -99 -99 -99
1.81010466378594 -99 0.495218438969826 -99 -99 -99 -99 -99 -99 -99
-99 -99 1.06465434927287 -99 -99 -99 -99 -99 -99 -99
-99 -99 -99 -99 -99 -99 -99 1.03239521795477 -99 -99
-99 -99 4.41466181187686 -99 3.66730776072849 -99 -99 -99 -99 -99
-99 -99 -99 -99 -99 -99 -99 -99 -99 -99
-1.01437827326149 -99 -99 -99 -99 -99 -99 1.24495980751887 0.0431010368947164 -99
-99 -99 -99 -99 -99 -99 -99 -99 -99 -99
-99 -99 -99 -99 -99 -99 -99 1.21004852868104 -99 0.560002661133109
-99 -99 -99 -99 2.64386555648497 -99 -99 -99 -99 -99
-99 -99 -99 -99 1.07100446717154 -99 -99 -99 -99 3.29447832403423
-99 -99 -99 -99 -99 -99 -99 -99 -99 -99
-99 -99 -99 -99 -99 -99 -99 -99 0.859925760024134 -99
-99 -99 -99 -99 -99 -99 2.92002015049663 -99 -99 -99
-99 -99 -99 -99 -99 -99 1.3910141224477 -99 -99 -99
-99 -99 -0.873292049399132 -99 -99 -99 -99 -99 -99 -99
-99 -99 -99 -99 -99 -99 -99 -99 -99 -99
-99 -99 -99 -99 -99 -99 -99 -99 -99 -99
-99 -99 -99 -99 -99 -99 -99 -99 -99 -99
-99 -99 -99 -99 -99 -99 -99 -99 -99 -99
-99 -99 -99 -99 -99 -99 2.45165591492142 -99 -99 -99
1.90290624657177 0.174567087667215 -99 -99 -99 -99 -99 -1.26789053742599 -99 -99
-99 -99 -99 -99 -99 -99 1.31334259651794 -99 -99 -99
-99 -99 -99 -99 -99 -99 -99 -99 -99 -99
-1.42037306063411 -99 1.13642919739699 -99 -99 -99 -99 -99 -99 -99
2.04075287152169 -99 -99 -99 -99 -99 -99 -99 -99 -99
-99 -99 -99 -99 -99 -99 -99 3.20790768177193 -99 -99
-99 -99 -99 -99 -99 -1.92027253304959 -99 -99 -99 -99
-99 -99 1.50316562168775 -99 -99 -99 -99 -99 -99 -99
-99 0.0320538525310476 -99 -99 -99 -99 -99 -99 -0.0838550035494638 -99
-99 -99 -99 -99 -99 -99 -99 -99 -99 -99
-99 -99 -99 -99 -99 -0.156657508903711 -99 0.612439989883675 -99 -99
-99 -99 -99 -99 -99 -99 -99 -99 1.98800029068301 -99
1.86598589730251 -99 -99 -99 -99 2.83706902882009 -99 -99 1.82076168172609 -99
-99 -99 -99 -99 -99 -99 -99 -99 -99 -99
-99 -99 -99 -99 -99 -99 -99 -99 -99 -99
-99 -99 -99 -99 0.42896539092824 2.30089799000117 -99 -99 -99 -99
-99 -99 -99 0.999908607223195 -99 -99 -99 -99 1.32666184768289 -99
-99 -99 -99 -99 -99 -99 -99 -99 -99 -99
-99 -99 -99 -99 -99 -99 -99 -99 -99 -99
-99 -99 -99 -99 -1.82700148683231 -99 -99 -99 -99 -99
-99 -99 -99 -99 -99 -99 3.26081080138723 -99 -99 -99
-99 -99 -99 -99 -99 -99 -99 -99 -99 -99
-99 -99 -99 -99 -99 -99 -99 0.178045252312553 -99 -0.945970227490053
-99 3.47116517533594 -99 -99 -99 -99 -99 -99 -99 -99
-99 -99 -99 -99 -99 -99 -99 -99 -99 -99
-99 -99 0.312759425702621 -99 -99 -99 -99 -99 -99 -99
-0.473441777793368 -99 -1.76780850441103 -99 -99 -99 1.14020754948799 -99 -99 -99
-99 -99 -99 -99 -99 -99 -99 -99 -99 -99
-99 -99 -99 -99 -0.0511270593834867 0.598785798284486 -99 -99 -99 -99
-99 -99 2.43309597328989 0.138209024079416 -99 -99 -99 -99 -99 -99
-99 -99 -99 1.78829347322079 -99 -99 -99 -99 -99 -99
-99 -99 1.05261143193024 -99 -99 -99 -99 -99 -99 -99
-99 -99 -99 1.08042080148713 2.01914903080105 -99 -99 -99 -99 -99
-99 -99 -99 -99 -99 -99 -99 -99 -99 -99
-99 -99 -99 -99 -99 -99 -99 2.27631319112284 -99 -99
-99 -99 -99 -99 -0.353996903136542 -99 -1.33252527094571 -99 -99 -99
-99 -99 -99 -99 -99 -99 -99 -99 -99 -99
-99 -99 2.2927132124682 -99 -99 2.49434190159235 -99 -99 -99 -99
-99 -99 -99 -99 -99 -99 -99 -99 -99 -99
2.48032036068923 -99 -99 -99 -99 -99 -99 -99 -99 -99
-99 -99 -99 -0.7838074984398 1.0487378998666 -99 -99 -99 -99 -99
-99 1.77076506223761 -99 1.40549850143851 -99 -1.30958259996038 -99 -99 -99 -99
1.99864266042992 -99 -99 -99 -99 -99 -99 -99 -99 -99
-99 0.252407963758636 -99 -99 -99 -99 -99 -99 -99 -99
-99 -99 -99 -99 -99 -99 -99 -99 -99 -99
-99 -99 -99 -1.19988773108589 -3.9243230435638 -99 -99 -3.09678063088087 -99 -99
-99 -99 -99 -99 -99 -99 -99 -99 -99 -99
-99 -99 -99 -99 -99 -99 -99 -99 -99 -99
1.84994934222112 -99 -99 -99 -99 -99 -99 -99 -0.457407852946518 -99
-99 -99 -99 1.04984906699832 -99 -99 -99 -99 -99 -99
-99 -99 -99 -99 -99 -99 -99 -99 -99 -99
-99 -99 -99 -99 -99 -99 -99 -99 2.7616542021099 -0.763825960246066
-99 -99 3.48522682412657 -99 -99 -99 -99 -99 0.864245265308416 -99
-99 -99 -99 -99 -99 -99 -99 -99 -99 0.994024033122472
-99 -99 -99 -99 -99 1.00560364510371 0.699963863939908 -99 -99 -99
-99 -99 -99 -99 -99 -99 -99 -99 -99 -99
-99 -99 -99 -99 -99 1.87992184290974 -0.263531120841461 -0.116003909866815 -99 -99
-99 -99 1.0569102107181 -99 -99 -99 -99 -99 -99 -99
-99 -99 -99 -99 -99 -0.63595081211053 -99 -99 -99 -99
-99 -99 -99 -99 -99 -99 -99 -99 -99 -99
-99 -99 -99 -99 -99 1.88445163641582 -99 -99 -99 -0.136526155624199
-99 -99 -99 -99 -99 -99 -99 0.393110267019229 -99 -99
-99 -99 -99 1.30079309122665 -99 -99 -99 -99 -99 -99
-99 -99 -99 -99 -99 -99 -99 -99 -99 0.176003132286354
-99 -99 -99 -99 1.75054009472308 -99 -99 0.237683668772624 -99 -99
-99 -99 -99 1.29850763890369 -99 -99 -99 -99 -99 -99
-99 -0.349870462879765 -99 1.3842121693187 -99 -99 -99 -99 -99 -99
-99 -99 -99 -99 -99 -99 -99 -99 -99 -99
3.48250214719547 -99 -99 -99 -99 -99 -99 -99 -99 -99
-99 -99 -99 -99 -0.379098468070241 -99 -99 -99 -99 -99
-99 -99 -99 -99 -99 -99 -99 -99 -99 -99
3.57076606761712 -99 1.12630036459831 -99 -99 -99 -99 -99 -99 4.85781418707021
-99 -99 -99 -99 -99 -99 -99 -99 -99 -99
2.78101214129162 -99 -99 -99 -99 0.519441186785899 -99 -0.349848990219765 -99 2.66706257566276
-99 -99 -99 -99 -99 -99 -99 -99 -99 -99
-99 0.468712392826403 -99 -99 -99 1.50462707436436 -99 -99 -99 -99
-99 -99 -99 -99 -99 -99 -99 -99 -99 1.45904544803373
-99 -99 -99 2.6473631584681 -99 -99 -99 -99 -99 -99
-99 -99 -99 -99 -99 -99 -99 -99 -99 -99
-0.0174658736686026 -99 -99 -99 -99 -99 -99 -99 -99 -99
-99 -99 -99 -99 -99 -99 -99 -99 -99 -99
-99 -99 2.72292759751422 1.40342727749478 -99 1.58544625065189 -99 -99 -99 -99
-99 -99 -99 -99 -99 -99 -99 -99 3.44158193916325 -99
-99 -99 -99 1.70920746634615 -99 -99 -99 0.924313374187795 -99 -99
-1.83577961441626 -99 -99 -99 -99 -99 -99 -99 -99 -99
-0.670343358768468 -0.211602906043074 -99 -99 -99 -99 -1.21016161077562 -99 -99 -99
3.39392756190264 -99 -99 -99 -99 2.80230865549902 -99 -99 -99 -99
-99 -99 1.30596683963123 1.31358614136649 -99 -99 -99 -99 -99 -99
-99 -99 -99 -99 -99 -99 -99 -99 -99 -99
-99 2.17488272826384 -99 -99 -99 -99 -99 -99 -99 -99
-99 -99 -99 -99 -99 -99 -99 -99 0.870648606213015 -99
-99 -99 -99 -99 -99 -99 -99 -99 -99 -99
-99 -99 -99 -99 -99 -99 -99 -99 -99 -99
-99 -99 -99 -99 0.00610074112070713 -99 -99 -99 -99 -99
-99 -99 -99 -99 -99 -99 -99 -99 -99 -99
-99 -99 -99 -99 -99 -99 -99 -0.752241863607024 -99 -99
-99 -99 -99 -99 -99 -99 -99 -99 -99 -99
-99 0.182854286784429 -0.471744979041992 -99 -99 -99 -99 -99 0.963562317800838 -99
-99 -99 -99 -0.921795696824702 -99 -99 -99 -99 -99 -99
-99 -99 1.81984445852566 -99 -99 -99 -99 -99 -99 -99
3.70581538879471 -99 -99 -99 -99 -99 -99 -99 -99 -99
-99 -99 -99 -99 -99 -99 -99 2.46480355351285 -99 -99
-99 -99 -99 -99 -99 -99 -99 -99 -99 -99
-99 -99 -99 -99 -99 -99 -99 -99 -99 -99
-99 -99 -99 -0.381890518419835 -99 -99 -99 -99 -99 -99
-99 -99 -99 -99 -1.64708573653132 -99 -99 -99 -99 -99
-99 -99 -99 -99 -99 -99 -99 -99 -99 1.05326232512614
0.794386668291725 -0.943726047679896 -99 -99 -99 -99 -99 -99 -99 -99
-99 0.937550964445805 -99 -99 -99 0.558663758509865 -99 -99 -99 -99
-99 2.43619907657712 -99 -99 -99 -99 -99 -99 -99 -99
-99 -99 0.964467447274127 -99 2.0263442969053 -99 -99 -99 -99 -99
-99 -99 -99 -99 -99 1.20081399032419 -99 -99 -99 -99
-99 -99 -99 -99 -99 -99 0.892823484237828 -99 -99 -99
-99 -99 -99 -99 -99 -99 -99 -99 -99 2.05108772758951
-99 -99 -99 -99 -99 -99 -99 -99 -99 -99
-99 -99 -99 -99 -99 -99 -0.536191227415362 0.0883924990501873 -99 -99
-99 -99 -99 -99 -99 -99 -99 -99 -99 -99
-99 -99 -99 -99 -99 -99 -99 -99 0.981471733936389 -99
-99 -99 -99 1.42635356573372 -99 -99 -0.686255499241049 -99 -99 -99
1.62791314468333 -99 -99 -99 -99 2.18897858239305 -99 -99 -99 -99
-99 -99 -99 -99 -99 -0.279420723608037 -99 -99 -99 -99
0.664230406761857 -99 -0.190215387700044 -99 -99 -99 -99 -99 -99 -99
-99 -99 -99 -99 -99 1.13375847971211 -99 1.66111739650286 -99 -99
-99 -99 -99 -99 -99 -99 -99 -99 0.1131664026885 -99
-99 -99 -99 -99 -99 -99 -99 -99 -99 -99
-99 2.30726362674828 -99 -99 -99 -99 -99 -99 -99 -99
-99 -99 -99 2.94378827946041 -99 -99 -99 -99 2.73430897539718 -99
-99 -99 -99 -99 -99 -99 -0.281932009320169 -99 -99 -99
-99 -99 -99 -99 -99 -99 -99 -99 -99 -99
-99 -99 -99 -99 -99 -99 -99 -99 -99 -99
-99 -99 -99 -99 -99 -99 -99 -99 -99 -99
-99 -99 -99 -99 -99 -99 -99 -99 -99 -99
2.3962278796169 -99 -99 -99 -99 -99 -99 -99 -99 -99
-99 -99 -99 -1.14237899633218 1.24663176642721 -99 -99 -99 -99 -99
-99 -99 -99 -99 -99 -99 -99 -99 -99 -99
-99 -99 -99 -99 -99 -99 -99 -99 -99 3.06090714037847
-99 -99 0.926282255275345 -99 -99 -0.391590803091036 -99 -99 -99 -99
-99 -99 -99 -99 -99 -99 -99 -99 -99 -99
-99 -99 -99 -99 2.92177316502265 -99 -99 -99 -99 -99
-99 -99 -99 -99 -99 -99 -99 -99 -99 -99
-99 -99 -99 -99 -99 -99 -99 -99 -99 -99
-99 -99 -99 -99 -0.344290144505811 -99 -99 -99 1.37318010758979 -99
-99 -99 -99 -99 -99 -99 -99 -99 -99 -99
-99 -99 -99 -99 -99 -99 5.25322988812694 -99 -99 -99
-1.06693176833015 -99 -99 -99 -99 0.38370176417564 -99 -99 -99 -99
-99 5.59806771451743 -99 -99 -99 -99 -99 -99 -99 -99
-99 -99 -99 -99 -99 -99 -99 -99 -99 -99
-99 -99 -99 -99 1.47128028048327 1.86711458057028 -99 -99 -99 -99
-99 -99 -99 -99 -99 -99 -99 -99 1.33835451582407 -99
-99 -99 -99 -99 -99 -99 -99 -99 -99 -99
-99 -99 -99 0.495884521325313 -99 -99 -99 -99 -99 -99
-99 -99 -99 -99 -99 -99 -99 -99 -99 -99
-99 -99 -99 -99 0.240950804730671 -99 -99 -99 -99 -99
-99 -99 -99 -99 -99 -99 -99 -99 -99 3.58841439018097
-99 -99 1.54427658789512 1.95270219574033 0.731684089735945 2.34244933519214 -99 -99 -99 -99
-99 -99 -99 -99 -99 -99 -99 -99 -99 -99
-99 -99 -99 0.195515915816057 -99 -99 -99 -99 -99 -99
-99 -99 -99 -99 -99 -99 -99 -99 -99 -99
-99 -99 -99 -99 -99 -99 -99 -99 -99 -99
-99 -99 -99 -99 -99 -99 -99 -99 -99 -99
-99 -99 -99 1.45909115091818 -99 -99 0.818789130555678 -99 -99 -99
-99 -99 -99 -99 -99 -99 -99 -99 -99 -99
-99 -99 -99 -99 3.91079479363786 1.49666800372141 -99 -99 -99 -99
-99 -99 -99 1.40855690302174 -99 -99 -99 -99 -99 -99
-99 -99 -99 -99 -99 1.54251033813589 -99 1.60841374191268 -0.441859657808774 -99
-99 -99 -99 -99 -99 -99 -99 -99 -99 -99
-99 -99 -99 -99 -99 -99 -99 -99 -99 -99
-99 -99 -99 -99 -99 -99 -99 -99 -99 -99
-99 -0.236001972054455 -99 -99 -99 -99 -99 -99 -99 -99
-99 -99 -99 -99 1.82915160016423 -99 -1.06303713481552 -99 -99 -99
-99 -99 0.737499379079813 -99 -99 -99 -99 -99 -99 -0.0112994805108748
-99 -99 -99 -0.263765812779819 -99 -99 -99 -99 -1.59738782904324 -99
-99 2.57744909686269 -99 -99 -99 -99 -99 -99 -99 -99
1.03560481589595 -99 -99 -99 -99 -99 -99 3.02174940461479 1.41239976034668 -99
-99 0.642122032387971 1.41214137391612 -99 -99 -99 -99 -99 -99 -99
-99 -99 -99 -99 -99 -99 -99 -99 -99 -99
-99 -99 -99 -99 -99 -99 -99 -99 -99 -99
-99 -99 -99 -99 -99 -99 0.464058298256207 -99 -99 -99
-99 -99 -99 -99 -99 -99 -99 -99 -99 -99
-99 -99 1.98780474017857 -99 -99 -99 -99 -99 0.945343572698621 -99
-99 1.86030822928909 -99 -99 -99 -99 2.65675174208378 -99 -99 -99
-99 -99 0.214358508547874 -99 -99 -2.16026658748681 -99 -0.210871747371591 -99 -99
-99 -99 -99 -99 -99 -99 -99 -99 -99 -99
-99 -99 -99 -99 -99 -99 -99 -99 -99 -99
-99 -99 -99 -99 -99 -99 -99 -99 -99 -99
-99 -99 -99 -99 -99 -99 -99 -99 -99 -99
-99 -99 -99 -99 -99 -99 -99 -99 -99 -99
-99 -99 -99 -99 -99 -99 -99 -99 -99 -99
-99 -99 -99 -99 -99 -99 -99 -99 1.78724224697711 -99
-99 -99 -99 -99 -99 -99 -99 0.584342096205281 -99 -99
-99 -99 -99 -99 -99 -99 -99 -99 0.542821405902994 -99
-99 -99 -99 -99 0.678550078100425 -99 -99 -99 -99 -99
-99 1.65285053017124 -99 -99 -99 -99 -99 -99 -99 -99
-99 -99 -99 -99 -99 -99 -99 -99 -99 -99
-99 -99 -99 -99 -99 0.877312347593996 -99 -99 -99 -99
-99 -99 -99 -99 -99 -99 -99 -99 -99 -99
-99 -99 -99 -99 -99 -99 -99 1.82619400489888 -99 -99
-99 -99 -99 -99 -99 -99 -99 0.226359800748323 -99 -99
2.05499375106735 1.47436296090081 -99 -99 -99 -99 -99 1.27364327027412 -99 -99
1.66557904283493 -99 -99 -99 -99 -99 -99 1.65828697728717 -99 -99
-99 -99 -99 -99 -99 -99 -99 -99 -99 -1.35524317472308
-99 -99 -99 -99 -99 -99 -99 -99 -99 -99
-99 -99 -99 -99 -99 -99 -99 -99 0.931868832957366 -99
-99 -99 -99 -99 -99 -99 -99 -99 -99 0.876617254506592
-99 -99 -99 -99 -99 -99 -99 -99 -99 -99
-99 -99 -99 -99 -99 0.58781271988293 -99 -99 -99 -99
-99 -99 -99 -99 -99 -99 -99 -99 -99 -99
-99 -99 -99 -99 0.127766258891043 -99 -99 1.57038843015459 -99 -99
-99 -99 -1.03044447359666 -99 -99 -99 -0.534852098501519 -99 -99 -99
1.25630449150597 -99 -99 -99 -99 -99 -99 -0.285146682013703 -99 0.471622454018847
-99 -99 -99 -99 -99 -99 -99 -99 -99 -99
-99 -99 -99 -99 -99 -99 -99 -99 -99 1.64616411105748
-99 -99 -99 -99 -99 -99 -99 -99 -99 1.81549464371679
-99 -99 -99 -99 -99 -99 -99 -99 -99 -99
-99 -99 -99 -99 -99 -99 -99 -99 -99 -1.31252682782761
-99 -1.8554695698426 -99 -99 -99 -99 -99 1.3309820446067 -99 -99
-99 -99 -99 -99 -99 -99 -99 -99 -99 -99
-0.515006563555794 -99 -99 -99 -99 -99 -99 -99 -99 -99
-99 -99 -99 3.48319820709633 -99 -99 -99 -99 -99 -99
-99 -99 -99 -99 -99 -99 0.461266306490123 -99 -99 -99
1.16575330164176 -99 -99 -99 -99 -99 -99 -99 -99 -99
-99 -1.67754745056538 -99 -99 -99 -99 -99 -99 -99 -99
-99 -99 -99 -99 -99 -99 -99 -99 -99 -99
-99 -99 -99 -99 -99 -99 -99 -99 -99 -99
-99 -99 -99 -99 -99 -99 -99 -99 0.281881608452864 -99
-99 -99 -99 2.32014988127163 -99 -99 -99 1.57861684416515 -99 -99
-99 -99 -99 -99 -99 -99 -99 -99 -99 -99
-99 -99 -99 -99 -99 -99 -99 -99 -99 -99
-99 -99 -99 0.469164975488488 -99 1.07545106692186 -99 -99 -99 -99
0.117622640396799 -99 -1.68628098056977 -99 -99 0.433630978113606 -99 0.804350342007285 -99 -2.23413010029052
-99 -99 7.09615172738722 -99 -99 -99 3.54457892955409 -99 -99 -99
-99 -99 -99 -99 -99 -99 -99 -99 -99 -99
2.66826153982995 -99 2.75102853334445 -99 0.265777666547361 -99 -99 -99 -99 -99
-99 -99 -99 -99 -99 -99 -99 -99 -99 -99
-99 -99 -99 -99 -99 -99 -99 1.1744310904917 -99 -99
-1.44046864478249 -99 -99 -99 -99 -99 -99 -99 -99 -99
-99 -99 -99 -99 2.59004077146836 -99 -99 -99 -99 -99
-99 -99 -99 -99 -99 -99 -99 -99 -99 -99
-99 -99 -99 -99 -99 -99 -99 -99 -99 -99
0.297743803077578 0.194618542421357 -99 -0.256911924121236 -99 -99 -99 -99 -99 -99
-99 -99 -99 -99 -99 -99 -99 -99 -99 -99
-99 -99 -99 -99 -99 -99 -99 -99 -99 -99
-99 -99 -99 -99 -99 -99 -99 -99 -99 -99
-99 -99 -99 -1.09576602278207 -99 -99 -99 -99 -99 -99
-99 -99 -99 -99 -99 -99 -99 -99 -99 -99
-99 -99 -99 -99 -99 -0.684498592451328 -99 -1.23850021320544 -99 -99
-99 -99 3.83888580618339 -99 -99 -99 -99 -99 -99 -99
-99 -99 -99 -99 0.173496308835037 0.84626977808958 -99 -99 -99 -99
-99 -99 -99 -99 -1.47622050279753 -99 -99 -99 -99 -99
-99 -99 -99 -99 -99 -99 -99 -99 -99 -99
-99 -99 -99 -99 -99 -99 -99 -99 -99 -99
0.224917076770833 -99 0.411540995695555 -99 -99 -99 -99 -99 -99 -99
-99 -99 -99 -99 -99 -99 -99 -99 -99 -0.477317674132339
-99 -99 -99 -99 -99 -99 -99 -99 -0.188161184866297 -99
-99 -99 -99 -99 -99 -99 -99 -99 -99 -99
-99 -99 -99 -99 0.335884976859361 -99 -99 -99 0.88331469796171 -99
-99 -99 -99 -99 2.18922022064285 -99 -99 -99 -99 1.26915277670633
-99 -99 -99 -99 -99 -99 -99 -99 -99 -99
-99 -99 -99 2.18539641259767 -99 -99 -99 -99 -99 -99
-99 -99 -99 -99 -99 -99 -0.526922814472264 -99 -99 -99
-99 -99 -99 -99 -99 -99 -99 -99 -99 -99
-99 -99 -99 -99 -0.540642047843171 -99 -99 0.359843486929181 -99 -99
-99 -99 -99 -99 2.50363682635136 -99 -99 -99 -99 -99
-99 1.60307502989327 -99 -99 -99 -99 -99 -99 -0.296518605363696 -99
-99 -99 -99 -99 -99 -99 -99 -99 -99 -99
-99 -99 -99 -99 -99 -99 -99 -99 -99 -99
-99 -99 0.886841888461296 -0.26022682103571 -99 -99 -99 -99 -99 1.55247081083776
2.23447980066456 -99 -99 1.4912970409587 -99 1.60637447493589 -99 -99 -99 1.84701535615726
-99 -99 -99 -99 -99 1.0523737996205 -99 -99 -99 -99
-99 -99 -99 -99 -99 -99 -99 -99 -99 -99
-99 -99 -99 -99 -99 -99 -99 -99 -99 -99
-99 -99 -99 -99 -99 -99 -99 -99 0.319749081554401 -99
-99 -99 -99 -99 -99 -2.2904867710432 -99 -99 -99 -99
-99 -99 -99 -99 -99 -99 1.31780973292412 -99 -99 -99
-99 -99 -99 -99 -99 -99 -99 -99 -99 -99
-99 2.80462479736015 -99 -99 -99 -99 -99 -99 -99 -99
-99 -99 -99 -99 -99 -99 1.0667677127007 -99 -99 -99
-99 -99 -99 -99 -99 -99 -99 -99 -99 -99
-99 -99 -99 -99 -99 -99 -99 -99 1.76934998325483 -99
-99 -99 2.75703455425401 -99 0.748472251265918 -99 -99 -99 -99 -99
-99 -99 -99 -99 -99 -99 -99 -99 -99 -99
-99 -99 -99 -99 -99 -99 -99 -99 -99 -99
-99 -99 2.31939395859148 -99 -99 -99 -99 -99 -99 -99
-99 -99 -99 -99 -99 -99 -99 -99 -99 -0.431498196528515
-99 -99 -99 -99 -99 -99 -99 -99 0.565760470312724 -99
-99 -99 -1.19859472200088 -99 -99 -99 -99 -99 -99 -99
-99 -99 -99 -99 -99 -99 -99 -99 -99 0.605654285043166
-99 -99 -99 -99 -99 -99 -99 -99 -99 0.778759072677677
-99 -99 -99 -99 -99 -99 1.3159336461297 -99 -99 -99
-99 -99 -99 1.60617435324149 -99 -99 -99 -99 1.10086524406729 -99
-99 -99 -99 -99 -99 -99 -99 -99 -99 -99
-99 0.452625866215478 -99 -99 -99 -99 -99 -99 -99 -99
-99 -99 -99 -99 1.46099436491312 -99 -99 -99 -99 -99
-99 -99 -99 -99 -99 -99 -99 -99 -99 -99
-99 -99 -99 -99 -99 -99 -99 0.590950799346209 -99 -99
-99 1.62409090851967 1.14033648431546 -99 -99 -99 -99 -99 -99 -99
-99 -99 -99 -99 -99 -99 -99 -99 -99 -99
-99 -0.201597472234219 -99 -99 -99 -99 -99 -99 -99 -99
-99 -99 -99 -99 -99 -99 -99 -99 -99 -99
-99 -99 2.52176209239734 -99 -99 -99 -99 -99 -99 -99
-99 2.29254489431587 -99 -99 -99 -99 -99 -99 -99 -99
-99 -99 1.50077849513519 -99 0.146749614976674 -1.93256673894136 -99 -1.39053710997777 -2.6529909379946 -99
-99 -99 -99 -99 -99 1.67992295111285 -99 -99 -99 -99
-99 -99 -99 -99 -99 -99 -99 -99 -99 -99
-99 -99 -99 -99 -99 -99 -99 -99 0.0920300128938323 -99
-99 -99 -99 -99 -99 -99 -99 -99 -99 -99
-99 -99 -99 -99 -99 -99 1.40474389811102 -99 -99 -99
-99 -99 1.48643334329116 -99 -99 -99 -99 -99 -99 0.30480700391694
-99 -99 -99 0.362803191351317 0.928758630839977 -99 -99 -99 -99 -99
-99 -99 -99 2.29331342356698 -99 -99 -99 0.716682005975949 -99 -99
-99 -99 -99 -99 -99 -99 -99 -99 -99 -99
-99 2.03401399865606 -99 -99 0.832545553658242 -99 -99 -99 -99 -99
-99 -99 -99 -99 3.23347528486202 -99 -99 -99 -99 -99
0.848822091728563 -99 -99 -99 -99 -99 -99 -99 -0.264404041172646 -99
-99 -99 -99 -99 -99 -99 3.98935269559378 -99 3.13951409007659 -99
-99 -99 -99 -99 -99 -99 -99 -99 -99 -99
-99 -99 -99 -99 -99 1.42042439180853 -99 -99 -99 -99
-99 -99 -99 -99 -0.757438466752778 -1.80391654127084 -99 -99 -99 -1.09668524621167
-99 -99 -99 -99 -99 -99 -99 -99 -99 -99
0.193342645055326 -99 -99 1.43372501365363 1.45814614163335 -99 -99 -0.0811784705462535 -99 -99
-99 -99 -99 -99 -99 -99 -99 -99 -99 1.42626595815173
-99 -99 -99 -99 -0.615078394303714 -99 -99 -99 -99 -99
-99 -99 -99 -99 -1.30635953770483 -99 -99 -99 -99 -99
-99 -99 -99 -99 -99 -99 -99 -99 -99 -99
-99 -99 -99 -99 -99 -99 -99 0.62774640183603 -99 -99
-99 -99 1.99044687780133 -99 -99 -99 -99 -99 -99 -99
-99 -99 -99 -99 -99 -99 -99 -99 -99 -99
-99 -99 -0.993368239804403 -99 -99 -99 -99 -99 -99 -99
2.09536447698355 -99 -99 -99 -99 -99 -99 -99 2.11878745414082 -99
-99 -99 -99 -99 -99 -99 -99 -99 -99 -1.55467252455676
-99 -99 -99 -99 -99 -99 -99 -99 -99 -99
-99 -99 -99 -99 2.73822359984448 -99 -99 4.64103128840622 -99 -99
-99 -99 -99 -99 -99 -99 -99 -99 -99 -99
-99 -99 -99 -99 -99 -99 3.13172241532604 -99 -99 1.61382481614922
-99 -99 -99 -99 -99 -99 -99 -99 -99 -99
-99 -99 -99 -99 -99 -99 -99 1.07586609310671 -99 -99
-99 -99 2.142868096254 -99 -99 -99 -99 -99 -99 -99
-99 -99 -99 -99 -99 -99 -99 0.827265234100617 -99 -99
0.755468618120385 -99 -99 -99 -99 -99 -99 -99 -99 -99
-99 -99 -99 -99 -99 -99 -99 -99 -99 -99
-99 -99 -99 -99 -99 -99 -99 -99 -99 -99
-99 1.6425286254567 -99 -99 0.160932686801691 -99 -99 -99 0.605437295541432 -99
-99 -99 -99 -99 -99 -99 -99 -99 -99 1.92456269823291
-99 -99 -99 -99 -99 -99 -99 0.638858898360384 -99 -99
-99 -99 -99 -99 -99 0.152764884588369 -99 -99 -99 -99
-99 -99 2.76187147179574 -99 -99 -99 -99 2.41074335958133 -99 -99
-99 -99 -99 -99 -99 -99 -99 -99 -99 -99
-99 -99 -99 -99 -99 -99 -99 -99 -99 -99
-99 -99 -99 -99 -99 -99 -99 -99 -99 -99
-99 -99 -99 -99 -99 2.46954590451514 -99 -99 -99 -99
-99 -99 -99 -99 -99 -99 1.76098357584542 -99 -99 -99
-99 -99 -99 -99 -0.35971505506056 -99 -99 -99 -99 -99
-99 -99 -99 -99 1.20380086323177 -99 -99 -99 -99 -99
-99 -99 -99 -99 -99 -99 -99 -99 -99 -99
-99 -99 -99 -99 -99 -99 -99 -99 -99 -99
-99 -99 -99 -99 -99 -99 -99 -99 -99 -99
2.4687322964414 -99 -99 -99 -99 -99 -99 -99 -99 -99
-99 -99 -99 -99 -0.617458309642924 -99 -99 -99 -99 -99
1.76326873151911 -99 -99 -99 -99 -99 -99 -99 -99 -99
-99 -99 -99 -99 -99 -99 -99 1.08937273175341 -99 -99
-99 -99 -99 -99 -99 -99 -99 -99 -99 -99
-99 -99 -99 -99 -99 -99 -99 -0.790514509322103 -99 -99
-99 -99 -99 -99 -99 -99 -99 -99 -99 0.3854342576182
2.04392027803136 -99 2.69500020532001 -99 -99 -99 -99 -99 -99 -99
-99 -99 -99 -99 -99 -99 -99 -99 -99 -99
-99 -99 -99 -99 -99 -99 -99 -99 -99 -99
-99 -99 -99 -99 -99 -99 -99 -99 -99 -99
-99 -99 -99 -99 -99 -99 -99 1.72514705769912 -99 -99
-99 -99 -99 2.14995462199364 -99 -99 -99 0.372055175189086 -99 0.841585708516996
-99 -99 -99 -99 -99 4.45689563161523 -99 -99 -99 -99
-99 -99 -0.761278117099593 -99 -99 -99 -99 -99 -99 -99
-99 -99 -99 2.36606717070952 -99 -99 -99 -99 -99 -99
-99 -99 -99 -99 -99 0.104263003267902 -99 -99 -99 -99
-99 -99 -99 -99 -99 -99 -99 -99 0.495372718624363 -99
-99 -99 -99 -99 -99 -99 -99 -99 -0.513005996679586 -99
-99 1.47409970368834 -99 2.1119030533186 -99 -99 -99 -99 -99 -99
-99 -99 -99 -99 -99 -99 -99 -99 -99 -99
-99 -99 -99 -99 -0.451598508476289 0.909737278694043 -99 -99 -99 1.09372227309631
-99 -99 -99 -99 -99 -99 -99 -99 -99 -99
-99 0.632915451882542 -99 0.27100721210163 -99 -99 -99 -99 -99 -99
-99 -99 -99 -99 -99 -99 -99 -99 -99 -99
-99 -99 -99 1.53910440757623 -99 -99 -99 -99 -99 -99
-99 -99 -99 -99 -99 -99 -99 -99 2.1846332110856 -99
-99 -99 -99 -99 -99 1.17796570386804 -99 -99 -99 -99
-99 -99 -99 -99 -99 0.528333598054148 -99 -2.51442893380298 -99 -99
-99 -99 -99 -99 -99 -99 -99 -99 -99 -99
-99 -99 -99 2.01848725263261 -99 -99 -99 -99 -99 -99
-99 -99 -99 -99 -99 -99 -99 -99 -99 -99
-99 -99 -99 -99 -99 -99 -99 -99 -99 -99
1.21728062289847 2.03884260519248 -99 -99 -99 -99 -99 -99 -99 -99
-99 -99 -99 -99 0.281472246798897 -99 -99 -99 -99 0.423641890776883
-99 -99 -99 -99 -99 2.02807304646512 -99 -99 -99 -99
-99 -99 -99 -99 1.08315298139924 -99 -99 -99 -99 -99
-99 -99 -99 -99 -99 -99 -99 -99 -99 -99
-99 -99 -99 -99 -99 -99 5.21416705706066 -99 -99 -99
5.52105729695239 1.36101079942776 -99 -99 -99 -99 -99 -99 4.5619473799195 -99
4.34577234963811 -99 -99 1.4375090815658 -99 -99 -99 -99 -99 -99
-99 -99 -99 -99 -99 -99 -99 1.00426750263761 -99 -99
-99 -99 -99 -99 -99 -99 -99 -99 -99 -99
-99 1.52912192943976 -99 -99 -99 -99 -99 -99 -99 -99
-99 -99 -99 -99 -99 -99 -99 -99 -99 -99
-99 -99 -99 -99 -99 -99 -99 -99 -0.78144132334609 -99
-99 -99 -99 -99 -99 -99 -99 -99 -99 -99
-99 -99 0.249635613306362 -99 -99 -99 -99 -99 -99 -99
-99 -99 -99 -99 -99 -99 -99 -99 -99 -99
-99 -99 -99 -99 -99 -99 -99 -99 -99 -99
-99 -99 -99 -99 -99 -99 -99 -99 -99 -99
-99 -99 -99 -99 2.40330796900279 3.57909762187807 -99 3.50203789722388 -99 -99
-99 -0.291447614736917 -99 -99 -99 -99 -99 -99 -99 -99
-99 2.19963673369716 -99 -99 -99 -99 -99 -99 -99 -99
-99 -99 -99 -99 -99 1.15417717174518 -99 -99 -99 -99
-99 0.769723954662382 -99 1.67869851442728 1.33915140751586 -99 -99 -99 -99 -99
-99 -99 -99 -99 -99 -99 -99 -99 3.01519675263972 -99
-1.18070779544983 0.56787750420362 -99 -99 -99 -99 -99 1.06063683996847 -99 -99
-99 -0.151708432178547 -99 -99 -99 -99 -99 -99 -99 -99
-99 -99 -99 -99 -99 -99 -99 -99 -99 -99
-99 -99 -99 -99 -99 -99 -99 -99 -99 -99
-99 -99 -99 -99 -99 -99 -99 -99 -99 -99
-99 -99 -99 -99 -99 -99 -99 -99 -99 -99
-99 -99 -99 -99 -99 -99 -99 -99 -99 -99
-99 -99 -99 -99 -99 -99 -99 -99 -99 -99
-99 -99 -99 -99 -99 -99 -99 3.44560741364121 -99 -99
-99 -99 -99 0.673650212981465 -99 -99 -99 -99 -99 -99
-99 -99 -99 2.15644930745143 -99 -99 -99 -99 -99 -99
2.59382442222014 -99 -99 -99 -99 -99 -99 -99 -99 -99
-99 -99 -99 -99 -99 -99 -99 -99 -99 -99
-99 -99 1.04077192282683 -99 -99 0.452282050624187 -99 2.21482652008781 -99 -0.482193214463521
-99 -99 -99 -99 -99 -99 -99 -99 -99 -99
-99 -99 2.17294064115181 -99 -99 -99 -99 -99 -99 -99
-99 -99 -99 -99 -99 -99 -0.876772875219919 -99 -99 -99
-99 -99 -99 -99 -99 -99 -99 -99 -99 -99
3.05789468402942 -99 -99 -99 1.79318346786154 -99 -99 -99 -99 -99
-99 -99 -99 -99 -99 -99 1.69831684083238 -0.397693650810745 -99 -99
