-99 -99 0.000543727028914365 -99 -99 -99 -99 -0.164536014009399 -99 -99
-99 0.261953664714765 -99 -99 -99 -99 -99 -99 -99 -99
-99 -99 -99 -99 -99 2.51902114673204 -99 -99 -99 -99
-99 -99 -99 -99 -99 -99 -99 -99 -99 -99
-99 3.0236112544098 -99 -99 -99 -99 -99 -99 -99 -99
-99 -99 -99 0.0239515296356542 -99 -99 -99 -99 -99 -99
-99 -99 -99 -99 -99 -99 -99 -99 -99 -99
-99 -99 -99 -99 0.16653137565883 -99 -99 2.46344149514453 -99 -99
-99 -99 -99 -99 -99 -99 -99 -99 -99 -99
-99 -99 0.673330749373542 -99 -99 -99 -99 -99 -99 -99
-99 -99 -99 -99 -99 -99 -99 -99 -99 2.13751605201294
-99 -99 -99 1.22984290147991 -99 -99 -99 -99 1.17157707873941 -1.13024105258816
-99 -99 2.96767506882744 -99 -99 -99 2.53718120156347 2.521460068323 -99 -99
-99 -99 -99 -99 -99 -99 -99 -99 -1.24788685644864 -99
-99 -99 -99 -99 -99 -99 -99 -99 -99 -99
-99 -99 1.13859461642712 -99 -99 -99 -99 -99 -99 -99
-99 -99 -99 -99 -99 -99 -99 -99 2.4259365460009 -99
-99 -99 0.565578674977315 -99 -99 -99 -99 -99 -99 -99
-99 -99 -99 -99 -99 -99 -99 -99 -99 -99
-99 -99 -99 -99 2.10357499929871 -99 -99 -99 -99 -99
-99 -99 -99 -99 -99 -99 -99 -99 -99 -99
-99 0.134335068329607 -99 -99 -99 -99 -1.80939970657249 -99 -99 0.109203944829746
-99 -99 -99 -99 -99 -99 -99 -99 -99 -99
-99 -99 -99 -99 -99 -99 -99 -99 -99 -99
-99 -99 -99 -99 -99 -99 -99 -99 -99 -99
-99 -99 -99 -99 0.48421688762483 -99 -99 -99 -99 -99
-99 -99 -99 -99 -99 -99 -99 -99 -99 -99
-99 -99 -99 -99 -99 -99 -99 -99 -99 -99
-99 -99 -99 -99 -99 -99 -99 -99 -99 -99
-99 -99 -99 -99 -99 2.59156776536225 -99 -99 -99 -99
2.2892919736511 -99 -99 -99 -99 -99 -99 -99 -99 -99
-99 -99 1.1424558764279 -99 -99 -99 2.10931563128271 -99 -99 -99
-99 -99 0.978367633351517 -99 -99 -99 -99 -99 -99 0.739710763529196
-99 -99 -99 -0.194507070507313 3.02872077898992 -99 -99 -99 -0.803094021421481 -99
-99 -99 -99 -99 -99 -99 -99 -99 -99 -99
-99 -99 -99 -99 -99 -99 -99 -99 2.89330937242607 2.83099066500311
-99 -99 -99 -99 1.56010327568457 1.43135863516195 -99 -99 0.224581161029783 -99
-99 -99 -99 -0.232773606981993 -99 -99 -99 -99 -99 -99
-99 -99 -99 -99 -99 -99 -99 -99 -99 -99
-99 -99 -99 -99 -99 -99 -99 -99 -99 -99
0.0464991595869142 -2.65863185989065 -99 0.255162887351482 -99 -99 -99 -99 -99 -99
-99 -99 -99 -99 -99 -99 -99 -99 -99 -99
2.36038397320813 -99 -99 -99 -99 -99 -99 -99 -99 -99
-99 -99 -99 -99 -99 0.702744490265146 -99 -99 0.731579756898416 -99
-99 -99 -99 -0.1398725022644 -99 -99 -99 -99 -99 -0.243729640029739
-99 -99 -99 -99 -99 -99 -99 -99 -99 -99
-99 -99 -99 -99 -99 -99 -99 -99 -99 -99
-99 4.89258865830295 3.67096377102399 -99 4.16561434524231 -99 3.76987839053251 -99 -99 -99
-99 -99 -99 -99 -99 -99 -99 -99 -99 3.58671478956582
1.05035362669006 -99 -99 -99 -99 -99 -99 -99 -99 -99
-99 -99 -99 -99 -99 -99 -99 -99 -99 -99
-99 -99 -99 -99 -99 -99 -99 0.0355767409396115 -99 -99
-99 -99 -99 -99 -99 -99 1.0280351752935 -99 -99 -99
-99 -99 -99 -99 -99 -99 -99 -99 -99 2.86724637022926
-99 -99 -0.437530650130513 -99 -99 -99 -99 -0.210346278152562 -99 -99
-0.265878482460115 -0.407150399996283 -99 -99 -99 -99 -99 -99 -99 -99
-99 -99 -99 -99 0.369706180082425 1.57320789833532 -99 -99 -99 -99
-99 -99 -99 -99 2.54140869714541 -99 0.771883752067639 -99 -99 -99
-99 -99 -99 -99 -99 -99 -99 -99 -99 2.03900024676051
-99 -99 -99 -99 -99 -99 -99 3.04267217091775 -99 -99
-99 -99 -99 -99 -99 -99 -99 -99 -99 -99
-99 -99 -99 -99 -99 -99 -99 -99 -99 -99
-99 -99 -99 -99 -99 -99 -99 1.2223495837613 -99 -99
-99 -99 -99 -99 -99 -99 -99 -99 -99 -99
-99 -99 -99 -99 -99 -99 -99 -99 -99 -99
-99 -99 -99 -99 -99 -99 -99 -99 -99 1.55040684998736
-99 -99 -99 -99 -99 -99 -99 -99 -99 -99
-99 -99 -99 -99 -99 -99 -99 -99 -99 -99
-99 -99 -99 0.93909049921721 -99 -0.294384550597322 -99 -99 -99 -99
-99 -99 -99 0.0520128640411214 -99 -99 -99 -99 -99 -99
-99 0.254192376455425 -99 -99 -99 -99 -99 -99 -99 -99
-99 -99 2.35452259708441 -99 -99 -99 -99 -99 -99 -99
-99 -99 -99 -99 -99 -99 -99 2.42058182811255 -99 -99
-99 -99 -99 -99 1.11760617348474 1.058454864176 -99 -99 -99 -99
-1.23549662402223 -99 -99 -99 -99 -99 -99 -99 -99 -99
0.435676136621547 -99 -99 -99 -99 -99 1.44602937818992 -99 -99 -99
-99 2.69726334785667 -99 -99 -99 -99 -99 -99 -99 0.0108988179902747
-99 -99 -99 -99 -99 -99 -99 -99 -99 -99
-99 -99 -99 -99 -99 -99 -99 -99 -99 2.97095533509896
-99 -99 -99 -99 -99 -99 -99 -99 -99 -99
-99 -99 -99 -99 -99 -99 -99 1.12877167332415 -99 -99
-99 -99 -2.43531672417466 -99 -99 -1.31518420722722 -99 -99 -99 -99
-99 -99 -99 -99 -99 -99 -99 -99 -99 -99
-99 -99 -99 -99 -99 -99 -99 -99 -99 -99
-99 -99 -99 -99 -99 -99 -99 -99 -99 -99
-99 -99 -99 -99 -99 -99 -99 -99 -99 -99
-99 -99 -99 -99 -99 -99 -99 -99 -99 -99
-99 -99 -99 -99 -99 -99 1.5389084953215 -99 -99 -99
-99 -99 -99 -99 -99 -99 1.67561272828076 2.30506831201085 1.853829599935 -99
1.465689529119 -99 -99 -99 -99 -99 1.0286623672142 -99 -99 -99
-99 -99 -99 -99 -99 -99 -99 -99 -99 -99
-99 -99 0.38616577395167 -99 -99 -99 -99 -99 -99 -99
-99 -99 -99 -99 -99 -99 -99 -99 -99 -99
-99 -99 -99 -99 1.34620748945061 -99 -99 -99 -99 -99
-99 -99 -99 -99 -99 -99 -99 -99 2.35722889471841 -99
1.69034966680782 -99 -99 -99 -99 -99 -99 -99 -99 -99
-99 -99 -99 -99 0.49277542996914 -99 -99 -99 -99 -99
1.85687743628336 -99 -99 1.96691496957325 -99 0.738396073771528 -99 -99 -99 -99
-99 1.21050698643131 -99 -99 -99 -99 -99 -99 -99 -99
1.42719917875832 -99 1.51816208631211 -99 -99 -99 -99 -99 -99 -99
-99 -99 -99 -99 -99 -99 -99 -99 -99 -99
-99 -99 -99 -99 -99 -99 1.15676079207941 -99 -99 -99
-99 -99 -99 0.257350903936927 -99 -99 -99 1.12342940383981 -99 -99
-99 -99 -99 -99 -99 -99 -99 -99 -99 -99
-99 -99 -99 -99 -99 -99 -99 0.310141978801279 -99 -99
-99 3.14690689130117 -99 -99 -99 -99 -99 3.61323469258479 1.1827311645479 -99
-99 -99 -99 -99 -99 -99 -99 -99 -99 -99
-99 -99 -99 -99 -99 -99 -99 -0.473969019280325 -99 -99
-99 -99 -99 -99 -99 -99 -99 -99 -99 -99
-99 -99 -99 -99 -99 -99 -99 -99 -99 -99
-99 -99 -99 2.81904191053268 -99 -99 -99 -99 -99 -99
-99 -99 -99 -0.0374492047151276 -99 0.0175239964774754 -99 -99 -99 -0.311379168562833
-99 -99 -0.22426938120774 -99 -99 -99 -99 -99 -99 -99
2.70857353192421 -99 -99 -99 -99 -99 -99 2.44545722713978 1.03246306610125 -99
-99 -99 -99 -99 -99 -99 -99 -99 -99 -99
-99 -99 -99 -99 -0.136304949814554 -99 0.231332289106052 -99 -99 -99
-99 -99 -99 -99 -0.47589991945355 -99 -99 -99 -99 -99
-99 -99 -99 -99 -99 -99 -99 -99 -99 -99
-99 -99 -99 -99 -99 -99 -99 -99 -99 -99
-99 -99 -99 -99 -99 -99 -99 -99 -99 -99
-99 -99 -99 -99 -99 -99 -99 -99 -99 -99
-99 -99 -99 -99 -99 -99 -99 -99 -99 -99
-99 -99 -99 -99 -99 -99 -99 -99 1.2783502015091 -99
-99 -99 -99 -99 1.64088780914181 -99 -99 -99 1.49875365432493 -99
-99 -99 -99 2.50368575355041 -99 -99 -99 -99 -99 -99
-99 -99 -1.37626320715572 -99 -99 -99 -99 -99 -99 -99
-99 -99 -99 -99 -99 0.770278140135871 -99 -99 -99 -99
-99 -99 -99 -99 -99 -99 -99 0.965166846189681 -99 -0.565617663052098
-99 1.18403996168923 -99 -99 -99 -99 -99 -99 -99 -99
-99 -99 -99 -99 -99 -99 -99 -99 -99 -99
-99 -99 -99 -99 -99 -99 -99 0.885508801689302 3.66475621718341 -99
-99 -99 -99 -99 -99 -99 -99 2.49414654614061 -1.7236426993365 -99
-99 -99 -99 -99 -99 -99 -99 -99 -99 2.02600251192539
-99 2.57977305490349 -99 -0.0983034499591022 -99 -99 -99 -99 -99 -99
-99 -99 -99 -99 1.98704870795401 -99 -99 -99 -99 -99
-99 -99 -99 -99 -99 -99 -99 -99 -99 -99
1.42511283422265 -99 -99 2.17078973383193 -99 -99 -99 -99 -99 -99
-99 -99 -99 -99 2.31701743200746 -99 -99 -99 -99 -99
-99 -99 -99 -99 -99 -99 -99 -99 -99 -99
-99 -99 -99 -99 -99 -99 -99 -99 -99 -99
-99 -99 -99 2.25506774505704 -99 -99 -99 -99 -99 -99
-99 -99 -99 -99 -99 -99 -99 -99 -99 -99
-99 -99 -99 -99 -99 -99 -99 -99 0.0344035977951183 -99
-99 -99 -99 -99 -99 -99 -99 -99 -99 -99
-99 -99 -99 -99 -99 -99 -99 -99 -99 -99
1.84861058796928 -99 -99 -99 -99 -99 -99 -99 3.12181916630133 -99
-99 -99 -99 -99 -99 -99 1.54469696214069 -99 -99 -99
-99 -99 -99 -99 -99 -99 -99 2.95312736801104 -99 -99
-99 -99 -99 -99 -0.350024968743411 -99 -99 -99 -99 -99
-99 -99 -99 -99 -99 -99 -99 -99 -99 -99
-99 -99 -99 -99 -99 -99 -99 -99 -99 1.95254639594218
-99 -99 -99 -99 2.76515211917657 -99 -99 -99 -99 -99
-99 -99 -99 -99 -99 -99 -99 -99 -99 -99
-99 -99 -99 -99 -99 -99 -99 -99 -2.99596141487132 -99
-99 -99 -99 -99 -99 -99 -99 -99 2.77581504985204 2.76989860139606
-99 -99 -99 -99 0.0396679321221134 -99 -99 -99 -99 -99
-99 -99 -99 -99 -99 -99 -99 1.81893637187183 -99 -99
-99 -99 -99 -99 -99 -99 -99 -99 -99 -99
0.300147415344246 -99 0.990290065679035 -99 -99 -99 -99 -99 -99 -99
-99 -99 -99 -99 -99 -99 -99 -99 -99 -99
-99 -99 -99 -99 -99 -99 -99 -99 -99 -99
-99 0.0294605634020653 -99 -99 -99 -99 -99 -99 -99 -99
-99 -99 -99 -99 -99 -99 3.21677749521091 -99 -99 -99
-99 -99 -99 -99 -99 -99 -99 -99 -99 -99
-99 -99 -99 -99 -99 -99 -99 -99 -0.430402516881164 -99
-99 -99 -99 -99 -99 -99 -99 -99 -99 -99
-99 -99 -99 -99 -99 -99 -99 -99 -99 -99
-99 -99 -99 -99 -99 -99 -99 -99 -99 -99
-99 -99 -99 -99 -99 -99 -99 -99 -99 1.15667521116162
-0.179086139835903 -99 -99 -99 -99 -99 -99 -99 -99 -99
-99 -99 -99 -99 -99 -99 -99 -99 -99 -99
-99 -99 0.63617771481701 -99 -99 -99 -99 -99 -99 -99
-99 -99 -99 -99 -99 2.09951325125973 -99 -99 -99 2.1039787132203
-99 -99 -99 -99 -99 -99 -99 1.60945350517784 -99 -99
-99 -99 -99 2.66668625841033 3.41349832481124 -99 -99 -99 -99 -99
-99 -99 -99 -99 -99 -99 -99 -99 -99 -99
-99 -99 -99 0.471038974068987 -99 -99 -99 -99 -99 -99
-99 -99 -99 -99 2.49649869602173 -99 2.34480127620629 -99 -99 -99
-99 -99 -99 -99 -99 -99 -99 -99 -99 -99
-99 -99 -99 -99 -99 -99 -99 1.92432708393051 -99 -99
-99 -99 -99 -99 -99 -99 -99 -99 -99 -99
-99 -99 -99 -99 -99 -99 -99 -99 -99 0.706826586325007
-99 -99 -99 -99 -99 -99 -99 -99 -99 -99
-99 -99 -99 -99 -99 2.35571430165956 -99 -99 -99 -99
-99 -99 -99 -99 -99 -99 -99 -99 -99 -99
-99 -99 -99 -99 -99 -99 -1.94207743638094 -99 -99 1.23242393063311
-99 -0.764618088190778 -99 -99 -99 -99 -99 -99 2.02703657494216 -99
-99 -99 -99 -99 -99 -99 -0.527326528777858 -99 -99 -99
-99 -99 -99 -99 -99 -99 -99 -99 -99 -99
-99 -99 -99 -99 -99 -99 -99 -99 -99 -99
-99 -99 -99 -99 -99 -99 -99 -99 2.52141940523465 -99
-99 -99 -99 -99 -99 -99 -99 -99 -99 -99
-99 0.832707059709265 -99 0.775767158207925 -99 -99 -99 -99 1.43623255456301 -99
-99 -1.71952220681918 -99 -99 -99 -99 -99 -99 -99 -99
-99 -99 -99 -99 -99 -99 -99 -99 -99 -99
0.142148813605067 -99 -99 -99 -99 -99 -99 -99 -99 -0.916268710126801
1.00550572875649 -99 -99 -99 -99 -99 -99 -99 -99 -99
-99 -99 -99 -99 -99 -99 -99 -0.0336814423037717 -99 -99
-99 -99 -99 -1.56989809677459 -99 -99 -1.07305496251736 -99 -99 -99
4.23418459004278 -99 -99 3.07234541017844 -99 -99 -99 -99 -99 -99
-99 -99 -99 -99 -99 -99 -99 -99 -0.57985055599661 -99
-99 -1.67459986372525 -99 -99 -99 -99 -99 -99 -99 -99
-99 -99 0.0749188815257475 -99 -99 -99 -99 -99 -99 1.7755003811102
-99 -99 0.93092325696497 1.72712719414811 -99 -99 2.32353655462967 -99 -99 -99
0.00338756710562116 -99 -99 -99 -99 -99 -99 -99 1.42611166974004 -99
-99 -99 1.25603804474083 -99 -99 2.23562303445811 -99 -99 -99 -99
-99 -99 -99 -99 -99 -99 -99 -99 -99 -99
-99 -99 1.43238308221836 -99 -99 -99 1.51269948991596 -99 -99 -99
-99 -99 -99 -99 -99 -99 -99 -99 -99 -99
-99 -99 -99 -99 -99 -99 -99 1.47603982766588 -99 -0.651771482889967
-99 -99 -99 -99 -99 -99 -99 -99 -99 -99
-99 -99 -99 -99 -99 -99 -99 3.22967778999316 -99 -99
-99 -99 -99 -99 -99 -99 -99 -99 -99 -99
-99 -99 -99 -99 -99 -99 -99 0.343105628718171 -99 -99
-99 -99 -99 -99 -99 -99 -99 -99 -99 -99
-99 -99 -99 -99 -99 0.530317700356798 -99 -99 -99 -99
-99 -99 -99 -99 -99 -99 -99 -99 -99 -99
-99 -99 3.53629827003394 -99 -99 -99 -99 1.12246462547811 -99 -1.09561688025231
-99 -99 1.43258675092332 -99 -99 -99 -99 -99 -99 -99
-99 -99 -99 -99 -99 -99 -99 -99 -99 -99
-99 -99 -99 -99 -99 -99 -99 -99 -99 -99
-99 -99 1.38745416410882 -99 -99 -99 -99 -99 2.08024557015235 0.297049486879912
-99 -99 -99 -99 -99 -99 -99 -99 -99 -99
-99 -99 -99 -99 -99 -99 -99 -99 -99 -99
-99 -99 -99 -99 -99 -99 -99 -99 -99 -99
-99 -99 -99 -99 -99 -99 -99 -99 -99 -99
-99 -99 3.68644999063057 -99 2.27390854545349 -99 -99 -99 -99 -99
-99 -99 -99 -99 -99 -99 -99 -0.647594578325995 -99 -99
-99 -99 -99 -99 -99 -99 -99 -99 0.187648038548348 -99
-99 -99 1.79874035508736 1.17090070556787 -0.301243493557144 -99 -99 -99 -99 -99
-99 -99 -1.42284478809643 -99 -99 -0.385694358911352 -99 -99 -99 -99
-99 -99 -99 -99 -99 -99 -99 1.03382024649874 -99 -99
-99 1.32581161090943 -99 -99 -99 -99 -99 -99 -99 -99
-99 -99 -99 -99 -99 -99 -99 -99 -99 -99
-99 -99 -99 -99 2.40260635679913 -99 -99 -99 -99 -99
-99 -99 -99 -99 -99 -99 -99 0.189379502366385 -99 -99
-99 -99 -99 -99 -99 -99 -99 -99 -99 -99
-99 -99 -99 -99 -99 -99 -99 -99 -99 -99
-99 -99 1.96693902911386 0.801328704552044 -99 -99 -99 -99 -99 -99
-99 -99 -99 -99 -99 -99 -99 -99 -99 2.75395762283124
-99 -99 -99 -99 -99 -99 -99 -99 -99 -99
-1.2344934662673 -99 -99 -99 -99 -99 -99 -99 -99 -99
-99 -99 -99 -99 -99 -99 -99 -99 -99 -99
-99 -99 -99 -99 -99 -99 2.04707791532157 -99 -99 -99
-99 -99 -99 -99 -99 -1.43669884792636 -99 -99 -99 -99
-99 -99 -99 -99 -99 -99 -99 -99 -99 -99
-99 -99 -99 -99 -99 1.93892858705767 -99 -99 -99 -99
-99 -99 -99 -99 -99 -99 -99 -99 -99 -99
-99 -99 -0.620473127432526 -99 -99 -99 -99 -99 -99 -99
-99 -99 -99 -99 -0.00413315724331875 -99 -99 -99 -99 -99
-99 -99 -99 -99 -99 -99 -99 -99 -99 -99
-0.338064077626664 -99 0.449717091752673 -99 -99 -99 -99 -99 -99 -99
-99 -99 -99 -99 -99 -99 -0.644233864493976 -99 -99 -99
-99 -99 -99 -99 -99 -99 -99 -99 -99 -99
-1.97673871484426 0.68380482822879 -99 -99 -99 -99 0.65652310560371 -99 0.166356478008964 -99
-99 -99 -99 -99 -99 -99 -99 -99 -99 -99
-99 -99 -99 -99 -99 -99 -99 -99 -99 -99
-99 -99 -99 0.525043089928626 -99 -99 -99 -99 -99 -99
-99 -99 -99 -99 -99 -99 -99 -99 -99 -99
-99 -99 -99 -99 -99 -99 -99 1.41470945394713 -99 3.68901157689543
3.58171335676784 4.0179356427978 -99 -99 -99 -99 1.27874862332052 -99 -99 -99
-99 0.723571368102302 -99 -99 0.58618363090084 -99 -0.455853066548681 -99 -99 -99
-99 -99 -99 2.22770598589427 -99 -99 -99 -99 -99 -99
-99 -99 -99 -99 -99 -99 -99 -99 -99 -99
-99 -99 -99 -99 -0.899183935136494 -99 -99 -99 -99 -99
0.989987989667739 -99 -99 -99 -99 -99 -99 -0.35355036639916 -99 -99
-99 -99 -99 -99 -99 -99 -99 -99 -99 -99
-99 -99 -99 -99 -99 -99 -99 -99 -99 -99
-99 -99 -99 2.31448274462733 3.29869276880377 1.70448115456687 -99 2.16097685398281 -99 -99
-99 -99 -99 -99 -99 -99 -99 -99 -99 -99
-99 -99 -99 -99 -99 -99 -99 -99 -99 -99
-99 -99 -99 -99 -99 -99 -99 -99 1.67784666683455 -99
-99 -99 -99 -99 -99 -99 1.96083221962682 -99 -99 -99
-99 -99 -99 -99 -99 -99 -99 -99 -99 -99
-99 -99 -99 -99 -99 -99 -99 -99 -99 -99
-99 -99 -99 -99 -99 -99 -99 -99 -99 -99
-99 0.629661338536604 -99 -99 -99 0.957147128517209 -99 -99 -99 -99
-99 -99 -99 -99 0.0135585728823528 -99 -99 -99 -99 -99
-99 2.6250962376747 -99 -99 -99 -99 -99 -99 -99 -99
-99 -99 -99 -99 -99 -99 -99 -99 -99 -99
-99 -99 -99 -99 -99 -99 -99 -99 -99 -99
-99 -99 -99 -99 -99 -99 -99 -99 -99 2.79158184629847
-99 -99 -99 -99 -99 -99 -99 -99 -99 -99
-99 -99 -99 -99 -99 -99 -99 -99 0.143203615785476 -99
0.572358211388935 -99 -0.807604270206007 1.10864197884434 -99 -99 -99 -99 -99 -99
-99 -99 -99 -99 -99 -99 -99 -99 1.13759576359477 -99
-99 -99 1.52578250281433 -99 -99 -99 -99 -99 -99 0.816791170896322
-99 -99 -99 -99 -99 -99 -99 -99 -99 -99
-99 -99 -99 -99 -99 -99 -99 -99 -99 -99
-99 -99 -99 -99 -99 -99 -99 -99 -99 -99
-99 -0.211756146919089 -99 -99 -99 -99 -99 -99 -99 -99
-99 -99 -99 -99 -99 -99 -99 -99 -99 2.41441774557688
-99 -99 -99 -99 -99 -99 -99 -99 -99 -99
-99 -99 -99 0.176102903105066 -99 -99 -99 -99 -99 -99
-99 -99 -99 -99 -99 -99 -99 -99 -99 -99
-99 -99 -99 -99 1.59492135967149 -99 -99 -99 -99 -99
-99 -99 -99 -99 -99 -99 -99 -99 -0.282323562829791 -99
-99 -99 -99 -99 -99 -99 -99 -99 -99 -99
-99 -99 -99 -99 2.47968534606489 -99 -99 -99 1.3358153849209 -99
-99 -99 -99 -99 -99 -99 0.0621617974500794 0.699917517043914 -99 -99
-99 -99 -99 -99 -99 -99 -99 -99 -99 0.585773352650808
-99 -99 -0.138450655377913 -99 -99 -99 -99 -99 -99 -99
-99 0.0402861640942486 -0.509896965245525 -99 -99 -99 -99 -99 -99 -99
2.6761455307581 -99 -99 -99 0.85746537382323 -99 -99 -99 -99 -99
0.763270115030017 1.21947956152618 -99 -99 -99 -99 -99 -99 -99 -99
-99 -99 -99 -99 -99 0.417350936683678 -99 -99 -99 -99
-99 -99 1.21556746703687 -99 -99 -99 -99 2.26900070367442 -99 2.02755941176724
-99 -99 -99 -99 -99 -99 -99 -99 -1.37075112779062 -99
-99 -99 -99 -99 -99 -99 -99 -99 -99 -99
-99 -99 -99 -99 -99 -99 -99 -99 -0.359780778085868 -99
-99 -99 -99 -99 -99 -99 -99 -99 -99 -99
-99 -99 -99 -99 -99 -99 -99 -99 3.82137733671447 -99
-99 -99 -99 -99 -99 -99 -99 -99 -99 -99
-99 -99 -99 -99 -99 -99 -99 -99 -99 3.67087237541408
-99 -99 -99 -99 1.81316877575811 2.40287095787784 -99 -99 -99 -99
-99 -99 -99 -99 -99 -99 -99 1.14623681404495 0.918972375974555 -99
-99 -99 -99 -99 -99 -99 -99 -99 2.33079399339949 -99
-99 -99 -99 -99 -99 -99 -99 -99 -99 -99
-99 -99 -99 -99 -99 -99 -99 -99 -99 -99
-99 -99 -99 -99 -99 -99 2.12035981772704 -99 -99 -99
-99 -99 -99 -99 -99 -99 -99 -99 -99 1.64867870325914
-99 -99 -99 -99 -99 -99 -99 -99 -99 -99
-99 -99 -99 -99 -99 -99 -99 -99 -99 -99
-99 -99 -99 -99 -99 -99 -99 -99 -99 -0.176256945093624
-99 -99 -99 -99 -99 -99 -99 -99 -99 -99
-99 -99 -99 -99 -99 -99 -99 -99 -99 0.517639273336339
-99 -99 -99 -99 -99 -99 -99 -99 -99 -99
-99 -99 -99 -99 -99 -99 -99 -99 -99 -99
-99 -99 -99 -99 -99 -99 -99 -99 -99 -99
-99 -99 -99 -99 2.20592834360821 -99 -99 -99 -99 -99
-99 -99 -99 -99 -99 -99 -99 0.491374508669872 -99 -99
-99 -99 -99 -99 -99 1.26160613382484 -99 -99 -99 -99
-99 -99 -99 -99 -99 -99 -99 -99 1.17277174727891 -99
-99 -99 -99 -99 -99 -99 -99 -99 -99 -99
-99 -99 -99 -99 -99 2.70845818118707 -0.18506414635388 -99 0.844923916188621 -99
-99 -99 -99 -99 -99 -99 -99 -99 -99 -99
-99 -99 -99 -99 -99 -99 -99 -99 -99 -0.608737363778051
-99 -99 -99 -99 -99 -99 -99 -99 -99 -99
-99 -99 -99 -99 -99 -99 -99 2.96383474197351 -99 1.85400232172921
-99 -99 -0.239222489965389 -99 -99 -99 -99 -99 -99 -99
-99 -99 -99 -0.0514683051985003 -99 -99 -99 -99 -99 -99
-99 -99 -99 -99 -99 -99 -99 -99 -99 -99
-99 -99 -99 -99 -99 -99 -99 3.36171734534639 -99 -99
-99 -99 3.52762870239461 -99 -99 -99 -99 -99 -99 -99
0.62899383489649 -99 -99 -99 0.134268415707072 -99 -99 0.3905125924165 -99 -99
1.62632241141766 -99 -99 -99 -99 -99 0.209368675737079 -99 -99 -99
-99 -99 -99 -99 -99 -99 -99 -99 -99 -99
-99 -99 -99 -99 -99 -99 -99 -99 -99 -99
-99 -99 -99 -99 -99 1.24015549204244 -99 2.3223129131267 -99 -99
-99 -0.71590182067759 -99 -99 -99 -99 -99 -99 -99 -99
-99 -99 -99 -99 -99 1.23737938849305 -99 0.0720072367813329 -99 -99
-99 -99 -1.20691393252321 -99 -99 -99 -99 -99 -99 -99
-99 -99 -99 -99 -99 -99 -99 -99 5.0314679237258 -99
-99 -99 -99 -99 -99 -99 0.14575794854323 -99 -99 -99
-99 -99 -99 -99 -99 -99 -99 -99 -99 -99
-99 -99 -99 -99 -99 1.79898677420292 -99 -99 -99 -99
-99 -99 -99 -99 -99 0.448716983597138 -99 -99 -99 0.753969723125715
-0.811814739891416 -99 -99 -99 -99 -99 -99 -99 -99 -99
-99 -99 -99 -99 -99 -99 1.07428724319353 -99 -99 -99
-99 3.242372253134 -99 2.5351732503867 -99 2.67145308808726 -99 2.00817708934108 -99 -99
-99 3.14632113600499 -99 -99 -99 -99 -99 -99 -99 -99
-0.00125520874145879 -99 -99 -99 -99 -99 -99 -99 -99 -99
2.43942034135025 -99 -99 -99 -99 -99 -99 -99 -99 0.307869728411929
-99 -99 -99 -99 -99 -99 -99 -99 -99 -99
-99 -99 -99 -99 -99 -99 -99 2.89900273698739 -99 -99
-99 -99 -99 -99 -99 -99 -99 -99 -99 -99
-99 -2.50522141611063 -99 -99 -99 -99 -2.18953466996964 -99 -1.02877493143078 -99
-99 -99 -99 -99 -99 -99 -99 0.325651756253253 -99 -99
-99 0.335164520428267 -99 -1.27255268724212 -99 -99 -99 0.154084216299922 -99 -99
-99 -99 1.6968140006233 1.83706760442805 -99 -99 -99 -99 -99 -99
-99 -99 -99 -99 -99 -99 0.681055305887255 -99 -0.747706767507671 -99
-99 -99 -99 -99 -99 -99 -99 -99 -99 -99
-99 -99 1.53317103809061 -99 -99 -99 -99 0.972372010098467 -99 -99
-99 -99 -99 -99 -99 -99 -99 0.249539557704476 -99 -99
-99 -99 -99 -99 -99 -99 -99 -99 -99 -99
-99 -99 -0.766550756828954 -99 -99 1.06993561501729 -99 -99 -99 -99
-99 -99 -99 -99 -99 -99 1.85065913416301 -99 -99 -99
-99 -99 -99 -99 -99 -99 -99 -99 -99 -99
-99 -99 -99 -99 -99 -99 -99 -99 -99 -99
-99 -99 -99 -99 -99 -99 -99 -99 -99 -99
-99 -99 -99 -99 -99 -99 -99 -99 -99 -99
-99 4.24318920957246 -99 -99 -99 -99 -99 -99 -99 -99
-99 -99 -99 -99 -99 -99 -99 -99 1.0097632776404 -99
-99 -99 -99 -99 -99 -99 -99 -99 -99 -99
0.574176748510069 -99 -99 -99 -99 -99 -99 -99 -99 -0.7484512404516
-99 -99 -99 -99 -99 -99 -99 -99 -99 -99
-99 1.54885693424567 -99 -99 -99 0.0205980334352595 -99 1.95328993675734 -99 -99
-99 -99 0.451819755632491 -99 -99 -1.07236364077777 -99 -99 -99 -99
-99 -99 -99 2.64299427843636 -99 -99 -99 -99 -99 -99
-99 -99 -99 -99 -0.263313838147451 2.58458098376302 -99 -99 1.95944499166229 -99
-99 -99 -99 -99 1.01987279899537 -99 -99 -99 -99 -99
-99 -99 -99 -99 0.15660530560204 -99 0.236821056109459 -99 -99 -99
-99 -99 -99 -1.27928151160202 -99 -99 -99 -99 -99 -99
-99 -99 -99 -99 -0.299208291533647 -99 -99 -99 -99 -99
-99 -99 -99 -99 -99 -99 -99 -99 -99 -99
-99 -99 -99 -99 -0.111117271074381 -99 -99 -99 -99 -99
0.919052077569955 -0.277977845737358 -99 -99 -99 -99 -99 -0.236762756287997 -99 -99
-99 -99 -99 -99 -99 -99 4.23513478312899 -99 -99 -99
-99 -99 -99 -99 -99 -99 2.3992108144236 -99 -99 -99
-99 -99 -99 -99 -99 -99 -99 -99 -99 -99
-99 -99 -99 -99 -99 -99 -99 -99 -99 -0.15409754559302
-99 -99 -99 -99 -99 1.09613960873198 -0.309300750962419 -99 -99 1.31006164864474
-99 -99 -99 1.94620160875964 -99 -99 -99 -99 -99 -99
-99 -99 -99 -99 -99 -99 -99 -99 -99 -99
-99 -99 -99 -1.08863944903474 -99 -99 -99 0.056997324297883 -99 -99
-99 -99 -99 -99 -99 -99 -99 -99 -99 -99
-99 -99 -99 -99 -99 -99 -99 -99 -99 -99
-99 -99 -99 -99 -99 -99 -99 -99 -99 -99
-99 -99 -99 -99 -99 -99 -99 -99 -99 -99
-99 -99 -99 -99 -99 -99 -99 -99 -99 -99
-99 -99 0.827684051646086 -99 0.692119489034077 -0.776468932306276 -99 -99 -99 -99
-99 -99 -1.36234902087235 -99 -99 -99 -2.80969816342374 -99 -99 -99
-99 -99 -99 -99 -99 -99 -99 -3.06810893234853 -99 -99
0.730242685938588 -99 -99 -99 -99 -99 -99 -99 -99 -99
-99 -99 -99 -99 -99 -99 -99 -99 1.79575025160213 -99
-99 -99 0.994767652262293 -99 -99 -99 -99 -99 -99 -99
-99 -99 -99 1.73959160874684 -99 -99 -99 -99 -99 -99
-99 -99 -99 -99 -0.486208160813234 -99 -99 -99 -99 -99
-1.08747893914151 -99 -99 -99 -99 -99 -99 -99 -99 -99
-99 -99 -99 -99 -99 -99 0.96398239424831 -99 -99 -99
-99 -99 -99 2.99483573135697 -99 -99 -99 1.16726910476607 -99 -99
-99 -99 -99 -99 -99 -99 -99 -99 -99 -99
-99 -99 -99 -99 -99 -99 -99 2.46737841960185 -99 -99
-99 -99 -99 -99 -99 -99 -99 -99 -99 2.10915840208823
-99 -99 -99 -99 -1.58717964587585 -99 -99 -99 -99 -99
-99 -99 -99 -99 -99 3.70240231562391 -99 -99 -99 -99
-99 -99 -99 -99 -99 -99 2.17989187682509 -99 -99 -99
-99 -99 -99 -99 0.141156246382767 2.85127353642375 -99 -1.36445745495238 -1.29953422627563 -99
-99 -99 0.0583735039065714 -99 -99 -99 -99 -99 -99 -99
-99 -99 -99 2.11601272160395 0.46044437832896 -99 -99 -99 -99 1.19731861248588
-99 -99 -99 -99 -99 -99 -99 -99 -99 -99
-99 -99 0.191997917385185 -99 -99 0.430763592949693 -99 -99 -99 -99
-99 -99 -99 -99 -99 -99 -99 -99 -99 -99
-99 -99 -99 -99 -99 -99 -99 -99 -99 -99
-99 -99 -99 -99 -99 1.05859488125292 -99 -99 -99 -99
-99 -99 -99 -99 4.03201943755501 -99 3.01913592391324 -99 -99 -99
-99 -99 -99 -99 -99 -99 -99 -99 -99 -99
-99 -99 -99 -99 -99 -99 -99 0.785692261379689 -99 -99
-99 -99 2.07196733203623 -99 -99 -99 -99 -99 -99 -99
-99 1.90709866312115 -99 -99 -99 -99 -99 -0.843522100605661 -99 -99
-99 -99 -99 -0.666644709153651 -99 -99 -99 -99 -99 -99
-99 0.643227162818712 -99 -99 -99 -99 -99 -99 -99 0.733274802665614
-99 -99 -99 -99 -99 2.34060804874817 -99 -99 -99 -99
-99 -99 -99 -99 -99 0.937469799727076 2.22172459922781 -99 -99 -99
-99 -99 -99 -99 -99 0.156726883399994 2.08059442136346 -99 -99 -99
-99 -99 -99 -99 -99 1.53020874585852 -99 -99 -99 -99
-99 -99 -99 -99 -99 0.310463145666049 1.17317000232605 -0.779010700848173 -99 -99
-99 -99 1.53156634911737 -99 -99 0.642422538718339 -99 -99 -99 -99
-99 -99 -99 1.11241674064416 -99 -99 -99 -99 -99 0.640373711923291
2.10767901712844 -99 -99 0.0958510371355358 -99 -99 -99 -99 -99 -99
-99 -99 -99 -99 1.16132877594898 -99 -99 -99 -99 -99
-99 -99 -99 -99 -99 -99 -99 -99 -99 -99
-99 -99 -99 -99 2.57320195818512 -99 -99 -99 -99 -99
-99 0.660395343133415 -99 -99 -99 -99 -99 2.53148625520356 -99 -99
-99 -99 -99 -99 -99 -99 -99 -99 -99 -99
0.828479701600165 -99 -99 -99 -99 -99 -99 -99 -99 -99
-99 -99 -99 -99 -99 -99 -99 -99 -99 -99
-99 -99 -99 -99 -99 -99 -99 -99 -99 -99
1.83062157557372 -99 -99 -99 -99 -99 -99 -99 -99 -99
-99 -99 0.970504895511688 -99 -99 -99 -99 -99 -99 -99
-2.3283185701586 -99 -99 -99 -99 -2.54878165000112 -99 -99 -99 -99
-99 2.58111411535805 -99 2.69734499796317 -99 -99 -99 -99 -99 -99
-0.173272195035455 -99 -0.419966114850834 -99 -99 -0.691008807384528 -99 -99 -99 -99
-99 0.341672003044313 0.815758173194356 -99 1.79332524637674 -99 -99 -99 -99 2.08693932935863
-99 -99 -99 -99 -99 -99 -99 -99 -99 -99
-99 -99 -99 -99 -99 -99 -99 -99 -99 -0.333728522085965
-99 -99 -99 -99 -99 -99 -99 -99 -99 -99
-99 -99 -99 -99 -99 -99 -99 -99 -99 -99
-99 -99 -99 -99 0.94988537445265 -99 -99 -99 -99 -0.323901736755042
-99 -99 -99 -99 -99 -99 -99 -99 -99 -99
-99 1.49041724135346 3.32344187495906 -99 -99 2.11576130753744 -99 -99 -99 -99
-99 -99 -99 -99 -99 -99 -99 -99 -99 -99
-99 -99 -99 -99 -99 -0.138289025698937 -99 -99 -99 -99
-99 -99 -99 -99 -99 0.318370383123482 -99 -99 -99 -99
-99 -99 -99 -99 -99 0.685215364778365 -99 -99 -99 -99
-99 -0.573773851072118 -99 1.44678731410538 -99 -99 -99 -99 1.07798906195586 -99
-99 -99 -99 -0.374099807253856 -99 -99 -99 -99 -99 -99
-99 -99 0.147325672268077 -99 -99 -99 -99 -0.173606304403093 -99 -99
-0.123917472721875 -99 -99 -99 -99 -99 -99 -99 -99 -0.889160431921068
-99 -99 -99 -99 -99 -99 -99 -99 -99 -99
-99 -99 -99 -99 -99 -99 -99 -99 -99 -99
-99 -99 -99 -99 -99 1.70186996134012 -99 -99 -99 -99
-99 -99 -99 1.84935074956513 -99 -99 -99 -99 -99 1.5838095019568
-99 -99 -99 -99 3.15130984596324 -99 -99 1.31390900120657 -99 -99
-99 -99 -99 -99 -99 -99 -99 -99 -99 3.13301391991887
-99 -99 -99 -99 -99 -99 -99 -99 -99 -99
-99 -99 2.16150410722263 -99 -99 -99 -99 -99 -99 -99
-99 -99 -99 -99 -99 -99 -99 -99 -99 -99
-99 -99 -99 -99 -99 -99 -99 -99 -99 -99
-99 -99 -99 -99 -99 -0.255275237447129 -99 -99 -99 -99
-99 -99 -99 -99 -99 1.36954760412368 2.34323016319769 -99 -99 -99
-99 -99 -99 -99 2.27466957043547 -99 -99 -99 -99 -99
-99 -99 -99 -99 -99 -99 -99 -99 -99 -99
-99 -99 -99 1.46294822424736 -99 -99 -99 -99 -99 -99
-99 -99 -99 -99 -99 -99 -99 -99 -99 -99
-99 -99 -99 -99 -99 -99 -99 -99 -99 -99
-99 -99 -99 -99 -1.31820875588091 -99 -99 -99 -99 -99
-99 -99 -99 -99 -99 -99 -99 -99 -99 -99
-99 -99 -99 -99 -99 -99 -99 -99 -99 -99
-99 -99 -99 -99 -99 -99 -99 0.321396472541482 -99 -99
-99 -99 3.49773060009028 -99 -99 -99 -99 -99 2.13672973859255 -99
-99 -99 -0.0231642775336445 -99 -99 -99 -99 -99 -99 -99
-99 -99 -99 -99 -99 -99 -99 -99 0.956857799535361 -99
-99 -99 -99 -99 -99 -1.06138781783991 -99 -99 -99 -99
-99 -99 -99 -99 -0.649254121435607 -99 -99 -99 -99 -99
-99 -99 -0.121553168245524 -99 -99 -99 -99 -99 -99 -99
2.98036136956044 -99 -99 -99 -99 -99 -99 -99 -99 -99
-99 -99 -99 -99 -99 -99 -99 -99 -99 -99
-99 -99 -99 -99 -99 -99 -99 -99 -99 -99
-99 -99 -99 -99 -99 -99 1.52144264047016 -99 -99 -99
-99 -99 -99 2.1462197507827 -99 -99 -99 -99 -99 -99
-99 -99 -99 -99 -99 -99 -99 -99 1.5857585958795 -99
-99 -99 -99 -99 -99 -99 -99 -99 -99 -99
-99 2.98858299382241 -99 -99 -99 -99 -99 -99 -99 -99
-99 -99 -99 -99 1.50908335476112 -99 -99 -99 0.912392679094559 -99
-99 -99 -99 -99 -99 -99 -99 -99 -99 -99
-99 -99 -99 -99 2.31239103260205 -99 -99 -99 -99 -99
-99 -99 -99 -99 -99 -99 -99 -99 -99 -99
-99 -99 -99 -99 -99 -99 -99 -99 -99 -99
-99 -99 -99 -99 -1.65824527231082 0.124726339159122 -99 -99 -99 -99
-99 -99 -99 -99 -99 -99 -99 -99 -99 -99
-99 -99 -99 -99 -99 -99 -99 -99 -99 -99
-99 -99 -99 -99 -99 -99 -99 -99 -99 -99
-99 -99 -99 -99 -99 -99 -99 -99 -99 0.46758262232883
-99 -99 -99 -99 -99 -99 -99 -99 -99 -99
-99 -99 -99 -99 -99 -99 -99 0.305417797532838 -99 -99
-99 1.7811751209112 -99 -99 -99 -99 -99 -99 -99 -99
-99 -99 -99 0.822683247882194 -99 -99 -99 -99 -99 -99
-99 -99 0.760559559379863 -99 -99 -99 -99 -99 -99 -99
-99 -99 -99 -99 -99 -0.418412482404078 -99 -1.1881590494036 -99 -99
-99 -99 -99 -99 -99 0.939425370239832 -99 -99 -99 1.67528733898766
-99 -99 -99 -99 -99 -99 -99 -99 -99 -99
-99 -99 -99 -99 -99 -99 -99 -99 -99 -99
1.60804606899507 -99 -99 -99 -99 -99 -99 -99 -99 -99
-99 -99 -99 -99 -99 -99 -99 -99 -99 -99
-99 -99 -99 -99 -99 -99 -99 -0.824731744270465 -99 -99
-99 -99 -99 -99 -99 -99 -99 -99 -99 -99
-99 0.032612938883507 1.25137720330529 -99 -99 -99 -99 -99 -0.186551284430303 -99
-99 -99 -99 -99 -99 -99 -99 -0.277348786234298 -99 -99
-99 -99 -99 -99 -99 -99 -99 -99 -99 -99
1.35919045692744 -99 -99 -99 -99 -99 -99 -99 -99 -99
-99 -99 -99 2.10197811717355 -99 -99 -99 -99 -99 -99
-99 2.98206573844029 -99 -99 -99 -99 -99 -99 -99 -99
-99 -99 2.54249726660964 -99 -0.0156323464752479 -99 -99 -99 -99 -99
-99 -99 -99 -99 -99 -0.78565058721337 -99 -99 -99 -99
-99 -99 -99 -99 -99 -99 -99 -99 -99 0.756764380575854
1.56548380292454 -99 -99 -99 -99 -99 -99 -99 -99 -99
0.300527674300941 -99 -99 -99 -99 -99 -99 -99 -99 -99
-99 3.13683800661512 -99 -99 -99 -99 -99 -99 -99 -99
-99 -99 -99 -99 -99 -99 -99 -99 -99 -99
-99 -99 -99 -99 -99 -99 -99 -99 -99 -99
-99 -99 -99 -99 -99 -99 -99 -99 -99 -99
-99 -99 -99 -99 -99 -99 -1.91157220679171 -99 -99 -99
-99 0.218018229867361 -99 -99 -99 -99 -99 -99 -99 2.29380043300472
-99 -99 -99 -99 -99 -99 -99 -99 -99 -99
-99 -99 -99 -99 -99 0.67318556620526 -99 -99 -99 -99
-99 -99 -99 -99 -99 -99 -99 -99 -99 -99
-99 -99 -99 -99 -99 -99 -99 -99 -99 -1.01982497368478
-99 -99 -99 -99 -99 -99 -99 -99 -99 -99
-99 -99 -99 -99 -99 -99 -99 -99 -99 -99
1.64196833781613 -99 -99 -99 -99 -99 -99 -99 -99 -99
-99 -99 -99 -99 -99 -99 0.975272218572955 -99 1.15661494365197 -99
0.472952067791883 -99 -99 0.657970979607326 -99 -99 -99 -99 -99 -99
-99 -99 1.7085485221661 -99 -99 -99 -99 -99 -99 -99
-99 -99 -99 -99 -99 -99 -99 2.54959971134582 -99 -99
-99 -99 -99 -99 -99 -99 -99 -99 -99 -99
-99 0.607739961411153 -99 -99 -99 -0.527451620697228 -99 1.61967133412867 -99 -99
-99 -99 -99 -99 -99 -99 -99 0.218236224511812 -99 1.87772359305568
-99 -99 -99 -99 -99 -99 -99 -99 -99 -99
-99 -99 -99 -99 -99 -99 -99 -99 -99 -99
-99 -99 1.2365258660155 0.856745483908843 -99 -99 -99 -99 -99 -99
-0.525142462486226 -99 -99 -99 -99 -99 -99 -99 -99 -99
0.756329558151246 -99 -99 -99 -99 -99 -99 0.126346685725679 -99 -99
-99 1.78391227467305 -99 -99 -99 -99 -99 -99 -99 -99
-99 -99 -99 -99 -99 -99 -99 0.45972712714627 -99 -99
-99 -99 -99 -99 -99 -99 -99 -99 1.81367998169038 -99
-99 -99 -99 -99 -99 -99 -99 -99 -99 -99
-1.72496604204063 -99 -99 -99 -99 -99 -99 -99 -99 -99
1.90190185604516 -99 -99 -99 1.88666535638267 -99 -99 -99 -99 -99
-99 -99 -99 2.19354940102167 -99 0.790994012480251 -99 -99 -99 -99
0.596270779555622 -99 -99 -99 0.0110925867289303 -99 -99 -99 -99 -99
-99 -99 -99 -99 -99 -99 -99 -99 -99 -99
-99 -99 -99 -99 1.27776380063833 -99 -99 -99 -99 -99
-99 -99 -99 -99 -99 -99 -99 -99 2.45803955507936 -99
-99 -99 -99 -99 -99 -99 -99 -99 -99 0.841272364933175
-99 0.760571797889938 -99 -99 -99 -99 -99 -99 -99 -99
-99 3.44755113558 -99 -99 -99 -99 -99 -99 -99 -99
-99 -99 -99 -99 -99 -99 -99 -99 2.13816326744577 -99
-99 -99 -99 -99 -1.14871209201013 -99 -99 -99 -99 -0.00998365104368371
-99 -99 2.00320193706473 -99 -99 -99 -99 -99 -99 -99
-99 -99 -99 -99 -99 -99 -99 -99 -99 -99
-99 -99 -99 -99 -99 -99 -99 -99 -99 -99
-99 0.773011835956045 2.36560530227766 -99 -99 1.20146343140219 1.81634817896757 -99 2.15988304653636 -99
-99 -99 -99 -99 -99 2.24324059044281 -99 -99 -99 2.88819104184108
-99 -99 -99 -99 -99 -0.114994989913987 -99 -99 -99 -99
-99 -99 -99 -99 -99 2.58501306785843 -99 -99 -99 -99
-99 -99 -99 -99 -99 2.17014685855798 -99 -99 -99 -99
-99 -99 -99 -99 -99 -99 -99 -99 -99 -99
-99 -99 -99 -99 -99 -99 -99 -99 -99 -99
-1.15589912781823 0.0863359283887625 -99 -99 -99 -99 -99 -99 -99 -99
-99 -99 -99 -99 -99 0.8096522863547 -99 -99 -99 -99
-99 -99 -99 -99 -99 -99 -99 -99 -99 -99
-99 -99 -0.672037956238299 -99 -99 -99 -99 -99 -99 -99
-99 -99 -99 -99 -99 -99 -99 -99 -99 -99
-99 -99 -99 -99 -99 -99 -99 -99 0.147108031466047 -99
-99 -99 1.90166076594205 -99 -99 -99 -99 -99 -99 -99
-99 -99 -99 -99 -99 1.22672968736703 -99 -99 -99 -99
-99 -99 -99 -99 -99 -99 -99 -99 -99 -99
-99 -99 -99 -99 -99 -99 -99 -99 -99 0.983858923287842
-99 -99 -99 -99 -99 -99 -99 1.24323570204978 -99 -99
-99 -99 -99 -99 2.50100746605201 -99 -99 2.59386500876608 -99 -99
-99 -99 -99 -99 -99 -99 -99 -99 -99 -99
0.348495013140245 -99 -99 -99 -99 -99 -99 -99 -99 -99
-99 -99 -99 -99 -99 -99 -99 -99 -99 -99
-99 3.46135207014842 -99 -99 1.04672455604386 2.25783507849478 -99 -99 -99 -99
-99 -1.10142597525402 -99 -99 -99 -99 -99 -99 -99 -99
-99 -99 -99 1.75637622837895 -0.224162852573142 -99 -99 -99 -99 -99
-99 -99 0.264029169334406 -99 -99 -0.603366824754354 -99 -99 -99 -99
-99 -99 -99 -99 -99 -99 -99 -99 -99 -99
-99 -99 -99 -1.49802327924231 -99 -99 -99 -99 -99 -99
-99 -99 -99 -99 -99 -99 -99 -99 -99 -99
-99 -99 -99 -99 -99 -99 -99 2.19663606354487 -99 -99
-99 -99 -99 -99 -99 -0.186609621602544 -99 -99 -99 -99
-99 -99 -99 0.599931365974987 1.24642446918491 -99 -99 -99 -99 0.481056793348214
-99 -99 -99 -99 -99 -99 -99 -99 -99 -99
-99 -99 0.668466598968972 -99 -99 -99 -99 -99 -99 1.51047196334835
1.09550665049863 -99 -99 -99 -99 -99 -99 -99 -99 3.04165018444956
-99 -99 -99 -99 -99 -99 -99 -99 0.47169935501651 -99
-99 -99 -99 -99 -99 1.29902095656222 -99 -99 -99 -99
-99 0.349078113929674 -99 -99 -99 -99 -99 -99 -1.75797797824011 -99
-99 -99 -99 -99 -99 -99 -99 -99 -99 0.33607139087358
-99 -99 -99 -99 -99 -99 -99 -99 -99 -99
-99 -99 1.26713391092254 -99 -99 -99 -99 -99 -99 -99
-99 -99 -99 -99 4.47295821189536 -99 -99 -99 -99 -99
-99 -99 -99 -99 -99 -99 -99 -99 -99 -99
-99 -99 -99 -99 0.51830237298435 -99 -99 -99 -99 -99
-99 -99 -99 -99 0.745738657141465 -99 -99 -99 -99 -99
-99 -99 -99 -99 -99 -99 -99 -99 -99 -99
-99 -99 -99 -99 -99 -99 -99 -99 -99 -99
-99 -99 -99 -99 -99 -99 -99 -0.316339362267629 -99 -99
-99 -99 -99 -99 -99 -99 -99 -99 -99 -99
-99 -99 -99 -99 -99 -99 -99 -99 -99 -99
-99 -99 -99 -99 -99 -99 2.04086383000135 -99 -99 -99
-99 -99 -99 -99 -99 -99 -99 -99 -99 -99
2.54752964112631 -99 -99 -99 -99 1.24253466165235 -99 -99 -99 -99
-99 -99 -99 -99 -99 -99 -99 -99 -99 -99
-99 -99 -99 -99 -99 -99 -99 -99 -99 -99
-99 1.62862337215211 -99 -99 -99 -99 -99 -99 -99 -99
-99 -99 -99 -99 -99 -99 0.911559255575419 0.259357494755622 -99 -99
1.39310037998691 1.1021756353431 -99 -99 -99 -99 -99 -99 -99 -99
-99 -99 5.32985587642716 -99 -99 -99 -99 -99 -99 -99
-99 -99 -99 -99 -99 -0.266060195937613 -99 -99 -99 -99
-99 -99 -99 -99 -0.830981298753019 -99 1.60168951369239 -99 -99 -99
-99 -99 -99 -99 1.99625027656707 -99 -99 -99 -99 -99
-99 -99 5.1692810918846 -99 -99 -99 -99 -99 -99 -99
-99 -99 -99 -99 -99 -99 1.93295398784853 -99 -99 -99
-99 -99 -99 -99 1.41971383530052 -99 -99 -99 -99 -99
-99 -99 -99 0.719257446406781 -99 -99 -0.292325934010321 -99 -99 -0.949578413440133
-99 -99 -99 0.201665442436842 -99 -99 -99 -99 -99 -99
-99 -99 -99 -99 0.603442661850041 -99 -99 -99 -99 -99
-99 -0.556503124650824 -99 -99 -0.377474818879516 -1.63262409379689 -99 -99 -99 -99
-99 -99 -99 -99 -99 -99 -99 -0.179802753287934 -99 -99
-99 -99 -99 -99 -99 -99 -99 -0.0621218988552954 -99 -99
-99 -99 -99 1.63543605955454 -99 -99 -99 -99 2.47147333099687 -99
-99 -99 -99 -99 -99 0.0717685812220631 -99 -99 -99 -99
-99 -99 -99 -99 3.58650459555213 -99 -99 -99 -99 -99
-99 -99 -99 -99 -99 -99 -99 -99 -99 -99
-99 -99 -99 -99 -99 1.86014868920318 -99 -99 -99 -99
-99 -99 1.50451484909315 -99 -99 -99 -0.390573921475585 -99 -99 -99
-0.572882820575162 -99 -99 -99 1.44150604798775 -99 -99 -99 -99 -99
-99 3.06502049133204 -99 3.37513388062722 1.21408452371007 -99 -99 -99 -99 -99
-99 -99 -99 -99 -99 -99 -99 -99 -99 -99
-99 -99 -99 -99 3.10367987554227 -99 -99 -99 -99 -99
-99 -99 -99 0.980742109048232 -99 -99 -99 -99 -99 -99
-99 -99 -99 -99 -99 -99 -99 -99 -99 -99
-99 -99 -99 -99 -99 -99 -99 -99 -99 -99
-99 -99 -99 -99 -99 -99 -99 0.948779293386057 -99 -99
-99 -99 -99 -99 -99 5.03363042202535 -99 3.2907548423135 -99 3.35354198013135
-99 -99 -99 -99 -99 -99 -99 -99 -99 -99
-99 -99 -99 -99 -99 -99 -99 -99 -99 -0.115151054405578
-99 -99 -99 -99 -99 -99 -99 -99 -99 -99
-99 -99 -99 1.29968088028665 -99 -99 -99 -99 -99 -99
-99 -99 -99 -99 -99 -99 0.120219965726203 -99 0.727808383283796 -99
-99 -99 -99 -99 -99 -99 -99 -99 1.53472792712588 -99
0.168612431022708 -99 -99 -99 -99 -99 -99 -99 -99 -99
-99 -99 -99 -99 2.24641639181841 -99 -99 -99 -99 -99
-99 -99 -99 -99 -99 -99 -99 -99 -99 -99
-99 -99 -99 1.74398506931459 -99 -99 -99 -99 0.0472639304614224 -99
-99 -99 -99 0.448086481643055 -99 -0.271367405576997 -99 -99 -99 -99
-99 -99 -99 -99 -99 -99 -99 -99 -99 0.307011215402159
-99 -99 2.40625213365315 -99 -99 -99 -99 -99 -99 -99
-99 -99 -99 -99 -99 -99 -99 -99 -99 -99
0.959183008239438 -99 -99 -99 -99 2.96324766625639 -99 -99 0.00328020244587302 2.43132713826499
-99 -99 2.70506465752099 -99 -99 -99 -99 -99 -99 -99
-99 -99 0.321029941884756 -99 -99 -99 -99 -99 -99 -99
-99 -99 -99 -99 -99 -99 -99 -1.11457229083178 -99 -99
-99 -99 -99 -99 -99 -99 -99 -99 -99 -99
-99 -0.213033829444022 -99 -99 -0.507032963236713 -99 -99 -0.178244147946044 -99 -99
-99 -99 -99 -99 -99 -99 -0.403650842172504 -99 -99 -99
-99 3.40631273696404 -0.0503622466840805 -99 -99 -99 -99 -99 -99 -99
-99 -99 -99 -99 -99 -99 -99 0.526229582932682 -99 -99
-99 -99 -99 -99 2.07004502230619 -99 -99 -99 -99 -99
-99 -99 0.965324537951786 -99 -99 -99 -99 0.744905925459802 -99 -99
-99 -99 -99 -99 2.68890983795141 -99 -99 -99 -99 -99
-99 -99 -99 -99 -99 -99 0.985257759587795 -99 -99 -99
-99 -99 -99 -1.56391321723786 -99 -99 -99 -99 -99 -99
-99 -99 -99 -99 -99 -99 -99 -99 -99 -99
-99 1.70610981999488 -99 -99 -99 -99 -99 -99 -99 -99
-99 -99 -99 -99 -99 -99 -99 1.65637302545866 -99 -99
-99 -99 -99 -99 -99 -99 -99 -99 -99 -99
-99 -99 -99 -99 -99 -99 -99 -99 -99 -99
-99 -99 -99 3.66082994378409 -99 -99 -99 -99 -99 -99
-99 -99 -99 -99 -99 -99 -99 0.710087418127376 -99 -99
-99 -99 3.14663817486472 -99 -99 -99 -99 -99 1.98736446692975 -99
-99 -99 -99 -99 -99 -99 -99 -99 -99 -99
-99 -99 -99 -99 -99 -99 -99 -99 -99 -99
-99 -99 -99 -99 1.34262883485105 2.31044227474339 -99 0.715239370409262 -99 1.64064725378843
1.18955950252283 -99 -99 -99 -99 1.09205999617851 -99 -99 0.880598924780066 -0.338780055335072
-99 -99 -99 -99 -99 -99 -99 -99 -99 -99
-99 2.54325840990777 -99 -99 1.55882881184982 -99 -99 -99 -99 -99
-99 -99 -99 -99 -0.389324653214888 -99 -0.754197836422464 -99 -99 -99
-99 -99 -99 -99 -99 -99 -99 0.488278026050282 -99 -99
-99 -99 -2.23084557267523 -99 1.17473800008218 -99 -99 -99 -99 -99
-99 -99 -99 -99 -99 -99 -99 -99 -99 -99
-99 -99 -99 -99 -99 0.454973782126288 1.65186995994564 -99 -99 -99
-99 -99 -99 -1.18518164271664 -99 -99 -99 -99 -99 -99
-99 -99 -99 -99 1.44128543247712 -99 -99 -99 -99 -99
-99 -99 -99 -99 -99 -99 -99 -99 -99 -0.494071961886607
-99 -99 -99 2.11759635788801 -99 -99 -99 -99 -99 -99
-99 -99 1.09748275954839 -99 -99 -99 -99 -99 -99 -99
-99 -99 -99 -99 -99 -99 1.83207109494284 1.89080698120023 1.19023124715351 -99
-99 -99 -99 -99 -2.06823578609061 -99 -99 -99 -99 -99
-99 -99 -99 -99 -99 -99 -99 -99 0.429049766593094 -99
-99 -99 -99 -99 -99 -99 -99 -99 -99 -99
-99 -99 -99 -0.716505725043334 -99 -99 -99 -99 -99 -99
-99 -99 -99 1.3479235473656 -99 -99 -99 -99 -99 1.18484452269899
-99 -99 -99 -99 -99 -99 -99 1.98495320532345 -99 -99
-99 -99 -99 -99 -99 -99 -99 -99 -99 -99
-99 -99 2.77461352611509 -99 -99 -99 -99 -99 -99 -99
-99 -99 1.68087881178869 -99 -99 -99 -99 -99 -99 -99
-99 -99 3.14822737273753 -99 -99 -99 -99 -99 -99 -99
-99 -99 -99 2.33238873092987 -99 0.640491178581303 -99 -99 -99 -99
-99 -99 -99 -99 -99 -99 -99 2.24775043599792 1.93054078116326 -99
-99 -0.446373078434209 -99 0.122748075613321 -99 -99 -99 -99 -99 -99
-99 1.60411584997277 -99 -99 -99 -99 -99 -99 -99 -99
-99 -99 -99 -99 -99 -99 -99 -99 2.0679103310412 -99
-99 -0.172233823829126 -99 -99 -99 -99 -99 -99 -99 -99
-99 -99 -99 -99 -99 -99 -99 -99 -99 -99
-99 -99 -99 -99 -99 -99 -99 -99 -99 -99
-99 -99 -99 -99 -99 -99 -99 -99 -99 -1.3302903774014
-99 -99 -99 -99 -99 -99 1.53351143158947 -99 -99 -99
-99 -99 -99 -99 -99 -99 -99 -99 -99 -99
-99 -99 0.364389648110639 -99 -0.730100829423721 -99 -99 -99 -99 -99
-99 -99 0.183917039518092 -99 -99 -99 -99 -99 -99 -99
-99 -99 -99 -99 -99 0.0560756808172982 -99 -99 -99 -99
-99 -99 -99 -99 -99 -99 3.06393038069685 -99 -99 -99
-99 2.38016179983299 -99 -99 -99 -99 -99 -99 -99 -99
-99 -99 -99 -99 -99 -0.191732260676118 0.668580764700166 -99 -99 -99
-99 1.98020988052354 -99 -99 -99 -99 -99 2.59633770111407 -99 -99
-99 0.521452869554787 -99 1.41073326167107 -99 -99 -99 -99 1.38789143765328 -99
-99 -99 -0.2203649276942 -99 -99 -99 -99 -99 1.81160441154458 -99
-99 -99 -99 -99 -99 -99 -99 0.879716574532678 -99 -99
-99 -99 -99 -99 -99 -1.19072303075039 -99 -99 -99 -99
-99 -99 -99 -99 -99 -99 -99 -99 -99 -99
-99 -99 -99 -99 -99 -0.385086540056609 -99 -99 -99 -99
-99 -99 -99 -99 -99 2.1653115041487 -99 -99 -99 -99
-99 -99 -99 3.22264450897957 -99 -99 -99 -99 -99 -99
-99 -99 -99 -99 -99 -99 -99 -99 -99 -99
-99 -99 -99 -99 1.10764783943363 -99 -99 -99 -99 -99
-99 -99 -99 2.30197715470334 -99 -99 2.2287930846004 -99 -99 -99
-99 -99 -99 -99 -99 -99 -99 -99 -99 -0.382162890766282
-99 -99 -99 -99 -99 -99 -99 -99 -99 -99
-99 3.37957936075482 -99 -99 -99 -99 -99 -99 -99 -99
-99 -99 -99 -99 -99 -99 -99 -99 -99 -99
-99 -99 -99 -99 -99 -99 -99 -99 -99 -99
-99 0.992401740396455 -99 -99 -99 -99 -99 -99 -99 -99
-99 0.935058772601492 -99 -99 -99 -99 -99 -99 -99 -99
-99 -99 -99 -99 1.95119693697138 2.447076899144 -99 -99 -99 -99
-99 -99 -99 -99 0.0396656190497466 -99 -99 -99 -99 -99
-99 -99 -99 -99 1.16261072534497 -99 -99 -99 -99 -99
-99 -99 -99 -99 -99 -99 -0.376023513943842 -99 0.869110889073793 -99
-99 -99 -99 -99 -99 -99 -99 -99 -99 -99
-99 -99 -99 -99 -99 -99 -99 -99 4.01060576235946 -99
-99 -99 0.585374840378206 -99 -99 -99 -99 -99 -99 -99
-99 -99 -99 -99 -99 -99 -99 -99 -99 -99
-99 -99 -99 -99 -99 -99 2.29384541219275 -99 2.74687458371368 -99
-99 -99 -99 -0.729873932985016 -99 -99 -99 -99 -99 -99
-99 -99 -99 -99 -99 -99 -99 -99 -99 -99
-99 -99 -99 -99 -99 -99 -99 -99 -99 -99
-99 -99 -99 -99 -99 -99 -99 -99 -99 -99
-99 1.02358251130923 -99 -99 2.48304715872614 -99 -99 -99 -99 -99
2.34191786463708 -99 -99 -99 0.311329172623638 -99 -99 -99 -99 -99
-99 -99 -99 -99 -99 -99 -99 -99 -99 -99
-99 -99 -99 -99 -99 -99 -99 -99 -99 -99
-99 -99 -99 -99 -99 -99 -99 -99 -99 -99
-99 -99 -99 -99 -99 -99 -99 -99 -99 -99
-99 -99 -99 -99 -99 -99 -99 -99 -99 -99
-99 -99 -99 0.537320895776337 -99 -99 -99 -99 -99 1.13236046707361
-99 -99 -99 -99 -99 -99 -99 -99 -99 -99
-99 -99 -99 -99 -99 -99 -99 -99 -99 -99
-99 -99 -99 -99 -99 -99 1.21728857888357 -99 -99 -99
-99 -99 -99 1.90896701389944 -99 -99 -99 -0.520327793611735 -99 -99
-99 -99 -99 -99 -99 -99 -99 -99 -99 -99
-99 -99 -99 -99 -99 -99 -99 -99 -99 -99
-99 -99 -99 -99 -99 -99 -99 -0.194105590984734 -99 -99
-99 -0.840194787133065 -99 -99 -99 -99 -99 -99 -99 -99
-99 -99 -99 -99 -99 -99 -99 -99 -99 -99
-99 -99 -99 -99 -0.903585794363467 -99 -99 -99 -1.0325131816171 -99
-1.25427264983738 -99 0.962426552311243 2.13194226304242 -99 -99 -99 1.63720241981167 -99 -99
2.56216307261868 -99 -99 -99 -99 -99 -99 -99 -99 2.31816074568035
-99 -99 -99 -99 -99 -99 -99 -99 -99 -99
-99 -99 -99 -99 -99 -99 -99 -99 -99 -99
-99 -99 -99 -99 -99 -99 -99 -99 -99 -99
-99 -99 -99 -99 1.99108838999906 -99 -99 -99 3.24892297434727 -99
-99 -99 -99 -99 -99 -99 -99 -99 -99 -99
-99 -99 -99 -99 -99 -99 -99 -99 -99 -99
-99 -99 -99 -99 -99 -99 -99 -99 -99 1.58096077163704
-99 -99 -99 -99 2.78746664397932 -99 -99 -99 -99 2.28140072913975
-99 -99 -99 -99 -99 -99 -99 -99 -99 -99
-99 -99 -99 -99 -99 -99 -99 -99 -99 -0.188468717135882
-99 -99 -99 -99 -1.28382798274804 -99 -99 0.365658374551589 -99 -99
-99 -99 -99 -99 -99 -99 -99 -99 -99 -99
-99 -99 -99 -99 -99 -99 -99 -99 -99 -99
-99 -99 -99 -99 -99 -99 -99 -99 -99 -99
-99 0.305832151518928 -99 -0.520645461883697 -99 0.080260421162446 -99 -99 -99 -99
-99 -99 -99 -99 -99 -99 1.48336514540833 -99 -99 2.30816864639617
-99 -99 -99 0.404088847742437 -99 -99 -99 -99 0.912876942697024 -99
-99 -99 -99 -99 -99 -99 -99 -99 -99 -99
-99 2.179196056012 -99 -99 -99 -99 -99 -99 -0.596949501000875 -99
-99 -99 -99 -99 -99 -99 -99 -99 -99 -99
-99 -99 -99 -99 -99 -99 -99 -2.02705534813109 -99 -99
-99 -99 -99 -99 -99 -99 -99 -99 -1.51307023379299 -99
-99 -99 -99 -99 0.947352437019161 -99 -99 -99 -99 -99
-99 -99 -99 -99 3.02717223709072 -99 -99 -99 -99 -99
-99 -99 -99 -99 -0.0330507968825742 -99 -99 -99 -99 -99
-99 -99 -99 -99 -99 -99 -99 -99 -99 -99
-99 -99 -99 -99 -99 -99 -99 -99 -99 -99
-99 -99 -99 -99 -99 -99 -99 -99 -99 -99
-99 -99 -99 0.894814673112148 -99 -99 -0.346256302792143 -99 -99 -99
-99 0.566980568518332 -99 -99 -99 -99 -99 -99 -99 2.54991516878945
-99 -99 -99 -99 -99 1.99176144672495 -99 -99 -99 -99
-99 -99 -99 -99 -99 -99 -99 -99 -2.29227995702619 -99
-99 1.68431156183237 -99 -99 -99 -99 -99 -99 -99 -99
-99 -99 -99 -99 -99 -99 -99 -99 -99 -99
-99 2.0983115738887 -99 -99 -99 -99 -99 -99 -99 -99
-99 -99 -99 -99 -99 -99 -99 -99 -99 -99
-99 -99 -0.166036808195252 -99 -99 -99 -99 -99 -99 -99
-99 -99 -99 -99 -99 -99 -99 -99 -99 -99
-99 -99 -99 -99 -99 -99 -99 -99 -99 -99
-99 -99 -99 -99 -99 0.316323799432646 -99 -99 -99 -0.536719256183539
-99 -99 -99 1.0258076863202 -99 -99 -99 -99 -1.00301256210203 -99
-99 -99 -99 0.0472143355980048 -99 -99 -99 -99 -99 -99
-99 -99 -99 -99 -99 -99 -99 -99 -99 2.35714409648568
-99 -99 -99 -99 -99 0.731589486497142 -99 0.685947163958226 1.84754754546905 -99
-99 -99 -99 -99 -99 -99 -99 -0.238815214989026 -99 -99
-99 -99 -99 -99 -0.131683405706117 -99 -99 -99 -99 -99
-99 -99 -99 -99 -99 -99 -99 -99 -99 -99
-99 -99 -99 1.49938715885871 -99 -99 -99 -99 -0.0758302067429564 0.983011117435813
-99 -99 -99 -99 -99 -99 -99 -99 -99 -99
-99 -99 -99 -99 -99 -99 -99 -99 -99 -99
-99 -99 -99 0.513638295808294 -0.461792659107574 -99 -99 -99 -99 -99
-99 -99 -99 -99 -0.273395125961407 -99 -2.0557552722192 -99 -0.931918932087906 1.27313890627738
-99 -99 -99 -99 -99 -99 -99 -99 -99 -99
-99 -99 -99 -99 -99 -99 -99 3.34041426631394 -99 -99
-99 -99 -99 -99 -99 -99 -99 -99 -99 -99
-99 -99 -99 -99 -99 0.13919064556724 -99 -99 -99 0.175873383542556
-99 0.465221410212619 -99 -99 -99 -99 -99 -99 -99 -99
-99 -99 -99 -99 -99 -99 -99 -99 -99 -99
3.06243262549505 -99 -99 -99 -99 -99 -99 -99 -99 2.56859326299418
-99 -99 -99 -99 1.16011683826697 -99 -99 -99 -99 -99
-99 -99 -99 -99 3.70295848078066 -99 -99 -99 1.99355109200603 -99
-99 -99 -99 1.53990901366207 -99 -0.307223386888467 -99 -99 -99 -99
2.30647840012393 -99 -99 -99 -99 1.69971529995498 2.4157672513028 -99 -99 1.81068718970028
-99 -99 -99 -99 -99 -99 -99 -99 -99 -99
-99 -99 -0.547528805470932 -99 -99 -99 -99 -99 -99 -99
-99 -1.16065442394027 -99 -99 -99 -99 -99 -99 -99 -99
-99 -99 -99 -99 2.84693688362028 -99 -99 -99 -99 -99
-99 -99 -99 -99 -99 -99 -0.317723511140535 -99 -99 -99
-99 0.0154359356544629 -99 -99 -99 -99 -99 -99 -99 -99
-99 -99 -99 -99 -99 -99 -99 -99 -99 -99
-99 -99 -99 -99 -99 -99 -99 -99 -99 -99
-99 -99 -99 -99 -99 -99 -99 1.15479816874507 -99 -99
-99 -99 -99 -99 -99 -99 -99 -99 -99 -99
-99 -99 0.802541804645038 -99 -99 -99 -99 3.74768558341274 -99 -99
-99 -99 -99 -99 -99 -99 -99 -99 -99 -99
1.69890625787569 -99 -99 -99 -99 -99 -99 -99 1.56233286442149 -99
0.27174248101115 -99 -99 -99 -99 -99 -99 -99 -99 -99
-99 -99 -99 -99 -99 -99 -99 -99 1.14386303336069 -99
-99 -0.614753395885838 -99 -99 -99 -99 -99 -99 -99 -99
-99 -99 -99 -99 -99 -99 -99 -99 -99 -99
-99 -99 -99 1.1046822530675 -99 -99 -99 -99 -99 -99
-99 -99 1.30230063369803 -99 -99 -99 -99 -99 -99 1.73697085010356
-99 -99 -99 -99 1.66698160052052 -99 -99 -99 -99 -99
-99 -99 -99 -99 -99 -99 -99 -99 -99 -99
-99 -99 -99 -99 -99 -99 -99 -99 -99 -99
-99 -99 -99 -99 -99 2.28190326697815 -99 -99 -99 1.0774325178858
-99 -99 -99 -99 -99 -99 -99 -99 -99 -99
-99 2.00704076654616 -99 -99 -99 -99 0.677610093814482 -99 -99 -99
-99 -99 -99 -99 -99 -99 -99 -99 -99 -99
-99 -99 -99 -99 -99 -99 -99 -99 -99 -99
-99 -99 -99 -99 -99 -99 -99 -99 -99 -99
-99 -99 -99 -99 -99 -99 -99 -99 -99 -99
-99 -99 1.32610172258343 -99 -99 -99 -99 -99 -99 -99
-99 -0.613343407078078 -99 -99 -99 -99 -99 -99 -99 -99
-99 -99 -99 -99 -99 -99 -99 3.96911486913552 -99 -99
-99 -99 -0.117786046180136 0.747679872294086 -99 -99 -99 -99 -99 -99
-99 -99 -99 -99 -99 -99 -99 0.792244608054941 -99 -99
-99 -99 -99 -99 -99 -1.01165190663254 -99 -99 -99 -99
-99 -99 2.74157917536051 -99 -99 -99 1.47061666333793 -99 -99 -99
-99 -99 -99 -99 -99 -99 -99 -99 1.70638404591356 -99
-99 -99 -99 -99 -99 -99 -99 -99 -99 -99
-99 -99 -99 -99 -99 -99 -99 -99 -99 -99
-99 -99 -99 -99 -99 -99 -99 0.231046658312833 -99 -99
-99 -1.03657990764738 -99 -99 -99 -99 -99 -99 -99 -99
-99 -99 -99 -99 -99 -99 -99 -99 -0.120904402140248 -99
-99 -99 -99 -99 -99 -99 -99 -99 -99 -99
-0.739117113920002 -99 -99 -99 -99 -99 -99 -99 -99 -99
-99 -99 -99 -99 -99 -99 -99 -99 -99 -99
-99 -99 -99 -99 0.531852252515889 -99 -99 -99 -99 -99
-99 -99 -99 -99 -99 -99 -99 -0.278935801559427 -99 -99
-99 -99 -0.279412470466329 -99 -99 -99 0.405468593788268 -99 -99 -99
-99 -99 -99 -0.358007487231195 -99 -99 -99 -99 -99 -99
-99 -99 -99 -99 -99 -99 -99 -99 -99 -99
-99 -99 -99 1.80641431776467 -99 -99 -99 -99 -99 -99
-99 -99 -99 -99 -99 -99 -99 3.1334058252906 -99 -99
-99 -99 -99 -0.864455596682761 -99 -0.98584894775521 -99 -99 0.261760238636836 -99
-99 2.80335059129946 4.36866834770188 -99 -99 -99 -99 -99 -99 -99
-99 -99 -99 -99 -99 -99 -99 -99 -99 -99
-99 -99 -99 -99 -99 -99 -99 -99 -99 -99
-99 1.48100672930915 -99 -99 -99 -99 -99 -99 0.25960383973092 -99
-99 -99 -99 -99 -99 -99 -99 0.277044211854891 -99 -99
-99 -99 -99 -99 -99 -99 -99 -99 -99 -99
-99 -99 -99 -99 -99 1.10405016458259 -99 -99 1.79023835275572 -99
-99 -99 -99 -99 -99 -99 -99 -99 -99 -99
-99 -99 -99 -99 0.929961704454787 -99 -99 -99 -99 -99
-99 -99 -99 -99 -99 -99 -99 -99 -99 -99
-99 -99 -99 -99 -99 -99 -99 -99 -99 -99
-99 -99 -99 -1.50782384806713 -99 1.07660715041737 -99 -1.265805521076 -2.1199028632556 -99
-99 -99 -99 2.60005752370833 -99 -99 -99 -99 -99 -99
-99 -99 -99 -99 -99 -99 -99 0.95526329696225 -99 -99
-99 -99 -99 -99 -99 -99 -99 -99 -99 -99
-99 -99 -99 -99 -99 -99 -99 -99 1.62410050129416 -99
-99 -99 -99 2.6084218376893 -99 3.06243898098512 -99 -99 -99 -99
-99 -99 -99 -99 -99 -99 -99 -99 -99 -99
-99 -99 -99 -99 -99 -99 -99 -99 -99 -99
-99 -99 -99 -99 -99 -99 -99 -99 -99 -99
-99 1.44849124948826 -99 -99 -99 -99 -99 -99 0.811003034677873 -99
1.15849181262248 -99 -99 -99 -99 -99 -99 -99 -99 -99
-99 -99 -99 -99 -99 -99 -99 -99 -99 -99
-99 -99 -99 -99 -99 -99 -99 -99 0.196187297712333 -99
-99 -99 -99 -99 -99 -99 -99 -99 -99 -99
-99 -99 -99 -99 -99 -99 -99 -99 -99 -99
-99 -99 -99 -99 -99 -99 -99 -99 -99 -99
0.481908607174965 -99 -99 -99 -99 -99 -99 2.14286518520723 0.770430494272601 -99
-99 -99 0.892729520743759 -99 3.02212127708063 -99 -99 -99 -99 -99
-99 -99 -99 1.56013991381482 -99 -99 -99 -99 -99 -99
-99 -99 -99 -99 -99 -99 -99 -99 -99 0.849298818144247
-99 -99 -99 -99 -99 -99 -99 -99 -99 -99
-99 -99 -99 -99 2.67569045831857 -99 2.37394570941981 -99 0.470288481563447 -99
-99 -99 -99 1.87947649350834 -99 -99 -99 -99 -99 -99
-99 -99 -99 -99 -99 -99 -99 -99 -99 -99
-99 -0.944397880091934 -99 0.868882108193115 -99 -99 -99 -99 -99 -99
-99 -99 -99 0.121405566798568 -99 -99 -99 -99 -99 -99
2.82027170455698 -99 -99 -99 -99 -99 -99 -99 -99 -99
-99 2.74512187504858 -99 -99 -99 -99 -99 -99 -99 -99
-99 -99 -99 -99 -99 -99 -99 -99 -99 -99
-99 -99 0.13436905596452 -99 -99 -99 -99 0.541099173493061 -99 -99
-99 1.91208003160223 -99 -99 -99 -99 -99 -99 -99 3.79042788800728
-99 -99 -99 -99 -99 -99 -99 -99 -99 -99
-99 -99 -99 0.0628579847539015 -0.573922762252513 -99 -99 -99 -99 -99
-99 -99 -99 -99 -99 -99 -99 -99 1.24306071009226 -99
-99 -99 -99 -99 -99 -99 -99 -99 -99 -99
-99 -99 -99 -99 -99 2.29233541435277 -99 -99 -99 2.67860701263105
-99 -99 -99 -99 -99 -99 -99 -99 0.541713188084087 -99
-99 -99 -99 -99 -99 -99 -99 -99 0.733482042247088 -99
-99 -99 -99 -99 -99 -99 -99 -99 -99 -99
-99 -99 -99 -99 -99 -0.575659489897085 -99 -99 -99 -99
-99 -99 -99 -99 -99 -99 -99 -99 -99 2.03686110716824
-99 -99 -99 -99 -99 -99 -99 -99 -99 -99
-99 -99 -99 -99 -99 -99 -99 -99 -99 -99
-99 -99 -99 1.29505643215359 -99 -99 -99 -99 -99 -99
-99 -99 -99 -99 -99 0.219436318054739 -99 -99 -99 -99
-99 -99 -99 -99 -99 -99 -99 -99 1.63814773970656 -99
-99 -99 -99 -99 -99 -99 -99 -99 -99 -99
-99 -99 -99 -99 -99 -99 -99 -99 -1.24406213420594 -99
-99 -99 -99 -99 -99 -99 -0.446415050271721 -99 -99 -99
-99 -99 -99 -99 -99 -99 -99 -99 -99 -99
-99 -99 -99 -99 -99 -99 -99 -99 -99 -99
-99 -0.705966158239824 -1.17024449961291 -99 -99 0.163174818669539 -99 -99 -99 -99
-99 -99 -99 -99 -99 -99 -99 -99 -99 -99
-99 -99 -99 -99 -99 -99 -99 -99 -99 -99
-99 -99 -99 -99 -99 -99 -99 -99 -99 3.21751996031012
-99 -99 1.51728138323097 -99 -99 -99 -99 -99 -99 -99
-99 -99 -99 -99 -99 1.38504499004157 -99 -99 -99 -99
-99 -99 -99 -99 -99 -99 -99 -99 -99 -99
-99 -99 -99 -99 2.44881807957899 -99 -99 1.82922964028414 -99 -99
-99 -99 -99 -99 -99 -99 -99 -99 -99 -99
-99 0.0593941221559138 -99 -99 -99 -99 -99 -99 -99 -99
-99 -99 -99 1.78143485944855 -99 -99 -99 1.4819087040361 -99 -99
-99 -99 3.16092685984895 -99 -99 -99 -99 -99 -99 -99
