-99 -99 -99 -99 1.29412703989987 -99 -99 -99 -99 0.76428071617301
-99 -99 2.55388144614348 -99 -99 -99 -99 -99 -99 -99
-99 -99 0.714030864972178 -99 -99 -99 -99 -99 -0.508085928821261 -99
-99 -99 -2.25430577934078 -99 -99 -99 -99 -99 -99 -99
-99 -0.0460588032759965 -99 -99 -99 -99 -99 -0.281287466858014 0.81566176887799 -99
-99 -99 -99 -99 3.13007086505104 -99 -99 -99 -99 -99
-99 -0.929255607789108 -99 -99 -99 -99 -99 -99 -99 0.107023214136891
-99 -99 -99 -99 -1.16520131273693 -99 -99 -99 -99 -99
-99 -99 -99 -1.00494866081049 -99 -99 -99 -99 -99 -99
-99 -99 0.607724918961444 -99 -99 -99 -99 -99 -99 -99
-99 -0.165250830373249 -99 -99 -99 -99 -99 1.19432197553617 -99 -99
-99 -99 -99 -99 -99 -99 -99 -99 -99 -99
-99 -99 -99 -99 -99 -99 -99 -99 -99 -99
-99 -99 -99 -99 -99 -1.75301029383766 -99 -99 -99 -99
1.39875423024664 -99 -99 -99 -99 -99 -99 -99 -99 -99
-99 -99 -99 -99 -99 -99 -99 -99 -99 -99
-99 -99 -99 -99 -99 -99 -99 -99 -99 -0.153587121743677
-99 -99 -99 -99 -99 0.818128194114064 -99 -99 -99 -99
-99 -99 -99 -99 -99 -99 -99 -99 -99 -99
-99 -99 -99 -99 -99 -99 -99 -99 -99 -99
-99 1.21303044165853 -99 -99 -99 -99 1.78668685405837 -99 -99 -99
0.920143662939117 -99 -99 -99 -99 -99 -99 -99 -99 -99
-99 -99 -99 -99 -99 -0.0328609437844209 -99 -99 -99 -99
-99 2.13528047316195 -99 -99 -99 -99 -99 0.742191611459657 -99 -99
-99 -1.40102617845972 -99 0.927269800280502 -99 -99 -99 -99 -99 -99
-99 -99 -99 -99 -99 -99 -99 -99 -99 -99
-99 -99 -99 -0.54435568944734 -99 -99 -99 -99 -99 -99
-99 -99 -99 -99 -99 -99 -99 -99 -99 -99
-99 -99 -99 -99 -99 -99 -99 -99 -99 -99
0.415100446917207 -99 -99 -99 -99 -99 1.10247404487712 -99 -99 -99
-99 -99 1.950683759659 0.827332262199076 -99 -99 -99 0.432027770802428 -99 -99
-99 -99 -99 -99 -99 -99 -99 -99 -99 -99
-99 -99 -99 -99 -99 -99 -99 -99 -0.195155010593577 -99
-99 -99 -99 -99 3.37325108964011 -99 -99 -99 -0.867910978849164 -99
-99 -99 -99 0.532379521617029 -99 -99 -1.16719912219568 -99 -99 -99
-99 -99 -99 -99 -99 -99 -99 -99 -99 -99
-99 1.77376442980928 -99 -99 -99 1.8931780514908 -99 -99 -99 -99
-99 -99 -99 0.968878392671783 -99 -99 -99 -99 -99 -99
-99 -99 -99 -99 -99 2.83701016858134 -99 -99 -99 -99
-99 -99 -99 -99 -99 -99 2.20838162933024 -99 2.74987134852863 1.573062441915
-99 -99 -99 -99 -99 -99 -99 0.29998000965365 -99 -99
-99 -99 -99 -99 1.47831166626846 -99 -99 -99 1.90223470704764 -99
-99 -0.893449699351281 -99 -99 -99 -99 -99 -99 -99 -99
-99 -99 -99 -99 -99 -99 -99 -99 -99 -99
2.21155220788277 -0.15427000521948 -99 -99 -99 -99 -99 0.536605968273496 -99 -99
-99 -99 -99 0.924022539111225 -99 -99 -99 -99 -99 -99
-99 3.89479715823498 2.59981994445013 -99 -99 -99 -99 -99 -99 -99
-99 -99 -99 -99 0.651955490490498 -99 -99 1.71035062685309 -99 -99
-99 -99 -99 -99 -99 -99 -99 -99 -99 -99
-99 -99 -99 -99 -99 -99 -99 -2.10168241878823 -99 -99
-99 -99 -99 -99 -99 3.94254862976813 -99 -99 -99 -99
-99 -99 -99 -99 -99 -99 -99 -99 -99 -99
-99 -99 -99 -99 -99 -99 -99 -99 -99 1.10620717199627
-99 -99 -99 -99 -99 -99 -99 -99 -99 -0.979497002086449
-99 -99 1.39730020424124 2.83439618868838 -99 -99 -99 -99 -99 -99
-99 -99 2.1140815505011 -99 -99 -99 -99 -99 -99 -99
-99 -99 0.800596952841946 -99 -99 -99 -99 -99 -99 -99
-99 -99 -99 -0.18155910007895 -99 -99 -99 0.373249653267507 -99 -99
-99 -99 -99 -99 -99 -99 -99 -99 -99 -99
-99 -0.160949621922398 -99 -99 -99 -99 -99 -99 -99 -99
-99 -99 -99 -2.16766124969713 -99 -99 -99 -99 -99 -99
-99 -99 -99 -99 -99 -99 -99 -99 -99 -99
-99 -99 -99 -99 -99 -99 -1.52231362439012 -99 -99 -99
-99 -99 -99 -99 -99 -99 -99 -99 -0.240859469353381 -99
-99 -99 -99 -99 -99 -99 -99 2.15893623708355 -99 -99
-99 -99 -99 -99 2.24316647074775 -99 -99 -99 -99 -99
-99 0.864374640192194 2.06227648381647 -99 0.160767396732221 -99 -99 -99 -99 -99
-99 -99 -99 -99 -99 -99 1.85499298620685 -99 -99 -99
-99 -99 -99 -99 -99 -99 -99 -99 0.983853260077967 1.67133649852092
-99 1.52156522056452 -99 -99 -99 -99 -99 -99 -99 -99
-99 -99 2.58154159547159 -99 1.97670587849651 0.204815401556225 -99 -99 -99 -99
-99 -99 -99 -0.124221501064719 -99 -99 -99 -99 -99 -99
-99 -99 -99 -99 -99 -99 -99 2.04414216129317 -99 -99
-99 -99 -99 0.260908030300535 -99 -99 -99 -99 -0.786853902332373 -99
-1.87666822283328 -99 -99 -99 -99 -99 -99 -99 -99 0.0372847031776494
-99 -99 -99 -99 -99 -99 -99 1.09672996541896 -99 -99
-99 -99 -99 -99 -99 -99 -99 0.712443235617587 -99 -99
-99 -99 -99 -99 -99 -99 -99 -99 -99 -99
-99 -99 -99 -99 -99 -99 -99 -99 1.04427881471415 -99
-99 -99 -99 -99 -99 -99 -99 -99 -99 -99
-99 -99 -99 -99 -99 -99 -99 -99 -99 -99
-0.823175934094398 1.95077293918181 -99 -99 -99 -99 -99 -99 -99 -99
-99 -99 -0.038392852499638 -99 -99 -99 -99 -99 -99 -99
-99 -99 -99 -99 1.26500837302796 -99 1.50744892625791 -99 -99 -99
-99 0.586398322609387 -99 -99 -99 -99 -99 -99 -99 -99
-99 -99 -99 -99 -99 -99 -99 -99 -99 -99
-99 -99 -99 -99 -99 -99 -99 -99 1.37811376854942 -99
-99 1.83114083461244 0.668256731108494 -99 -99 -99 -99 0.601601826400104 -99 -99
-99 -99 -99 -99 -99 -99 -99 -99 -99 1.88810184110446
-99 -99 -99 -99 -99 0.300765554590157 -99 -99 1.7939175778677 -99
-99 -99 -99 -99 -99 -0.835435869151458 -99 -99 -99 -99
0.75168740909891 -99 -99 -99 1.37863879461832 -99 -99 0.380562900451464 -99 -99
-99 -1.00960689201838 -99 -99 -0.649275725647541 -99 -99 -99 -99 -99
-99 -99 -99 -99 -99 -99 -99 0.723711829533621 -99 -99
-99 -99 -99 -99 -99 -99 -99 -99 -99 -99
-99 -99 -99 -99 -99 2.16756080958314 -99 -99 -99 -99
-99 -99 -99 1.38549632204395 -99 -99 -99 -99 -99 -99
-99 -99 -99 -99 0.479026095810016 -99 -99 -99 -99 -99
-99 -99 -99 -99 -99 -99 -99 -99 -99 -99
2.76899980626188 -99 -99 -99 -99 -99 4.30050054567749 -99 3.9228652749908 -99
-99 -99 -99 -99 -99 1.73777599557689 -99 -99 -99 -99
-99 -99 -99 -99 -99 -99 -99 -99 -99 -99
-99 -99 -99 -99 -99 2.45442947825681 -99 -99 -99 3.11052682142653
-99 -99 -99 -99 -99 -99 -99 -99 -99 -99
-99 -99 -99 -99 -99 -99 -99 -99 -99 -99
-99 -99 -99 -99 -99 -99 -99 -99 -99 -99
-99 -99 -99 -99 -99 -99 -99 -99 -99 -99
2.77538336443412 -99 2.5846456531685 -99 -99 -99 -99 -99 3.82478373532601 -99
-99 -99 -99 -99 -99 3.14324035857588 -99 -99 3.58376959351803 -99
-99 -99 -99 -99 -99 -99 -99 -99 -99 -1.11854508512597
-99 -99 -99 -99 -99 -99 -99 -99 -99 -99
-99 -99 -99 -99 -99 -99 -99 1.42285140280423 -99 -99
-99 -99 -99 -99 -99 -99 -99 -99 -99 -99
-99 -99 -99 -99 -99 -99 -99 -99 2.41278751620934 -99
-99 -99 -99 -99 -99 -99 -99 2.58184773382658 -99 2.12171688313836
-99 -99 -99 -99 -99 -99 -0.427990422481213 -99 -99 -99
-99 -99 -99 -99 -99 -99 -0.416792085395281 -99 -99 -99
-99 -99 -99 -99 -0.331304372749241 -99 -99 -99 -99 -99
-99 -99 -99 -99 -99 -99 -99 -99 -99 -99
1.57568018938301 -99 1.28559194715615 -99 -99 -99 1.07598070200045 -99 -99 -99
-99 -99 -99 -99 -99 -99 -99 -99 -99 -99
-99 -99 -99 -99 -99 -99 -99 -99 -99 -99
-99 -99 -99 -99 -99 1.1596492177856 -99 -99 1.21644901990497 -99
-99 0.216814319504326 -99 -99 -99 0.648833505702148 -99 0.724370533321971 -99 -99
-1.33585976943603 -99 -99 -99 -99 -99 1.03807460069906 -99 -99 -99
-99 -99 -99 -99 -99 -99 -99 -99 -99 -99
-99 -99 -99 2.44744721264579 -99 -99 -99 -99 -99 -99
-99 -99 -99 -99 -99 -99 -99 -99 -99 -99
-99 -99 -99 -99 -0.0200107977111494 -99 -99 -99 -99 3.54057582162167
-99 -99 -99 -99 -99 -99 -99 -99 -99 -99
-99 -99 -99 -99 -99 -99 -99 -99 1.55146133017712 -99
-99 -99 -99 -99 1.69230806479674 -99 -99 -99 -99 -99
-99 2.55691300873037 0.556527736149816 0.994167402686569 0.845501875470904 -99 -99 -99 -99 -99
-99 -99 -99 -99 -99 -99 -99 -99 -99 -99
-99 -99 -99 -99 -99 -99 -99 2.98025177740753 -99 -99
-99 -99 -99 -99 -99 -99 2.38267134676829 -99 -99 -99
-99 -99 -99 -99 -99 -99 0.596543834172466 -99 -99 -99
-99 -99 -99 -99 -99 -99 -99 -0.837623907888329 -99 -99
-99 -99 -99 -99 -99 -99 -99 2.81809870931187 -99 -99
-99 -99 -99 -99 -99 -99 -99 2.48384197345687 -99 -99
-99 -99 -99 -99 -99 -99 0.611439116466392 -2.05866425290894 0.457235178661001 -99
-99 -99 -99 -99 -99 -99 -99 -99 -99 -99
-99 -99 -99 -99 0.616836322289313 -99 -99 -99 -99 -99
-99 -99 -99 -99 -99 -99 -99 -99 -99 -99
-99 -99 -99 -99 -99 -99 -0.310378239388947 -99 1.28786704586163 -99
1.25829207610067 -99 -1.04332719774569 -99 -99 -99 -99 -99 -99 -99
-99 -99 -99 -99 -99 -99 -99 -1.64156470751329 -99 1.5961429864924
-99 -99 -99 -99 -99 0.925859797273895 0.506717883885151 -99 -99 -99
-99 -99 -99 -99 -99 -0.141898382807337 -99 -99 -99 -99
-99 -0.435704813638643 -99 -99 -99 -99 -99 -99 -99 0.762770777947628
-99 -99 -99 -99 -99 -99 -99 -99 -99 -99
-99 -99 -99 -99 -99 -99 -99 -99 -99 -99
2.35201187460269 -99 -99 -99 -99 -99 -99 -99 -99 -99
-99 -99 -99 -99 -99 -99 -99 -99 -99 -99
-99 -99 -99 -99 -99 -99 -99 -99 -99 -99
-99 -99 -99 -99 -99 -99 -99 -99 -99 -99
-99 -99 -99 -99 -99 -99 -99 -99 -99 -99
-99 -99 -99 -99 -99 0.155379914688192 -99 -99 -99 -99
-99 -99 -99 -99 -99 -99 -99 1.25537941639884 -99 -99
-99 -99 -99 -99 -1.38832184080688 -99 -99 1.12799829923786 -99 -99
-99 -99 -99 -99 -99 -99 -99 -99 -99 -99
-99 -99 -99 -99 -99 -99 -99 -99 -99 0.375745330482576
0.27231962503362 -99 -99 -99 -99 -99 -99 -99 -99 0.790168209972523
-99 -99 -99 -99 -99 2.13332096700844 -99 -0.617176424068515 -99 -99
-99 -99 -99 -99 -99 -99 -99 -99 0.826248584679216 -99
-99 -99 -99 -99 -99 -99 -99 -1.27170948333767 -99 -99
-99 -99 -99 -99 -99 -99 -0.12347242252551 -99 0.49813805823214 -99
-99 -99 -99 -99 -99 -99 1.71307073200423 -99 -99 -99
1.98705799776292 -0.0746650560607602 -99 -99 -99 -99 -99 -99 -99 -99
-99 -99 -99 -99 -99 -99 -99 -99 -99 -99
-99 -99 -99 -99 -99 -99 1.32267713484379 -99 -99 -99
-99 -99 -99 -99 -99 -99 -99 -99 -99 -99
-99 -99 -99 -99 -99 -99 -99 -99 -99 -99
-99 -99 -99 -99 -99 -99 -99 -99 -0.503427303671673 -99
-99 -99 -99 -99 -99 -99 0.800852352719018 -99 -99 -99
-99 -99 -99 -99 -99 -0.398176314444945 -99 -99 -99 -99
-99 -99 -99 -99 -99 -99 -99 -99 -99 -99
-99 -99 -99 -99 -99 -99 -99 -99 -99 -99
-99 -99 -99 -99 -99 -99 -99 -99 -99 -99
-99 -99 -99 -99 -99 -99 0.636997499215327 -99 -99 -99
-99 -99 -99 -99 -99 -99 -99 -99 -99 -99
-99 -99 -99 -99 -99 -99 -99 -99 -99 -99
-99 -99 -99 -99 -2.09488525832966 -99 -99 -99 -99 -99
-99 -99 -99 -99 -99 -99 -99 -99 -99 -99
-99 -99 -99 -99 -99 -99 -99 -99 -99 -99
-99 -99 -99 -99 -99 -0.222782534613028 -99 -99 -99 -99
-99 -99 -99 -99 -99 -99 -99 -99 -99 -99
-2.98466847586988 -99 -99 -99 -99 -99 -99 -99 -99 -99
-99 -99 -99 -99 -99 -99 -99 -99 -99 -99
-99 -99 -99 -99 -99 -99 -99 -99 -99 -99
-99 -99 -99 -99 -99 -99 -99 -99 -99 -99
-99 2.06932979173419 -99 -99 -99 -99 -99 -99 -99 -99
-99 -99 -99 -99 -99 -99 -99 -99 -99 -99
-99 -99 -99 -99 -99 -99 -99 -99 -99 -99
-99 -99 -99 -99 -99 -99 -99 -99 -99 -99
-99 -99 -99 -99 -99 -99 -99 -99 -99 -99
-99 -99 -99 2.88809325589181 -99 -99 -99 -99 3.7539277266992 -99
-99 -99 -99 -99 -99 -99 -99 -99 -99 -99
-99 -99 -99 -99 -99 -0.215759359529808 -99 -0.606707295322799 -99 -99
-99 -99 -1.59874491449971 -99 -99 -0.190678280421999 -99 -99 -99 -99
-99 -99 -99 -99 -99 -99 -99 -99 -99 -99
-99 -99 -99 -99 -99 -99 -99 -99 -99 -99
0.948712496869727 -99 -99 -99 -99 -99 -99 -99 -99 -99
1.68704443743634 -99 -99 -99 -99 -99 -99 -99 -99 -99
-99 -99 -99 -99 -99 -99 -99 -99 -99 -99
1.46075837224306 -99 -99 -99 -99 -99 -99 -99 -99 -99
-99 -99 -99 -99 -99 0.921602299985897 -99 -99 -99 -99
-99 -99 -99 -99 1.56117379988922 -99 -99 -99 -99 -99
-99 -99 -99 -99 -99 -99 -99 -99 -99 -99
-99 -99 -99 -99 -99 -99 -99 -99 -99 -99
-99 -99 -99 -99 -99 -99 -99 -99 -99 -99
-99 -99 -99 -99 -99 -99 -99 -99 -99 -99
-99 -99 -99 -99 -99 -99 -0.393212191184096 -99 -99 -99
-99 -99 -99 -99 -99 -99 3.10691434718092 -99 -99 -99
-99 -99 -99 -99 -99 -99 -99 -99 -99 -99
-99 -99 -99 -99 -99 -99 -99 -99 -99 -99
-99 -0.281204987699846 0.939354591389541 -99 -99 0.0676208380998732 -99 0.819712801825404 -99 -99
-99 -99 -99 -99 -0.129416298998373 -99 -99 -99 -99 -99
4.8196855280139 -99 -99 -99 -99 -99 -99 -99 3.7367297345031 -99
-99 -99 -99 3.02234832631281 -99 -99 -99 -99 -99 -99
-99 -99 0.782582414175729 -99 -99 -99 -99 -99 -99 -99
-99 -99 -99 -99 -99 -99 -99 -99 -99 -99
-99 -99 -99 -99 -99 -99 -99 -99 -99 -99
-99 -99 -99 -99 -99 -99 -99 -99 -99 -99
-99 -99 -99 -99 -99 3.0040885441262 -99 -99 -99 -99
-99 -99 -99 -99 -99 -99 -99 -99 -99 -99
-99 -99 -99 -99 -0.427681375933759 -99 1.94348933414608 -99 -99 -99
-99 -99 -99 -99 0.0614841016670177 -99 -99 -99 -99 -99
-99 -99 -99 -99 -99 -99 -99 -1.02443890622246 -99 -0.391409098751461
-99 -99 -99 -99 -99 -99 -99 -99 -99 -99
-99 -99 -99 2.49932045987169 -99 -99 -99 -99 1.65628451600437 -99
-99 -99 -99 -99 -99 -99 -99 -99 -99 -99
0.129758426993561 2.50322852474053 2.11989949394583 -99 -99 -99 -99 -99 -99 -99
-99 -99 -99 -99 -99 -99 -99 -99 -99 -99
-99 1.28226232256725 -99 -99 -99 -99 -99 -99 -99 -99
-99 -99 -99 3.49683202707376 -99 -99 -99 -99 -99 -99
-99 -99 -99 -99 -99 -99 -99 -99 -99 -99
-99 1.58299437609272 -99 -99 -99 -99 -99 -99 -99 -99
1.56240634459392 -99 -99 -99 -99 -99 -99 -99 0.4927102739766 -2.20384568615715
-99 -99 -99 -99 -99 -99 -99 -99 -99 -0.869658004890339
-99 -99 -99 -99 -99 -99 -99 -99 -99 2.23868621109107
-99 -99 -99 -99 -99 -99 -99 -99 -99 -99
0.353977764048696 -99 -99 -99 -99 -99 -99 -99 -99 -99
-99 -99 -99 -99 -99 -99 -99 -99 -99 -99
0.196162875900074 -99 -99 -99 -99 -99 -99 -99 -99 -99
-99 -99 -99 -99 -99 -99 -99 -99 -99 -99
-99 -99 -99 -99 -99 -99 -99 -99 -99 -99
-99 -99 -99 -99 -99 1.27594789396961 -0.366325843193883 -99 -99 -99
-99 -99 -99 1.13574221317882 -99 -99 -99 -99 -99 -99
0.771241942019293 -1.35134251667727 -99 -99 -99 -2.18755511866734 -99 -99 -99 -99
-99 -99 -99 -99 -99 -99 -99 -99 -99 -99
-99 -99 -99 -99 1.61473676768675 -99 -99 -99 -99 -99
-99 0.46453867193452 1.33761923089035 1.26990652633282 -99 -99 -99 -99 -99 -99
-99 -99 2.17824864232492 -99 -99 -99 -99 -99 -99 -99
-99 -99 -99 -99 -99 -99 -0.280971275053712 -99 -99 -99
-99 -99 -1.79082463107569 -99 -99 -99 -99 -99 -99 -99
-99 -99 -99 -99 -99 -99 -99 -99 -99 -99
-99 -99 -99 -99 -99 -99 0.322694289303794 -99 -99 2.0820121408633
-99 -99 -99 -99 -99 -99 -99 -99 -99 -99
-99 -99 -99 -99 -99 -99 -99 1.43715982147222 -99 -99
4.08453977285848 -99 -99 -99 -99 4.20655649124149 -99 -99 -99 -99
-1.41544438972125 -2.04666652433724 -99 -99 -99 -99 -99 -99 -99 -99
-99 -99 -99 -99 -99 -99 -1.6753965355532 -99 -99 -2.13516987008863
-1.36117920767049 -1.93765806899645 -99 -0.684100874606112 -99 -99 -99 -99 -1.33328869653698 -0.0226949743508169
-99 -99 -99 -99 -99 -99 -99 -99 -99 -99
-99 -99 -0.320571115636862 -99 -99 -99 -99 -99 -99 -99
-99 -99 -99 -99 -99 -99 -99 -99 -99 1.79256457512786
-99 0.0788316985786319 -99 -99 -99 -0.388187106684612 -99 -99 -99 -99
-99 -99 -99 -99 -99 -99 -99 -99 -99 -99
-99 -99 -99 -99 -99 -99 -99 -99 -99 -99
-99 -99 1.22277786846223 -99 -99 0.625909292175421 -99 -99 -99 -99
-99 -99 -99 -99 -99 -99 -99 -99 -99 -99
-99 -99 -99 -99 -99 -99 -99 -99 -99 -99
-99 -99 -99 -99 -99 -99 -99 -99 -99 -99
-99 -99 -99 -99 -99 0.538153761523485 -99 0.400173825280792 -99 -99
-99 -99 -99 -99 -99 -99 -99 -99 -99 -99
2.48085582038754 -99 -99 -99 -99 -99 3.61326273870774 -99 0.791780083922314 -99
-99 -99 -99 -99 -99 -99 -99 -99 -99 -99
-99 -99 1.92426722834511 -99 -99 -99 -99 -99 -99 -99
-99 -99 -99 -99 -99 -99 -99 -99 -99 -99
-99 -99 0.717052388531607 -99 -99 -99 -99 -99 -99 -99
-99 -99 -99 -0.759037679254888 -99 -99 -1.61076610607681 -99 -99 -99
-99 -99 -99 -99 -99 -99 -99 -99 -99 -99
-99 -99 -99 -99 -99 -99 -99 -99 -99 -99
-99 -99 -99 -99 -99 -99 -99 -99 -99 -99
-99 -99 -99 -99 -99 -99 -99 -99 -99 -99
-99 -99 -99 -99 -99 -99 -99 -99 -99 -99
-99 -99 -99 -99 -99 -99 -99 -99 -99 -99
-99 -99 -99 -99 -99 -99 1.30954855910175 -99 -99 -99
-99 -99 -99 -99 -99 -99 -99 -99 -99 -99
-99 -99 -99 -99 -99 -99 -99 -99 -99 -99
-99 -99 3.64610459555998 -99 -99 -99 -99 -99 -99 -99
-99 1.34342409590987 -99 -99 -99 -99 -99 -99 -99 -99
-99 3.72879414279953 -99 -99 -99 2.48781947514728 -99 -99 -99 -99
-99 -99 -99 -99 -99 -99 -99 -99 -99 -99
-99 -99 -99 -99 -99 -99 -99 -99 -99 -99
-99 -99 -99 -99 -99 -99 -99 -99 -99 -99
-99 -99 -99 -99 -99 -99 -99 -99 -99 -99
-99 -99 -99 -99 -99 -99 -99 -99 -99 1.07489469969438
0.031769129236762 -99 -99 -99 -99 -99 -99 -99 -99 -1.25658742632726
-99 -99 -99 -99 -99 -99 0.685235911381645 -99 2.97257753608742 -99
-99 -99 -99 -99 -99 -99 -1.77787549386922 -99 -99 -99
-99 -99 -99 -99 -99 -99 -99 -99 2.89005894132067 -99
-99 -99 1.71870950575143 -99 -99 -99 -99 -99 -99 -1.38847471449811
-99 -99 -99 -99 -99 -99 -99 2.96868717961799 -99 -99
-99 -99 -99 -99 -99 -99 -99 -99 0.624228167683625 -99
-99 -99 -99 -99 -99 -99 1.58625092578465 -99 -99 -99
-99 -99 -99 -99 -99 -99 -99 -99 -99 -99
-99 -99 -99 -99 -99 -99 -99 -99 -99 -99
-99 2.05083421281586 -99 -99 -99 -99 -99 -99 -99 -99
-99 -99 -99 -99 -99 -99 -99 -99 -99 -99
-99 -99 -99 -99 -99 -0.13110558628763 -99 -99 -99 -99
-99 -99 -99 -99 -0.250867398720109 -99 -99 -99 -99 -99
-99 -99 -2.82826776801594 -99 -99 -0.84316396535997 -99 -99 -99 -99
-99 -99 -99 -99 -99 -99 -0.0717835353004141 -99 -99 -99
-99 -99 -99 -99 -99 -99 -99 -99 -99 -99
2.16653623556768 -99 -99 -99 -99 -99 -99 -99 -99 -99
-99 -99 -99 -99 -99 -99 -99 -99 -99 -99
-99 -99 -99 -99 -99 -99 -99 -99 3.81700733056014 -99
-99 -99 -99 -99 -99 -99 -99 -99 0.621466155109082 -99
-99 -99 -99 -99 -99 -99 -99 -99 -99 -99
-99 -99 -99 -99 -99 -99 3.22097138937827 -99 -99 -99
-99 -99 -99 -99 0.225655868561692 -99 -99 -99 -99 -99
-99 -99 -99 -99 -99 0.319679682506903 -99 -99 -99 -99
-99 -99 -99 -99 -99 -99 -99 -99 -99 -99
-99 -1.75919963532743 -99 -99 -99 -99 -99 -99 -0.515033619542224 -1.29190715476077
-99 -99 -99 -99 -99 -99 -99 -99 -99 -99
-99 -99 -0.0869184715707221 -99 -99 -99 -99 -99 -99 -99
-99 -99 -99 -99 -99 -99 -99 -99 -99 -99
-99 -99 -99 1.13037457860668 -99 -99 0.401644011511523 -99 3.36142641885905 -99
-0.831954883565647 -99 -99 -99 -99 -99 -99 -99 -99 -99
-99 -99 -99 1.26803327000742 -99 -99 -99 -99 -99 -99
-99 -99 -99 -99 -99 -99 -99 -99 -99 -99
-99 -99 -0.546356399803559 -99 -99 -99 -99 -99 -99 0.698531892043022
-99 -99 -99 0.564351553981024 -99 -99 -99 -99 -99 -99
-99 -1.54763489586466 -99 -99 -99 -99 -99 -99 -99 -99
-99 -99 2.70989744271464 -99 -99 -99 -99 -99 -99 0.951301554893371
-99 -99 -99 -99 -99 -99 -99 -99 -99 -99
-99 -99 -99 -99 -99 -99 -99 -99 -99 -99
0.978763908173773 -99 -99 -99 0.842415623619657 -99 -99 -99 0.85215244877572 -99
-99 2.69398058159778 -99 -99 -99 4.1787669753396 5.03543959602409 -99 -99 -99
-99 -99 -0.206276722929188 1.11611282403823 -99 -99 -99 -99 -99 -99
-99 -99 -99 -99 -99 -99 -99 -99 -99 -99
-99 -99 -99 -99 -99 -99 -99 -99 -99 -99
-99 -99 -99 -99 -99 -99 -99 -99 -99 -99
-99 -99 -99 -99 -99 -99 -99 -99 -99 -99
-99 -99 -99 -99 -99 0.744089321501333 -99 -99 -99 -99
-99 -99 -99 -99 3.68737680055578 -99 -99 -99 -99 -99
-99 -99 -99 1.83288657298413 -99 -99 -99 -99 -99 -99
-99 -99 -99 -99 -99 -99 -99 -99 -99 -99
-99 -99 -99 -99 -99 -99 -99 -99 -99 -99
-99 -99 -99 -99 -99 -99 -99 -2.97631420161987 -99 -99
-99 -99 -99 1.15002959260345 -99 -99 -99 -99 -99 -99
0.604737094152642 -99 -99 -99 -99 -99 -99 -99 -99 -99
-99 -99 -99 -99 -99 0.914887411132047 -99 -99 -99 -99
-99 -99 -99 -99 -99 -99 -99 -99 -99 -99
-99 -99 1.06093749712284 -99 -99 -99 -99 2.50075883019421 -99 -99
-99 -99 -99 -99 1.79414918695805 -99 -99 -99 -99 -99
-99 -99 -99 -99 -99 3.09138055068201 -99 3.80170126788286 -99 -99
-99 -99 -99 -99 -99 -99 -99 -99 -99 -0.733738746208307
-99 -99 -99 -99 -99 -99 -99 -99 -99 -99
-99 -99 -99 -99 0.921318229375477 -99 -99 -99 -99 -99
-99 -99 -99 -99 -99 -99 -99 -99 -99 -99
-99 -99 -99 -99 -99 -99 -99 -99 -99 -99
0.77011301033554 -99 -99 -99 -99 -99 -99 0.0442929896645066 -99 -99
-99 -99 -99 -99 -99 -99 -99 2.1459283873601 -99 -99
-99 -99 -99 -99 -99 -99 2.59861919032688 -99 3.84202804772047 -99
-99 -99 -99 -99 -99 -99 -99 -2.15584477602395 -99 -99
-99 -99 -99 -99 -99 -99 -99 -99 -99 -99
-99 -99 -99 -99 -99 -99 2.11703476165316 -99 -99 -99
-99 -99 -99 -99 -99 -99 -99 -99 -99 1.25536017879673
-99 -99 -99 -99 -99 -99 -99 -99 -99 -99
-99 -99 1.91149429034642 -99 -99 -99 -99 -99 -0.334360150722214 0.996894369377389
-99 -99 -99 -99 -99 -99 -99 -99 -99 -99
-99 1.0250383819177 -99 -99 -99 -99 -99 -99 -99 -99
-99 -99 -99 -99 -99 -99 -99 0.463542338210711 -99 -99
-99 -99 -99 -99 -99 -99 -99 -99 -99 -99
-99 0.0453439458353913 -99 -99 -99 -99 -99 -99 0.411910093414667 -99
-99 -99 -99 -99 -99 -99 -99 -99 -99 -99
-99 -99 2.53735323558974 -99 -99 -99 -99 -99 -99 -99
-99 -99 -99 -2.80680819732235 -99 -99 -99 -99 -99 -99
-99 -99 -99 -99 -99 -99 -99 -99 -99 -99
-99 -99 -99 -99 -99 -99 -99 -99 -99 -99
1.36432208738016 -99 -99 -99 -99 -99 -99 -99 2.58628281426669 -99
2.83009114857194 1.83155321966896 -99 -99 -99 -99 -99 -99 -99 -99
2.29636638964178 1.98455283136494 -99 -99 -99 -99 -99 -99 -99 -99
-99 -99 -99 -99 -99 -99 -99 -99 -99 -99
-99 -99 -1.39059672744197 -99 -99 -99 -99 -1.54046343383033 -99 -99
-99 -99 -99 -99 -99 -99 -99 -99 -99 -99
-99 -99 -99 -99 -99 -99 -99 2.32598711943303 -99 -99
-99 -99 -99 -99 -99 -99 -99 -99 -99 -99
-99 -99 -99 -99 -99 -99 -99 1.94498272717437 -99 -99
-99 -99 -99 -99 -99 -99 -99 -99 -99 -99
-99 -99 -99 -99 -99 -99 -99 -99 -99 -99
-99 1.25659659512346 -99 -99 -99 -99 -99 -99 -99 1.14600920005458
-99 -99 -0.476153879507006 -99 -99 0.955896181305257 -99 -99 -99 -99
-99 -99 -99 -99 -99 -99 -99 -99 -99 -99
-99 -99 -99 -99 2.51904825541727 -99 -99 -99 -99 -99
-99 -99 -99 -99 3.98227880963052 -99 -99 -99 -99 -99
-99 -99 -99 -99 -99 -99 -99 -99 -99 -99
-99 -99 -99 -99 -99 -99 -99 -99 -99 -99
-99 -99 -99 -99 -99 -99 -99 -99 -99 -99
0.964666169810969 -99 -99 2.58307348588208 -99 -99 2.834239031514 2.17222290229408 -99 -99
-99 -99 1.77356776080975 -99 -99 -99 -99 -99 -99 1.40100158924399
-99 -99 -99 -99 2.07230346496887 -99 -99 -99 -99 -99
-99 -99 -99 -99 -99 -99 -99 -99 -99 -0.806397693983203
-99 -99 -99 -99 -99 -99 -99 -99 -99 -99
-99 -99 -99 -99 -99 -99 -99 0.485654549631915 -99 -99
-99 0.591925802015098 -99 -99 -1.31757678097635 -99 -99 -99 -99 -99
-99 -99 -99 -99 -99 -99 -99 -99 -99 -99
-99 -99 -99 -99 -99 1.6105551701879 -99 -99 -99 -99
-99 -99 -99 -0.5037378941085 -99 -99 -99 -99 -99 -99
-99 -99 -99 -99 -99 -99 1.75573902416551 -99 -99 -99
-99 -99 -0.293691269998103 -99 -99 -99 -99 -99 -99 -99
-99 -99 -99 -99 -99 -99 -99 0.0487227101232452 -99 -99
-99 -99 -99 -99 2.34738434773648 -99 -99 -99 -99 -99
-99 -99 -99 -99 -99 -99 -99 -99 1.77720648465107 -99
-99 -99 -99 -99 -99 -99 -99 -99 -99 -99
-99 -0.354511697818346 -99 -99 -99 -99 -99 -99 -99 -99
-99 -99 -99 -99 0.417492943847529 -99 -99 -99 -99 -99
-99 -99 -99 2.58352618833561 -99 -99 -99 -99 -99 -99
-99 -99 -99 -99 -99 -99 -99 -99 -99 -99
-99 0.760276997286145 1.29195523991857 -99 -99 -99 -99 -99 -99 -99
-99 -99 1.20688479339785 -99 -99 -99 -99 -99 -99 -99
-99 -99 -99 -99 -99 -99 -99 -99 -99 -99
3.19051284436226 -99 -99 -99 -99 -99 -99 -99 -99 0.875485665002649
-99 -99 -99 -99 -99 -99 -99 -99 -99 -99
-99 -99 -99 -99 -99 -99 -99 -99 -99 -99
0.0737364872507666 -99 -99 -99 -99 -99 -99 -99 -99 -99
-99 -99 -0.260434506092436 -99 -99 -0.780431494059625 -99 0.620897293165528 -99 -99
-99 -99 -99 -99 -99 -99 0.362449855844273 0.49290935293016 -99 -99
-99 -99 -99 -99 0.247138658305223 -99 -99 -99 -99 -99
-99 -99 -99 -99 -99 -99 -99 -99 -99 -99
-99 -99 -99 -99 -99 -99 -99 -99 2.41637301341314 -99
-99 -99 -99 -99 -99 -99 -99 -99 -99 -0.61491966263794
-99 -99 -99 -99 3.62253839650237 -99 -99 1.59629962641342 -99 -99
2.42436178876888 -99 -99 -99 -99 0.900381484140897 -99 -99 -99 -99
-99 -99 -99 -99 2.19311052590268 -99 -99 -99 -99 -99
-99 -99 -99 0.215572111481279 -99 -99 -99 -99 -99 -99
-99 -99 -99 2.74749960999392 -99 -99 -99 -99 -99 -99
-99 -99 -99 -99 -99 -99 -99 -99 -99 -99
-99 -99 -99 -99 -99 -99 -99 -99 -99 -99
-99 -99 -99 -99 -99 -99 -99 -99 -99 -99
-99 -99 -99 -99 2.509780093331 -99 -99 -99 -99 -99
-99 -99 -99 -99 -99 -99 -99 -99 -99 -99
-99 -0.324560033630581 -99 -99 -99 2.14819925438132 -99 -99 -99 -99
-99 -99 -99 -99 -99 -99 -99 -99 -99 -99
-99 -99 -99 -99 2.57058218810101 -99 -99 -99 -99 2.87960448141173
-99 -0.31942966838586 1.59413134813659 -99 -99 -99 -99 2.51232255409642 -99 -99
-99 -99 -99 -99 -99 -99 -99 -99 -99 -99
-99 -99 2.13395089587749 -99 -99 -99 -99 -99 -99 -99
-99 -99 -99 -99 -99 -99 -99 -99 -99 0.288094496563617
-99 -99 -99 2.1363869324769 -99 -99 -99 -99 -99 -99
-99 -99 -0.485802231951933 -99 -99 -99 -0.973856703893228 -99 -99 -99
-99 -99 -99 -99 -0.539371757046737 -99 -0.401545441403237 -99 -99 -99
-99 -99 -99 -99 -99 -99 -99 -99 -99 -99
-99 -99 -99 -99 -99 -99 3.97861033735435 -99 -99 -99
1.22692968970723 -99 -99 -99 -99 -99 -99 1.72264696233432 -99 -99
-99 -99 -99 -99 -99 -99 -99 -99 2.34549804225716 -99
-99 -99 -99 -99 0.219214356674161 -99 -99 -99 -99 -99
-99 -99 -99 -99 -99 -99 -99 -99 -99 -99
-99 -0.422139170141767 -99 -99 -0.349575284511415 -1.11663908925549 -99 -99 -99 -99
1.05922698718951 -99 -99 -99 -99 -99 -99 -99 -99 -99
-99 -99 -99 -99 -99 -99 -99 -99 -99 -99
-99 -99 -99 -99 -99 -99 -99 -99 -99 -99
-99 -99 -99 -99 -99 -99 -99 -99 -99 -99
-99 -99 -99 -0.429096831656857 -99 -99 -99 -99 -99 -99
-99 -99 -99 -99 1.82534415448453 -99 -99 3.2796495275369 -99 -99
-99 -99 0.824437327043284 -99 -99 -99 -99 -99 -99 -99
-99 -99 -99 -99 -99 -99 1.53835873584949 -99 -99 -99
-99 -99 -99 -99 -99 -99 -99 -99 -99 -99
-99 -99 -99 1.07247834283335 -99 -99 -99 -99 -99 -99
-99 -99 -99 -99 -99 -99 -99 -99 -99 -99
-99 -99 -99 -99 -99 -99 -99 -99 -99 0.409852749134651
-99 -99 -99 -99 -99 -99 -99 -99 -99 -99
-99 -99 -99 -99 -99 -99 -99 -99 -99 -99
-99 -99 -99 -99 -99 -99 -99 -99 -99 -99
-99 -99 -99 1.97248353970897 -99 -99 -99 -99 -99 -99
-99 -99 -99 -99 -99 -99 -99 -99 -99 -99
-99 -99 -99 -99 -99 -99 -99 -99 -99 -99
-99 -0.838887317087236 -99 -99 -99 -99 1.12268021024741 -99 -99 -99
0.0530665851246434 -0.87362631551723 -99 -99 -99 -99 -99 -99 -99 -99
-99 -99 -99 -99 -99 -99 -99 -99 -99 -99
-99 -99 -99 3.54150001649549 -99 -99 -99 -99 2.57663319178704 -99
-99 -99 -99 -99 -99 -99 -99 -99 -99 -99
-99 -0.0698802686747122 -99 -99 -99 -99 -99 -99 -99 -99
-99 -99 -99 -99 -99 1.99699050733505 -99 -99 -99 -99
-99 2.44267291856797 -99 -99 -99 -99 -99 -99 -99 -99
-99 -99 -99 -99 -99 -99 -99 -99 -99 -99
-99 -0.679015957006427 -99 -99 -99 -99 -99 -99 -99 -99
-99 -99 -99 3.28053120762564 -99 -99 -99 -99 -99 -99
-99 -99 -99 -99 -99 -99 -99 -99 -99 1.47108615291228
-99 -99 -0.52951641287776 -99 -99 -99 -99 -99 -99 -99
-99 -99 1.65774466879377 -99 -99 -99 -99 -99 -99 -99
-99 -99 -99 -99 -99 -99 -99 -99 -99 -99
-99 -99 -99 2.51806217464719 -99 -99 -99 -99 -99 -99
-99 -99 -99 -99 -99 -99 -99 -99 1.54087843149792 -99
-99 -99 -99 -99 -99 -99 -99 -99 -99 -99
-99 -99 -99 -99 -99 -99 -99 -99 -99 2.59450278624464
-99 -99 -99 -99 -99 0.171857481079691 -99 -99 -99 1.28886151815831
-99 -99 -99 -99 0.0465786462173617 -99 -99 -99 -99 -99
-99 -99 -99 -99 -99 -99 -99 -99 -99 -99
0.717033418671544 -99 -99 -99 2.50791727367378 -99 1.07326884891568 -99 -99 -99
-99 -99 -99 -99 -99 -99 1.26315746904453 -99 -99 -99
-99 -99 -99 -99 -99 -99 -99 0.00575726001840371 -99 -99
-99 -99 -99 -0.241251295237551 -99 -99 1.96506628374715 -99 1.64910356159596 -99
-99 -99 -99 -99 -99 -99 -99 -99 -99 -99
-99 -99 -99 -99 -99 -99 -99 -99 -99 -99
-99 -99 -99 -99 -99 -99 -99 -99 -99 -99
-99 -99 -99 -99 -99 -99 -99 -99 -99 -99
-99 -99 -99 -99 -99 -99 -99 2.88463546312862 -99 -99
-99 -99 -99 -99 -99 -99 1.89688191817453 -99 -99 -99
-99 -99 -99 -99 -99 -99 -99 -99 -99 0.538016131002127
-99 -99 -99 -99 -99 -99 -99 -99 -99 -99
-99 -99 -99 -99 2.48987203357499 -99 -99 -99 -99 -99
-99 -99 -99 -99 -99 -99 -99 -99 -99 -99
-99 -99 -99 -99 -99 -99 -99 -99 1.33581116872277 -99
-99 -99 -99 -99 -99 -99 -99 -99 -99 -99
-99 -99 -99 -99 -99 -99 -99 -99 -99 -99
-99 1.40449457140653 -99 -99 -99 -99 -99 -99 -99 -99
-99 -99 -99 -99 -99 -99 -99 -99 -99 -99
-99 -0.425333356084462 -99 -99 -99 -99 -99 -99 -99 -99
-99 -99 -99 0.722930628867241 -99 -99 -99 -99 -99 -99
2.15440625584202 -99 -99 -99 -99 -99 -99 -99 -99 -99
-99 -99 -99 -99 1.08789318150641 -99 -99 -99 -99 -99
-99 -99 -99 -3.22245431156032 -99 -99 -99 -99 -99 -0.320777283711026
-99 -99 -99 -99 -99 -99 -99 -99 2.26024998579892 0.59960060871924
-99 -99 -99 -99 -99 -99 -99 -99 -99 -99
-99 -99 -99 -99 -99 -99 -99 -99 1.83924077316933 -99
-99 -99 -0.332352225824632 -99 -99 -99 -99 0.53628507911033 -99 -99
-99 -99 -0.269261252675222 -99 -99 -99 -1.27100143309449 -99 -99 -99
-99 -99 -99 -99 -99 -99 -99 -99 -99 -0.420709312571498
3.51954756425729 -99 -99 -99 1.88793990367856 -99 -99 -99 -99 -1.20479754493057
-99 -99 -99 -99 -99 -99 -99 -99 -99 -0.204854940054733
-99 -99 -99 -99 -99 -99 -99 -99 2.43677981895911 -99
-99 -99 -99 -99 -99 -99 -99 -99 -99 -99
2.53943999510393 -99 -99 -99 2.04317327420434 -99 -99 -99 -99 -99
-99 -99 -99 -99 -99 -99 -99 -99 0.698539219628967 -99
-0.607213553691903 -99 -99 0.00682745143044006 -99 -99 -99 -1.750189645127 -0.460717555934575 -99
-99 -99 -99 -99 -99 -99 -99 -99 -99 -99
2.06381491931481 -99 1.24992448614059 -99 -99 -99 -99 -99 -99 -99
-99 -99 -99 -99 -99 -99 -99 -99 -0.0887836171692031 -99
-99 1.27144857022159 -99 -0.0147792382256497 -99 -99 -99 -99 -99 -99
-99 0.254570966458071 -99 -99 0.430001865396499 -99 -99 -99 -99 -99
-99 -99 -99 -99 -99 -99 -99 -99 -1.03014492893792 -99
-99 -99 -99 -99 -99 -99 -99 -99 -99 -1.04027522836672
-99 -99 -99 -99 -99 -99 -99 -99 -99 -99
-99 -99 -99 -99 2.83127379058346 -99 -99 -99 -99 -99
-99 -0.349392571183167 -99 -99 -0.0780021522910801 -99 -99 -99 -99 -99
-1.06363276152401 -99 -1.72059600419023 -99 -99 -99 -99 -99 -99 -99
-99 -99 -99 -99 -99 -99 -99 -99 -99 -99
-99 -99 1.13456435648914 -99 -99 -99 -99 -99 -99 1.76580602239532
-99 -99 -99 0.617232717103226 -99 -99 -99 -99 0.796067918594301 -99
-99 -99 -99 -99 -99 -99 -99 -99 -99 -99
-99 -99 -99 -99 -99 -99 -99 -99 -99 -99
-99 -99 -99 -99 -99 -99 -99 -99 -99 -99
-99 -99 -99 2.14738029010506 -99 -99 -99 -99 -99 -99
-99 -99 -99 -99 -99 -99 -99 2.2544079743206 -99 -99
-99 -99 -99 -99 -99 -99 2.25929131147374 -99 -99 -99
-99 -99 -99 -99 -99 -99 -99 -99 -99 -99
-99 -99 -99 -99 -99 0.785792016894321 -99 -0.111107454715051 -99 -99
-99 -99 -99 -99 -99 -99 -99 -1.83523880566084 -99 -99
-99 -99 -99 -99 -99 -99 -99 -99 -99 -99
-99 -99 -99 -99 -99 -99 -99 -99 -99 -99
3.29828373969715 -99 -99 -99 2.05852329028493 -99 -99 -99 -99 -99
-99 -99 0.36424987017976 -99 -99 -99 -99 -99 -99 -99
-99 -99 -99 -99 -99 2.48682509766275 -99 -99 -99 -99
-99 -99 -99 -99 -99 -99 -99 -99 0.524214855256092 -99
-1.47535525728102 -99 -99 -99 -99 -99 -99 -99 -99 -99
-99 -99 -99 -99 -99 -99 -99 -99 -99 -99
-99 -99 -99 -99 -99 -99 -99 -99 -99 -99
-99 -99 -99 -99 -99 -99 -99 -99 -99 -99
-99 -99 -99 -99 -99 -99 -99 -99 -99 -99
-99 0.251963951678023 -99 -99 -99 -99 -99 -99 -99 -99
-99 -99 -99 -99 -99 -99 -99 -99 -99 -99
-99 -99 -99 -99 0.598299311413991 -99 -99 -99 -99 -99
-99 -99 -99 -99 -99 -99 -99 -99 -99 -99
-99 -99 -99 -99 -99 -99 -99 -99 -99 -99
-99 -99 -99 -99 -99 -99 -99 -99 -99 -99
-99 2.29120318660157 2.89840804287022 2.47513216934105 -99 -99 -99 -99 -99 -99
-99 -99 -99 -99 -99 -99 -99 -99 -99 -99
-99 -99 -0.769001250416922 -99 -99 -99 -99 -99 -99 -99
-99 -99 -99 -99 -99 -99 -99 -99 -99 -99
-99 -99 -99 -99 -99 -99 0.160175569603368 -99 -99 -99
-99 -99 -99 -99 -99 -0.00907577081070521 -99 -99 -99 -99
-99 -99 -99 -99 -99 -99 -99 -99 0.450168593341118 -99
-99 -99 -99 -99 -99 -99 -99 -99 -99 -99
-99 0.646915579548956 -99 -99 -99 -99 -99 -99 -99 -99
-99 -99 -99 -99 -99 -99 -99 -99 -99 -99
-99 -99 -99 -99 -99 -99 -99 -99 -99 -99
-99 -99 -99 -0.177332548735026 -99 -99 -99 -99 -99 -99
-99 -99 -99 -99 -99 1.17076138319721 0.864231569201065 -99 -99 -99
-99 -99 -99 -99 -99 -99 -99 -99 1.15654342736049 -99
-99 0.469634803042703 -99 -99 -99 -99 -99 -99 -99 -99
-99 -99 -99 -99 -99 -99 -99 -0.154407975081168 -99 -99
-99 2.96721439051731 2.64749416160101 -99 -99 -99 -99 -99 -99 -99
-99 -0.989693129885688 -99 -99 -99 -99 -99 -99 -1.70612172045345 -0.50823437158807
-99 3.37439800471784 -99 -99 -99 -99 1.04493558619955 -99 -0.486071581899079 -99
-99 -99 -99 -99 -99 -99 -99 -99 -99 -99
-1.44716286426224 -99 -99 -99 -1.69393329442973 -99 -99 -99 -99 -99
-99 -99 -99 -99 -99 -99 -99 -99 -99 -99
-99 -99 -99 -99 0.561570074433912 -99 -99 -99 -99 -99
3.76618835266513 -99 -99 -99 1.46158299965129 -99 -99 2.54672637419091 -99 -99
-99 -99 -99 -99 -99 -99 -99 2.03850570647221 -99 -99
-99 -99 -99 -99 -99 -99 3.06599759166167 -99 -99 -99
-99 -99 -99 -1.19399454013598 -99 -99 -99 -99 -99 -99
-99 -99 -99 -99 -99 -99 -99 -99 -0.498748569429514 -99
-99 -99 -99 -99 -99 -99 -99 -99 -99 0.188267073113703
-99 -99 -99 -99 -99 -99 -99 -99 -99 -99
-99 -99 -99 -99 -99 0.166385870073132 -99 -99 -99 -99
-99 -99 -99 -99 -99 2.26015365819291 -99 -99 -99 -99
-99 -99 -99 -99 -99 -99 -99 -99 -99 -99
-99 -99 -99 -99 -99 -99 -99 -99 -99 1.46683025363599
-99 -99 -99 -99 -99 -99 -99 -99 -99 -99
-99 -0.72139358652241 -99 -99 -99 -99 -99 -99 -99 -99
-99 -99 -99 -99 -99 -99 -99 -99 -99 -99
-99 -99 -99 -99 -99 -99 0.794361686380528 -99 -99 -99
-99 -99 -99 -99 2.74315358811252 -99 1.74484005212266 -99 1.03686781428121 -99
-99 -99 -99 -99 -99 1.13932767778927 -99 -99 -99 -99
-99 -99 -99 3.20446730764502 -99 -99 -0.659991418076804 -99 0.859922812424557 -99
-99 -99 -99 -99 -99 -99 -99 3.13036685468356 -99 -99
-99 -99 -99 0.148210471710336 -99 -99 -99 -99 -99 -99
2.62531425695272 -99 -99 -99 -99 -99 -99 -99 -99 -99
-99 0.906488765337743 -99 -99 -99 -99 -99 -99 -99 1.84530258476748
-99 -99 -99 -99 -0.601732822089605 -99 -99 -99 -99 -99
-99 -99 -99 -99 -99 -99 -99 -99 -99 0.304823340326733
-99 -99 -99 -99 -99 -99 -99 -99 -99 -99
-99 -99 -99 -99 -99 -99 -99 -99 -99 -99
1.89462923443626 -99 -99 -99 -99 -99 -99 -99 2.38591819410432 -99
-99 -99 -99 -99 -99 -99 -99 -99 -99 2.58443815210267
-99 -99 -99 -99 -99 -99 -99 -99 -99 -99
-0.131712586583556 -99 -99 -99 -99 -99 -99 -99 -99 -99
-99 -99 -99 -99 -99 -99 -99 -99 -99 -99
-0.397146387467972 -99 -99 -99 -99 -99 -99 -99 -99 -99
-99 -99 -99 -99 -99 0.83222480236886 -99 -99 -99 -99
-99 -99 -99 -99 -99 -99 -0.0408346928628647 -99 -99 -99
-99 -99 3.02797362836176 -99 -99 3.04440748672413 -99 3.334995327777 -99 -99
-99 -99 -99 0.718303000443861 -99 -99 -99 3.64528689222455 -99 -99
-99 -99 -99 -99 2.51468665842344 -99 -99 -99 -99 1.34335700850513
-99 -99 -99 -99 -99 0.599548304780995 -99 -99 -99 -99
-99 -99 -99 0.866304283890955 -99 -99 -99 -99 -99 -99
-99 -99 -99 -99 -99 -99 -99 -99 -99 -99
-99 -99 -99 -99 -99 1.5963094830891 -99 -99 -99 -99
-99 -99 -99 -99 -99 -99 -99 -99 -99 -99
-99 -99 -99 -99 -99 -99 -99 -99 -99 -99
-99 -99 -99 -99 -99 -99 -99 -1.69840914383015 -99 -99
-99 -99 -99 -99 -99 3.70687636800408 -99 -99 -99 -99
2.32919892315397 -99 -99 -99 -99 -99 -99 -99 -99 -99
-99 -99 -99 -99 -99 -99 -99 -99 1.83548370449996 -99
-0.642565885551533 -99 -99 -99 -99 -99 -99 -99 -99 -99
-99 -99 -99 -99 -99 -99 -99 -99 -99 -99
-99 0.153529287673088 -99 -99 -99 -99 -99 -99 -99 -99
-99 -99 -99 -99 2.46771763865593 0.440641706065743 -99 -99 -99 -99
-99 -99 -99 -99 -99 -99 -99 -99 -99 -99
-99 -99 3.12433814026144 -99 -99 -99 -99 -99 1.71552240948453 -99
-0.755790608267241 -99 -99 -99 -99 -99 -99 -99 -99 -99
-99 -99 -99 2.34264318575638 -99 -99 -99 -99 -99 4.16413047029688
-1.60186822740393 -99 -99 -99 -99 -99 -99 -99 -99 -99
-0.37258682759216 -99 2.42561173454335 -1.88940090794757 -99 -99 -99 -99 -99 -99
-99 -99 1.85900725269903 -99 -99 -99 -99 -99 -99 -99
0.563555907604593 -99 -99 -99 -0.769372982878353 0.966109369790247 -99 -99 -99 -99
-99 -99 -99 -99 -99 -99 -99 -99 -99 -99
-99 -99 -99 -99 -99 -99 0.848063646184744 1.02985853578468 -99 -99
-99 -99 -99 -99 -99 -99 -99 -99 -99 -99
-99 -99 -99 -99 -0.436374342384487 -0.166435318662692 -99 -99 -99 -99
-99 -99 -99 -99 -99 -99 -99 -99 -99 -99
-99 -99 -99 -99 -99 2.795273989023 -99 -99 -99 -99
-99 -99 -99 -99 -99 -99 -99 -99 -99 -99
-99 -99 -99 -99 -99 -99 -0.0953032234721707 -99 -99 0.0383425545520523
-99 -99 -99 -99 -99 -99 -99 -99 -99 -99
-99 -99 -99 -99 -99 -99 -99 -99 -99 -99
-99 -99 -99 -99 -99 -99 -99 -99 -99 1.54814450082649
-99 -99 -99 -99 -99 -99 -99 -99 -99 -99
-99 -99 -99 -99 -99 -99 0.054542718217543 -99 -99 -99
-0.0146522841233798 -99 -99 1.14053534365194 -99 -99 -99 -99 -99 2.77223021467859
-99 -99 -99 0.263148663338644 -99 -99 -99 -99 -99 -99
-99 -99 -1.10674444952133 -99 -99 -99 -99 0.27833240042651 -99 -99
-99 -99 -99 -99 -99 -99 -99 -99 -99 -99
-99 -99 -99 -99 -99 -99 -99 -99 -99 -99
-2.3127697610939 -99 -99 -99 -99 -99 -99 -99 -99 -99
-99 -99 1.05643145681473 -99 -99 -99 2.20385038615712 -99 -99 -99
-99 -99 -99 1.13305109527254 -99 -99 -99 -99 -99 -99
-99 -99 3.45336380773124 -99 -99 -99 -99 -99 -99 -99
1.48442740886043 -99 -99 -99 1.53730122638437 -99 -99 -99 -99 -99
-99 -99 -99 -99 -99 0.53735317996586 -99 -99 -99 -99
-99 -99 -99 -99 -99 -99 -99 -99 -99 -99
2.05854950253944 -0.111539332846089 -99 -99 -99 -99 -99 -99 -99 -99
-0.506358789472069 -99 -99 -99 -99 -99 -99 -99 -0.169554785882431 -99
-99 -99 -99 -99 -99 -99 -99 -99 -99 -0.936351472570655
-99 3.28420382659827 -99 -99 -99 -99 -99 -99 -99 -99
-99 -99 -99 -99 -99 -99 -99 -99 -99 0.866828177268313
-99 -99 -99 -99 -99 -99 -99 -99 -99 -99
-99 -99 -99 -99 -99 -99 -99 2.75701355266984 -99 0.631363244710618
-99 -99 -99 -99 -99 -99 -99 -99 -99 -99
-99 -99 -99 -99 -99 -99 -0.851006439148825 -99 -99 -99
-99 -99 -99 -99 -99 -99 -99 -99 -0.419585168052539 -99
-99 -99 -99 -99 -0.212582889513098 -99 -99 -99 -99 -99
-99 -99 -99 -99 -99 -99 -99 -99 -99 -99
-99 -99 -99 -99 -99 -99 -99 0.675254953787371 -99 -99
-99 -99 -99 -99 -99 -99 -99 -99 -99 -99
-99 -99 -99 -99 -99 -99 -99 -99 -99 -99
-99 2.12032500235851 -99 -99 -99 -99 -99 -99 -99 -99
-99 -99 -99 -99 -99 -99 -99 -99 1.33671273205883 -99
-99 -99 -99 -99 -99 -99 -99 -99 -99 2.25076624911378
-99 3.20876085789228 -99 -99 -99 -99 -99 -99 -99 -99
-99 -99 -99 -99 -99 -99 -99 -99 -99 -99
-99 -99 -99 -99 -99 -99 -99 -99 -99 -99
-99 -99 -99 -99 -99 -99 -99 -99 -99 0.97578992619133
-99 1.03081102483722 -99 -99 -99 -99 -99 1.3513904655226 -99 -99
-99 -99 -99 -99 -99 -99 -99 -99 -99 -99
-99 -99 -99 -99 -99 -99 -99 -99 -99 -99
1.62893478201286 -99 -99 -99 -99 -99 -99 -99 -99 -99
-99 -99 -99 -99 -99 -99 -99 -99 -99 -99
-0.18177210269612 -99 -99 0.558150775167058 -99 -99 -99 -99 -99 -0.427365281352674
-99 -99 -99 -99 -99 -99 -99 -99 -99 -99
-99 -99 -99 -99 -99 -99 -99 -99 -99 -99
-99 -99 -99 -99 -99 -99 -99 -99 -99 -99
-99 -99 -99 -99 -99 -99 1.24326119195539 -99 2.7841114496362 -99
-99 -99 -99 -99 0.291659214781563 -99 -99 -99 -99 -99
-99 -99 -99 -99 -99 -99 -99 -99 -99 0.814911877624632
-99 -99 -99 -99 -99 -99 -99 -99 -99 -99
-99 1.64398469831021 -99 -99 -99 -99 -99 -99 -99 -99
-99 -99 -99 -99 0.842446393215377 -99 2.8681754537295 -99 -99 -99
-99 -99 -99 -99 -99 -99 -99 -99 -99 -99
-99 -99 -99 -99 -99 -99 -1.26478398006008 -99 -99 -99
-99 -99 -99 -99 -99 -99 -99 -99 -99 -99
0.835961418271192 -99 -99 0.851788359863357 -99 -99 -99 -99 -99 -99
-99 -99 -99 -99 1.74084187539055 -99 -99 -99 -99 -99
2.00486190410984 -99 -99 -99 -99 -99 -99 -99 -99 -99
-99 -99 -99 -1.34655738931275 -99 -99 -99 -99 -99 -99
-99 -99 -99 -99 -99 -99 -99 -99 -99 -99
-99 -99 -1.43638782863122 -99 -99 -99 -99 -99 -99 -99
-99 -99 -99 -99 -99 -99 -99 -99 -99 -99
-99 -99 -99 -99 -99 1.94850024807945 -99 -99 -99 -99
-99 -99 -99 1.26518080885178 -99 -99 -99 -99 -99 -99
-99 -99 -99 -99 -99 -99 -99 2.66374511581583 -99 -99
-99 -99 2.2929004838853 -99 -99 -99 -99 -99 -99 -99
-99 -99 -99 -99 -99 -99 -99 -99 3.3138719157396 -99
-99 -99 -99 -99 -99 -99 -99 -99 -99 -99
-99 -99 -99 -1.01957651166273 -99 -99 -99 -99 -99 -99
-99 -99 -99 -99 -99 -99 -99 -99 -99 -99
-99 1.11588382085106 -0.172552497893106 -99 -99 -99 -99 -99 -99 -99
-99 -1.00922104993645 -99 -99 -99 -99 0.116828618835475 -1.45230993108346 0.889591824502338 -99
-99 -99 0.202052097567741 -99 -99 -99 -99 -99 -99 -99
-99 -0.157111170660007 -99 -99 -99 -99 -99 -99 -99 -99
-99 -99 -99 -99 1.80714957623029 -99 -99 -99 -99 -99
-99 -99 -99 -99 -99 -99 -99 1.87209981233309 -99 -99
-99 -99 -99 4.78828447858514 -99 -99 -99 -99 -99 3.29920960537994
-99 -99 -99 -99 -99 -99 1.07941998822518 -99 -99 -99
-99 -0.532055457532773 -99 1.94469969315643 -99 -99 -99 -99 0.501159470597427 -99
-99 -99 -99 -99 -99 -99 -99 -99 -99 1.626634476358
-99 -99 -99 -99 0.974971929602002 -99 -99 -99 -99 -99
-99 -99 -99 -99 -99 -99 -99 -99 2.56459380326284 -99
-99 -99 -0.838036391181439 -99 -99 -99 -99 -99 -99 -99
1.73517031386454 -99 -99 0.373613765954494 -99 -99 -99 -99 -99 1.24945915750718
-99 -99 -99 -99 -99 -99 -99 0.392043520334836 -99 -0.107913183661117
0.528058828150768 -99 -99 -99 -99 -99 -99 -99 0.957624332614908 -99
-99 -99 -99 -99 -99 -99 -99 -99 -99 -99
-99 0.55590288063935 -99 -99 -99 -99 -99 -99 -99 -99
-99 -99 -99 -99 -99 -99 -99 -99 -99 0.883238585569932
-99 -99 -99 -99 -99 -99 -99 -99 -99 -99
-99 -99 3.03468748536074 -99 -99 -99 -99 -99 -99 -99
-99 -99 -99 -99 0.9743290549828 -2.07038849581497 -99 -99 -99 -99
-99 -99 -1.07406253024029 -99 -99 -99 -99 -99 -99 -99
-99 -99 -99 -99 3.81864641124668 -99 2.24856259534549 -99 -99 -99
-99 -99 -99 -99 0.0478753365634695 1.61590403473668 -99 -99 -99 -99
-99 -99 0.570843334075495 -99 -99 -99 -99 -99 -99 -99
-99 -99 -1.3322181976653 0.593151863097156 -99 -99 -99 -99 -99 -99
-99 -99 -99 -99 -99 -99 -99 -99 -99 -99
0.340409952334518 -99 -99 -99 -99 -99 -99 -99 -99 -99
-99 -99 -99 -99 -99 -99 0.914958824638495 -99 -99 -99
1.36834547075736 -99 -99 -99 -99 -99 -99 -99 -99 -99
-99 -99 -99 2.47818805103667 -99 -0.747225425231091 -99 -99 -99 -99
-99 -99 -99 -99 -99 -99 -99 -1.81502702139973 -99 -99
-99 -99 -99 -99 -99 -99 -99 -99 -99 -99
0.404060266587862 -99 -99 -99 -99 0.957527789436159 -99 -99 -99 -99
-99 -99 -99 -99 -99 -99 -99 -99 -99 -99
-99 1.27306295520506 -99 -99 -99 -99 -99 -99 -99 -99
-99 -99 -99 -99 -99 -99 -99 -99 -99 -99
-99 -99 -99 -99 -99 0.738308729127384 -99 -99 -99 -99
-99 -99 -99 -99 -99 -99 -99 -99 1.44341233592703 -99
-99 -99 -99 -0.601702725954327 -99 -99 -99 -99 1.85052247290312 1.22846835851255
-99 -99 -99 -99 -99 -99 -99 -99 -99 -99
-99 -99 -99 -99 -99 -99 -99 -99 -99 0.337645580018812
-99 -99 -99 -99 -99 -99 -99 -99 -99 -99
-99 -99 0.623581071622619 -99 -99 -99 -99 -99 -99 -99
-99 -99 -99 -99 -99 -99 -99 -99 -99 -99
-99 -99 -0.365985012768211 -99 -99 -99 -99 -99 -99 -99
-99 -0.728949817527402 -99 -99 -99 -99 -99 -99 -99 -99
-99 -99 -99 0.613252680962163 -99 -99 -99 -99 -99 -99
-99 -99 -99 -99 -99 -99 -99 -99 -99 -99
-0.958440234199172 -99 -99 -99 -99 -99 -99 -99 -99 -99
-99 -99 0.805603848196965 -99 -99 -99 -99 -99 -99 -99
-99 -99 -99 -99 -99 -99 -99 -99 -99 1.19178277348889
-99 -99 -99 -99 -99 0.0737557635519838 -99 -99 -99 -99
-99 -99 -99 -99 -99 -99 1.86459463932418 -99 -99 -99
-99 0.426079854836491 -99 -99 -99 -99 -99 -99 -99 -99
-99 -99 -99 -99 -99 3.34267751011872 -99 2.94907939610534 -99 -99
-99 -99 -99 -99 -99 -99 -99 -99 -99 -99
-99 -99 -99 -99 -99 -99 -99 -99 0.872154397736623 -99
-99 -99 -99 -99 -99 0.334785314828687 -99 -99 -99 -99
-99 -99 -99 -99 -99 -99 -99 -99 3.10655457097622 0.860369510897909
-99 -99 3.55122061785969 -99 -99 1.30800031560461 -99 -99 -99 -99
-99 0.325521605464022 -99 -99 -99 -99 -99 -99 -99 -99
-99 -99 -99 -99 -0.980986113697425 -99 -99 -99 -0.975604949898988 -99
-99 -99 -99 -99 -99 -99 -99 -99 -99 -99
1.45730817220311 -99 -99 2.16748257082802 -99 0.604528084811473 -99 -99 -99 -99
-99 -99 -99 -99 -99 -99 -99 -99 -99 -99
-99 -99 -99 -99 0.658560856895508 -99 -99 -99 -99 2.04833379065565
-99 -99 -99 -99 -99 -99 -99 -99 -99 -99
-99 -99 -99 -99 -99 -99 -99 -99 -99 -99
-99 -99 -99 -99 -99 -99 -99 -99 -99 -99
-99 -99 -99 -99 -99 -99 -99 -99 -99 -99
-99 -99 -99 -99 -99 -99 1.7218935681231 -99 -99 -99
-99 -99 -99 -99 -99 0.807477310686282 -99 -99 -99 -99
-99 -99 -99 -99 -99 -99 -99 -99 -99 -99
-99 -99 2.28914059695302 -99 -99 -99 -99 -99 -99 -99
-99 -99 -99 -99 1.39497775612575 1.9700578542715 -99 -99 -99 -99
-99 -99 -99 -0.884460176123465 -99 -0.749152754465926 -99 0.629524243596179 -99 -99
0.393090521329835 -99 -99 -99 -99 -99 -99 -99 -99 -99
-99 -99 -99 -99 -99 -99 -99 -99 -99 -99
-99 -99 0.112911811367129 -99 -99 -99 -99 -99 -99 -99
-99 -99 -99 -99 -99 -99 -99 -99 -99 -99
-99 -99 -99 -99 -99 -99 -99 -99 -99 -99
3.11401015700782 3.76966101874761 -99 -99 -99 -99 -99 -99 -99 -99
-0.503655346834546 -99 -99 -99 -99 -99 2.64979224239856 -99 -99 2.3793456789831
-99 -99 -99 -99 -99 -99 -99 -99 -99 -99
-99 -99 -99 -99 -99 -99 -99 -99 -99 -99
0.0435125591229736 -99 -99 -99 -99 -99 -99 -99 -99 -99
-99 -99 -99 -99 -99 -99 -99 -99 -99 -99
1.85495791341763 -99 -99 -99 -99 -99 -99 -99 -99 -99
-99 -99 -99 -99 -99 0.594766594992668 -99 0.609555153878423 -99 -99
-0.0609449174991299 -99 -99 -99 -99 -99 -99 -99 -99 1.10347348287971
-99 -99 -99 0.901337451465444 -99 -99 -99 -99 -99 -99
-99 -99 -99 -99 -1.33374370501191 -99 -99 1.54594943392187 -99 -99
-99 4.08501655704635 -99 -99 1.75239648039487 -99 -99 -99 -99 -99
-99 -99 -99 -99 -99 -99 -99 -99 -0.658561280256446 -99
-99 -99 2.58518782604434 -99 -99 -99 -99 -99 -99 -99
-99 -99 1.97591647833148 -99 -99 -99 -99 2.62725469445864 -99 -99
-99 -99 -99 0.879242099135671 -99 -99 -99 -99 -99 -99
-99 3.31996625464268 -99 -99 2.94031350752753 2.46960821197836 -99 -99 -99 -99
-99 -99 -99 -99 -99 -99 -99 -99 -99 -99
-99 -99 -99 -99 -99 -99 -99 -99 -99 -99
-99 -99 -99 -99 -99 -99 -99 3.73771858514358 -99 -99
2.40429194515555 1.22415158306611 -99 -99 -99 2.75878026364411 -99 -99 -99 -99
-99 -99 2.00079987050259 -99 -99 -99 -99 -99 -99 -99
-99 -99 -0.502834809042807 -99 -99 -99 -99 -99 -99 -99
-99 -99 -99 -99 -99 -99 -99 -99 -99 -99
-99 -99 -99 -99 -99 -99 -99 -99 -99 1.10886088735021
-99 -99 -99 -99 -99 -99 -99 -99 -99 -99
-99 -99 -99 -99 -99 -99 -99 2.28959949898989 -99 -99
-99 -99 -99 -99 -99 -99 -99 -99 -99 -99
-99 -99 -99 -99 -99 -99 -99 0.0152266633178361 2.31767948071207 -99
-99 -99 -99 -99 -99 -99 -99 -99 -99 -99
-99 -99 -99 -99 -99 -99 -99 -99 -99 -99
-99 -99 1.65988694007319 -99 -99 -99 -99 -99 -99 -99
-99 -99 -99 -99 -99 -99 -99 -99 -99 -99
-99 -99 -99 -99 -99 -99 -99 -99 -99 -99
-99 -99 -99 -99 -99 -99 -99 -99 -99 -99
-99 -99 -99 -99 -99 3.36438152482175 -99 -99 -99 -99
1.90951493520342 -99 -99 -99 -99 -99 -99 -99 2.54711059993411 -99
-99 -99 -99 -99 -99 -99 -99 -99 -99 -99
-99 -99 -99 0.841613227195931 -99 -99 -99 -99 -99 -99
-99 1.11902116523395 -99 -99 -99 -99 -2.28179376556514 -99 -99 -99
-99 -99 -99 -99 0.320549105532921 -99 -99 -99 -99 -99
-99 -99 -99 -99 -99 -99 -99 -99 -99 2.49503996152296
-99 -99 -99 -99 -99 -99 -99 -99 -99 -99
-99 -99 -99 -99 -99 3.7746961735677 -99 4.33187905675957 -99 2.84888861345676
-99 -99 -99 -99 -99 -99 -99 -99 -99 -99
-99 -99 -99 -99 -99 -99 -99 -99 3.31684349238777 3.86669102864557
-99 -99 1.16560299581066 -99 -99 -99 -99 -99 -99 -99
-99 1.05280993748707 -99 -99 -99 -99 -99 -99 -99 -99
-99 -99 -2.10895080748101 -99 -0.630967405927533 0.63465548453332 -99 -0.137300725056897 -99 -99
-99 -99 -1.53121467976522 -99 -1.82496213255228 -99 -99 -99 -99 -99
-99 -99 -99 -99 -99 -99 -99 -99 -99 -99
-99 -99 -99 -99 -99 -99 -99 -99 -99 -99
-99 -99 -99 -99 -99 1.7104817381966 -99 -99 2.55591911767721 -99
-99 -99 -99 -99 -99 -0.813673510352733 -99 -99 -99 -0.776639835245872
-99 -99 -99 -99 -99 -99 -99 -99 -99 -99
-99 -99 -99 -99 -99 -99 -99 -99 -99 -99
-99 -99 -99 -99 -99 -99 -99 -99 -99 -99
-99 -99 -99 -99 -99 -99 -99 -99 -99 -99
-99 -99 -99 1.33935844298433 -99 -0.903548690010089 -99 -99 -99 -99
-99 -99 -99 -99 -99 -99 0.844358684902153 -99 -99 -99
-99 -99 -99 -99 -99 -99 -99 -99 -99 -99
-99 -99 -99 -99 -99 2.25940437896448 -99 -99 -99 -99
-99 -99 -99 -99 -99 -99 -99 -99 -99 -99
-99 -99 -99 -99 -99 -99 -99 -99 -99 -99
-99 2.33881585180721 -99 -99 -99 -99 -99 -99 -99 -99
-99 1.54812331369253 -99 -99 -99 -99 -99 -99 -99 -99
-99 -99 -99 -99 -99 -99 -1.5643518753497 -99 -99 -99
-99 -99 -99 -99 2.41415278044843 -99 -99 -99 -99 -99
-99 -99 -99 -99 -99 -99 -1.18188899834168 -0.255568956969211 -99 -99
-99 -99 -99 -99 -99 0.933724159645904 -99 -99 -99 -99
-99 -99 3.07640988749 2.28345139281532 -99 -99 -99 -99 -99 -99
-1.40743838419575 -99 -99 -99 -99 -99 -99 -99 -99 -99
-99 -99 -99 -99 -99 -99 -99 -99 -99 -99
0.581655268518991 -99 -99 -99 -99 -99 -99 -99 -99 -99
-99 2.03521946624222 -99 -99 -99 -99 -99 -99 -99 -99
-99 -99 -99 -99 -99 -99 -99 -99 -99 -99
-99 -99 -99 -99 -99 -99 -99 -99 -99 -99
-99 -0.607263751956399 -99 -99 -99 -99 -99 -99 2.31074170279999 -99
-99 -99 -99 -99 -99 -0.388343325936876 -99 -99 -99 -99
-99 -99 -99 -99 -99 -99 -99 -99 -99 -99
-99 -99 -99 -99 -99 -99 3.36432026083335 -99 -99 -99
-99 -99 -99 -99 -99 -99 -99 -99 -99 -99
-99 -99 -99 -99 -99 -99 -99 -99 -99 -99
1.56561201798029 -99 -99 -99 -99 -99 -99 -99 -99 -99
-99 3.14742841036615 -99 -99 -99 -99 -99 2.22007433498903 -99 -99
-99 -99 -99 -99 -0.511665413090025 -99 -99 -99 -99 -99
-99 -99 -99 -0.5625312378688 -99 -99 -99 -99 -99 -99
-99 -99 2.05164207296283 -99 -99 0.381105782007009 -99 -99 -99 -99
-99 -99 -99 -99 -99 -99 -99 -99 -99 -99
-99 -99 -99 -99 -99 -99 -99 -99 -99 3.16808315408146
-99 -99 -99 0.20612576456249 -99 -99 -99 -0.496988618365677 -99 -99
-99 -99 -99 -99 -99 -99 -99 -99 -99 -99
-99 -99 -99 -99 -99 -99 -99 -99 -99 -99
-99 -99 -99 -99 -99 -99 1.03088658563773 -99 -99 -99
-99 -99 -99 -99 -99 -99 -99 -99 -99 -99
-99 -99 -0.649781931221772 -99 -99 0.914362057894697 -99 -99 -99 -99
-99 -99 -99 -99 -99 -99 -99 -99 -99 -99
-99 -99 -99 -99 -99 -99 -99 -99 -99 -99
-99 -99 -99 -99 -99 -99 -99 -99 2.06252955827083 -99
-99 -99 -99 -99 -99 -99 -0.165330301673169 -99 -99 -99
-99 -99 -99 -99 -99 -99 -99 -99 -99 -99
-99 -99 -99 -99 -99 -99 -99 -99 -99 -99
-99 -99 -99 -99 -0.276540055847012 -99 -99 -99 -99 -99
-99 -99 -99 -99 -99 -99 -99 1.13692522183565 0.889544991142957 0.537943079626144
-99 -99 -99 -99 -99 -99 -99 -99 1.4067229114783 -99
0.107212089174839 -99 -99 -99 -99 -99 -99 0.246414208475813 -99 -99
-99 -99 -99 -99 -99 -99 2.9908329977528 -99 -99 -99
-99 0.861307884435839 -99 -99 -99 -99 -99 -99 -99 -99
-99 -99 0.436379625231876 -99 -99 -99 -99 -99 -99 -99
-99 -99 -99 -99 -99 -99 -99 -99 -99 -99
-99 -99 -0.77863649286521 -99 -99 -99 -99 -99 -99 -99
-99 -99 -99 -99 -99 -99 -99 -99 -99 -99
1.08802052711702 -99 -99 -99 -99 -99 -99 -99 -99 0.367249256176822
-99 -99 -99 -99 0.979858784498748 -99 -99 -99 -99 -99
-99 -99 -99 -99 -99 -99 -99 -99 -99 -99
-99 -99 -99 -99 -99 -99 -99 -99 -99 -99
-99 -99 -99 -99 0.606681553320377 -99 -99 -99 -99 -99
-99 -99 -99 -99 -1.02564371750941 -0.576163445642158 -99 -99 -99 -99
-99 -99 -99 -99 -99 4.63667897147674 -99 -99 -99 3.38797012514983
-99 0.833223921671912 -99 -99 -99 -99 -99 -99 -99 -99
-99 -99 0.0195288254711574 -99 -99 -99 -99 -99 -99 -99
-99 -99 -99 -99 -99 -99 -99 -99 -99 -1.43925225696684
-99 -99 -99 -99 3.23918635855233 -99 -99 -99 -99 -99
-99 -99 -99 -99 -99 -99 -99 -99 -99 -99
-99 0.536925209253844 -99 -99 -99 -0.611812677110124 -99 -99 -99 -99
-99 -99 -99 -99 -99 -99 -99 -99 -99 -99
-99 -99 0.875527771424283 -99 -99 -99 1.20111492825152 -99 -99 -99
-99 3.33355486602346 -99 -99 -99 -99 -99 -99 -99 -99
-99 -99 -99 -99 -99 -99 -99 -99 -99 -99
-99 -99 -99 -99 -99 -99 -99 -99 0.85837627561597 -99
-99 1.9548868664375 2.12227315056145 -99 -99 -99 -99 -99 -99 -99
-2.81266497498951 -99 -99 -99 -99 -99 -99 0.0457428241603536 -99 -99
-99 -99 -99 -99 -99 -99 -99 -99 -99 -99
-99 -99 -99 -99 -99 -99 -99 -99 -99 -99
-99 -99 -99 -99 -99 -99 -99 -99 2.932090780319 -99
-99 -0.387255170006422 -99 -99 -99 -99 -99 1.05456980077365 -99 -99
-99 -99 -1.02055207558089 -99 -99 -99 -99 -99 -99 -99
-99 -99 -99 -99 -99 -99 -99 1.16230921438557 -99 -99
-99 -99 -99 -99 -99 -99 -99 -99 -99 -99
0.789881335989288 -99 -99 -99 -99 -99 -99 -99 -99 -99
1.55813133857087 -99 -99 -99 -99 -99 -99 2.40132846063331 -99 -99
-99 -99 -99 -99 -99 -99 -99 -99 -99 -99
-99 -99 1.33359328997343 -99 -99 -99 -99 -99 -99 -99
-99 -99 -99 -99 1.81953556153823 -99 -99 -99 -99 -99
-99 -99 -99 -99 -99 -99 -99 -99 -99 -99
0.670305165053687 -99 -99 -99 -99 -99 1.77547520234735 -99 -99 -99
-99 -99 -99 -99 -99 -99 -99 -99 -99 -99
-99 -99 -99 -99 -99 -99 -99 -99 -99 -99
-99 -99 -99 -99 -99 0.396360449284138 -99 -99 -99 -99
-99 -99 -99 -99 -99 -99 -0.818095711174767 -99 -99 -99
-99 -99 -99 -99 1.56946713876972 -99 -99 -99 -99 -99
-99 -99 -99 -99 -99 -99 -99 -99 -99 -99
-99 1.51689119125325 -99 -99 -99 -99 -99 -99 -99 -99
-99 -99 -99 -99 -99 -99 -99 -99 -99 -99
2.0090962178525 -99 -99 -99 -99 -99 -99 -99 -99 -99
-99 -99 -99 -99 -99 -99 -99 -99 -99 -99
-99 -99 -99 -99 -99 -99 -99 -99 -99 -99
-99 -99 -99 -99 -99 -99 -99 -99 -99 -99
-99 -99 -99 0.1784200823603 -99 -99 1.2507780265953 -99 -99 -99
-99 -99 -99 -99 -99 -99 -99 -99 -99 -99
-99 -99 -99 -99 -99 -99 -99 -99 -99 -0.692083120349331
-99 -99 -99 -99 -99 -99 -99 -99 -99 -99
-99 -99 -99 -99 -99 -99 -99 -99 -99 -99
0.983501211075711 -99 -99 -99 -99 4.28809342023593 -99 -99 -99 -99
-99 -99 -99 -99 -99 -99 -99 -99 1.18808238097908 -99
-99 -99 -99 -99 -99 -99 -99 -99 0.89280246238792 -99
-99 -99 -99 -99 -99 -99 -99 -99 -99 -99
-0.617475007198493 -99 -99 -99 -99 -99 -99 -99 -99 -99
-99 -99 -99 -99 -99 -99 -99 -0.604131863718331 -99 -99
-0.075487195534752 -99 -99 -99 -99 -99 -99 -99 -99 -99
-0.216656265948041 -99 -99 -99 -99 -99 -99 -99 -99 -99
-99 1.72220090789649 -99 -99 -99 -99 -99 -99 -99 -99
0.529769950995163 -99 -99 -99 -99 -99 -99 -99 -99 -99
-99 -99 -99 -99 -99 1.72356956586378 -99 -99 -99 -99
-99 -99 -99 -99 -99 1.72569354671189 -99 -99 -99 -99
-99 -99 -99 -99 -99 -99 -99 -99 -99 -99
