-99 -99 -99 -99 -99 -99 -99 -99 -99 -99
-99 -99 0.102576920815138 -99 -99 -99 -99 -99 -99 -99
-99 -99 -99 -99 -1.39681021052525 -99 -99 -99 -99 -99
-99 -99 -99 -99 -99 -0.9565119127879 -99 -99 -99 -99
-99 -99 -99 -99 -99 -99 -2.64860777897241 -99 -99 -99
-0.520305317769338 -99 -99 -99 -99 -99 -0.117966366823353 -99 -99 -99
-99 -99 -99 -99 -99 -0.484880339054676 -99 -99 -99 -99
-99 0.34116677780207 -99 -99 -99 -99 -99 -99 -99 -99
-99 -99 -99 -99 -99 -99 -99 -99 -99 0.631191984195558
-99 -99 -99 -99 -99 -99 -99 -99 -99 -99
-99 -99 -99 -99 -99 -99 -99 -99 -99 -99
-99 -99 0.606589074790974 -99 -99 -99 -99 -99 -99 -99
-99 -99 -99 -99 -99 -99 -99 -99 -99 -99
-99 -99 -99 -99 -99 -99 -99 -99 0.854840200688276 -99
-99 -99 -99 -99 -99 -99 3.62862931080895 -99 -99 -99
-99 -99 -99 -99 -99 -99 -99 2.45279464379511 3.36728705085008 -99
-99 -99 -99 -99 -99 -99 -99 -99 -99 -99
-99 -99 -99 -99 -99 -99 -99 -99 -99 -99
-99 -99 -99 0.350695316987994 -99 -99 3.63559857162148 -99 -99 -99
-99 -99 -99 2.11484524870204 -99 -99 -99 2.81587254734414 1.52001688695634 -99
0.181945967863233 -99 -99 -99 -99 -99 -99 -99 -99 -99
-99 -99 -99 -99 -99 -99 -99 -99 -99 -99
-1.06148912608013 -99 -99 -99 -99 -99 -99 -99 1.08061109465824 -99
-99 -99 -99 -99 -99 -99 -99 -99 -99 -99
-99 -99 -99 -99 -99 -99 -99 -99 -99 -99
-99 -99 -99 -99 -99 1.74402106179479 -99 -99 -99 -99
-99 -99 -99 2.00581482829402 -99 -99 -99 -99 -99 -99
-99 -99 -99 -99 -99 -99 -99 -99 -99 -99
-99 -99 -99 -99 -99 -99 -0.366377530525994 -99 -99 -99
-99 1.65162640285425 -99 -99 -99 2.65120455451597 -99 -99 -99 -99
-99 -99 -99 -99 -99 -99 -99 -99 -99 -99
-99 -99 -2.81309861359591 -99 -99 -99 -99 -99 -1.8900827523887 -99
-0.071761088216215 -99 -99 -99 2.04220470863732 -99 -99 -99 -99 -99
-99 -99 -99 -1.06103131257465 -99 -99 -99 -99 -99 -99
-99 -99 -99 -99 -99 -99 -1.70569129377989 -99 -99 -99
-99 -99 -99 -99 -99 -99 -99 -99 -0.826773180690255 0.810023790105421
-99 -99 -99 -99 -99 -99 -99 -99 -99 -99
3.08052059872351 -99 -99 -99 -99 -99 -99 1.60661215186667 -99 2.16459651502131
-99 -99 -99 -99 -99 -99 2.19652472124254 -99 -99 -99
-99 -99 -99 -99 -99 -99 -99 -99 -99 -99
-99 -99 -99 -99 -99 -99 -99 -99 -99 -99
-0.336957123837863 -99 -99 -99 -99 0.88280988996355 -99 -99 -99 -99
-99 -99 -99 -99 -99 -99 -99 -99 -99 -99
2.37383723391639 -99 -99 -99 -99 1.5804953258688 -99 -99 -99 1.08314929392378
-99 -99 -99 2.05834905028946 2.74510784443115 -99 -99 -99 -99 3.2078424366204
-99 -99 -99 -99 -99 -99 -99 -99 -99 -0.932069910100247
-99 -99 -99 -99 -99 -99 -99 -99 -99 -99
-99 -99 -99 0.514725876198416 -99 -99 -99 -99 -99 -99
1.12907645321544 -99 -99 -99 -99 -99 -99 -99 -99 -99
4.2080676794943 -99 -99 -99 -99 -99 -99 3.82876864194292 -99 -99
-99 2.30822985355359 -99 -99 -99 -99 -99 -99 -99 -99
-99 -99 -99 -99 -99 -99 -99 1.98367420461627 -99 -99
-99 -99 -99 -99 -99 -99 0.48971158424164 -99 -99 -99
-99 -99 -99 -99 -99 0.56181633264164 -99 -99 -99 -99
-99 -99 -99 -99 -99 -99 -99 -99 -99 -99
-99 -99 -99 -99 -99 -99 -99 -99 -99 1.84507347581116
-99 -99 -99 -99 1.3062123444185 -99 -99 1.04959611701214 -99 -99
-99 -99 -99 -99 -99 -99 -99 -99 -99 -99
-99 -99 -99 -99 -99 -99 -99 -99 -99 -99
0.229632899834928 -99 -99 -99 -99 -99 -0.358515448884112 -99 -99 -99
-99 -99 -99 -99 -99 -99 -99 -99 -99 -99
-99 -99 -99 -99 -99 -99 -99 -99 -99 -99
-99 -99 0.217129041806237 0.965924187187981 -99 -99 -99 -99 -99 -99
-99 1.53192728019062 -99 -99 -99 -99 -99 -99 -99 -99
-99 -99 1.61201926781801 -99 -99 -99 0.66692612553445 -99 -99 -99
-99 -99 -99 -99 -99 -99 -99 -99 -99 -99
-99 -99 -99 -99 -99 -99 -99 -99 -99 -99
-99 -99 -99 4.6164685393021 -99 -99 -99 -99 -99 -99
-99 -99 -99 -99 -99 -99 -99 -99 -0.503363107093168 -99
0.531072835154264 -99 -99 1.88660932292871 -99 -99 -99 -99 -99 -99
-99 -99 -99 -99 -99 -99 -99 -99 -99 -99
-99 -99 -99 -99 -99 -99 -99 -99 -99 -99
-99 -99 -99 -99 -99 -99 -99 -99 -99 -99
-99 1.44488583293233 -99 3.3284810030297 -99 -99 2.91563700864781 -99 -99 -99
-99 0.225389894612103 -99 -99 -0.025764391725049 -99 -99 -99 -99 -99
-99 -99 -99 -99 -99 -99 -99 -99 -99 -99
-99 -99 -99 -99 -99 -99 -99 -99 3.83261093387567 -99
-99 -0.535856366390588 -99 -99 -99 -99 -99 -99 -99 -99
-99 0.175494086852918 2.65411272902759 -99 -99 -99 -99 -99 -99 -99
-99 -99 -99 -99 -99 -99 -99 -99 -99 2.83243656143212
-99 -99 -99 -99 -99 -99 -99 -99 -99 -99
-99 -99 3.33370582555334 -99 -99 -99 -99 -99 -99 -99
-99 0.449423485731261 -99 -99 -99 -99 -99 -99 -99 -99
-99 -99 -99 -99 -99 -99 -99 -99 -99 -99
-99 -99 -99 -99 -99 -99 -99 -99 -99 -99
-99 -99 -99 -99 -99 0.49231852144675 -99 -99 -99 -99
-99 -99 -99 -99 -99 -99 -99 -99 -99 -99
-99 -99 1.32278421832282 -99 -99 1.12670099513891 -99 -99 -99 -99
-99 -99 -99 -99 3.44027265825342 -99 -99 -99 -99 -99
-99 2.0446460046779 -99 -99 -99 -99 -99 -99 -99 -99
-99 -99 -99 -99 -99 -99 -99 -99 -99 -99
2.34624672960112 -99 -99 3.19656366794841 -99 -99 -99 -99 3.88335889354533 -99
-99 -99 -99 -99 -99 -99 -99 -99 -99 -99
-99 -99 -99 -99 -99 -99 -99 -0.621566020549257 0.511393282907306 -99
-99 -99 -99 -99 2.01677836150057 -99 -99 -99 -99 -99
-99 -99 -99 -99 -99 -0.166195636346886 0.678575503806963 -99 -99 -99
-99 -99 -99 -99 -99 -99 -99 -99 3.32920917377526 -99
-99 -99 -99 -99 -99 -99 -99 -99 -99 -99
0.924784603957712 -99 -99 -99 -99 -99 -99 -99 -99 -99
-99 -99 -99 -99 -99 -99 -99 -99 -99 -99
-99 1.0559295782235 -99 -99 -99 -99 -99 -99 -99 -99
-99 -99 -99 -99 3.44982202097507 -99 -99 -99 -99 -99
-99 -99 -99 -99 -99 -99 -99 -99 -99 -99
-99 -99 -99 -99 -99 -99 -99 -99 -99 -99
-99 -99 -99 -99 -99 -99 -99 -99 -99 -99
-99 -99 -99 -99 -99 -99 -99 -99 3.25862650391878 -99
-99 -99 0.0563369585192047 -99 -99 -99 -99 -99 -99 -99
-99 -99 -99 1.21277998503214 -0.332849176117984 -99 1.06450192575965 -1.3025609925883 0.794392920139021 -99
-99 -99 1.38995454776896 -99 -99 -99 -99 -99 -99 -99
-99 -99 -99 -99 -0.121182238544936 -99 -99 -99 -99 -1.40473698770394
-99 -99 0.924380502840955 -99 -99 -99 -99 -99 1.82596157920798 -99
-99 -99 -99 -99 -99 -99 -99 -99 -99 -99
-99 -99 -99 -99 -99 -99 -99 -99 -99 -99
-99 0.390585401577573 -99 -1.89275249522477 -99 -99 -99 -1.94716630544122 -99 -99
-99 0.493123195529109 -99 -99 -99 -99 -99 -99 -99 -99
-99 -99 -99 -99 -99 -99 -99 2.45688129330579 -99 -99
-99 -99 2.47202447358281 0.71238651307231 -99 -99 -99 -99 -99 -99
0.803744156183666 -99 -99 -99 -99 -99 -99 -99 -99 -99
-99 -0.0015585357410699 -99 2.83448215922066 -99 -99 -99 -99 -99 -99
-99 -99 -99 -99 1.88875715598946 -99 -99 -99 -99 -99
-99 -99 -99 -99 -99 -99 -99 -0.153608928033539 -99 0.220575888508894
-99 -99 -99 -99 -99 -99 -99 -99 -99 -99
-99 -99 -99 -99 -99 -99 -99 -99 -99 -99
-99 -99 -99 -99 -99 -99 -99 -99 -99 -99
-99 -99 -99 -99 -99 -99 -99 -99 1.21848953528947 -99
-99 -99 -99 -99 -99 -99 -99 -99 -99 -99
-99 2.69472185341547 -99 -99 -99 -99 -99 1.36801029051478 0.060743052068968 -99
-99 -99 -99 -99 -99 -99 -99 -99 -99 -99
1.33929167576624 -99 -99 -99 -99 -99 -99 -99 -0.76648429557209 -99
-99 -99 -0.336465321765435 1.34850761146578 -99 -99 -99 -99 -99 -99
1.98453700736473 -99 -99 -99 -99 -99 -99 -99 -99 -99
-99 -99 -99 0.779456964945485 -99 -99 -99 -99 -99 -99
-99 -99 -99 -99 -99 -99 -99 -99 -99 -99
-99 -99 -99 -99 -0.864030549085939 -99 -99 -99 0.406865352318321 -99
-99 1.25064144645072 -99 -99 -99 -99 -99 -99 -99 -99
-99 -99 -99 -99 -99 -99 -99 -99 -99 -99
-99 -99 -99 -99 -99 -1.1399505849471 -99 -99 -99 -99
-99 -99 -99 -99 -99 -99 -99 -99 -99 -99
-99 -99 -99 -99 -99 -99 -99 -99 -99 -99
-99 -99 -99 -99 -99 -99 -99 -99 -99 0.780943292166125
-99 -99 -99 -99 -99 -99 -99 -99 -99 -99
3.50477759642169 -99 -99 -99 3.73067504937504 -99 -99 -99 -99 -99
-99 -99 -99 -99 -99 -99 -99 0.928829292702713 -99 -99
-99 -99 -99 -99 -99 -99 -99 -99 -99 -99
-99 -99 -99 -99 -99 -99 -99 -99 -99 -99
-99 -99 -99 0.976555386875543 -99 -99 -99 -99 -99 -99
-99 -99 -99 -99 -99 -99 -99 -99 -99 -1.39441403644716
-1.41568996465552 -99 -99 -99 -99 -99 -99 -99 -99 -99
-99 -99 -99 -99 -99 -99 -99 -99 0.46594729886815 -99
-99 -99 -99 -99 -99 -99 -99 -99 -99 1.4285574764117
-99 -99 -99 1.14960419656528 -1.43156158348629 -99 -99 -99 -99 2.85099794597606
-99 -99 -99 -99 -99 1.20693759319774 -99 -99 -99 -99
-99 -99 -99 -99 -99 -99 -99 -99 -99 -99
-99 -99 -99 -99 -99 -1.11751238104587 -99 -99 -99 -99
-99 -99 -99 -99 -0.818702678155953 -99 1.27511784758281 -99 -99 -0.341156375119955
-99 -99 -99 -99 -99 -99 -99 -99 -99 -99
-99 -99 -99 -99 0.812435159661149 -99 -99 -99 -99 -99
-99 -99 -99 -99 -99 -99 -99 -99 -99 -99
-99 -99 -99 -99 -99 -99 -99 -99 -99 -99
-99 -99 -99 0.00451123595813385 -99 -99 -99 -99 -99 -99
-99 -99 -99 -99 -99 2.74516780208063 -99 -99 -99 -99
-0.529678064207326 -99 -99 -99 -99 -0.861059443097653 -99 -99 -99 -99
-99 -99 -99 -99 -99 -99 -99 -99 -99 -99
1.52786304370862 -99 -99 -99 -99 -99 -99 -99 -99 -99
-99 -99 -99 -99 -99 -99 -99 -99 -99 -99
-99 -99 -99 -99 -99 -99 -99 -99 -99 -99
-99 0.950119650538856 -99 -99 -99 -99 -99 -99 -99 -99
-99 -99 -99 -99 0.788112376554261 -99 -99 -99 -99 -99
-99 -99 -99 -0.360561087883776 0.903665685624034 -99 -99 -99 -99 -99
-2.17895933522297 -1.61984418701043 -0.704785439139177 -99 -99 -2.32256717607663 -99 -0.782846414580456 -99 -99
-99 -99 -99 -99 -99 -99 -99 2.28763643103506 -0.374628783186324 -99
-99 -99 -99 -99 -99 -99 -99 -99 -99 -99
-99 -99 -99 -99 -99 -99 -99 -99 -99 -99
-99 -99 -99 -99 -99 -99 -99 -99 -99 -99
1.85556228868333 -99 -99 -99 -99 2.93898911508514 -99 -99 -99 -99
-0.0393063549636881 -99 -99 -99 -99 -99 -99 -99 -99 -99
-99 -99 -99 -99 3.5588922832596 -99 -99 -99 -99 1.53596866360953
-99 -99 -99 -99 -99 -99 -99 -99 2.26756229990851 -99
-99 -99 -0.180280438155637 -99 -99 -99 -99 -99 -99 -99
-99 -99 -99 -99 -99 -99 -99 -99 -99 -0.139625925696059
-99 -99 -99 2.2224394509286 -99 -99 -99 -99 -99 -99
-99 -99 -99 -99 -99 -0.826584895695631 -99 -99 -99 -99
-99 -99 -99 -99 2.24813029872133 -99 -99 -99 -99 -99
-99 -99 -99 -99 -99 -99 -99 -99 -99 -99
-99 -99 0.836913497044856 -99 -99 -99 1.75071132379587 -99 -99 -99
-99 -99 -99 -99 -99 -99 -99 -99 -99 -99
-99 -99 -99 -99 -99 -99 -1.23163537572607 -99 -99 -99
-99 -99 -99 -99 0.982553647807539 -99 -99 -99 -99 -99
-99 -99 -99 -99 -99 -99 -99 -99 -99 1.46867020280725
-99 -99 -99 -99 -99 -99 -99 -99 -99 -0.367612478338736
-99 -99 -99 -0.232702026429927 -99 -99 -99 -99 -99 1.32669278703624
-99 -99 -99 -99 -99 0.153515177502808 -99 -99 -99 1.02469263615311
-99 -99 -99 -99 -99 1.86605576371804 -99 -99 -99 -99
-99 -99 -99 -99 -99 -99 -99 -99 -99 0.619836312695335
-99 -99 -99 -99 -99 -99 -99 -99 -99 -99
-99 -99 -99 -99 -99 -99 -99 -99 -99 1.66823565918006
-99 -99 -99 -99 -99 -99 -99 -99 -99 -99
-99 -99 -99 -99 -99 -99 -99 -99 -99 3.02583449713485
-99 -99 -99 -99 -99 -99 -99 -99 -99 -99
-99 -99 -99 -99 -99 -99 1.28415382865821 0.807490914866644 -99 -99
-0.392944573104869 -99 -99 -99 -99 -99 -0.0399435590394099 -99 -99 -99
-99 -99 -99 -99 -99 -99 -99 -99 -99 -99
-99 -99 -99 -99 -99 -99 -99 -99 0.0557726154501805 -99
-99 -99 -99 -99 -99 -99 -99 -99 -99 -99
-99 0.086217845835135 -99 -99 -99 -99 -99 -99 -99 3.29731497495828
-99 -99 -99 -99 -99 -99 3.55166998331304 -99 -99 -99
-99 -99 -99 -99 -99 -99 -99 -99 -99 -99
0.530369383541782 -99 -99 0.22155431239752 -99 -99 -99 -99 -99 -99
-99 -99 -0.362984810236401 -99 -99 -99 0.472161280347082 -99 -99 -99
-99 -99 -99 -99 -99 -99 -99 -99 -99 5.07728599712317
-0.371465848686702 -99 -99 -99 -99 -99 -99 -99 -99 -99
-99 -99 -99 -99 -99 -99 -99 -99 -2.10854798442041 -99
-99 -99 -99 -99 -99 -99 -99 -99 1.7953536295784 -99
1.40095225708271 -99 -99 -99 -99 -99 -99 -99 -99 -99
-99 -99 -99 -99 -99 -99 2.05527510126926 -99 -99 -99
-99 -99 -99 -99 -99 -99 -99 -99 -99 -99
-99 -99 -99 -99 -99 -99 -99 -99 -99 -99
-99 -99 -0.85951531496792 -99 -99 -99 -99 -99 -99 -99
-99 -99 -99 -99 -99 -99 -99 -99 -99 -99
-99 -99 -99 -99 -99 -99 1.2835260236992 -99 -99 -99
-99 -99 -99 -99 -99 -99 1.75433840098874 -99 -99 -99
-99 -99 -99 -99 -99 -99 -99 -99 -99 -99
-99 -0.246847159033861 -99 -99 -99 -99 -99 -99 -99 -99
-99 -99 -99 -99 -99 -99 -99 -99 -99 -99
-99 -99 -0.725559579530311 -99 -99 -99 -99 -99 -1.31349253169528 -0.531825267695614
-99 -99 -99 -99 -99 -99 -99 -99 4.86269264636849 -99
-99 -99 -99 -99 -99 1.16505050912086 -99 -99 -99 -99
2.31536777815149 -99 2.36513608875312 -99 -99 -99 -99 -99 -99 -99
-99 -99 -99 -99 -99 -2.02681390710775 -99 -99 -99 -99
-99 -99 1.36297784510591 -99 -99 0.592537664085684 -99 -99 -99 -99
-99 3.23551079879577 -99 -99 -99 -99 -99 -99 3.05129396311222 -99
-99 -99 0.978791763413042 -99 -99 -99 -99 -99 -99 -99
-99 -99 -99 -99 -99 -1.08717216193933 -99 -99 -99 -99
-99 -99 -99 -99 -1.61636495220731 -99 -99 -99 -99 -99
-99 -99 -99 -99 -99 -99 -99 -99 -99 -99
-99 -99 -99 -0.38692115829517 0.608110446839957 -99 -0.119720435531531 -99 -99 -99
-99 -99 -99 -99 -99 -99 -99 -99 -99 -99
-99 0.217136168530006 -99 -99 0.119576206498815 -99 -99 -99 -99 -99
-99 -99 -99 -99 -1.02762503286988 -99 -99 -99 -99 -99
-99 1.8717313369476 -99 -99 -99 2.20794226576397 -99 -99 -99 1.79906455795392
-99 -99 -99 -99 -99 -99 -99 -99 -99 -99
0.967758961173621 1.88068810818384 -99 -99 -99 -99 -99 -99 -99 -99
-99 -99 -99 -99 -99 -99 -99 -99 -99 -99
-99 -99 -99 -99 -99 -99 -99 -99 -99 -99
1.8806445182362 -99 -99 -99 -99 1.21682829003648 -99 -99 -99 -99
-99 -0.263732284718784 -1.74709991114033 -99 -99 -99 -99 -1.30429311843295 0.187988184481275 -99
-99 0.987556865827321 -99 -99 -99 -99 -99 -99 -99 -99
-99 -99 -99 -99 -99 -99 -99 -99 -0.21445130501082 -99
-99 -99 -99 -99 -99 -99 -99 -99 -99 -99
-99 -99 -99 -99 -99 0.196714177720486 -99 -99 -99 -99
-99 -99 -99 -99 -99 -99 -99 -99 -99 3.2024180761393
-99 -99 -99 -99 -99 -99 -99 -99 -0.569363138349251 -99
-99 -99 -99 -99 -99 -99 -99 -99 -99 -99
-99 -99 -99 -99 0.488094279286535 0.730531375872123 -99 -99 -99 -99
-99 -99 -99 -99 -99 -99 -99 -99 -99 -99
-99 -99 1.26784542955658 -99 -99 -99 -99 -99 1.33469670992257 -99
-99 -99 -99 -99 -99 -99 -99 -99 -99 -99
-0.44161641814223 -99 -99 -99 -99 -99 -99 -99 -99 -99
-99 -99 -99 -99 0.0272576024541424 -99 -99 -99 -99 -99
-99 -99 -99 -1.49828259599404 -0.425412961416179 -99 -99 -99 -99 -99
-99 -99 -99 -99 -99 -99 -99 -0.329286722848307 -99 -99
-99 -99 -99 -99 -99 2.74418507195524 -99 -99 -99 -99
-99 -99 -99 -99 -99 -99 -99 -99 2.29181735238973 -99
0.210231058970499 0.884258477711468 -99 -99 -99 -99 2.17459633887617 -99 -99 -99
-99 -99 2.72948796729664 -99 -99 -99 -99 -99 -99 -99
-99 -99 -99 -99 -99 -99 -99 -99 -99 -99
-99 -99 -99 0.832394450397465 0.174519419686611 -99 -99 -99 -99 -99
-99 -99 -99 -99 -99 -99 0.87644309829922 -99 -99 -99
-99 -99 -99 -99 -99 -99 -99 -99 -99 -99
-99 -99 -99 -99 -99 -99 -99 -99 -99 -99
-99 -99 -99 -99 -99 -99 -99 -99 -99 -99
-99 -99 -99 -99 1.98298389007959 -99 -99 -99 -99 -99
0.275144950354965 -99 -99 -99 -99 -99 -99 -99 -99 -99
-99 -99 -99 -99 -99 -99 -99 -99 -99 -99
-99 -99 -99 -99 -99 -99 -99 -99 -99 -99
-99 -99 -99 -99 -99 -99 -99 -99 -99 -99
-99 -99 -99 -99 -99 -99 -99 -99 -99 0.109965781890914
-99 -99 -99 -99 0.872720528152027 -99 -99 -99 -99 -99
-99 -99 -99 -99 -99 -99 -99 -99 -99 -99
-99 -99 -99 -99 -99 -0.256998786985488 -0.456515715069646 -99 -99 -99
-99 -99 -99 -99 -99 -99 -99 -99 -99 3.09824161474144
-99 -99 -99 -99 -99 -99 1.29938048767996 -99 -99 -99
-99 -99 -99 -99 -99 -99 3.40816351408377 -99 -99 -99
-99 -99 -99 -99 -99 -99 -99 -99 2.02423489796369 -99
-99 -99 -99 -99 -99 -99 -99 -99 -99 -99
-99 2.92710176753858 -99 -99 -99 -99 -99 -99 -99 -99
-99 -99 -99 -99 -99 -0.913818832233781 -99 -99 -99 -99
-99 -99 -99 -99 -99 -99 0.847620265416305 -99 -1.60623164710059 -99
2.71703497974968 -99 -99 -99 -99 -99 -99 -99 -99 -99
-99 -99 -99 -99 -99 -99 -99 -99 -99 -99
-99 -99 -99 -99 -99 -99 -99 -99 -99 -99
-99 1.92006007713423 0.921019952120425 0.872280327062717 -99 -99 -99 -99 -99 -99
-99 -99 -99 -99 2.32163236943765 -99 0.82031693842759 -99 -99 -99
2.28829987091168 -99 -99 -99 -99 -99 3.47706648197539 -99 -99 2.07285247102466
-99 -99 -99 -99 -99 -99 -99 1.00165540059585 -99 -99
-99 -99 -99 -99 -99 -99 -0.94664244513279 -99 1.13452587366458 1.57666014832905
-2.23824386613496 -1.54117569164381 -99 -99 -99 -2.27729248978728 -99 -99 -99 -99
-99 -99 -99 -99 -99 -99 -99 -99 -99 -0.58485320311891
-99 -99 -99 -99 -99 -99 -99 -99 -99 -99
-99 -99 -99 -99 -99 -99 -99 -99 -99 -99
-99 -99 2.3287883937738 1.89661707555048 -99 -99 -99 -99 -99 -99
-99 -99 -99 -99 2.13845151582434 -99 -99 -99 2.01569554265981 -99
-99 -99 -99 -99 2.98387338622013 -99 -99 -99 -99 -99
-99 -99 -99 -99 -0.506737381088688 -99 0.374820550335718 -99 -99 -99
-99 -99 -99 -99 -99 -99 -99 -99 -99 -99
-99 -99 -99 -99 2.29798025384054 -99 -99 -99 -99 -99
0.643227542861996 -99 -99 -99 -99 -99 -99 -99 -99 -99
-99 -99 -99 -99 -99 -99 -99 -99 -99 -99
-99 -99 -99 -99 -99 -99 1.63071934187248 -99 -99 -99
-99 -99 -99 -99 -99 -99 -99 -99 4.59866283893318 -99
-99 -99 -99 -99 -99 -99 -99 -99 -99 -99
-99 -99 -99 -99 -99 -99 -99 -99 -99 -99
-99 -99 -99 -99 -99 -99 -99 -99 -99 -99
-99 -99 -99 -99 -99 -99 -99 -99 -99 -99
-1.19646663350522 -99 -99 -99 -99 -99 -99 -99 -99 -99
-99 -99 3.31262673765905 -99 -99 -99 -99 -99 -99 -99
-99 -99 -99 -99 0.56865155243123 -99 -99 0.94356599752307 -99 -99
-99 -99 -99 -99 -99 -99 -99 1.85341221575806 0.6426174848325 -99
-99 -99 -99 -99 -99 -99 -99 -99 -99 -99
-99 2.23218836060889 -99 -99 -99 -99 -99 -99 -99 -99
-99 -99 -99 -99 -99 -99 2.34169014428901 0.519363056088722 -99 -99
-99 -99 -99 -99 -99 -99 -0.295094027504179 -99 -99 -99
-99 -99 -99 -99 -99 -99 -99 -99 -99 -99
-99 -99 -99 0.173963184475536 -99 -99 -99 -99 -99 -99
-99 -99 0.355026238864387 -99 -99 -99 -99 1.32496358836542 -99 -99
-99 -99 -99 -99 -99 -99 -99 -99 -99 -99
-99 -99 -99 -99 -99 -99 3.17546145523818 -99 -99 -99
-99 -99 -99 0.849362750975631 -99 -99 -99 -99 -99 -99
-99 -99 -99 -99 -99 -99 -99 -99 -99 -99
-99 -99 -99 0.652848603848944 -99 -99 -99 0.178065072291879 1.56416470170057 -99
-99 -99 -99 1.28702725975003 -0.353357001465936 -99 -99 -99 -99 0.665394546548036
-99 -99 -99 -99 -99 -99 -99 -99 -99 -99
-99 1.37395868547518 -99 -99 2.75795256704036 0.927716131742364 -99 1.6130538173965 -99 -99
-99 -99 -99 -99 -99 -99 -99 -99 -99 -99
-99 -99 -99 -99 1.21520606633837 -99 -99 -99 -99 -99
2.25560086782978 0.600834114431632 -99 -99 -99 -99 -99 -99 -99 -99
-99 -99 -99 -99 -99 -99 -99 -99 -99 -99
-99 -99 -99 -99 -99 -99 -99 -99 -99 -99
-99 -99 -99 -99 -99 -99 -99 -99 -99 -99
-99 -99 -99 -99 -99 -99 -99 0.224624680428931 1.91777549273728 -99
-99 -99 -99 -99 -99 -99 -99 -99 -99 -99
-99 3.40601625544377 -99 -99 -99 -99 -99 -99 -99 -99
-99 -99 -99 0.176187520160383 -99 -99 -99 -99 -99 -99
-99 -99 -99 -99 -99 -99 -99 -99 -1.40787663501153 -99
-99 -99 -99 -99 -99 -99 -99 -99 -99 -99
-99 -99 -99 -99 -1.01682861227921 0.991633183832661 -99 -99 1.82916175848688 -99
-99 -99 -99 -99 -99 -99 -99 -99 0.000751061040544676 -99
2.43115697845174 -99 -99 2.2794815932238 -99 -99 -99 -99 -99 -99
-99 -99 -99 -99 1.24336695824307 -99 -99 -99 -99 -99
-99 -99 -99 -99 0.997015544251169 -99 -99 -99 -99 -99
-99 -99 -99 -99 -99 -99 -99 -99 -99 -99
-99 -99 -99 -99 -99 -99 -99 -99 -99 -99
-99 -99 -99 -0.978785497066002 -99 -99 -99 -99 0.757189115038448 -99
-99 -99 -99 -99 -99 -99 3.58798565448365 -99 -99 -99
-99 -99 -99 -99 -99 -99 -99 -99 -99 -1.14792354453283
-99 -99 -99 -99 -99 -99 -99 -99 -99 -99
-99 -99 -99 -99 -99 -99 1.87677127792152 -99 -99 -99
-99 -99 -99 -99 -99 1.22573754094611 -99 -99 -99 -99
-99 3.13316276024675 -99 -99 -99 -99 -99 -99 -99 -99
-99 4.56358585916801 -99 -99 3.78221849652517 2.01934163126411 -99 -99 2.25578848969866 -99
-99 -99 -99 -99 2.61979940167504 2.82672100382841 -99 -99 3.16509500031712 -99
4.28602134266262 -99 -99 -99 -99 -99 -99 2.782839953937 -99 -99
-99 -99 -99 -99 3.35445952257512 -99 -99 -99 -99 -99
2.75003843208273 -99 -99 -99 -99 -99 -99 -99 -99 -99
-99 -99 -99 -99 -99 -99 1.30035094321192 -99 -99 -99
-99 -99 -99 1.31468186027991 -0.604010398414202 -99 -99 -99 -99 -99
-99 -99 -99 -3.12627507358536 -99 -99 -99 -99 -99 -99
-99 -99 -99 -99 -99 -99 -99 -99 -0.609044328118668 -99
-99 -99 2.1939553997831 -99 -99 -99 -99 -99 -99 -99
-99 -99 -99 -99 -99 -99 -99 -99 -99 -99
-99 -99 -99 -99 -99 -99 -99 -99 -99 1.93574908121419
-99 -99 -99 0.871809309392645 2.17831881789324 0.453105196184456 -99 -99 -99 -99
-99 -99 0.456752665985515 -99 -99 -99 -99 -99 -99 -99
-99 -99 -99 -99 -99 -99 -99 -99 -99 -99
-99 -99 -99 -99 -99 -99 -99 0.298290262737141 -1.76247322195963 -99
-99 -99 -99 -99 -99 -99 -99 -99 -99 -99
-99 -99 -99 -99 -99 -99 -99 -99 -99 -99
-99 -99 -99 -99 -99 2.6729634215537 1.08763968666159 -99 -99 -99
-99 -99 -99 -99 -99 -99 -99 -99 -99 -99
-99 0.0861721213308894 -99 -99 -99 -99 0.311870038753345 2.47347459221608 -99 -99
-99 -99 0.747399260938008 -99 -99 -99 -0.183473449605894 -99 -99 -99
-99 -99 -99 -99 -99 -99 -99 -99 -99 -99
-99 -99 -99 -99 -99 -99 -99 -99 -99 -99
-99 -99 -99 -99 -99 -99 -1.97357684582316 -99 -99 -99
-99 -99 0.514051326643398 -99 -99 -99 -99 -99 -99 -99
-99 -99 -99 -99 -99 -99 -99 -99 -99 -99
-99 2.28677881497275 -99 -99 -99 -99 -99 -99 -99 -99
-99 -99 -99 -99 -99 -99 -99 0.0575920461797982 -99 0.808447513580119
-99 -99 -99 -99 -99 -99 0.391758517337224 -99 -99 -99
-99 -99 -99 -99 -99 -99 1.46126150870208 -99 -99 -99
-0.0178157924238578 -1.16789758805571 -99 -99 -99 0.211620057133418 -99 -99 -99 -99
-99 -99 -99 -99 -99 -99 -99 -99 0.53548006688349 -99
-99 -99 -99 -99 -99 -99 -99 -99 -99 -99
-99 -99 -99 -99 -99 -99 -99 -99 -99 -99
-99 -99 -99 -99 -99 -99 -99 -99 -99 -99
-99 -99 -99 -99 -99 -99 -99 -1.14360621899295 -99 -99
-99 -99 -99 -99 -1.50817851720651 -99 -99 -99 -99 -99
-99 4.31324362981233 -99 -99 -99 -99 -99 -99 -99 -99
0.531446382901162 -99 -99 -99 -99 -0.321574793014728 -99 -99 -99 -99
2.14834752987137 -99 -99 -0.220173968373077 -99 -99 -99 0.0235844279113393 -99 -99
-99 -99 -99 -99 -99 -99 -99 -99 -99 -99
-99 -99 -99 -99 -99 -99 -99 -99 -99 -99
-99 -99 0.522939211917762 -99 -99 -99 -99 -99 -99 -99
-99 -99 -99 -99 -99 -99 -99 -99 -99 -99
-99 -99 -99 -99 -99 -99 -99 -99 -99 -99
-99 -99 -99 -99 1.09842428774821 -99 -99 -99 -99 -99
-99 -99 -99 -99 -99 -99 -99 -99 -99 -99
-99 -99 -99 -99 -99 -99 -99 -99 -99 -99
-99 -99 -99 -99 -99 -99 -99 -99 -99 -99
-99 -0.937789429281983 -2.68021196865912 1.80965666174604 -99 -99 -99 -99 -99 -99
-99 -99 -99 -99 -99 -99 -99 -99 -99 -99
-99 -99 -99 -99 -99 -99 3.01049820093559 2.13515963694878 -99 -99
-99 -99 -99 -99 -99 -99 -99 -99 -99 -99
-99 -99 -99 -99 -99 1.03903041696683 -99 -99 -99 -99
-99 -99 -99 -1.44097807631219 -99 -99 -99 -99 -99 -99
-99 -99 0.461577634579004 -99 -99 -99 -99 -99 -99 2.55508542984372
-99 -99 -99 -99 -99 -99 -99 -99 -99 -99
-99 -99 -99 -99 -99 -99 -99 -99 0.256618026862172 -99
-99 -99 -99 0.0395975271901247 -99 -99 -99 -99 1.08981579021063 -99
-99 -99 -99 -99 -99 -99 -99 -99 -99 2.88817528200855
-99 -99 -99 -99 -99 -99 -99 -99 -99 -99
-99 -99 -99 -99 -99 -99 -99 -99 -99 -99
-99 -99 -99 -99 -99 1.37984623652027 -99 -99 -99 -99
-99 -99 -99 -99 4.15539117041791 -99 -99 -99 -0.637149932725319 -99
-99 -99 -99 -99 -99 -99 -99 -99 -99 -99
-99 -99 -99 -99 -99 -99 -99 -99 -99 -99
2.9189551777534 -99 -99 -99 -99 -99 -99 -99 -99 -99
-99 -99 -99 1.97426793369159 -99 -99 -99 -99 -99 -99
-99 -99 -99 -99 -99 -99 -99 1.80161269203149 -99 -99
0.581543607474663 -99 -99 -99 -99 -99 -99 -99 1.04339032902424 -99
-99 -99 -99 -99 -99 -99 0.854550902913542 -99 -99 -99
-99 -99 -99 -99 3.25838994080952 -99 -99 -99 -99 -99
-99 -99 -99 -99 -99 -99 -99 -99 -99 -99
-99 -99 -99 -99 -99 -99 -99 -99 -99 -99
-99 2.49431581893426 -99 -99 -99 4.31528312584009 -99 -99 -99 -99
-99 -99 -99 -99 -99 -99 -99 -99 -99 -99
-99 -99 -99 -99 -99 -99 -99 -0.526311673588839 -99 -99
-99 -99 -99 -99 -99 -99 -99 -99 -99 -99
-99 -99 -99 2.01680115340962 -99 -99 -99 0.986144930007361 -99 -99
-99 -99 -99 -99 -99 -99 -99 -99 -99 -99
-99 -99 -99 -99 -99 1.85083948589295 -99 -99 -99 -99
-99 -99 -0.42167857164669 -99 0.663251516005475 -99 -99 -99 -99 -99
-99 -99 -99 -99 -99 -99 -99 -99 -99 -99
-99 -99 -99 -99 -99 -99 -99 -99 -99 -99
5.03627836377078 4.02346802512779 -99 -99 -99 -99 -99 -99 -99 -99
-99 -99 -99 -99 -99 -99 -0.930307941477466 -99 -99 -99
-99 -99 -99 -99 -99 -99 -99 -99 -99 -99
-99 4.38683979496629 -99 -99 -99 -99 -99 -99 -99 4.17350629627567
-99 -99 0.033128994048448 -99 -99 -99 -99 -99 2.30889353474173 -99
-99 0.769770084065403 -99 -99 0.71314640026385 -99 -99 -99 -99 -99
-99 -99 -99 0.984848992958011 -99 -99 -99 -99 -99 -99
-99 -99 -99 -99 -99 0.870430450346127 -99 -99 -99 -99
-99 -99 -99 -99 -99 -99 -99 -99 -99 -99
-99 -99 -99 -99 -99 -99 -99 -99 -99 -99
-99 -99 -99 -99 -99 -99 -99 1.75719106490888 -99 1.15596945995635
-99 -99 -99 -99 -99 -1.34679936254205 -99 -99 -99 -99
-99 -99 -99 -99 -99 -99 -99 -99 -99 2.25526422355248
-99 -99 -99 -99 -99 -99 -99 -99 -99 -99
-99 -99 1.48285668602899 -99 -99 -99 -99 -99 -99 -99
-99 -99 -99 -99 -99 0.490445922779706 -99 -99 0.844378375982828 -99
-99 -99 -99 -99 -99 2.38719666743838 -99 -99 -99 -99
1.8208134238917 -99 -99 -99 -99 -99 3.10316384130179 -99 -99 -99
0.215873379435037 -99 -99 -99 -99 -99 -99 -99 -99 -99
-99 -99 -99 -99 -99 -99 0.327098414350938 -99 -99 -99
-99 3.32809414021828 -99 -99 -99 -99 -99 1.49134801331463 -99 -99
-99 -99 -99 -99 0.992115725390336 1.72601722846772 1.61601937106724 -99 -99 -99
-99 -99 0.149097877739124 -99 -99 -99 -99 -99 -99 -99
-99 -99 -99 -99 -99 -99 -99 -99 -99 -99
2.07893722606037 -99 -99 -99 -99 -99 -99 1.20549205085709 -99 -99
-99 -99 -99 -99 -99 -99 -99 -99 -99 -99
-99 -99 -99 -99 -99 -99 -99 -99 -99 -99
-99 0.459083535094319 -99 0.884481885294131 -99 -99 -99 -99 -99 -99
-99 -99 -99 0.324786466904451 -99 -99 1.1021644989909 -99 -99 -99
-1.00539730748381 -99 -99 -99 -99 -99 -99 -99 -99 -99
-99 -99 -99 -99 -99 -99 -99 -99 -99 -99
-99 -99 -99 -99 -99 -99 -99 0.42393872775254 -99 -99
-99 -99 -99 -99 -99 0.732697968245147 -99 -99 -99 -99
-99 -99 -99 -99 3.66324222994896 -99 -99 -99 -99 -99
-99 1.74809389912843 2.06888758893071 -99 -99 -99 -99 -99 -99 -99
-99 -99 -99 -99 -99 -99 -99 -99 -99 -99
-99 -99 -99 -99 -99 -99 -99 -99 -99 -99
-99 -99 -99 -99 -99 -99 -99 0.584220380510148 -99 -99
0.653423896848418 -99 -99 -99 0.20232183824844 -99 -99 -99 -99 -0.587329447298169
-99 -99 -99 -99 -99 -99 -99 -99 -99 -99
-99 -99 -99 -99 -99 -99 -99 -99 -99 -99
-99 -99 -99 -99 -99 -99 -99 0.129081039511669 -99 -99
-1.13386010562116 -99 -99 -99 0.00823991898111265 -99 -99 -99 -99 -99
-99 -99 -99 -99 -99 1.59202108840972 -99 -99 -99 -99
-99 -99 -99 -99 0.835617579258235 0.933840488220325 -99 -99 0.269055656117163 -99
-99 -99 -99 -99 -1.85910722711804 -99 -1.22898245774283 -99 -99 -99
-99 -99 -99 -99 -99 -99 -99 -99 -99 -99
-99 -99 -99 -99 -99 -99 -99 -99 -99 -99
-99 1.20804939839169 -99 -99 2.25064152624698 1.25799222031409 -99 1.0927357487295 0.862503251400953 2.10761873644696
-99 -99 0.611532830787422 -99 -99 -99 -99 -99 2.25127587610968 -99
-99 -99 -99 -99 -99 -99 -99 -99 -99 -99
-99 -99 -1.40513688800866 -99 -99 1.07664227841861 -99 -99 -99 -99
2.01749316053528 -99 -99 -99 -99 -99 -99 2.27655669994472 -99 2.88782165000182
-99 -99 1.50792962948635 -99 -99 3.4197477215982 -99 -99 -99 -99
-99 -99 -99 -99 -99 -0.827840625001884 0.0465954854325394 -99 -99 -99
-99 -99 -99 -99 -99 -99 -99 -99 -99 2.31892552667248
0.0713633281882192 -99 -99 -1.00233786388957 -99 -99 -99 0.123555128512787 -99 -99
-99 1.04489802320976 -99 -99 2.58436034065151 1.19463077757854 -99 -99 -99 -99
4.657454437637 -99 -99 -99 -99 1.32310465086203 4.00063185768876 -99 -99 -99
-99 -99 -99 -99 -99 -99 -99 -99 -99 -99
-99 -99 -99 -99 -99 -99 -99 -99 -99 -99
-99 -99 -99 -99 -99 -99 -99 -99 -99 -99
-99 -2.05290981948373 -99 -99 -99 -99 -99 -99 -99 -99
-99 -99 -99 -99 -99 -99 -99 -99 -99 -99
-99 -99 -99 0.134802299503802 -99 -99 -99 -99 -99 -99
-99 -99 -99 -99 -99 -99 -99 -99 -99 -99
-99 -99 -99 -99 -0.0374728060013423 -99 -99 -99 -99 -0.429310477885279
-99 -99 -99 -99 -99 -99 -99 -99 -99 -99
-99 -99 -99 -99 -99 -99 -99 -99 -99 -99
-99 -99 -99 -99 -99 0.430404381273605 1.245446161013 -99 -99 -99
-99 -99 -99 -99 -99 -99 -99 -99 -99 -99
-99 -99 -99 -99 -99 -99 -99 -99 -99 -99
-1.3114692700767 -99 -99 -99 2.0644847480898 -99 -99 -99 -99 -99
-99 -99 -99 -99 -99 -99 -99 -99 -99 -99
-99 -99 -99 -99 -99 -99 -99 -99 -99 -99
-99 -99 -99 -99 -99 -99 -99 -99 -99 0.769903047713056
1.91141592768454 -99 1.3118077875194 -99 -99 -99 1.6390739279616 -99 -99 -99
3.57456853704114 -99 -99 -99 -99 -99 -99 -99 -99 -99
-99 -99 -99 -99 -99 -99 -99 -99 -99 -99
-99 -0.91332126301357 -99 -0.894494643269238 -99 -99 -99 -99 -99 -99
-99 -99 -99 0.776990915901913 -99 -99 -99 -99 -99 -99
-99 -99 -99 -99 -99 -99 -99 -99 -99 1.45045737028297
0.974976090696654 -99 -99 -99 -99 -99 -99 -99 -99 -99
-99 -99 -99 -99 -99 -99 -99 -99 -99 -99
-99 -99 -99 -99 -99 -99 -99 -99 -99 -99
-99 0.286767524933535 -0.256531261111841 -99 -99 0.697798393731835 -99 -99 -99 -99
-99 -99 -99 -99 -99 -99 -99 -99 -99 -99
-1.57959932752583 -99 -99 -99 -99 -99 -99 -99 -99 -99
-99 1.27246079808291 -99 -99 -99 -99 -99 -99 -99 -99
1.89887294783946 2.66504138570998 1.52746317496827 -99 -99 4.05267624458545 -99 -99 -99 -99
-99 -99 1.06512331609354 1.32128295191877 -99 2.14568489379843 -99 -99 -99 -99
-99 -99 -99 2.30458159772437 -99 -99 -99 -99 -99 -99
-99 -99 -99 -99 -99 -99 2.3368824711604 -99 -99 -99
-99 -99 -99 -99 -99 -99 -99 -99 -99 -99
-99 -99 1.51180619156664 -99 -99 -99 -99 -99 -99 -99
-99 -99 -99 -99 -99 4.2311167309507 -99 -99 -99 -99
-99 -99 -99 -2.61537886784542 -99 -2.20571553734647 -99 -99 -2.80514094946204 -99
-99 -0.429627008771865 -99 -99 -99 -99 -99 -99 1.7077072208877 -99
-99 -99 -99 -99 0.232746112842572 1.37588822138781 1.23844738554618 -0.0813524507639449 -99 -99
-99 -99 -99 -99 -99 -99 -99 -99 -0.87480239106961 -99
-99 -99 -99 -99 -99 -99 -99 -99 -99 -99
-99 -99 -99 -99 -99 2.47434734217927 -99 -99 -99 -99
1.81229411796977 -99 1.60944524327452 -99 -99 -99 -99 -99 -99 -99
-99 -99 -99 -99 -99 -99 -99 0.742961159443738 -99 -99
-99 -99 -99 -99 -99 -99 -99 -99 -99 0.0383227118354832
-99 -99 -99 -99 -99 -99 -99 -99 -99 -99
-99 -99 -99 -99 -99 -99 -99 3.501414287812 -99 -99
-99 -99 -99 -99 -99 -99 -99 -99 -99 -99
-99 -99 -99 -99 -99 -99 -99 -99 -99 -99
-99 -99 -99 -99 -99 -99 -99 -99 -99 -99
0.175012411739081 -99 -99 -99 -99 -99 -99 -99 -99 -99
1.73816763356511 -99 2.03808334050115 0.552833614137615 -99 -99 -99 0.406470484797202 -99 -99
-99 1.20087495723425 -99 -99 -99 -99 -99 -99 -99 -99
-99 -99 -99 -99 -99 -99 -99 -99 -99 -99
-99 -99 -99 -99 -99 -99 -99 -99 -99 -99
-99 -99 -99 -99 2.81526309877346 -99 -99 -99 -99 -99
-99 -99 -99 -99 -99 -99 -99 -99 -99 -99
-99 -99 -99 -99 -99 -99 -99 -99 -99 -99
-99 -99 -99 -99 -99 -99 -99 0.275052492162044 -99 -99
-99 -99 -99 -99 -99 -99 -99 -99 -99 -99
0.352121120163111 -99 -99 0.286024236512986 -99 -99 -99 -99 -99 -99
-99 -99 -99 -99 -99 -99 -99 -99 -99 -99
-99 -99 -99 -99 -99 -99 -99 4.26411076780607 -99 -99
-99 -99 2.6190482435103 -99 -99 -99 -99 -99 -99 -99
-99 -99 -99 -99 -99 -99 -99 -99 -99 -99
-99 -99 -99 -99 -99 2.16673520297466 -99 0.806983972917901 -99 -99
-99 -99 -99 -99 -99 -99 -99 1.88740610378705 -99 -99
-99 -99 -99 -99 -99 -99 -99 1.55056972575586 -99 -99
-99 -99 -99 -99 -99 -99 -99 -99 -99 -99
3.73102514647323 -99 -99 -99 -99 -99 -99 -99 2.13301344094752 -99
-99 -99 -99 -99 -99 -99 -99 -99 -99 -2.99101341110998
-99 -99 -99 -99 -99 -99 -0.901187247445363 -99 -99 -0.576028041783358
-0.943432082114382 -99 -99 -99 -99 -99 -99 -99 -1.3443915953059 -99
-99 -99 -99 -99 -99 -99 -99 -99 -99 -99
-99 -99 -99 -99 -99 -99 -99 -99 -99 -99
0.29479834079359 -99 -99 -3.31970489813625 -99 -99 -99 -99 -99 -99
-99 -0.583008192591696 -99 0.00157965185794018 -99 -99 -99 -99 -99 -99
-99 -99 -99 -99 -99 -99 -99 -99 -99 -99
-99 -99 -99 0.0457195577624873 -99 -99 -99 -99 -99 -99
-99 0.932095906195097 -99 -99 -99 -99 -99 -99 -99 -99
-99 -99 -99 -99 -99 -99 -99 -99 -99 -99
-99 -99 -99 -0.690007061934477 -99 1.07944518440401 -99 -99 -99 -99
-99 -99 -99 2.01197956375566 1.07960480944082 3.87763631444095 -99 -99 -99 -99
-99 -99 -99 -99 -99 -99 -99 -99 -99 -99
-99 -99 -99 -99 -99 -99 -99 -99 -99 -99
-99 -99 -99 -99 -99 -99 -99 -99 -99 -99
-99 -99 -99 -99 -99 -99 -99 2.22018023366162 -99 -99
-99 -99 2.55913664835244 -99 -99 -99 -99 -99 -99 1.88090227208677
-99 1.33314364979782 -99 -99 -99 -99 -99 -99 -99 -99
-99 -99 -99 -99 -99 0.537869432814826 -99 -99 -99 1.0312977547267
-99 -99 1.17345989488471 -99 -99 -99 -99 -99 1.8808389081599 -99
2.36350797172069 0.860131296858631 -99 -99 -99 -99 -99 -99 -1.06966714707009 -99
-99 -99 -99 -99 -99 -99 -99 0.729449969309361 -99 -99
-99 -99 -99 -99 -99 -99 -99 -99 -99 -99
-99 -99 -99 -99 -99 -99 -99 -99 -99 -99
-99 -99 -99 -99 -99 -99 -0.526975197288051 0.94805801648813 1.04334709142008 -0.847816787721616
-99 -99 -99 -99 -99 -0.168063988922967 -99 -99 -99 -99
-99 -99 -99 2.63865341020974 -99 -99 -99 -99 2.11426672466194 -99
0.519893322850123 2.83863644692511 4.07966067032398 -99 -99 -99 -99 -99 -99 -99
-99 -99 -0.156991897933831 -99 -99 -99 0.505718526684777 -99 -99 1.85526831991098
-99 -99 -99 -99 -99 -99 -99 -99 -99 -99
-99 -99 -99 -99 -99 -99 -99 -99 -99 -99
0.0962604506762237 -99 -99 -99 -99 -99 -99 -1.82862553937591 -99 -99
-99 -99 -99 -99 -99 1.53849444476034 -99 1.23294034372661 -99 1.45740571720319
-99 -99 -99 -99 -99 -99 -99 -99 -99 -99
-99 -99 -99 -99 -99 2.95827680134413 -99 -99 -99 -99
2.62259664745833 -99 -99 -99 -99 -99 -99 -99 -99 -99
-99 -99 -99 -99 -99 -99 -99 -99 -99 -99
-99 -99 -99 4.17404174284596 -99 -99 -99 -99 -99 -99
-99 -99 -99 1.63242642885013 -99 -99 -99 -99 -99 -99
-99 1.92126863339416 -99 -99 -99 -99 -99 -99 0.616526687842642 -99
-99 -99 -99 -99 -99 -99 -99 -99 -99 -99
-99 -99 -99 -99 -99 -99 -99 -99 -99 -99
-99 -99 -99 2.67179550743096 -99 -99 -99 -99 -99 -99
-99 -99 3.75317778097583 -99 -99 -99 -99 -99 -99 -99
-99 -99 -99 -2.05278302224396 -99 -99 -99 -99 -99 -99
-99 -99 -99 -99 -99 -99 -99 -99 -99 -99
-99 -99 -99 -99 -99 -99 -99 -99 -99 -99
-99 -99 -99 -99 -99 -99 -99 0.897113804488745 -99 -99
-99 -99 -99 -99 -99 -99 -99 -99 -99 -99
-99 -99 -99 -99 -99 -99 -99 -99 -99 -99
-99 -99 3.53388461334211 -99 2.27589494944589 -99 -99 -99 -99 -99
-99 -99 -99 -99 -99 -99 -99 -99 -99 -99
-99 -99 -99 -99 -99 -99 -99 -99 1.25536192563106 -99
-99 -99 -99 -99 -99 -99 -99 -99 -99 0.415621660637871
-99 -99 -99 -99 -99 -99 -99 -99 -99 -99
-99 -99 -99 -99 -99 -99 -99 -99 -99 -99
-99 -99 -99 -99 -99 -99 -99 -99 -99 -99
-99 -99 -99 -99 -99 -99 -99 -99 -99 0.297316243790794
-99 -99 -99 -99 -99 -99 -99 -99 -99 -99
-99 -99 0.154912891740045 -99 -99 -1.00401717902204 -1.27913001299072 -99 -99 -99
-99 -99 -99 -99 -99 0.315864305897733 -99 -99 -99 -99
-99 -99 -99 -99 -99 -99 -99 -99 -99 -99
-99 -99 -99 -99 -99 -99 -99 -99 2.51222897111338 -99
-99 -0.37818194534085 -99 -99 -99 -99 -99 -99 -99 -99
-99 -99 -99 -99 -99 -99 -99 -99 -99 -99
-0.145529560055297 -99 -99 -99 -99 0.901669227458633 -99 -99 -99 -99
-99 -99 -99 -99 -99 -99 0.607270549813894 -0.490428172721268 -99 -99
-99 -99 -99 -0.508738588990219 -99 -99 -99 -99 -99 -99
-1.47763441262759 -99 -99 -99 -99 -99 -99 -99 1.4263447367363 -99
-99 -99 -99 -99 -99 -99 1.24741323074326 -99 -99 1.79225612141378
-99 -99 -99 -99 -99 -1.10734205018824 -99 -99 0.399274829593134 0.517527219431226
-99 -99 -99 -99 -99 -99 -99 -99 -99 -99
-0.721115375462266 -99 -99 -99 -99 -99 -99 -99 0.58676266769392 -0.156714780145258
-99 -99 -99 1.53540083105988 -99 -99 -99 -99 -99 -99
-99 -99 -99 -99 -99 -99 0.176856736217995 -99 -99 1.36871945458617
-99 -99 -99 -99 -99 -99 -99 -99 -99 -99
-99 -99 -99 -99 -99 -99 0.239049867624104 -99 -99 -0.649255554893053
-99 -99 -99 -99 -99 -99 -99 -99 -99 -2.97151898090851
-99 -99 -99 -99 -99 -99 -99 -99 -99 -99
-99 -0.0387979867102779 -99 0.273216918762145 -99 -99 -99 -99 -99 -99
-2.00316955784045 -99 -99 -99 -99 -99 -99 -99 -99 -99
-99 -99 -99 -99 -99 3.31916007204651 -99 -99 -99 -99
-99 -99 -99 -99 -99 -99 -99 -99 -99 -99
-99 -99 -99 -99 -99 -99 -99 -99 -99 -99
-0.459926757257444 -99 -99 -99 -99 -99 -99 -99 -99 -99
-99 -99 -99 -99 -99 -99 -99 -99 -99 2.22646968453834
-99 -99 -99 -99 -99 -99 -99 -99 0.658450775920322 -99
-99 -99 -99 -99 0.192025424853673 -99 -99 -99 -99 -99
-99 -99 -99 -99 -99 1.95492839992193 -99 1.02204474833831 -99 -99
2.23344696425753 -99 -99 -99 -99 -99 -99 -99 -99 -99
-99 -99 -99 -99 -99 -99 -99 -99 -99 -99
-99 1.61600449940835 -99 -99 -99 -99 -99 -99 -99 1.31565279539411
-99 -0.636439239682803 -99 -99 -99 -99 -99 -99 -99 -99
-99 -99 0.693029170071675 1.80559436316776 0.000871360330102933 -99 -99 -99 -99 -99
1.90871387693959 -99 -99 -99 -99 -99 -99 -99 -99 -99
-99 -99 -99 -99 -99 -99 -99 -99 2.23700966406779 3.19597379083567
-99 -99 -99 -99 0.850257801274066 -99 -99 -99 -99 0.362495468084303
-99 -99 -99 -99 -99 -99 -99 -99 -99 0.887272124389182
-99 -99 -99 -99 -99 -99 1.91476441300855 -99 -99 -99
-99 -99 -99 -99 -99 -99 -99 -99 -99 0.870495695281588
-99 -99 -99 -99 -99 -99 -99 -99 -99 -99
-99 -99 -99 -99 -99 -99 -99 -99 -99 -99
-99 -99 -99 -99 -99 -99 -99 -99 -99 -99
-99 -99 -99 -99 -99 -99 -99 -99 -99 -99
1.905435844891 -99 -99 4.77264428434557 -99 -99 -99 -99 0.665420387184996 2.76069305351966
-99 -99 -99 -99 -99 -99 0.544252877566896 -99 -99 -99
-99 -99 -99 -99 -99 -99 -99 -99 -99 2.30883215937726
-99 -99 -99 -99 -99 -99 -99 -99 -99 2.68225363856257
-99 -99 -99 -0.753586736307396 -99 -99 -99 -99 -99 -0.143121990523972
-99 -99 -99 -99 -99 -99 -99 -99 1.73795221319529 -99
-99 -99 -99 -99 -99 -99 -99 -99 -99 -99
-99 -99 -99 -99 -99 -99 -99 -99 -99 1.41544639533963
-99 -99 -99 -99 -99 -99 -99 2.04441611107832 -99 -99
-99 2.84997551926394 -99 -99 -99 -99 -99 -99 -99 -99
-99 -99 -99 -99 -99 -99 -99 -99 -99 -99
-99 -99 -0.670955599567972 -99 -99 -99 -99 -99 0.648069511610717 -99
-99 -99 -99 -99 -99 -99 -99 -99 -99 -99
-99 3.52563904731412 -99 -99 -99 -99 -99 -99 -99 -99
-99 3.35276522366521 -99 -99 -99 -99 -99 -99 -99 -99
-99 -99 2.23868669746645 -99 -99 -99 -99 1.94349749570623 -99 -99
1.39442020794047 -99 -99 -99 -99 2.15335026097339 -99 -99 -99 1.93628421391809
-99 2.18942103652229 -99 -99 -99 -99 -99 -99 -99 -99
-99 -99 -99 2.79185654763087 3.72995761930257 -99 2.65129422429129 2.59149318869484 -99 -99
-99 -99 -99 -99 -99 -99 -99 -99 -99 -99
-99 -99 -99 -99 -99 -99 -99 -99 -99 -0.688423389880583
-99 -99 -99 -99 -99 1.05590007538854 -99 -99 1.13781364754997 -99
-99 -99 -99 -99 -99 -99 -99 -99 -99 -99
-99 -99 -99 2.24079581720976 -99 -99 -99 -99 -99 -99
-99 -99 -99 -99 -99 -99 -99 -99 -99 -99
-99 -99 -99 -99 -99 -99 -99 -99 -99 -99
-99 -99 1.47385874419172 -99 -99 -99 -99 -99 -99 -99
-99 -99 -99 0.206070458456906 -99 -99 1.15745327046395 -99 -99 -99
-99 -99 -99 -99 -99 -99 -99 -99 -99 -99
-99 -0.741747242916851 -99 -99 0.21054332187003 -99 -99 -99 -99 -99
-99 -99 -99 -99 -99 -99 -99 -99 -99 -99
-99 -99 -99 -99 -99 -99 -99 -99 -99 -99
-99 -99 -99 -99 -99 -99 -99 -99 -99 -99
-99 -99 -0.310743732618557 -99 -99 -99 -99 -99 -99 -99
-99 -99 -99 -99 -99 -99 1.47968669691058 -99 -99 -99
-99 2.61175237414168 -99 -99 -99 -99 -99 -99 -99 -99
-99 -99 -99 -99 -99 -99 -99 -99 3.11437500436377 -99
-99 -99 -99 -99 -99 -99 -99 -99 -99 -99
-99 -99 -99 -99 -99 -99 -99 -99 -99 -99
-99 -99 -99 -99 0.658405844888667 -99 -99 -99 -99 -99
-99 -99 -99 1.72393990020441 1.67574801664535 -1.20393229737956 -99 -99 -99 -99
2.68115263530909 -99 -99 -99 -99 -99 -99 -99 -99 -99
-99 -99 -99 -99 -99 -99 -99 -99 -99 -99
1.72568912914831 -99 -99 -0.885149997206272 -99 -99 -99 -99 -99 -99
-99 -99 1.32933633789526 -99 -99 -99 -99 -99 1.09253106167577 -99
-99 -99 -99 -99 -99 -99 -99 -99 -99 -99
-99 -99 -99 2.45009617267256 -99 -99 -99 -99 -99 -99
-99 -99 -99 -99 -99 1.70676033914302 -99 -99 -99 -99
-99 -99 -99 -99 -99 -99 -99 0.2154794308428 -99 -99
-99 -99 -99 -0.258049633695265 -99 -99 -99 -99 -99 -99
-99 -99 -99 2.68788196107709 -99 -99 -99 -99 -99 -99
-99 -99 -99 -99 -99 -99 -99 -99 -99 -99
-99 -99 -99 -99 -99 -99 -99 -99 -99 -99
-99 -99 -99 -99 -99 -99 -99 -99 -99 -99
-99 -99 -99 -99 1.00231846506501 0.521539015689107 -99 -99 -99 -99
-99 -99 -99 -99 -99 -99 -99 -99 -99 -99
-99 -99 -99 1.82551355119762 -99 -99 -99 -99 1.09797403844138 -99
-99 -0.831758189278953 -99 -99 1.55807836155045 -99 -99 -99 0.679392727713471 -99
-99 -99 -99 -99 2.01807588049185 -99 -99 -99 -99 -99
-99 -99 -99 -99 -99 -99 -99 -99 -99 -99
-99 -99 -99 -99 -99 -99 -99 -99 -99 0.47553782797346
-99 -99 -99 -99 -99 -99 -99 -99 0.937356947703545 0.993585756968931
-99 -99 0.264513375771395 -99 -99 -99 -99 -99 -99 -99
-99 -99 -99 -99 -99 -99 -99 -99 -99 -99
-99 -99 -99 -99 -99 -99 -99 -99 -99 -99
-99 -99 -99 -99 -99 -99 -99 -99 -99 -99
-99 -99 -99 -99 -99 -99 -99 -99 2.36311956694823 -99
-99 -99 -99 -99 0.489440893142336 -99 -99 -99 -99 -99
-0.0196656363640269 -99 -99 -99 0.42309345658104 -99 -99 -99 -0.611219962255585 -99
-99 -99 -99 -1.70230298309476 -99 -99 -99 -99 -99 -1.93684845115517
-99 -99 -99 2.77851167024173 -99 -99 -99 -99 -99 -99
-99 -99 1.45420323998314 1.959560334351 -99 -99 -99 -99 -99 -99
-99 -99 -99 1.93441426296031 -99 -99 -99 -99 -99 -99
-99 -99 -99 -99 -99 -99 -99 -99 0.891724648431547 -99
2.60230508573564 -99 -99 -99 -99 -99 -99 -99 -99 -99
3.41006886061381 -99 -99 -99 -99 -99 -99 -99 -99 -99
-99 -0.0071946233184299 -99 -99 -99 -99 1.71984341517922 -99 -99 -99
2.59604357475371 5.02655887767388 -99 -99 -99 -99 -99 -99 -99 -99
-99 -99 -99 -99 -99 -99 -99 -99 1.40370361433118 0.9146723947556
-99 -99 -99 -99 -99 3.67233424563735 -99 -99 -99 -99
-99 -99 -99 -99 -99 -99 -99 -99 -99 -99
-99 -99 -99 -99 -99 -99 -99 -99 -99 -99
-99 -99 -99 -99 -1.02701320418349 -99 -99 -99 -99 -99
-99 -99 -99 2.73267957448382 -99 -99 -99 -99 -99 -99
-99 -0.376327814748961 -99 -99 -99 -99 -99 -99 -0.325701739229302 -99
-99 -99 -99 2.25810191194302 -99 -99 -99 -99 -99 -99
-99 -99 -99 -99 -99 -99 -99 -0.368587086100725 -1.36479166266786 -0.0692027103637187
3.9992430426536 2.44914369522211 -99 -99 -99 1.24653621903543 -99 -99 2.08167916944275 -99
-99 -99 -99 -99 -99 -99 -99 -99 1.48720672368849 -99
-99 -99 -99 -99 -99 -99 -99 -99 -99 -99
-99 -0.38939872399776 -99 -99 -99 -99 -99 0.320722277791513 -99 -99
-99 -99 -99 -99 1.93172701199327 -99 -99 -99 -99 -99
2.45396147794887 2.18723486713132 -99 -99 -99 -99 -99 -99 1.0927746174043 1.7017208486689
-99 -99 -99 -99 -99 -99 -99 -99 -99 -99
-99 -99 -99 -99 -99 -99 -99 -99 -99 -99
-99 -99 -99 -99 -99 -99 -99 -99 -99 -99
-99 -99 -99 -0.676798200187514 -99 -99 -99 -99 -99 -99
-99 -99 -99 1.22301096993399 -0.381806081258965 -99 -99 -99 -99 -99
-99 -99 -99 -99 -99 -99 1.57972485437816 1.27237431068262 -99 -99
3.13437353125411 -99 -99 -99 -99 -99 -99 -99 -99 -99
-99 -99 -99 -99 -99 -99 -99 -99 1.27751850524873 -99
-99 -99 -99 -99 -99 -99 1.38864994093943 -99 0.545869000498767 -99
1.15200946395723 -99 -99 -99 -99 -99 -99 -99 -99 -99
-99 -99 -99 -99 -99 -99 -99 -99 -99 -99
-99 -99 -99 -99 -99 -99 -99 1.09049542138645 2.132888204189 -99
-99 -99 -99 -99 -99 1.51540254113538 -99 -99 -99 -99
-99 -99 -0.585286054684209 -99 -99 -99 -99 -99 -99 -99
-99 -99 -99 -0.149356356404924 -99 -99 -99 -99 -99 -99
-99 -99 -99 -99 -99 -99 -99 -99 -99 -99
-99 -99 -99 -99 0.53732010265826 -99 -99 -0.858391903171762 -99 -99
-99 -99 -99 -99 -99 -99 -99 -99 -99 -99
-99 -99 -99 -99 -99 0.703227978682974 -99 -99 -99 -99
-99 -99 -99 -99 -0.418670819178461 1.36159499267965 -99 -99 -99 -99
-99 -99 -99 -99 -99 -99 -99 -99 -99 -99
-99 -99 0.514103659511247 -0.324584062027025 -99 -99 -99 -99 -99 -99
-99 -99 -99 -99 1.51439190892459 -99 -99 -99 -99 -99
-99 -99 -99 -99 -99 -99 -99 0.964602460896339 -99 -99
-99 -99 -99 -99 -99 -99 -99 -99 -99 -99
-99 -99 -99 -99 -99 -99 -99 -99 -99 -99
-99 -99 -99 -99 -99 -99 -99 -99 -99 -99
-99 -99 -99 -99 -99 -99 -99 -99 -99 -99
-99 -99 -99 -99 -99 -99 -99 -99 1.04004618529061 -99
-99 -99 -99 -99 -99 -99 1.97527779015483 3.24013975298 -99 -99
-99 0.883667183251917 -99 -99 -99 -99 -99 -99 -99 -99
2.00673348784614 1.61943008124076 -99 -99 -99 -99 2.69510320035547 -99 -99 -99
-99 -99 -99 -99 -99 -99 -99 -99 -99 -99
-99 -99 -99 -99 -99 0.640116635216476 -99 -99 -99 -99
-99 -99 -99 -99 -99 -99 -99 -99 -99 0.621517750710457
-99 -99 -99 -99 -99 -99 -99 1.36248062412431 -99 -99
-99 -99 -99 -99 -99 1.25465767108053 -99 -99 -99 -99
-99 -99 1.24176498219808 -99 -99 -99 -99 -99 1.9103411587229 -99
-99 -99 -99 -99 0.40087208680869 -99 -99 -99 -99 -99
-99 -99 -99 -99 -99 -99 -99 -99 -99 -99
-99 -0.233402215919296 -99 -99 1.31129395467938 -99 -99 -99 -99 -99
-99 -99 -99 -99 -99 -1.2698275921415 -99 -99 0.483427019540011 -99
-99 -99 -99 -99 -99 -99 -99 -99 -99 -99
-99 -99 -99 2.52707988201124 -99 -99 -99 -99 -99 -99
-99 -99 -99 -99 -99 -99 -99 -99 -99 -99
-99 -99 -99 -99 -99 -99 -99 -99 -99 -99
-99 -99 -99 -99 -99 -99 -99 -99 -99 -99
-1.46927007293238 -99 -99 -1.31223514187117 -99 -99 -99 -99 -1.25966624073317 -1.18252949291792
-99 -99 -99 -99 -99 -99 -99 -99 -99 -99
-99 -99 -99 -99 -99 1.48630086619023 -99 -99 -99 0.902905411644563
1.14664054574412 -99 -99 1.24453707083477 -99 -99 -99 -99 -99 -99
-99 -99 -99 -99 -99 -99 -99 -0.212779060515537 -99 -99
-99 -99 -99 -99 -99 -99 -99 -99 3.73858101043671 -99
-99 -99 -99 -99 -99 -99 -99 -99 -99 -99
-99 -99 -99 -99 -99 -99 -99 -99 -99 -99
-99 0.0132239571736018 -99 -99 -99 0.243019602772968 -99 -99 -99 -99
3.00600919749906 1.02592327706683 1.71356890151202 -99 -99 2.73337519424152 -99 -99 -99 -99
-99 -99 -99 -99 -99 -99 -99 -99 -99 -99
-99 -99 1.56618011471039 -99 -99 2.39221118581632 -99 -99 -99 -99
-99 -99 -99 0.048461655958137 -99 -99 -99 -99 -99 -99
-0.237278109333529 -99 -99 -0.0200521032313732 -99 -99 -99 -99 -99 -99
0.896948163437624 -99 -99 -99 -99 -99 2.20643280760151 1.69680292787536 -99 -99
-99 -0.817048176346725 -99 -99 -99 -99 -1.2287101467427 -99 -99 -99
-99 -99 -99 -99 -99 -99 -99 -99 -99 -99
-99 -99 -99 0.899401400620962 -99 -99 -99 -99 -99 -99
-99 -99 -99 -99 -99 -99 -99 -99 -99 -99
-99 2.04335796161083 2.73576431876069 -99 -99 -99 -99 -99 -99 -99
-99 -99 0.479657199681569 0.473378087228946 -99 -99 -99 -99 -99 2.43218498888471
-99 -99 -99 -99 -99 -99 -99 -99 -99 -99
-99 -99 -99 -99 -99 -99 -99 -99 -99 1.24370168441826
-99 -99 -99 -99 -99 -99 0.805026164374632 -99 -99 -99
-99 -99 -99 0.458981404310723 -99 -99 -99 -99 -99 -99
-99 2.04339814917253 0.902086386073801 -99 -99 -99 -99 -99 -99 -99
-99 -99 -99 -99 1.58805610912627 -99 -99 -99 -99 -99
-99 -99 -99 -99 -99 -99 -99 -99 -99 -99
-99 -99 -99 -99 -99 -99 0.679794922165902 -99 0.164740956651623 -99
-99 -99 -99 -99 -99 -99 0.560073004466389 -99 -99 -99
-99 -99 -99 -99 -99 -99 -99 0.808365922810827 0.36711842456945 2.04395232936352
-99 -99 -99 -99 -99 -99 -99 -99 -99 -99
-99 -0.234848946379031 -99 -99 -99 1.60170547717132 -99 -99 2.89383061776442 -99
-99 -99 -99 -99 -99 -99 -99 -99 -99 -99
-99 -99 -99 -99 -99 2.12698173274718 -99 -99 -99 -99
-99 -99 -99 -99 -99 -99 -99 -99 -99 -99
-99 -99 -99 -99 -99 -99 -99 1.46312444101684 -99 -99
-99 -99 2.44880187173672 -99 -99 -99 1.94509889361282 -99 -99 -99
-99 -99 -99 -99 -99 -99 -99 -99 -99 1.62258984297991
-99 -99 -99 -99 -99 -99 -99 3.30550055071552 -99 -99
-99 -99 -99 -99 -99 -99 -99 -99 1.01155304498609 -99
-99 -99 -99 -99 -99 -99 -99 -99 -99 -99
-99 -99 -99 -99 -99 -99 -99 -99 0.0652475555795888 -99
-99 -99 -99 -99 -99 -99 -99 -99 -99 -99
-99 -99 -99 -99 -99 -99 -0.461921939604928 -99 -99 -99
-99 -99 -99 -99 -99 -99 -99 -99 -99 1.91711721662081
-99 1.19261000114497 -99 -99 -99 -99 -99 -99 -1.15580393931888 -99
-99 -99 -99 -0.183425153407815 -99 -99 -99 -99 1.6095935964785 -99
-1.17834628750632 -99 -99 -99 -99 -99 -99 -1.28382767677089 -99 -99
-99 -99 1.52032790250591 -99 -99 -99 -99 0.371183128205956 -99 -99
-99 0.943631893211443 -99 -99 -99 -99 -99 -99 -99 -99
-99 -99 -99 -99 -99 -99 -99 -99 -99 -99
-99 -99 -99 -99 -99 -99 -99 -99 -99 1.55914741862668
-99 -99 -99 -99 -99 -99 -99 -99 1.60771103114397 -99
-99 -99 -99 0.635104323345803 -99 -99 -99 -99 -99 -99
-99 -99 -99 -99 -99 -99 -99 -99 -99 -99
-99 -99 -99 -99 -99 -99 -99 -99 -99 -99
-99 -99 -99 -99 -99 -99 -99 -99 -99 -99
0.46184253166093 -99 -99 -99 -99 0.86871910486898 -99 1.37051278010976 -99 -99
-99 -99 -99 -99 -99 -99 -99 -99 -99 -99
1.39390204713565 -99 -99 -99 -99 2.74722247897909 -99 -99 -99 -99
-99 -99 -99 -99 -99 -99 -99 -1.77571376196113 -99 -99
-99 -99 -99 -99 -99 -99 -99 -99 -99 -99
-99 -99 -99 -99 -99 -99 2.75504255832468 -99 -99 -99
-99 -99 -99 -99 -1.26503328587675 -99 -99 -99 -99 -99
-99 -99 -99 -99 -99 -99 -99 -99 -99 -99
-99 -99 -99 -99 -99 -99 -99 -99 -99 -99
-99 -99 -99 3.71425685015551 -99 -99 -99 -99 -99 -99
-99 -99 -99 -99 -99 -99 0.744037103640258 -99 -99 -99
-99 -99 -99 -99 -99 -99 -99 -99 -99 -99
-99 -99 -99 -99 -2.97493582220617 -99 -99 -99 -99 -99
-99 -99 -99 -99 -99 -99 -99 -99 -99 -99
-99 -99 -99 -99 -99 -99 -99 -99 -99 -99
-99 -99 -99 -99 -0.236035565260057 -99 -99 -99 -1.15363235363467 -99
-99 -99 0.12102415958098 -99 -99 -99 -99 -99 -99 -99
-99 -99 -99 -99 2.05412863837569 -99 -99 -99 -99 -99
-99 -99 -99 -99 -99 -99 -99 -99 -99 -99
-99 -99 -99 -99 -99 -0.225159605050965 -99 -99 -99 -99
-99 -99 -99 -99 -99 -99 2.68845903624691 2.2053712971024 -99 -99
-99 1.37283965190252 -0.421637734919005 -99 -99 -99 -99 -99 3.10567745923616 -99
-99 -99 -99 -99 0.0428378649741056 -99 -99 -99 -99 -99
-99 -99 -99 -99 -99 -99 -99 -99 -99 1.05851461423372
-99 -99 -99 -99 -99 -99 -99 -99 -99 -99
-99 -99 -99 -99 -99 -99 -99 -99 -99 1.73368529403581
-99 -99 -99 -99 -99 -99 -99 -99 -99 -99
-99 -99 -99 -99 -99 -99 -99 -99 -99 -99
-99 0.94638251521719 2.27189485310873 -99 -99 -99 -99 -99 -99 -99
-99 -99 -99 -99 -99 -99 -99 -99 0.279213373707568 -99
-99 -99 2.66476730370124 -99 -99 -99 -99 1.12964511807198 -99 -99
-99 -99 -99 -99 -99 -99 -99 -99 -99 -99
-99 -99 -99 -99 -99 -99 -99 -99 -99 -99
-99 -99 -99 -99 -99 -99 1.82390670092514 -99 -99 -99
-99 -99 -99 -99 -99 -99 -99 -99 -99 -99
-99 -99 -99 -99 -99 4.35778953473782 -99 -99 -99 -99
-99 -99 -99 -99 -99 -99 -99 -99 -99 -99
-99 -99 -99 -99 -99 0.541086407857195 -99 -99 -99 -99
-0.545190014250348 1.63516119047629 -99 0.516736919183054 -99 -99 -99 -99 -99 -99
-99 -99 -99 0.814339507346405 -99 -99 -99 1.9965271938937 -99 -99
-99 -99 -99 1.9040848201031 -99 -99 -99 -99 -99 -99
-99 -99 -99 -99 -99 -99 -99 -99 -99 -99
-99 -99 -99 -99 -99 -99 -99 -99 -99 -99
-99 -99 -99 -99 -99 -99 -99 -99 -99 -99
-99 -99 -99 -99 -99 -99 1.26826253786996 -99 -99 -99
-99 -99 -99 -99 -99 -99 -99 -99 -99 -99
-99 -99 -99 -99 -99 -99 -99 -99 -99 -99
-99 2.14478158515223 -99 -99 -99 -99 -99 -99 -99 -99
-99 -99 -99 -99 -99 -99 -99 -99 -99 1.40557985295092
-99 -99 -99 -99 -0.914259704027079 -99 -99 -99 -99 -99
-99 -99 -99 -99 -99 -99 -99 -99 -99 -99
-99 1.8349587686176 1.01776547454927 -99 -99 -99 -99 -99 -99 -99
-99 -99 -99 -99 -99 -99 -99 -99 -99 -99
-99 -99 -99 -99 -0.394479600804431 -99 -99 -99 -99 -99
-99 -99 -99 -99 -99 -99 -99 2.45181148359624 -99 -99
-99 -99 1.28228014570096 -99 -99 -99 -99 -99 -99 -99
-99 0.740373963698364 -99 -99 -99 -99 -99 -99 -99 -0.486145518582793
-99 -99 -99 -99 -99 -99 -99 -99 -99 -99
-99 -99 -99 -99 -99 -99 -99 -99 -99 0.395064424326933
-99 -99 -99 -99 -99 -99 -99 -99 -99 -99
-99 -99 -99 -99 -99 -99 -99 -99 -99 -99
-99 -99 0.756418176840333 -99 -99 -99 -99 -99 -99 -99
-99 -99 1.4772976400257 -99 -99 -99 -99 -99 -99 -99
-99 -99 -0.711814634861876 -99 -99 -99 -99 -99 -99 0.194422270532925
-99 -99 -99 0.627340315331068 -99 -99 -99 -99 -99 -99
-99 -99 -99 -99 -99 -99 -99 -99 -99 -99
-99 -99 -99 -99 -99 -99 -99 -99 -99 -99
-99 -99 -99 -99 -99 -99 -99 -99 -99 -99
-0.151377315996714 -99 -99 -99 -99 -99 -99 -99 -99 -99
-99 -99 -99 -99 -99 -99 -99 -99 -99 -99
-99 -99 -99 -99 -99 -99 -99 -99 -99 -99
-99 -99 -99 -99 -99 -99 -99 -99 -99 -99
-99 -99 -99 -99 -99 -99 -99 -99 -99 -99
-99 -99 -99 -99 -99 2.49024272366563 -99 -99 -99 -99
2.69436844952308 -99 -99 -99 -99 2.305649016166 -99 -99 -99 -99
-99 -99 -99 -99 -99 -99 -99 -99 -99 -99
-99 -99 -99 -99 -99 -99 -99 -99 -99 -99
-99 -99 -99 -99 -99 -99 -99 -99 -99 -99
-99 -99 -99 -99 -99 -1.76550931305869 -99 -99 0.0233719119031439 -99
-99 -99 -99 -99 -99 -99 -99 -99 -99 -99
-99 -99 -99 -1.71410438432965 -99 -99 -99 -99 -99 0.106805822109723
-0.105773066405914 -99 -99 -99 -99 -0.572219968488176 -99 -99 -99 -99
-99 -99 -99 -99 -1.22943200440768 -99 -99 -99 -99 -99
-99 -99 0.0276014130266642 -99 -99 -99 -99 -99 -99 -99
-99 -99 -99 -99 -99 -99 -99 -99 0.288732818744067 -99
-99 -99 -99 -99 -99 -0.81622314922036 -99 1.32886306803601 0.43615022562342 -99
-99 -99 -99 -99 -99 -99 -99 -99 -99 -99
-99 -99 -99 -99 -99 -0.190935877354992 -99 -99 -1.90838496848342 -99
-99 -99 -99 -99 -99 -99 -99 -99 -99 -99
-99 -0.157440836699682 -99 -99 -99 -99 -99 -99 -99 -99
-99 -99 -99 -99 -99 -99 -99 -99 -99 2.95517996876041
-99 -99 -99 -99 -99 -99 -99 -99 -99 -99
-99 -99 -99 -99 -99 -99 -99 -99 -99 -99
-99 -99 -99 -99 -99 -99 -99 -99 -99 -99
-99 -99 -99 -99 -0.711237951648026 -99 -99 -99 -99 -99
-99 -99 -99 -99 -99 -99 -99 -99 -99 -99
-99 -99 -99 -99 -99 -99 -99 -99 -99 -99
-99 -99 -99 -99 -99 -99 -99 -99 -99 -99
-99 -99 -99 -99 -99 -99 -99 -99 -99 -99
-99 -99 -99 -99 4.45921099743593 -99 -99 -99 -99 -99
-99 -99 -99 -99 -99 -99 -99 -99 -99 -99
-99 -99 3.31095185588261 -99 -99 -99 -99 -99 -99 -99
-99 -99 -99 -99 2.758239412131 -99 -99 1.5485354860684 -99 -99
-99 -99 -99 -99 -99 -99 -99 -99 -99 -99
-99 -99 3.34392612799504 -99 -99 -99 -99 -99 -99 -99
1.01218932604023 -99 -99 -99 -99 -99 -99 -99 -99 -99
-99 -99 -99 -99 -99 -99 -99 -99 -99 -99
-99 -99 -99 -99 -99 -99 -99 -99 -99 -99
-99 -99 -99 -99 -99 -99 -99 -99 -99 -99
-99 -99 -99 -99 -99 3.713363232111 -99 2.55680364248747 -99 -99
0.956257147844433 -99 1.56278405604146 -99 -99 -99 -99 -99 -99 1.1353810615717
-99 -99 1.9998855868762 -99 -99 -99 -99 -0.0731810564665669 -99 -99
-99 -99 -99 -99 -99 -99 -99 -99 2.12422735719752 -99
-99 -0.262517483236507 -99 -99 -99 -99 -99 -99 -99 -99
-99 -99 -99 -99 1.69703392753381 -99 2.17783239807422 -99 -99 1.06984987927194
1.08837178993437 -99 -99 -99 -99 -99 -99 -99 -99 -99
-99 -99 -99 -99 -99 -99 -99 -99 -99 -99
-99 -99 -99 -99 -99 -99 -99 -99 2.41790109553914 -99
-99 1.95204649996489 0.521721416434476 -99 -99 -99 -99 -99 -99 -99
-99 0.670462029589466 -99 -99 -99 -99 -99 -99 -99 -99
-99 -99 -99 -99 -99 -99 -99 -99 -99 -99
-99 -99 -99 -99 -1.21535164908045 -99 -99 -0.956287795832072 -99 -0.427753082094035
-99 -99 -99 -99 1.8438338531602 -99 -99 -99 -99 -99
