2.34381431221468 1.03360964364393 -99 -99 -99 -99 -99 -99 -99 -99
-99 -99 -99 -99 -99 -99 -99 -99 -99 -99
-99 -99 -99 -99 -99 -99 -99 -99 2.08053228619061 -99
-99 -99 -99 -99 -99 -99 -99 -99 -99 -99
-99 -99 -99 -99 0.913521315601772 -99 -99 -99 -99 -99
-99 -99 -99 -99 -99 -99 -99 -99 -99 -99
-99 -99 -99 -0.930539464114394 -99 0.531109250175329 -99 -99 -99 -99
-99 -99 -99 -99 -99 -99 -99 -99 -99 -99
-99 -99 -99 -99 -99 -99 -99 -99 -99 -99
-99 -99 0.07984399617447 -99 -0.238484610342057 -99 -99 -99 -99 -99
-99 -99 -99 -99 -99 -99 -99 -99 -99 -99
-99 -99 -99 -99 -99 -99 -99 0.137583508817013 -99 -99
-99 0.358372543451782 -99 -99 -99 -99 -99 1.38868847163823 -99 -99
-99 -99 -99 -99 -99 -99 -99 -1.90074768448468 -99 -99
0.0944235317924346 -99 -99 -99 -99 -99 -99 -99 -99 -99
-99 -99 -99 -99 -99 -99 -99 -99 -99 -99
-99 -99 -99 -99 -99 -99 1.93692355750177 -99 -99 -99
-99 -99 -99 -99 -99 -99 -99 -99 -99 -99
-99 -99 2.42564098528157 -99 -99 -99 -99 -99 1.75607421884745 -99
-99 -99 -99 -99 -99 -99 -99 -99 -99 -99
-99 -99 -99 -99 3.3433230349306 -99 -99 -99 -99 -99
2.27086182622615 -99 -99 -99 -99 -99 -99 2.54634649290182 -99 -99
-99 -99 -99 -99 -99 -99 1.68538269049219 -99 -99 -99
-99 -99 -99 -99 -99 -99 -99 -99 -99 -99
-99 -99 -99 -99 -99 0.486481573896479 -99 -99 -99 -99
-99 -0.827274036672287 -99 -99 -99 -99 -99 -99 -99 -99
-99 -99 -99 -99 -99 -99 -99 -99 -99 -99
-99 -99 -99 -99 -99 -99 -99 -99 -99 -99
-99 -99 -99 -99 -99 -99 -0.65870382569247 -99 0.556505288470269 -99
-99 -99 -99 -99 -99 -99 -99 -99 -99 -99
-99 -99 -99 0.158522129764595 -99 -99 0.00466769182480664 -99 -99 -99
-99 -99 -99 -99 -99 -99 -99 -99 -99 -99
-99 -99 -99 -99 -99 -99 -99 -99 -99 -99
-99 -99 -99 -99 -99 -99 -99 -99 -1.69406522929428 -99
0.945939471729783 1.24674503246202 -99 -99 0.916664372523782 -99 -99 -99 -99 0.44015816246765
-99 -99 -99 -99 -99 -99 -99 -99 -99 0.837987436350725
-99 -99 -99 -99 -99 -99 -99 -99 -99 -99
-99 -99 -99 -99 -99 -99 -99 -99 -99 -99
-0.462108474621295 -99 -99 -99 -99 -99 -99 -99 -99 -99
-99 -99 1.72058943231562 -99 -99 -99 -99 -99 -99 1.84218665508187
-99 -99 -99 -99 -99 -99 -99 -99 -99 -99
-99 -99 -99 -99 -99 -99 0.345768378515088 -99 -99 -99
-99 0.733900903126885 -99 -99 -99 -99 -99 -99 -99 -99
-99 -99 -99 -99 -99 -99 -99 -99 -99 -99
-99 -99 -99 -99 -99 -99 -99 -99 -99 -99
-99 -99 -99 -99 -99 -99 -99 -99 -99 -99
-99 -99 -99 -99 -99 -99 -0.0844760693851869 -99 -99 1.42064971196138
-99 -99 -99 -99 -99 -99 -99 -99 -99 -99
1.46551029672036 -99 -0.0924456730130472 -99 -99 -99 -99 1.62624071412853 1.51594225131453 -99
-99 -99 -99 -99 -99 -99 -99 0.881657806488164 -99 -99
-99 -99 -99 -99 -99 -99 -99 -99 -99 -99
0.478393681618214 -99 -99 -99 1.89437652800578 -99 -99 -99 -99 -99
-99 -0.355219338840181 -99 -99 -99 -99 -99 -0.338985897553433 -99 -99
-99 -99 -99 -99 1.63350171319595 -99 -99 0.169325227703727 1.83596291664221 -99
-99 -99 -99 -99 -99 -99 -99 1.11225746901436 -99 -99
-99 2.29509244764248 -99 -99 -99 -99 -99 -99 -99 -99
-99 -99 -99 -99 -99 -99 -99 -99 -99 -99
-99 -99 -99 -99 -99 -99 -99 -99 -99 -99
-99 -99 -99 0.175912940535176 -99 -99 -99 -99 -99 -99
-99 -99 -99 -99 -99 -99 -99 -99 -99 -99
-99 -99 -99 -99 -99 -99 -99 -99 0.480141491033643 -99
-99 -99 -99 -99 -99 -99 3.63646619651664 3.01779431300604 -99 0.34791093999891
-99 -99 -99 1.18281155064721 -99 -99 -99 -99 1.14446000252091 -99
-99 -99 0.885366242093206 -99 -99 0.952113090349944 -99 -99 -99 -99
-99 -99 -99 -99 -99 2.24881806000058 -99 -99 -1.02470668725929 -99
-99 -99 -99 -99 -99 -99 1.81397818268489 -99 -99 -99
-99 0.623909003621315 -1.7198091964268 -99 -99 -99 -99 -99 -99 -99
-99 -99 -99 -99 -99 -99 -99 0.0655972075055277 -99 -99
-99 -99 -99 -99 -99 -99 -99 -99 -99 -99
-99 -99 -99 -99 -99 -99 5.0557165880458 -99 -99 -99
-99 -99 -99 -99 -99 2.39192866654831 1.22636045286313 -99 -99 1.45623635945952
-99 -99 -99 -99 -99 -99 -99 -99 -99 0.0784941618136286
-99 2.53551291712249 -99 -99 -99 -99 -99 -99 -99 -99
-99 -99 -99 -99 1.20216524473135 -99 -99 -99 -1.04814608141083 -99
-99 -99 -99 -99 -2.43558608048234 1.59925146895875 -99 -99 -99 -99
-99 -99 -99 -99 -99 -99 -99 -99 -99 -1.32171027873654
-99 -99 -99 -99 -99 -99 -99 -99 -99 -99
-99 -99 -99 -99 -99 -99 -99 -99 -99 -99
-99 -99 -99 -99 -99 -99 -99 -99 -99 -99
-99 -99 -99 -99 -99 -99 -99 -99 -99 -99
-99 -99 -99 -99 -99 -99 -99 -99 -99 3.68725323342747
-99 -99 -99 -99 -99 -99 -99 -99 -99 -99
-99 -99 -99 -99 -99 -99 -0.550018112583635 -99 -99 -99
3.27984932139757 -99 -99 -99 -99 -99 -99 -99 1.51407811328716 -99
-99 -99 -99 -99 -99 -99 -99 -99 0.284566909037502 -99
-99 2.97124843121677 -99 -99 -99 -99 -99 -99 -99 -99
-99 -99 -99 -99 -99 -99 -99 -99 -99 -99
-99 -99 -99 -99 -99 -99 -99 -1.35989815160339 -99 -99
-99 -99 -99 -99 -99 -99 -99 -99 -99 -99
-99 -99 -99 -99 -99 -99 -99 -99 -99 -99
-99 -99 -99 -99 -99 -99 -99 -99 -99 -99
-99 -99 -99 3.95377731094904 -99 5.2247874803702 -99 3.13591942207102 -99 -99
-99 -99 -99 -99 -99 -99 -99 -99 -99 -99
2.30521388378903 -99 -99 -99 -99 -99 -99 -99 -99 -99
-99 -99 -0.577095532750836 -99 -99 -0.820304622742183 -99 -99 -1.70387693825839 -99
-99 -99 2.94442818586972 -99 -99 -99 -99 -99 -99 -99
-99 -99 -99 0.347883537751476 -99 -99 -99 -99 -99 -99
-99 -99 -99 -99 -99 -0.596163958576006 -99 0.25686550891014 -0.027646829490056 -99
-99 -99 -99 -99 -99 1.6270597388301 -99 -99 -99 -99
-99 -99 -99 -99 -99 -99 -99 -0.640971864999177 -99 0.634159270975782
3.60691433933793 -99 -99 -99 -99 -99 -99 -99 -99 -99
-99 -99 -99 -99 -99 -99 -99 -99 -99 -99
-99 -99 -99 -99 -99 -99 -99 -99 -99 -99
-99 -99 -99 0.263552242433122 -99 -99 -99 -99 -99 -99
-99 -99 -99 -99 2.62439532990616 -99 -99 -99 -99 -99
-99 -99 -99 2.2942187153754 -99 -99 -99 -99 -99 -99
-99 -99 -0.94213538735608 -99 -99 -99 -99 -99 -99 0.112106511687063
-99 -99 -99 -99 -99 -99 -99 -99 -99 -99
-99 -99 -99 -99 -99 0.0555317578164933 -99 -99 -99 -99
-99 -99 -99 1.36356835503531 -99 -99 -99 -99 -99 -99
-99 -99 -99 -99 -99 -99 -0.714736280743322 -99 -99 -99
-99 -99 -99 -99 -99 -99 1.70094850027421 -99 -99 -99
-2.72261998454411 -99 -99 -99 -99 -99 -99 -99 -99 -99
-99 -99 -99 -99 -99 -99 -99 -99 -99 -99
2.28345401803434 -99 -99 -99 -99 -99 -99 -99 -2.09398811755763 2.16925272699893
-99 -99 -99 -99 -99 -99 2.13021748008058 -99 -99 -99
1.5661154819357 -99 -99 -99 -99 -99 -99 -99 -99 -99
-99 -99 -99 -99 -99 -99 -99 -99 -99 -99
-99 -99 -99 -99 -99 -99 -99 -99 -99 -99
1.97215627669891 -99 -99 -99 3.6713819670455 -99 -99 -99 -99 2.47598062110135
-99 -99 -99 -99 -99 -99 -99 -99 0.857626256139747 -99
-0.290250495430371 -99 -99 -0.954899031378814 0.650514213959136 -99 -99 -99 -99 -99
2.93299913968018 -99 -99 -99 -99 -99 -99 -99 -99 -99
-99 -99 -99 -99 -99 -99 -99 0.362633655946536 0.839625111826883 -99
-99 -99 -99 -99 -99 -99 -99 -99 -99 -99
-99 -99 -99 -99 -99 -99 -99 -99 -99 -99
-99 -99 -99 -99 -99 -99 -99 -99 -99 -99
0.706195266931073 -99 -99 -99 0.347996146146638 -99 -99 -99 -99 -99
-99 -99 -99 -99 -99 -99 2.24646721431061 -99 -99 -99
-99 -99 -99 1.82400977262959 -99 -99 -99 -99 -99 -99
-99 -99 -99 -99 -99 -0.0266814547367058 -99 -99 -99 -99
-99 -99 -99 -99 -99 -99 -99 3.04974934476418 -99 -99
-99 -99 -0.0634011211874947 -99 -99 0.438019475922559 -99 -99 -99 -99
2.82400382828177 -99 -99 -99 -99 -99 -99 -99 -99 -99
-99 -99 1.71383003014842 -99 0.275049561900872 -99 -99 -99 -99 -99
-99 -99 -99 -99 -99 -99 -99 -99 -99 -99
-99 -99 -99 -99 -99 -99 -99 -99 -99 1.42108137732748
3.07179492687932 -99 -99 -99 -99 -99 -99 -99 -99 -99
-99 -99 2.1959992443982 -99 -99 -99 2.13485466926954 -99 -99 -99
-99 -99 -99 -99 0.994856652870105 2.03500236611132 -99 -99 -99 -99
-99 1.21975894874615 -99 -99 -99 -99 -99 -99 -99 -99
-99 -99 -99 -99 -99 1.27789060940176 -99 -99 0.157104423899739 -99
-99 -99 -99 -99 -99 -99 -99 -99 -99 -99
-99 -99 -99 -99 1.5728099217552 -99 -99 1.05300174187683 -99 -99
-99 2.4063928514879 1.29194665754245 -99 -99 -99 -99 -99 -99 -99
-99 -99 -99 -99 -99 -99 -99 -99 -99 -99
-99 -99 -99 -99 -99 -99 -99 -99 -0.678202368210124 -99
-99 -99 -99 2.54557993407502 -99 -99 -99 -99 -99 -99
-99 -99 -99 -99 -99 -99 -99 -99 -99 -99
-99 -99 -99 -99 1.91699428583108 -99 -99 -99 -99 -99
-99 -99 -99 -99 -99 -99 -99 1.67883469887059 -99 -99
-99 -99 -99 -99 -99 -99 -99 -99 -99 -99
-99 -99 -99 -99 -99 -99 -99 -99 -99 0.229150852781719
-0.220439132936477 -99 -99 -99 1.12896220671867 -99 -99 -99 -99 -99
-99 -99 -99 -0.468719864424685 -99 -99 -99 -99 -99 -99
-99 -99 -99 -99 -99 -99 -99 -99 -2.65416830643984 -99
-99 -1.52459927667245 -99 -99 -99 -99 -99 -99 -99 -99
-99 -99 -99 -99 -99 -99 -99 -99 -99 -99
1.92584933589804 -99 -99 -99 3.1807307159952 -99 -99 -99 -99 -99
2.45680555404257 -99 -99 -99 -99 -99 -99 -99 -99 -99
-99 -99 -99 -99 -99 -99 -99 -99 -99 -99
-99 -99 -99 -99 -99 -99 -99 -99 -99 -99
-99 -99 -99 -0.232285416442579 -99 -99 -99 -99 -99 -99
-99 -99 -99 -99 -99 -99 -1.32921146198654 0.17490067324572 -99 -99
2.25680766477609 -99 0.550641976392715 1.48777617292508 -99 -99 2.72876356716802 -99 -99 -99
-99 -99 -99 -99 -99 -99 -99 -99 -99 -99
-99 -99 -99 -99 -99 -99 -99 -99 -99 -0.147881637308263
-99 -99 -99 -99 -99 -99 0.330366718782367 -99 -99 -99
-99 -99 -99 -99 -99 -99 -99 -99 -99 -99
-99 -99 -99 -99 -99 -99 -99 -99 -99 -99
-99 -99 -99 -99 -99 -99 -99 -99 -99 1.07787469406437
-99 -99 -99 -99 -99 -99 2.01741047015765 -99 -99 -99
-99 -99 -99 -99 -99 -99 -99 -99 -99 -99
-99 -99 -99 3.26479166862258 -99 -99 2.6689808586973 -99 -99 -99
-99 -99 -99 -99 2.56858860488507 -99 -99 -99 -99 -99
-99 -99 -99 -99 -99 -99 -99 -99 -99 -99
-99 -99 -99 -99 -99 -99 -99 -99 -99 -99
-99 -99 -99 -99 -99 0.483461119127979 -99 0.738424550382924 -99 -99
2.16613272962531 -99 1.54942408866451 -99 -99 -99 -99 -99 -99 -99
-99 -99 -99 3.46811657860122 -99 -99 -99 -99 -99 -99
-99 -99 -99 0.162231067775658 -99 -99 -99 -99 -99 -99
2.22775398871696 -99 -99 -99 -99 -99 -99 -99 -99 -99
-99 -99 -99 -99 -99 -99 -99 -99 -99 -99
-99 -99 -99 -99 -99 -99 -99 -99 -99 -99
-99 1.73654632245975 -99 0.288801392938259 -99 -99 -99 -99 -99 -99
-99 -99 -99 -99 -99 -99 -99 -99 -99 0.67247980280906
-99 -99 -99 -99 -99 -99 -99 -99 -99 -99
-99 -99 -99 -99 -99 -99 -99 -99 -99 -99
-99 -99 -99 -99 -99 -99 -99 0.242888322380424 -99 -0.1873969812308
-99 -99 -99 -99 -99 -99 -99 -99 -99 -99
-99 -99 1.87986139529707 -99 -99 1.12668044780212 -99 -99 -99 -99
-99 -99 -99 -99 0.926574223251988 4.29897365552424 -99 -99 -99 -99
-99 -99 -99 -99 -99 -99 -99 -99 -99 -99
-99 -99 -99 -99 -99 -99 -99 -99 -99 -99
-99 -99 -99 -99 -99 -99 1.06807455710085 -99 -99 -99
-99 -99 -99 -99 -99 -99 -99 -99 -99 -99
-99 -99 -99 -99 -99 -99 -99 1.88210856531568 -99 0.191343047347415
-99 -99 2.41955746239883 -99 2.45010697853628 -99 2.87458183813419 -99 -99 2.26086172781291
-99 -99 -99 -99 -99 -99 -99 -99 -99 -99
1.06244149530144 -99 -99 -99 -99 -99 -99 -99 0.674050095624838 -99
-99 -99 -99 -99 -99 -99 -99 -99 -99 -99
-99 -0.874837874942418 -99 -99 -99 -99 -99 -99 -99 -99
-99 -99 -99 -99 -99 -99 -99 2.83008069497498 -99 0.812545188731244
-99 -99 -99 1.5789598958152 -99 -99 -99 -99 -99 -99
-99 -99 -99 -99 -99 -99 -99 -99 -99 -99
-99 -99 -99 -99 -99 -99 -99 -99 -99 -99
-99 -99 -99 1.02343942730045 -99 -99 -99 -99 -99 -99
-99 -1.05105284336518 -99 -99 0.772776389863802 -99 -99 -99 -99 -99
-99 -99 -99 -0.00631636582833295 -99 -99 -99 -99 0.40117526612521 -99
-99 -99 -99 -99 -99 -1.48722810141536 -99 -99 -99 -99
-99 -99 -99 -99 -99 -99 -99 -99 -99 -99
-99 -99 -99 -99 -99 -99 -99 -99 -99 -99
-99 -99 -99 -99 -99 0.164477760497955 -99 -99 -99 -0.409370243542438
-99 -99 -99 -99 -99 -99 -99 -99 -99 -99
-99 -99 -99 -99 -99 -99 -99 -99 -0.151233529882139 -99
-99 2.48932321676983 -99 -99 -99 2.13254830327479 -99 -99 -99 -99
-99 -99 -99 -99 -99 -99 -99 -99 -0.893320504628388 -99
-99 -99 -99 -99 -99 -99 3.71185261994854 -99 -99 -99
-99 -99 -99 2.32875508378427 -99 -99 -99 -99 -99 -99
-99 -0.783545782191061 -99 -99 -99 -99 -99 -99 -99 -99
-99 -99 -99 -99 -99 -99 -99 -99 -99 -99
-99 -99 -99 0.705923669556031 -0.482135863681385 -99 -99 -99 -99 -99
-99 -99 -99 -99 -99 -99 -99 -99 0.188325927570135 -99
-99 -99 1.65401234313878 -99 -99 -99 -99 -99 -99 -99
-99 -99 -99 0.460426311553532 -99 -99 -99 -99 1.44331288104971 -99
-99 -99 -99 2.83559583516128 -99 -99 -99 -99 -99 -99
2.36077377808141 -99 -99 -99 -99 -99 -99 -99 2.5306882601698 -99
-99 -99 -99 -99 -99 -99 -99 2.87934874751133 -99 -99
-99 -99 -99 -99 -3.17887958673034 -99 -99 -0.405738093246146 -99 -99
-99 -0.852116034811756 -99 -99 -99 1.02398060717847 -99 -99 -99 -99
-99 -99 -99 -99 -1.86922339250928 -0.398444803739209 -99 -99 -99 -99
-99 -99 -99 -99 -99 -99 1.89696096609233 -99 -99 -99
-99 -99 -99 -99 -99 -99 -99 -99 -99 -99
-99 -99 -99 -99 -99 -99 -99 -99 -99 -99
-99 -99 -99 -99 3.43298096782757 -99 0.426965684802371 -99 -99 -99
3.02941642242502 -99 -99 -99 -99 3.76236021560784 -99 -99 -99 -99
-99 -99 -99 -99 -99 -99 -99 -99 -99 -99
-99 1.31154082995763 2.788372112298 -99 -99 -99 -99 -99 -99 -99
-99 -99 -99 -99 -99 -99 -99 -99 -99 -99
-99 -99 -99 0.871202861101682 -99 -99 -99 -99 -99 -99
-99 -0.42155165641187 -99 -99 -99 0.284168734299899 -99 -99 -99 -99
-99 -99 -99 0.673043900955483 -99 -99 0.804731529438828 -99 2.39748487764022 -99
-99 -99 -99 -99 -99 -99 -99 -99 -0.837467590210836 -99
-99 -99 -99 1.65793503782234 -99 -99 -99 -99 -99 -99
-99 -99 -99 -99 -99 -99 -99 -99 0.200641382158196 -99
-99 -99 4.42633762168929 -99 -99 -99 -99 -99 -99 -99
1.27656200578125 -99 0.420365746959062 -99 -99 -99 -99 -99 -99 -99
1.88649062538045 -99 -99 -99 -99 -99 -99 -99 -99 -99
-99 -99 -99 -99 -99 -99 -99 -99 -99 -99
-99 -99 -99 -99 -99 -99 -99 -99 -99 -99
-99 -99 -99 -99 -99 -99 -99 -99 -99 -99
-99 -99 -99 -99 -99 -99 -99 2.00756506141243 -99 -99
-99 -99 -99 -99 -99 -99 -99 -99 -99 -99
0.977970255386098 1.66091213794342 1.33387411698412 -99 1.73518859808054 -99 -99 -99 -99 -99
-99 -99 -99 -99 -99 -99 -99 -99 -99 -99
-99 -99 -99 -99 -99 2.58991396361032 -99 -99 -99 -99
-99 -99 -99 -99 -99 -99 -99 -99 -99 -99
-99 -99 -99 -99 -99 -99 -99 -99 -99 -99
-99 -99 -99 -99 -99 -99 -99 -99 -99 -99
0.961612223630092 -99 -99 -99 1.6191074115916 -99 -99 -99 -99 -99
-99 -99 -99 -99 -99 -99 -99 4.39098536083543 -99 -99
-99 -99 -99 -99 -99 -99 -99 -99 -99 -99
-99 -99 -99 -99 -99 -99 -99 -99 -99 -99
-99 -99 -99 -99 -99 -99 -99 -99 -99 -99
-99 -99 -99 -99 -99 3.6819838435947 -99 -99 -99 -99
-99 -99 -99 -99 -99 -99 1.2727461732463 -99 -99 -99
1.93784752287298 -99 -99 -99 -99 -99 -99 -99 -99 -99
-99 -99 -99 -99 -99 -99 -99 -99 -99 -99
-99 -99 -99 -99 -99 -99 -99 -99 -99 -99
-99 -99 -99 -99 -99 -99 -99 -99 -99 -99
-99 -99 -99 -99 -99 -99 -0.589120598675341 -99 -99 -99
-99 -99 -99 -99 -99 -99 -99 -99 -99 -99
-99 -99 -99 -99 -99 1.57090016040499 -99 -99 -99 -99
-99 3.54765575551485 -99 -99 -99 1.09111061535134 -99 -99 -99 -99
-99 -99 -99 -99 -99 -99 -99 -99 -99 -99
-99 -99 -99 -99 -99 -99 -99 -99 -99 -0.140259888558266
-99 -99 -99 -99 -99 -99 -99 -1.44035121094367 -0.0815682181049313 -99
-99 -99 -99 -99 -99 -99 -99 -99 -99 -99
-99 -99 -99 -99 -99 -99 -99 1.21614408670008 -99 -99
-99 -99 -99 -99 -99 -99 -99 4.67257844882409 -99 -99
-99 -99 -99 -99 -99 -0.0685484570827215 -99 -99 -99 -99
-99 3.33199302665098 -99 1.09698687085504 -99 -99 -99 -99 -99 -99
-99 -99 -99 -99 -99 1.17713318308782 -99 -99 -99 -99
-99 -99 -99 -99 -99 -99 -99 -99 -99 -99
-99 -99 -99 -99 0.286170665797669 -99 -99 -99 -99 -99
-99 -99 -99 -99 -99 -99 -99 -99 -99 -99
-99 -99 -99 -99 -99 -99 -0.394940368807645 -99 -99 -99
-99 -99 -99 -99 -99 -99 -99 -99 -99 -99
-99 -99 -99 -99 -99 -99 -99 -99 -99 -99
-99 -99 -99 -99 -99 -99 -99 -99 -99 -99
-99 -99 -99 -99 -99 -99 -99 -99 -99 -99
-99 -99 -99 -99 -99 -99 -99 -99 -99 1.74262585054605
-99 -99 -99 0.293051951235343 -99 -99 1.61952860958629 -99 -99 -99
-99 -99 -99 1.43445894626315 0.67814079795621 -99 -99 -99 1.42859487792978 -99
-99 -1.31934745870231 0.102441780284487 -99 -99 -99 -99 -99 -99 -99
-99 -99 -99 -99 -99 -99 -99 0.642112999060999 1.35933164038847 -0.415324651614417
-99 2.29687292256945 -99 -99 -99 -99 -99 -99 -99 -99
-99 0.0924163660469948 -99 -99 -99 1.87625778237285 -99 -99 -99 -99
-99 -99 -99 -99 -99 -99 -1.24125076887051 -99 -99 -99
-99 -99 -99 -99 -99 -99 -99 -99 -99 -99
-99 -99 -99 -99 -99 2.19355953929144 -99 -99 -99 -99
-99 -99 -99 0.665742389744208 -99 -99 -99 -99 -99 -99
-99 -99 -99 -99 -99 -99 -99 -99 -99 -99
-99 -99 -99 -99 -99 -99 -99 -99 -99 -99
1.76730770256769 -99 -99 -99 -99 -99 -99 1.88929545079474 -99 -99
-99 -99 -99 -99 -99 1.82237402034124 -99 -99 -99 -99
-99 -99 -99 -99 -99 1.73823937958037 -99 -99 -99 -99
-99 -99 -99 -99 -99 -99 -99 -99 -99 -99
-99 -99 -99 1.44139708149604 -99 -99 -99 0.836491248636852 1.68497022362339 -99
-99 -99 -99 -99 0.532780125178762 -99 -99 -99 -99 -99
-99 -99 -99 -99 -99 -99 -99 -99 -99 -99
-99 -99 -99 -99 -99 -99 -99 0.39616682865949 -99 -99
-99 -99 -99 -99 -99 -99 -99 -99 -99 -99
-99 -99 -99 -99 -99 -99 -99 -99 -99 -99
-0.671926595255197 -99 -99 -99 -99 -99 -99 -99 -99 -99
-99 -99 -99 -99 1.82548811656347 1.16356915592831 1.36742426757905 1.77139193151785 -99 -99
-99 -99 -99 -99 -99 -99 -99 -99 -99 -99
-99 -0.017588081829842 -99 -99 -0.826759388848296 -99 -99 -99 -99 -99
-99 2.30266872674388 -99 -99 -99 -99 -99 -99 -99 -99
-99 -99 -99 -99 1.5973348118012 -99 -99 -99 -99 -99
-99 -99 -99 -99 -99 -99 -99 -99 0.623921063835361 0.126778228519185
-99 -99 -99 -99 -99 -99 -99 -99 -99 -99
-99 -99 -99 -99 -99 -99 2.51391373314111 -99 -99 -99
-99 -99 -99 -99 0.728349300435031 -99 -99 2.61895047560463 -99 -99
-99 -99 -99 -99 -99 -99 -99 -99 -99 -99
-99 0.0804327801330419 -99 -99 -99 -99 -99 -99 -99 0.863377730603034
-99 -99 -99 -99 -99 -99 -99 -99 2.52968551838049 -99
-99 -99 -99 -99 -99 -99 -99 -99 -99 -99
-99 -0.278120117368043 -99 -99 -99 -99 -99 -99 -99 -99
-99 -99 -99 -99 -99 1.55033960245226 -99 -99 -99 -99
-99 -99 2.59748365588695 -99 -99 -99 -99 -99 -99 -99
-99 -99 -99 -99 -99 -99 -99 -99 -99 -99
-99 -99 -99 -99 1.65487533548377 -99 -99 -99 -99 -99
-99 -99 -99 -99 -99 -99 -99 -99 -99 1.71500323857078
-99 -99 -99 -99 -99 -99 -99 -99 -99 -99
-99 -99 -99 -99 0.735340057693626 -99 -99 -99 -99 1.59641312033893
-99 -99 -99 -99 -0.103467063397838 -99 -99 -99 -99 -99
-99 -99 2.51412253674286 -99 -99 -99 -99 -99 -99 -99
-99 -99 1.50324409525506 -99 -99 -99 -99 1.57491594245559 -99 3.06903928708545
-99 -99 -99 -99 -99 -99 -99 -99 -99 -1.54046834499398
1.46517165698891 0.610461514486111 -99 -99 -99 2.83850477956657 -99 -99 -99 -99
1.17553757392346 -99 0.526887111998453 -99 -99 -99 -99 -99 -99 -99
-99 -99 -99 -99 2.73609629918959 -1.07244632695319 -99 -99 -99 -99
-99 -99 -99 -99 -99 -99 -99 -99 -99 -99
-99 -99 -99 -99 -99 -99 -99 -99 -99 -99
-99 -99 -99 -99 -1.10504378483972 -99 -99 -99 -99 0.52673208028224
-99 -99 -99 -99 -99 -99 -99 0.437119463342008 -99 -99
-99 2.27838316462274 -99 -99 -99 -99 -99 -99 -99 -99
-99 -99 -99 -99 -99 -99 -0.241197063486908 -99 -99 -99
0.243723025466279 1.85774735119279 -99 -99 -99 2.86000118894922 -99 -99 -0.0334868597009297 -99
-99 -99 -99 -99 -99 -99 -99 -99 -99 -99
-99 -99 -99 -99 -99 -99 -99 -99 -99 -99
-99 -99 -99 -99 -99 -99 -99 -99 -99 -99
-99 -99 -99 -99 -99 -99 -99 -99 -99 -99
-99 -99 -99 -99 0.624960843372661 -99 -99 -99 -99 -99
-99 -99 -99 -99 -99 -99 -99 1.42169077746688 -99 -99
-99 -99 -99 -99 -99 -99 -99 -99 -99 -99
-99 -99 -99 -99 -99 1.54924079376816 -99 -99 -99 -99
-99 -99 -99 -99 -99 -99 -99 -99 -99 1.86503480495715
-99 -99 -99 -99 -99 -99 -99 -99 -99 -99
-99 -99 -99 0.51532413977472 -99 -99 -99 -99 -99 -99
-99 -99 0.491590302242064 -0.954872913004498 0.737293705240759 -99 -99 -99 -99 -99
-99 -99 -99 -99 0.684747353469516 -99 -99 -99 -99 -99
-99 -99 -99 -99 0.678631933801445 -99 -99 -99 -99 -99
-99 -99 -99 -99 -99 -99 -99 -99 -99 -99
-99 -99 -99 3.52048381845276 1.99336421481588 -0.695100754108672 -99 1.44391364910595 -99 -99
-99 -99 -99 -99 -99 -99 -99 -99 -99 -99
-99 -99 -99 -99 -99 -99 -99 -99 -99 -99
-99 -99 -99 -99 -99 -99 -99 -99 -99 -99
-99 -99 -99 -99 -99 -99 -99 -99 -99 -99
-99 -99 -99 -99 -99 -99 -99 -99 -99 1.43737737878979
-99 -99 -99 -99 -99 -99 -99 2.26900170473558 -99 -99
-99 -99 -99 -99 -99 -99 -99 -99 -99 -99
2.60532822953307 -99 -99 -99 -99 -99 -99 -99 -99 -99
-99 -99 -99 -99 -99 -99 -99 -99 -99 1.17396114750841
-0.814195964349911 -99 -99 -99 -99 -99 -99 -99 -99 -99
-99 -99 1.48378789662455 -99 -99 -99 1.53370138577704 -99 -99 -99
-99 -99 -99 -99 -99 -0.78671598578656 -99 -99 -99 -99
-99 1.77894145738202 -99 -99 -99 -99 -99 -0.346824986397057 -99 1.0672363906012
-99 -99 -99 -99 -99 -99 -99 -99 -99 -99
-99 -99 -99 -99 -99 1.0742571945019 -99 -99 -99 -99
-99 -99 -99 -99 -99 -99 -99 -99 -99 -99
-99 -2.88082186802138 -99 -99 -99 -99 -99 -99 -99 -99
-99 -99 -99 -99 -99 -99 0.627784648634717 -99 -99 -99
-99 -99 -99 -99 -99 -99 -99 -99 -99 -99
-99 -99 -99 -99 1.66093280540888 -99 -99 -99 -99 4.04407842654909
-99 -99 -99 -99 0.057152479628908 -99 -99 -99 -99 -99
-99 -99 -99 -99 -99 -99 -99 -99 -99 -99
-99 -99 -99 -99 -99 -99 -99 -99 -99 -99
-99 -99 -99 -99 -99 -99 -99 -99 -99 -99
-99 -99 -99 -99 -99 -99 -99 -99 -99 -99
-99 -99 -99 -99 -99 -99 -99 -99 -99 -99
-99 -99 -99 -0.32254960864872 -99 -99 -99 -99 -99 -99
-99 -99 -99 0.249488971905696 -99 -99 -99 -99 -99 -99
-99 -99 -99 -99 -99 -99 -99 -99 -99 -99
-99 -99 -99 -99 -99 -99 -99 -99 -99 -99
-99 -99 -99 -99 -99 1.43136351220498 -99 -99 -99 -99
-99 -99 -99 -99 -99 -99 -99 -99 -99 3.65445763019418
-99 -99 -99 -99 -99 2.88614916151503 -99 1.98020682285274 -99 -99
2.00245731041603 -99 -99 -99 -99 1.15864462400915 0.796791307473202 -99 -99 -99
-99 -99 -99 -99 -99 -2.81155128882649 -99 -99 -0.255727426533418 -99
-99 -99 -1.09448485847594 -99 -99 -99 -99 0.496571435457373 1.62166915546482 -99
-99 -99 -99 -99 -99 -99 -99 -99 -99 1.35591737258259
-99 1.32369487331313 -99 -99 -99 0.899671388218897 -99 -99 -99 -99
-99 -99 -99 -99 -99 1.5232311667341 -99 -99 0.0523272783254644 -99
-99 -99 -99 -99 -99 -99 -99 -99 -99 -99
-99 -99 -99 1.58567144909582 -99 -99 -99 -99 -99 -99
-99 3.10388471809966 -99 -99 -99 -99 1.63480453448893 -99 -99 2.02526539811028
-99 -99 2.39620700805377 -99 -99 -99 -99 4.659364170012 -99 -99
-99 -99 1.76596155328203 -99 -99 -99 -99 -99 -99 -99
-99 -99 -99 -99 -99 -99 -99 -99 3.26769025166501 -99
-99 -99 -99 -99 -99 -99 -99 -99 0.473571466540296 -99
-99 -99 -99 -99 -99 1.79469823341627 -99 -99 -99 -99
-99 -99 -99 -99 -99 -99 0.963322558564122 -99 -99 -99
-99 -99 -99 -99 -99 -99 -99 -99 -99 -99
-99 -99 -99 -99 -99 -99 -99 -99 -99 -99
-99 -99 -99 -99 1.59388610377412 -99 -99 -99 -99 -99
-99 -99 -99 -99 -99 -99 -99 -99 -0.976885592368764 -99
-0.676462221965164 -99 -99 -99 -99 -99 -99 -99 -99 -99
-99 -99 -99 -99 -99 -99 -99 -99 -99 -99
-99 -99 -99 -99 -99 1.94234914032765 -99 -99 -99 -99
-99 2.06585593311671 -99 -99 -99 1.01415755537079 -99 -99 -99 -99
-99 -99 -99 -99 -99 -99 -99 -99 -99 -99
-99 -99 -99 -99 -99 -99 -99 -99 -99 -99
2.13419437147663 -99 -99 2.3582446760493 -99 0.803435654764938 -99 -99 -99 -99
-99 -99 -99 -99 -99 -99 -99 1.05606231230062 -99 -99
-99 -99 0.170422765384972 -99 -99 -99 -99 -99 -99 -99
2.73871336546508 -99 -99 -99 -99 -99 -99 -99 -99 -99
-99 -99 -99 -99 -99 -99 -99 -99 -99 -99
-99 -99 -99 -99 -99 -99 -99 -99 -99 -99
2.33669909459237 -99 -99 -99 -99 -99 -99 -99 2.87403331797794 -99
-99 -99 -99 -99 -99 -99 -99 -99 2.87310427413928 -99
-99 -99 -99 -99 -99 -99 -99 -99 -99 -99
1.14080404482654 -99 -99 1.408090970085 -99 -99 -99 -99 -99 -99
-99 -99 -99 -99 -0.375786432658991 -99 -99 -99 -99 -99
-99 -99 -99 -99 -1.20288463162967 -99 -99 -99 0.37495238695713 -99
-99 -99 -99 2.50943988626355 -99 -99 1.19070196239753 -99 -99 3.60942339254905
-99 -99 -99 -99 -99 -99 -99 -99 -99 -99
-99 -99 -99 -99 -99 -99 -99 -99 -99 -99
-99 -99 -99 2.05555874134336 -99 -99 -99 2.98750741050825 -99 -99
-99 -99 -99 2.1063077042687 1.19909169463689 -99 -99 -99 -99 -99
-99 0.332071025429806 0.794198171617336 -99 -99 -99 -99 -99 -99 -99
-99 -99 1.26881215272392 -99 -99 -99 -99 -99 -99 -99
-99 -99 0.235168730402826 -99 -99 -99 -99 -99 -99 -99
-99 3.2813576653467 1.29688491672849 0.282020599000383 -99 -99 -99 -99 -99 -99
-99 -99 -99 -99 -99 -99 -99 -99 -99 -99
-99 -99 0.919635951469516 -99 -99 -99 -99 -99 0.519450892195208 -99
-99 0.856993496832927 0.279989746112009 -99 -99 -99 -99 -99 -99 -99
-99 -99 -99 -99 -99 -99 -99 -99 -99 -99
-99 -99 -99 -99 -99 4.53710493949895 -99 -99 -99 -99
-0.0454167078040255 -99 -99 -99 -99 -99 -99 -99 -99 -99
-99 -99 -99 -99 -99 -99 3.30141236615895 -99 -99 -0.370086004852137
-99 -99 -99 -99 -99 -99 -99 -99 -99 -99
-99 -99 -99 -99 -99 0.823958921876951 0.50042407523556 -99 -99 -99
-99 -99 -99 -99 -99 -99 -99 -99 -99 -99
-99 -99 -99 -99 -99 -99 -99 -99 -99 -99
-99 -99 -99 -99 -99 -99 -99 -99 -99 -99
3.27119416136982 0.877879165697469 -99 -99 -99 -99 -99 -99 -99 -99
-99 -99 -99 -99 -99 1.74513395455876 -99 -99 -99 -99
-99 -99 -99 -99 -99 -99 -99 -99 -99 -99
-99 1.24110641259839 -99 -99 -99 -99 -99 -99 -99 -99
-99 -99 -99 -99 -99 -99 0.720253389832395 -0.595953156607107 -99 -99
-99 -99 -99 -99 -99 -99 -99 -99 -99 -99
-99 -99 -99 -99 -99 -99 -99 -99 -99 -99
-99 -99 -99 -99 -99 -99 -99 -99 -99 -99
-99 -99 -99 -99 -99 -99 -99 -99 -99 -99
-99 -99 -99 -99 -99 -99 -99 -99 -99 -99
-99 -99 -99 -99 -99 -99 -99 -99 -99 -99
-99 -99 -99 -99 -99 -99 -99 -99 -99 -99
-99 -0.572548854328564 -99 -99 -99 -99 -99 -99 -99 0.650238030159773
-99 -99 -99 -99 -99 -99 -99 -99 -99 -99
-99 -99 -99 -99 -0.0328151770513774 -99 -0.574550506495758 -99 -99 -99
-99 0.887976114319729 -99 3.23667286927176 -99 -99 -99 -99 -99 -99
-2.15180400224879 -99 -99 -99 -99 -99 -99 -0.0398649463186229 -99 -99
-99 -99 -99 -99 -99 -99 -99 -99 1.22657010958478 -99
-99 -99 -99 -99 -99 -2.02618618166025 -99 -1.68897297672811 -99 -99
-99 -99 -99 -99 -99 -99 -99 -99 -99 -99
-99 -99 -99 -99 -99 -99 -99 -99 -99 -99
-99 -99 -1.13272217752026 -99 -99 -99 -99 -99 -0.5207599913337 -99
-1.08190062671023 -99 -99 -99 -99 -99 -99 -99 -99 -99
-99 -99 -99 -99 -99 -99 -99 -99 -99 -99
-99 -99 -99 -99 -99 -99 -99 -99 1.94174806433494 -99
-99 -99 -99 -1.51896400782847 -99 -99 -99 -99 -99 -99
-99 -99 -99 -99 -99 -99 -99 -99 -99 -99
-99 -99 -99 -99 -99 -99 -99 -99 -99 -99
-99 -99 -99 -99 1.27333198338554 -99 -99 1.76718214400963 -99 -99
-99 -99 -99 -99 -99 -99 -99 -99 -99 -99
-99 -99 -99 -99 -99 -99 -99 -99 -99 -99
-99 -99 -99 -99 -99 -99 -99 3.31723210636689 2.157192976714 -99
-99 -0.623708913765292 -99 -99 -99 -99 -99 -99 -99 -99
-99 -99 -99 -99 -99 1.7348206001346 -99 -99 -99 -99
-99 -99 -99 -99 -99 -99 -99 -99 -99 -99
-99 -99 1.13091996123369 -99 -99 -99 -99 -99 -99 0.897588853670678
-99 1.32937493333267 -99 -99 -99 -1.27343479025087 -99 -99 -99 -99
-99 -99 -99 -99 -99 0.331924614611292 -99 -99 -99 -99
-99 -99 1.98126828135959 -99 -99 0.0873041097304904 -99 -99 -99 -99
-99 -99 -99 -99 -99 -99 -99 -99 -99 -99
-99 -99 -99 -99 -99 -99 -99 -99 -99 -99
-99 -99 -99 -99 -99 -99 -99 -99 -99 -99
-99 -99 -99 -99 -99 -99 -99 -99 -99 -99
4.80319518436721 -99 -99 -99 -99 -99 3.49861748307707 4.34994753586745 2.43206969088898 -99
-99 -99 -99 2.09975854014795 -99 -99 -99 0.977808972195499 -99 1.32682276699553
-99 -99 -99 -99 -99 -99 0.288399199397965 -99 -99 -99
-99 -99 -99 -99 -99 -99 -99 -99 0.0800590276012925 -99
-99 -99 -99 -99 -99 -99 -99 -99 -99 -99
-99 -99 -99 -99 -99 -99 -99 -99 1.28836473412991 -99
-99 -99 0.883232000590192 -99 -99 -99 0.651308227341044 -99 -99 -99
-99 -99 -99 -99 -99 -99 -99 -99 -99 -99
-99 -99 -99 -99 -99 -99 -99 -99 -99 -99
-99 -99 -99 -99 -99 -99 -99 -99 -99 -99
-99 -99 -99 -99 1.45266181561913 -99 -99 -99 1.62825572351686 -99
-99 1.49973792498567 -99 -99 -99 -99 -99 -99 -99 -99
-99 -99 -99 -99 -99 -99 -99 -99 -99 -99
-99 -99 -99 -99 -99 -99 -99 -99 -99 -99
-99 -99 -99 -99 -99 -99 -99 -99 -99 -99
-99 -99 1.05701763482771 -99 -99 -99 -99 -99 -99 -99
-99 -99 -99 -99 -99 -99 -99 2.03256185906865 2.1627351524098 -99
-99 -99 -99 -99 -1.68903721921461 -99 -99 -99 -0.870913285547428 -99
-99 -99 -99 -99 -99 -99 -99 -99 -99 -99
-99 -99 -99 -99 -99 -1.34926956376474 -99 -99 -99 -99
-99 -99 -99 -99 -99 -99 -99 -99 -99 -99
-99 -99 -99 -99 -99 -99 -99 -99 -99 -99
-99 -99 -99 -99 -99 -99 0.0745559469393209 -99 -99 -99
-99 -99 -99 -99 -99 2.43298244721899 1.25167941673336 -99 -99 -99
-99 1.33263696174099 -99 -99 -99 -99 -99 -0.0838765722470118 2.04005022883829 -99
-0.38856290136436 -99 -99 -99 0.0756784377391013 -99 -99 -99 -99 -99
-99 -0.0423376518840131 -99 -99 -99 -99 -99 -99 -99 -99
-99 -99 -99 -99 -99 -99 -99 -99 -99 -99
-99 -99 -99 -99 -99 -99 -99 -99 -99 -99
-99 -99 -99 -99 -99 -99 -99 -99 -99 -99
-99 -99 -99 -99 -99 -99 -99 -99 -99 -99
-99 -99 -99 0.215177057494516 -99 -99 -99 -99 1.78508895154464 -99
-99 -99 -99 -99 -99 -99 -99 -99 -99 -99
-99 -99 -99 -99 -99 -0.380872306371598 -1.8986999611313 -99 -99 -2.01633542906704
-99 -99 -99 -99 -99 -99 -99 -99 1.15321006524641 -99
-0.384704526444732 0.915501972345054 -99 0.427800005326666 -99 -99 -99 -99 -99 -99
-99 -99 -99 -99 -99 -99 0.20787799732736 1.73771558689689 -99 -99
-99 -99 -99 -99 -99 -99 -99 -99 2.6981973215792 -99
-99 -99 -99 -99 -99 1.92756987334066 -99 -99 -99 -99
1.4669442402193 -99 -99 -99 0.636422007077558 -99 -99 -0.432329884068868 -99 -0.0142051124087299
1.6676382819716 -99 -99 -99 -99 -99 -99 -99 -99 1.87451872454603
-99 -99 -99 -99 -99 -99 -99 -99 -99 -99
-99 -99 -99 -99 -99 -99 -99 -99 -99 4.08350300896328
-99 -99 -99 -99 -99 -99 -99 -99 -99 -0.429870580106321
-99 -99 -99 -99 -99 -99 -99 0.533729370148551 -99 -99
-99 -99 -99 -99 -99 -99 -99 -99 -99 -99
-99 -99 -99 -99 -99 2.07414556894287 -99 -99 -99 -99
-99 -99 -99 -99 -99 -99 -99 -99 -99 -99
0.122130568176188 -99 1.55002326982562 -99 -99 2.96477013827146 -99 -99 -99 -99
-99 -99 -99 -99 -99 -99 -99 -99 1.230408061972 -99
-99 -99 -99 -99 -99 -99 -99 -99 -99 -99
-99 -99 -99 -99 -99 -99 -99 -99 -99 -99
-99 -99 -99 -99 -99 -99 -99 -99 -99 -99
-99 -99 0.0398900385326217 -99 -99 -99 -99 -99 -99 -99
-99 -99 -99 -99 -99 -99 -99 -99 -99 -99
0.810003446957203 -99 -99 -99 -99 -99 -99 -99 -99 0.677956503073344
-99 -99 -99 -99 -99 -99 -99 -99 -0.804995787664432 -99
0.632582089556831 -99 -99 -99 -99 -99 -99 -99 -99 -99
-99 -99 -99 -99 -99 -99 -99 -99 -99 -99
-99 -99 -99 -99 -99 -99 -99 -99 -99 -99
-99 -99 -99 -99 -99 -99 -99 -99 -99 -99
-99 -99 -99 -99 -99 -99 -99 -99 -99 -99
-99 -99 -99 -99 -99 1.95128473251625 -99 -99 -99 -99
-99 -99 -99 -99 -99 -99 -99 -99 4.39483424721292 -99
-99 -99 -99 -99 -99 -2.49933778859771 -99 -99 -99 -99
-99 -99 -99 -99 -99 -99 -99 -99 -99 -99
-99 -99 -99 -99 -99 -99 -99 -99 -99 -99
-99 -99 -99 -99 -99 -99 1.4240498660421 -99 -99 -99
-0.31195670935806 -99 -99 -99 -99 -99 -99 -99 -99 -99
-99 -99 1.57742560349016 -99 -99 -99 -99 -99 -99 -99
-99 -99 3.62575210992608 -99 -99 -99 -99 -99 -99 -99
-99 -99 -99 -99 -99 -99 -99 -99 -99 -99
-99 -99 -99 -99 1.17427853056236 -99 -99 -99 -99 -99
-99 -99 -99 -99 -99 -99 -99 -99 -99 -99
-99 -99 -99 -99 -99 -99 -99 -99 -99 -99
-99 -99 1.06948159615795 -99 -99 -99 -99 -99 0.193153165098247 -99
-99 -99 -99 -99 -99 -99 -99 -99 -99 -99
-99 -99 -99 -99 -99 1.59601962855956 -99 -99 -99 2.0528475316256
-99 -99 -99 -99 -99 -1.75354466246225 -99 -99 -99 -99
-99 -99 -99 -99 -99 -99 1.01733978607525 -99 -99 -99
-99 0.770524402696042 -99 -99 -99 -99 -99 -99 -99 -99
-99 0.499742323145807 -99 -99 -99 -99 -99 -99 -99 -99
-99 -99 -99 -99 -99 -99 -99 0.654596864204232 -99 -99
-99 -99 -99 -99 -99 -99 -99 -99 -99 -99
-99 -99 -99 -99 -99 -99 3.21575592973509 -99 -99 -99
-99 -99 -99 -99 -99 -99 -99 -99 -99 -99
-99 -99 -99 -99 -99 -99 -99 -99 -99 -99
-99 -99 -99 -99 -99 -99 -99 -99 -99 -99
-99 0.704426419015194 -99 -99 -99 -99 -99 -99 -99 -99
-99 -99 -99 1.26611020355309 -99 -99 -99 -99 -99 -99
-99 -99 -1.14189508605454 -99 -99 -1.03428823726482 0.468408399378495 -99 -99 -99
-99 -99 -99 -99 -99 -99 -99 -99 -99 -99
-99 -99 -99 -99 -99 -99 -99 -99 -99 -99
-99 -99 -99 -99 -99 -99 4.14607684475613 -99 -99 -99
-99 -99 -99 -99 -99 -99 -99 -99 -99 -99
-99 -99 -99 -99 -99 -99 -99 -99 -99 -99
3.08767272026624 -99 -99 -99 -99 -99 2.78857160617949 -99 -99 -99
-99 -99 -99 -99 -99 -99 -0.146835494722912 -99 -99 -99
-99 -99 -99 -0.715892657671974 -99 1.26927730869168 -1.34549888595766 -99 -99 -99
-99 -99 -1.62165632464827 -99 -99 -99 -99 0.195593637032737 -99 -99
-99 -99 3.71917701046891 -99 -99 -99 -99 -99 -99 -99
-99 -99 -99 -99 -99 -99 -99 -99 -99 -99
-99 -99 -99 -99 -99 -99 -99 -99 -99 -99
0.477481141884862 0.332307227810423 -99 -99 -99 -99 -99 -99 -99 -99
0.493455457303427 -99 -99 1.7230367422713 -99 -99 -99 -99 -99 -99
-99 -99 -99 -99 -99 -99 -99 1.86615748209944 -99 -99
-99 -99 -99 -99 -99 -99 -99 -99 -99 -2.32484697990619
-99 -99 -99 -99 -99 -99 -99 -99 -99 -99
-99 -99 -99 -99 -99 -2.86638033283368 -99 -99 -99 -99
-99 -99 -0.0487868296598259 -99 1.81741004541955 -99 -99 -99 -99 -99
-99 -99 1.67242092392872 -99 -99 -99 -99 1.54260673228608 -99 -99
-99 -99 -99 0.0200456699076232 -99 -99 -99 -99 -99 -99
0.0649278585590439 -99 -99 -99 -99 2.52180075518764 -99 -99 -99 -99
-99 -99 -99 -99 -99 -99 -99 2.60935743068068 -99 -99
-99 -99 -99 -99 -99 -99 -99 -99 -99 -99
-99 -99 -99 -99 -99 -99 -99 -99 -99 -99
-99 -99 -99 -99 -99 -99 -99 -99 -99 -99
-99 -99 1.96354041761259 -99 -99 -99 -99 -99 -99 -99
-99 -99 -99 -99 -99 -99 -99 -99 -99 -99
-99 -99 -99 -99 -99 -99 -99 -99 -99 -99
-99 -99 -99 -99 0.695100194191172 -99 -99 -99 0.32281454499141 -99
-99 1.72312608928841 2.02430782554451 -99 -99 -99 -99 -99 -99 -99
-99 -99 0.179873381495409 -99 -99 -99 -99 -99 1.44306598208891 -99
-99 -99 -99 -99 -99 -99 -99 -99 -99 2.18767758771024
-99 -99 -99 3.32565043390607 -99 -99 -99 3.6150640748939 -99 -99
-99 2.96999073398432 -99 -99 -99 -99 -99 -99 -99 -99
-99 -99 -99 -99 -99 -99 -99 -99 -99 -99
-99 -99 -99 -99 -99 -99 2.24544949796788 -99 -99 -99
-99 -99 -99 1.34455343974599 -99 -99 -99 -99 -99 -99
-99 -99 -99 -99 -99 -99 -99 2.05285423346043 -99 -99
-99 0.937420204943508 -99 -99 -99 -99 -99 -99 -99 -99
-99 -99 -99 -99 -99 -99 -99 -99 -99 -99
-99 -99 -99 -99 1.22182727891378 -99 -99 -99 -99 -99
-99 -99 -99 -99 -99 -99 -99 2.32596743095982 -99 1.01950039742748
-99 -99 -99 -99 -99 -99 -99 -99 -99 0.909247900034467
-99 -99 -99 -99 1.02954218723969 -99 -99 -0.586697488465964 -99 -99
-99 -99 -99 -99 -99 -99 -99 -0.9400451343333 -99 -99
-99 -99 -99 -99 -99 -99 -99 -99 -99 -99
-99 -99 0.115439568488716 -99 -99 -99 -99 -99 -99 -99
-99 -99 -99 -99 -99 -99 -99 1.52906462175785 -99 -99
-99 -99 -99 -99 -99 -99 -99 -99 -99 -99
-99 -99 -99 0.791870454967428 -99 -99 -99 -99 -99 -99
-99 -99 -99 -99 -99 -99 -1.03702392839079 -99 -99 -99
-99 -99 -99 3.0830575953365 1.37485042634831 -99 -99 -99 -99 0.768732086245413
-99 2.08708632000366 -99 -99 -99 -99 2.86225396908825 -99 -99 -99
-99 -99 2.24694035975754 -99 -99 -99 2.41845839628702 -99 -99 -99
-99 -99 -99 -99 -99 -99 -99 -99 -0.627296899607462 -99
-99 -0.152707720561693 -99 -99 -99 -99 -99 -99 -99 -99
-99 -99 -99 -99 -99 -99 -99 -99 0.460131019122316 -99
-99 -99 -99 1.84904063239664 -99 -99 -99 -99 -99 -99
-99 -99 1.10210957123563 -99 -99 1.14429252288072 -99 -99 -99 -99
1.21635666791471 -99 0.555259079181666 0.168463036684591 -99 -99 -99 -99 -99 -99
-99 -99 -99 -99 -99 -99 -99 0.477732798111685 0.29422981845786 -99
-99 -99 -99 -99 -99 -99 -99 -99 -99 -1.47326497185465
-99 -99 -99 -99 -99 -99 -99 -99 -99 -99
-0.0587513766600605 -99 1.65868835245425 -99 1.898149475758 -99 -99 -99 -99 -99
-99 -99 -99 -99 -99 -99 -99 -99 -99 -99
-99 -99 -99 -99 -99 -99 -99 -99 -99 -99
-99 -99 -99 -99 -99 -99 -99 -99 -99 -99
-99 -99 -99 -99 -99 -99 -99 -99 -99 -99
-99 -99 -99 -99 -99 -99 -99 -99 -99 -99
-99 -99 -99 -99 -99 -99 -99 -99 -99 -99
-99 3.5111805832725 -99 -99 -99 -99 -99 -99 -99 -99
-99 -99 -99 -99 -99 -99 -99 -99 -99 -99
-99 -99 -99 -99 1.87569042149019 -99 -99 -99 -99 1.4859849662181
-99 -99 -99 -99 -99 -99 -99 -99 -99 -99
-99 -99 -99 -99 -99 -99 -99 -99 1.69231497382202 -99
-99 -99 -99 -99 -99 -99 -99 -99 -99 -99
-99 -99 -99 -99 -99 -99 -99 -99 -99 -99
-99 -99 -99 -99 -99 -99 -99 1.02393070290033 -99 -99
-0.304148395740016 0.522737624961923 -99 -99 -99 -99 -99 -99 -99 -99
-99 -99 -99 1.50876937404425 0.79345234969519 4.09134083987449 -99 -99 -99 -99
-99 -99 -99 -99 -99 -99 -99 -99 -99 -99
-99 -99 -99 -1.01092656725553 -99 -99 -99 -99 -99 -99
-99 -2.94723414054141 -99 -99 -99 -99 -99 -99 -99 -99
-99 -99 -99 -99 -99 -99 -99 -99 -99 -99
-99 -99 -99 1.87974925313996 -99 -99 -99 -99 -99 -99
-99 -99 -99 -99 0.22127010785845 -99 -99 -99 -99 -99
-99 -99 0.373791187465366 -99 -99 -99 -99 -99 -99 -99
-99 1.2984907198749 -99 0.885719580393765 -99 -99 -99 -99 -99 -99
-99 -99 -99 -99 -99 -99 -99 -99 -99 -99
-99 -99 -99 -99 0.332117421398112 -99 1.26548126482464 -99 -99 -99
1.07396770883801 -99 -99 1.23661296838251 -99 -99 -99 -99 -99 -99
-99 1.10476437034831 -99 -99 -99 -99 -99 -99 -99 2.25101104667824
-99 -99 -99 0.653684171862683 2.04002830212511 1.44621409828952 -99 -99 -99 -99
-99 -99 -1.4981071332961 -99 -99 -99 -99 -2.13894489061043 -99 -99
-99 -99 -99 -99 -99 -99 -99 -99 -99 -99
-99 -99 -99 -99 -99 -99 -99 -99 -99 -99
-99 -99 -99 -99 1.39059400123569 -99 -99 -99 -99 -99
-99 -99 -99 -99 -99 -99 -99 -99 -99 -99
-99 -99 -99 -99 -99 -99 -99 -99 -99 -99
-99 -99 -99 -2.5370487317488 -99 -99 -99 -99 0.288550594687084 -99
0.997003582426078 -99 -99 -99 -99 -99 -99 -99 -99 -99
-99 -99 -99 -99 -99 -99 -99 -99 -99 -99
-99 -99 -99 -99 -99 -99 -99 -99 -99 -99
-99 -99 -0.728917538923197 -99 -99 0.0475522915676216 -99 -99 -99 -3.11715398081164
-99 -1.97387859994315 -99 -99 -99 -99 -99 -99 -99 -99
-99 -99 -99 -99 -99 -99 -99 -99 -99 -99
-99 -99 -99 -99 -99 -99 -99 -99 -99 1.39589618374919
-99 -99 -99 -99 -99 -99 -99 -99 -99 -99
-99 -99 -99 -99 -99 -99 -99 -99 -99 -99
-99 1.81281513564974 -99 -99 -99 -99 -1.95139414882511 -99 -99 -99
-99 -99 1.746443179224 -99 -99 -99 -99 -99 -99 -99
-99 -99 -99 -1.01780386067668 -99 -99 -99 -99 -99 -99
-99 -99 -99 -99 0.0848849560799076 -99 -99 -99 -99 -99
-99 -99 -99 -99 -99 -99 -99 -99 -99 -99
-99 -99 -99 -99 -99 0.415656880826121 -99 -99 -99 -99
1.21072190344852 -99 -99 -99 -99 -99 -99 -99 -99 -99
-99 -99 -99 -99 -99 -99 -99 -99 -99 -0.429888044030525
-99 3.01332510318275 -99 -99 -99 -99 -99 -99 -99 -99
-99 -99 -99 -99 -99 -99 -99 -99 -99 -99
-99 -0.297686260161913 -99 -99 -99 -1.37255791522858 -1.07339602083865 -99 -99 -99
-99 -99 -99 -99 -99 -99 -99 -99 -99 -99
-99 -99 -99 -99 -0.179593131590554 -99 -99 -99 -99 -99
-99 -99 -99 -99 -0.711011742518716 -99 -99 -99 -99 -99
-99 -99 -99 -99 -99 -99 -99 -99 -99 -99
-99 -99 -99 -99 -99 -99 -99 -99 -99 -99
-99 -99 -99 -99 -99 -99 -99 -99 -99 -99
-99 -99 -99 -99 -99 -99 -99 -99 -99 -99
-99 -99 -99 -99 -99 -99 -99 -99 -99 0.254857042399245
2.51189976525345 -99 -99 -99 -99 1.57194517057294 -99 -99 -99 -99
-99 -99 -99 -99 -99 -99 -99 -99 -99 -99
-99 -99 -99 -0.619178330681971 -99 -99 -99 -99 -99 -99
-99 -99 -99 0.8281132412301 2.33485924294479 -99 -99 -99 -99 -99
-99 -99 0.561846184198519 -99 -99 -99 -99 -99 -99 -99
-99 -99 -99 -99 -99 -99 -99 -99 -99 -99
-99 -99 -0.188924959460983 -99 -99 -99 -99 -99 -99 -99
-99 -99 -99 -99 -99 -99 -99 -99 1.05780970139755 -99
0.322969440616046 -99 -99 -0.616985566015826 -99 -99 -99 -0.0361189564683562 -0.284533098418677 -99
-99 -99 -99 -99 -99 -99 -99 -99 -99 -99
-99 -99 -99 -99 -99 0.665300268841092 -99 -99 -99 -99
-99 -99 -99 1.62324810229897 -99 -99 -99 -99 -99 -99
-99 -99 -99 -99 -99 -99 -99 -0.231078683722939 -99 -99
-99 -99 -99 -99 -99 -99 -99 -99 -99 -99
-99 -99 -99 -99 -99 -99 -99 -99 -99 -0.364201600474224
-99 -99 0.0932931434758386 0.582712400980938 -99 -99 -99 -99 -99 -99
1.59040640115933 -99 -99 -99 -99 -99 -99 -99 -99 -99
-99 -99 -99 -99 -99 -99 -99 -99 -99 -99
2.13631246576263 -99 -99 -99 -99 2.41330444101566 -99 -99 -99 -99
-99 -99 -99 -99 -99 0.306064873879936 -99 -99 -99 -99
-99 -99 1.43042335759535 -99 -99 -99 -99 -99 0.26582976535592 -99
-99 2.71133806864544 -99 -99 -99 -99 -99 -99 -99 -99
-99 -99 -99 -99 -99 -99 -99 -99 0.252951420134246 -99
0.00640144642505902 -99 -99 -99 -99 -99 -99 -99 -99 -99
-99 -99 -99 -99 -99 -99 -99 -99 -99 -99
-99 -99 -99 -99 -99 -99 -99 -99 -99 -99
-99 -99 -99 -99 -99 -99 -99 -99 -99 -99
-99 -99 -99 -99 -99 -99 -99 -99 -99 -99
-99 -99 -99 -99 -99 -99 -99 -99 -99 -99
-99 -99 -99 -99 -99 -99 -99 -99 -99 -99
-99 -99 -99 -99 -99 -99 -99 -99 -99 -99
-99 -99 -99 -99 -99 -99 -99 -99 -99 -99
-99 -99 1.98942027569758 -99 -99 -99 -99 -99 -99 -99
-99 -99 -99 -99 -99 -99 -99 -99 -99 -99
-99 -99 -99 2.01606674530377 2.4603509350032 -99 -99 -99 -99 -99
-99 -99 -99 -99 -99 -99 -99 -99 -99 -99
-99 -99 -99 -99 -99 -99 -0.30390651883981 -99 -99 -99
-99 -99 -99 -99 -99 -99 -99 -99 -99 -99
-99 -99 -99 -99 -1.69444086449691 0.236493339050651 -99 -99 -99 -99
-99 -99 -99 -99 -99 -99 -99 -99 -99 -99
-99 -99 -99 -99 -99 -99 -99 -99 -99 -99
-99 -99 -99 -99 -99 -99 -99 -99 -99 -99
-99 -99 -99 -99 -99 -99 -99 -99 -99 -99
-99 -99 -99 1.78485531340792 -99 -99 -0.271589543161811 -99 -99 -99
-99 -99 -99 -99 -99 -99 -99 -99 -99 -99
-99 -99 -99 -1.1208758626431 -99 -99 -99 -99 -99 -99
-99 -99 -99 -99 -99 -99 -99 -99 -99 1.22530160087828
-99 -99 -99 -99 -99 -99 0.0647453202744028 -99 -99 -99
-99 2.25504855267054 -99 -99 -99 -99 -99 -99 0.895076331218287 -99
-99 -99 -99 -99 -99 -99 -99 -99 -99 -99
-99 1.88784528391966 -99 -99 -99 -99 -99 -99 -99 -99
-99 -99 -99 -0.810699297206778 1.26792203916684 -99 -99 -99 -99 -99
-99 -99 -99 -99 -99 -99 -99 -99 -99 -99
-99 -99 -99 -99 -99 3.72789351734294 1.18284339697351 -99 -99 -99
-99 -99 -99 -99 -99 -99 -99 -99 -99 -99
-99 -99 -99 -99 -99 -99 -99 -99 -99 -99
-99 -99 -99 -99 -99 1.53525026144268 -99 -99 -99 -99
-99 -99 -99 -99 -99 -99 1.30445134150131 -0.238933888693704 -99 -99
-99 -99 2.2579427160113 -99 -99 -99 -99 -99 -99 -99
-99 -99 -99 -99 -99 -99 -99 -99 -99 -99
-99 -99 -99 -0.278688993729293 -99 1.37419621796068 -99 -99 -99 -1.18273560418788
-99 -99 -99 2.79845007364309 -99 -99 -99 -99 -99 -99
-99 -99 -99 -99 -99 1.84090444258096 -99 -99 -99 -99
-99 -99 -99 -99 -99 -99 -99 -99 -99 -99
-99 -99 1.53948050200484 -99 -99 -99 -99 -99 -99 -99
-99 -99 -99 -99 -99 -99 -99 -99 -99 -99
-99 -99 -99 -99 -99 1.8631439297021 -99 -99 -0.471133934644737 0.380161568031979
-99 -99 -99 -99 -99 -99 -99 -99 -99 0.910006002444433
-2.0562718578949 -99 -99 -99 -99 -99 -99 -99 -99 -99
-99 -99 -99 -99 -99 -99 -99 -99 -99 -99
-99 -99 -99 -99 -99 -99 -99 -99 -99 -99
-99 -99 0.123514933046259 -99 -99 -99 -99 -99 -99 -99
-99 -99 2.7471864643841 -99 -99 -99 -99 -99 -99 -99
-99 -99 -99 -99 -99 -99 -99 -99 -99 -99
-99 -99 -99 -99 -99 -99 -99 -99 -99 -99
-99 -99 -99 1.69927518669512 -99 -99 -99 -99 -99 -99
-99 -99 -99 -99 -99 -99 -99 2.31688473977555 -99 -99
-99 -99 -99 -99 -99 -99 -99 -99 -99 -99
-99 -99 -99 -99 -99 -99 -99 -99 -99 -99
-99 -99 -99 -99 -99 2.7695990008547 0.595160023311591 -99 -99 -99
-99 -99 -99 -99 -99 -99 -99 -99 -99 -99
-99 -99 -99 -99 -99 -99 -0.918115146305063 -99 -99 -99
-99 -99 -99 -99 -99 -99 -99 -99 -99 -99
-99 -99 -99 -99 -2.04491780176143 -99 -99 -99 -99 -99
-99 -99 -99 -99 -99 -99 -99 -99 -99 -99
-99 -99 -99 -99 -99 -99 -99 -99 -99 -99
-99 -99 -99 -99 -99 -99 0.100026977242636 -99 -99 -99
-0.693323841737949 -99 -99 -99 -99 0.501255636328271 -99 -99 -99 1.36599439025983
-99 -99 -99 -99 -99 -99 -99 -99 -99 -99
-99 -99 1.52398618994892 -99 -99 0.317629011132126 -99 -99 -99 -99
-99 -1.9725969224707 -99 -99 -99 -99 -99 -99 -99 -99
-99 -99 -99 -99 -99 -99 -99 -99 -99 -99
-99 -99 -99 -99 -99 -99 -99 -99 -99 -99
-99 -99 -99 -99 -99 -99 1.89134205374817 -99 -99 1.0406268398979
-99 -99 -99 -99 1.1356874957374 1.57247341637418 -99 -99 0.55541100995728 -99
-99 -99 -99 -99 -99 -1.21797150911434 -99 1.87948136729516 -99 -99
-99 -99 -99 -99 -99 -99 -0.0451635624578837 -99 -99 -99
-99 -99 -99 -99 -99 -99 -99 -99 -99 -99
-99 -99 -99 -99 0.202892466117061 0.557516671655473 -99 -99 -99 -99
-99 -99 -99 -99 -99 -99 -99 -99 -99 -99
-99 -0.458322874969273 -0.283615434480854 -99 -99 -99 0.759117407340187 -99 0.70968996361398 -99
-99 -99 -99 3.2545998587886 -99 -99 -99 -99 -99 -99
-99 -99 -99 -99 -99 -99 3.94591145806323 -99 -99 -99
-99 -99 0.880741738090494 -99 -99 -99 -99 -99 -99 -99
-99 -99 -99 -99 -99 -99 -99 -99 -99 -0.837974938478603
-99 -99 2.23801003087568 -99 -99 -99 -99 -99 -99 -99
-99 -99 2.90750569981704 -99 -99 -99 -99 -99 -99 -99
-99 -99 -99 -99 -0.917718703839965 -99 -99 -0.0207737155819661 -99 -99
-99 -99 -99 -99 -99 -99 -99 -99 -99 -99
-99 -99 -99 -99 -99 -99 -99 -99 -99 -99
-99 -99 -99 -99 -99 -99 -0.299712297548045 0.669868616101877 -99 1.73649506154537
-99 -99 -99 -99 -99 -99 -99 -99 -99 -99
-99 -99 -99 -99 -99 -99 -99 -99 -99 -99
-99 -99 -99 -99 -99 -99 -99 -99 -99 -99
-99 -99 -99 -99 -99 -99 -99 -99 -99 -99
-99 -99 -99 -99 -99 -0.0601223592516285 -99 -99 -99 -99
-99 -99 -99 -99 -99 -99 1.16116820185519 -99 -99 -99
-99 -99 -99 -0.857675504674638 -99 -99 -99 -99 -99 -99
-99 -99 -99 -99 -99 -99 -99 -99 -99 -99
-99 -99 1.12840716239225 -99 -99 -99 -99 -99 -99 -99
-99 -99 -99 -99 -99 -99 -99 -99 -99 -99
0.0847771538759602 -99 -99 -99 -99 -99 -99 -99 -99 -1.58693262141064
-99 -99 -99 -99 -99 -99 -99 -99 -99 -99
-99 -99 -99 -99 -99 -99 -99 -99 -0.817377348035663 -99
1.01881342731522 -99 -99 -99 -99 -99 -99 -99 1.85320911383192 -99
-99 -99 -0.748125100637597 -99 -99 -99 -99 -99 0.927999037524244 -99
-99 -99 -99 -99 -99 -99 -99 -99 -99 -99
-99 -99 -99 -99 -99 -99 -99 -99 -99 -99
-99 -99 1.97903618236725 -99 -99 -99 -99 -99 4.56976141671935 -99
-99 -99 -99 -99 -0.639941987436901 -3.07282334448002 -3.79897371825787 -99 -99 -99
-99 -99 -99 -99 -99 -99 -99 -99 -99 -99
-99 -99 -99 -99 -99 0.099827789002338 -99 -99 -99 -99
-99 -99 -99 -99 -99 -99 -99 -99 -99 -99
-99 -99 -1.45951716954446 -99 -99 -99 -99 -99 -0.919255781438235 -99
-99 -99 -99 -99 -99 -99 -99 2.97055124297827 -99 -99
-99 -99 0.487711747378058 -99 -99 -99 -99 -99 -99 -99
-99 -99 -99 -99 -99 -99 2.35823165190708 -99 -99 -99
-99 -99 -99 -99 -99 -99 -99 -99 -99 -99
-99 -99 -99 -99 -99 -99 -99 -99 -99 -99
-99 -1.66142356322929 -99 -99 -99 -99 -99 -99 -99 -99
-99 -99 -99 -99 -99 -99 -99 -99 -99 -99
-99 -99 0.509168208966228 -99 -99 -99 -99 -99 -99 -99
-99 -99 -99 -99 -99 -0.279538483949938 -99 1.5828606395143 -99 -99
-99 -99 -99 -99 -99 -99 -99 -99 -99 0.689839646542063
-99 0.993867839423099 -99 -99 -99 -99 -99 -99 -99 -99
1.85233527990667 -99 -99 -99 -99 -99 -99 -99 -99 -99
-99 -99 -99 -99 -99 -99 1.89926054134915 -99 -99 -1.86751370155484
-99 -99 -99 -99 -99 -99 -99 -99 -99 -99
-0.175832593479207 -99 -99 -99 -99 -99 -99 -99 -99 -99
-99 -99 -99 -99 1.32539555830837 -0.172465134026628 -99 -99 -99 -99
-99 -99 -99 -99 -99 -99 -99 -99 -99 -99
-99 -99 -99 2.72586925793581 -99 -99 -99 3.69948752535586 -99 -99
-99 -99 -99 -99 -99 -99 -99 -0.213705919803902 -99 -99
0.676317528422597 -99 -99 -99 -99 -99 2.57399402189829 -99 -99 -99
-1.32706233224938 -99 -99 -99 -99 -99 -99 -99 -99 -99
-99 -99 -99 -99 -99 -99 -99 -99 -99 -99
-99 -99 -99 -99 -99 -99 -99 -99 -99 2.58413827198586
-99 -99 -99 -99 -99 -99 -99 -99 -99 -99
-99 -99 -99 -99 -99 -99 -99 -99 -99 -99
-99 -99 -99 -99 -99 -99 -99 -99 -99 -99
-99 -99 -99 -99 -99 -99 -99 -99 -99 -99
-99 -99 -0.615091718501867 -99 -99 -0.0380226661718575 -99 -99 -99 -99
-99 0.262690004911798 -0.0274875943787456 -99 -99 -99 -99 -99 -0.617460940906891 -99
-99 -99 -99 -99 -99 -99 -99 -99 -99 -99
-99 -99 -99 -99 -99 -99 -99 -99 -99 -99
-99 -99 -99 -99 -99 -99 -99 -99 -99 -99
-99 -99 -99 1.97145140440137 -99 -99 -99 -99 -99 -99
-99 -99 -99 -99 -99 1.61921857216444 -99 -99 -99 0.559066653685949
-99 -99 0.450125539032739 -99 -99 -99 1.34704066840091 -99 -0.0295103988992786 -99
-99 -99 -99 -99 -99 -99 -99 -99 -99 -99
-99 -99 -99 -99 -99 -99 -99 -99 -99 -99
-99 -99 -99 -99 -99 -99 -99 -99 -99 -99
-99 -99 -99 -99 -99 -99 -99 -99 -99 -99
1.69346242717387 -99 -99 -99 -99 -99 -99 -99 -99 -99
-99 -99 -99 -99 -99 -99 -99 -99 -99 -99
-99 -99 -0.0710612039167504 -99 -99 -99 -99 -99 -99 -99
1.56465739190318 -99 -99 -99 -99 -99 -99 -99 -99 -1.92843278618663
-99 -99 -99 -99 -99 -99 -99 -99 -99 -99
-99 -99 -99 -99 -99 -99 -99 -99 -99 -99
-99 -99 -99 -99 -99 -99 -99 -99 -99 -99
3.69033723369052 -99 -99 -99 -99 -99 -99 -99 -99 -99
-99 -99 -99 -99 -99 -99 -99 -99 1.20853731835992 -99
-99 -99 -99 -99 -99 -99 -99 -99 -99 -99
-99 -99 -99 1.8476390361012 -99 -99 -99 -0.389370181361164 -99 -99
-99 -99 -99 -99 -99 -99 -99 -99 -99 -99
-99 0.298095281104653 -99 0.445168533840956 -99 -99 -99 -99 -99 -99
-99 -99 -99 -99 -99 -99 -99 -99 -99 -99
-99 -99 -99 -99 -99 -99 -99 -99 -99 -99
-99 -99 -99 -99 -99 -99 -99 -99 -99 -99
-99 -99 -99 -99 -99 -99 -99 -99 -99 -99
1.11783979745375 -99 -99 -99 -99 -99 -99 -99 -99 -99
-99 -99 -99 0.486621829538272 -99 -99 -99 -0.773029506986723 -99 -99
0.140029075427593 -99 -99 -99 -99 -99 -99 -99 -99 -99
-99 -99 -99 -99 -99 -99 -99 -99 -99 -99
2.56686008151713 -99 -99 -99 -99 -99 -99 -99 -99 -99
-99 -1.60343830845484 -99 -99 0.418950713241476 -99 -99 -99 -99 -99
-99 -99 -99 -99 -99 -99 -99 -99 -99 -99
-99 -99 -99 -99 -99 -99 -99 -99 -99 -99
-99 0.435036855097928 0.634782082662687 -99 -99 -99 -99 -99 -99 -99
-99 -99 -99 2.90319893073624 -99 -99 -99 -99 -99 -99
-99 -99 -99 -99 -99 -99 -99 -99 -99 -99
-99 -99 -99 -99 -99 3.09275398734748 -99 -99 -99 -99
-99 -99 -99 -99 -99 -99 -99 -99 -2.69251060678834 -99
-99 -99 -99 -99 -99 -99 -99 -99 -99 -99
-99 -99 -99 -99 -99 -99 -99 -99 1.79989668364024 -99
-99 -99 -99 -99 -99 -99 -99 -99 -99 -99
-99 1.45125807145826 -99 -99 -99 -99 -99 1.83248882287133 -99 -99
-99 0.793788146504996 -99 -99 -99 1.14232016721881 -99 -99 -99 -99
-99 -99 -99 0.626644645372132 -99 -99 -99 -99 -99 -99
-99 -99 0.245290472359636 -99 -99 -99 -99 -99 -99 -99
-99 -99 -99 -99 -99 -99 -0.0151547395654577 -99 -99 1.26130040320651
-99 -99 -99 -99 -99 -99 -99 -99 -99 -99
-99 -99 -1.98800277611818 -99 -99 -99 -99 -99 -99 -99
1.29009682798103 -99 -99 -99 -99 2.34523897670209 -99 -99 -99 -99
-99 -99 -99 -99 -99 -99 -99 0.200513917223725 -99 -99
-99 -99 -99 -99 -99 -99 -99 -99 -99 2.85920377028722
-99 4.57910860113465 -99 -99 -99 -99 -99 2.93414035609819 -99 -99
-99 1.41916126676304 -99 -99 2.32785978420005 -99 -99 -99 -99 -99
-99 -99 -99 -99 -99 -99 -99 -99 -99 -99
-0.128894624790716 -99 -99 -99 -99 -99 -0.610134352229502 -99 -99 -99
-99 -99 2.47111499421205 -99 -99 -1.86442213151897 -99 -1.73691209103795 -0.419209103407428 -99
4.10248371687755 -99 3.2366866508501 -99 -99 -99 -99 -99 -99 -99
-99 -99 -99 -99 -1.05879316816051 -3.03803281614585 -99 -99 -99 -1.25025408509754
1.82258140332899 -99 -99 -99 -99 -99 -99 -99 -99 0.156109798597273
-99 -99 -99 -99 -99 -99 -99 -99 -99 -99
-99 -99 2.12492057006988 -99 -99 -99 -99 -99 -99 -99
-99 -99 -99 -99 -99 -99 1.76600478147083 -99 -99 -99
-99 4.53836348024333 -99 -99 -99 -99 -99 -99 -99 -99
-99 -99 -99 -99 -99 -99 -99 -99 -99 -99
-99 -99 -99 -99 -99 -99 -99 -0.278094155051756 -99 -99
-99 -99 -99 -99 -99 -99 1.69398338094475 -99 -99 -99
-99 -99 -99 -99 2.38415503133434 -99 -99 -99 -99 -99
-99 2.71028554140865 -99 -99 -99 -99 -99 -99 -99 -99
-99 -99 -99 -99 -99 -99 -99 -99 -99 -99
-99 -99 -99 -99 -99 -99 -99 -99 -99 -99
-99 -99 -99 -99 -99 -99 -99 -99 -99 -99
-99 -99 -99 -99 -99 -99 -99 -99 -99 -99
-99 -99 -99 -99 -99 -99 -0.591776054123322 -99 -99 -99
-99 -99 -99 -99 -99 -99 -99 -99 -99 -99
-99 -99 -99 3.5295533751012 -99 -99 -99 -99 -99 -99
-99 -99 -99 0.829601589531807 -99 -99 -99 -99 -99 -99
1.51641336149444 -99 -99 -99 1.26309295050803 -99 -99 -99 -99 -0.941156886610089
-99 -99 -99 -99 -99 -99 -99 -99 1.15574677899544 -99
-99 -99 -99 -99 -0.589555333580739 -99 -99 -99 -99 -99
-99 -99 -99 -99 -99 -0.652949753271411 -99 -99 -99 -99
-99 -99 -0.894309034290562 -99 -99 -99 -99 -99 -99 -99
-99 -99 -99 -99 -99 -99 -99 -99 -99 -99
-99 -99 -99 -99 -99 -99 -99 -99 -99 -99
-99 -99 -99 -99 -99 -99 -99 -99 -99 -99
-99 -99 -99 -99 -99 -99 -99 -99 -99 -99
-99 -99 -99 -99 -99 -99 -99 -99 -99 -99
-99 -99 -99 -99 -99 1.68290389662554 -99 -99 -99 -99
-99 2.26857183924432 -99 -99 -99 3.06101141455363 -99 -99 -99 -99
-99 3.36357864092042 1.89630069756722 -99 -99 -99 1.4619735221276 -99 -99 -99
-99 -99 -99 -99 -99 -99 -99 -99 2.16893849633861 -99
-99 0.775136322659026 -99 -99 0.397157099230668 -99 0.415248144462945 -99 -99 -99
-99 -99 -99 -99 -99 -99 -99 -99 -1.68930790387734 -99
-99 -99 -99 -99 -99 -99 -99 -99 -99 -99
-99 1.87401524335214 -99 -99 -99 -99 -99 0.528953539877597 -99 -99
-99 -99 -99 -99 -99 -99 -99 1.67149278554264 -99 -99
-99 -99 -99 -0.219263299387413 -99 -99 -99 -99 -99 -99
-99 -99 -99 -99 -99 1.15461891616423 -99 -99 -99 -99
-99 -99 -99 -99 -99 -99 -99 -99 -99 -99
-99 -99 -99 -99 1.25908970135709 -99 -99 -99 -99 -99
-99 -99 -99 -99 -99 -99 -99 -99 -99 -99
-99 -99 -99 -99 -99 -99 -99 -99 -99 -99
-99 -99 -99 -99 -2.39925589845398 -99 -99 -99 -3.27698311725845 -1.14857335843495
-99 -99 -99 2.62764258885801 -99 -99 -99 -99 -99 -99
-99 0.833715381895119 -99 -99 -99 -99 -99 -99 -99 -99
-99 -99 -99 -0.122722036288745 2.24827965416773 -99 -99 -99 -99 -99
-99 1.8538288885303 -99 -99 -99 -99 -99 -99 0.81946514595816 -99
-99 -99 1.83787917310057 -99 -99 -99 -99 -99 -99 3.13038827420281
-99 -99 3.43879745527533 -99 -99 0.61644032300549 -99 -99 -99 -99
-99 -99 -99 -99 -99 -99 -99 -99 -99 -99
-99 -99 -99 -99 -99 -99 -99 -99 -99 -99
-99 -99 -99 -99 -99 -99 -99 -99 -99 -99
-99 -99 -99 -99 -99 -99 -99 -99 0.225443041773308 -99
-99 -99 -99 -99 -99 -99 -99 -99 -99 -99
-99 -99 -99 -99 1.80001452604698 -99 -2.03346599858003 -99 -99 1.6272703887989
-99 -99 -99 -99 -99 -99 -99 -99 -99 -99
