-0.151526543192802 -99 -99 -99 -99 -99 -99 -99 1.24545734954505 -99
-99 -99 -99 1.4511772227541 -99 -99 -99 -99 -99 -99
-99 0.221811565535406 -99 -99 -99 -99 -99 -99 -99 -99
0.195917183813383 -99 -99 -99 -99 -99 -99 -99 -99 -99
-99 -99 -99 -99 -99 -99 1.43917234250987 -99 -99 -99
-99 -99 -99 -99 -99 -99 -99 -99 -99 -99
-99 -0.271974610763104 -99 -99 -99 -99 -99 -99 -99 -99
-99 -99 -99 -99 -99 -99 -0.00375314396183013 -99 -99 -99
-99 -99 -99 -99 -99 -99 -99 -99 -99 -99
-99 -99 -99 -99 -99 -99 -99 -99 -99 -99
-99 -99 -99 -99 -99 -99 -99 -99 -99 -99
-99 -99 -99 -99 -99 -99 -99 -99 -99 -99
0.635275170772503 -99 -99 -99 -99 -99 -99 -99 -99 -99
-99 1.30911760310177 -99 2.31727572837067 -99 -99 0.0585154073204328 -99 -99 -99
-99 -99 -99 -99 -99 -99 -99 -99 -99 -99
-99 -99 0.0663013022263879 -99 -99 -99 1.15582741029281 -99 -99 -99
-99 -99 -99 -99 -99 -99 -99 -99 -99 -99
-99 -99 -99 -99 -99 -99 -99 -99 -99 -99
-99 -99 -99 -99 -99 -99 -99 -0.868088891019997 -99 -99
-99 -99 -99 -99 -99 -99 -99 -99 -99 -99
-99 -99 -99 -99 0.127302745388633 0.794850985911406 -99 3.97731850492749 -99 -99
-99 -99 -99 -99 -99 -99 -99 -99 -99 -99
-99 -99 -99 -99 -99 -99 -99 2.74240075154533 -99 -99
-99 -99 -99 -99 -99 -99 -99 -99 -99 -99
-99 -99 -99 -99 -99 -99 -99 -99 -99 -99
-99 -99 -99 -99 -99 -99 -99 -99 -99 0.636465972761917
-99 1.69033896768733 -99 -99 0.831961133091275 -99 -99 -99 -99 -99
-99 -99 -2.31827831452494 -99 0.20238719560065 -99 -99 -99 -99 -99
-99 0.724841260406461 -99 -99 -99 -99 -99 -99 -99 -99
-99 -99 0.479500977385196 -0.217018088753607 -99 -99 -99 -99 -99 -99
-99 -99 -99 1.6949906297262 -99 -99 -99 1.09546662875444 -99 -99
-99 -99 1.58542849214643 -99 -99 -99 -99 -99 -99 -99
-99 1.16467820838394 -99 -99 -99 -99 -99 -99 -99 -99
-99 -99 -99 2.9668331302814 -99 -99 -99 -99 -99 -99
-99 -99 -99 -99 -99 -99 -99 -99 -99 1.61471229122948
-99 -99 -0.890185711406718 -99 -99 -99 -99 -99 -99 -99
-0.418972130191256 -0.100713561366787 -99 -99 -99 -99 -99 -99 -99 -0.934901779173187
-99 -99 3.61199523621578 1.89223485417423 -99 -99 -99 -99 -99 -99
-99 -99 -99 -99 -99 -99 -99 -99 1.96386939776437 -99
-99 -99 -99 -99 1.87325106802864 -99 -99 4.11015958278925 -99 -99
-99 -99 -99 -99 -99 -99 1.13653553983876 -99 -99 -99
-99 0.224905102308396 -99 -99 -99 -99 -99 -99 -99 1.80941809895956
-99 -99 -99 -99 -99 -99 -99 -99 -99 -99
-99 -99 -99 2.3848255382785 -99 -99 0.730700664521239 1.7093369346861 -99 1.78112251376369
-99 -99 0.945397530633763 -99 -99 -99 -99 -99 -99 1.60893827318692
4.67236861649323 -99 -99 -99 -99 -99 -99 -99 -99 -99
-99 -99 2.24980427694757 4.06392054775929 -99 -99 -99 1.43137768150959 -99 -99
-99 -99 -99 -99 -99 -99 -99 -99 1.20957506551634 -99
-99 -99 -99 -99 3.15559171737203 -99 2.62663447631808 -99 -99 -99
-99 -99 -99 -99 -99 -99 -99 -99 -99 -99
-99 -99 -99 -99 -99 -99 -99 -99 -99 -99
-99 -99 0.691264600603262 -99 -99 -99 -99 -99 0.432626787686085 -99
-99 -99 -99 -99 -99 -99 -99 -99 -99 -99
-99 -99 -99 -99 -99 -99 -99 2.01641529169996 -99 -99
-99 -99 -99 -99 -99 -99 -99 -99 -99 -99
2.64159852356362 -99 -99 -99 -99 -99 -99 -99 -99 -99
2.96293084004608 -99 -99 -99 -99 -99 -99 -99 -99 -99
-99 0.677481075569559 -99 -99 -99 1.36077219818136 -99 1.18765135941837 -99 -99
-99 -99 -99 -99 -99 -99 -99 -99 -99 -99
0.998029919680343 -99 -99 -99 -99 -99 -99 -99 -99 -99
-99 0.543486655571601 -99 -99 -99 1.69684076005744 -99 -99 -99 -99
-99 -99 -99 -99 2.81246711673666 -99 -99 -99 -99 -99
-99 -99 -99 -99 -99 -99 -99 -99 -99 -99
-99 -99 -99 -99 -99 -99 2.32885334221505 -99 -99 -99
-99 -99 -99 -99 -99 -99 -99 -99 -99 -99
-99 -99 -99 -99 -99 -99 -99 -99 -99 1.46302512718865
-99 -99 -99 -99 -99 -99 -99 -99 -99 -99
-99 -99 0.593055133240542 -99 -99 -99 -99 0.611912194317727 0.546815024136364 -99
-99 -99 -99 -99 1.18437671747559 -99 -0.631196673202514 -99 -99 -99
-99 -99 -99 -99 -99 -99 -99 -99 -99 -99
-99 -99 -99 -1.08983030885694 -99 -99 1.62288469373978 -99 -99 -99
-99 -0.615775856757268 -99 -99 -99 -99 -99 -99 -99 -99
-99 -99 -99 -99 -99 -99 -99 1.83081918929394 -99 -99
-99 -99 -99 -99 -99 -99 -99 -99 -99 -99
-99 2.34777213556205 -99 -99 -99 -99 0.216566779163619 -99 -99 -99
-99 -99 -99 -99 -99 -99 0.637963898129136 -0.717234357816392 -99 -99
-99 -99 -99 -99 -99 3.68420485797062 -99 -99 -99 -99
-99 1.96180978983329 -99 -99 0.945597860101919 -99 -99 -99 -99 -99
-99 -99 -99 -99 -99 -99 -99 -99 -99 -99
-99 -99 -99 -99 -99 -99 -99 -99 -99 -99
-99 -99 -99 -99 -99 -99 -99 -99 -99 -99
-99 -99 -99 -99 -99 3.99250393616621 1.61352100594679 -99 -99 -99
-99 -99 -99 -99 -99 -99 -99 -99 -99 -99
-99 0.661146654629517 -99 -99 2.48227900701407 -99 -99 -99 -99 3.8486487500223
-99 -99 -99 -99 -99 -99 -99 1.20420517117531 -99 -99
-99 -99 -99 -99 -99 -99 -99 -99 -99 -99
-99 -99 -99 -99 -99 -99 -99 1.86403672163591 -99 -99
-99 -99 -99 -99 -99 -99 -99 -99 -99 -99
-99 -99 -99 -99 -99 -99 -99 -99 0.889890986302125 -99
-99 -99 -99 -99 0.829028181823241 -99 -99 -99 -99 -99
-99 -99 -99 -99 -99 -99 -99 -99 -99 -99
-99 -99 -99 -99 -99 0.996354204841679 -99 -99 -99 -99
-99 -99 -99 -99 0.762389576826688 -99 0.590419499395485 -99 -99 2.24559581944795
-99 -99 -99 -99 -99 -99 -99 -99 -99 -99
-99 -99 -99 -99 -99 -99 -99 -99 -99 0.375854235386489
-99 -99 2.13305810718461 -99 -99 -99 -99 -99 3.07853645821751 -99
-99 -99 -99 1.99861200361309 -99 1.37150612735062 -99 -99 -99 -99
-99 -99 -99 -99 -99 -99 -99 -99 -99 -99
-99 -99 -99 -99 -99 -99 -99 -99 -99 -99
-99 -99 -0.04026290648387 -99 -99 -99 -99 0.241714578018641 -99 -99
-99 -99 -99 -99 -99 -99 -99 -99 -99 -99
-99 -99 -99 -99 -99 -99 0.18866397931966 -99 -99 -99
-99 -99 -99 -99 -99 -99 -99 -99 -99 -99
-99 -99 -99 -99 -99 -99 -99 -99 -99 -99
-99 -99 -99 -99 -99 -99 -99 -99 -99 -99
1.7064538118174 -99 -99 -99 -99 -99 -99 -99 -99 -99
-99 -99 -99 -99 -99 -99 -99 -99 -99 -99
-0.4578266328371 -99 -99 -0.147981970394069 -99 -99 -99 -99 -99 -99
1.84683344619969 -99 1.63648977739691 -99 -99 -99 -99 -99 2.29521126366412 -99
0.472347210725937 -99 -99 -99 -99 -99 -99 -99 -99 -99
-99 -99 -99 -99 -99 -99 -99 -99 -99 -99
-99 -99 -99 -0.56577227241945 -99 -99 -99 -99 -99 -99
-99 -99 -99 -99 -99 -99 -99 2.65223499816305 -99 1.13566870300258
-99 -99 0.997302150082214 -99 -99 -99 -99 -99 -99 -99
-99 -99 -99 -99 -99 -99 -99 -99 -99 -99
-99 -99 -99 -99 -99 -99 -99 -99 -99 -99
-0.626105090615079 -99 -99 -99 -99 -99 -99 -99 -99 0.813911622180611
-99 -99 -99 -99 -99 -99 -99 -99 -99 -99
2.44532139661473 -99 -99 -99 -99 -99 -99 -99 -99 -99
-99 -99 -99 -99 -99 -99 -99 0.592229147165727 -99 -99
-99 -99 -99 -0.157345915122041 2.83254501053494 -99 -99 -99 -99 -99
-99 -99 -99 1.3167427116241 1.62580798588439 -99 -99 -99 -99 -99
-99 -99 -99 -99 -99 -99 -99 -99 -99 -99
-99 -99 -99 0.487041752901347 -99 -99 -99 -99 -99 -99
-99 -99 -0.103349894988239 1.59624181562247 -99 -99 -99 -99 -99 -99
-99 -99 -99 -99 -99 -99 -99 -99 -99 -99
-99 -99 -99 -99 -99 2.32821573388256 -99 -99 -99 -99
-99 -99 -99 -99 -99 -99 -99 -99 -0.969074321916285 -99
-99 -99 -99 2.48713878535032 -99 -99 1.03291285166192 -99 -99 -99
0.195734633661526 -99 -99 -99 -99 0.656037512647595 -99 -99 -99 -99
-99 -99 -99 -99 -99 -99 -99 -99 -99 3.1210884655811
1.22909180478263 -99 -99 -99 -99 -99 -99 -99 -99 -1.39398053047635
-99 -99 0.901474285169464 -99 -99 -99 -99 -99 -99 -99
1.2008055173602 -99 -99 2.00307096592324 -99 -0.0251159085247852 -99 -99 -99 -99
-99 -99 -99 -99 -99 -99 -99 -99 -99 -99
-99 -99 -99 -99 -99 -99 -99 -99 -99 -99
-99 0.0411772915573373 1.25584390911743 -99 -99 -99 -99 -99 -99 -99
-99 -99 2.2110639305087 -99 -99 -99 0.110820425113238 -99 -99 -99
-99 -99 -99 -99 -99 -99 -99 -99 -99 -99
-99 -99 0.332812050436229 -99 -99 -99 -99 -99 -99 -99
-99 -99 -99 -99 -99 -99 -99 -99 -99 -99
-99 -99 0.960940188231469 -99 -99 -99 -99 -99 -99 -99
-99 0.679180699754903 -99 -99 -99 -99 2.21047736403159 -99 -99 -99
-99 -99 -99 -99 -99 -99 -99 -99 -99 -99
-99 -99 -99 -99 -99 -99 -99 -99 -99 -99
2.30740629769054 -99 -99 -99 -99 -99 -99 -99 -99 -99
2.62396260059452 -99 -99 -99 2.49281452244311 1.98878945274863 0.17482854075875 -99 -99 -99
-99 -99 -99 -99 -99 -99 2.64191129548379 -99 -99 -99
-99 -99 -99 -99 -99 -99 1.56414972394588 -99 -0.164992361853834 -99
2.88785645381668 -99 -99 3.06419310553593 -99 -99 -99 -99 -99 -99
-99 -99 -99 -99 -99 -99 -99 2.16006444927794 -99 -99
-99 -99 -99 -99 -99 -99 0.23696374856498 -99 -99 0.65030592678505
-99 -99 -99 -99 -99 1.20201157702013 -99 -99 -99 -99
-99 -99 -99 -99 -99 -99 -99 -99 -99 -0.602310994527219
-99 -99 -99 -99 -99 -99 -99 0.9564988661118 -99 -99
-99 -99 -99 -99 -99 -99 -99 -99 1.62802074919442 -99
-99 -99 -99 -99 -99 -99 2.4073697147204 -99 -99 -99
-99 -99 -99 -99 -99 -99 -1.12896775181117 -99 0.125786369395434 -99
-99 -99 -99 -99 -99 -99 -99 -99 -99 -99
-99 -99 -99 -99 -99 -99 -99 -99 -99 -99
-99 -99 -99 -99 -99 -99 -99 -99 -99 -99
-99 -99 -99 -99 -99 -99 -0.290425742279876 1.83545765546725 -99 -99
-99 4.0979877119516 -99 -99 -99 -99 -99 -99 -99 -99
-99 -99 -99 -99 -99 -99 -99 -99 -99 -99
-99 0.754818262337592 -99 -99 -99 -99 -99 -99 -99 -99
-99 -99 -99 -99 -99 -99 -99 -1.00588108412211 -99 -99
-99 1.19515168085918 -99 -99 0.716002903221858 -99 1.63631338261073 -99 -99 -99
0.969182504098843 -99 1.83193573373626 -99 -99 -99 -99 -99 -99 -99
-99 -99 -99 0.507297540119448 2.65070113238011 -99 2.12127479441461 -99 -99 -99
-99 -99 -99 -99 -99 -99 -99 -99 -99 -99
-99 -99 -99 -99 1.4229026156279 -99 -1.19616652145369 -99 1.6116540758039 -99
1.32266124699596 -99 -99 -99 -99 -99 -99 -99 -99 -99
-99 -99 -99 -99 0.58469591069773 -99 -99 -99 1.89133018700754 -99
-99 -0.705102195019416 -1.57569251790157 -99 -0.791177135002876 -99 -99 -99 -99 -99
-99 -99 -99 -99 -99 -99 -99 -99 -99 -99
-99 -99 -99 2.1278660351921 -99 -99 -99 -99 -99 -99
-99 -99 -99 -99 -99 -99 -99 -99 -99 -99
-99 -99 -99 -99 -99 -99 -99 2.08149601098851 -99 -99
2.11485595503281 -99 -99 3.27248558333529 -99 -99 -99 -99 -99 -99
-99 -99 -99 -99 -99 -99 1.26670559288385 -99 -99 -99
2.69154357279307 -99 2.83542047914241 -99 -99 -99 -99 -99 -99 -99
-99 -99 -99 -99 -99 -99 -99 -99 -99 -99
-99 -99 -99 -99 -99 2.45216800873155 -99 -99 -99 -99
-99 -99 -99 -99 -99 2.89735575171227 -99 -99 -99 -99
-99 -99 -99 -99 3.66459481284728 -99 -99 1.7886776138198 -99 -99
-99 -99 -99 -99 -99 -99 -99 -99 -99 -99
-99 -99 -99 -99 -99 -99 -99 -99 -99 -99
-99 -99 -99 -0.595451263428625 -99 -99 -99 -0.951931844527402 -0.240961483735717 -99
-99 0.651922591119389 -99 -99 -99 -99 -0.0527257988288261 -99 -99 -99
-99 -99 -99 -99 -99 -99 -99 -99 -99 -99
-99 -99 -99 -99 -99 -99 -99 -99 -99 -99
-99 1.55949850430125 -99 -99 -99 -0.474514855933077 -99 -99 -99 -99
-99 -99 -99 -99 -99 -99 -99 -99 -99 -99
-99 -99 -99 -99 1.03884779914788 -99 -99 -99 -99 -99
-99 -99 -99 -99 -99 -99 -99 -99 -99 -99
-99 -99 -99 -99 -99 -99 -99 1.8156794772599 -99 1.82608263132641
0.181146590183695 -99 -1.06991404315347 -99 -99 -1.38303263862638 -99 -99 -99 -99
-99 -99 -99 -99 -99 -99 -99 -99 -99 -99
-99 -99 -99 -99 -99 -99 -99 -99 -99 -99
-99 -99 -99 -99 -99 -99 3.22405188624659 -99 0.312472326031851 -99
-99 -99 -99 -99 -0.587169868309952 -99 -99 -99 -0.422513321895541 -99
-99 -99 -99 -99 -99 -99 -99 0.945187517973675 -99 -99
-99 -99 -99 -99 -99 1.116682142449 -99 -99 -99 0.189344718582513
1.92874868106114 -99 1.64776267907579 -99 -99 -99 0.218799642643578 -99 -99 -99
-99 -99 -99 -99 -99 2.34769880336485 -99 -99 -99 -99
-99 -99 -99 -99 -99 -99 -99 -99 -99 -99
-99 -99 -99 -99 -99 -99 -99 -99 -99 -99
-99 -99 -99 -99 -99 -99 -99 -99 -99 -99
-99 -99 -99 -99 -99 -99 -99 3.43504523329998 -99 -99
-99 -99 -99 -99 -99 3.97264337935091 -99 -99 -99 -99
-99 -99 -99 -99 -99 -99 -99 2.48110926501643 -99 -99
-99 -99 -99 -99 -99 -99 -99 -99 -99 -99
-99 -99 -99 -99 -99 -99 -99 -99 -99 -99
-99 -99 -99 -99 -99 -99 -99 -99 -99 -99
-99 -99 -99 -99 -99 -99 1.25037633836422 1.57241906155521 -99 2.61380076852923
-99 -99 -99 -99 -99 1.93692517923632 -99 -99 -99 -99
-99 -99 -99 -99 -99 -99 -99 -99 2.92834375556783 -99
-99 -99 -99 -99 -99 -99 -99 -99 -99 -99
-99 -99 -99 -99 -99 -99 -99 1.4176639587101 -99 -99
-99 -99 -99 -99 -99 -99 -99 -99 -99 -99
-99 -99 -99 -99 -99 -99 -99 -99 -99 -99
-99 -99 -99 -99 -99 -99 -99 -99 -99 -99
-99 -99 -99 -99 -99 -99 -99 -99 -99 -99
-99 -99 -99 -99 -1.1554460360949 -99 -99 -99 -99 -99
-99 -99 -99 -99 -99 -99 -99 -99 -99 -99
-99 -99 -99 0.887271337700483 -99 0.0855995744079691 -99 -99 -99 0.881281409587527
-0.443381791439236 -99 -99 -99 -99 -99 -99 -99 -99 -99
-99 -99 0.35853859754405 -99 1.5168015843783 -99 -99 -99 0.0349619480398411 -99
-99 -99 -99 -99 -99 -99 -99 -99 -99 -99
-99 -99 -99 -99 -99 -99 -99 -0.18150097647856 -99 -99
-99 -99 1.09818717435378 -99 -99 -99 0.745492368619819 -99 -99 -99
-99 -99 -99 -99 -99 -99 -99 -99 -99 -99
-99 2.80974935115055 -99 -99 -99 -99 -99 -99 -99 1.29099793983957
-99 -99 -99 -99 -99 -99 -99 -99 0.828724595402932 -99
-99 -99 -99 -99 -99 -99 -99 -99 -99 -99
-99 -99 -99 -99 -99 -99 -99 -99 -99 -99
-99 -99 -99 -99 -99 -99 -99 -99 -99 -0.15186151327852
-99 2.45657942902247 -99 -99 -99 -99 1.45751998677606 -99 -99 -99
-99 -99 -99 -99 -99 -99 -99 -99 -99 -99
-99 -99 -99 -99 -99 -99 -99 -99 -99 -99
-99 -99 -99 -1.04957727835905 -99 -99 -99 -99 -99 -99
-99 -99 -99 -99 -99 -99 -99 -99 -99 -99
-99 -99 1.90622667881574 -99 -99 -99 -99 -99 -99 -99
-99 1.81162982842292 -99 -99 -99 -99 -99 0.0132187137156821 -99 -99
-99 -99 -99 0.216952197363314 -99 1.24372633072536 -99 -99 -99 -99
-99 -99 -99 -99 -99 -99 -0.704188588726335 -99 -99 -99
-99 -99 -99 -99 -99 -99 -99 -99 -99 -99
-99 -99 -99 -99 -99 -99 -99 -99 -99 -99
-99 -99 -99 -99 -99 -99 0.396424914921629 -99 -99 -99
-99 -99 -99 -99 -99 -99 -99 -99 -99 -99
-99 -99 1.55099694614836 -99 -99 0.792446176829915 -99 -99 0.707878676106779 0.784374659573864
-99 -99 -99 -99 -99 -99 -99 -99 -99 -99
-99 -99 -99 -99 -99 -99 -99 -99 3.47962869168831 -99
1.22092804996157 -99 -99 -99 -99 -99 -99 -99 -99 -99
-1.23430926243172 -99 -99 -99 -99 -99 -99 -99 -99 -99
-99 -99 1.70010994465557 0.309136444992984 -99 -99 -99 -99 -99 -99
2.6243089335231 -99 -99 -99 -99 -99 -99 0.951448282694602 -99 -99
-99 2.75374371039756 0.546574839279029 -99 2.82379693993649 -99 -99 -99 -99 -99
-99 -99 -99 -99 -99 0.158781431702726 -99 -99 -99 -99
-99 -99 -99 -99 -99 -99 -99 -99 -99 -99
-0.342222384144677 -99 -99 -99 -99 -99 -99 -99 -99 -99
-99 -99 -99 -99 -99 -99 -99 -99 -99 -99
-99 -99 -99 -99 -99 -99 -99 -99 -99 -99
0.216033975631954 -99 -99 -3.14101386964494 -99 -0.41752631129542 -1.53402150927446 -99 -99 -99
-99 -99 -99 -0.753817988001502 -99 -99 -99 -99 -99 -99
-99 -99 -99 -99 -99 -99 -99 -99 1.37036580418034 -99
-99 -99 -99 -99 -99 -99 -99 -99 -0.0624183968530865 -99
-99 -99 -99 -99 -99 -99 -99 -99 -99 -99
-99 -99 -99 -99 -99 -99 -99 -99 -99 -99
-99 -99 -99 -99 -99 -99 -99 -99 -99 -99
1.60742603320795 -99 -99 -99 -99 -99 -99 -99 -99 -99
-99 -99 -99 -99 -99 -99 -99 -99 -99 -99
-99 -99 -99 -99 -99 -99 -99 -99 0.50234864734073 -99
-99 -99 -99 -99 -99 -99 -99 -99 -0.342787008411321 -99
-99 -99 -99 -99 -99 -99 -99 1.81943145862167 -99 -99
-99 -99 -99 -99 3.23448484165745 -99 -99 -99 -99 -99
-99 -99 -99 -99 -99 0.626332802589962 -99 -99 -99 -99
-99 -99 -99 -99 -99 -99 1.25960834267266 -99 -99 -99
-99 -99 -99 -99 -99 -99 -99 -99 -99 -99
-99 -99 -99 -99 -99 -99 -99 -99 -99 -99
-99 -99 -99 -1.43394206270443 -99 -99 -99 -99 -1.48823636603067 -99
-99 -99 0.0668338627756796 -99 -99 -99 -99 -99 -99 -99
0.695797411358278 3.66595935672518 -99 -99 -99 -99 -99 -99 -99 -99
-99 -99 -99 -99 -99 -99 -0.338509196302439 -99 -99 -0.614341502265541
-99 -99 -99 -99 -99 -99 -99 0.781929372597304 -99 -99
-99 -99 -99 -99 -99 -99 -99 -99 -99 -99
-99 -0.772020588856088 -99 -99 -99 -99 -99 -99 -99 -99
-99 -99 -99 -99 -99 -99 -99 -99 -99 -99
-99 -99 -99 -99 -99 -99 -99 -99 -99 -99
-99 -99 -99 -99 2.24316979677529 -99 -99 -0.0513522774722299 -99 -99
-99 -99 -99 -99 -99 -99 -99 -99 -99 -99
-99 -99 -99 -99 -99 -99 -99 1.05376105242115 -99 -99
-99 -99 5.51796535273255 -99 4.63919820625635 5.50523132303978 -99 -99 -99 -99
-99 -99 -99 -99 -99 -99 -99 -99 -99 -99
-99 2.20263647982258 -99 -99 -99 -99 -99 -99 -99 -99
-99 -99 -99 -99 -99 -99 -99 -99 -99 -99
-99 2.09935252311383 -99 -99 -0.384684105128361 -99 -99 -99 -99 -99
-99 -99 -99 -99 -99 -99 -99 2.76928692076647 -99 -99
-99 -99 -99 -99 -99 -99 -99 -99 -99 -99
-99 -99 -99 -99 -99 -99 -99 -99 -99 -99
-99 -99 -1.32198708413588 -99 -99 -99 -99 -99 -99 -99
-99 -99 -99 -99 -99 -99 -99 -99 -99 -99
-99 -99 -99 -99 -99 -99 -99 -99 -99 -99
-0.577746723149364 -99 0.460205109715508 -0.972536166854851 1.20311381357851 -99 -99 -99 -99 -99
-99 -99 -99 -99 -99 -99 -99 -99 -99 -99
-99 -99 -99 -99 -99 -99 -99 -99 -99 -99
-99 -99 -99 -99 -99 -99 -99 -99 -99 -99
-99 -99 -99 -99 -99 -99 -0.347840854953266 -99 -99 -99
-99 -99 -99 -99 -99 -99 -99 -99 -99 -99
-99 -99 -99 -99 -99 -99 -99 -99 -99 -99
-99 -99 -99 -99 -0.911225612589029 -99 -99 -99 0.781080096873153 -99
-99 -99 0.29535203633922 -99 -99 -99 -99 -99 -99 -99
-99 -99 -99 -99 -99 -99 -99 -99 -99 -99
-99 -99 -99 -99 -99 -99 -99 -99 -99 -99
-99 1.55113721859863 -99 -99 -99 2.9134169131579 -99 -99 -99 -99
0.0230465413816681 -99 -99 -99 -99 -99 0.637758022749834 -99 -99 -99
-99 -99 -99 -99 -99 -99 -99 -99 0.980966301794302 -99
-99 -99 -99 -99 -99 -0.193899365975411 -99 -99 -99 -99
-99 -99 -99 -99 -99 -99 -99 -99 2.30862324590617 -99
1.02156766162243 -99 -99 -99 -99 -99 -99 -99 -99 -99
-99 -99 -99 -99 -99 -99 -99 -99 -99 -99
-99 3.55128467669145 -99 -99 -99 -99 -99 3.04988670281776 -99 -99
-99 3.28180468682875 1.59965778026906 -99 -99 1.08748160719435 -99 -99 -99 -99
-99 -99 -99 -99 -99 -99 -99 -99 -99 -99
-99 -99 -99 -99 -99 -99 -99 -99 -99 -99
-99 -99 -99 -99 -99 -99 -99 -99 -99 -99
-99 -99 -99 -99 -99 -99 -1.93287150412075 -99 -99 -99
-99 -99 -99 -99 -99 -99 -99 -99 0.466757625191381 -99
-99 -99 -99 -99 -99 -99 -99 -99 -99 -99
-99 -99 -99 -99 -99 -99 -99 -0.147522465013532 -99 -99
0.248603724357489 -99 -99 -99 -99 -99 -99 -99 -99 -99
-99 -99 -99 -99 -99 -99 -99 -99 -99 -99
-99 -99 -99 -99 -99 -99 -99 -99 -99 -99
-99 -99 -99 1.97132326189765 -99 1.2255771845037 -99 -99 1.27263833893397 -99
1.96755162939784 -99 -99 -99 2.41119581776335 -99 -99 -99 -99 -99
-99 1.22115716326576 -99 -99 -99 -99 -99 0.406893188297812 -99 -99
-99 0.264143989575634 -99 -99 1.64163935150882 -99 -99 0.571422744361982 -99 -99
-0.33802974289067 -99 -99 -99 -99 -99 -99 -99 -99 -99
-99 -99 -99 -99 -99 -99 -99 -99 -99 -99
-99 -99 -99 -99 -99 -99 1.50491104438899 1.82812970039487 2.03741961608483 -99
-99 -99 -99 -99 -99 -99 -99 -99 -99 0.541874100941125
-99 -99 -99 -99 -99 -99 -99 -99 -99 -99
-99 4.93600871782991 -99 -99 -99 -99 -99 -99 -99 -99
-99 1.22758009492373 0.817257028703048 -99 -99 -99 -99 -99 -99 -99
-99 -99 -99 -99 -99 -99 -99 -99 -99 -99
-99 -99 -99 -99 -99 -99 -99 -99 -99 -99
-99 -99 -99 -99 2.15875873667407 -99 -99 -99 -99 -99
-99 -99 -99 -99 -99 -99 -99 -99 1.95886194172061 -99
-99 -99 -99 1.43982474874249 -99 -99 -99 -99 -99 -99
-99 -99 -99 -99 -99 -99 -99 -99 -99 -99
-99 -99 -99 -99 -99 -99 -99 -99 -99 -99
-99 -99 -99 -99 -99 -99 -99 -99 -99 -99
-99 -99 -99 -99 -99 -99 -99 -99 -99 -99
-99 -99 -99 -99 -0.23212865250631 -99 -99 -99 -99 -99
-99 4.36534762754889 -99 -99 -99 -99 -99 -99 -99 -99
1.32860202258804 -99 -99 -99 -99 -99 -99 -99 -99 -99
-99 -99 2.00314590117333 -99 -99 -99 -99 -99 -99 -99
-99 -99 -99 -99 -0.70713197755175 -99 -99 -99 -99 -99
-99 -99 -99 -99 -99 -99 -99 -99 -99 -99
-99 -99 -99 -99 -99 -99 -99 -99 -99 -99
-99 -99 -99 -99 -99 -99 -99 -99 -99 0.595259720177465
-99 0.0443935223894043 -99 -99 -99 -99 -99 -99 -99 -99
-99 -99 -99 -99 -99 -99 -99 -99 -99 -99
-99 -99 -99 -99 -99 -99 -99 -99 -99 -1.06078424718808
-99 -99 -99 0.898156645539066 -99 -99 -99 -99 -99 -99
-99 -99 -99 -99 -99 -99 -99 -99 -99 -99
-99 -99 -99 -99 2.01694539238752 -99 -99 -99 -99 -99
0.131182127669968 -99 -99 -99 -99 -99 -99 -99 0.297233959634795 -99
-99 -99 -99 -99 -99 -99 -99 -99 -99 1.92266397196882
-99 -99 -1.3670667753809 -99 -99 -99 -99 -99 -99 -99
-99 -99 -99 -99 -99 -99 1.63720661838028 -99 -99 0.860335706260912
-99 -99 -99 -99 -99 -99 -99 -99 -99 -99
-99 -99 -99 -99 0.132187155849694 -99 -99 -99 -99 -99
-99 -99 -2.12249689669324 -99 -99 -99 -99 -99 -99 -99
-99 -99 0.528368714716974 -99 -99 -99 -99 -99 -99 -99
-99 -99 -0.484618868874354 -99 -99 -99 -99 -99 -99 -99
-0.659979884313946 -99 -99 -0.36481464021531 -99 -99 -99 -99 -99 -99
-99 -99 -0.653290922662919 -99 -99 -99 -99 -99 -99 -0.83608127279564
2.90407354414987 -99 -99 2.25543975432097 -99 -99 -99 -99 -99 -99
-99 -99 -99 -99 1.02714628013304 -1.13169750735675 -99 -99 -99 -99
-99 -99 -99 -99 -99 -99 -99 3.86007097138535 -99 -99
-99 -99 -99 2.32503750111158 -99 -99 -99 -99 2.29270967762354 -99
-99 -99 -99 -99 -99 -99 -99 -99 -99 -99
-99 -99 -99 -99 -99 -99 -99 -99 -99 -99
-1.58779229777116 -99 -99 -0.567055452594099 -99 -99 -99 -0.506308331233589 -99 -99
-99 -99 -99 -99 -99 -99 -99 -99 -99 2.16731953851859
-99 -99 -99 -99 -99 -99 -99 -99 -99 -99
2.11951102177124 -99 -99 -99 -0.521609331913182 -99 -99 -99 -99 -99
-99 -99 -99 -99 -99 -99 -99 -99 -99 -99
-99 -99 -0.107912973677397 -99 -99 -99 -99 -99 -99 -99
-99 -99 -99 -99 -99 -99 2.12679111997758 -99 -99 -99
-99 -99 -0.821545058983578 -99 -99 -99 -99 -99 -99 -99
-99 -99 -99 -99 -99 -99 -99 -99 -99 -99
-99 1.82201710320104 -99 -0.874876835376104 -99 -99 -99 -99 -99 0.147851137765138
-99 -99 -99 -99 -99 -99 -99 -99 -99 -99
-99 -99 -99 -99 -99 -99 -99 -99 -99 -99
-99 -99 -99 -99 -99 -99 -99 -99 -99 -99
-99 -99 -99 -99 -99 -99 -99 -99 -99 -99
-99 -99 0.0624949560582415 -0.59055644652671 -99 -99 -99 -99 -99 1.87106233431586
-99 -99 -99 -99 -99 -99 -99 -99 0.742906649905734 -99
-99 -99 -99 -99 -99 -99 -99 -99 -99 -99
-99 -99 -99 -1.40198320226904 -99 -99 2.29911636292741 -99 -99 -99
3.15144749773464 -99 -99 -99 -99 -99 -99 -99 -99 -99
-99 -99 -0.374599619261551 -99 -99 -99 -99 0.779967548682845 -99 -99
-99 -99 -99 -99 -99 2.74865384345327 2.01030972283554 -99 -99 -99
-99 -99 -99 1.59655740387611 -99 -99 -99 -99 -99 -99
-99 2.30832130984774 -99 -99 -99 -99 -99 -99 -99 -99
2.75915997344014 0.560913924353977 -99 -99 1.36175778137279 -99 -99 -99 -99 -99
-99 -99 -99 -99 -99 -99 -99 -99 -99 -99
-99 -99 -99 -99 -99 -99 -99 -99 -99 2.222841569225
1.15659928655271 -99 -99 -99 -99 -99 -99 -99 -99 -99
-99 -99 -99 -99 -99 -99 -99 -99 -0.808297291592351 -99
-99 -99 -99 -99 0.145583092496823 -99 -99 -99 -99 -99
-0.476470838918536 -99 -99 0.653025918226667 -99 -99 -99 -99 -99 -99
-99 -99 -99 -99 -99 -99 -1.90083474171194 -99 -1.80096295202744 -1.4038034206538
-99 -99 -99 -99 -99 -99 -99 -99 -99 -99
-99 -99 -99 -99 -99 -99 -99 -99 1.51127943909999 2.41078428646554
-99 -99 -99 -99 -99 -99 -99 -99 -99 -99
-99 -99 -99 -99 -99 -99 -99 -99 3.00118826643322 -99
-99 -99 -99 -99 -99 -99 -99 -99 -99 -99
-99 -99 -99 -99 -99 -0.344179680941312 -99 -99 -0.922420821394879 -99
-99 -99 -99 -99 -99 -99 -99 -99 -99 -99
0.673892606070408 -99 -99 -99 -99 -99 -99 -99 1.50154113234088 -99
-99 -99 -99 -99 -99 -99 -99 -99 -99 -99
-99 -99 -99 -99 -99 -99 -99 -99 1.17635432584553 -99
-99 -99 1.06374641162679 0.529575696053727 -99 -99 -99 -99 -99 -99
-99 -99 -99 -99 0.310714056303823 0.178922452067022 -99 -99 0.758604152481165 -99
-99 -99 -99 -99 -99 -99 -99 -99 -99 -99
-99 -99 -99 -99 -99 -99 -99 -99 -99 -99
-99 -99 -99 -99 -99 -99 -99 -99 -99 -99
-99 -99 -99 -99 -99 -99 -99 -99 -99 -99
-99 0.524676656024188 -0.90882985652835 -99 -99 -99 -99 -99 -99 -99
-99 -99 -99 -99 -99 0.678867403370055 0.614875022819383 -99 -99 -99
-99 -99 2.31120135360624 -99 -99 -99 -99 -99 -99 -99
-99 -99 -99 -99 2.25291239566379 -99 -99 -99 -99 -99
-99 -99 -99 -99 -99 -99 0.663121532352106 -99 -99 -99
-99 -99 -99 -99 2.32155473600126 0.975991659912752 -99 -99 2.73027212641503 -99
-99 -99 -99 -99 -99 -99 -99 -99 -99 -99
-99 -99 -99 -99 -99 -99 -99 -99 -99 -99
-99 -99 -99 -99 -99 -99 -99 -99 -99 -99
-99 -99 -99 -99 -99 -0.384109271119112 -1.36596510323004 -99 -99 -99
-99 -99 -99 0.902137456138533 -99 -99 -99 -99 -99 -99
-99 1.05622775996223 -99 -99 -99 -99 -99 -99 0.762900124008282 -99
2.35166143166326 -99 -99 -99 -99 -99 -99 -99 -99 -99
-99 -99 -99 -99 -99 -99 -99 -99 -99 -99
1.49312781077478 -99 -99 -99 -99 -99 -99 -0.625095985761358 -99 -99
-1.2689326114308 -99 -99 -99 -99 -99 -99 -99 -99 -99
-99 -99 -99 -99 -99 -99 -99 0.276215762313725 -99 2.42201297323247
-99 -99 -99 -99 -99 1.13295374570453 -99 -99 -99 -99
-99 -99 -99 -99 -99 -99 -99 -99 -99 -99
-99 -99 -99 -99 -0.771196917686683 -99 -99 1.84559819082329 -99 -99
-99 -99 -99 -99 -99 -99 -99 -99 -99 -99
3.92564002622526 -99 -99 -99 -99 -99 -99 3.66907529694272 -99 -99
-99 -99 -99 -0.280383537749009 -99 -99 -99 -99 -99 -99
-99 -99 -0.265563375824129 -99 -99 -99 -99 -99 0.801833953933251 -99
-99 -99 -99 -99 -99 -99 -99 -99 -99 -99
-99 -99 -99 -99 -99 -99 3.09884368841853 -99 -99 0.636651493522326
-99 -99 -99 -99 -99 -99 -99 -99 -99 -99
-99 -99 -99 -99 -99 -99 -2.21729068106309 -99 -99 -99
-99 1.28547462328904 -99 -99 -99 -99 -99 -99 -99 -99
-99 -99 -99 -99 -99 -99 -99 -99 2.05051014924204 -99
-99 -99 -99 -99 -99 -99 -99 -99 -99 -99
-99 -99 -99 -99 -99 -99 -99 -99 -99 -99
-99 -99 -99 -99 -99 -99 -99 -99 -99 -99
-99 -99 -99 -99 1.45457508874477 -99 -99 -99 -99 -99
-99 -99 -99 0.580311353437129 -99 -99 -99 -99 -99 -99
-99 -99 -99 -99 -99 -99 -99 -99 -99 -99
-99 -99 -99 -99 -99 0.625177594452588 -99 -99 -99 -99
2.57414637910166 -99 -99 -99 -99 -99 -99 -99 -99 -99
-99 -99 -99 -99 -99 -99 -99 -99 -99 -99
-99 -99 -99 -99 -99 -99 -99 -99 -99 -99
-99 -99 -99 -99 -99 -99 -99 -99 -99 -99
-2.2912513871424 -99 -99 -99 -0.351906608281621 -99 -99 -99 -99 -99
1.86349108022288 -99 -99 -99 -99 -99 -99 -99 -99 -99
-99 3.91258169520214 -99 -99 -99 -99 -99 -99 2.7433974927676 -99
-99 -99 -99 -99 -99 -99 -99 -99 -99 -99
-99 -99 -99 -99 -99 2.55280226465022 -99 -99 -99 -99
-99 -99 -99 -99 -99 1.5396241444831 -99 -99 -1.38118460922793 -99
-99 -99 -99 -99 -99 -99 -99 1.33110166406754 1.66954162708026 -99
-99 -99 -99 -99 -99 -99 -99 -99 -99 -99
-99 -99 1.21303244095634 -99 3.61483368611055 -99 -99 -99 -99 2.02321663026382
-99 -99 -0.184151386096751 -99 -99 -99 -99 -99 -99 -99
-2.27472128606631 -99 -99 -99 -99 -99 -99 -99 -99 -99
-1.19637055794195 -0.0196907620781883 -99 -99 -99 -99 0.64865007066022 -99 -99 -0.359721674152811
-99 -99 -99 -99 -99 -99 -99 -99 -99 -99
-99 -99 -99 -99 -99 -99 -99 -99 -99 -99
-99 -99 -99 -99 -99 -99 -99 -99 -99 -99
-99 -99 -99 -99 -99 -99 -99 -99 -99 -99
-99 -99 -99 -99 -99 -99 -99 -99 -99 -99
-99 -99 -99 -99 -99 -99 -99 -99 -99 -99
-99 -99 -99 -99 -99 -99 -99 -99 -99 -99
-99 -99 -99 -99 -99 -99 -99 -99 -99 -99
-99 -99 -99 -99 -99 -99 -99 -99 -99 -99
-99 -99 -99 -99 -99 -99 -99 -99 0.562554871076184 1.48411789730942
-99 2.25038295884432 -99 -99 -99 -99 -99 -99 -99 -99
-99 -99 -99 -99 -99 1.6533299429701 -99 -99 -99 -99
-0.0194383400012155 -99 -99 -99 -99 -99 -99 -99 -99 -99
-99 -99 -99 -99 -99 -99 -99 -99 -99 -99
-99 -99 -99 -99 -99 -99 -99 -99 -99 -99
1.13140961014119 -99 -99 -99 -99 -99 -99 -99 -99 -99
-99 -99 -99 -99 -99 -99 -99 -99 -99 -99
2.242612589735 -99 -99 -99 -99 -99 -99 -99 -99 -99
-99 -99 -99 -99 -99 3.25345172686973 -99 -99 -99 -99
-99 -99 -99 -99 -99 -99 -99 -99 -99 -99
-99 -99 -99 -99 -99 -99 -99 -99 -99 -0.518329658834301
-99 -99 -99 -99 -99 -99 -99 -99 -99 -99
-99 -99 -99 -99 -99 -99 -99 -99 -99 -99
-99 -99 -99 -0.40761461247092 -99 -99 -99 -99 -99 -99
-99 -99 -99 -99 -99 -99 -99 -99 -99 -99
-99 -99 -99 -99 -99 -99 -99 -99 -99 -99
1.06815172533556 -99 -99 3.06936045512353 -99 -99 -99 -99 -99 -99
-99 -99 -99 -99 -99 -99 -99 -99 -99 -99
-99 -99 -99 -99 -99 0.555899315383037 -99 -99 -99 -99
-99 -99 -99 -99 -99 -99 -99 -99 -99 -99
-99 -99 -99 -99 -99 -99 -99 -99 2.25602981411604 -99
-99 -99 -99 -99 -99 -99 2.82693113872698 0.646155634465736 -99 1.17786585564586
0.268420440515465 -99 -99 1.18065984736808 -99 -99 -99 -99 -99 -99
-99 -99 -99 -0.342537704131286 -99 -99 -99 -99 -99 -99
-99 -99 -99 -99 -99 -99 -99 -99 -99 -99
-99 -99 -99 -99 -99 0.200147524946087 -99 -99 -99 -99
-99 -99 -99 -99 -99 -99 -99 -99 -99 -99
-99 -99 -99 -99 -99 -99 -99 -99 -99 -99
-99 -99 0.889125427597277 -99 -99 -99 -99 -99 -99 -99
-99 -99 -99 -99 -99 -99 -99 -99 -99 -99
-99 -99 -99 -99 -99 -99 -99 -0.051959794108017 -99 -99
-99 -99 -99 -99 -99 -99 -99 -99 -99 -99
-99 -99 -99 -99 -99 -99 -99 -99 -99 -99
-99 -0.40732627532718 -99 -99 -99 -99 -99 -99 -99 -99
-99 -99 0.631551429669777 -99 -99 -99 -99 -99 -99 -99
-99 -99 -99 -99 -99 -99 -99 -99 -99 -99
-99 -99 -99 -99 -99 -99 -99 -99 -99 -99
-99 -99 -99 -99 1.39339724601945 -99 -99 -99 -99 1.14770157727029
0.75298687302003 -99 -99 -99 -99 -99 2.14664039793963 -99 -99 -99
-99 -99 -99 -99 -99 -99 -99 -99 -99 -99
-99 -99 -99 -99 -99 -99 -99 -99 -99 -99
-99 -99 -99 -99 -99 -99 -99 -99 -99 -99
-99 -99 -99 1.03283996740252 -99 -99 -99 1.24703799970147 -99 -99
-99 -99 -99 -99 0.126919548535727 -99 1.72007019117711 -99 -99 -99
-99 -99 2.27525428227182 -99 -99 -99 -99 -99 -99 -99
-99 -99 -99 -99 -99 -99 -99 2.82154027484236 2.84809262476294 -99
-99 -99 -99 -99 -99 -99 -99 -99 -99 -99
-99 -99 -2.08810911987709 -99 -99 -99 -99 -99 -99 -99
-99 -99 -99 -99 -99 -99 -99 -99 -99 -99
-99 -99 -99 -99 -99 0.790842565751009 -99 -99 -99 -99
-99 -99 0.427553146684931 -99 -99 -99 -99 -99 -99 -99
-99 -99 -99 -99 0.445559532459323 -99 -99 -99 -99 -99
-99 -99 -99 -99 -99 -99 -99 -99 -99 -99
-99 -99 -99 -99 -99 -99 -99 1.22428944183091 -99 -99
-99 -99 -99 1.90143206420077 -99 -99 -99 -99 -99 -99
-99 -99 -99 -99 -99 -99 -99 2.22722800120258 -99 3.10766153304974
-1.16295057877053 -99 -99 -99 -99 -99 -99 -99 -99 -99
-99 -99 -99 1.02944915609783 4.55396154285654 0.331587030099784 -99 -99 -99 -99
-99 -99 -99 -99 -99 -99 -99 1.22803529793982 -99 -99
-99 -99 -99 -99 -99 3.04141403054586 -99 -99 -99 -99
-99 -99 -99 -99 -99 -99 -99 -99 1.89040772125048 -99
-99 -99 -99 -99 -99 -99 -99 -99 -99 -99
-99 -1.51790050845251 -99 -99 -99 -99 -99 -99 -99 -99
-99 -99 -99 -99 -2.09009612845741 -99 -99 -99 -99 -99
-99 -99 -99 -99 -99 -99 -99 -99 -99 -99
-99 -99 -99 -99 -99 -99 1.11257531149002 -99 3.12671344195685 -99
-99 -99 -99 -99 -99 -99 -99 -99 -99 -99
-99 -99 -99 -99 0.935273186744651 -99 -99 -99 -99 1.62398561476814
-0.698253416421094 -99 0.139925403450925 -99 -99 -99 -99 -99 -99 -99
-99 -99 -99 -99 -99 -99 1.1839205530887 -99 -99 -99
-99 -99 -99 -99 -99 -99 -99 -99 -99 -99
-99 1.98524847701595 -99 -99 -99 -99 -99 -99 0.661216582740186 -99
-99 -99 -99 -99 -99 -99 -99 -99 -99 -99
-99 -99 -99 -99 -99 0.660679251700303 -99 -99 -99 -99
-99 -99 -99 0.998468959077766 -99 -99 -99 -99 0.201688030271042 -99
-99 -99 -99 -99 -99 -99 -99 -99 -99 -99
-99 -99 -0.380471249424419 -99 -99 -99 -99 -99 -99 -99
-99 -99 -99 -99 -99 -99 1.81320491790896 -99 -99 -99
-99 -99 -99 -99 -99 -99 -99 -99 -99 -99
-99 -99 -99 -99 -99 -99 -99 -0.998348712654162 -99 -99
-99 -99 -99 -99 -0.482262857520633 -99 -99 -99 1.03103432854796 -99
-99 -99 -99 -99 -99 -99 1.16394795716913 -99 -99 1.67010819343557
-99 -99 -99 -99 -99 -99 1.38314714064566 -99 -99 -99
-99 4.12894526974062 -99 -99 -99 -99 -99 -99 -99 -99
-99 -99 1.52274688224524 0.196952295951115 -99 -99 -99 -99 -99 -99
-99 -99 2.32195838987334 -99 -99 -99 -99 -99 -99 -99
-99 -99 -99 -99 -99 -99 -99 -99 -99 -99
-99 -99 -99 -99 -99 -99 -1.03240975628617 -99 -99 -99
-99 -99 -99 -99 -99 -99 -99 -99 -99 -99
-99 -99 -99 -99 -99 0.930212769906685 -99 -99 3.06831805049213 -99
-99 -99 -99 -99 1.5912590768367 -99 -99 -99 -99 -99
-99 -99 1.52426520429058 -99 -99 -99 -99 3.54883656107931 -99 0.577756309900823
-99 -99 -4.20312558159054 -99 -99 -99 -99 -99 -99 -99
-99 -99 -99 -99 -99 -99 -99 -99 -99 -99
-99 -99 -99 -99 -99 -99 -99 -99 -99 -99
-99 -99 -99 -99 -99 -99 -99 -1.73250010355464 -99 -99
-99 2.38839527934418 -99 -99 -99 -99 -99 -99 -99 -99
-99 -99 -99 -99 -99 -99 -99 -99 -99 -99
-99 -0.0753918832165195 -99 -99 -99 -99 -99 -99 -1.32817217778754 -99
-99 -99 1.30366781284458 -99 -99 -99 -99 -99 -99 -99
-99 -99 -99 -99 -99 -99 -99 2.61338903908866 -99 -99
-99 -99 -99 -99 -99 -99 -99 -99 -99 -99
-99 -99 -99 0.695436726658598 -99 -99 0.381126718319106 -99 -99 1.90984717816908
-99 -99 -99 -99 -99 2.32352073180898 -99 -99 0.711029673323348 -99
-99 -99 1.54308794644496 -99 -99 -99 -99 -99 -99 -99
-99 -0.235353257630748 -99 -99 -99 -99 -99 1.49596986035084 -99 -99
-99 -0.54742223185984 -99 -99 -99 -99 -99 -99 -99 -99
-0.205801846923381 -99 -99 -99 -99 -99 -99 -99 -99 -99
-99 -99 -99 -99 -99 -99 -99 -99 -99 -99
-99 -99 -99 2.22596996777582 -99 -99 -99 -99 -99 -99
-99 -99 -99 -99 -99 -99 -99 -99 -99 -99
-99 -99 -99 -99 -99 -99 -99 -99 -99 -99
-99 -99 -99 -99 -99 -99 -99 -99 -99 -99
-99 -99 -99 -99 -99 1.40015254568366 -99 3.11258744576858 -99 -99
-99 -99 -99 -99 -99 1.51894049672987 -99 -99 -99 -99
-99 -99 -99 -99 -99 -99 -99 -99 -99 -99
-99 -99 -99 -99 -99 -99 -99 -99 -99 -99
-99 -99 2.4436391912769 -99 -99 2.43569215081528 -99 -99 -99 -99
-99 -99 -99 -99 -99 -99 -99 -99 -99 -99
-99 -99 -99 -99 -99 -99 -99 -99 -99 -99
-99 -99 -99 1.84432899388541 -99 -99 -99 -99 -99 -99
-99 -99 1.96898217281859 -99 -99 -99 -99 -99 -99 -99
-99 -99 -99 -99 -99 -99 -99 -99 -99 -99
-0.46805460467316 0.822622791607913 -99 -99 -0.938081421400688 -99 -99 -99 -99 -99
-99 -99 -99 -99 -99 -99 -99 -99 -99 -99
-99 -99 -99 -99 -99 -99 5.97803932259716 -99 -99 -99
-99 -99 -99 -99 -99 -99 -99 -99 -99 -99
-99 -99 -99 1.34068609588789 -99 1.09567137582821 -99 -99 -99 -99
-99 -99 -99 -99 -99 -99 -99 -99 -99 -99
-99 -99 -99 -99 -99 -99 -99 3.30528575459677 -99 3.045809222822
1.82508193957227 -99 -99 -99 -99 -99 1.35896218830703 -99 -99 -99
-0.192032841679652 -99 -99 -99 -99 -99 -99 -99 -99 -99
-99 -99 -99 -99 -99 -99 -99 -99 1.50258108808087 -99
-99 -99 -3.6906267339118 -99 -99 -99 -99 -99 -99 -99
-99 -99 -99 -99 -99 -99 -99 -99 -99 -99
-99 2.00911451311806 -99 -99 -99 -99 -99 -99 -99 2.66971321539553
-99 -99 -99 -99 -99 -99 -99 -99 -99 -99
1.53971683240859 -99 -99 -99 -99 0.678602155923554 -99 -99 -99 -99
-99 -99 -99 -99 1.76836107522252 -99 -99 1.12691602254389 -99 -99
-99 -99 -99 -99 -99 -99 -99 -99 -99 -99
-99 -99 -99 -99 0.855474481744421 -99 -99 1.31043200721612 -99 -99
-99 4.08810497390278 -99 -99 -99 -99 -99 -99 -99 -99
-99 -99 -99 -99 -99 -99 -99 -99 -99 -99
-99 0.554002085052527 -99 -99 -99 -99 -99 -99 -99 -99
2.22916168997614 2.65024881813805 -99 -99 -0.133711291676362 -99 -99 -99 -99 -99
-99 -99 -99 -99 -99 -99 -99 -99 -99 -99
-99 -99 -99 1.49615723625446 -99 -99 -99 -99 -99 -0.253847926813806
-99 -99 1.8634713729455 -99 -99 -0.0772538550529549 -99 -99 -99 -99
-99 -99 -99 -99 -99 -99 -99 -99 3.94603947937844 -99
-99 -99 -99 -99 -99 -99 -99 -99 -99 -99
-99 -99 -99 -99 -99 -99 -99 -99 -99 -99
0.607249901306444 -99 -99 -99 -99 -99 -99 -99 -99 -99
-99 -99 1.05886215078923 -99 -99 -99 -99 -99 -99 -99
-99 -99 -99 -99 2.11420873232234 -99 -99 -99 -99 -99
-99 -99 -99 2.54598238881005 -99 -99 -99 -99 -99 -99
-99 -0.699970038154881 -99 -99 -99 -99 -99 -99 -99 -99
-99 -99 -99 -99 -99 0.874109676519608 -99 -99 -99 -99
-99 3.3768308862176 -99 -99 -99 -99 -99 -99 -99 -99
-99 -99 -99 0.330895013230104 -99 -99 -99 -99 -99 -99
-99 -99 -99 -99 -99 -99 -99 -99 -99 -99
-99 -99 -99 -99 0.606798608595884 -99 -99 -99 -99 -99
-99 -99 -99 -99 -99 -99 -99 -99 -99 -99
-99 -99 -99 -2.35004423843859 -99 -99 -99 -99 -99 -99
-99 -99 -99 -99 -99 -99 -99 -99 -99 -99
-99 -99 -99 -99 -99 -99 -99 0.938755545281724 -99 -99
-99 2.54807425258493 -99 -99 -99 -99 -99 -99 -99 -99
-99 0.0175339899435887 -99 -99 -99 -0.721686350699061 -99 -99 -99 -99
1.6981791263622 -99 -99 -99 -99 -99 -99 -99 -99 -99
-99 -99 -99 -99 -99 -99 -99 -99 -99 -99
-99 -99 -99 -99 -99 -99 -99 -99 -99 -99
-99 -99 -99 -99 -99 -99 -99 -99 -99 -99
-99 -99 -99 -99 -99 -99 -99 -99 -99 -99
0.750848398888071 -0.0925478037781158 -99 -99 -99 -99 -99 -99 -99 -99
-99 0.318732105551602 -99 -99 -99 -99 -99 -99 -99 -99
-99 -99 -99 -99 -99 -99 -99 -99 -99 1.55554897444338
-99 -99 -99 -99 -99 -99 -99 -3.60482905974323 0.74301545318826 -99
-99 -99 -99 -99 -99 -99 -99 -99 -99 -99
-99 -99 -99 -99 -99 -99 -99 -99 -99 -99
-99 -99 -99 -99 -99 -99 0.830469887520467 0.855328978132016 -99 -99
-99 -99 -99 -99 -99 -99 -99 -99 -99 -99
-99 -99 -99 -99 -99 -99 -99 -99 -99 -99
-99 -99 -99 -99 3.7631854099683 -99 -99 -99 -99 -99
-99 -99 -99 -99 -99 -99 -99 -99 -99 -99
-99 -99 -99 -99 2.21166269723668 -99 -99 -99 -99 -99
-99 -99 -0.0967739865426458 -99 -99 -99 0.855532540830632 -99 -99 -0.627888420614484
-99 -99 -99 -99 -99 -99 -99 -99 -99 -99
-99 -99 -99 -99 0.334003654514445 -99 -99 -99 -0.60083245151895 1.77554338036646
-99 -99 -99 -99 -99 -99 -99 -99 -99 -99
-99 -99 -99 -99 -99 -99 -99 -99 -99 -99
-99 2.43667778842093 -99 2.39147930214843 -99 -99 -99 -99 -99 -99
-99 -99 0.97989828236253 -99 1.06651255097526 -99 -99 -99 -99 3.77967148407946
-99 -99 -99 -99 -99 -99 -99 -99 1.46593169627328 -99
-99 -99 -99 -99 -99 -99 -99 -99 -99 0.518241303180643
-99 -99 -0.88325448949492 -99 -99 -99 -99 -99 -99 -99
-99 2.41769747267555 -99 -99 -99 -99 -99 3.70190689432038 4.56003928209559 -99
-99 -99 -99 -99 -99 -99 -99 -99 -99 -99
2.49824924299216 -99 -99 -99 2.65297769647135 -99 -99 -99 -99 -99
-99 -99 2.8469498659757 -99 -99 -99 -99 -99 -99 -99
-99 -99 -99 -99 -99 -99 -99 -99 -99 -99
-99 -99 -99 -99 0.34229970997561 -99 -0.810460423858192 -99 -99 -99
-99 -99 -99 -99 -99 -99 -99 -99 -99 -99
-99 3.609941744164 -99 -99 -99 -99 -99 -99 -99 3.48376663304881
-99 -99 -99 -99 -99 -99 0.132848293327354 -99 -99 -99
-99 -99 -99 -99 -99 -99 -99 -99 -99 -99
-99 -99 -99 -99 -99 -99 3.35766463121011 -99 -99 -99
-99 -99 -0.73835322479254 -99 -99 -99 -99 -99 -99 -99
-99 -99 -99 -99 -99 -99 -99 -0.157999378973817 -99 -99
-99 -99 -99 -99 -1.16056908979946 -99 -99 0.399453584884577 -99 -99
-99 -99 -99 -99 -99 -99 -99 -99 -99 -99
-99 -99 -99 -99 -99 -99 -99 -99 -99 -99
-99 -99 -99 -99 -99 -99 -99 -99 -99 -99
-99 -99 -99 -99 -99 -99 -99 -99 -99 -99
-99 -99 -99 1.91634237195833 -99 -99 -99 -99 -0.610068910623261 -99
-99 -99 -99 -99 -99 -99 -99 -99 -99 -99
-99 -99 -99 -99 1.86653060590556 -99 -99 -99 -99 -99
-99 -99 -99 -99 -99 -99 -99 -99 -99 -99
-99 -99 -99 4.39287574519594 -99 -99 -99 -99 -99 -99
-99 -99 -99 -99 -99 -99 -99 -99 -99 -99
0.324857046971543 -99 -99 -99 -99 -99 -99 -99 -99 -99
-0.810091739579164 -99 -99 -99 -99 -99 -99 -99 -99 -99
-99 -99 -99 0.839722996161324 -99 -99 1.20794067655045 -99 -99 -99
-99 -99 3.28326522284397 -99 -99 1.06775872147274 -99 1.44706376217426 -99 -99
-99 -99 -99 -99 -99 -99 -99 -99 2.38084301110078 -99
-99 -99 2.04968516410453 -99 -99 -99 -99 -99 -99 -99
-99 -99 -99 -99 -99 -99 -99 -0.48347646718961 -0.0399724885916426 -99
-99 -99 -99 -99 -99 -99 -99 -99 0.545497482218463 -99
-99 -99 -99 -99 -99 -99 -99 -99 -99 -99
-99 -99 -99 -99 -99 0.397077557891574 -99 -99 -99 0.307794599136847
-99 -99 0.344445455759101 -99 -99 -0.201954081068462 -99 -99 -99 -99
-99 -99 -99 -99 -99 -99 -99 -99 -99 -99
-99 -99 -99 -99 -99 -99 -99 -99 -99 -99
-99 -99 1.82307562267636 -99 -99 -99 -99 -99 0.54346842453306 -99
-99 -99 -99 -99 -99 -99 -99 -99 -99 -99
-99 -99 -99 -99 -99 0.313196343134796 -99 -99 -99 -99
-99 -99 -99 -99 -99 -99 -99 -99 -99 -99
1.29895239670732 -99 -99 -1.32620648735791 -99 1.20408520679144 -99 1.90970418268034 -99 -99
-99 -99 -99 -99 -99 1.18078681611592 -99 -99 -99 -99
-99 -99 -99 -99 -99 -99 -99 -99 -99 -99
-99 -99 -99 -99 -99 -99 -99 -99 -99 -99
-99 -99 -99 -99 -99 -99 -99 -99 -99 -99
-99 -99 -99 1.43145503087106 -99 -99 -99 -99 1.25184928521812 -99
-99 -99 -99 -99 -99 -2.1896043493446 -99 -99 -99 -99
-99 -0.821373160921285 -99 -99 -99 -99 -99 -99 -99 -99
-99 -99 -99 -99 -99 -99 -99 -99 -99 -99
2.62598456215076 -99 1.32295040476119 -99 -99 -99 -99 -99 -99 -99
-99 -99 -99 -99 -99 -99 -99 -99 -99 1.88523672354373
-99 -99 -99 -99 -99 -99 -99 -99 -99 -99
-99 -99 -99 -99 -99 -99 0.822300228303612 -99 -99 -99
-99 -99 -99 -99 -99 -99 -99 -99 -99 -99
-99 -99 -99 -99 -99 -99 -99 -99 -99 -99
-99 -99 -99 -99 -99 -99 -99 -99 -99 -99
-99 2.25070509154223 -99 -99 -99 -99 -99 -99 -99 3.65312659801923
-99 -1.26814454028561 -0.70404091993099 -99 -99 -99 -99 -99 -99 -99
-99 -99 -99 -99 -99 -99 -99 -99 0.00304762709488549 -99
0.119778722012879 -99 -99 -99 -99 -99 -99 -99 -99 -99
-99 -99 -99 -99 -99 -99 -99 -99 -99 -99
-99 -99 -99 -99 -99 -99 -99 -99 -99 -99
-99 -99 -99 -99 -99 -99 -99 -99 -99 -99
-99 -99 -99 -99 -99 -99 -99 -99 -99 -99
1.49860568239343 -99 -99 -99 -99 -99 -99 -99 -99 -99
-99 -99 -99 -99 -99 -99 -99 -99 -99 2.87158869422434
-99 2.61931508885136 -99 -99 -99 -99 -99 -99 -99 1.6302236970809
-99 -99 -99 -99 -99 -99 -99 -99 -99 -99
-99 -99 -99 -99 -99 -99 -99 -99 -99 -99
-99 -99 -99 -99 -99 -99 -99 -99 -99 -99
1.00971414811466 -99 -99 -99 -99 0.792206782786582 -99 -99 -99 -99
-99 -99 -99 -99 -99 -99 -99 -99 -99 -99
-99 -99 -99 -99 -99 -99 -99 -99 -99 0.033045542572924
-99 -99 -99 -99 -99 -99 -99 -99 -99 -99
-99 -99 -99 -99 -99 -99 -99 -99 -99 3.81617399797537
-99 -99 -99 -99 1.9176054827949 -99 -99 -99 -99 -99
-99 -99 -99 -99 -99 -99 -99 0.695635185869884 -99 -99
3.46402999026926 -99 -99 -99 -99 -99 -99 -99 -99 -99
-99 -99 -99 -1.1069124325881 -99 -99 -99 -99 -99 -99
-99 -99 -99 -99 -99 -99 -99 -99 -99 -99
-99 -99 -99 1.97484824082068 -99 -99 -99 1.2151693615787 -99 -99
0.261091241793664 -99 -99 -99 -99 -99 -99 -99 -99 -99
-99 -99 -99 -99 -99 2.25152521022783 -99 -99 -99 -99
-99 -99 -99 -99 -99 -99 -99 -99 -99 -99
-99 -99 -99 -99 -99 -99 -99 -99 -99 -99
-99 -99 -99 -99 -99 -99 -99 -99 -99 -99
-99 -99 -99 -99 -99 0.616228487889727 -99 -99 -99 -99
-99 -99 -99 -99 -99 -1.60795371787145 -99 -99 -99 -99
-99 -99 -99 -0.341834893760991 -99 -99 1.36034305148431 0.525315853795688 -99 -99
-99 -99 -99 -99 -99 -99 -99 -99 -99 -99
-99 -99 -99 -0.200900045827655 -99 -99 -99 -99 -99 -99
-99 -99 -99 -99 -99 -99 -99 -99 -99 -99
2.53652638404707 -99 -99 -99 -99 -99 -99 -99 0.894470963728085 -99
-99 -99 -99 -99 -99 -99 -99 -99 -99 -99
-99 -99 -99 -99 0.769368866619495 -99 -99 0.999875909681297 -99 -1.13512802579084
-99 -99 1.29755763405394 -99 -99 -99 -99 -99 -99 -99
-99 -99 -99 -99 -99 -99 1.81281310425488 -99 -99 -0.686865861545259
-99 -99 -99 -0.257477290153558 -99 -99 -99 -0.570336246007045 -99 -99
-0.489682488625294 -99 -99 -99 -99 -99 -99 -99 -99 -99
-99 -99 -99 -99 -99 -1.04318904164363 -99 -99 -99 -99
-99 -99 -99 -99 -99 -99 -99 -99 -99 0.581999667356133
-99 1.52371755437425 -99 -99 -99 -99 -99 -99 -99 -99
-99 -99 -99 -99 -99 -99 -1.60018264428196 -99 -99 -99
-99 -99 -99 -99 -99 -99 -99 -99 -99 -99
0.590144112854504 -99 -99 -99 -99 -99 -99 -99 -99 -99
0.166720906487256 -99 1.43723896424634 -99 -99 -99 -99 -99 -99 -99
-99 -99 -1.58161828756147 -99 -99 -99 4.21054201535933 -99 -99 -99
-99 -99 -99 -99 -99 -99 -99 -99 -99 -99
0.14180056460035 -99 -99 -99 -99 -99 -1.07086120785668 1.38836689870492 -99 -99
-99 -99 -99 -99 -99 -99 -99 -99 -99 -99
-99 0.819268982281161 -99 -99 -99 -99 -99 -99 -99 -99
-99 -99 -0.528635772653147 -99 0.916117434279804 -99 0.0330115421309117 -99 -99 -99
-99 -99 -99 -99 -99 -99 -99 -99 -99 1.13855068328269
-99 1.20376294110817 -99 -99 -99 -99 -99 -99 -99 -99
-99 -99 0.892441339034248 1.78980633090849 -99 -99 -99 -99 -99 -99
-99 0.482450494355942 -99 -99 -99 -99 -99 -99 -0.104579262816117 -99
-99 1.47095241501425 -99 -99 -99 -99 -99 -99 -99 0.978906727176043
-99 -99 -99 -99 -99 -99 -99 -99 -99 -99
-99 -99 -99 -0.207580348346889 -1.06030588402658 -99 -99 -99 -99 0.367103220072349
-99 -99 -99 -99 -99 0.500967749720555 -99 -99 -99 -99
-99 0.731749160255995 -99 -99 -99 -99 3.41564356844804 -99 -99 -99
-99 -99 -99 -99 -99 -99 -99 -99 -99 -99
-99 -99 -99 -99 -99 -99 -99 -99 -99 -99
-99 4.29167165189925 -99 -99 2.73132529527261 -99 -99 -99 -99 -99
-99 -99 -99 -99 -99 -99 1.28130047461838 -99 -99 -99
-99 -99 -99 -99 2.66183455091623 1.46423368864433 -99 -99 1.31692278998419 -99
-99 -99 -99 -99 -99 -99 -99 -99 -99 -99
-99 -99 -99 -99 -99 -99 -99 -99 -99 -99
-99 -99 -99 -99 -99 -99 -99 -99 -99 -99
0.0806920348558948 -99 -99 -99 -99 -99 -99 -99 -1.15477234453895 -99
-99 -99 -99 -99 -99 -99 -99 -99 -99 -99
-99 -99 -99 -99 -99 1.03394604932212 -99 1.69177291605622 -99 -99
0.672475990286874 -99 -99 1.242641416542 1.01387005660721 -99 -99 -99 1.48463440359365 -99
-99 -99 -99 -99 -99 -99 -99 -99 1.08500096419257 -99
-99 -99 -99 -99 -99 1.12395729183837 -99 -99 -0.00334879554877232 -99
-99 2.38439527329911 -99 -99 -99 -99 -99 -99 -99 -99
-99 -0.702247208050972 -99 -99 -99 2.27863463372817 -99 -99 -99 -99
-99 -99 -99 2.19226991931638 -99 -99 -99 -99 -99 -99
-99 1.47831482544507 -99 -99 -99 -99 -99 -99 -99 -99
-99 -99 -99 -99 -99 -99 -99 -99 -99 -99
-99 -0.183958722940139 -99 -99 -99 -99 -99 -99 -99 -1.53551524566258
-99 -99 -99 -99 1.51278286187429 -99 -99 -99 -99 -99
-99 -99 -99 0.631360217417183 -99 -0.16710545049808 -99 -99 -99 -99
-99 -99 -99 -99 -99 -99 -99 1.37513680012682 -99 -99
-99 -99 -99 -99 -99 -99 -99 -99 -99 1.00215114751931
-0.862865872849631 -99 -99 -99 -99 -99 -99 -99 -99 -99
-99 -99 -99 -99 -99 -99 -99 -99 -99 -99
-99 -99 -99 -99 -99 -99 -99 -99 -99 -99
-99 -99 -99 -99 -99 -99 -99 -99 -99 -99
-99 -99 -99 1.02053559941007 -99 -99 -99 -99 -99 -99
-99 -99 -99 -99 -99 -99 -99 -99 -99 -99
-99 -99 -99 -99 -99 -99 -99 -99 -99 -99
-99 -99 -99 -99 -99 -99 -99 -99 -99 -99
-99 -99 -99 -99 -99 -99 -99 3.14304104196807 -99 -99
-99 -99 -99 -99 -99 -99 1.99964044706917 -99 -99 -99
-99 -99 -99 -99 -99 -99 3.71664429917639 -99 -99 -99
-99 3.61586417180464 -99 -99 -99 -99 -99 -99 -99 -99
-99 -99 -99 -99 -99 -99 -99 -99 -99 -99
-99 -99 -99 -99 -99 1.63329789517644 -99 -99 1.71447378160165 -99
-99 -99 -99 -99 -99 -99 -99 -99 -99 -99
-99 -99 -0.116746318664867 -99 -99 -99 -99 -99 -99 0.0905740926890253
-99 -99 -99 -99 -99 -1.3232062316943 1.91771887340258 -99 -99 -99
-99 -99 -99 -99 -99 -99 0.534926806573564 -99 -99 -99
3.35898832048639 -99 -99 -99 -99 -99 -99 -99 -99 -99
-99 -99 -99 -99 -99 -99 2.57645693658619 -99 0.88236939378983 -99
1.54779641272657 -99 -99 -99 1.11132767374176 -99 -99 -99 -99 1.28026446494896
0.0934579083524554 -99 -99 -99 -99 -99 -99 -99 -99 -99
-99 -99 -99 -99 -99 -99 0.0968855840226416 -99 -99 -99
1.74906607249097 -99 -99 -99 -99 -99 -99 -99 -99 -99
-99 -99 -99 -99 -99 -99 -99 3.5095874760495 -99 -99
-99 -99 -99 -99 -99 3.22447869109491 -99 -99 -99 -99
-99 -99 -99 -99 -99 -99 -99 -99 -99 -99
-99 -99 -99 -99 -99 -99 -99 -99 -99 0.416730750822743
-99 -99 0.737452925616167 -99 -99 -99 -99 -99 -99 -99
-99 0.775266441714898 -99 -99 -99 -99 -99 -99 -99 -99
-99 -99 -99 -99 -99 -99 -99 -99 0.208804107676209 -99
2.31281541938714 -99 -99 -99 -99 -99 -99 -99 -99 -99
-99 1.43442447951102 -99 0.354263338293392 -99 -99 -99 -99 -99 -99
-99 0.207960711742438 -99 -99 -99 -99 -99 -0.193990109502817 -99 -99
-99 -99 -99 -99 -99 -99 -99 -99 -99 -99
-99 -99 -99 -99 -99 -99 -0.305772010324018 -99 -99 -99
-0.397715805246659 -99 -99 -99 -99 -99 -99 -1.73946651617863 -99 -99
-99 -99 -99 -99 -99 -99 -99 -99 -99 -99
-99 -99 -99 -99 -99 -99 -99 -99 -99 -99
-99 -99 -99 -99 -99 -99 -99 -99 -99 -99
-99 -99 -99 -99 1.32076483513877 -99 -99 -99 -99 -99
-99 -99 -99 -99 -99 -99 -99 -99 -99 -99
-99 -99 -99 -99 -99 -99 -99 -99 -99 -99
-99 1.59375719056706 2.61314902901044 -99 -99 -99 -99 -99 -99 -99
-99 -1.03452957087216 -99 -99 -99 -99 -99 -99 -99 -99
-99 -99 -99 -99 -99 3.50999563994947 -99 -99 -99 -99
-99 -99 -99 -99 -99 -99 2.06655630384327 -99 -99 -99
-99 -99 -99 -99 -99 -99 -99 -99 -99 -99
-99 -99 -99 -1.7987023041878 -99 -99 -99 -99 -99 -0.191845708472713
-99 -99 -99 -99 -99 -99 -99 -99 -99 1.10002397992702
-99 -99 -99 -99 -99 -99 -99 -99 -99 -99
-99 -99 -99 -99 -99 -99 -99 -99 -99 -99
-99 -99 -99 -99 -99 -0.292346871419073 -99 -99 -99 -1.44711112179065
-99 -99 1.7883129681889 -99 -99 -99 -99 -0.459110308530061 1.97806791451337 -99
-99 -99 -99 -99 -99 -99 -99 -99 -99 -99
-99 -99 -99 -99 -99 -99 -99 -99 -99 -99
-99 -99 -99 -99 -99 2.41837515352859 -99 -99 -99 3.3638817839646
-99 -99 -99 -99 2.71041008505967 -99 2.62412233707475 2.32274620498894 -99 -99
-99 -99 -99 -99 -99 -99 -99 -99 -99 -99
-99 -99 -99 -99 -99 -99 -99 -99 -99 -99
-99 -99 -99 -99 -99 -99 -99 -99 -99 -99
-99 0.642250790969173 -99 -99 -99 -99 -99 -99 -99 -99
2.38474436668171 -99 -99 -99 -99 -99 -99 -99 -99 -99
-99 -99 -99 -99 -99 -99 -99 -99 -99 -99
-99 -99 -99 -99 -99 1.27114740991663 -99 -99 -99 -99
-99 -99 -99 0.690363828686361 0.536946150498428 -99 -99 -99 0.194691639352553 -99
-99 -99 -99 -99 -99 -99 -99 1.6299678330935 -99 -99
0.408618944942627 -99 -99 3.48807305686339 -99 1.47783343456153 -99 -99 -99 -99
-99 -99 -99 -99 -99 -99 -99 -99 -99 -99
-99 -99 1.46782948388981 -99 -99 -99 -99 -99 -99 -99
-99 -99 1.70210298866356 -99 0.836182027083974 -99 -99 -99 -99 -99
-99 -99 -99 1.96767624186794 -99 -99 -99 -99 -99 -99
-99 -99 -99 -99 -99 -99 -99 -99 -99 -99
-99 -99 -99 -99 -99 0.846088542701076 -99 -99 -99 -99
-99 -99 -99 -99 -99 -99 -99 -99 -99 1.26511618123967
-99 -99 -99 -99 -99 -99 -99 2.88770901312933 -99 -99
-99 -99 -99 -99 -99 -99 -99 -99 -99 -99
-99 -99 -99 -99 -99 -99 -99 -99 -99 -99
-99 -99 -99 -99 2.03010006616297 -99 -99 -99 -99 -99
-99 -99 -99 -99 -99 -99 -99 -99 -99 -99
-99 -99 -99 -99 0.335262854339103 -99 -99 -99 0.769134988530883 -99
-99 -99 -99 -99 -99 -0.315975354112789 0.227669672798797 1.94795562033585 -99 -99
-99 1.56054955660006 -99 -99 -99 -3.57917148782249 -99 -99 -99 -99
-99 3.28160407634485 -99 -99 -99 -99 -99 -99 -99 -99
-99 -99 -99 -1.32951465356578 -99 -99 -99 -99 -99 -99
-99 -99 -99 -99 -99 -99 -99 -99 -99 -99
-99 -99 -99 -99 -99 -99 -99 -99 -99 -99
-99 -99 -99 -99 -99 -99 -99 -0.26021122377415 -0.0150318696779359 -99
-99 -99 -99 -99 -99 -99 -99 -99 -99 -99
-99 -99 -99 -99 -99 -99 -99 -99 -99 -99
-99 -99 -99 -99 -99 -99 -99 -0.71007549338551 -99 -99
-99 -99 -99 -99 -99 -99 -99 -99 -99 -99
-99 -99 0.216760952375271 -99 -99 -99 -99 -99 -99 -99
-99 -99 -99 -1.11923877655517 -99 -99 -99 -99 -99 -99
-99 -99 -99 -99 -99 -99 -99 -99 0.571961352362059 -99
-0.663331505568077 -99 -99 0.0532767441256049 0.872800537065877 -99 -99 -99 -99 -99
-99 -99 -99 -99 -99 -99 -99 -99 -99 -99
-99 -99 -99 -99 -99 -99 -99 -99 -99 -99
-99 -99 -99 -99 -99 -99 -99 -99 -99 -99
-99 -99 -99 -99 -99 -99 -99 -99 -99 -99
-99 -99 -99 1.51865881502499 -99 -99 -99 -99 -99 -99
-99 -99 0.326512284203114 -99 0.931575484910267 -99 -99 -99 -99 -99
-99 -99 -99 -99 -99 -99 -99 -99 -99 -99
-99 -99 -99 -99 1.48631368242091 -99 -0.82612939051141 -99 -99 -99
3.03443030264414 -99 -99 -99 -99 -99 -99 1.20761776776342 -99 -99
-99 -99 -99 -99 -99 -99 -99 -99 -99 -99
-99 -99 -99 -99 -99 -99 -99 -99 3.57021279735725 -99
-99 -99 -99 -99 -99 -99 -99 -99 -99 -99
-99 -99 -0.0769234223809787 -99 -99 -99 0.103257831434536 -99 -99 -99
-99 -99 -99 -99 -99 -99 -99 -99 -99 -99
-99 -99 -99 -0.997856000132295 -99 -99 -1.07646224155417 -99 -99 -99
-99 -99 -99 -99 -99 -99 3.16981511451962 -99 -99 -99
-99 -99 -99 -99 -99 -99 -99 -99 -99 -0.495546460993294
-99 2.01644630725205 -99 -99 -99 -99 -99 -99 -99 -99
-99 -99 -99 -99 -99 -99 -99 -99 -99 -99
-99 -1.5933361802525 -99 -99 -99 1.7591518222209 -99 -99 -99 -99
-99 3.68703375956746 -99 -99 -99 -99 -99 -99 -99 -99
-99 -99 -99 0.815844411152011 0.492376168304038 -99 -0.0816475592505481 -99 -99 -99
-99 -99 -99 1.36024448244617 -99 -99 -99 -99 -99 -99
-99 -99 -99 -99 -99 -99 -99 -99 -99 -99
-99 -99 -99 -99 -99 -99 2.39667578862226 -99 -99 -99
-99 -99 -99 -99 -99 -99 1.2054777481544 0.377021005277596 -99 -99
-99 -99 -99 -99 0.901970479923667 -99 -99 -99 -99 -99
-99 -99 -99 -99 -99 -99 -99 -99 -99 -99
-99 -99 3.86964436532939 -99 -99 -99 -99 3.89878546226149 -99 -99
-99 -99 -99 1.51271758948392 -99 -99 -99 -99 -99 -99
-99 -99 -99 -99 -99 -99 -99 -99 -99 -99
-99 -99 -99 -99 -99 -99 -99 -99 -99 -99
-99 -99 -99 0.420942023761599 3.1249418091685 -99 -99 -99 2.18326834696942 0.949087206308522
-99 -99 -99 -99 -99 -99 -99 -99 -99 -0.616435105924174
-99 -99 -99 -99 -99 -99 -99 -99 -99 -99
-99 -99 -99 -99 -99 0.12140826749228 -99 -99 -99 -99
-99 -99 -99 -0.361486869574869 -99 -99 -99 -99 -99 -99
-99 -99 -99 -99 -99 -99 -99 -0.569634389148044 -99 -99
-99 -99 -99 -99 -99 -99 -99 -99 -99 -99
-99 -99 -99 -99 -99 -99 -99 -99 -99 -99
-99 -99 -99 -99 -99 -99 -99 0.0760733694892348 -99 -99
-99 -99 -99 -99 -99 -99 -99 -99 -99 -99
-0.134068422251176 -0.0544986977078425 -99 1.28443948480043 -99 -99 -99 -99 -99 -99
-99 -99 -99 -99 -99 -99 -99 -99 -99 -99
2.82805515077654 -99 -99 -99 -99 -99 -99 -99 -99 -99
-99 -99 -99 -99 -99 -99 -99 -99 -99 -99
-99 -99 -99 -99 -99 -99 1.87428676509953 -99 -99 -99
-99 -99 -99 -99 -99 -99 -99 -99 3.13237209261825 -99
-99 -99 -99 -99 -99 -2.82236682947014 -99 -99 0.280291180649093 -99
-99 -99 1.72273753164094 -99 -99 -99 -99 -99 -99 -99
-99 -99 -99 -99 -0.417559806460951 -99 -99 -99 -99 -99
-99 -99 -99 -99 -99 -99 -99 -99 -99 -99
-99 1.26068078755602 -99 -99 -99 -99 -99 -0.406792821090695 -99 -99
-99 -99 0.925709510652929 -99 -99 -99 -99 -99 2.27201656484441 -99
-99 -99 -99 -99 -99 -99 -99 -99 -99 -99
-99 -99 1.32024063788115 -99 -99 -99 2.9303727862828 -99 -99 -99
-99 -99 -0.89252298088937 -99 -99 -99 -99 -99 -99 -99
-99 -99 -99 -99 -99 -99 -99 -99 -99 -99
-99 -99 -99 -99 -99 -99 -99 -99 -99 -99
-99 -99 -99 -99 -99 -99 -99 -99 -99 -99
-99 1.37311627690741 -99 -99 -99 -99 -99 1.47868977596545 -99 -99
-99 -99 -99 -99 -99 -99 -99 -99 -99 -99
-99 -99 -99 2.80709142428916 -99 -99 -99 1.0702723913901 -99 1.61639503232379
-99 -99 -99 -99 -99 0.531447034532285 -99 -99 -99 -99
-99 -99 -99 -99 -99 -99 1.91292981510948 -99 -99 -99
-99 -99 -99 -99 -99 -99 -99 -99 -99 -99
-99 -99 -99 -99 -99 -99 -99 -99 -99 -99
-99 -99 -99 -99 -99 -99 -99 -99 -99 -99
-99 -99 -99 -99 -99 -99 -99 -99 -99 -99
-99 -99 -99 -99 -99 -99 1.51192551059582 -99 -99 -99
