-99 -99 -99 -99 -99 -99 0.570903056878306 -99 -99 -99
-99 -99 -99 -99 -99 -99 -99 -99 -99 -99
-99 -99 -99 -99 -99 -99 -99 -99 -99 -99
-99 -99 -99 -99 -99 -99 -99 -99 1.34200067534509 -99
0.671866947172732 -99 -99 -99 -99 -99 -99 -99 -99 -99
-99 -99 -99 -99 -0.516734251593581 -99 -99 -99 -0.97216790596589 -99
-99 -99 -99 -99 -99 -99 -99 -99 -99 -99
-99 -99 -99 -99 -99 -99 -99 -99 -99 -0.180990912337622
-99 -99 -99 -99 -99 -99 -99 -99 -99 1.8336020288504
-99 -99 -99 -99 0.578074117197544 -99 -99 -99 -99 -0.208728513952944
-99 -99 -99 -99 -99 -99 -99 -99 -99 -99
-99 -99 -99 -99 -99 -0.181518023804299 -99 -99 -99 -99
-99 -99 -99 -99 -99 -99 -99 -99 -99 -99
-99 -99 1.42147986475487 -99 -99 -99 -99 -99 -99 -99
-0.328809868409695 -99 -99 -99 -99 0.0612967883462935 -99 -99 -99 -2.21496458446881
-99 -99 -99 -99 -99 2.57577907502726 3.50926480112639 -99 -99 -99
-99 -99 -99 -99 -99 -99 -99 -99 1.88759470942122 -99
1.69431178993763 1.73297393907175 -99 2.23082629734595 -99 -99 -99 -99 -99 -99
-99 -99 -99 -99 -99 -99 -99 -99 -99 -99
-99 -99 -99 -99 -99 1.48273949252858 -99 -99 0.921212432244493 -99
-99 -99 -99 -99 -99 -99 -99 -99 -99 -99
-99 -99 -99 -99 -99 -99 -99 -99 -99 -99
-99 -99 -99 2.08790673710765 -99 -99 -0.622128948989888 1.84978837280023 -99 -99
-99 -99 -99 -99 -99 -99 -99 -99 -99 -99
-99 -99 1.1553343983643 -99 -99 -99 -99 -99 -99 -99
-99 -99 -1.13378546338763 -99 -99 -99 -99 -99 -99 -99
-99 -99 -99 -0.0627909570758669 -99 -99 -99 1.83868346421488 -99 -99
-99 -1.47224203452239 -99 -99 -99 -99 -99 -99 -99 -99
-99 0.602166432852739 -99 -99 -99 -99 -99 -0.644391020951114 -99 -99
-99 -99 -99 -99 0.341184731032245 -99 -99 -99 -99 -99
-0.517055001362462 -99 -99 1.31581904332441 -99 0.888423406078455 -99 -99 -99 -99
-99 -99 -99 -99 -99 -99 -99 -99 -99 -0.0232923626438919
-99 -99 -99 -99 -99 -99 1.82947992388186 -99 -99 0.836564870739291
-0.310941370271316 -99 -99 -99 -99 -99 -99 -99 -99 -99
-99 -99 -99 -99 -99 -99 -99 -99 -99 -99
-99 -99 -99 -99 -99 -99 -99 -99 -99 -99
2.13451526298771 -99 -99 -99 -99 -99 -99 -99 -99 -99
-99 -99 -99 -99 -99 -99 -99 -99 -99 -99
-99 -99 1.77795447811238 -99 -99 -99 -99 -99 -99 -99
-99 -99 -99 -99 -99 -99 -99 -99 -99 -99
-99 -99 -99 -99 -99 -99 -99 -99 -99 -99
2.79669601422363 -99 -99 -99 -99 2.09472260035182 -99 -99 -99 -99
-99 -99 -99 -99 1.05980252485186 0.128333286111667 -99 -99 -99 -99
0.148527292839039 -99 -99 -99 -99 -99 -99 -99 -99 -99
-99 -99 -99 -99 -99 -99 -99 -99 -99 -99
-99 -99 -99 -99 -99 -99 -99 -99 -99 -99
-0.914082583477312 -99 0.728764782018463 -99 -99 -99 -99 -99 -99 -99
-99 -99 -99 -99 -99 -99 -99 -99 -99 -99
-99 -99 -99 -99 -99 -99 -99 -99 -99 2.87422262279373
-99 -99 -99 -99 -99 -99 -99 -99 -99 -99
-99 -99 -99 -99 -99 -99 -99 -99 -99 -99
-99 -99 -99 -99 0.148551431873978 -99 -99 -99 2.37954482435379 -99
-99 -99 -99 -99 -99 -99 -99 -99 -99 -99
-99 -99 -99 -99 -99 -99 -99 0.286072626290229 -99 -99
-99 -99 -0.362276206860743 -99 -99 -99 -99 -99 -99 -99
-99 -99 1.4203756235889 -99 -99 -99 -1.0286524850828 -99 -99 -99
-99 -99 -99 -99 -99 -99 1.70544043844454 -99 -99 -99
-99 -99 -99 -99 -99 -99 -99 -99 -99 -99
-99 -99 1.82002996269007 -99 -99 -99 -99 -99 -99 -99
-99 -99 -0.401446902358417 -99 -99 -99 -99 -0.0394841824792849 -99 0.95774508428276
-99 -99 -99 -99 -99 -99 -99 -99 -99 -99
-99 -99 -99 -99 -99 -99 -99 -99 0.491449785840636 -99
-99 -99 -99 -99 -99 -99 -99 2.40469143448842 0.333138376338852 -99
-99 -99 1.54023276876467 -99 -99 -99 -99 -99 -99 -99
-99 -99 -99 -99 -0.561401448987647 -99 -99 -99 -99 -99
-99 -99 -99 -99 -99 -99 -99 -99 -99 -99
-99 -99 -99 -99 -99 -99 -99 -99 -99 -99
-99 -99 -99 -99 -99 -99 -99 1.06923130235569 -99 -99
0.975654319368031 -99 -99 -99 -99 -99 -99 -99 -99 -99
-99 -99 -99 -99 -99 -99 -99 -99 -99 -99
1.07289937567372 -99 -99 -99 -99 2.05078558945686 -99 -99 1.66329498184936 3.84629222140465
1.68390483713014 -99 -99 3.12492804983265 -99 -99 -99 -99 -99 -99
-99 -99 1.1434876131949 -99 -99 -99 -99 -99 -99 -99
-99 -99 -99 -99 -99 -99 -99 -99 3.83326876169801 4.46102618928353
-99 -99 -99 -99 -99 -99 -99 -99 -99 -99
-99 -99 -99 -99 -99 -99 -99 -99 -99 -99
-99 -99 -99 -99 -99 -99 -99 1.72509150888981 -99 -99
3.14378133753597 -99 -99 -99 -99 -99 -99 -99 -99 -99
-99 -99 -99 0.420912031716124 -99 -99 -99 -99 0.453071111501271 -99
-99 -99 -99 -99 -99 -99 -99 -99 1.04815711668274 1.4591307048837
0.0819498824492746 -99 -99 -0.631159924765242 -99 -99 -99 -99 -99 -99
-99 -99 -99 -99 -99 -99 -99 0.875880377051055 -99 -99
-99 -99 -99 -99 -99 -99 -99 -99 -99 -99
-99 -99 -99 -99 -99 -99 -99 -99 -99 0.248770236124877
-99 -99 -99 -99 -99 -99 -99 -99 -99 -99
-99 -99 -99 -99 -99 -99 -99 -99 -99 -99
-99 -99 -0.125674701712934 -99 -99 -0.306836168698875 -99 -99 -99 -99
-99 -99 -99 -99 -99 -99 -99 -99 -99 -99
-99 0.792235381562807 -99 -99 -99 -99 -99 -99 -99 -99
-99 -99 -99 -99 -99 -99 -99 -99 -99 -99
-99 -99 -99 -99 -99 -99 -99 -99 -0.350923852307867 -99
-99 3.76367782207886 -99 -99 -99 -99 -99 -99 -99 -99
-99 -99 -99 -99 3.1449968780817 -99 -99 -99 -99 -99
-0.711905308302125 -99 -99 -99 -99 -99 -99 -99 -99 -99
-99 2.39428360300386 -99 -99 -99 -99 3.90900702811 -99 -99 -99
2.74815222740416 2.84772201680645 -99 -99 -99 -99 1.38280653091222 -99 -99 1.77020118581401
-99 -99 -99 -99 -99 -99 -99 -99 -99 -99
-99 -99 -99 -0.679573199101499 -99 -99 -99 -99 -99 -99
-99 -99 -99 -99 -99 -99 -99 -99 1.57483683014491 -99
-99 -99 -99 -99 0.454537741513464 -99 -99 -99 -99 -99
-99 -99 -99 -99 -99 -99 -99 -99 -0.301964537032368 -99
-99 -99 -99 -99 -99 -99 1.35110111145152 -99 -99 -99
-99 -99 -99 -99 -99 -99 -99 -99 -99 -99
1.21159696088867 -99 -99 -99 -99 -99 -99 -99 -99 -99
-99 -99 -99 -99 -99 -99 -99 -99 -99 1.09400360339429
-99 -99 -1.11222600094359 -99 -99 -99 -99 -99 1.18398507674866 -99
1.05314032460263 -99 -99 -99 -99 -99 -99 -99 -99 -99
-99 -99 -99 1.52603784979904 -99 -99 -99 -99 -99 -99
-99 0.821248864934693 -99 -0.76810851686834 -99 -99 -99 -99 -99 -99
-99 -99 -99 -99 -99 -99 -99 -99 -99 -99
-99 -99 -99 -99 -99 -99 -99 -99 -99 -99
-99 -99 -99 -99 -99 -99 -99 -99 -99 -99
-99 -99 -0.409343696098437 -99 -99 -99 -99 -99 -99 -99
-99 -99 -99 -99 -99 -99 -99 -99 -99 0.594148229667869
-99 -99 -99 -99 -99 -99 0.312621792868734 -99 -1.7416446817059 -99
-99 -99 -99 -99 0.462254465982935 -99 -99 -99 -99 -99
-99 -99 -99 -99 -99 -99 -99 -99 -99 -99
-99 -99 -99 -0.34428088220563 1.3765728269209 -99 -99 -99 -99 -99
-99 -99 -99 -99 -99 -99 -99 -99 -99 -99
2.416188494752 -99 0.45578233942358 -99 -99 -99 -99 -99 -99 -99
-99 -99 -99 -99 -99 -99 -99 -99 -99 -99
2.49135292169342 -99 1.8429370491786 -99 -99 -99 -99 -99 -99 -99
-99 -99 -99 -99 -99 -99 -99 -99 -99 -99
-99 -1.67642027164597 -99 -99 -99 -99 -99 -99 -99 -99
-99 -99 -99 -99 -99 -99 -99 -99 -99 -99
-99 -99 -99 -99 -99 -99 1.52395186445321 -99 -99 -99
1.60470716161841 -99 -99 -99 -99 -99 -99 -99 -99 -99
-99 0.665067890107146 -99 -99 -99 -99 -99 1.13284920110503 -99 -99
-99 -99 -99 1.74385476293746 -99 -99 -99 -99 -99 -99
-99 -99 -99 -99 -99 -99 0.0952275545875234 -99 -99 -99
-0.449315799841028 -99 -99 -99 -99 -99 -99 -99 -99 -99
1.01291501109272 -99 -99 -99 -99 -99 -99 -99 -99 -99
-99 -99 2.21722051939729 -99 -99 -99 -99 -99 -99 -99
-99 -99 -99 -99 -99 -99 -99 -99 -99 -99
-99 -99 -99 -99 -99 -99 -99 -99 -99 -99
-99 -99 -99 -99 -99 -99 -99 -99 -99 -99
-99 -99 -99 -99 -99 -99 -99 -99 -99 -99
-99 -99 -99 -99 -99 -99 -99 -99 -99 -99
-99 -99 -0.118301296031665 -99 -99 -99 -99 1.0152785413816 -99 -99
1.62681138647923 -99 -99 1.83646496107375 -99 -99 -99 -99 -99 -99
-99 -99 -99 -99 -0.236906125866746 -99 -99 -99 -99 1.03492037324966
-99 -99 -99 -99 -99 -99 -99 -99 -99 -99
-99 1.49903595944618 -99 -99 1.17088137039716 -99 -99 -99 1.42804071037421 -99
1.45891726862242 -99 -99 -99 -99 -99 -99 1.01792495098771 -99 -99
-99 -99 -99 -99 -99 -99 -99 -99 -99 -99
-99 -99 -99 -99 -99 -99 -99 -99 -99 -99
-99 -99 -99 -99 -99 -99 -99 -99 -99 -99
-99 -99 -99 0.831218821061741 -99 -99 -99 -99 -99 -99
-99 -99 -99 -99 -99 -99 -99 -99 -99 2.10365212143468
-99 -99 -99 -99 -99 -99 -99 1.22897648642207 -99 -99
-99 -99 -99 -1.32840276330848 -99 -99 -99 -99 -99 -99
-99 -99 -99 -99 -99 -99 -99 0.189352238472736 -99 -99
-99 -99 -99 0.335737233469218 -99 -99 -99 -99 -99 -99
-99 -99 -99 -99 -99 -99 -99 -99 -99 -99
-99 -99 -99 -99 -99 -99 -99 -99 -99 -99
-99 -99 -99 -99 -99 -99 -99 -99 -99 -99
-99 -99 -99 -99 -99 -99 -99 -99 1.75703812904453 -99
-99 -99 -99 -99 -99 3.54090232901253 -99 -99 -99 -99
-99 0.913908946130076 2.03177771667852 -99 0.0553168899724574 -99 -99 -99 -99 -99
-99 3.70248834997659 -99 2.15013670048709 1.81361621453219 -99 -99 1.48479065250787 -99 -99
-99 -99 -99 -99 -99 1.03022280487561 -99 -99 -99 -99
-99 -99 -99 -99 -99 -99 -99 -0.916272075564219 -99 -99
-99 -99 -99 -99 -99 -99 -99 -99 -99 -99
-99 -99 -99 -99 -99 -99 -99 -99 -99 -99
-99 -1.09500054731518 -99 -99 -99 -99 -0.158827991495156 -99 -99 -99
-99 -99 -99 -99 0.503109908364679 -99 0.611366655402405 -99 -99 -99
-99 -99 -99 -99 -99 -99 -99 -99 -99 2.39502905262209
-99 -99 -99 -99 -99 -99 -99 -99 -99 -99
-99 2.58659263739028 -99 -99 -99 -99 -99 -99 -99 -99
-99 -99 -99 -99 -99 -99 -99 -99 -99 -99
-99 -99 -99 -99 -99 -0.848255261050519 -99 -99 -99 -99
-99 -99 -99 -99 -99 -0.234673939894651 -99 -99 -99 -99
-99 -99 -99 -99 -99 -99 0.474668081770613 -99 -99 -99
-99 -99 -99 1.6515813218709 -99 -99 -99 -99 -99 -99
-99 -99 -99 -99 -99 -99 -99 0.120414869724665 -99 -99
-99 -99 -99 -99 -99 -99 -99 -99 -99 -99
-99 -99 -99 -99 1.74714844762152 -99 -99 -99 -99 -99
-99 -99 -99 -99 -99 1.42995171368399 -99 0.688834933815034 -99 -99
-99 -99 -99 0.462063594780425 -99 -99 -99 -99 -99 -99
-99 -99 -99 -99 -99 -99 -99 -99 -99 4.3931379644557
-99 -99 -99 -3.0218287435974 -99 -99 -1.47411692262921 -99 -99 -99
-99 -99 -99 -99 1.21851443889753 -99 -99 -99 -99 -99
-0.230206419122269 -99 -99 -99 -99 -99 -99 -99 -99 -99
-99 -99 -99 -99 -99 -99 -99 -99 -99 -99
-99 -99 -99 -99 -99 -99 -99 -99 -99 -99
-99 -99 -99 -99 -99 -99 -99 -99 -99 -99
0.023561022847546 -99 -99 -99 0.225804390251637 -99 -99 -99 -99 -99
-99 -99 -99 -99 -99 -99 -99 -99 -99 -99
2.99689070743455 2.61278688607379 -99 -99 -99 -99 2.00660810795899 -99 -99 -99
-99 -99 -99 -99 -99 -99 -99 -99 -99 -99
-99 -99 -99 -99 -99 -99 -99 -99 -99 -99
-99 -99 -99 -99 -99 -99 -99 -99 -99 -99
-99 -99 -99 -99 -99 -99 -0.047583653560602 -99 -99 0.565173053705724
-99 -99 -99 -99 -99 -99 -99 -99 -99 -99
-99 -99 -0.964899134106847 -99 -99 -99 -99 -99 -99 -99
-99 -99 -99 -99 -99 -99 -99 -99 -99 -99
-99 -99 -99 2.73723227083501 -99 -99 -99 2.54459818834485 -99 -99
-99 -99 -99 -99 -99 -99 -99 -99 -99 -99
-99 -99 -99 -99 -99 -99 -99 -99 -99 -99
-99 -99 -99 -99 -99 -99 -99 -99 -99 -99
2.952541183183 -99 -99 -99 -99 -99 -99 -99 3.77768006333181 -99
-99 -99 -99 -99 2.14700969519907 -99 -99 -99 -99 -99
-99 2.26461624116191 2.25525706665313 -99 -99 -99 -99 -0.482921010563865 -99 -99
-99 -99 -99 -99 0.328654601446373 -99 -99 -99 -99 -99
-99 -99 -99 -99 -99 -99 -99 -99 -99 -99
-99 -99 -99 -99 -99 -99 -99 -99 -99 -99
-99 -99 -99 -99 -0.858286464451644 -99 -99 -99 -99 -99
-99 -99 -99 -99 -99 -99 -99 -99 -99 -99
1.21206040664123 -99 -99 -99 -99 -0.0947280236555714 -99 -99 -99 -99
-99 -0.542388306388988 -99 -99 -0.15445406179223 -99 -99 -99 -99 -99
-99 -99 -99 -99 -99 -99 -99 -99 -99 -99
-99 -99 -99 -99 -99 -99 -99 -99 -99 -99
-99 -99 -99 -99 -99 -99 -99 -99 -99 -99
-99 -99 -99 2.01801987522965 3.08203514382726 2.10537466370794 -99 -99 -99 -99
-99 -99 -99 2.95752714520392 2.55308599721388 -99 -99 -99 -99 -99
-99 -99 -99 -99 -99 -99 -99 -99 -99 1.92383780043074
-99 -99 -99 -99 -99 -99 -99 -99 -99 -99
-99 -99 -99 -99 -99 -99 -99 -99 -99 -99
-99 -99 -99 -99 -99 -99 -99 -99 -99 -99
1.52910862991206 -99 -99 -99 -99 -99 -99 -99 -99 -99
0.408909419634997 -99 -99 -99 -99 -99 -99 -99 -99 -99
-99 -99 -99 -99 -99 -99 -99 -99 -99 -99
-99 1.34482541940224 -99 -99 -99 -99 -99 -99 -99 -99
-99 -99 -99 -99 -99 -99 1.22078348472111 1.67220824573012 -99 -99
-99 -99 -99 -99 -99 -99 -99 3.72161280285734 -99 -99
-99 -99 -99 -99 -99 -99 -99 -99 -99 -99
-1.93986843323299 -99 -99 -99 -99 -99 -99 -99 -99 -99
-99 -99 -99 -99 -99 -99 -99 -99 -99 -99
-99 -99 -99 -99 -99 -99 -99 -99 -99 -99
-99 1.2630848388514 -99 -99 -99 -99 -99 -99 -0.0244650880083537 -99
-99 -0.412601571096091 -99 -99 -99 -99 -99 -99 -99 -99
-99 -99 -99 -99 -99 -99 -99 -99 -99 -99
2.83036240096161 -99 -99 -99 -99 -99 -99 -99 -99 -99
-99 -99 -99 -99 -99 -99 -99 -99 -99 -99
-99 -99 -99 -99 -99 -99 -99 -99 -99 -99
-2.46144664432584 -99 -99 -99 -99 -99 -99 -99 -99 -99
-99 -99 -99 -99 -99 -99 -99 -99 -99 0.202055482393426
-99 -99 -99 -99 -99 -99 -99 -99 -99 -99
-99 -99 2.44179944436245 -99 -99 -99 4.34698889003585 -99 -99 -99
-99 -99 -99 -99 -99 -99 -99 -99 -99 -99
-99 -99 -99 -99 -99 0.607003307691239 -99 -99 -99 -99
-99 -99 -99 -99 -99 -99 1.78971253856271 -99 -99 -99
-99 -99 -99 -99 -99 -99 -99 -99 2.69746176737646 -99
-99 -99 -99 -99 -99 -99 -99 -99 -99 -99
-99 -0.147517774262856 -99 -99 -99 -99 -99 -99 -99 -99
-99 -99 -99 -99 -99 -99 -99 -99 4.90971007415646 -99
-99 -99 -99 -99 -99 -99 -99 -99 -99 -99
-99 -99 -99 -99 -99 -99 -99 -99 -99 -99
-99 -99 -99 -99 -99 -99 -99 -99 -99 -99
-0.181403854743158 -99 -99 -99 1.42646126523136 -99 -99 -99 -99 -99
-99 -99 -99 -99 -99 -0.876450441160681 -99 -99 -99 -99
-99 -99 -99 -99 -99 -99 -99 -99 -99 -99
-99 -99 -99 -99 4.12646819992318 -99 -99 -99 -99 -99
-99 -99 -99 -99 -99 -99 -99 -99 -99 -99
-99 -99 -99 -99 -99 -99 1.66904122753838 -99 -99 -99
-99 -99 -99 -99 0.995733785879302 -99 -99 -99 -99 -99
-99 -0.366329501585331 -99 -99 -99 -99 -99 -99 -99 -99
-99 -99 -99 -99 -99 -99 -99 -99 -99 -99
-99 -99 -99 -99 -99 -99 -99 -99 -99 -99
-99 -99 -99 -99 -99 -99 -99 -99 -99 -99
-99 -99 -99 -99 -99 -99 -99 -99 1.26980389760836 -99
-99 -99 -99 -99 -99 -99 -99 -99 -99 -99
-99 -99 -99 -99 -99 -99 -99 -99 -99 -99
-99 -99 -99 -99 -99 -99 0.20559390071738 -99 -99 -99
1.96785180439723 -99 -99 -99 -99 -99 -99 -99 -99 -99
-99 -99 -99 -99 0.320077414380579 -99 -99 -99 -99 -99
-99 -99 -99 -99 -99 -99 -99 -99 -99 0.853126376014628
-99 -99 -99 -99 -99 -99 -99 -99 -99 -99
-99 -99 -99 -99 -99 -99 -99 -99 -99 -99
-99 -99 -99 -99 -99 -99 -99 -99 -99 -99
-99 -99 -99 -99 -99 -99 -99 -99 -99 -99
-99 -99 -99 -99 -99 -99 1.92691704673017 -99 -99 -99
-99 -99 -99 -99 -99 -99 -99 -99 -99 -99
-99 -99 -99 -99 -99 -99 -99 -99 -99 -99
-99 -99 -99 -99 -99 -99 -99 -99 -99 1.71664101757428
-99 -99 -99 -99 -99 -99 -99 -99 -99 -99
-99 0.3839347096987 -99 -99 -99 0.184174148915198 -99 -99 -99 -99
-99 4.04742709643688 -99 -99 -99 -99 0.578217285380312 -99 -99 -99
-99 -99 -99 -99 -99 -99 -99 -99 -99 -99
-99 -99 -99 -0.53649861985411 -99 -99 -99 -99 -99 0.811757650757402
-0.815534702516412 -99 -99 -99 -99 0.149683688912536 -99 -99 -99 -99
3.32407552889901 1.43788689455642 -99 2.21432880746335 -99 -99 -99 -99 1.92089486511398 2.76585727255818
-99 -99 -99 -99 -99 -99 -99 -99 -99 -99
-99 -99 -99 -99 -99 0.291872299041468 -99 -99 -99 -99
-99 -99 -99 -99 -99 -99 -99 -99 -99 -0.155276183401787
-99 -99 -99 -99 -99 -99 -99 -99 -99 -99
-99 -99 -99 0.0440538788464193 -99 -99 -99 -99 -99 -99
-99 -99 -99 -99 -99 -99 -99 -99 4.11201720371201 -99
-99 -99 -99 0.81454096465198 -99 -99 -0.754432975842545 -99 -99 -99
-0.0993016953698405 -99 -99 -99 -99 -99 -99 -99 -99 -99
0.266067793455004 -99 -99 -99 -99 -99 -99 -99 -99 -99
-99 -99 -99 -99 -99 -99 2.40212955778367 -99 -99 -99
-99 -99 -99 -99 -99 -99 -99 2.78769935160072 -99 -99
-99 -99 -99 -99 -99 -99 -99 -99 -99 0.285688457505594
-99 -99 -99 -99 -99 -99 -99 -99 -0.438400665573662 -1.51776658036444
1.22106501656337 0.0742075173153981 -99 -99 -99 -99 2.07126272489061 -99 -99 1.74378614255345
-99 1.79229064823974 -99 -99 -99 -99 -99 -99 -99 0.880927517441384
-99 -99 -99 -99 -99 -99 -99 -99 -99 -99
-99 -99 -99 -99 -99 -99 -99 -99 -99 -99
-99 -99 -99 -99 -99 -99 -99 -99 -99 -99
2.14649985914407 -99 -99 -99 -99 -99 -99 -99 -99 -99
-99 2.4433702462728 -99 -99 -99 -99 -99 -99 -99 -99
-0.392397687440846 -99 -99 -99 -99 -99 -99 -99 -99 0.28999502093954
-99 -99 -99 -99 -99 -99 -99 -99 -99 -99
-99 -99 -99 -99 -99 -99 -99 -99 2.06970645806136 -0.98992704782909
-99 -99 0.526768127761856 -99 -99 -99 -99 -99 -99 -99
1.07102967579356 -99 -99 -99 -99 -99 -99 -99 -99 -99
0.950440659477841 -99 2.06847928210121 -99 -99 1.75629162259853 -99 -99 -99 -99
-99 -99 -99 -99 2.90472327656506 3.70695603983596 2.081886457417 -99 -99 2.80531148752603
-99 -99 -99 -99 0.551385958087585 -99 -99 -99 1.73008942356908 -99
-99 0.539644415969152 -99 -99 -99 0.704196517360055 -99 -99 -99 -99
-99 -99 -2.13799616382131 0.101818902679779 -99 -99 -99 -99 -99 -99
-99 -99 -99 -99 0.275214803870386 -99 -99 -99 -3.02559074834223 -99
-99 -99 -99 -99 -99 -99 -99 0.514695164650266 -99 -99
-99 -99 -99 -99 -99 1.35226695951616 -99 -99 -99 -99
-99 0.46468618318531 -99 -99 -99 -99 -99 -99 -99 -99
-99 -99 -99 -99 -99 -99 -99 -99 -99 -99
-99 -99 -99 0.463374652776512 -99 -99 -99 -99 0.279572210970578 1.9967076888093
-99 -99 1.19364945990043 -99 -99 -99 -99 -99 -99 -99
0.127782832864317 -99 -99 -99 1.71581786026652 -99 -99 0.47463555789725 -99 -99
1.22983079268328 -99 -99 -99 -99 -99 -99 -99 2.51641402869961 -99
-99 -99 -99 -99 -99 -99 -99 -99 0.206211418454537 -99
-99 -99 -99 3.32935552672558 -99 -99 -99 -99 -99 -99
-99 -0.441951414686961 -99 -99 -99 -99 -99 -99 -99 -99
-99 -99 -1.84271608379807 -99 -99 -99 -0.950600912639457 -99 -99 -99
-99 -99 -99 -99 -99 -99 -99 -99 -99 -99
-99 -0.279707766801331 -99 -99 -99 -99 -99 -99 -99 -99
-99 -1.37770849226619 -99 -99 3.24833240900341 -99 -99 -99 -99 -99
-99 -99 -99 -99 -99 -99 -99 -99 -99 0.422166025935764
-0.333807013246208 -99 -99 -99 -99 -99 -99 0.148529141475 -99 -99
-99 -99 -99 -99 -99 -99 -99 -99 -99 -99
1.02676260339141 -99 -99 -99 -0.00666393000390242 -99 -99 -99 -99 -99
-99 -99 -99 -99 -99 -99 -99 -99 -99 -99
-99 -99 -99 -99 -99 -99 -99 -99 -99 -99
-99 -99 -99 -99 -99 -99 -99 -99 -0.387070851352339 -99
-99 -99 -99 -99 -99 -99 -99 -99 -99 -99
-99 -99 -99 -0.0681779746155673 -99 0.794548748313953 -99 -99 -99 -99
-99 -99 -99 -99 -99 -99 -99 2.68676659502717 -99 -99
2.46838972974289 -99 -99 -99 -99 0.753534369913437 -99 -99 -99 -99
-99 -99 -99 -2.45360127565082 -99 -2.35491666828283 -99 -99 -99 -99
-99 -99 -99 -99 -99 -99 -99 -99 -99 -99
-99 -99 -99 -99 -99 -99 -99 -99 -99 -99
-99 -99 -99 -99 -99 -99 3.39068315109637 -99 -99 -99
-99 -99 -99 -99 -99 2.17791806297723 -99 -99 -99 -99
-99 2.81161952986247 -99 2.75489935555075 -99 1.07588036487424 -99 -99 2.52288611563182 -99
-99 -1.1196749453838 -99 -99 -99 -99 -99 -99 -99 -99
-99 -99 -99 -99 -99 -99 -99 -99 -99 -99
-99 -99 -99 -99 -99 -99 1.89214519424972 -99 -99 -99
-99 -99 1.25909727134079 4.57362861865925 -99 -99 -99 -99 -99 -99
-99 0.923146536192378 -99 -99 -99 -99 -99 -99 -99 1.57933607370624
-1.66321531141744 -99 -99 -99 -99 -99 -99 -99 -99 -99
-99 -99 -99 -99 -99 -99 -99 -99 -99 2.1851775177
-99 3.9286146450955 -99 -99 -99 -99 -99 -99 -99 3.65307681830945
-99 -99 -99 -99 -99 -99 -99 -99 -99 -99
-99 -99 -99 -99 -99 -99 -99 2.59347548963355 -99 -99
-99 -99 2.47314592504907 -99 -99 -99 -99 -99 -99 -99
-99 -99 -99 0.145369080872492 -99 -99 -99 -99 -99 -1.54472037073815
-99 -0.665048885166366 -99 -99 -99 -99 0.946525701039935 -99 -99 -99
-99 -99 -0.0966126221428218 -99 -99 -99 -99 -99 -99 -99
-99 -99 -99 -99 -99 -99 -99 1.10414735450502 0.600302055704557 -99
-99 -99 -99 -99 -99 2.3966537931254 -99 -99 -99 1.23422007257729
-99 -99 -99 -99 -99 -99 -99 -99 -99 0.588704161297016
-99 -99 -99 -1.8231823577609 -99 -99 -99 -99 -0.61806378146952 -99
-99 -99 -99 -99 -99 -99 -99 -99 -99 -99
1.90735194562871 -99 -99 -99 -99 -99 -99 -99 -99 -99
-99 -99 -99 -99 -99 2.70105135412915 -99 -99 -99 -99
-99 -99 -99 -1.13611339980017 -99 2.31522344686318 -99 -99 -99 1.05757040591065
-1.89017433580271 -99 -99 -99 -99 -99 -99 -99 -99 -99
-99 -99 -99 -99 -99 -99 -99 -99 -99 -99
-99 -99 -99 -99 -1.8119850187615 -99 -99 -1.60243653218585 -99 -99
-99 -99 -99 -99 -99 -99 -99 -99 -99 -0.133933639190471
-99 -99 -99 -99 -99 -99 -99 -99 1.12898180932671 -99
-99 -99 -99 -99 -99 -99 -99 -99 -99 -99
-99 -99 -99 -99 -99 -99 -99 -99 -99 -99
-99 -99 -99 -99 -99 -99 -99 -99 1.1283384485256 -99
-99 -99 -99 1.91906139932343 -99 -99 -99 -99 -99 -99
-99 -99 0.803184670609183 -99 -99 -99 -99 -99 -99 -99
-99 -99 -99 -99 -99 -99 -99 -99 -99 -99
-99 -99 -99 -99 1.35301322311905 -99 -99 -99 -99 -99
-99 -99 -99 -99 -99 1.60906014519895 -99 -99 -99 3.26944618082416
-99 -99 1.15862627314988 -99 -99 -2.56267755653029 -99 -99 -99 -99
-99 -99 -99 -99 -99 -99 -99 -99 -99 -99
-99 -99 -99 -99 -99 -99 -99 -99 -99 -99
-99 -99 -99 -99 -99 -0.518512162035668 -99 2.19042681407279 -99 -99
0.911360785320671 -99 -99 -99 -99 -99 -99 -99 -99 -99
-99 -99 -99 -99 -99 -99 -99 -99 1.44181848782463 -99
2.74931728231293 -99 0.196552771962868 -99 1.63341559889689 -99 -99 -99 -99 -99
-99 -99 -99 -99 -99 0.380923999220074 -99 -99 -99 -99
-99 -99 -99 -99 -99 -99 -99 -99 -99 1.21458995563594
-99 -99 -99 -99 -1.16627010401434 -99 -99 -99 0.0146541947968734 -99
-99 -99 -99 -99 -99 -99 -99 -99 -99 -99
-99 -99 -99 -99 -99 -99 -99 -99 -99 1.11107615750259
-99 -99 -99 -99 -99 -99 -99 -99 -99 -99
-99 -99 -99 -99 -99 -99 -99 -99 -99 -99
-99 -99 -99 -99 1.88305224615777 -99 -99 -99 -99 -99
1.03425563784003 -99 -99 -99 -99 -99 -99 -99 -99 -99
-99 -99 -99 1.68385782219458 -99 -99 -99 -99 -99 -99
-99 2.41772157008581 -99 -99 -99 -99 -99 -99 -99 -99
-99 -99 -99 0.0259488671497814 -99 -99 -99 -99 -99 -99
-99 -99 -99 -99 -99 -99 -99 -99 -99 -99
-99 -99 -99 -99 -99 -99 -99 -99 -99 -99
-99 -99 -99 -99 -99 -99 -99 0.397085272433309 -99 -99
-99 -99 -1.01001884770544 -99 -99 -99 0.548960496441053 -99 -99 -0.572984694800003
-99 -99 -99 -99 -0.859872891807879 -1.34038329224439 -99 -99 -99 -99
-99 -2.2119022620092 -99 -99 -99 -99 -99 -99 -99 -99
-99 -99 0.82558118424924 -99 -99 -99 -99 -99 -99 -99
-99 -1.41364537535418 -99 -99 -99 -99 -99 -99 -99 -99
-99 -99 -99 -99 -99 -99 -99 -99 -99 -99
-99 -99 -99 -99 -99 -99 -99 -99 -99 -99
-99 -99 -99 -99 -99 -99 -99 -99 -99 -99
-99 -99 -0.470234505093029 -99 -99 -99 -99 -0.107419301807791 -99 -99
-99 -99 -99 -99 -99 -99 -99 -99 -99 -99
-99 -1.42199740482167 -99 -99 -99 -99 -99 -99 -99 -99
-99 -99 -99 -99 -99 -99 -99 -99 -99 -99
-99 -99 -99 -99 -99 -99 -99 -99 -99 -99
-0.456894928524736 -99 -99 -99 -99 -99 -99 -99 -0.498503537629187 -99
2.01186620371053 -99 -99 -99 -99 -99 -99 -99 -99 -99
-99 -99 -99 -99 -99 -99 -99 -99 -99 -99
-99 -99 -99 -99 0.334281244545344 -99 -99 -99 -99 -99
-99 2.16962786215339 -99 -99 -99 -99 -99 -99 -99 -99
-99 -99 -99 -99 -99 -99 -99 -99 -99 -99
-99 -99 -99 -99 -0.591571963058679 -99 -99 -99 -0.351025425409642 -99
-99 -99 0.954968866592312 -99 -99 -99 -99 -99 -99 -99
-99 -99 -99 -99 -99 -99 -99 1.25096531633078 -99 -99
-99 -99 -99 -99 -99 -1.52248238367672 -99 -99 -99 -99
-99 -99 -99 -99 -99 -99 -99 -99 -99 -99
-99 -99 -99 -99 -99 -99 -99 -99 -99 -99
-99 -99 -99 -99 -99 -99 1.32305426851849 -99 -99 -0.146557073014657
-99 -99 -99 -99 -99 -99 -99 -99 -99 -99
-99 -99 -99 -99 -99 -99 -99 -99 -99 -99
0.903579933806888 -99 -99 -99 -99 -99 -99 -99 -99 -99
-99 -99 -99 -99 -99 -99 -99 -0.79859048437079 -99 -99
-99 -99 -99 -99 -99 -99 -99 -99 -99 -99
-99 -99 -1.35862041123558 -99 -99 -99 -99 -99 -99 -99
-99 -99 1.12300325465875 -99 -99 2.16717817294773 -99 -99 -99 -99
-99 -99 -99 -99 -99 -99 1.96519519951949 -99 -99 0.20356265344441
-99 -99 0.821475464802455 -99 2.13742413106651 -99 0.797487408125234 -99 -99 -99
1.21482032531591 -99 -99 2.13194457377883 -99 -99 -99 -99 -99 -99
-99 -99 -99 -99 -99 -99 2.29531029540632 -99 -99 -99
-99 -99 -99 -99 -99 -99 -99 -99 -99 -99
-99 -99 -99 -99 -99 -99 -99 -99 -99 -99
-99 -99 -99 -99 -99 -99 -99 -99 -99 -99
-99 -99 -0.00348131174818445 -1.04614039906205 -99 -99 1.040913774673 -99 1.66304235186088 -99
-99 -99 -99 -99 -99 1.4324080808564 -99 -99 -99 -99
-99 -99 -99 -0.410788825989923 -99 -99 -99 -99 -99 -99
-99 -99 -99 -99 -99 -99 -99 -99 -99 -99
-99 -99 -99 -99 -99 -99 -99 -99 -99 1.17537301156621
-99 -99 -99 -99 -99 -99 -99 -99 -99 -99
-99 -99 1.45104704594669 -99 -99 2.2991591691604 -99 -99 -99 -99
-99 -99 -99 -99 -99 2.16975865752695 -99 -99 -99 -99
1.47393876493887 -99 -99 -99 -99 -99 -99 -99 -99 -99
-99 -99 -99 -1.74916626363842 -99 -99 -99 -2.17916316768196 -99 -99
-99 -99 -99 -0.588812100961868 -99 -99 1.31380554952198 -99 -99 -99
-99 -99 -99 -99 -99 -99 -99 -99 -99 -99
-99 2.4391377656081 -99 -99 -99 -99 -99 -99 -99 -99
-99 -99 -99 1.07896846752788 -99 -99 -99 -99 -99 -99
-99 -99 -99 -99 -99 -99 -99 -99 -99 -99
-99 -99 -99 -99 -99 0.372626326945925 -99 -99 -99 -99
-99 -99 0.943920930346313 -99 -99 -99 1.46328519050135 -99 -99 -99
-99 -99 0.494228483603247 -99 -99 -0.619462234047709 -99 -99 -99 -99
-99 -99 -99 0.864947309900046 -99 1.69661579518051 -99 -99 -99 -99
-99 -99 2.83817365391569 -99 -99 -99 -99 -99 -99 -99
-99 -99 -99 -99 -99 -2.56498206169497 -99 -99 -99 -99
-99 -99 -99 -99 -99 0.47978626181632 -99 -99 -99 -99
-99 -99 -99 -99 -99 -99 -99 -99 -99 -99
-99 -99 -99 -99 -99 -99 -99 -99 -99 -99
-99 -99 -99 -99 -99 -99 -99 -99 -99 -99
-99 -99 -99 -99 -99 -99 -99 -99 -99 -99
-99 -99 -99 -99 -99 -99 -99 -99 -99 -99
-99 -99 -99 -99 -99 0.797478621185273 1.98477886388274 1.71497548297739 -99 -99
-99 -99 -99 -99 -99 -99 -99 -99 -99 -99
-99 -99 -99 -99 -99 -99 -99 -99 -99 -99
-99 -99 -99 -99 -99 -99 -99 -99 -99 -99
-99 -99 -1.33778031961967 -99 -99 -99 -99 -99 -99 -99
-99 -99 -99 -99 -99 -99 -99 -99 -99 -99
-99 -99 -99 -99 -99 -99 -99 -99 -99 -99
-99 -99 -99 -99 -99 -99 -99 -99 -99 -99
-99 -99 -99 -99 -99 -99 -99 0.980184222887617 0.208603335907056 -99
0.598718654774121 -99 1.1910869396116 -99 1.90319080178594 -99 -99 1.91032950445172 -99 -99
-99 -99 -2.86256515560115 -99 -99 -0.687677960591492 -99 -99 -99 -99
-99 -99 -99 -99 -99 -99 -99 -99 -99 -99
-99 -99 0.208857820511546 -99 -99 -99 -99 1.51062586419844 -99 -99
-99 -99 -99 -99 -99 -99 -99 -99 -99 -99
-99 -99 -99 -99 1.75571325471274 -99 -99 -99 -99 -99
-99 -99 -99 4.13367600188126 -99 -99 -99 -99 -99 2.69252535335247
3.18430147862767 -99 -99 -99 -99 -99 -99 -99 -99 -99
-99 -99 -99 -99 -99 -99 -99 -99 -99 -99
-99 -99 -99 -99 -0.347776751405823 -99 2.09501262562598 -99 -99 -99
-99 -99 -99 -99 -99 -99 -99 -99 -99 -99
0.479501884292583 -0.0249466479453926 -99 -99 -99 -99 -99 -99 -99 -0.145099828236925
-99 -99 -99 -99 -99 -99 -99 -99 -99 -99
-99 0.559623418037925 -99 -99 -99 0.98323535787208 -99 -99 -99 -99
-99 2.22732600959846 -99 -99 -99 -99 -99 -99 -99 1.29089504143089
-99 -99 -99 -99 -99 -99 -99 -99 -99 -99
-99 -1.26670415552533 -0.961351759490704 -99 -99 -99 -99 0.0674401753099606 -99 -0.421822645755508
-99 -1.30807409429636 -99 -99 -99 -99 -99 -99 -99 -99
-99 -99 -99 -99 -99 -99 -99 -99 0.332578277868733 -99
-0.0955930460057035 -99 -99 -99 -99 0.122981646905875 -99 -99 -99 -99
-99 -99 -99 -99 -99 -99 -99 -99 -99 0.335794025608572
0.0156905419493959 -99 -99 -99 -99 -99 -99 -99 -99 -99
-99 -99 -99 -99 -99 -99 -99 -99 -99 -99
-99 -99 -99 -99 -99 -99 -99 -99 -99 -99
-99 -99 -99 2.8386871536067 -99 -99 -99 -99 -99 -99
-99 1.50877873014133 -99 -99 0.754021094059652 -99 3.0876372465926 -99 -99 -99
-99 -99 -99 -99 -99 -99 -99 -99 -99 -99
-99 -99 -99 -99 -99 -99 -99 -99 -99 -99
-99 -99 -99 0.870747003362103 -99 -99 -99 -99 -99 -99
-99 -99 -99 3.00314400001636 -99 -99 -99 -99 -99 -99
-99 -99 -99 -99 -99 -99 -99 -99 -99 2.37970605941818
-99 -99 -99 -99 -99 -99 -99 -99 -99 -99
-99 -99 -99 -99 -99 -99 -99 -99 -99 1.71042136987791
-99 -99 -99 -99 2.58779570515834 -99 -99 -99 -99 -99
-99 -99 -99 -99 -99 -99 -99 -99 -99 -99
-99 -99 -99 2.71067018418221 -99 -99 -99 -99 -99 -99
-99 -99 -99 -99 -99 -99 -99 -99 -99 -99
-99 -99 2.35462405971747 -99 -99 -99 -99 3.1920570611536 2.33909145135428 -99
-99 -99 -99 -99 -99 -99 -99 -99 -99 -99
-99 -99 -99 -99 -99 -99 -99 -99 -99 -0.522817277177993
-99 -99 -99 -99 -99 -99 -0.330787859759714 2.31208210816454 -99 -99
-99 -99 -99 -99 -99 -99 -99 -99 -99 -99
-99 -99 -99 -99 -99 -99 -99 -99 -99 -99
-99 -99 -99 -99 -99 -99 -99 -99 -99 -99
-99 -99 -99 -99 -0.428528905883201 -99 -99 -99 -99 -99
-99 -99 2.24831599128555 -99 -99 -99 -99 -99 -99 -99
-99 -99 -99 0.492000052557314 -99 1.18853111817177 -99 -99 -99 -99
-99 -99 -99 -99 1.4702143415497 -99 -99 -99 -99 -99
-99 -99 -99 -99 -99 -99 -99 -99 -99 0.541897726375551
-99 -99 -99 -99 -99 1.97463664156805 -99 -99 -99 -99
-99 -99 -99 -99 -99 -99 -0.359754449725824 -99 -99 -99
-99 -99 -99 -99 -99 -99 -99 1.65146824188526 -99 -99
-99 -99 -99 -99 -99 -99 -99 -99 -99 -99
-99 1.34264685232924 1.26222898300148 -99 -99 -99 -99 -99 0.978756806733393 -99
-99 -99 -99 -99 -99 -99 -99 -99 -99 -99
-99 -99 -99 -1.72983983465954 -99 -99 -99 -99 -99 -99
0.773900877396281 -99 -99 -0.39467199848059 -99 -99 -99 -99 -0.626139867366819 -99
1.04032320291672 -99 -99 -99 -99 -99 -99 -99 -99 -99
-99 -99 -99 -99 -99 -99 -99 -99 -99 -99
-99 -99 0.624732043560946 -99 -99 -99 -99 -99 -99 -99
-99 -99 -99 -99 -99 -99 -99 -99 -99 -99
-99 -99 -99 -99 -99 -0.343061807998722 -99 -99 -99 -99
-99 -99 -99 -99 -99 -99 -99 -99 -99 -99
-1.49648050217135 -1.40432528879056 -99 -99 -99 -99 -1.17694486340201 -99 -99 -99
3.45356012165184 -99 -99 2.67759250287925 -99 5.06375626363896 -99 -99 -99 -99
-99 -99 -99 -99 -99 1.12578564411448 -99 3.29925823238201 -99 -99
-99 -99 -1.08245039519599 -99 -99 -99 -99 -99 -99 -99
-99 -99 -99 -99 -99 -99 -99 -99 -99 -99
-99 -99 -99 -99 -3.02866945449009 -99 -99 -1.06010037061162 -99 -99
-0.310215596778223 -99 -99 -99 -0.264435289711151 -99 0.647126820427898 -99 -99 -99
-99 -99 -99 -99 -99 -99 -0.385717149570046 -99 -99 -99
0.0892578637122695 -99 -99 -99 -99 -99 -99 -99 -99 -99
-99 -99 -99 -99 -99 -99 -99 -99 -99 -99
-99 -99 -99 -99 -99 -99 -99 -99 -99 -99
-99 -99 -99 -99 -99 -99 -99 -99 -99 -99
-99 -99 -99 -99 -99 -99 -99 -99 -99 -99
-99 1.60773581355502 -99 -99 -99 -99 1.67422634854562 -99 -99 0.8522352307552
2.35522590052696 0.472592362974254 -99 -99 -99 -99 -99 -99 -99 -99
-99 -99 -99 -99 -99 -99 -99 -99 -99 -99
-99 -99 -99 -99 -99 -99 -99 -99 -99 -99
-99 -99 -99 -1.73556765452853 -99 -99 -99 -99 -99 -99
-99 -99 -99 -99 -99 -99 2.45690489336109 1.51322242125054 -99 -99
-99 -99 -99 -99 0.872132963370716 -99 -99 -99 -99 0.508956040766257
0.444943442512805 -99 -99 -99 -99 -99 -99 -99 -99 2.04652611827846
-99 -99 -99 -99 -99 -99 0.0127826933410956 1.3872604159908 -99 -99
-99 -99 -99 -99 -99 -99 -99 -99 -99 -99
-99 -99 -99 -99 -99 -99 -99 -99 -99 -99
-99 -99 -99 -99 -99 -99 -99 -99 -99 -99
-99 -99 -99 -99 -99 -99 3.49173983140332 -99 -99 -99
-99 -99 -99 -99 -99 -99 -99 -0.232498463420326 -99 -99
-99 -99 -99 -99 -99 -99 -99 -99 -99 -99
-99 -99 -99 -99 -99 -99 -99 -99 -99 -99
-99 -99 -99 -99 2.78358193196049 -99 -99 -99 -99 -99
-99 -99 -99 -99 -99 -99 -99 -99 -99 -99
-99 -0.0213604011560338 -99 -99 -99 -99 -99 -99 -99 -99
-99 -99 -99 -99 -99 0.145583199276258 -99 -99 0.681299254304636 -99
-99 2.13042978668737 -99 -99 -99 -99 -99 -99 -99 -99
-99 0.869534913006773 1.45884987283927 -99 1.20992718201982 -99 -99 -99 -99 -99
-99 -99 -99 -99 0.980297530722264 -99 -99 -99 -99 -99
-99 -99 -99 -99 -99 1.25213417942305 -99 -99 -99 -99
2.07233691967345 -1.27842127127577 -99 0.63266718604239 -99 3.30964612828891 -99 -99 -99 -99
-99 -99 -99 -99 -99 -99 -99 -99 -99 -99
-99 -99 -99 -99 -99 -99 -99 -99 -99 0.989352570010986
-99 -99 -99 -99 -99 -99 -99 -99 -99 -99
-99 -99 -99 -99 0.437665256023519 -99 -99 -99 -99 -99
-99 -99 -99 -99 -99 -99 -99 -99 -99 -99
-99 -99 -99 -0.281441195357934 -99 -99 -99 -99 -0.554759373886233 -99
-99 -99 -99 -99 -99 -99 -99 -99 -99 -99
-99 -99 -99 -99 -99 -99 -99 -99 -99 0.649922779371992
-99 -99 -99 -99 -99 -99 4.08480002286567 -99 -99 -99
-99 -99 -99 -99 -99 -99 -99 -99 1.09588137453371 0.517902012136828
-99 -99 -99 -99 -99 -99 -99 -99 -2.46361077929246 -99
-99 -99 -0.475642036549872 -99 -99 -99 -99 -99 -99 -99
-99 -99 -99 0.29662229658317 -99 -99 -99 -99 -99 -99
-99 -99 -99 -99 -99 -99 -99 -99 -99 -99
-99 -99 -99 -99 -99 -99 -99 -99 -0.409871192303177 -99
-99 -99 -99 -99 -99 -99 -99 -99 -99 -99
-99 -99 -99 -99 -99 -99 -99 2.40166669828967 -99 -99
-99 -99 -99 -99 -1.1668465572313 -99 -99 -99 -99 -99
-99 -99 -99 -99 -99 -99 -99 -99 -99 -99
-99 -99 -99 -99 -99 0.155461339996866 -99 -99 -99 -99
-99 -99 -99 -99 -99 -99 -99 -99 -99 -99
-99 -99 -99 -99 -99 -99 -99 -99 0.0508473962168091 -99
-99 -99 -99 -99 -99 -99 -99 -99 -99 -99
-99 0.898255353910466 -99 -99 -99 -99 -99 -99 -99 -99
-99 1.89650873887365 -99 -99 -99 2.24162255546144 -99 -99 -99 -99
-99 -99 -99 -99 -99 -99 -99 -99 -99 -99
-99 -99 -99 0.58894054195987 -99 -99 -99 -99 0.441471282973257 -99
-99 -99 1.46663339775258 -99 -99 -99 -99 -99 -99 -99
-99 -99 -99 -99 -99 -99 -99 -1.55183422322385 -99 -99
-99 -99 -99 -99 -99 -0.728037705439473 -99 -99 -99 -99
-99 -99 -99 -99 -99 -99 -99 -99 -99 -99
-99 -99 -99 -99 -99 -99 -0.224324743384753 -99 -99 -99
-99 -99 -99 -99 -99 -99 -99 -99 0.00673607477220994 1.16410676664884
-99 -99 -99 -99 -99 -99 -99 -99 -99 -99
-99 -99 -99 -99 -99 -99 -99 -99 -99 -99
-99 -99 -99 -99 -99 -99 -99 -99 -99 -99
-99 -99 -99 -99 -99 -99 -99 -99 -99 -99
-99 -99 -99 -99 -99 -99 -99 -99 -99 -99
-99 -99 -99 -0.747709049947572 -99 -99 -99 1.769158816169 -99 -99
-99 -99 -99 -99 -99 -99 -99 -99 -99 -99
-99 -99 -99 -99 -99 -99 -99 0.857957668699306 -99 -99
-99 -99 -99 -99 -99 -99 1.35007708416533 -99 -99 -99
-99 -99 -99 -99 -99 -99 -99 -99 -99 -99
-99 -99 0.815345392023319 -99 -99 -99 -99 -99 -99 -99
-99 -99 -99 -99 2.3079249499679 0.474844027945015 -99 -99 -99 -99
2.39749393632235 -99 -99 -99 -99 3.40459574195087 -99 -99 -99 -99
-99 -99 -99 -2.5034960687454 -99 -99 -99 -99 -1.04926301998223 -99
-99 -99 -99 1.50166307338663 -99 -99 3.32895441592175 4.39450316498051 -99 -99
-99 -99 -99 0.992007569398994 -99 -99 -99 -99 -99 -99
-99 -99 -99 0.908117803581237 -99 -99 -99 -99 -99 -99
-99 -0.407152707625191 -99 1.60463158040938 -99 -99 -99 -99 -99 -99
-0.0589822284109203 -99 -99 -99 -99 -99 -99 -99 -0.957468503464351 -99
-99 -99 0.318208911200031 -99 -99 -99 -99 -99 -99 -99
-99 -99 -99 -99 -99 -99 -99 -99 -99 -99
0.101460931435372 -99 -99 -99 -99 -99 -99 -99 -99 -99
-99 -99 -99 -99 -99 -99 -99 -99 -99 -99
-99 -99 -99 2.00240443937787 -99 -99 2.77216649248843 -99 -99 -99
-99 -99 -99 -99 -99 -99 -99 -99 -99 -99
-99 -99 -99 -99 -99 1.69825435050512 -99 -99 2.42273160264205 -99
-99 -99 -99 -99 2.11094341920998 -99 -99 -99 -99 -99
-99 -99 1.74705056047746 -99 -99 -99 -99 -99 -99 1.42239998501791
-99 -99 -99 -99 -99 -99 -99 -99 -99 1.02816009205757
-99 -99 -99 -99 -99 -99 -99 -99 -99 -99
-99 1.09438187968095 2.74543894920907 -99 -99 -99 -99 -99 -99 -99
-99 -99 -99 1.84494514225491 -99 -99 -99 1.73932554458097 1.11655073864241 -99
-99 -99 -99 1.64154126488293 -99 -99 -99 -99 -99 -99
-99 -99 -99 -99 -99 -99 -99 -99 -99 -99
-99 -99 -99 -99 -99 -99 -99 -0.210833042413364 -99 -99
-99 -99 -0.000978502295164052 -99 0.540074686766018 -1.15896398751456 -99 -99 -99 -99
-99 -99 -99 -99 -99 -99 -99 -99 -99 -99
0.914941186943803 -99 -99 -99 3.84709220127943 -99 -99 -99 -99 -99
-99 -99 -99 -99 -99 -99 -99 -99 0.499740902105541 0.0042312604115069
-99 -99 -99 -99 -99 -99 -99 -99 -99 -99
-99 -99 -99 -99 -99 -99 -99 -0.563945292989726 -99 -99
-99 -99 -99 -99 -99 -99 -99 -99 -99 -99
-99 1.09797409721454 -99 1.15399499587638 0.507977851189088 0.707306558791082 -99 -99 -99 -99
-99 -99 -99 -99 -99 -99 -99 -99 -99 -99
-99 -99 -99 -1.60465980607582 -99 -99 -0.69967286156254 -99 -99 -99
-99 -99 -99 -99 -99 -99 -99 -99 -99 1.54050539880049
-99 -99 -99 -99 -99 -99 -99 -99 -99 -99
-99 -99 -99 -99 1.67168188664819 -99 -99 -99 -99 -99
0.0127074178845225 -99 -99 -99 -99 -99 2.70440209990141 -99 -99 -99
-99 -99 -99 -99 -99 -99 -0.380204652464916 -99 0.126215537284872 -99
1.19073936243765 -99 0.949505196593372 -99 -99 -99 -99 -99 -99 -99
-99 -99 2.39935332359643 -99 -99 -0.109981091258949 -99 -99 -99 -99
-99 -99 -99 -99 -99 -99 -99 -99 -99 -99
-99 -99 -99 -99 -99 -99 -99 -99 -99 -99
-99 -99 -99 -99 -99 -99 -99 -99 -99 -99
-99 -99 -99 0.445726864545867 -99 -99 -99 -99 -99 -99
-99 -99 -99 -99 -99 -99 -99 -99 -99 -99
-99 -99 -99 -99 -99 -99 -99 -99 -99 0.628883115169933
-99 -99 -99 -99 -99 1.32776471124694 2.6906119047281 -99 -99 -99
-99 -99 -99 -99 -99 -99 -99 -99 -99 -99
-0.720744114947521 -99 -99 -99 -99 -99 -99 -1.91630112315245 -99 -99
-99 -99 -99 -99 -0.680340073135929 -99 -99 -0.422107740066906 -99 -99
-99 -99 -99 -99 0.908497534461768 -99 -99 -99 -99 0.925801705668
-99 -99 -99 -99 -99 -99 -99 -99 -99 -99
-99 -99 -99 -99 -99 -99 4.64574305503158 -99 -99 -99
-99 -99 -3.0393329204965 -99 -99 -99 -0.736591835420663 -99 -99 -99
-99 2.77184236492248 -99 -99 -99 -99 -99 -99 -99 -99
-99 -99 -99 -99 -99 -99 -99 -99 1.65999348226568 -99
-99 -99 -99 -99 -99 -99 -99 -99 -99 -99
-99 -99 0.672739866076149 3.09740870342577 -99 -99 -99 -99 -99 -99
-99 -99 -99 -99 -99 -99 -99 -99 -99 1.73264369259296
-99 -99 -99 -99 -99 -99 -99 -99 0.838173266758313 -99
-99 -99 -99 -99 -99 -99 -99 -99 -99 -99
-99 -99 -99 -99 -99 -99 -99 3.55036895681522 2.59674088769807 0.671825113015634
-0.381734725631042 -99 -99 -99 -99 -99 -99 -99 -99 -99
-99 -99 -99 -99 -99 -99 -99 -99 -99 -99
-99 -99 -99 -99 -99 -99 -99 -99 -99 -99
-99 -99 -99 -0.880779139604234 -99 -99 -99 -99 -99 -99
-99 -99 3.86417115685256 2.430673255842 3.4850881276381 0.56394225542329 1.16705195514182 -99 -99 -99
-99 -99 -99 -99 -99 -99 -99 -99 -99 -99
-99 1.27450262361019 -99 -99 -99 -99 -99 -99 -99 -99
-99 -99 -99 -99 -99 -99 -99 -99 -99 -99
-99 -99 -0.0463801040745191 -99 -99 -99 -99 -99 1.74241440064148 -99
2.02943336930234 -99 -99 -99 -99 -99 -99 -99 -99 -99
-99 -99 -99 -99 -99 1.43910947332377 -99 -99 -99 -99
-99 -99 -99 -99 -99 -99 0.140980093440208 0.51135678181395 0.722689059599814 -99
-99 -99 -99 -99 -99 -99 -99 -99 -99 -99
-99 -99 -99 2.69652950227784 -99 -99 -99 -99 -99 -99
-99 -99 -99 -99 -99 -99 -99 -99 -99 -99
-99 -99 -99 -99 -99 4.37677095390902 -99 -99 -99 -99
-99 -99 -99 0.837736128723852 -99 -99 -99 -99 -99 -99
-0.759157712014341 -99 -99 -99 -99 -99 -99 -3.11002447717053 -99 -99
-99 -99 -99 2.64345513931633 -99 -99 -99 -99 -99 -99
-99 -99 -99 -99 -99 -99 -99 -99 -99 -99
-99 -99 -99 1.48537191585277 -99 -99 -99 1.08658467422026 -99 0.743426853072879
-99 -99 -99 -99 -99 -99 1.10820062829206 -99 -99 -99
1.38200106657272 -99 1.38819246764985 -99 -99 -99 -99 -99 -99 -99
-99 -99 -99 -99 -99 -0.260390776565103 -99 -99 -99 -99
-99 -99 -99 -99 -99 -99 -99 -99 -99 -99
2.98130103684297 -99 -99 -99 -99 -99 -99 1.44488306436947 -99 -99
-99 -99 -99 -99 -99 -99 -99 -99 -99 -99
-99 -99 -99 -99 -0.0381579326073525 -99 -99 -99 -99 -99
-99 -99 -99 -99 -99 -99 -99 -99 -99 -99
-99 -99 -99 -99 -99 -99 -99 -99 -99 -99
-99 -99 1.30494431301222 -99 3.95785160155058 -99 -99 -99 -99 -99
-99 -99 -99 -99 -99 -99 -99 2.43735500379378 -99 -99
-99 -99 -99 -99 -99 -99 -99 -99 -99 -99
-99 -99 -99 -99 -99 -99 -99 -99 -99 -99
-99 -99 -99 -99 -99 -99 -99 -99 -99 -99
-99 -1.06304016438739 -99 -99 -99 0.102546395302131 -99 -99 -99 -99
-99 -99 -99 -99 -99 -99 -99 -99 -99 1.81019629984579
-99 -99 1.5575184692156 -99 -99 -99 -99 -99 -99 -99
-99 -99 -99 -99 -99 -99 -99 -99 -99 -99
3.22276056131223 -99 -99 -99 -99 -99 -99 -99 -99 -99
-99 -99 -99 -99 -99 -99 -99 -99 -99 -99
-99 -99 -99 -99 -99 -99 -99 1.09589759272251 -99 -99
-99 -99 -99 -99 -99 0.626388091887295 -99 -99 -99 -99
-99 -99 -0.0530902080004692 -99 -99 -99 -99 -99 -99 -99
-99 -99 -99 -99 -99 -99 2.51737641155074 -99 -99 -99
-99 -99 -99 -99 -99 -99 -99 -99 -99 -99
-99 -99 -99 -99 -99 -99 -99 -99 -99 -99
-99 -99 -99 -99 -99 -99 -99 -99 -99 -99
-99 -99 0.797958204672051 -99 -99 -99 -99 -99 -0.433409197760166 -99
-99 -99 -99 -99 -99 -99 -99 -99 -99 -99
-99 -1.34723415585807 -99 -99 -99 -99 -99 -99 -99 -99
-99 -99 -99 -99 -99 -99 -99 3.58028137382846 -99 -99
-99 -99 -99 -99 -99 -99 -99 -99 -99 -99
-99 -99 -99 -99 -99 -99 -99 -99 -99 -99
-99 -99 -99 -99 -99 -99 -99 -99 -99 -99
-99 -99 -99 -99 -99 -99 -99 -99 -99 -99
-99 -99 -99 -99 -99 -99 1.8499029459917 -99 -99 0.702202828051841
-99 -99 -99 -99 -99 -99 -99 -99 1.61980944086143 -99
-99 -99 -99 -99 -99 -99 1.57165397547204 -99 -99 -99
-99 -99 -99 -99 -99 -99 -99 -99 -99 -99
-99 -99 -99 -99 -99 -99 -99 -99 -99 -99
1.92147277746198 -99 -99 -99 -99 -99 -99 -99 -99 -99
-99 -99 -99 -99 -99 -99 -2.43461594926174 -99 -99 -99
-99 -99 -99 -99 -99 -99 -1.53956402564961 0.192904631810719 -99 -99
-99 -99 -99 -99 -99 1.23525766977274 -99 2.32850875624925 -99 -99
0.61800596259276 -99 -99 -99 -99 -99 -99 -99 -99 -99
-99 -99 -99 -99 -99 -99 -99 -99 -99 -99
-99 -1.60699504653469 -99 -99 -0.623208473739845 -99 -99 -99 -99 -99
1.68419035952503 -99 -99 -99 0.923091459755807 -99 -99 -99 2.34641157403613 -99
-99 -99 -99 -99 -99 -99 -99 1.92619004999594 -99 -99
-99 -99 -99 -99 -99 -99 -99 -99 -99 -99
-99 -99 -99 -99 -99 -99 -99 -99 -99 -99
-99 -99 -99 -99 0.828089357556803 -99 -99 -99 -99 -99
-99 -99 -99 -99 -99 1.68067545203907 -99 -99 -99 -99
-99 -99 -99 -99 -99 -99 -99 -99 -99 -99
2.67250846377979 -99 -99 -99 -99 -99 -99 1.70407586901924 -99 -99
-99 -99 -99 -99 -99 -0.787337884735154 -99 -99 -99 -99
-99 -99 -99 -99 -99 -99 -99 -99 -99 -99
-99 -99 -99 -99 -99 -99 -99 -99 -99 -99
3.58258708110833 -99 -99 -99 -99 -99 -99 -99 -99 -99
-99 -99 -99 -99 -99 -99 -99 -99 -99 -99
-99 -99 -1.00683244034199 -99 -99 -99 -99 -99 -99 -99
-99 -99 -99 -99 -99 -99 -99 -99 -99 -99
-99 -99 -99 -99 -99 -99 -99 -99 -99 -99
-99 -99 -99 -99 -99 -99 -99 2.91663764161881 -99 -99
-99 0.0410786383177267 -99 -99 -99 -99 -99 -99 -99 -99
-99 -99 -99 -99 -99 -99 -99 -99 -99 -99
4.45969155748684 -99 -99 -99 -99 -99 -99 -99 -99 3.53640928006
-99 -99 -99 -99 -99 -99 -99 -99 -99 0.866124049401034
-99 -99 -0.566304056589633 -99 -99 -99 -99 -99 -99 -99
-99 -99 -99 -99 0.337727413669007 -99 -99 0.336395221506199 -99 -99
-99 -99 -99 -99 -99 -99 2.09619056802039 -99 -99 -99
-99 -99 -99 -99 -99 -99 -99 -99 1.99289334109244 -99
-99 -99 1.96354569270954 -99 -99 -99 -99 -99 -99 -99
-0.835541953610385 -99 -99 -99 -99 -99 -99 -99 -99 -99
3.48031055458631 -99 -99 -99 -99 -99 -99 -99 -99 -99
-99 -99 -99 -99 -99 -99 -99 -99 -99 -99
-99 -99 -99 -99 -99 0.330474987056777 -99 -99 -99 -99
-99 -99 -99 0.630523100773493 -99 -99 -99 -99 -99 -99
-99 -99 -99 -99 -99 -99 1.95891973329323 -99 -99 -99
-99 -99 -99 -99 -99 -99 -99 -99 -99 -99
-99 -99 -99 -99 -99 -99 -99 -99 -99 -99
-99 -99 -99 1.44347508840574 -99 3.79855636420181 -99 -99 -99 -99
-99 -99 -99 -99 -99 -99 -99 -99 -99 -99
-99 -99 -99 -99 -99 -0.0824350711993909 -99 -99 -99 -99
1.80374932909076 0.679280185739298 -99 -99 -99 -99 -99 -99 -99 -99
-99 -99 -99 -99 -3.31444623856018 -1.88954661217755 -99 -99 -99 -2.49730435063178
-99 -99 -99 -99 -99 -99 -99 -99 -99 -99
-99 -99 -99 -99 -99 4.86965738636056 -99 -99 -99 -99
-99 -99 -99 -99 -99 -99 0.644610615045477 -99 -99 -99
-99 -99 -99 -99 -99 -99 -99 -99 -99 -99
-99 -99 -99 -99 -99 1.37877896125801 -99 -99 -99 -99
-99 -99 -99 -99 -99 -99 -99 -99 -99 -99
-99 -99 -99 -99 -99 2.94796768390113 -99 -99 -99 -99
-99 -99 -99 -99 -99 -99 -99 -99 -99 -99
-99 -2.1942055368386 -99 -99 -99 -99 -99 -99 -3.9631214007843 0.40563355517959
-99 -99 -99 -99 -99 -99 -99 -99 -99 -99
-99 -99 -99 -99 -99 -99 -99 -99 -99 -99
-99 -99 -99 -99 1.69530699678461 -99 -99 -99 -99 -99
-99 -99 -99 -99 -99 -99 -99 -99 -99 -99
-99 -99 -99 -99 -99 -99 -99 -99 -99 -99
-99 -99 1.09121222640557 -99 -99 -99 -99 -99 -99 -99
-99 -0.471787225004421 -99 -99 -99 -99 -99 2.81940820001366 -99 -99
-99 -99 -99 -99 -99 -99 -99 -99 -99 -99
0.618743941611173 -99 1.9457835430606 -99 -99 -99 -99 0.366954655556256 -99 1.24976947977569
-99 -99 -99 -99 -99 -99 -99 -99 -99 -99
-99 -99 -99 -99 -99 -99 -99 -99 -0.294131780902154 -99
-99 2.38866069789483 -99 -99 1.37060106532459 -99 -99 -99 -99 -99
-99 1.97367899749582 -99 -99 -99 -99 -99 -99 -99 -99
-99 -99 0.136760609377114 0.734341399930181 -99 -99 -99 -99 -99 -99
-99 -99 -99 -99 -99 -99 -99 -99 0.338201280555069 -99
0.731264910592913 -0.0847158701177713 -99 -99 -99 -99 -99 -99 -99 -99
-99 -99 -99 -99 -99 -99 -99 -99 -99 -99
-99 -99 -99 2.72213170386757 -99 -99 -99 -99 -99 -99
1.85816877146238 -99 -99 -99 -99 1.92851566495465 -99 -99 0.281721470827578 -99
1.92499765274542 -99 -99 -99 -99 -99 -99 -99 -99 -99
-99 -99 -99 -99 -99 -99 -99 -99 -99 5.00836148232731
-99 -99 -0.392564603221126 -99 -99 -99 -99 -99 -99 -99
-99 -99 -99 -99 -99 -99 -99 -99 -99 -99
-99 -99 -99 -99 -99 -99 2.93802299544629 -99 -99 -99
-99 -99 -99 -99 -99 -99 -99 -99 -99 -99
-99 -99 -99 -99 -99 -99 -99 -99 -99 -99
-99 -99 -99 -99 -99 -99 -99 0.806526377333824 -99 -99
1.37033308689669 -99 -99 -99 -99 -99 -99 -99 -99 -99
-99 -99 -99 -99 -99 -99 -99 -99 2.34122478708644 -99
-99 -99 -99 -99 3.22002755229899 -99 -99 -99 -99 -99
1.09513276535536 -99 -99 -99 2.69593019159643 -99 -99 -99 -99 -99
-99 -99 -99 -99 -99 1.07630323486268 0.149779157648396 -99 -99 -99
-99 -99 -99 -99 -99 -99 -99 -99 -99 -99
-99 -99 -99 -99 -99 -99 -99 -0.396474187191715 -99 0.0640279360991526
-99 -99 -99 -99 -99 -99 -99 -99 -99 -99
-99 -99 1.41727088356297 -99 -99 -99 -99 1.54121923308832 -99 -99
-99 -99 2.02381558513277 -99 1.31918427276673 -99 -99 1.40048555804885 -99 -99
-99 -99 -99 -99 -99 -99 -99 -99 -99 -99
-99 -99 -99 -99 0.390969740897177 -99 -99 -99 -99 -99
-99 -99 -99 -99 -99 -99 -99 -0.0594605275212265 -99 -99
-99 -99 -99 -99 -99 -99 -99 -99 -99 -99
0.933822729743528 -99 -99 -0.849656165859059 -99 -99 -99 -99 -99 -99
-99 -99 -99 -99 -99 -99 -99 -99 -2.62110418265544 -99
-99 -99 -99 -99 -99 -99 -99 -99 -99 -99
-99 -99 -99 -99 -99 -99 -99 -99 -99 -99
-99 -99 -99 -99 -99 -99 -99 -99 0.44070231107116 -99
-99 3.54527216966184 -99 -99 2.37916749591104 -99 -99 -99 -99 -99
-99 -99 -99 -99 -99 -99 -99 -99 -99 -99
-99 -99 -99 -99 -99 -99 -99 -99 -99 0.936546750713119
-99 -99 -99 -99 -99 -99 -99 -99 -99 -99
-99 -0.465842012016161 -1.4140853937407 -99 -99 -99 -0.233659628686253 -99 -99 0.25103455849918
-99 -99 -99 -99 -99 -99 -99 -99 -99 -99
-99 -99 -99 -99 -3.01169306706009 -99 -99 -99 -99 -99
-99 -99 -99 -99 -99 -99 -99 1.08003944451499 -99 -99
-99 -99 2.42215056095948 -99 -99 -99 2.05190546683695 -99 -99 -99
-99 1.27803009213127 -99 -99 -99 -99 -99 -99 -99 -99
-99 -99 -99 -99 -99 -99 -99 -99 -99 -99
-99 1.39834922388381 -99 -99 -99 3.31025457679424 -99 -99 -99 -99
-99 -99 -99 -99 -99 -99 -99 -99 -99 -99
-99 -99 -99 -99 -99 -99 -99 -99 -99 -99
2.20051839471844 -99 -99 -99 -99 -99 -99 -99 -99 -99
-99 -0.441139052082119 -99 -99 -99 -99 -99 -99 -99 -99
-99 -99 -99 -99 -99 -99 -99 -99 -99 -99
-99 -99 2.10018342416814 -99 -99 -99 -99 -99 -99 -99
-99 -99 -99 -99 -0.155326397901725 -99 -99 -99 -99 -99
-99 -99 0.138313058931935 -99 -99 -99 -99 -99 -99 -99
-99 -99 -0.713069172382272 -99 -99 -99 -99 -1.57564534325219 -99 -99
-99 -99 -99 -99 -99 -99 -99 -99 -99 -99
-99 -99 -99 -99 -99 2.87568335816282 4.70030062827564 -99 -99 -99
-99 -99 -99 -99 -99 -99 -99 -99 -99 -99
-99 -99 -99 -99 -99 -99 -99 0.222178256691798 -99 -99
-99 -99 -99 -99 -99 -99 -99 -99 -99 -99
-99 -99 -99 -99 -99 -99 -99 -99 -99 -99
-99 -99 0.870769961814477 -99 -99 1.45665857953337 -99 -99 -99 -99
3.02789230098336 -99 -99 -99 -99 -99 -99 -99 -99 -99
-99 3.48318240931435 -99 -99 -99 -99 -99 -99 -99 -99
-99 -99 -99 0.703127661811962 2.00956321713242 -99 3.41906117575835 -99 -99 -99
-99 -99 1.31530518209068 -99 -99 -99 -99 -99 -99 -99
-99 -99 2.97220814362731 3.7473049422083 -99 -99 -99 -99 -99 -99
-99 -99 -99 -99 -99 -99 0.106435170049448 -99 -99 -99
-99 -99 -99 2.24481289023559 -99 -99 -99 -99 -99 -99
-99 -99 -99 -99 -99 -99 -99 -99 -99 -99
-99 -99 -99 -99 -99 -99 -99 -99 -99 -99
-99 -99 -99 -99 -99 -99 -99 -99 -99 -99
-99 -99 -99 -99 -99 -99 -99 -99 -99 -99
1.69073438402105 -99 -99 -99 -99 -99 -99 -99 -99 -99
-99 -99 -99 -99 -99 -99 -99 -99 -99 -99
-99 0.473179655867276 -99 -99 -99 -99 -99 -99 -99 -99
-99 -99 -99 -99 -99 -99 -99 1.08348474935347 -99 -99
-99 -99 -99 -99 -99 -99 -99 -99 -99 -99
-99 -99 -99 -99 -99 -99 -99 -99 -99 -99
3.36568315000798 -99 -99 -99 -99 -99 -99 -99 -99 2.41395261974863
-99 -99 -99 -99 -99 -99 -99 2.29850037970021 -99 -99
-99 -99 -99 -99 -99 -99 -99 -99 -99 -99
-99 -99 -99 -99 -99 -99 -99 -99 -99 -99
-99 1.14198446486353 -99 -99 -99 -99 -99 1.50677219748782 -99 -99
-99 -99 1.39129114003053 0.137082741272895 -99 -99 -99 -99 -99 -99
-99 -99 -99 -99 2.54830764070191 1.68962915161396 -99 -99 -99 -0.0828356345206778
-99 -99 -99 -99 -99 -99 -99 -99 3.11174455049194 -99
-99 -99 -99 -99 -99 -99 0.431766863503902 -99 -99 2.76592716471354
-99 1.68589038829232 -99 -99 -99 -99 -99 -99 -99 -99
-2.09489360529237 -99 -99 -99 -99 -99 -1.93233499895509 -99 -99 -2.39714001311109
-99 -99 -99 -99 -99 -99 -99 -99 -99 -99
1.91548362346333 -99 -99 -99 -99 -99 -99 -99 -99 -99
-99 -99 -99 -99 -99 -99 -99 -99 -99 -99
-99 -99 -99 -99 -99 -99 -99 -99 -99 -99
-99 -99 -99 -99 -99 -99 -99 -99 -99 -99
-99 -99 -99 0.125208650379385 -99 -99 -99 -99 -99 -99
-99 -99 -0.5820482770402 -99 -99 -99 -99 -99 -99 -99
-99 -99 -99 -99 -99 -99 -99 -99 -99 -99
-99 -1.20848836216843 -99 -99 -99 -99 -99 -99 -99 -99
-99 -99 -99 -99 -99 -99 -99 -99 -99 -99
-99 -0.0433235772655631 -99 -99 -99 -99 -99 -99 -99 -99
-99 -99 -99 -99 -99 -99 -99 -99 -99 -99
-99 -99 -99 -99 -99 -99 -99 -99 -99 -99
-99 0.286360474064852 -99 -99 -99 0.123184316824 -99 -99 -99 -99
3.95299134507248 -99 -99 -99 -99 -99 -99 -99 -99 2.09879458428074
0.595190632532126 -99 -99 -99 -99 -99 -99 -99 -99 -99
-99 0.557898420902857 -99 -99 -99 -99 -99 -99 -99 -99
-99 -99 -99 -99 -99 -99 -99 2.8881253746088 -99 -99
-99 -99 -99 -99 -99 -99 -99 -99 1.62918150637292 -99
-99 -99 -99 -99 -99 -99 0.0276478272162187 -99 -99 -99
-99 -99 -99 -0.00575062537024928 -99 -99 -99 -99 -99 -99
-99 -99 -99 -99 -99 -99 -99 -99 -99 -99
-99 2.95251431499606 -99 -99 -99 -99 -99 -99 -99 -99
-99 -99 -99 -99 -99 -99 -99 -99 -99 -99
-99 -99 -99 -99 -99 -99 -99 -99 -99 1.35757446770748
-99 -99 -99 -99 -99 -99 -99 -99 -99 -99
-99 -99 -99 -99 -99 -99 -99 -99 -99 -99
-99 2.01386244109987 -99 -99 -99 -99 -99 -99 -99 -99
-99 -99 -99 -99 -99 -99 0.470595473790662 -99 -99 -99
-99 -99 1.04567929480829 0.493016840946701 -99 -99 -99 -99 -99 -99
-99 -99 -99 -99 -99 -99 -99 -99 -0.177667286621681 -99
-99 -99 -1.49207644888884 -99 -99 -99 -99 -99 -0.977379058782949 -99
-99 -99 0.979793483263162 0.034836157860166 -99 1.43130765422336 -99 -99 -99 -99
-99 -99 -99 -99 -99 -99 -99 -99 -99 -99
-99 -99 -99 -99 -99 -99 -99 -99 -99 -99
-99 -99 -99 -99 -99 -99 -99 -99 -99 -99
-99 -99 -99 -99 -99 -99 -99 -99 -99 -99
-99 -99 -99 0.879453356291857 -99 -99 -99 -99 -99 -99
-99 -99 -99 -99 -99 -99 -99 -99 -99 -99
-99 -99 -99 -99 -99 -99 -99 -99 -99 -99
0.625210526973595 -99 -99 -99 -99 -99 -99 -99 -99 -99
-99 -99 2.0885312232441 -99 -99 -99 -99 -99 -99 -99
-99 -99 1.67063178616484 0.550782313538889 -99 -99 -99 -99 -99 -99
-99 -99 -99 1.0886532889925 -99 -99 0.996336710807587 -99 -99 -99
-0.968254692564825 -0.449411466557076 -0.930722795222642 -0.672614912240293 -99 -99 -99 -99 -99 -99
-99 -99 -99 -99 -99 2.50585024090489 -99 -99 -99 -99
-99 0.720929645476435 -99 -99 -99 -99 -99 -99 -99 -99
-99 -99 -99 -99 -99 -99 -99 -99 -99 -99
-99 -99 -99 -99 -99 -99 -99 -99 -99 -99
2.944256283026 -99 2.03613116363892 -99 -99 -99 -99 3.39662916471407 -99 -99
-99 -99 -99 -99 -99 -99 -99 1.89885670090116 -99 -99
-99 -99 -99 -99 -99 -99 -99 2.89919752115107 -99 -99
-99 -99 -99 -99 -99 -99 -99 -99 -99 -99
-99 -99 -99 -99 -99 -99 -99 -99 -99 0.297501932201384
-99 -99 -99 -99 -99 -99 -0.363274781489859 -99 -99 -99
-99 -99 -99 -99 -99 -99 -99 -99 -99 -99
0.964865178966866 -99 -99 -99 -99 -99 -99 -99 -99 -99
-99 -99 -99 -99 -99 -99 -99 -99 -99 -99
-99 -99 -99 -99 -99 -99 -99 -99 -99 -99
-99 -99 -99 -99 -99 -99 -99 -99 -99 -99
-99 -99 -99 -99 -99 -99 -99 -99 3.08866987956714 3.43506932661789
-99 -99 -99 -99 -99 -99 -99 -99 -99 -99
-99 -99 -99 -99 -99 -99 -99 -99 -99 -99
-99 -1.28443753522512 -99 -99 -99 -99 -99 -99 -99 -1.48446338990413
-99 1.09215934486325 -99 -99 -99 -99 -99 -99 -99 -99
-99 -99 -99 -99 1.64860165826195 -99 -99 -99 3.18590034659522 -99
-99 1.88590041877127 -99 -99 -99 -99 -99 -99 -99 -99
-99 -99 -99 1.10850809896926 -99 2.06544588842585 -99 -99 -99 -99
-99 -99 -99 -99 -99 2.64042671645442 -99 -99 -99 -99
-99 -99 2.24431828149891 -99 -0.894917715113229 -99 -99 -99 -99 -99
-99 -99 -99 -99 -99 -99 -99 -99 -0.737739764160435 -99
-99 -99 -99 0.0109250057656198 -99 -99 -99 -99 -99 -99
-99 -99 -99 -99 -99 -99 -99 -99 -99 -99
-99 -99 -99 -99 -99 -99 -99 -99 -99 -99
-99 -99 -99 -99 -99 2.24729924604471 0.896252247153167 -99 -99 -99
2.41218144891252 -99 -99 -99 -99 -99 -99 -99 -99 -99
1.46532391201212 -99 -99 -99 -99 -99 -99 -99 -99 -99
-99 -99 -99 -99 -99 -99 -99 -99 -99 -99
-99 -99 -99 -99 -99 0.754557863292338 -99 -2.66424426972294 -99 -99
-99 1.90489043268822 4.55787583996627 -99 -99 -99 -99 -99 -99 -99
-99 -99 -99 -99 1.04829542922552 -99 0.178513355320514 1.01434449429649 -99 -99
-99 2.87541852907146 -99 -99 -99 -99 -99 -99 -99 -99
4.44890640572958 0.79979925477332 -99 -99 -99 -99 -99 -99 -99 -99
-99 -99 -99 -99 -99 -99 -99 -99 -99 -99
-99 -99 -99 -99 -99 -99 -99 -99 -99 0.922269721286624
-99 -99 -99 -99 -99 -99 -99 -99 -99 -99
-99 -99 -99 1.30092908316555 -99 -0.122171072995506 -99 -99 -99 -99
-99 -99 -99 -99 -99 1.79345107342656 -99 -99 -99 4.38035207781557
1.62384031265191 -99 -99 -99 3.1859081604035 -99 -99 -0.417503560633541 -99 -99
-99 -99 -0.375049062744048 -99 -99 -99 -99 -99 -99 -99
-99 -99 -99 -99 -99 -99 -99 -99 -99 -99
-99 -99 -99 -99 -99 -99 -99 -99 -99 -99
-99 -99 -99 -99 -99 -99 -99 -99 -99 -99
-99 -99 -99 -99 -99 -99 -99 -99 -99 -99
-99 5.36428744950851 -99 -99 -99 -99 -99 -99 -99 -99
-99 -99 -99 -99 -99 -99 -99 -99 -99 -99
