0.43446482152913 -99 -99 -99 -99 -99 -99 -99 -99 3.3779391796356
-99 -99 -99 -99 -99 -99 -99 -99 -99 -99
-99 -99 -99 -99 -99 -99 -99 -99 -1.70016381644721 -99
-99 -99 1.07913869595807 1.5665852361821 -99 -99 -99 -99 -99 -99
-99 -99 -99 -99 -99 -99 -99 0.055463341938506 -99 -99
-99 -99 -99 -99 -99 -99 -99 -99 -99 0.892489039763961
-99 -99 -99 -99 -99 -99 -99 -99 -99 -99
-99 -99 -99 -99 -99 -99 -99 -99 -99 -99
-99 -99 -99 -99 -99 -99 -99 -99 -99 -99
-99 -99 -99 -99 -99 -99 1.53160750569916 -99 -99 -99
-0.330711815650002 -99 -99 -99 -99 -99 0.227378521629476 -99 -99 -99
-99 -99 -99 -99 -99 -99 0.973979863470876 -99 -99 -99
-99 -99 2.44988822716991 -99 -99 -99 -99 1.15656065591763 -99 -99
-99 -99 2.3495428002242 -99 -99 -99 -99 -99 -99 -99
-99 -99 -99 -99 -99 -99 -99 -99 -99 -99
-99 -99 -99 -99 -99 -99 -99 -99 -99 -99
-99 -99 -99 -99 -99 -99 -99 -99 -99 -99
-99 -99 -99 -99 -99 -99 -99 -99 -99 -99
-99 1.56188498518708 -99 -99 -99 -99 -99 -99 -99 -99
-99 -99 -99 -99 -99 0.10974489862165 -99 -99 -0.439349914722956 -99
-99 -99 -99 2.270662729683 -99 -99 -99 -99 -99 -99
-99 -99 -99 -99 -99 -99 -99 -99 -1.0516747523539 -99
-99 -99 -1.19854789163632 -99 -99 -99 -99 0.725343674481214 -99 -99
-99 -99 -99 -99 -99 -99 -99 -99 -99 -99
-99 -99 -99 -99 -99 -99 -99 0.429752615022707 -99 -99
-99 -99 -99 -99 -99 -99 -99 -99 -99 -99
-99 -0.240489152959534 -99 -99 -99 -99 -99 -99 -99 -99
-99 -99 -99 -99 -99 -99 1.47482911965591 -99 3.44101982825985 -99
-99 -99 -99 -99 -99 -99 -99 -99 -99 -99
-99 -99 -99 -99 -99 1.32563286628664 -99 -99 -99 -99
-99 -99 -99 -99 -99 -99 -99 -99 -99 -99
-99 -99 -99 -99 -99 -99 -99 -99 2.60004817108738 -99
0.500115140055459 -99 -0.679314334490551 -99 -99 -99 -99 -99 -99 -99
-99 -99 -99 -99 1.6226581226079 -99 -99 -99 0.150994001936937 -99
-99 -99 -99 -99 -99 -99 -99 -99 -99 -99
-99 -99 -99 0.308841018274222 -99 0.88460689221559 -99 -99 0.147666236187624 -99
-99 -99 1.33721920974597 -99 1.01365066620101 -99 -99 -99 -99 -99
-99 -99 -99 -99 -99 -99 -99 -99 -99 -99
-99 -99 -99 -99 -99 -99 -99 2.46485802905622 -99 -99
-99 -99 -99 -99 -99 -99 -99 -99 -99 -99
-99 -99 -99 -99 -99 -99 0.647015205179139 -99 -99 -99
0.976470487855706 -99 -99 -99 -99 -99 -99 -99 -99 3.2732664286466
-99 -99 -99 -99 -99 2.41720034860628 -99 -99 -99 -99
-99 -99 -99 -99 -99 -0.807828840899076 -99 -99 -99 1.40890667179234
-99 -99 -99 -99 -99 -0.136841730792493 -99 -99 -99 -99
-99 -99 -99 -99 -99 -99 -99 -99 -99 -99
-99 -99 -99 -99 -99 -99 -99 -99 -99 0.224356564249259
-99 -99 -99 -99 -99 -99 -0.915483304428485 -99 -99 -99
-99 -99 -99 -99 -99 -99 -99 -99 -99 -99
-99 -99 -99 -99 -99 -99 -99 -99 -99 -99
-99 -99 -99 -99 -99 -99 -99 -99 -99 -99
-99 -99 1.76517847333504 -99 -99 -99 -99 -99 -99 0.861628001746218
-99 -99 -99 -99 1.7675106253343 -99 -99 -99 -99 -99
-99 -99 2.4810418629941 -99 -99 -99 -99 -99 -99 -99
-99 1.06058870400889 -99 -99 -99 -99 -99 -99 -99 -99
-99 -99 -99 -99 -99 -99 -99 -99 -99 -99
-99 -99 1.41191393535045 -99 -99 -99 -99 -99 -99 -99
0.336249030394835 -99 -0.377555113387563 -99 -99 -99 -99 -99 -99 0.193159620023445
-99 -99 -99 -99 -99 -99 -99 -99 -99 -99
1.4556024938675 -99 -99 -99 -99 -99 -99 -99 -99 -99
-99 0.875852245870525 -99 -99 -99 -99 -99 -99 -99 -99
-99 -99 1.91039653660633 1.87380776683864 -99 -99 -99 -99 -99 -99
-99 -99 -99 -99 -99 -99 -99 -99 -99 -99
-99 -99 -99 -99 -99 -99 -99 -99 -99 -99
-99 -99 -99 -99 -99 -99 -0.603470959039745 0.0573444781066428 -99 -1.52607075872085
-99 -99 -99 -99 -1.2996758238571 -99 -99 -99 -99 -99
-99 -99 -99 -99 0.223889022379502 -99 -99 -99 -99 -99
-99 2.75248443763369 -99 0.513829636934232 -99 -99 -99 -99 -99 -99
-99 -0.193237395795031 -99 0.507091841121948 -99 -99 -99 0.852562580808422 -99 -99
-99 -99 -99 -99 -99 -99 -99 -99 -99 -99
-99 -99 -99 -0.919678896851273 -99 -99 -99 -99 0.0217618303472172 -99
-99 -0.467960753536862 -99 -99 -0.405332387244695 -99 -99 0.282916619903277 -99 -99
-2.00458953804494 -1.18206950775589 -99 -99 -99 -99 -99 -99 -99 -99
-99 -0.739614971327548 -99 -99 -99 -99 -99 -99 -99 -99
-99 -99 1.74719844789728 -99 -99 -99 -99 -99 -99 -99
3.61850537208187 -99 -99 -99 -99 -99 -99 -99 -99 -99
-99 -99 -99 -99 -2.68057273709527 -99 -3.76696131591845 -99 -99 -99
-1.79416793132593 -99 -99 -99 -99 -99 -99 -99 -99 -99
-99 -99 -99 -99 -99 -99 -99 -99 0.318471963955026 -99
-99 -99 -99 0.708112800935471 -99 -99 -99 -99 -99 -99
-99 -99 -99 -99 -99 -99 -99 -99 -99 -99
-99 -99 -99 -99 -99 2.9950339732219 2.26558242294119 -99 -99 -99
-99 0.145489259342675 -99 -99 -99 -99 -99 -99 -99 -99
3.15624496177573 -99 2.86661693783396 -99 0.906454321697547 -99 -99 -99 -99 -99
-99 -99 -99 -99 -99 -99 -99 -99 -99 -99
-99 -99 -99 -99 1.22038360237747 -99 -99 -99 -99 -99
-99 -99 -99 -99 1.54673824741425 -99 -99 -99 -99 -99
-99 -99 -99 -99 -99 -99 -99 -99 -99 -0.243053903882245
-99 -99 -99 -99 -99 -99 -99 -99 -99 -99
-99 -99 -99 -99 -99 -99 -99 -99 2.62201797385602 -99
0.415399903579925 -99 -0.592558340480575 -99 -99 -99 -99 -99 -99 -99
-99 -99 -99 -99 -99 -99 -99 -99 -99 -99
-99 3.58557663876135 -99 -99 -99 -99 -99 -99 -99 -99
0.338208988528047 -99 -99 -99 -99 -99 -99 -99 -99 -99
-99 -99 -99 -99 -99 -99 -99 -99 -99 -99
-99 -99 -99 -99 -99 -99 -99 1.38560751445653 -99 -99
-2.65037709355902 -2.06802862582578 -99 -99 -99 -99 -99 -99 -99 -99
-99 -99 -99 -99 -99 1.24518625727489 -99 -99 -99 -99
-99 3.20262198069033 -99 -99 -99 -99 -99 -99 -99 -99
-99 -99 -99 -99 -99 -99 -99 -99 -99 -0.32051678817995
-99 -99 -99 -99 -99 -99 1.41762126357074 -99 -99 -99
-99 -99 -99 -99 -99 -0.789572883894226 -99 -99 -99 -99
-99 -99 -0.0878879442657037 -99 -99 -99 -99 0.405323577829938 -99 -99
-99 -99 -0.240738489004811 -99 -99 -99 -99 -99 -99 1.30008696242216
-99 -99 -99 -99 -99 -99 -99 -99 -99 -99
-99 -99 -99 -99 -99 -99 -99 -99 -99 -99
-99 -99 -99 -99 -99 -99 -99 -99 -99 -99
-99 -99 -99 -99 -99 -99 -99 1.45973701918717 -99 -99
-99 -99 -99 -99 -0.453829632174509 -99 -99 -99 -99 -0.0198825931406608
-99 -99 -99 -99 0.782065928052527 -99 -99 -99 -99 -99
-99 -99 -99 -99 -99 -99 -99 -99 -99 -99
-1.47969088003787 -99 -99 -99 -99 -99 -99 -99 0.877270008465261 -99
-99 -99 -99 -99 -99 -99 -99 -99 -99 -99
-99 -99 -99 -99 -99 -99 -99 -99 -99 -99
1.37241623191805 -99 -99 -99 -99 -99 -99 -99 -99 -99
-99 -99 -99 -99 0.0573259239993764 -0.571578207495889 -99 -99 -99 -99
-99 -99 -99 -99 -99 3.53237878761544 -99 -99 -99 -99
-99 -99 -99 -99 -99 -99 -99 -99 -99 -99
-99 -99 -99 -99 -99 -99 -99 -99 -99 -1.15334124378058
-0.656486207470892 -99 -99 -99 -99 -99 -99 -99 -99 -99
-99 -99 -99 -99 -99 -99 -99 -99 -99 -99
-99 -99 -99 -99 -99 -99 -99 -99 -99 2.9642244350631
-99 -99 -99 -99 -99 0.195292866077192 -99 -99 -99 -99
-99 -99 -99 -99 -99 -99 -99 -99 -99 -99
-99 -99 -99 -99 -0.0477751526825336 -99 -99 -99 -99 -99
-99 -99 2.54212000769901 -0.883587191485367 -99 -99 1.6011231366905 -99 -99 -99
-99 -99 -99 -99 -99 -99 -99 -99 -99 -99
-99 -99 -99 2.50015092822747 -99 -99 -99 -99 -0.565735722457124 -99
-99 -99 -99 -99 -99 -99 -99 -99 -99 -99
-99 -99 -99 -99 -99 -99 -99 -99 2.12030957705014 -99
-99 -99 -99 -99 -99 -99 -99 -99 -99 2.7330103588216
1.38354113366972 -99 -99 -99 0.836491048960005 -99 -99 -99 -99 -99
0.659432256610613 -99 -99 -99 -99 -99 -99 -99 -99 -1.71084279638578
-99 -99 -99 -99 -99 -99 -99 -99 -99 -99
-99 -99 -99 -99 -99 -99 -99 -99 -99 -99
-99 -99 -99 -99 -99 1.19806862599461 -99 -99 -99 -99
-99 -99 -99 4.09009160338798 -99 -99 -99 -99 -99 -99
-99 -99 -99 -99 -99 2.30174573214508 -99 -99 -99 -99
-99 -99 -99 -99 -99 -99 -99 -99 -99 -99
-99 -99 -99 4.10814107778735 -99 -99 -99 3.7928542696041 -99 -99
-99 -99 -99 -99 -99 -99 -99 -99 -99 -99
-99 -99 -99 -99 -99 -99 -99 -99 -99 -99
-99 -99 -99 -99 -99 -99 -99 -99 -99 -99
-99 -99 -99 -99 -99 -99 -99 -99 -0.0750972132540757 0.6963788637469
-99 -99 -99 -99 -99 -99 -99 -99 -99 -99
-99 -99 1.19217452760194 -99 -99 -99 -99 -99 1.38032195353736 -99
-99 -99 -99 -99 -99 -99 -99 -99 -99 -99
-99 -99 -99 -99 -99 -99 -99 -99 -99 -99
-99 -99 -99 -99 -99 1.31582945752007 -99 -99 -99 -99
-99 -99 -99 -99 -99 -99 -99 -99 -99 -99
-99 -99 -99 -99 -99 -99 -99 -99 -99 -99
-99 -99 -99 -99 -99 -99 -0.274998574995979 -99 -99 -99
-99 0.813245255253912 -99 -99 -99 -99 -99 -1.46452471702973 -99 -99
-99 -99 -99 -99 -99 -99 0.0233251973429035 -99 -99 -99
-99 -99 -99 -99 -99 -99 -99 -99 -99 -99
1.44620539432056 -99 -99 -99 -99 -99 -99 -99 -99 -99
-99 -99 -99 1.7472344625904 -99 -99 -99 -99 0.567056481920068 -99
-99 -99 -99 -99 -99 -99 -99 1.31667708473182 -99 -99
1.75282253488792 -99 -99 -99 -99 -99 -99 0.733985767736682 2.00243868853786 -99
0.295216552641567 -99 -99 -99 -0.779669182154194 -99 -99 -0.920137308560785 -99 -0.819919503476022
-99 -99 -99 -99 -99 -99 -99 -99 -99 -99
-99 -99 -99 -99 -99 -99 -99 0.749031533196522 -99 -99
-99 -99 -99 -99 -99 -99 -99 -99 -0.480675686124259 -99
-99 -99 -99 -99 1.79450998992426 -99 -99 2.56581709778054 -99 -99
-99 -99 -99 -99 -99 -99 -99 -99 -99 -99
-99 -99 -99 -99 0.174616228341646 -99 -99 -99 -99 -99
-99 -99 -0.12587430814625 -99 -99 -99 0.786234070637026 -99 -99 -99
-99 -99 -99 -99 -99 -99 -99 -99 -99 -99
-99 -99 -99 -99 -99 2.16730147126438 -99 -99 -99 -99
-99 -99 -99 -99 -99 -99 -99 -99 -99 -99
-99 -99 -99 -99 -99 -99 -99 -99 -99 -99
-99 -99 -99 -99 -99 -99 -99 -99 -99 -99
-99 0.151575068838321 -1.4343624302722 -99 -99 -99 -99 -99 -99 -99
-99 -99 0.274681562578485 -99 -99 -99 -99 -99 -99 -99
-99 -99 -99 -99 -99 0.0276107789482831 -99 0.544917395638869 -99 -99
-99 -99 -99 -99 -99 -99 -99 -99 -99 -99
-99 -99 -99 -99 -99 -99 -99 -99 -99 -99
-99 -99 -99 -99 -99 1.28661623845918 -99 -99 -99 -99
-99 -99 1.96516006640451 2.33143206789893 -99 -99 -99 -99 -99 -99
-99 -99 -99 -99 -99 -99 -99 -99 -99 -99
-99 -99 -99 -99 -99 -99 -99 -99 -99 -99
-99 -99 -99 -99 -99 -99 -99 -99 -99 -99
-99 -99 -99 -99 -99 -99 -99 -99 -99 -99
1.59707280081489 -99 -99 -99 -99 -99 -99 -99 -99 -99
-99 -99 -99 -99 -99 -99 -99 -99 -99 -99
-99 -99 -99 -99 -99 -99 -99 -99 -99 -99
-99 -99 -99 0.807132817499023 -99 -99 -99 -99 -99 -99
-99 -99 -99 -99 -99 -99 -0.0709322829874157 -99 -99 -99
-99 -99 -99 -99 -99 -99 -99 -99 -99 1.10240571525059
-99 -99 -99 -99 -99 -99 -99 -99 -99 3.43086072000876
-99 -99 1.14257554115897 -99 -99 -99 -99 -99 -99 -99
0.729158373178888 -99 -99 -99 -99 -99 -99 -99 -99 -99
-99 -99 -99 -99 -99 -99 -99 -99 1.20924151802317 -99
-99 -99 -99 -99 2.71749301974275 -99 -99 -99 -99 -99
-99 -99 -99 -99 -99 -99 -99 -99 -99 -99
-99 -99 -99 -99 -99 -99 -99 -99 -99 -99
-99 -99 -99 -99 -99 -99 1.84067679933045 -0.373495023424248 -99 -99
-99 0.217255539658639 -99 -99 -99 -99 -99 -99 -99 -99
-99 -99 4.08512754144075 -99 -99 -99 -99 -99 -99 -99
-99 0.404335112119045 -99 -0.542941057410347 -99 -99 -99 -99 -99 -99
-99 -99 -99 -99 -99 -99 -99 -99 -99 0.294308117790607
-99 -99 0.76865286371475 -99 3.38758576301422 -99 -99 -99 -99 -99
-99 3.10354536996932 -99 2.36165528646199 -99 -99 -99 -99 -99 -99
-99 -99 -99 -99 -99 -99 -99 -99 -99 -99
-0.615742556864727 -99 1.34274241649665 -99 -99 -99 -99 -99 -99 -99
-0.321325573642459 -99 -99 -0.266209557063872 -99 -99 -99 -99 -99 -99
-99 -99 -99 -99 -99 -99 -99 -99 3.35336318887974 -99
-99 -99 -99 -99 -99 -99 -99 -99 -99 -99
1.05927517063724 -99 -99 -99 -99 -99 0.148313253549814 -99 -99 0.373361826834514
-99 1.18849775256245 -99 -99 -99 -99 -99 -99 -99 -99
-99 -99 -99 -99 -99 -99 -99 -99 -99 -99
-99 -99 -99 -0.355461427289224 -99 0.65497492590613 0.412346607188331 -99 -99 -99
-99 -99 -99 -99 -99 -99 -99 -99 -99 -99
-99 -99 -99 0.895502648227283 -99 -99 1.33408720343773 -99 4.03003690670679 -99
-99 -99 -99 -99 -99 -99 -99 -99 -99 -99
1.57005106555947 -99 -99 -99 -99 -99 -99 0.65366943736018 -99 -99
0.192617570660552 -99 -0.526526440640266 -99 -99 1.47060698520542 -99 0.470034701196424 -99 -99
-99 -99 2.19952013890344 -99 -99 -99 -99 -99 -99 -99
-99 -99 -99 -99 -99 -99 -99 -99 -99 -99
-99 2.97577218319657 1.83253202423469 -99 -99 -99 -99 -99 -99 -99
-99 -99 -99 -99 -99 0.604171262641821 -99 -99 -99 -99
-99 -99 -99 -99 -99 -99 -99 -99 -99 -0.97253594185377
-99 -99 -99 -0.335046358900264 -99 -99 -99 -99 -99 -99
-99 -99 -99 -99 -99 -99 -99 2.82611109404932 -99 -99
-99 -99 -99 -99 -99 3.17392000883099 -99 2.18651796035899 -99 2.4491583341935
-99 -99 -99 -99 -99 -99 -99 -99 -99 -99
-99 -99 -99 -99 -99 -99 -99 -99 -99 -99
-99 -99 -99 -99 -99 -99 -99 -99 -99 -99
-99 -99 -99 -99 2.45569546417435 -99 -99 -99 -99 -99
-99 -99 -1.28269158193066 -99 -99 -0.649948743581397 -99 -99 2.22396681053625 -99
-99 -99 -99 -99 -99 -99 -99 -99 -99 -99
-99 -99 1.42723748195918 0.677680686970815 -0.794984171024689 -99 -99 -0.145003993954872 -99 -99
-99 1.28244936564103 -99 -99 -99 -99 -99 -0.157583468829999 -99 -99
-99 -99 -99 -99 -99 -99 -99 -99 1.61350115228247 -99
-99 -99 -99 -99 -99 -99 -99 -99 -99 -99
-99 -99 -99 -99 1.07911436725283 -99 -99 -99 -99 -99
-99 -99 -99 -99 -99 -1.25845031454206 -99 -99 -99 -99
-99 -99 -99 -99 -99 -99 -99 -99 -99 -99
-99 -99 -99 -99 -0.536032091014003 -99 -99 -99 -99 -1.53631108084223
-99 -99 -99 -99 -99 -99 -99 0.390137465473037 -99 1.84987213570108
-99 -99 -99 2.18994372125764 -99 -99 0.257072641282417 -99 -99 -99
-99 -99 -99 -99 -99 1.51660484614844 -99 0.445776705336029 -99 -99
-99 -99 -99 -99 -99 -99 -99 -99 -99 -99
-99 -99 -99 -99 -99 -1.16465246027544 0.977682170660388 -99 -99 -99
-99 -99 -99 -99 1.55805838641636 1.73159233628675 -99 -99 -99 -99
-99 -0.618043884031088 -99 -99 -99 -99 -99 1.55085367766369 -99 -99
-99 -99 -99 2.45208207313183 -99 -99 -99 -99 -99 -99
-99 -99 -99 -99 -99 -99 -99 -99 -99 -99
-99 -99 -99 -2.62109725499426 -99 -99 -99 -99 -99 -99
-99 -99 -99 -99 -99 -99 -99 -99 -99 -99
-99 -99 -99 -99 -99 -99 4.19433321101844 -99 -99 -99
-99 -99 -99 -99 -99 -0.31360940300446 -99 -99 -99 -99
-99 -99 -3.3330210046029 -99 -0.413081597246408 -99 -99 -99 -99 -99
-99 -0.646474668281593 -99 -99 -99 -99 -99 -99 -99 -99
-99 -99 -99 -99 -99 -99 -99 -99 -99 -0.970315308476179
-99 -99 -99 -99 -99 -99 -0.139094223652434 -99 -99 -99
-99 -99 -99 -99 -99 -99 -99 -99 -99 -99
-99 -99 -99 -99 -99 -99 -99 -99 -99 -99
-99 -99 -99 2.65776931433612 -99 -99 -99 -99 -99 2.65451161018139
-99 -99 -99 -99 2.3749174922615 -99 -99 -99 -99 -99
-99 -99 -99 -99 -99 -99 -99 -99 -99 2.89338553699696
-99 -99 -99 -99 -99 -99 -99 -99 -99 -99
-99 2.72332169378827 -99 -99 2.36290736875801 -99 -99 -99 -99 -99
-99 -99 -99 -99 -99 -99 -99 -99 -99 -99
-99 -99 -99 -99 -99 -99 -99 -99 -99 -99
-99 -1.07863737111906 -99 -99 -99 -99 -99 -99 -99 -99
-99 -99 -99 0.995998230344086 -99 -99 -99 -99 -99 -99
-99 -99 2.0280733667189 -99 -99 1.67922859528583 -99 -99 -99 -99
-99 -99 -99 -99 -99 -99 -99 -99 -99 -99
-99 -99 -99 1.54724752990266 -99 -99 2.67023783831258 -99 -99 -99
-99 -99 1.86844480139859 -99 -99 -99 -99 -99 -99 -99
-99 -99 -0.326388122976309 -99 -99 -99 -99 -99 -99 -99
-99 -99 -99 -99 -99 2.04340019065013 -99 -99 -99 -99
-99 -99 1.66785000770455 -99 -99 -99 1.98928619772022 -99 -99 -99
-99 -99 0.605968605059165 -99 -99 -99 -99 -99 -99 -99
-99 0.120730354469027 0.938058200238819 -99 -99 -99 -99 -99 -99 -99
-99 -99 -99 -99 -99 -99 -99 -99 -99 -99
-99 -99 -99 -99 -99 1.62184049600182 -99 -99 -99 -99
-99 -99 -99 1.01132238547039 -99 -99 -99 -99 -99 -99
-99 -99 -99 -99 -99 0.798861845179413 -99 -99 -99 -99
-99 -99 1.5748489747111 -99 -99 -99 -99 -99 -99 -99
1.24483288810959 -99 -99 1.74618735340724 -99 1.92500262032111 -99 0.986081526124228 -99 -99
-99 -99 -99 -99 -99 -99 -99 -99 -99 -99
-99 -99 -99 -99 -99 -99 1.48580030678642 -99 -99 -99
-99 -99 -99 -99 -99 -99 -99 -99 -99 -99
-99 -99 -99 -99 -99 -99 -99 -99 -99 -99
-99 -99 1.06177139252862 -99 -0.233611539055334 -99 -99 -99 -99 1.00702058299229
-99 -99 -99 -99 -99 -99 -99 -99 -99 -99
-99 -99 -99 -99 -99 -99 -99 -99 -99 -99
-99 -99 -99 -99 -99 -99 -99 -99 -99 -99
-99 -99 -99 -99 -99 -99 1.70979115568033 -99 -99 -99
-99 -99 -99 -99 -99 -99 -99 -99 -99 -99
-99 -99 -99 -99 -99 1.85900037334194 -99 -99 -99 -99
-99 -99 -99 -99 -99 -99 -99 1.42942921917696 -99 -99
-99 -99 -99 0.675377427861142 -99 1.14141392314062 -99 -99 -99 -0.0937239790259028
-99 -99 -99 -99 -99 -99 -99 -99 -99 -99
-99 -99 -99 -99 -0.601042563225562 -99 -99 -99 -99 -99
-99 3.43248191119523 -99 1.85804631073636 -99 -99 -99 -99 -99 -99
-99 -99 -99 -99 -99 -99 -99 -99 -99 -99
-99 -99 -99 -99 -99 -99 -99 -99 -99 -99
-99 -99 -99 -99 -99 -99 -99 -99 2.23410343482276 -99
-99 -99 -99 -99 -99 -99 -99 -99 -99 -99
-99 -99 -99 -99 -99 -99 -99 -99 -99 -99
-99 -99 -99 -99 -99 -99 0.708948345678522 -99 -99 -99
-99 -99 -99 -99 -99 -99 -99 -99 -99 -99
-99 -99 -99 2.62066644553793 -99 -99 -99 -99 4.75497810087842 -99
-99 -99 -99 -99 -99 -99 -99 -99 -99 -99
-99 -0.755009886749758 -99 -99 -99 -99 -99 -99 -99 -99
0.835760915685566 -99 -99 -99 -99 -99 -99 -99 -99 -99
2.88555971640485 -99 -99 -99 -99 -99 1.26080265368829 -99 -99 -99
-99 -99 -99 -99 -99 -99 -99 -99 -99 -99
-99 -99 -1.57978979499083 -99 -99 -99 -99 -99 -99 -99
-99 -99 -99 -99 2.39378843612566 -99 -99 -99 -99 -99
-99 -99 -99 -99 -99 -99 -99 -99 -99 -99
-99 -99 -0.265845185551876 -99 -99 -99 -99 2.18027808922468 -99 0.634820325287284
-99 -99 -99 -99 -99 -99 -99 -99 -99 -99
-99 -99 -99 2.1811173949846 -99 -99 -99 -99 -99 -99
-1.54363575355795 -99 -99 -99 -99 -99 -99 -99 -99 -99
-99 -99 -99 0.391712683848675 -99 -99 -99 -99 -99 -99
-99 0.482045077150802 -99 -99 -99 -99 -99 0.974466053521495 -99 -99
-99 -99 -99 -99 -99 -99 -99 -99 -99 -99
-99 -99 -99 -99 -99 -99 -99 0.740558421369179 -99 -99
-99 -99 -99 -99 -99 -99 -99 -99 -99 -99
-1.06010089966335 -99 -99 -99 -99 -99 -99 -99 -99 -99
-99 -99 2.47205857934205 -99 -99 -99 -99 -99 -99 -99
1.66233407621417 -99 -99 -99 -99 -99 -99 -99 -99 -99
-99 -99 -99 -99 -99 -99 -99 -99 -99 -99
-99 -99 -99 -99 -99 -99 -99 -99 -99 -99
-99 -99 -99 -99 -99 -99 -99 0.964407152337923 -99 -99
-99 -99 -99 -99 -99 -99 -99 -99 -99 -99
-99 -99 -99 2.75944439399314 -99 -99 -99 -99 -99 -99
-99 -99 -99 -99 -99 -99 -99 -99 -99 -99
-99 -99 -99 -99 -99 -99 -99 -99 -99 -0.780661623307926
-0.381342062642111 -99 -99 -3.15047278239124 0.436379342059347 -99 -99 -0.618488641040053 -99 -99
-99 -99 -99 -99 -99 -99 -99 -99 -99 -99
2.92169652421941 -99 1.40081371726512 -99 -99 -99 -99 -99 -99 1.66803174731582
1.77697406771984 -99 0.307601164238538 -99 -99 -99 0.869521612127453 -99 -99 -99
-99 -99 1.33423179800228 -99 -99 -99 -99 -99 -99 -99
-99 -99 -99 2.80172677968077 -99 -99 -99 -99 -99 -99
-99 -99 0.97986979903905 -99 -99 -99 -99 -99 -99 -99
-99 -99 -99 -99 -99 -99 -99 -99 -99 -99
-99 -99 -99 -99 -99 -99 -99 -99 -99 -99
-99 -99 -99 -99 -99 -99 -99 -99 -99 -99
0.806557606823223 -99 -99 -99 -99 1.21752763520632 -99 -99 -99 -99
-99 -99 1.95205629844282 -99 -99 -0.0269926099258742 0.287162078477412 -99 -99 -99
-99 -99 -99 -99 -99 -99 -99 -99 -99 -99
-99 -99 -99 -99 -99 -99 -99 -99 -99 -99
-99 1.40422148955225 -99 -99 -99 -99 -99 -99 -99 -99
-99 -99 -99 -99 -99 -99 -99 -99 -99 -99
-99 1.44824470359735 -99 -99 -99 -99 -99 -99 -99 -99
-99 -99 -99 -99 -99 -99 -99 -99 0.92869834846058 -99
-99 -99 -99 -99 -99 -99 -99 -99 -99 -99
-99 -99 -99 -99 -99 -99 0.230164469921684 -99 -99 -99
0.991977904906921 -99 -99 -99 -99 -99 1.47659523709149 -99 -99 -99
-99 -99 -99 -99 -99 -99 -99 -99 -99 2.15558150308397
-99 -99 -99 1.94030588280401 2.99877071779749 -99 0.274092709083843 -99 -99 -99
-99 -99 -99 -99 -99 -99 -99 -99 -99 -99
-99 -99 -99 -99 2.03640221962656 -99 -99 -99 -99 -99
1.1355802466444 -99 -99 -99 -99 -99 -99 -99 -99 -99
-99 -99 -99 -99 -99 -99 -99 -99 -99 -99
-99 -99 -99 -99 -99 -99 -99 -99 -99 -99
-99 -99 -99 -99 -99 -99 -99 -99 -99 -99
-99 -99 -99 -99 -0.847722320041596 -99 -99 -99 -99 -99
-99 -99 -99 -99 -99 -99 -99 -99 -99 -99
-99 -99 -99 -99 -99 -99 -99 -99 -99 -99
-99 -99 -99 -99 -99 -99 -99 -99 -99 -99
-99 -99 -99 -99 -99 -99 -99 -99 -99 -99
-99 -99 -99 -99 -99 -99 -99 -99 -99 -99
-99 -99 -99 -99 -99 -99 2.71882055045286 -99 -99 -99
-99 -99 -99 -99 -99 -99 -99 -99 2.32175338010715 -99
-0.47853704684209 0.304669555548079 -99 -99 -99 -99 -99 -99 0.409932613284362 -99
-99 -99 -99 -99 1.57980024596037 -99 2.26479669709862 -99 -99 -99
-99 -99 -1.66331268715184 -99 -99 -99 -99 -99 -99 1.07925189955203
-99 -99 1.99054719536665 -99 -99 2.27154480260017 -99 -99 -99 -99
-99 -99 -99 -99 -99 -99 -99 -99 -99 -99
-99 -99 -99 -99 -99 -0.598940773816365 -99 -99 -99 -99
-99 -99 -99 -99 -99 -99 -99 -99 0.737103481279378 -99
0.353524921521079 -99 -99 -99 -99 -99 -99 -99 -99 -99
-99 -99 -99 -99 -99 -99 -99 -99 -99 -99
-99 -99 -99 -99 -99 -99 -99 -99 -99 -99
-99 -99 -99 -99 -99 -99 -99 -99 -99 -99
-99 0.0703492627603672 -99 -99 -99 -0.559656297112546 -99 0.139912009122445 -99 -99
-99 -99 2.6321666942404 -99 -99 -99 -99 -99 -99 -99
-99 -99 -99 -99 -99 -99 -99 -99 -99 0.714442839211049
-99 -99 -99 -99 -99 -99 -99 -99 -99 -99
-99 -99 -99 -99 -99 2.45920610102532 -1.04482836947904 -99 -99 -99
-99 0.841152118112345 -99 -99 -99 -99 -99 0.350537965341079 -99 -99
-99 -99 -99 -99 -99 -99 -99 -99 -99 -99
-99 -99 -99 -99 -99 -99 -99 -99 -99 0.866541154905503
-99 -99 -99 2.08443437966491 -99 -99 -99 -99 -99 -99
-0.161240466790647 -0.255494534094074 -99 -99 -99 -99 -99 -99 -99 -99
-99 -99 -99 -99 -1.67927335981763 -99 -99 -99 -99 -99
-99 -99 -99 -99 -99 -99 0.384726264645388 -0.414561934306387 -99 -99
-99 -99 -99 -99 -99 -99 -99 -99 -99 -99
-99 -99 -99 -99 1.88119968342056 -99 -99 -99 -99 -99
-99 -99 -99 -99 -99 -99 -99 -99 -99 -99
-99 -99 -99 -99 -0.568353965556784 -99 -99 -99 -99 -99
-99 -99 -99 -99 -99 -99 -99 -99 -99 -99
-99 -99 -99 -99 1.77115681070186 -99 -99 -99 -99 -99
-99 -99 -99 3.34553073035798 -99 -99 -99 1.35306197370837 -99 0.916280781093757
-99 -99 -99 -99 -99 -99 2.16336350343702 1.28750345704797 -99 -0.943692626508369
-99 -99 -99 -99 -99 -99 -99 -99 -99 -99
-99 -99 -99 -99 -99 -99 -99 -99 0.642617812570654 -99
-99 -99 -99 -99 0.213324591195054 -99 -99 -99 -99 -99
-99 -99 2.4517895685458 -99 -99 -99 -99 -99 -99 -99
-99 -99 -99 -99 -99 -99 -99 -99 -0.226040064262188 -99
-99 -99 -99 -99 -99 -99 -99 -99 -99 -99
-99 -99 -99 -99 -99 -99 0.32304048525111 -99 -99 -99
-99 -99 -99 -99 -99 2.23429949143026 1.41946346737087 -99 -99 -99
-99 -99 -99 -99 1.4206748483861 -99 1.45436539016745 -99 -99 -99
-99 -99 -99 -99 -99 -99 -99 -99 -99 -99
-99 -99 -99 0.552125302118446 -99 -99 -99 -99 -99 -99
0.650262956426521 -99 2.27157705709282 -99 -99 -99 -99 1.84275549034457 1.79688160973152 -99
-99 -99 -99 -99 -99 -99 -99 -99 -99 0.674547766983902
-99 -99 -99 -99 -99 -99 -99 -99 -99 -99
-99 -99 -99 -99 -99 -99 -99 -99 -99 -99
-99 -99 -99 -99 -99 -99 -99 -99 -99 -99
-99 -99 1.04555896927529 -99 -99 -99 -99 -99 -99 -99
-0.338068792872615 -99 -99 1.95331522202314 2.09898719656186 -99 -99 -99 -99 -99
-99 -99 -99 -0.989237711390705 0.806731955819594 -99 -99 -99 -99 -99
-99 -99 -99 -99 -99 -99 -99 -99 -99 0.181286298062344
-99 -99 -99 -99 -99 -99 -99 -99 -99 -99
-99 -99 -99 -99 -99 -99 -99 -99 2.06479860332087 -99
-99 -99 -99 -99 -99 -99 -99 -99 -99 -99
1.0937272578102 -99 -99 -99 -99 -99 -99 -99 -99 -99
-99 -99 -99 -99 0.163781039051754 -99 -99 -99 -99 -99
-99 -99 -99 -99 -99 -99 -99 -99 -99 -99
-99 -99 -99 -99 -99 -99 -99 -99 -99 -99
-99 -99 -99 0.992234438534594 -99 -99 -99 -99 -99 -99
-99 -99 -99 -99 -99 -99 -99 -99 -99 -99
-99 -99 -99 -99 -99 -99 -99 -99 -99 -99
-99 -99 -99 -99 -99 -99 -99 -99 -99 -99
-99 -99 -99 -99 -99 -2.11064992144025 -99 -99 -99 -2.4627855073546
-99 -99 -99 -99 -99 -99 -99 -99 -99 -99
-99 -99 -0.177002998893431 -99 -99 -99 -99 -99 -99 -99
-99 1.53129604198991 0.751411054005098 -99 1.52861121381754 -99 -99 -99 -99 -99
-99 2.96843141863671 -99 -99 -99 -99 4.22657262188915 -99 -99 -99
-99 -99 -99 -99 -1.56077302648746 -99 -99 -99 -0.0457199229344927 -99
-99 -99 -99 -99 -99 -99 -99 -99 -99 -99
-99 -99 -99 -99 -99 -99 -99 -99 -99 -99
-99 -99 -99 3.16467814558761 -99 -99 1.20887189889659 -99 -99 -99
-99 -99 -99 -99 -99 -99 -99 -99 -99 -99
-1.14549288290261 -99 -3.51023123099873 -99 -99 -99 -99 -99 -99 -4.32610550063768
-99 -99 -99 -99 -99 -99 -99 -99 -99 -99
-99 -99 -99 -99 -99 -99 -99 -99 -99 -99
-99 -99 -99 -99 -99 -99 -99 1.08581690956694 -99 -99
-99 -99 1.30034182316637 -99 -99 -99 -99 -99 -99 -99
-99 -99 -99 -99 -99 -99 -99 -99 -99 -99
-99 -99 -99 -99 -99 -99 -99 -99 -99 -99
-99 -99 -99 -99 -99 -99 -99 -99 -99 -99
-99 -99 -0.201395504024074 -99 -99 -99 -99 -99 -99 -99
-99 -99 -1.35068702769309 -99 -99 -99 1.46341288147159 -99 -99 -99
-99 -99 -99 -99 -99 -99 -99 -99 -99 -99
-99 -99 -99 -99 -99 -99 -99 0.657560832511365 -99 -99
-99 -1.67756902156681 -99 -99 -99 -99 -99 -99 -99 -99
-99 -99 0.101987464582069 -99 -99 -99 -99 -99 -99 -99
-99 1.63785059563926 1.42129849928303 -99 -99 -99 -99 -99 -99 -99
-99 -99 -99 -99 -99 -99 -99 -99 -99 -99
-99 -99 -99 -99 -99 -99 -99 -99 -99 -99
-99 -99 -99 2.56181575200299 -99 -99 -99 -99 -99 0.0317804231319252
-99 -99 -99 -99 -99 -99 -99 -99 -0.954544558089847 -99
-99 -99 -99 -99 -99 -99 -99 -99 -99 -99
-99 -99 -99 -99 0.316601602228066 0.54106464335483 -99 -99 -99 -99
-99 -99 -99 -99 -99 -99 0.0221808540586785 -99 0.43270948104418 -99
-99 -99 -99 -99 -99 -99 -99 -99 -99 -99
-99 -99 -99 -99 -99 -99 -99 -99 -99 0.134198996078714
-99 -99 -99 -99 -99 -99 -99 -99 -99 -99
-99 -99 -99 -99 -99 -99 -99 -99 -99 -99
-99 -99 -99 -99 -99 -99 -99 -99 2.04970849762102 -99
0.0902463654226044 -99 -99 -99 -99 -99 -99 -99 0.639321862619381 -99
-99 -99 -99 -99 -99 -99 -99 1.25720577609268 -99 -99
-99 -99 -99 -99 -99 -99 -99 -99 -99 -99
-99 -99 -99 -99 -99 -99 -99 -99 -99 -99
-99 -99 -99 0.347193076447091 -99 -99 -99 -99 -99 -99
-99 -99 -99 -99 -99 -99 1.48115588949813 -99 -99 0.181693398610896
-99 -99 2.69156234547741 -99 -99 -99 -99 -99 -99 -99
-99 -99 -99 1.40208003326951 -99 -99 -99 -99 1.07120768334255 -99
-99 -99 -99 -99 -99 -99 -99 -99 -99 -99
-99 -99 -99 -0.580004029267862 -99 -99 -99 -0.511318953950597 0.10910752533407 -99
1.48243397963453 -99 -99 -99 -99 -99 -99 2.21357415172384 -99 -99
0.213771382231462 -99 -99 -99 -99 -99 -99 -99 -99 -99
-99 -99 -99 -99 -0.488690786707831 -99 -99 -99 -99 -99
-99 -99 -99 -99 -99 -99 -99 -99 -99 -99
-99 -99 -99 -99 -99 -99 -99 -99 -99 -99
-99 -99 -99 -99 -99 -99 -99 -99 -99 -99
-99 -99 -99 -99 -99 -99 -99 -1.00824839194543 -99 0.0978770646234015
0.519792785458431 -99 -99 -99 0.420974007444645 -99 0.374855555246718 -99 -99 -99
-99 -99 -99 -99 -99 -99 -99 -99 2.13627821891026 -99
-99 -99 -99 -99 -99 -99 -99 -99 1.10099110882112 1.86489440299999
-99 -99 -99 -99 -99 -99 -99 -99 -99 -99
-99 -99 -99 -99 -99 2.95984477304305 -99 -99 -99 -99
-99 -99 -99 -99 -99 -99 -99 -99 1.84365711620754 -99
-99 -99 -99 -99 -99 -99 -99 -99 -99 -99
-99 -99 -99 -99 -99 -0.0749919610011325 -99 -99 -99 -99
-99 -99 -99 -99 -99 -99 -99 0.270184495139753 -99 -99
-99 -99 -99 -99 -99 -99 -99 -99 -99 -99
-99 -99 -99 -99 -99 3.86417995433121 -99 -99 -99 -99
-99 -99 -99 -99 -99 -99 -99 -99 -99 -99
-99 -99 -99 -99 -99 -99 -99 -99 -99 -99
-99 -99 -99 -99 -99 -99 -99 -99 -99 -99
-99 -99 1.8987811810943 -99 -99 -99 -99 -99 -99 -99
-99 -1.3071257595018 -99 -99 1.55996934199709 -99 -99 0.0346285197473142 -99 -99
-99 -99 -99 3.64807525565899 -99 -99 -99 -99 0.945742523087622 -99
-99 -99 -99 -99 -99 -99 -99 -99 -99 -99
-99 -99 -99 -99 2.69145272397533 -99 -99 -99 -99 -99
-99 -99 -99 -99 -99 -99 -99 -0.352602813063678 -99 0.585976810567781
-99 -1.09820163225271 -99 -99 -99 -99 -99 -99 -99 -99
-99 -99 1.82222011074249 -99 -99 -99 -99 1.16690522778491 -99 1.77738137200271
-99 -99 -99 -99 -99 -99 -99 -99 0.508300031485619 1.73618368069793
0.455976417401626 -99 -99 -99 -99 1.91291909686557 -99 -99 -99 -99
-99 1.93943552731785 -99 -99 -99 -99 -99 -99 -99 -99
-99 -99 -99 -99 -99 -99 -99 -99 -99 0.42780821459891
-99 -99 -99 -99 0.202267750661264 -99 -99 -99 -1.47504070101112 -99
-99 -99 -99 -99 -99 -99 -99 -99 -99 -99
-99 -99 -99 -99 -99 -99 -99 -99 -99 -99
-99 -99 -99 -99 -99 -99 2.1620206541456 -99 -99 -99
-99 -99 -99 -99 -99 -99 -99 -99 -99 1.30557093414306
-99 1.00811001818202 -99 -99 -99 -99 -99 -99 -99 -99
-99 -99 -99 -99 -99 -99 -99 -99 -99 -99
-99 -99 -99 -99 -99 -99 -99 -99 -99 -99
-99 -99 -99 0.391831899617266 -99 -99 -99 -99 -99 -99
-99 -99 -99 -99 -99 -99 -99 -99 -99 -99
-99 -99 2.32452241259408 -99 -99 -99 -99 -99 -99 -99
-99 1.04531617405168 -99 -99 -99 -99 -99 -99 -99 -99
-99 -99 -99 -99 -99 -99 -99 -99 2.21797204826299 -99
-99 -0.347118535074673 -99 -99 -1.12354923135402 -99 -99 -99 -99 -99
-99 -99 0.773428540686658 -99 -99 -99 -99 -99 -99 -99
-99 -99 -99 -99 -99 -99 0.156854562935097 -99 -99 -0.252084807794783
-99 -99 -99 -99 -99 3.02692601141063 -99 -99 -99 -99
-99 -99 -99 -99 -99 -99 -99 -99 -99 -99
-99 -99 -1.76664442567394 -99 -99 -99 -99 -99 3.48736009286463 -99
-99 -99 -99 -99 -99 -99 -99 -99 -99 -99
-99 -99 -99 -99 -99 -99 -99 1.42709480512444 -99 -99
-99 -99 -99 -99 -0.00608173107246324 -99 -99 -99 -99 -99
-99 -99 -99 -99 -99 -99 0.47555330415632 -99 -99 -99
-99 -99 -99 -99 0.936274809832703 -99 -99 -99 -99 -99
-99 -99 -99 -99 -99 -99 -99 -99 -99 -99
-99 -99 -99 -99 -99 -99 -99 -99 -99 -99
-99 -99 -99 -99 -99 -99 -99 2.02260419896164 -99 -99
-99 -99 -99 -99 -99 -99 -99 -99 -99 -99
-99 -99 -99 -99 -99 -99 -99 -99 -99 -99
-99 -99 -99 -99 -99 -99 -99 -99 -99 2.40636723838089
-99 -99 -99 -99 -99 -99 -99 -99 -99 -99
-99 -99 -99 -99 -99 -99 -99 -99 -99 2.07651830587249
-99 -99 -99 -99 -99 -99 -99 -99 -99 -99
-99 -99 -99 -99 -99 -99 -99 -99 -99 -99
-99 -99 -99 1.10167341390575 -99 -99 -99 -99 -99 -99
-99 -99 -99 -99 -99 -99 -99 -99 0.327429509976882 -99
-99 -99 -99 -99 -99 -99 1.15208941725929 -99 -99 -99
-99 -99 -99 -99 -99 0.670626715308109 -0.33602515975839 -99 -99 -99
-99 -99 -99 -99 -99 -99 -99 -99 -1.90470788774063 -99
-0.0243875828802387 1.25620530149352 -99 -99 -99 -99 -99 -99 -99 -99
2.17044183559501 -99 -99 -99 -99 -99 -99 -99 -99 -99
-99 -99 -99 1.20583724569263 -0.041536650161615 -99 -99 -99 -99 -99
-99 -99 -99 -99 -99 -99 0.20451403791622 -99 -99 -99
-99 -99 -99 -99 -99 -99 -99 -99 -99 -99
-99 -99 -99 -99 -99 -99 -99 -99 0.551212687669721 0.982371676519043
-99 -99 -99 -99 -99 -99 -99 -99 -99 -99
-99 -99 -99 -99 -99 -99 -99 -99 -99 -99
-99 -99 -99 -99 -99 -99 -99 -99 -99 -99
-99 -99 3.08157105029253 -99 -99 -99 -99 -99 -99 -99
-99 -99 -99 -99 -99 -99 -99 -99 -99 -0.181068183088431
-99 -99 -99 -99 -99 -99 -99 -99 0.184843796875058 -99
-99 -99 -99 -99 -99 -99 -99 -99 -99 -99
-99 -99 -99 -99 -99 0.770844665233646 -99 -99 -99 -99
-99 -99 -99 -99 -99 -99 -99 -1.31284014175696 -99 -99
-99 -99 0.0522288371808388 -99 -1.52962035122345 -99 -99 -99 -99 -99
-99 2.09519770566388 -99 -99 -99 -99 -99 -99 -99 0.880413891057399
-99 -99 -99 -99 -99 -99 -99 3.53410585896299 1.78376927671269 -99
-99 2.76542713512439 -99 -99 -99 2.03777785937692 -99 -99 -99 -99
-99 -99 -99 -99 -99 -99 -1.08315568862763 -99 -99 -99
-99 -99 -99 -99 -99 -99 -99 -99 -99 -0.208996942430078
-99 -0.166604147912992 -99 -99 -99 -99 -99 -99 -99 -99
-99 -99 0.884682664949017 -99 1.48217976946141 -99 -99 -99 -99 -99
-99 -99 -99 -99 -99 -1.01232793582865 -2.48973896991723 -99 -99 -99
-99 -99 -99 -99 -99 -99 -99 -99 -99 -99
-99 -99 -99 -99 -99 -99 -99 -99 -99 -99
-99 -99 -99 -99 -99 -99 -99 -99 -99 -99
-99 -99 -99 -99 -99 2.01443936011902 0.993485931822489 -99 -99 -99
-99 -99 -99 -99 -99 -99 -99 -99 -99 -99
-99 -99 -99 -99 -99 -99 -99 -99 -99 -99
-99 -99 -99 -99 -99 -99 -99 0.300181843568179 -99 -99
-99 -99 -99 -99 -99 -99 -99 -99 -99 -99
-99 -99 -99 -99 -99 -99 -99 -99 -99 -99
-99 -99 1.14825302338417 -99 -99 1.88138791915381 -99 -99 -99 -99
-99 -99 -0.0954387214254491 -99 1.28215555279578 -99 0.0952012189861347 -99 -99 -99
-99 -99 -99 -99 0.203451953324526 -99 -99 -99 -2.02016548287536 -99
-99 0.349843120448348 -99 -99 -99 -99 -99 -99 -99 -0.103129418663754
-99 -99 -99 -99 -99 -99 -99 -99 -99 -99
-99 -99 -99 -99 -99 -99 -99 -99 1.32253416755436 -99
-99 -99 -99 -99 -99 -99 -99 -99 -99 -99
-99 -99 -99 -99 -99 -99 -99 -99 -99 -99
-99 -99 -99 -99 -99 1.69652166191597 -99 -99 -99 -99
-99 -99 -99 -99 -99 -99 1.97302326102223 -99 -99 -99
-99 -99 -99 -99 -99 -99 -99 -99 -99 -99
-99 -99 -99 -99 -99 -99 -99 1.05770208008663 -99 2.50365141879969
-99 -99 -99 -99 -99 -99 -99 -99 -99 0.66055662572223
-99 -99 -99 -0.215716607885312 -99 -99 -99 0.0712344506947035 -99 -99
-99 -99 -99 -99 -99 -99 -99 -99 -99 -99
-99 -99 -99 -99 -99 -99 -99 -99 -0.713591837401643 -99
1.9923387434431 -99 -99 -99 -99 -99 -99 -99 1.16584285522426 -99
-99 -99 -99 -1.50713785155194 -0.270796547037498 -99 -99 -99 -99 -99
-99 -99 -99 -99 -99 -99 -99 -99 -99 -99
-99 -99 -99 -99 -99 -99 -99 -99 -99 -99
0.776487416218219 -99 -99 -99 -99 -99 -99 -99 -99 -99
-99 -99 -99 -99 -99 1.05843893847952 -99 -99 -99 -99
-99 -99 -0.0930924650760467 -99 -99 -99 -99 -99 -99 -0.0390828838414103
-99 -99 -99 -99 -99 -99 -99 -99 -99 -99
-99 -99 -99 -99 -99 -99 -99 -99 -99 -99
-99 -99 -99 -99 -99 -99 -99 -99 -99 -99
-99 -99 -99 -99 -99 -99 -99 -99 -99 -99
-99 -99 -99 -99 -99 -99 -99 -99 -99 -99
-99 -99 -99 -99 -99 -99 -99 -99 -99 -99
-99 -99 0.367643525662051 -99 0.562223134509253 -99 1.49079159422438 -99 -99 -99
-99 -99 -99 -99 -99 -99 -99 -99 -99 -99
-99 -99 -99 -99 -99 -99 -99 -99 -99 1.85419239251647
-99 -99 -99 -99 -99 -99 -99 -99 -99 -99
-99 -99 -99 -99 -99 -99 -99 -99 -99 -99
-99 -99 -99 -99 -99 -99 -99 -99 -99 -99
-99 -99 -99 -99 1.9776925481283 -99 1.44774967249417 -99 -99 -99
-99 -99 -99 -99 -99 -99 -99 -99 -99 -99
1.36530791176638 -99 -99 -99 -99 -99 -99 -99 -99 -99
-99 -99 -99 -99 -99 -99 -99 -99 -99 -99
-99 -99 -99 -99 -99 1.33793857163563 -99 -0.223509908172622 -99 -99
-99 -99 -99 -99 -99 -99 -99 -99 -99 -99
-99 -99 -99 -99 -99 -99 -99 -99 -99 -99
-99 -99 -99 -99 -99 -99 -99 -99 -99 2.49334685141165
-2.24653236964438 -99 -99 -99 -99 -99 -99 -99 -99 -99
-99 -99 -99 -99 -99 -99 -0.867135499633376 -0.0138624615891612 -99 0.943800834336656
-99 -99 -99 -99 -99 -1.49788234304812 -99 -99 -99 -99
-99 2.04948084345058 -99 -99 -99 -99 -99 -99 -99 -99
-99 0.274285840874308 -99 -99 -99 3.21015578485356 -99 -99 -99 -99
-99 -99 -99 -99 -99 -99 1.72518069505821 -99 -99 -99
-99 -99 -99 -99 -99 -99 -99 -99 -99 -99
-99 -99 -99 -99 -0.189507241013135 -99 -99 -99 -99 -99
-99 -99 -99 -99 -99 -99 -99 -99 -99 -99
-99 -99 -99 -99 -99 -99 -99 -99 -99 -99
-99 -99 -99 -99 -99 -99 -99 -99 -99 -99
-99 -99 -99 -99 -99 -99 -99 -99 -99 -99
-99 -99 -99 -99 -99 -99 -99 -99 -99 2.97716175104626
-99 -99 -99 -99 -99 -99 -99 -99 -99 -99
-99 -99 -99 -99 0.0261419839272149 -99 -99 2.56037700429854 1.71800533879871 -99
-99 -99 -99 1.92452810350833 -99 -99 -99 -99 -99 -99
1.006148946932 -99 -99 -99 -99 -99 -99 -99 -99 -99
-1.00575954228769 -99 -99 -99 -99 -99 -99 -99 -1.3863016837304 -99
-99 -99 -99 -99 -99 -99 0.387963217620595 -99 -99 -99
-99 -99 -99 -99 -99 -99 -99 -99 1.76539408786896 -99
-99 -99 -99 -99 -99 -99 0.700649714161656 -99 -99 -99
-99 -99 -99 -99 2.6941159423478 -99 2.30877833871164 2.19731176642956 -99 -99
-99 -99 -99 -99 -99 -99 3.1522360291178 -99 -99 -99
-99 -99 -99 -99 -99 -99 -99 -99 -99 -99
-99 -99 -0.636825998090126 -99 -99 -99 -99 -99 -99 -99
-99 -99 -99 0.881839659174871 -99 -99 -99 -99 -99 -99
1.50951953981838 -99 -99 -99 -99 -99 -99 4.17678227089331 -99 -99
0.913339114588025 -99 -99 -99 -99 -99 -99 0.751073011900365 -99 -99
-99 -99 -99 -99 -99 -99 -99 1.14335490111986 -99 -99
-99 -99 -99 -99 -99 -99 -99 -99 -99 -99
-99 -99 -99 -99 -99 -99 1.16567242737669 -99 -99 -99
-0.53070817559058 -99 -99 -99 -99 -99 0.165750110536011 -99 -99 -99
-99 -99 -99 -99 -99 -99 -99 -99 -99 -99
-99 -99 -99 -99 -99 -99 -99 -99 -0.925669630672139 -99
-99 -99 -99 -99 -99 0.632750660546596 -99 1.72442054763512 0.283554551952025 -99
1.68762747007187 -99 -99 -99 -99 -99 -99 -99 -99 -99
-99 -99 -99 -99 -99 -99 -99 -99 -99 1.56259155178002
-99 -99 -99 -99 -99 -99 -99 -99 -99 -99
-99 -99 -99 -99 -99 -99 -99 -99 -99 2.44330841284693
-99 -99 -99 -99 -99 -99 -99 -99 -99 -99
-99 -0.789099353588418 -99 -99 -99 -99 -99 -99 -1.02931195479957 -99
-99 -99 -99 -99 -99 -99 -99 -99 -99 -0.182333061910269
-99 -99 -99 -99 -99 -99 3.41598684268851 -99 -99 -99
-99 -99 -99 -99 -99 -99 -99 -99 -99 -99
-99 0.970178608460261 -99 0.195665891846717 -99 -99 -99 -99 -99 -99
0.791263850738419 -99 -99 -99 -99 -99 -99 -99 -99 -99
-99 -99 -99 2.97599621530398 -99 1.97824168741962 -99 1.11030171542718 -99 -99
-99 -99 -99 -99 0.244903980949929 -99 0.972319705624644 -99 -99 -99
0.527778755639394 -99 -99 2.55242652640076 -99 -99 -99 -99 1.49601915597522 -99
-99 2.71478304693756 -0.107786977440472 -99 -99 -99 -99 -99 -99 -99
2.70275090552955 -99 -99 -99 -99 -99 -99 -99 1.98330984860271 -99
-99 -99 -99 -99 -99 -99 2.11467413452462 -99 -99 -99
-99 -99 -1.29515667037959 -0.678153379151211 -99 -0.896590177716975 -99 -99 -99 -99
-99 -99 -99 -99 -99 -99 -99 -99 3.04481118935461 -99
0.808070429827551 -99 -99 -99 -99 -99 -99 -99 -99 -99
-99 -99 -99 -99 -99 -99 -99 1.40667243075416 -99 -99
-99 -99 -99 -99 -99 -99 -99 -99 -99 -99
-99 -99 -99 -99 -99 -99 1.4333919622043 -99 -99 -99
-99 -99 -99 -99 -99 -99 -99 -99 -99 -99
-99 -99 -99 -99 -99 -99 -99 -99 -99 -99
-99 -99 -99 -99 -99 -99 -99 -99 -99 -99
-99 -99 -99 -99 -99 -99 -99 -99 -99 -99
-99 -99 2.78291800086614 -99 -99 -99 -99 -99 -99 1.08718349430147
-99 -99 -99 -99 -99 -99 -99 -99 -99 -99
-99 -99 -1.14816809302337 -99 -99 -99 -99 -99 -99 -99
-99 -1.06118674738091 -99 -99 0.062313534823214 -99 -99 -99 -99 -99
-99 -99 -99 -99 -99 -99 -99 -99 -99 -0.902840114546552
-99 -99 -99 -99 -99 -99 -99 -99 -0.161374757696923 -99
0.820321016354986 -99 1.78907354745025 -99 -99 -99 -99 -99 -99 0.871963692169413
-99 -99 -99 -99 -99 -99 -99 -99 0.955508014307067 -0.181542697052278
-99 -99 -99 -99 -99 -99 -99 -99 -99 -99
-99 -99 -99 -99 -99 -99 -99 -99 -99 -99
-99 -99 -99 -99 -99 1.66474998225268 -99 -99 -99 -99
-99 -99 -99 1.36134182468194 -99 -99 -99 -99 -99 0.655954955794649
-99 -99 -99 -99 -99 -99 -99 -99 -99 -99
-99 -99 0.442720853933412 -99 -99 -99 -99 -99 -99 -99
-99 -99 -99 -0.621181240027706 -99 -99 -99 -99 -99 2.26661363835765
-99 -99 -99 -99 -99 -99 -99 -99 -99 -99
0.84676341100963 -99 -99 -99 -99 -99 -99 -99 -99 -99
2.80048274341953 -99 -99 -99 -99 -99 3.16129709049824 -99 3.34387866312002 -99
-99 -99 -99 1.12308638702775 -99 -99 1.00383703264859 -99 1.2381870107078 0.936271620202832
-99 -99 -99 -99 -99 -99 -99 -99 -99 -99
-99 -0.481209679079593 -99 -99 2.16853728302109 -99 -99 -99 -99 -99
-99 -99 -99 -99 -99 -99 -99 -99 -99 -99
-99 -99 -99 -99 -99 -99 -99 -99 -99 -99
-99 -99 -99 -99 -99 -99 -99 -99 -99 -99
-99 -99 -99 -99 -99 -99 -99 -99 -99 -99
-99 -99 -99 -99 -99 -99 -99 -99 -99 -99
-99 -99 -99 -99 -99 -99 -99 -99 -99 1.89582580851382
-99 1.06342030816676 -99 -99 -99 -99 -99 -99 -99 -99
-99 -99 -99 -99 -99 -99 -99 -99 2.55771608102143 -99
-99 -99 -99 -99 -99 -99 -99 -0.370544376071422 -99 -99
-99 0.491602980068305 -99 -99 -99 -99 -99 -99 -99 -99
-99 -99 -99 -99 -99 -99 -99 -99 0.710061507267934 -99
-99 -99 -99 -99 -99 -99 -99 -99 -99 -99
-99 -99 -99 -99 -99 -99 -99 -99 -99 -99
-99 -99 -99 -99 -99 -99 -99 -99 -99 -99
-99 -99 -99 -99 -99 -99 -99 -99 -99 -99
-1.90393639943632 -0.684409845352326 -99 -99 -99 -99 -99 -99 -99 -99
-99 -99 -99 -99 -99 -99 0.726021663294084 -99 -99 -1.12531802411034
-99 -99 -99 -99 -99 -99 -99 -99 -99 -99
-99 -99 -99 1.98718638592245 -99 -99 -99 -99 1.06135695639621 -99
-99 -99 -99 -99 -99 -99 -99 -99 1.49360917996672 -99
-99 -99 -99 -99 -99 -99 -99 -99 1.7467373220204 0.782477981307668
-99 -99 -99 -99 -99 -99 -99 -99 -99 -99
-99 -99 -99 -99 -99 -99 2.27685360866262 -99 -99 -99
0.21132044774046 -99 -99 -99 -99 -99 0.516377825555018 -99 -99 -99
-99 -99 -99 -99 -99 -99 -99 -99 -99 -99
-99 -99 -99 -99 -99 -99 -99 0.477717275064631 -99 -99
0.22864762776999 -99 -99 -99 -99 -99 -99 -99 -99 -99
-99 -99 -99 -99 -99 -99 -99 -99 -99 -99
-99 -99 -99 -99 -99 -99 -99 -99 -99 -99
2.31734895111401 -0.162225219168365 -99 -99 -99 -99 -99 -99 -99 -99
-99 -99 -99 -99 -99 -99 -99 -99 -99 -99
-99 -99 0.687396682868013 -99 -99 -99 -99 -99 -99 -99
-99 -99 -99 -99 -99 -99 -99 -99 -99 -99
0.578387465379417 -99 -99 -99 -99 -99 -99 -99 -99 -99
-99 -99 -99 -99 -99 -99 -99 -99 -99 -99
-99 -99 -99 -99 1.99004741009126 -99 -99 -99 -99 -99
-99 -99 -99 -99 -99 -99 -99 -99 -99 -99
-99 -99 -99 2.27293936949365 -99 -99 -99 1.19253313608099 -99 -99
-0.137403892303704 -99 -99 -99 -99 -99 -99 -99 -99 -99
-99 -99 -99 -99 -99 -99 -99 -99 -99 -99
-99 -99 -99 -99 -99 -99 -99 -99 -99 -99
-99 -99 -99 -99 -99 -99 -99 -99 -99 -99
-99 -99 -99 -99 -99 -99 -99 -99 -99 -99
-99 -99 -99 -99 -99 -99 -99 -99 -99 -99
-99 -99 -99 -99 -99 -99 -99 -99 -99 -99
-99 -99 -99 -99 0.165869747658219 -99 -99 -99 -99 -1.75821391181944
-99 -99 -99 -99 -99 -99 0.542469759782804 -99 -99 -99
-99 -99 -99 -99 -99 -99 -99 -99 -99 -99
-99 -99 -99 -99 -99 -99 -99 2.25052942764933 -99 -99
-99 -99 -99 -99 -99 -99 -99 1.96154800119931 -99 -99
-99 0.467087438928731 -99 -99 -99 -99 -99 -0.163212117471764 -99 -99
-99 -99 1.86553542980857 -99 -99 -99 -99 -99 -99 -99
-99 -99 -99 -99 -99 -99 -99 -99 -99 -99
-99 0.401111903280703 -99 -99 -99 -99 -99 -99 0.244599315676414 -99
-99 -99 -99 -99 -99 0.676996178775318 -99 -99 -99 -99
-99 -99 -99 -99 -99 -99 -99 -0.26626698770276 -0.0368924640181878 -99
-99 -99 -99 -99 -99 -99 -99 -99 -99 -99
-99 -99 -99 -99 -99 -99 -99 2.95242693925241 -99 -99
-99 -99 -99 -99 -99 -99 -99 -99 -99 -99
-99 -99 -99 -99 -99 -99 -99 -99 -99 -99
-99 -99 -99 -99 1.76438036830631 -99 -99 1.4099796595692 -99 -99
-99 -99 -99 -99 -99 -99 -99 -99 -99 -99
-99 -99 3.36306862817732 -99 -99 -99 -99 -99 -99 -99
-0.400753745745139 -99 -99 -99 -99 -99 -99 -99 -99 -99
-99 -99 -99 -99 -99 0.988423892840785 -99 -99 -99 -99
-99 -99 -0.671094666863726 -99 -99 -99 -99 -99 -99 -99
-99 -99 2.60522996134806 -99 -99 -99 -99 -99 1.0685211540182 -99
-99 -99 -99 -99 -99 -99 -99 -99 -99 -99
-99 -99 -99 -99 -99 -99 -99 -99 0.573213039202396 -99
-99 -99 -99 -99 -99 -0.378083739052602 -99 -99 -99 -99
-99 -99 -99 -99 -99 -99 -99 -99 -0.727380924460048 -99
-99 -99 -99 3.76071177202592 -99 -99 -99 -99 -99 -99
-99 -0.877204343708551 -99 -99 -99 -99 -99 -99 -99 -99
-99 -99 -99 -99 -99 -1.16937149113212 -99 -99 -0.27995816948332 -99
-99 -99 -99 -99 -99 -99 -99 -99 -99 -99
-99 -99 -99 -99 2.22653197127186 -99 -99 -99 -99 -99
0.558229192045394 -99 -99 -99 -99 -0.270192594667609 -99 -99 -99 -99
-99 -99 -99 -99 -99 -99 -99 -99 -99 -99
-99 3.20269514312534 -99 0.542491436114653 -99 -99 -99 -99 0.777827486253417 -99
-99 -99 -99 -99 -99 -99 -99 -99 -99 -99
1.81667233158597 -99 -99 -99 -0.222159343814093 -99 -99 -99 -99 -99
-99 -99 -99 -99 -99 -99 -99 -99 -99 -99
-99 -99 -99 -99 -99 -99 -99 -99 -99 -99
-99 1.46873050707142 -99 -99 -99 1.3619908736195 -99 -99 -99 -99
-99 -99 -99 -99 -99 -99 -99 -99 -99 -99
-0.39562319410208 -99 -99 1.03104270414989 -99 -99 -99 -99 -99 -99
-99 -99 -99 -99 -99 -99 -99 -99 -99 0.471446149679198
-99 2.06460066092414 -99 -99 -99 -99 -99 -99 -99 -99
-99 -99 -99 -99 -99 -99 -99 -99 -99 -99
-99 -99 -0.184748708319822 -99 -99 -99 -99 -99 -99 -99
-0.0227141785429101 -99 -99 -99 -99 -99 -99 -99 -99 -1.9790005984786
-99 -99 -99 1.42883241134085 -99 -99 -99 -0.726595690005738 -99 -99
-99 -99 -99 -99 -99 -99 -99 -99 -99 -99
-99 -99 -99 -99 -99 1.06167193830757 -99 -99 -99 -99
-99 -99 -99 -99 -99 -99 -99 -99 -99 -99
-99 -99 -99 -99 -99 -99 -99 -99 -99 -99
-99 -99 -99 -99 -99 -99 -99 -99 -99 -99
-99 0.247258772574961 -99 -99 -99 -99 -99 -99 -99 -99
-99 -99 -99 -99 -99 -99 -99 -99 -99 -99
-99 2.70432905011243 -99 -99 -99 -99 -99 -99 -99 -99
-99 -99 -99 -99 -99 -99 -99 -99 -99 -99
-99 -99 -99 1.73284657931339 -99 -99 -99 -99 -99 -99
-99 -99 -99 2.21734187488094 -99 -99 -99 -99 -99 -99
-99 -99 -99 -99 -99 -99 -99 2.32055977348122 -99 -99
-99 -99 -99 -99 -99 -99 -99 3.38390191995647 -99 -99
-99 -99 -99 -99 -99 -99 2.92930191797328 -99 -99 -99
-99 -99 -99 -99 -99 -99 -99 3.43607627516625 -99 2.26056132861983
-99 1.60936540202941 -99 -99 0.78276645104117 -99 -99 2.29821706851401 -99 -99
-99 -99 -99 -99 -99 -99 -99 -99 -99 -99
-99 1.37027713377015 -99 -99 -99 -99 -99 -99 -99 -99
2.898809229725 -99 2.83521424534762 -99 -99 -99 -99 -99 -99 0.567883076506124
0.605569962664383 -99 -99 -99 -99 -99 -99 -99 -99 -99
-99 -99 -99 -99 -99 -99 -99 -99 -99 -99
-99 -99 -99 -99 -99 -99 -99 -99 -99 4.32258700060437
-99 -0.104632670001726 -99 1.75380403525821 -99 -99 -99 -99 -99 -99
-99 -99 -99 0.941069099488087 -99 -99 -99 -99 -99 -99
-99 -99 -99 -99 -99 -99 -99 -99 -99 -99
-99 -99 -99 -99 -99 -99 -99 1.88339429799837 -99 -99
-99 -99 0.0774538747779606 -99 -99 -99 -99 -99 -99 -99
-99 -99 -99 -99 -99 -99 -99 -99 -99 -99
-99 -99 -99 -99 -2.53770617256375 1.08317643687309 -99 -99 -99 -99
-99 -99 -99 -99 -99 -99 -99 -99 -99 -99
-99 -99 -99 -99 0.406911594444221 -99 -0.239505188764322 -99 -99 -99
-99 -99 -99 0.43283913308043 -99 -99 -99 -99 -99 -99
-99 -99 -99 -99 -99 -99 -99 -99 -99 -99
-99 -99 -99 -99 -99 -99 -99 -99 -99 -99
-99 -99 -99 -99 -99 -99 -99 1.13365443772516 -99 1.19872569252018
-99 -99 -99 -99 -99 -99 -99 -99 -99 -99
-99 -99 -99 -99 -99 -99 -99 -99 -99 -99
-99 -99 -99 -99 -99 -99 -99 0.533086596344201 -99 0.268416681950293
-99 -99 -99 -99 -99 -99 -99 -99 -99 -99
-99 -99 -99 -99 -99 -99 -99 -99 -99 -99
-99 -99 -99 3.10695806439462 -99 -99 -99 -99 -99 -99
-99 1.04712471890434 0.581224397960953 -99 -99 -99 -99 -99 -99 -99
-99 -99 -99 -99 -99 -99 -99 -99 -99 -99
-99 -99 -99 -99 -99 -99 0.905258046683424 -99 -99 -99
0.834423832806276 -99 -99 -99 -99 -99 -99 -99 2.30398751179867 -99
-99 -99 -99 -99 -99 -99 -99 -99 -99 -99
1.83043620355283 -99 -99 -99 -99 -99 -99 -99 -99 -99
-99 -99 -99 -99 -99 1.88376328743274 -99 1.10275469495427 -99 -99
-99 -1.56203754761013 -99 -99 -99 -99 -99 -0.821336184249313 -1.66876145511528 -99
-99 -99 -99 -99 -99 -99 -99 -99 0.269935871343603 -99
-99 -99 -99 -99 -99 -99 -99 -99 -99 -99
-99 -99 -99 0.967229169093524 -99 -99 -99 -99 0.977833711910687 -99
-99 -99 -99 -99 -99 -99 2.35186205541581 -99 -99 -99
1.24601881943909 4.29932663503426 -99 -99 -99 -99 -99 -99 -99 -99
2.28472243844418 -99 -99 -99 -99 -99 -99 -99 3.87177096116459 -99
-99 -99 -99 -99 -99 -99 -1.54107157931571 -99 -99 -99
-99 -99 -99 -99 4.03666430392763 -99 -99 -99 -99 -99
-99 -99 -99 -99 -99 -99 -99 -99 -99 -99
-99 -99 -99 -99 -99 -99 0.874049111874644 -99 -99 -99
-99 -99 -99 -99 -99 -99 -99 -99 -99 -99
-99 -99 0.848827449881819 -99 -99 -99 -99 -99 -99 -99
-99 -99 -99 -99 -99 -99 -99 -99 -1.25285071191137 -99
-99 -99 -99 -99 1.39727308122892 -99 -99 -99 -99 -99
-99 -99 -99 -99 -99 -99 -99 -99 0.359008093868204 -99
-99 0.385998716171032 -99 1.03803903792797 -99 -99 -99 -99 -99 -99
-99 -99 -99 -99 -99 -99 -99 -99 -99 -99
-99 -99 -99 -99 -99 -99 -99 -99 -99 -99
-99 -99 -99 -99 -99 -99 -99 -99 -99 -99
-99 0.700817849934496 -0.777107778201965 -99 -99 -99 1.61655129925315 -99 2.4350603164273 -99
-99 -99 -99 -99 -99 -99 -99 -99 -99 -99
-99 -99 -99 -99 -1.45422086996339 -99 -99 -99 -99 -99
0.488287668819881 -99 -99 -99 -99 -99 1.18873727347103 -99 -99 -99
-99 -99 -99 -99 1.24903191029024 -99 -99 -99 -99 -99
-0.658977298980696 -99 1.21652138924535 -99 -99 -99 -99 0.994763345887615 -99 -99
-99 -99 -99 -99 -99 -99 -99 -99 -99 -99
-99 -99 -99 -99 -99 -99 -99 -99 -99 -99
-99 -99 -99 -99 -99 -99 -99 -99 -99 -99
3.80525585900203 -99 -99 -99 -99 -99 2.27142336170304 2.87518509701403 -99 -99
-99 -99 -99 -99 -99 -99 -99 -99 -99 -99
-99 -99 -99 -99 -99 -99 -99 -99 -99 0.213129188340059
-99 -99 -99 -99 -99 -99 -99 -99 -99 -99
-99 -99 -99 -99 -99 -99 -99 -99 -99 -99
-99 0.857225902898821 -99 -99 -99 0.82124238543793 -99 -99 -99 -99
-99 -99 -99 1.27821577111435 0.821872933206887 -99 -99 -99 -99 -99
-99 -99 -99 -99 -99 -99 -99 -99 -99 -99
-99 -99 -99 -99 -99 -99 -99 -99 -99 -99
-0.303278680563607 -99 -99 -99 -99 -99 -99 -99 -99 -99
-99 -99 -99 -99 -99 -99 -99 -0.188592899120272 -99 -99
-99 -99 -99 -99 -99 -99 -99 0.755850213976847 -99 -99
-99 -99 0.147424313590921 -99 -99 -99 -99 -99 -99 -99
-99 -99 -99 -99 -99 -99 -99 -99 -99 -99
-99 -99 -99 -99 -99 1.8146665320085 3.3649155450999 -99 -99 -99
-99 -99 -99 -99 -99 -99 -99 -99 -99 -99
-99 -99 -99 -99 -99 -99 -99 -99 -99 -99
-99 -99 -99 -99 -99 -99 -99 -99 -99 1.20354423177747
-99 -99 -99 -99 -99 -99 -99 -99 -99 -99
-99 1.12960304913837 0.772670229792231 1.27239903692072 -99 -99 -99 -99 -99 -99
1.10279413773566 -99 -99 -99 -99 -99 -99 -99 -99 -99
-99 -99 -99 -99 -99 -99 -99 -99 -99 -99
3.48479383518381 -99 -99 -99 -99 2.12247946470203 -99 -99 -99 -99
-99 -99 -99 -99 -99 -99 -99 -99 -99 -99
-99 -99 -99 -99 -99 -99 -99 -99 -99 -99
-99 -99 -99 -99 -99 -99 -99 -99 -99 -99
-99 -99 -99 -99 1.48385166678521 -99 -99 -99 -99 -99
-99 -99 -99 -99 -99 -99 -99 -99 -99 -99
-99 3.47893701692766 1.96677472625514 -99 -99 -99 3.3098376365271 -99 -99 -99
-99 -99 -99 -99 -99 -99 5.58022654355489 -99 -99 -99
-99 -99 -99 0.302699973873291 -0.31499355037832 -99 -99 -99 -99 -99
-99 -99 -99 -99 -99 -99 -99 -99 1.06965192319043 -99
-99 -99 -99 0.596062791291576 -99 -99 -99 -99 2.20414155108027 -99
-99 -99 -99 -99 -99 -99 -99 -99 -99 -99
-99 -99 -99 -99 -99 -99 -99 -99 -1.93457360478894 -99
-99 -99 -99 -1.25367353017851 -99 -99 -99 -99 -99 2.2955863620799
2.12218376789313 -99 -99 -99 -0.38911511998101 -99 -99 -99 -99 -99
-99 -99 -99 -99 -99 -99 -0.336257042699754 -99 -99 -99
-99 -99 1.97157619598867 -99 -99 -0.762294029454101 -0.131676473590709 1.36152071387093 -99 -99
-99 -99 -99 -99 -99 -99 -99 3.98964692263312 -99 -99
-99 -99 -99 -99 -99 -99 -99 -99 -99 -99
-99 -99 -99 -99 -99 -99 -99 -99 0.438586445010733 -99
-99 -99 -99 -99 -99 -99 -99 -99 -99 -99
-99 -99 -99 -99 -99 -99 -99 -99 -99 -99
-99 -99 -99 -99 -99 -99 -99 -99 -99 -99
-99 -99 -99 1.57042535839691 -99 -99 -99 -99 -99 -99
-99 -99 -99 1.18527371961428 -99 -99 -99 -99 -99 -99
-99 -99 0.461499804020387 -99 -99 -99 -99 -99 -99 -99
-99 -99 -99 -99 -99 -99 -99 -99 -99 -99
-99 -99 -99 -99 -99 -99 -99 -99 -99 -99
-99 -99 -99 -99 -99 -99 -99 -99 -99 -99
-99 -99 -99 -99 -99 -99 -99 -99 -99 -99
-99 -99 -99 0.765222901027007 -99 -99 -99 -99 -99 -99
-99 -99 -99 -99 -99 -99 -99 -99 -99 1.70458908647092
-99 -99 -99 -99 -99 -99 -99 1.11963102647159 -99 -99
-99 -99 1.94785906721394 -99 -99 -99 -99 -99 -99 1.62767736342422
-99 -99 -99 -99 -0.133680682112473 -99 -99 -99 -99 -99
-99 -99 1.12536767405617 -99 -99 -99 -99 -99 -99 -99
-99 -99 -99 -99 -99 1.17711638229632 -99 -99 -99 -99
-99 -99 -99 -99 -99 -99 -99 2.61335682491783 -99 -99
-99 -99 -99 -99 -99 -99 -99 -99 -99 -99
-99 -99 -99 -99 -99 -99 -99 -99 1.42074804728954 -99
-99 -99 -99 -99 -99 -99 -99 -99 -99 -99
-99 -99 -99 -99 -99 -99 -99 -99 -99 -99
-99 -99 -99 -99 -99 -99 -99 -99 -99 -99
-99 -99 -99 -99 -99 -99 -1.58421648387851 -99 -99 -1.15421007760867
-99 -99 -99 -99 -99 -99 -99 -0.510062787000203 -99 -99
-99 -99 -99 -99 -99 -99 -99 -99 -99 -99
-99 -99 -99 -99 -99 -99 -99 -99 -99 -99
-99 -99 0.557623503454485 -99 1.15136956406199 -99 -99 -99 -99 -99
-99 -99 -99 0.135285200577551 -99 2.0574056286737 -99 -99 -99 -99
-99 1.35739118562046 -99 -99 3.28904960768217 -99 -99 -99 -99 -99
-0.833982967411141 0.282349079762436 -99 -99 -99 -99 -99 -99 -99 -99
-99 1.4055166472158 -99 -99 -99 -99 -99 -99 3.63019346854801 -99
-99 -99 -99 -99 -99 -99 -99 -99 -99 -99
-99 -99 -99 -99 -99 -99 -99 -99 0.802146605880202 -99
-99 1.82404180278169 -99 -99 1.21361862610862 3.14734714192976 -99 -99 0.678442781404313 -99
-99 -99 -99 -99 -99 -99 -99 -99 -99 -99
-99 -99 -99 -99 -99 -99 -99 -99 -99 -99
-1.27309593446813 -99 0.726522477270417 -99 -99 -99 -99 -99 -99 -2.11863614379142
-99 -99 -99 -99 -99 -99 -99 -99 -99 -99
-99 -99 -99 -99 -99 -99 -1.11367655541673 -99 -99 -99
0.910807147513457 -99 -99 -99 -99 2.71327129142238 -99 -99 -99 -99
-99 -99 -99 -99 -99 -99 -99 -99 -99 -99
-99 -0.161580969653866 -99 -99 -99 -0.762471179329661 -99 -99 -99 -99
-99 -99 -99 -99 -0.682875490131182 -99 -99 -99 -99 -0.64429377845045
-99 -99 0.487745673103695 -99 -99 -99 -99 -99 -99 -99
-99 -99 -99 -99 -99 -99 -99 -99 -99 -99
-99 -99 -99 -99 -99 -99 -99 -99 -99 0.896327002132368
-99 -99 -99 -99 -99 -99 -99 -99 0.427907330065146 -99
3.98201524445401 2.93317890581312 2.13769773243811 -99 -99 -99 -99 -99 -99 -99
-99 -99 -99 -99 -99 -99 -99 -99 -99 2.51967707012614
-99 -99 -99 -1.31931201436249 -99 -0.0345474955632212 -99 -99 -99 -1.24758996525097
-99 -99 -99 -99 -99 -99 -99 -99 -99 -99
-99 -99 -99 -99 -99 -99 -99 -99 -99 -99
-99 -99 -99 -99 -99 -99 -99 1.56821302675534 -99 -0.280581336672156
-99 -99 -99 -99 -99 -99 -99 -99 -99 -0.685120446195586
-99 -99 -99 -99 -99 -99 -99 -99 -99 -99
1.88224803809448 -99 -99 -99 -99 -99 -99 -99 -99 -99
-99 -99 -99 -99 -99 -99 -99 -99 -99 -99
-99 -99 -99 -99 -99 -99 -99 -99 -99 -99
-99 2.71485480414411 -99 -99 -99 -99 -99 -99 -99 -99
-99 -99 -99 -99 -99 -99 -99 -99 -99 -99
-99 -99 1.1216734761023 -99 -99 -99 -99 -99 -99 -99
-99 -99 -99 -99 -99 2.6477622866324 -99 -99 -99 -99
-99 -99 -99 -99 -99 0.533758295824153 1.15924953469617 -99 -99 -99
-99 -99 -99 -99 -99 2.31147114050449 -99 -99 -99 -99
-99 2.84260775307547 -99 -99 -99 -99 -99 -99 1.20354530589882 -99
-99 -99 -99 1.3852656733331 -99 -99 -99 -99 -99 -1.640783367254
-99 1.6907423311389 -99 -99 -99 -99 -99 -99 -99 -99
-99 -99 -99 -99 -99 -99 -99 -99 -99 -99
-99 -99 -99 -99 -99 -99 -99 -1.04933360560652 -99 -99
-99 -99 -99 -99 -99 -99 -99 -99 -99 -99
-99 -99 -99 -99 -99 3.19197801451208 -99 -99 1.34690146649476 -99
-99 -99 -1.2236859581325 -99 -99 -99 -99 -99 0.211295857948419 -99
-99 -99 -99 -99 -99 -99 -99 2.15653761661511 -99 -99
-99 -99 -99 -99 -99 -99 -99 -99 -99 -99
-99 -99 -99 -99 -99 -99 -99 -99 -99 -99
-99 -99 -99 -99 -99 -99 -99 -99 -99 -99
0.228196563850395 0.971673931061581 -99 -99 -99 -99 -99 -99 -99 -99
1.62075778347206 0.0244182887186944 1.26818658534565 -99 -99 -99 -99 -99 -99 4.10705094738659
