-99 -99 -99 0.942851180889557 -99 -99 -99 -99 -99 -99
-99 -99 -99 0.67370151087656 -99 -99 -99 1.49274028049075 -99 -99
-99 -99 -99 -99 -99 1.96358462461712 -99 -99 0.0865565730689993 -99
-99 -99 -99 -99 -99 -99 -99 -99 -99 -99
-99 -99 -99 -99 -99 -99 -99 0.125208379213292 -99 -99
-99 -99 -99 -99 -99 -99 -99 -99 -99 -99
-99 -99 -99 -99 -99 -99 2.67545227706354 -99 0.22137963696182 -99
-99 -99 -99 -99 -99 -99 -99 -99 -99 -99
-99 -0.77802004743013 -99 -99 -99 -99 -99 -99 -99 -99
-99 -99 -99 -99 -99 -99 -99 -0.268837629033347 -99 -99
-99 -99 -99 -99 -99 -99 -99 1.51680982036528 -99 -99
-99 -99 -99 -99 -99 -99 -99 -99 -99 0.230446931993055
-99 -99 -99 -99 -99 -99 -99 -99 -99 -99
-99 -99 -99 -99 -99 -99 -99 -99 -99 -99
2.03016376710462 -99 -99 -99 -99 -99 -99 -99 -99 -99
-99 -99 -99 -99 -99 -99 -99 -99 -99 -99
-99 -99 -99 -99 -99 -99 -99 -99 -99 1.07214817646761
-99 -99 -99 -99 -99 -99 -0.13137620265608 -99 -99 -99
-99 -99 0.320721793662574 -99 -99 -99 0.702727136686598 -99 0.425050181246483 -99
-99 -99 -99 3.38413130002466 -99 -99 3.60034611959642 -99 -99 -99
-99 -99 -99 -99 -99 3.63029497249645 -99 -99 -99 -99
-99 -99 -99 -99 -99 1.08304223134258 -99 -99 -99 0.922571583409295
-99 -99 -99 -99 -99 -99 -99 1.49966789407527 -99 -99
-99 -99 -99 -99 -99 -99 -99 -99 -99 -99
-99 -0.589426582377035 0.585228690972143 -99 -99 -99 -99 -99 -99 -99
-99 -99 -99 -99 -99 -99 -99 -99 -99 -99
-99 -99 -99 -99 -99 -99 -99 -99 -99 -99
-99 -99 -99 -99 -99 -99 -99 -99 -99 -99
-99 -99 -99 -99 -99 -99 -99 -99 -99 -0.95882664638285
1.06168832918452 -99 -99 -99 -99 2.27075776570699 -99 -99 -99 -99
-99 -99 -99 -99 -99 -99 -99 -99 -99 -99
-99 -99 -99 -99 -99 -99 -99 -99 1.22814749418569 -99
-99 -99 -99 -99 0.379804695041163 -99 -99 -99 -99 -99
2.27756329424372 -99 2.54086233088342 -99 -99 -99 -99 -99 -99 4.00169021180473
-99 -99 -99 -99 -99 -99 -99 -0.390125439953828 -99 0.231468853991328
-99 -99 -99 -99 -99 -99 -99 -99 -99 0.103525963148864
-99 -99 -99 -99 -99 0.859871677154443 -99 -99 -99 -99
-99 -99 2.88359757734259 -99 -99 -99 -99 -99 -99 -99
-99 1.83390838079134 -0.680292491875242 0.916545944980696 -99 -99 -99 -99 -99 -99
-99 -99 -99 -99 -99 -99 -99 -99 -99 -99
-99 -99 -99 -99 -99 -99 -99 -99 -99 -99
-99 -99 -99 -99 -99 -99 -99 -99 -99 -99
-99 -99 -99 -99 -99 -99 0.974336155285809 -99 -99 -99
-99 -99 -99 -99 -99 -99 -99 -99 -99 -99
-99 -99 -99 -99 -99 -99 -99 -99 -99 -99
-99 -99 -99 -99 -99 2.26079130098815 -99 -99 -99 -99
-99 -99 -99 -99 -99 -99 -99 -99 -99 -99
-99 -99 -99 -0.1135747871589 -99 -99 -99 -99 -99 -99
-99 -99 -99 -99 -99 -0.65149775169982 -99 -99 -99 -99
-99 -99 -99 -99 -99 -99 -99 -99 2.782084760308 -99
-99 -99 -99 -99 -99 -99 -99 -0.785843079027769 -99 -99
-99 -99 -99 -99 -99 -99 1.02140807446601 -99 -99 -99
-99 -99 -0.382608848113264 -99 2.21648631647758 -99 -99 -99 -99 -99
0.431328078828713 -99 -99 -99 -99 -99 -99 -99 -99 -99
-99 -99 -99 -99 -99 -99 -99 -99 -99 -99
-99 -99 -99 -99 -99 -99 -99 -99 -99 -99
-99 0.452875663951035 0.381100281032086 0.883670582637338 0.472617622233709 -99 -99 -99 -99 -99
-99 -99 -99 -99 -99 3.8488858513072 -99 -99 -99 -99
-99 1.480095573795 -99 -99 -99 -99 -99 -99 -99 -99
-99 -99 -99 -99 -99 -0.815158409230567 -99 -99 -99 -99
-99 -99 -99 -99 -99 -99 -99 -99 -99 -99
-99 1.98936477448085 -99 -99 -99 -99 0.59463353010414 -99 -99 -99
2.88205086357306 -99 -99 -99 -99 -99 -99 -99 -99 2.03812823355839
2.71384571097501 2.14519836792516 3.09117847997187 -99 -99 -99 -99 -99 3.40799598867729 -99
-99 -99 -99 -99 -99 0.981314793909018 -99 -99 -99 -99
-99 -99 -99 -99 -0.100670615694722 -0.81803661022907 -99 -99 -0.444416435952883 -99
3.18861546623984 -99 -99 -99 -99 -99 -99 -99 -99 -99
-99 -99 -99 -99 -99 -99 -99 -99 -99 -99
-99 -99 -99 -99 -0.674966223424469 -99 -99 -99 -0.445131124454529 -99
-99 -99 -99 -99 -99 -99 -99 -0.0305932751676232 -99 -99
-99 1.89648673941495 -99 -99 -99 1.76257577671602 -99 -99 -99 -99
-99 -99 -99 -99 -99 -99 -99 1.60557918282267 -99 -99
-99 -99 -99 -99 -99 -99 -99 -99 -99 -99
-99 -99 -99 -99 -99 -99 -99 -99 2.77587433367781 -99
-99 -99 1.36440118872434 -99 -99 -99 -99 -99 -99 -99
3.16163839331707 -99 -99 -99 3.79953869087284 -99 -99 -99 -99 -99
-99 -99 -99 -99 -99 -99 -99 -99 -99 0.754517911589352
-99 -99 -99 -99 -99 -99 -99 -99 -99 -99
-99 -99 -99 -99 -99 -99 -99 -99 -99 0.180694569666334
-99 -99 -0.621358538010275 -99 -99 -99 -99 -99 -99 -99
-99 -99 -99 -99 -99 -99 -99 -99 -99 -99
-99 -99 -99 -99 -99 -99 -99 -99 -99 -99
0.0579570086025762 -99 -99 -99 1.54474937486823 -99 -99 -99 0.791067763889596 -99
-99 -99 0.896182480636268 -99 -99 -99 -99 -99 -99 -99
-99 -99 -99 -99 -99 -0.776385525931387 -99 -99 -99 -99
-99 -99 2.76419953833154 -99 -99 -99 3.36019352639507 -99 -99 -99
-99 -99 2.32562300462563 -99 -99 2.19034965786057 -99 1.42486782706523 -99 -99
-99 -99 1.72709298887018 -99 -99 -99 -99 -99 -99 -99
-99 -99 -99 -99 -99 -99 -99 -99 -99 -99
-99 -99 -99 -99 -99 -99 -99 -99 1.62518706374609 -99
-99 -99 -99 -99 -99 -99 -99 -99 -99 -99
-99 -99 -99 -99 -99 -99 -99 -99 -99 -99
-99 -99 -99 -99 -99 -99 -99 -99 -99 -99
-99 -99 0.758639267670502 -99 -99 -99 -99 -99 -99 -99
-99 -99 -99 -99 -99 -99 -99 -99 -99 3.29675856475382
-99 -99 -99 -99 -99 -99 -99 -99 -99 -99
3.26859430806993 -99 -99 -99 -99 -99 -99 0.359610072886282 -99 -99
-99 -99 -99 -99 -99 -99 -99 -99 -99 -99
-99 -99 -99 1.62007483948142 -99 -99 -99 -99 -99 0.584465118553851
-99 -99 -99 -99 -99 -99 -0.289245994552168 -99 -99 -99
-99 -99 -99 -99 -99 4.62351656063167 -99 -99 4.21967883964831 -99
-99 -99 -99 -99 -99 -99 -99 -99 -99 -99
0.462330435708265 -0.612658774015993 -99 -99 -99 -99 -99 -99 -99 -0.293756289780351
-99 -99 2.88046052065326 -99 -99 -99 -99 -99 -99 -99
-99 -99 -99 -99 -99 -99 2.32630601576695 -99 -99 -99
-99 -99 -99 -99 -99 -99 -99 1.84750420319805 -1.68301881503688 -99
-99 -99 -99 -99 -99 -99 -99 2.77829347671585 -99 -99
-99 -99 -99 -99 -99 -99 -99 -99 -99 -99
-99 -99 -99 -99 -99 -99 -99 -99 -99 -99
-99 -99 -99 -99 -99 -99 -99 -99 -99 -99
-99 -99 -99 -99 -99 -99 -99 -99 -99 0.356429464530556
-99 -99 -99 -99 -99 -99 -99 -99 -99 -99
-99 -99 -1.07389936664697 -99 -99 -99 -99 -0.809154174484067 -99 -99
-99 -99 -99 -99 -99 -99 1.67951633148176 0.538234598401833 -99 -99
-99 -99 -99 -99 -99 -99 -99 -99 -99 -99
-99 -99 -99 2.31260280598485 -99 -99 -99 -99 -99 -99
-99 -99 -99 -99 -99 -99 -99 -99 -99 -99
-99 -99 -0.623617539262454 -99 -99 1.29349756083931 -99 -99 -99 -99
-99 -99 -99 -99 -99 -99 -99 -99 -99 -99
-99 -99 -99 -99 -99 -99 -99 -0.15056041635954 -99 -99
-99 -99 -99 -99 -99 -99 -99 -99 -99 -99
-0.649755439348672 -99 -99 -99 -99 -99 -99 -99 -99 -99
-99 -99 -99 -99 -99 -99 -99 -99 -99 -99
-99 -99 -99 -99 1.5656948191605 -99 -99 -99 -99 -99
-99 -99 -99 -99 -99 -99 -99 -99 -99 -99
-99 -99 -99 -99 -99 -99 -99 -99 -99 -99
-99 -99 -99 -99 -99 -99 -0.153273888853936 -99 -99 -1.43605098077886
-99 -99 -99 -99 -99 -99 -99 -99 -99 -2.71497801769781
-99 -99 -99 -99 -99 -99 -99 -99 -99 -99
-99 -99 -99 -99 -99 -99 -99 -99 -99 2.5322818707444
-99 -99 -99 -99 -99 -99 -99 -99 -99 -99
-99 -99 -99 -99 -99 -99 -99 -99 -99 -99
-99 -99 -99 -99 -99 -99 -99 -99 -99 -99
-99 -99 -99 -99 -99 -99 -99 -99 -99 -99
1.31723746240969 -99 -99 0.406052906408383 -99 -99 -99 -99 -99 -99
-99 2.79512200695486 -99 2.30110621805297 -99 -99 -99 -99 -99 -99
-2.06320725089088 -99 -99 -1.75731884012359 -99 -99 -99 -99 -99 -2.31148055129975
-99 -99 -99 -99 -99 -99 1.83207891204295 0.462179587080517 -99 -99
-99 -99 -99 -99 -99 -99 -99 -99 -99 -99
-99 -99 -99 -99 -99 -99 -99 -99 -99 -99
-99 -99 -99 -99 -99 -99 -99 -99 -99 -99
-99 -99 -99 -0.808613141378124 -99 -99 -99 -99 -99 -99
-99 3.25694841922166 -99 -99 -99 -99 -99 -99 1.09297855019415 -99
-99 0.0817655853179752 -99 -99 -99 -99 0.154816224122897 -99 -99 -99
-99 -99 -99 -99 -99 -99 -99 -99 -99 -99
-99 -0.645644311865945 0.534873224905613 -99 -99 1.83048455422583 -99 -99 -0.138792089009067 -99
-99 -99 1.09813672526126 -99 -99 -99 -99 -99 -99 -99
-99 -99 1.2322291207397 -99 -99 1.92972171528029 -99 -99 -99 -99
-99 -99 -99 -99 -99 -99 -99 -99 -99 -99
-99 -99 -99 -99 -99 -99 -99 3.88312159987671 -99 5.34485367181115
-99 -99 -99 -99 1.6609932298038 -99 -99 -99 -99 -99
-99 -99 -99 -99 -99 -99 -99 -99 -99 -99
-99 -99 -99 -99 -99 -0.0245164182443978 -99 -99 -99 -99
-99 -99 -99 -99 3.15989987098381 -99 -99 -99 2.46257924659833 -99
-99 1.40355229145376 -99 -99 -99 -99 -99 -99 -99 2.49938643187437
-99 -99 -99 -99 -99 -99 -99 -99 -99 -99
-99 -99 -99 -99 -99 -99 2.4556226655354 -99 -99 -99
-99 1.10684313406655 -99 2.5464504433168 -99 -99 -0.779498419035735 -99 -99 -99
-99 -99 -99 1.4403664246818 -99 -99 -99 -99 1.09621422017683 2.03469438706885
-0.955286736969837 -99 -99 -99 -99 -99 -99 -99 -0.913312420336201 -99
-99 -99 -99 -99 -99 -99 -99 -99 -99 2.43137133683529
-99 -99 -99 -99 -99 -99 -99 -99 -99 -99
1.22598469529803 -99 -99 -99 -99 -99 -99 -99 -99 -99
1.01301677881369 -99 -99 -99 -99 -99 -99 -99 -99 -99
-99 -99 -99 -0.0711051671394192 -1.09218115906106 -99 -99 -0.640936048920101 -99 1.76782680839351
-99 2.30281428374673 -99 -99 -99 -99 -99 -99 -99 -99
-99 -99 -99 -99 0.537071099167253 -99 -99 -99 -99 -99
-99 -99 -99 -99 -2.44822055495386 -99 -99 -99 -99 -99
-99 -99 -99 -99 -99 -99 -99 -99 -99 -99
-99 -99 -99 -99 -99 -99 -99 -99 -99 -99
-99 -99 -99 -99 -99 -99 -99 -99 -99 -99
-99 -99 -99 -99 -99 -99 -99 -99 -99 2.1984807868147
-99 -99 -99 -99 -99 -99 0.4657040051248 -99 -99 -99
-99 -99 -99 -99 -99 -99 0.375886695279661 -99 -99 -99
-99 -99 -99 -99 -99 -99 3.15562132262102 -99 -99 -99
-99 -99 -0.484183474448473 -99 -99 -99 -99 -99 2.17776102720973 -99
-0.237706035366561 -99 -99 -99 -99 -99 -99 -99 -99 -99
-99 -99 -99 -99 -99 -99 -99 1.85623038220012 -99 -99
-99 -99 -99 -99 -0.105689324655179 -99 -99 -99 -99 -99
-99 -99 -99 -99 -99 -99 -99 -99 -99 -99
-99 -0.201305498887496 -99 -99 -99 -0.0116962836850305 -99 -0.0586744706351965 -99 -99
-99 -99 -99 -99 -99 -99 -99 -99 -99 -99
2.10132271927979 -99 1.05349051312649 -99 -99 -99 -99 0.315264036832432 -99 1.04945258848377
-99 -99 -99 -99 -99 -99 -99 -99 -99 0.788008237760241
-99 -99 -99 -99 -99 -1.30420006858539 -99 -99 -99 -99
-99 -99 -99 -99 -99 -99 -99 -99 -0.44819756059211 -1.43516060483045
-99 -99 -99 -99 -99 3.08702137694709 -99 3.30148607520859 3.68731568362581 -99
0.207136834868384 -99 -99 -99 -99 -99 -99 -99 -99 -99
-99 -99 0.275785643735475 -99 -99 -99 -99 -99 -99 -99
-99 -99 -99 -99 -99 -99 -99 -99 -99 -99
-99 -99 -99 -99 -99 -99 -99 -99 -99 -99
-99 -99 -0.323218352145652 -99 -99 -99 -99 -99 -99 -99
-99 -99 -99 -99 -99 -99 -99 -99 -99 -99
-99 -0.0709434305333343 -99 -99 -99 -99 -99 -99 2.31673804989241 -99
-99 -99 -99 -99 -99 0.339270827719934 -99 -99 -99 0.324559607495264
-99 -99 -99 -99 -99 -99 -99 -99 1.69651905807261 -99
-99 -99 2.81345975068392 3.51370131303815 -99 3.55361728710325 -99 -99 -99 -99
-99 -99 -99 -99 -99 -99 -99 -99 -99 -99
-99 -99 -99 -99 -99 -99 -99 -99 -99 -99
-99 1.1838782379905 -99 -99 1.94760354496844 -99 -99 -99 0.499042433457822 -99
-99 -99 -99 -99 -99 -99 -99 -99 -99 -99
-99 -99 -99 -99 -99 -99 -99 -99 -99 -99
-99 -99 0.0407424816237083 -99 -99 -99 -99 -99 -99 -99
-99 -99 -99 -99 -99 -99 -99 3.79027477088819 -99 0.769341947210561
-99 -99 -99 -99 -99 -99 -99 -99 -99 -99
-99 -99 -99 -99 -99 -99 -99 -99 -99 -99
-99 -99 -99 1.02603822696251 -99 -99 1.53072638331402 -99 -99 -0.416359811112027
-99 -99 1.47026618799347 -99 -99 -99 -99 -99 -99 -99
-99 -99 -99 -99 -99 -99 -99 -99 -99 -99
-99 -99 -99 -99 -99 -99 -99 -99 -99 1.88004783070834
-99 -99 -99 -99 -99 -99 -99 -99 -99 -0.164782978128216
-99 -99 3.38564524384164 -99 -99 -99 -99 -99 -99 -99
-99 -0.848021567127979 -99 -99 -99 -99 -99 -99 -99 0.0375775814243622
-99 -99 -99 -99 -99 -99 -99 -99 -99 -99
-1.79158802055843 -99 -99 -99 -99 -99 -99 -99 -99 -99
-99 -99 -99 -99 -99 -99 -99 -99 -99 -99
1.33186266691779 -99 -99 -99 -99 -99 -99 -99 -99 -99
1.38851185897936 -99 -99 -99 -99 -99 -99 -99 2.12536264171575 -99
3.37538707796153 -99 -99 -99 -99 -99 -99 -99 -99 -99
1.86182456793957 -99 -99 -99 -99 -99 -99 2.14678095007029 -99 -99
-99 -99 1.29159372916399 -99 -99 -99 -99 -99 -99 -99
-99 -99 -99 -99 -99 0.451400674302088 -99 -99 -99 -99
-99 -99 -99 -99 -99 -99 -99 -99 2.03755754260749 -99
-99 -99 -99 -99 -99 -99 -99 -99 -0.0123362845888277 -99
-99 -99 -99 -99 -99 -99 -99 -99 -99 -99
-99 -0.517054569545648 -99 -99 -99 -99 -99 -99 -99 -99
-99 -99 3.57685603754192 -99 -99 -99 -99 -99 -99 -99
-99 -99 -99 -99 1.55452790776085 -99 -99 -99 -99 -99
-99 3.59419514500726 -99 -99 -99 -99 -99 -99 -99 -99
-99 -99 -99 -99 -99 -99 -99 -99 -99 -99
-99 -99 -99 -99 -99 -99 0.286655833992313 -99 -99 -99
-99 -99 1.44882561112192 -99 -99 -99 -99 -99 -99 -99
-99 -99 -99 -99 -99 -99 -99 -99 -99 -99
-99 -99 -99 -99 -99 -99 2.07580132480549 -99 -99 -99
-99 -99 0.307846670142469 -99 -99 -99 -99 -99 -99 -99
-99 -99 -99 -99 -99 -99 -99 -99 -99 -99
-99 -99 -99 -99 -99 -99 -99 -99 -99 -99
-99 -99 -99 -99 -99 -99 -99 -99 -99 -99
-99 -99 -99 -99 -99 -99 -99 -99 -99 1.98630768998616
-99 -99 -99 -99 -99 -99 -99 -99 -99 -99
-99 -99 -99 -99 -99 -99 -99 -99 -99 -99
-99 -99 -99 -99 -99 -99 1.62114562685786 -99 -99 -99
-99 -99 -99 -99 -99 -99 -99 -99 -99 -99
-99 -99 -99 -99 -99 -99 -99 -99 -99 -99
-99 -99 -99 -99 -99 1.06324772913924 -99 1.90776984094215 -99 1.07651297165965
-99 -99 -99 -99 -99 -99 -99 -99 -99 -99
-99 -99 -99 -99 -99 -99 -99 -99 -99 -99
-99 -99 -99 1.60935622411721 -99 -99 -99 -0.805715068052734 -99 -99
-99 -99 -99 -99 -99 -99 -99 -99 -99 -99
-99 -99 -99 -99 -0.347477070805644 -99 -99 -99 -99 -99
-99 -99 -99 -99 -99 -99 -99 -99 -99 -99
-99 -99 -99 -99 -99 -99 -99 -99 -99 -99
-99 -99 -99 -99 -99 1.35715324126055 0.210688695415084 -99 -99 -99
-99 -99 -99 -99 -99 -99 -99 -99 -99 -99
-99 0.404910224324012 -99 -99 -99 -99 -99 -99 -99 -99
-99 -99 -99 -99 -99 -99 -99 -99 -99 -99
-99 -99 2.03724706315037 -99 -99 -99 -99 -99 2.57591601615397 -99
-99 -99 -99 -99 -99 -99 -99 -99 -99 -99
-99 -99 -99 -99 1.08884830399658 0.923417868648026 -99 -99 -99 -99
-99 -99 -99 -99 -99 -99 3.67726237738914 -99 -99 3.74138120815918
-99 -99 -99 -99 -99 -99 -99 -99 -99 1.10245821940385
-99 -99 -99 -99 -99 -99 -99 -99 -99 -99
-99 -99 -99 -99 -99 -2.22326801879775 -99 -1.90288671297708 -99 -99
-99 -99 -99 -99 -99 -99 -99 -99 -99 -99
-99 0.92917574661543 -99 -99 -99 -99 -99 -99 -99 -99
-99 -99 -99 -99 -99 1.01816736695225 -99 1.81719157666486 -99 -99
0.269680574350137 -99 -99 -99 -99 -99 -99 -99 -99 -99
0.82093486036038 -99 -99 1.37886421330323 -99 -99 -99 -99 -99 -99
-99 -99 -99 -99 -99 -99 -99 -99 -99 -99
-99 -99 -99 -99 -99 -99 -99 -99 -99 -99
-99 -99 -99 -99 -99 -99 -99 -99 -99 -99
-99 -99 -99 -99 -99 -99 -99 -99 -99 -99
-99 -99 -99 -99 -99 -99 -99 -99 -99 -99
-99 -99 -99 0.747258678533309 -99 -99 -99 -99 -99 -99
-99 -99 -0.419196334955632 -99 -0.731567338576745 -99 -99 -99 -99 -0.0478075278327712
-99 -99 -99 -99 -99 -99 -99 -99 -99 -99
-99 -99 -99 -99 1.11622154532617 -99 -99 -99 -99 1.6251625132536
-99 -99 -99 -99 -99 -99 -99 -99 -99 -99
-99 -99 -99 -99 -99 -99 -99 -99 -99 -99
-99 1.3031011157077 -99 -99 -99 -99 -99 -99 0.685101043605701 -99
-99 -99 -99 -99 -99 -99 0.0521199971019458 -99 -99 -99
-99 0.631191643054866 -0.944659180263326 -99 -99 -99 -99 1.72840971279054 -99 -99
-99 -99 1.57133566297732 -99 -99 -99 -99 -99 -99 -99
-99 -99 4.61925586341131 -99 -99 -99 -99 -99 -99 -99
-99 -99 -99 -99 -99 -99 -99 -99 -0.146524629634638 -99
-99 -99 -1.02850936206903 -2.16596803291729 -99 -0.51444963318267 -99 0.459498851819785 -99 -99
-99 -99 -99 -99 -99 -99 -99 -99 -99 -99
-99 -99 -99 -99 -99 -99 -99 -99 -99 -99
-99 -99 -99 -99 -99 -99 -99 -99 -99 -99
0.400182612100481 -99 -99 -99 -99 -99 -99 -99 -99 1.66501734759321
-99 -99 -99 4.86953562392262 -99 -99 -99 -99 3.68614153797267 2.11604419205492
-99 -99 -99 -99 -99 -99 -99 -99 -99 -99
-99 -99 -99 -99 -99 -99 -99 -99 -99 -99
-99 -99 -99 -99 -99 1.93636308372801 -99 -99 -99 -99
-99 -99 -99 -99 -99 -99 -99 -99 -99 -99
-99 -99 -99 -99 -99 -99 -99 -99 -99 -99
-99 0.573231705353614 -99 -99 -99 -99 -99 -99 -99 3.83142368377431
-99 -99 -99 -99 -99 -99 -99 -99 -99 -99
-99 -99 -99 -99 -99 -99 -99 -99 -99 0.670371086702067
-99 2.18683938850951 -99 -99 -99 -99 -99 -99 1.64140591987258 -99
-99 -99 3.45092764328097 1.35906004833603 -99 -99 -99 -99 -99 -99
-99 -99 -99 -99 -99 -99 -99 -99 -99 -99
-99 -99 -99 -99 -99 -99 -99 -99 -99 -99
-99 -99 -99 -99 -99 -99 -99 -99 1.54698274331734 -99
-99 -99 -99 -99 -99 -99 -99 -99 -99 -99
-99 -99 -99 -99 -99 0.274693401132697 -99 -99 -99 -99
-99 1.23194090944564 -99 0.0699674006434119 -99 -99 -99 -99 -99 -99
-99 -99 -99 -99 -99 -99 3.34057702147219 -99 -99 -99
-99 -99 -99 0.195468620837658 -99 -99 -99 -99 -99 -99
-99 -99 3.21294717515203 -99 -99 0.913437456454238 -99 -99 -99 -99
-99 -99 -99 -99 -99 -99 -99 -99 -99 -99
-99 -99 -99 -99 3.48919893004518 -99 -99 -99 -99 -99
-99 0.417745969358652 0.222130752676693 -99 -99 -99 1.53163097789317 -99 -99 0.249080789006602
-99 -99 -99 -99 -99 -99 -99 -99 4.84185046655962 -99
-99 -99 -99 -0.152470496639713 -99 -99 -99 -99 -99 -99
-99 0.935935488586353 -99 -99 -99 -99 -99 0.0439967774594487 -99 -0.195263639345625
-99 -99 -99 -99 -99 -99 -99 -0.169201358993451 -99 1.53214624901033
-99 -99 -99 -99 -99 -99 -99 0.45799321524644 1.08365084148918 -99
-99 -99 -99 -99 -99 -99 -99 -99 -99 -99
-99 -99 -99 -99 -0.142609840836397 -99 -99 -99 -99 -99
-99 -99 -99 -99 -99 -99 -99 -99 -99 -99
-99 -99 -99 -99 0.285640390868883 -99 -99 -99 -99 0.523007862846959
-99 -99 -99 -99 -99 -99 -99 -99 -99 -99
-99 -99 -99 -99 -99 -99 -99 -99 -99 -99
-99 -99 1.52642843834396 -99 -99 -99 -99 -99 2.15888037110477 -99
-99 -99 -99 -99 -99 -99 -99 -99 -99 -99
-99 -99 -99 -99 -99 -99 -99 -99 -99 -99
-99 -99 0.342621816881473 -99 -99 -99 -99 -99 -99 -0.184038237003842
-99 -99 -99 -99 -99 -99 -99 -99 -99 -99
-99 -99 -99 -99 -99 0.71153384142244 -99 -99 0.702443860663694 -99
-99 -99 -99 -99 -99 -99 -99 -99 -99 -99
-99 -99 -99 -99 -99 -99 -99 -1.75146319349363 -99 -99
-99 -1.06551223895397 -99 -99 -99 -99 -99 -99 -1.54426182728368 -99
-99 0.746238841699878 -99 -99 -99 -99 -99 -99 -99 -99
-99 -99 -99 -99 -99 -99 -99 -99 0.306518022407381 -0.99099502297504
-99 -99 -99 -99 -99 -99 -99 1.80762767794453 -99 -99
-99 -99 -99 -99 -99 -99 -99 -99 -99 -99
-99 -99 -99 -99 -99 -99 -99 -99 -1.07337301179976 -99
-99 -99 -99 -99 -99 -99 -99 -99 -99 -99
-99 -99 -99 -99 -99 2.1379200865384 1.45159334840115 -99 -99 -99
-99 -99 -99 -99 -99 -0.312667357961837 -99 -99 -99 -99
-99 -99 -99 -99 -99 2.25412550310377 -99 -99 -99 -99
-99 -99 -99 -99 -99 -99 -99 1.95680150618141 -99 -99
0.6022341472433 -99 -0.943408412218637 -99 -99 -99 -99 -99 -99 -99
-99 -99 -99 -99 -99 -99 -99 1.5539664758265 -99 -99
-99 -99 -99 -99 -99 -99 -99 -99 -99 -99
-99 -99 -99 -99 -99 -99 -99 -99 -99 -99
-99 -99 -99 -99 -99 -99 -99 -1.85742091810513 -99 -99
-99 -99 -99 -99 -99 -99 -99 -99 -99 -99
-99 -99 -99 -99 0.644270597266108 -99 -99 -99 -99 0.366862830472298
-99 1.68626835489035 -99 -99 -99 -99 -99 -99 -99 -99
-1.48308441843525 -99 -99 -99 -99 -99 -99 -99 0.142714710938448 -99
-99 -99 -99 -99 -99 -99 -99 -99 -99 -1.34671411280579
-99 -99 -99 -99 -99 -99 -99 -99 -99 -99
-99 -99 -99 -99 -99 -99 -99 -99 -99 -99
-99 -99 -99 -99 -99 -99 -99 -99 -99 -99
-99 -0.352152428129044 -99 -99 -99 -99 -0.894090109603744 -99 -99 -99
-99 -99 -99 -99 -99 -0.591104212678185 -99 -99 -99 -99
-99 -99 1.86341495403678 -99 -99 -99 -99 1.24154373582768 -99 -99
-99 -99 -99 -99 -99 -99 -99 -99 -99 -99
-99 -99 -99 -99 -99 -99 -99 -99 1.75768046106295 -99
-99 1.66863456879621 -99 -99 -99 -99 -99 -99 -99 -99
-99 -99 -99 -99 -99 -99 -99 -99 -99 -99
-99 2.20050678337113 -99 1.01216466773251 -99 -99 -99 -99 -99 -99
-99 -99 -99 -99 -99 -99 -99 -99 -99 -99
-99 -99 -99 -99 -99 -99 -99 -99 1.28084577276495 -99
-0.483721043127372 -99 -99 -99 0.40933074341929 -99 -0.496952854881842 -99 -99 -99
-99 -99 -99 -99 -99 -99 -99 -1.64948531835488 -99 -99
-99 -99 1.25450079169199 -99 2.87106791235328 -99 -99 1.83210272604729 -99 -99
-99 -99 -99 -99 -99 -99 -99 -99 -99 -99
0.412599728333404 -99 -99 -99 -99 -99 -99 -99 -99 2.99658152958246
-99 -99 0.826885251719646 -99 -99 -99 -99 -0.00281460751271845 -99 -99
-99 -99 -99 -99 -99 -99 1.00697610158702 2.11715273028373 -99 -99
-99 -99 -99 -99 -99 -99 -99 -1.408968440049 -99 -99
-99 -99 -99 -99 -99 -99 -99 -0.784015262714918 -99 -99
-99 -99 -99 -99 -99 -99 -99 -99 -99 -99
-99 -99 -99 -99 -99 -99 -99 -99 -99 0.636377250790232
-99 -99 -99 -99 -99 -99 -99 -99 -99 -99
-99 -99 -99 -99 -99 -99 1.89600115176342 2.51746253033871 -99 -99
-99 -99 -99 -99 -99 -99 -99 -99 -99 -99
-99 -99 -99 -99 -99 -99 -99 -99 -99 -99
3.59217587263286 -99 -99 2.93492679869708 -99 -99 2.5417026523497 2.94736857525272 -99 -99
-99 -99 -99 -99 -99 -99 -99 -99 -99 -99
-99 -99 -99 -0.650468264350041 -99 -99 -99 -99 -99 -0.184337126317142
-99 -99 -99 -99 -99 -99 -99 -99 -99 -99
-99 -99 -99 1.6179232137692 -99 -99 -99 -0.0198796178454381 2.08760880495993 3.35479060988113
1.65372971935389 -99 -99 -99 -99 -99 -99 -99 -99 -99
-99 -99 -99 -99 -99 -99 -99 -99 -99 -99
-99 -99 -99 -99 0.855732474385086 -99 -99 -99 -99 -0.392918923446259
-99 -99 -99 -99 -99 -99 -99 -99 -99 -99
-99 -99 -99 -99 -99 -99 -99 -99 -99 -99
-99 -99 -99 -99 1.68228478766141 -99 -99 -99 -99 -99
-99 -99 -99 -99 -99 -99 -99 -0.286494836089103 -99 -99
2.73919321413175 -99 -99 -99 -99 -99 -99 3.15138473184232 -99 -99
-99 -99 -99 -99 -99 -99 -99 -99 -99 -99
1.83712289239115 -99 2.58938247535615 -99 -99 1.32153730687881 -99 -99 -99 -99
-99 -99 -99 -99 -99 -99 -99 -99 -99 2.65005049808522
-99 -99 1.12731587248944 -0.169068411088889 2.33317206815744 -99 -0.115127491265039 -99 -99 -99
-99 -99 -99 -99 -99 -99 -99 -99 -99 -99
-99 -99 -99 -99 -99 -99 -99 -99 -99 -99
-99 -99 -99 -99 -99 -99 -99 -99 -99 -99
-99 -99 -99 0.870471094661964 -99 -99 -99 -99 -99 -99
-99 4.25525146465172 -99 -99 -99 -99 -99 -99 -99 -99
-99 -99 -99 -99 -99 -99 -99 -99 -99 -99
-99 -99 -99 -99 -99 -99 -99 -99 -99 -99
-99 -99 -99 -99 -99 -99 -99 -99 0.310113009388923 -99
-99 -99 -99 0.955061133799368 -99 -99 -99 -99 -99 -99
-99 -99 -99 -99 -99 -99 -99 -99 -99 -99
-99 -99 -99 -99 -99 -99 -99 -99 -99 -99
-99 -99 -99 -99 -99 -99 -99 -99 -99 -99
-99 -99 -99 -99 -99 -99 -99 -99 -99 -99
-99 -99 2.73240962708873 -99 -99 -99 -99 -99 -99 -99
-99 2.36887849183797 -99 -99 -99 -99 -99 -99 -99 -99
-99 -99 -99 -99 -99 -99 -99 -2.69444138531434 -99 -99
-99 1.84048344623401 -99 -99 -99 -99 -99 -99 -99 -99
-99 -99 4.55502604276269 -99 -99 -99 -99 -99 -99 -99
-99 -99 -99 2.15525394821503 -99 -99 -99 -99 -99 -99
-99 -99 0.67352798774373 -99 -99 -99 -99 -99 -99 -99
-99 -99 0.938570941825699 -99 -99 -99 -99 -99 -99 -99
-99 -99 -99 -99 -99 -99 -99 -99 -99 -99
-99 -99 -99 -99 -99 -99 -99 -99 -99 -99
-99 -99 -99 0.611976023200953 -99 -99 -99 -99 -99 -99
-99 -99 -99 -99 1.35521597360763 -99 -99 -99 -99 -99
-99 -99 -99 -99 -99 -99 -99 -99 -99 -99
-0.306549591102389 -99 0.481418849489854 -99 -99 0.896490216224986 -99 -99 -99 -99
-99 0.361170525322408 -99 -99 -99 -99 -99 -99 -99 -99
-99 -99 -99 -99 -99 -99 -99 -99 0.521461493556488 -99
-99 -99 -99 -99 -99 -99 3.00964204698791 -99 -99 -99
-99 -99 -99 -99 -1.78860203963506 -99 -99 -99 -99 -99
1.71468672318531 -99 -99 -99 -99 -99 -99 -99 2.6198140728437 2.06301658690876
-99 -99 -99 -99 -0.171507319310727 -99 -99 -99 -99 -99
-99 -99 -1.55141666045777 -99 -99 -99 -99 -99 -99 -99
-99 -99 -99 -0.311150505880775 -99 -99 -99 -99 -99 -1.16322445914261
-99 1.38908469737813 0.894546394100702 -99 -99 -99 -99 -99 1.29299634969923 -99
-99 -99 -99 -99 -99 -99 -99 -99 -99 -99
-99 -99 -99 -99 -99 -99 -99 -99 -99 -99
-99 -99 -99 -99 -99 -0.176274065013238 -99 -99 2.05786302325336 -99
-99 -99 -99 -99 -99 -99 -99 -0.263610106002864 -99 -99
-99 -99 -99 -99 -99 -99 -99 -99 -99 -99
-99 -99 -99 -99 -99 -99 -99 -99 -99 -99
-99 -99 -99 -1.72293348078207 -99 -1.87599826989489 -99 -99 -99 -99
-99 -99 -99 -99 -99 -99 -99 -99 -99 -99
-99 -99 -99 -99 -99 -99 -99 -99 -99 -99
-99 -99 -99 -99 -99 1.14789625129171 -99 -99 0.866621784362382 3.21085291508597
1.42526230451698 -99 -99 -99 -99 -99 -99 -99 -99 -99
-99 -99 -99 -99 -99 -99 -99 -99 -99 -99
-99 -99 4.7523547749088 -99 -99 -99 -99 -99 -99 -99
-99 -99 -99 -99 -99 -99 -99 -99 -99 -99
-99 -99 -99 -99 -99 -99 -99 -99 -99 -99
-99 -99 0.25278957203963 -99 -99 -99 -0.690662302540682 -99 -99 -99
-99 -99 -99 1.5342397677629 -99 0.0816517623756773 -99 -99 -99 -99
-99 -99 -99 -99 -0.5587326015304 -99 -99 -99 -99 -99
-99 -99 -99 -99 -99 -99 -99 -99 -99 -99
-99 -99 -99 -99 0.466384157740819 0.364098899185773 1.31899282846422 -99 -99 -99
-99 -99 -99 -99 -99 -99 -99 -99 -99 -0.259889227886192
-99 -99 1.26320357400607 -99 -99 -99 -99 -99 -99 2.09536754178456
-99 -99 0.901233366127922 -99 -99 -99 -99 -99 -99 -99
-99 -99 -99 1.08402962027175 -99 -99 -99 -99 3.63855062071155 -99
-99 -99 -1.99551392147221 -2.65079900702662 -99 -99 -99 -99 -99 -99
-99 -99 -99 -99 -99 -99 -99 -99 -99 -99
-99 1.7463017352513 -99 -99 -99 -99 -99 -99 -99 -99
-99 -99 -99 0.819233674849194 -99 -99 -99 -99 -99 -99
-99 -99 -99 -99 -99 -99 -99 -99 -99 -99
-99 -99 -99 -99 -99 -99 -99 -99 -99 -99
-99 -99 1.06569526396405 -99 -99 -1.04182520626865 -99 -99 -99 -99
-99 -99 -99 -99 0.473922838523783 -99 -99 -99 -99 -99
-99 -99 -99 -99 -99 -0.321173778693107 0.638305376460184 -99 -99 -99
-99 -99 -99 0.382246095833053 -99 -99 1.99132287891954 -99 -99 -99
-99 -99 -99 -99 -99 -99 -99 -99 -99 -99
-99 -99 -99 -99 -99 -99 -99 -99 -99 -99
-99 -99 -99 -99 -99 -99 -99 -99 -99 -99
-99 2.04311293466321 0.0622382460647597 -99 -99 0.533421256901968 -99 -99 -99 -99
-99 -99 -99 -99 -99 -99 -99 -99 -99 -99
-99 -99 -99 -99 -99 -99 -99 -99 -99 -99
-0.647362505417845 -99 -99 -99 -99 2.50372945378505 -99 -99 -99 -99
-99 -99 -99 -99 -99 -99 -99 -99 -99 -99
-99 -99 -99 2.08147415150831 -99 -99 -99 -99 -99 -99
-99 -99 -99 -99 -99 -99 -99 -99 -99 -99
-99 -99 -99 -99 -99 -99 -1.80360992183852 -99 -99 -0.395769213088899
-99 1.23735835908713 -99 -99 -99 -99 1.91381763751042 -99 -99 0.778435488518006
-99 1.65464827574997 2.62271450052716 -99 -99 -99 -99 -99 -99 -99
-99 -99 -99 -99 -99 -99 -99 -99 -99 -99
-99 -99 -99 -99 -99 2.05289963710478 -99 -99 -99 1.56564095714792
-99 -99 -0.887702663062563 -99 -99 -99 -99 -99 -99 -99
-99 -99 -99 -99 0.695480674011361 -99 -99 -99 -99 -99
-99 -99 -99 -99 -99 -99 -99 -99 -99 -99
-99 -99 -99 -99 -99 -99 -99 -99 -99 -99
-99 -99 -99 -99 -99 -99 -99 -99 1.13463238546017 -99
-99 -99 -99 1.57656041596538 0.559157720400511 -99 -99 -99 -99 -99
-99 -99 -99 -99 -99 -99 -99 -99 -99 -99
-99 -99 -2.411996991473 1.21858278720946 -99 -99 -99 -99 -0.694936152103186 -99
-99 -99 -99 -99 -99 -99 -99 -99 -99 -99
-99 -99 2.95234407431339 -99 2.07747873812877 -99 -99 -99 -99 -99
-99 -99 -99 2.74635372403101 -99 -99 -99 -99 -99 -99
-99 0.911386203254415 -99 -99 -99 -99 -99 -99 -99 -99
-99 1.94629337634319 0.552887492787231 -99 -99 -99 -99 -99 -99 -99
-99 -99 -99 -99 -99 -99 -99 -99 -99 -99
2.51175100739573 -99 3.36943552839025 -99 -99 -99 -99 -99 -99 -99
-99 -99 -99 -99 -99 -99 -99 -99 -99 3.35990006802501
-99 -99 -99 -99 -99 -99 -99 -99 -99 -99
-99 -99 -99 -99 -99 -0.504017740459971 -99 -99 -99 -99
-99 -99 -99 -99 -99 -99 -99 -99 1.37898313437663 -99
-99 0.370424139434142 -99 -99 -99 -99 -99 -99 -99 -99
-99 -99 -99 -99 -99 -99 -99 -99 -99 -99
-99 -99 -99 -99 -99 -99 -99 -99 -99 -99
3.2982816057556 -99 -99 -99 -99 -99 -99 -99 2.88242887496816 -99
-99 -99 -99 -99 -99 -99 -99 -99 -99 -99
-99 -99 -99 -99 -99 -99 -99 -99 -99 2.89431835363679
-99 -99 -99 -99 -99 -99 0.516473247573395 -99 -99 -99
-99 -99 -99 -99 -99 -99 -99 -99 -99 -99
-99 -99 -99 -99 -99 -99 -99 -99 -99 -99
-99 -99 -99 -99 -99 -99 -99 -99 -99 -99
-99 0.119605808648325 -99 -99 -99 -99 -99 -99 -99 -99
-99 -99 -99 -99 -99 -1.38888021554526 -99 -99 -99 -99
-99 -99 -99 -99 -99 -99 -99 -99 -99 -99
-99 -99 -99 -99 -99 -99 -99 -99 -99 -99
-99 -99 -99 -99 -99 -99 0.999511920395064 -99 -99 -99
-99 -99 -99 -99 0.246073213699548 0.370820241706937 -99 -0.11983064625228 -99 -99
-99 -99 -99 -99 -1.25759493780732 -99 -0.978616755381952 -99 -99 -99
-99 -99 -99 -99 -99 -99 -99 -99 -99 -99
-99 -99 -99 -99 -99 -99 -99 -99 -99 -99
-99 -99 -99 -99 -99 -99 1.48116437202463 2.98538205396158 -99 0.404148928058264
-99 -99 -99 -99 -99 -99 -99 -99 -99 0.901287295918894
-99 -99 -99 -99 -99 2.21396739392266 -99 -99 -99 -99
-99 -99 1.52081924179446 -99 -99 -99 -99 -99 -99 -99
-99 -99 2.58356449927615 -99 -99 2.58102804827821 -99 -99 -99 -99
-99 -99 -99 -99 -99 3.16969562513828 1.56642329929665 -99 -99 -99
-99 1.50946126706646 -99 2.67527732744132 -99 3.36964987233335 -99 -99 -99 -99
-99 -99 -99 -99 -99 -99 -99 -99 -99 -99
-99 -99 -99 -99 -99 -99 -99 -99 -99 -99
-99 -99 -99 2.30886689087761 -99 -99 -99 -99 -99 -99
-99 -99 -99 -99 -99 -99 -99 -99 -99 -99
-99 -99 -99 -99 -99 -99 -99 -99 -99 -99
-99 -99 -99 -99 1.07504695469262 -99 0.230259966393955 -99 1.02271806105442 -99
-99 -99 5.58012529243961 0.999619283573078 -99 -99 1.69079124897998 -99 -99 -99
-99 -99 -99 -99 -99 -99 -99 -99 -99 -99
-99 -99 -99 -99 -99 -99 -99 -99 -99 -99
-99 -99 -99 -99 -99 -99 -99 -99 -99 -99
-99 -99 0.883886249343013 -0.490398305845436 -99 -0.473245624178528 -99 -99 -99 -0.732536939197973
-99 -99 -99 -99 -99 -99 -99 -99 -99 -99
-99 -99 -99 0.425292067750998 -99 1.6938150688637 0.0808482659443551 -99 -99 0.840098736353191
-99 -99 -99 -99 -99 -99 -99 -99 -99 -99
0.780062290434649 -99 -99 -99 -99 -99 -99 -99 -99 -99
-99 -0.892428155821868 -99 -99 -99 -99 -99 -99 -99 -99
-99 -99 -99 -99 -99 -99 -99 -99 -99 -99
-99 -99 -99 -99 -99 -99 -99 -99 -99 -99
-99 1.30508776621291 -99 -99 -99 -99 -99 -99 1.69897387542474 -99
-99 -99 -99 -99 -99 -0.669621461674299 -99 -99 -99 -99
-99 -99 -99 -99 -99 -99 -99 -0.316983865117646 -0.845771371302929 -99
-99 -99 -99 1.49818825656777 -99 -99 -99 -99 -99 -99
3.49483433856568 -99 -99 -99 -99 -99 2.92545851943692 -99 -99 -99
-99 -99 -99 -99 -99 -99 -99 -99 -99 -99
-99 -99 -99 -99 -99 -99 -99 -99 -99 -99
-99 -99 -99 -99 -99 -99 -99 4.22678390772203 -99 -99
-99 -99 -99 -99 -99 -99 -99 -99 -99 -99
-99 -99 -99 -99 -99 -99 -99 -99 -99 0.609794662538869
-99 -99 -99 -0.0887999040231473 -99 -99 -99 -99 2.34142222728472 -99
-99 -99 2.92136203169847 -99 -99 -99 -99 -99 -99 -99
-99 -99 -99 -99 -99 -99 0.38467533875982 -99 -99 -99
-99 -99 -99 -99 -99 -99 -99 -99 -99 -99
-99 -99 -99 -99 -99 -99 -99 -99 -99 -99
-99 -99 -99 -99 -99 -99 -99 -99 -99 -99
-99 -99 -99 -99 -99 -99 -99 -99 -99 -99
-99 -99 -99 -99 -99 -99 2.48268754569952 -99 -99 -99
-99 -99 -99 -99 -99 -99 -99 -99 -99 -99
-99 -99 -99 -99 -99 -99 -99 1.97340765510019 -99 -99
-0.322223407216886 -99 -99 -99 -99 -99 -99 -99 0.659454516406167 -99
-99 1.60783108768821 -99 -99 -99 -99 -99 -99 -99 -99
-99 -0.987248296243255 -99 -99 -99 -99 -99 -99 -99 -99
-99 -99 1.3661940362719 -99 -99 -99 -99 -99 -99 -99
-99 1.29080522258752 -99 -99 -99 0.145734948177277 -99 -99 -99 -99
-99 -99 -99 -99 -99 -99 0.674987466080767 -99 -99 -99
-99 -99 -99 -99 -99 -99 -99 -99 -99 -99
-99 -99 0.877643328811738 -99 -99 -99 3.40194033913199 -99 -99 -99
-99 -99 -99 -99 -99 -99 1.54620039374828 -99 -99 -99
-99 -99 -99 -99 -99 0.915677980910986 -99 -99 -99 -99
-99 -99 -99 -99 -99 -99 -99 -99 -99 -99
-99 -99 -99 -99 -99 -99 1.84905972911223 -99 0.740118934725171 -99
-99 -99 -99 -99 -99 5.76137483702778 -99 -99 3.57912723298416 -99
-99 -99 -99 -99 -99 -99 -99 2.08120230651189 -99 -99
-99 -99 -99 -99 -99 -99 -99 -99 -99 -99
-99 -99 -99 0.483645558406946 -99 -99 -99 -99 -99 -99
-99 -99 -99 -99 2.18385214551695 -99 -99 -99 -99 -99
-99 2.01512214556699 -99 -99 -99 -99 -99 -99 -99 -99
-99 -99 -99 -99 -99 -99 -99 -99 -99 -99
-99 -99 -99 -99 -99 -99 -99 -99 -99 -99
-99 -99 -99 -99 -99 -99 -99 -99 -99 -99
-99 -99 -99 -99 -99 -99 -99 -99 -99 -0.339937564344594
-99 -99 -99 -99 -99 0.6381097117264 -99 -99 -99 -99
-99 -99 -99 -99 -99 -99 -99 -99 -99 -99
-99 1.90490501405995 -99 -99 -99 -99 -99 -99 -99 -99
-99 -99 -99 -99 -99 -99 -99 -99 -99 -99
-99 -99 -99 -99 -99 -99 -99 -99 -99 1.70581499029807
-99 -99 -99 -99 -99 -99 -0.783049241807642 -99 -99 -99
-99 -99 -99 -99 -99 -99 -99 -99 -99 -99
-99 -99 0.400015217038168 0.398589852570819 -99 -99 -99 -99 -99 -99
-99 -99 -99 -99 -99 -99 1.96709093478628 -99 -99 -99
-99 1.60352395395031 -99 2.25355894398102 -99 -99 -99 -99 -99 -99
-99 -99 -99 -99 -99 -99 -99 -99 -99 -99
-99 -1.09725222272807 0.24469966838855 -99 -99 -99 -99 -99 -99 -99
-99 -99 -99 -99 -99 -99 2.60426873269561 -99 -99 -99
-99 -99 -99 -99 -99 -99 0.906519903356416 -99 -99 -99
-99 -99 -99 -99 -99 -99 -99 -99 -0.101528001980938 -99
-99 -99 -99 -1.5881013319024 -99 -99 -99 -99 -0.895948578580255 -99
2.77388234746604 -99 2.02070303880508 2.41379619185474 -99 2.91753836145278 4.27042955465867 -99 -99 2.64526804633884
-99 -99 -99 -99 -99 -99 -99 -99 -99 -99
-99 -99 -99 -99 -99 -99 -99 -99 -99 -99
-99 -99 -99 -99 -99 -99 -99 -99 -99 -99
-99 -0.0233918040088923 -99 -99 -99 -99 -99 2.08098203480606 -99 -99
-99 -99 0.904160302325217 -99 -99 -99 -99 -99 -99 -99
-0.972211762528905 -1.51374632953023 -99 -99 -99 -99 -99 -99 -99 -99
-99 -99 -99 -99 -99 -99 -99 -99 -99 -99
-99 -99 -99 -99 -99 -99 -99 -0.557390248918441 1.37215838692187 -99
-99 -99 -0.153168690672991 -1.43470295951705 -99 -99 -99 -99 -99 -99
-99 -99 -99 -99 -99 -99 -99 -99 -99 -99
-99 -99 -99 -99 -99 -99 -99 -99 -99 0.810390952529122
-99 -99 -99 -99 -99 -99 -99 -99 -99 -99
-99 -99 -99 -99 -99 -99 -99 1.35267113758538 -99 -99
0.684660143604556 -99 -99 -99 -99 -99 -99 -99 -99 -99
-99 -99 -99 -99 -99 -99 -99 -99 -99 -99
-99 -0.841198238735003 -99 -99 -99 -99 -99 -99 -99 -99
-99 -99 -99 -99 -99 4.14467790175177 -99 -99 -99 -99
-99 -99 -99 0.816603493993476 -99 0.213198039299488 -99 -99 -99 -99
-99 -99 -99 -99 -99 -99 -99 -99 -99 -99
-99 -99 -99 -99 -99 -99 -99 -99 -99 -99
-99 1.96705073663333 -99 -99 -99 -99 -99 -99 -99 1.304482459054
-99 -99 -99 0.749207869499477 -99 -99 -99 -99 1.21424800621857 -99
0.898297347961915 -99 -99 -99 -99 -99 -99 2.8303064452671 -99 -99
-99 -99 -99 -99 -99 -99 -99 -99 -99 -99
-99 -99 1.29518299663759 -99 -99 -99 -1.49774293743731 -99 -99 -99
-99 -99 -99 -99 -99 -99 -99 -99 0.716171577580102 -99
-99 -99 -99 -99 -99 -99 -99 -99 -99 -99
-99 -99 -99 -99 -99 -99 -99 -99 -99 -99
-99 -99 -99 -99 -99 -99 -99 -99 -99 -99
-99 -99 -99 -99 -99 -99 2.61396950398782 -99 -99 -99
-99 -99 -99 0.612113322075625 -99 -99 -99 -99 -99 -99
-99 -99 -99 -99 1.85867853709389 -0.323785055696856 -99 -99 -99 -99
-99 -99 -99 -99 -99 -99 -99 -99 -99 -99
-99 -99 -99 -99 -99 -99 3.89217291998152 -99 -99 -99
-99 -99 -99 -99 0.898542443596509 -99 -99 -99 -99 -99
-99 -99 -99 -99 1.23623649357953 -99 -99 -99 -99 -99
-99 -99 -99 -99 -99 -99 -99 -99 -99 -99
-99 -99 -99 -99 -99 -99 -99 -99 -99 -99
-99 -99 -99 -99 0.825768858464498 -99 -99 -99 -99 -99
-99 -99 -99 -99 -99 -99 -1.58535371472454 -99 -99 -99
-99 -99 -99 -99 -99 -99 -99 -99 -99 -99
-99 0.32592815308864 -99 -99 -99 -99 -99 -99 -99 -99
-99 -99 -99 -0.983811901089016 -99 -99 -99 -99 -99 -99
-99 -99 3.35480336753542 -99 -99 -99 2.96776814608114 -99 -99 -99
-99 -99 -99 -99 -99 -99 -99 -99 -99 -99
-99 -99 -99 -99 1.72432636210381 -99 -99 -99 -99 -99
1.42230724875032 -99 -99 0.877445513096317 -99 -99 -99 -99 -99 -99
-0.302874093896336 -99 -99 -99 -99 0.422189550009376 -99 -99 -99 -99
-99 -99 -99 -99 -99 -99 -99 -99 0.263802541977795 -99
-99 -99 -99 -99 -99 -99 -99 -99 -99 -99
0.166554483761511 -99 -99 -99 -99 -0.891902683484542 0.19295256840677 -99 -99 -99
-99 -99 -99 -99 -99 -99 -99 -99 -99 -99
-99 -99 -99 -99 -99 1.88390270607637 -99 -99 -99 -99
-99 -99 -99 -99 -99 -99 -99 -99 -0.218789999107283 0.596163123590487
-99 -99 -99 -99 -99 2.176848368907 -99 1.25551207848442 1.78133626663115 -99
-99 -99 -99 -0.169379705917801 -99 -99 -99 -99 -99 -99
-99 -99 -99 -99 -99 -99 -99 -99 -99 -99
2.50112900963932 -99 -99 -99 -99 -99 -99 -99 -99 -99
-99 -0.712663272730205 -99 0.732363528828327 0.27004953761491 -99 -99 -0.346472463672047 -99 -99
-2.57643780067442 -99 -99 -99 -99 -99 -99 -99 -99 -99
-99 -99 0.156642942459132 -99 -99 -99 -99 0.336675615677658 -99 -99
2.56345356207384 -99 -99 -99 -99 -99 -99 -99 -99 -99
-99 -99 -99 -99 -99 -99 3.28449387772873 -99 -99 -99
-0.00449879200226855 -99 -99 -99 -99 -99 -99 -99 -99 -99
-99 -99 -99 -99 -99 -99 -99 -99 -99 -99
-99 -99 -99 -99 -99 -99 -99 -99 -99 -99
-99 -99 -99 -99 -99 -99 -99 4.37897515507942 -99 -99
-99 -99 -99 -99 -99 -99 -99 -99 3.13296412026726 -99
-99 -99 -99 -99 -99 -99 -99 -99 -99 0.38316355555758
-99 -99 -99 -99 -99 -99 -99 -99 -99 1.02542467973598
-99 -99 1.45834417832562 -99 -99 -99 -99 -99 -99 -99
-99 -99 -99 -99 -99 -99 3.02141816170668 -99 -99 -99
-99 -99 -99 3.22020527929656 -99 -99 -99 -99 -99 -99
-99 -99 -99 -99 -99 -99 -99 -1.51511239743642 -99 -99
1.40478159791746 -99 -99 -99 -99 -99 -99 -99 -99 -99
-99 -99 -99 -99 -99 -99 -99 -99 -99 -99
-99 -99 -99 -99 -99 -99 -99 -0.627736689335301 -99 -0.696161568340853
-99 -99 -99 -99 0.907629303679891 -99 -99 -99 -99 -99
-99 -99 -99 -99 -99 -99 0.972167524690057 -99 -99 -99
0.480656549754613 -99 -99 -99 0.947213476618899 -99 -99 -99 -99 -99
0.0948858928501302 -99 -99 -99 -99 -99 -99 -99 -99 -99
-99 -99 0.121966906101035 -99 1.09793621249444 -99 -99 -99 -99 -99
-99 -99 -99 -99 -99 -99 -99 3.11085121417009 2.79936098995057 -99
-99 -1.08256650020746 -99 -99 -99 -99 -99 -99 -99 -2.07427661948193
-99 -99 -99 -99 -1.45647001004607 -99 -99 -99 -99 -99
-99 -99 -99 -99 -99 -99 -99 -99 -99 -99
-99 -99 -99 0.763658364561024 -99 -99 -99 -99 -99 -99
-99 -99 1.88033209874491 1.70128550203763 -99 -99 -99 -99 -99 -99
-99 -99 -99 -99 -99 -99 -99 -99 -99 -99
-99 -99 -99 -99 -99 -99 -99 -99 -99 -99
-99 -99 -99 1.56806820937055 -99 2.67306111958133 -99 -99 -99 -99
-99 -99 -99 -99 -99 -99 -99 2.45757083087935 -99 -99
-99 1.13171346352371 -99 -99 2.71244173565641 -99 2.4726734683411 -99 -99 -99
-99 1.32714453962354 -99 -99 -99 -99 0.178044282452807 -99 -0.779781954533174 -99
-99 -99 -99 -99 -99 -99 -99 -99 -0.0673280087342392 -99
-99 -99 -99 -99 -99 -99 -99 -99 -99 -99
-99 -99 -99 -0.301936773155475 -99 -99 -99 0.48353793587231 -99 -99
-99 -99 3.38483491991375 -99 -99 -99 -99 -99 -99 -99
1.38779721928972 1.2509596994185 -99 -99 -99 -99 -99 -99 -99 -99
0.0403235632936239 -99 0.746124825596902 -99 -99 -99 -99 -99 -99 -99
-99 -99 -99 -99 -99 -99 -99 -99 -99 -99
-99 -99 -99 -99 -99 -99 -0.348317291864596 -99 -99 -99
-99 -99 -99 -99 -99 -99 -99 -99 -99 -99
-99 -99 -99 -99 -99 -99 -99 -99 -99 -99
-99 -99 -99 -99 -99 -99 -99 -99 -99 -99
-99 -99 -99 -99 0.452094530845301 -99 -99 -99 -99 -99
0.228858918075636 -99 -99 -99 -99 -99 -99 -99 -99 -99
2.33766574460159 -99 -99 -99 1.1420804599064 -99 1.76042236773022 -99 2.1644176130573 -99
-99 -99 -99 2.44056341709265 -99 -99 -99 -99 -1.55291067359763 -99
-99 -99 -99 -99 -99 -99 -99 -99 -99 -99
-99 -99 -99 -99 -99 -99 -99 -99 -99 -99
-99 2.82962154996797 -99 -99 -99 -99 -99 -99 1.62644668098592 -99
-99 -99 -99 -99 -99 -99 -99 -99 -99 -99
-99 -99 -99 -99 -99 -99 -99 -99 -99 -99
-99 -99 -99 -99 -99 -99 -99 0.579933098350266 -99 -99
-99 -99 -99 -99 -99 2.80542277434863 -99 -99 -99 -99
-99 -99 -99 0.835488328255185 -1.52587280153894 -99 -99 -99 -99 -99
-99 -99 -99 -99 -1.49337297813652 -99 -99 -1.44464007007011 -99 -99
-99 -99 -99 -99 -99 -99 -99 -99 -99 3.2003823561835
-99 -99 -99 -1.03217635630435 -99 -99 -99 -99 -99 0.964476365136116
-99 2.68713800162392 -99 -99 -99 -99 -99 -99 -99 -99
2.67367415578862 -99 2.38774168090727 1.46218543657413 -99 -99 -99 -99 -99 -99
-99 3.78252003901826 -99 -99 -99 -99 -99 -99 -99 -99
-99 -99 -99 -99 -99 -99 -99 -99 -99 -99
-99 -99 -99 -0.429562917384103 -99 -99 -99 -99 -99 -99
2.26163370309009 -99 -99 -99 -99 -99 -99 -0.460427295693135 -99 -99
-99 -99 -99 -99 -99 -99 -99 -99 -99 -99
-99 -99 -99 -99 -99 -99 -99 -99 -99 -99
-99 -99 -99 -99 -99 2.83377755212378 -99 -99 -99 -99
-99 -99 -99 -99 -99 -99 -99 1.35651770590689 -99 -99
-99 -99 -99 -99 -99 -99 -99 -99 -99 -99
-99 -99 -99 -99 -99 -99 -99 -99 1.90461136157686 -99
-99 -99 -99 -99 -99 -1.05520597029098 -99 -99 -99 -99
-99 -99 1.34147247299581 -99 -99 2.37292043374853 -99 -99 -99 -99
-99 -99 -99 -99 0.205315726848423 -99 -99 -99 -99 -99
-99 -99 -99 -99 -99 -99 -99 -99 -99 -99
0.116278074537472 -99 -99 -99 -99 -99 -99 1.34543401343719 -99 -99
-99 -99 -99 -99 -99 -99 -99 -1.38771056386045 -99 -99
-99 -99 -99 -99 -99 -99 -99 -99 -99 -99
2.37137183650786 -99 -99 -99 -99 -99 2.2008141750885 -99 -99 -99
-99 -99 -99 2.00629028761546 -99 -99 -99 -99 -99 -99
-99 -99 -99 -99 -99 -99 -99 -99 -99 -99
-99 -99 -99 -99 -99 -99 -99 -99 -99 -99
-99 -99 -99 -99 0.521554522232425 -99 -99 -99 -99 -99
-0.69117618167746 -99 -99 -99 -99 -99 -99 -99 -99 -99
-99 -99 -99 1.07710797669732 -99 -99 -99 -99 -99 -99
-99 1.91686398544323 -99 -99 -99 -99 -99 -99 -99 -99
-99 -99 -1.464013624334 -99 -0.278107838845721 -99 -99 -99 -99 -99
-99 -99 -99 -99 -99 -99 -99 -99 -99 -99
-0.473631170802568 -99 -99 -99 -99 0.24724397789219 -99 -99 -99 -99
-99 -99 -99 -99 -99 -99 -99 -99 -99 -99
-99 -99 -99 -99 1.12244639941378 -99 -99 -99 -99 -99
-99 -99 -99 2.73426260747221 -99 -99 -99 0.612602865860946 -99 -99
-99 -99 -99 -99 -0.416292372051065 -99 -99 -99 -99 -99
-99 1.11489547549723 -99 -99 -99 -99 -0.48294990564319 -99 1.07599254987874 -99
0.905965237266661 -99 -99 0.677159688888478 -99 -99 -99 -99 -99 0.970294445436585
-99 0.802889113253121 -99 -99 -99 -99 -99 -99 -99 -99
-99 -99 -99 -99 0.231516677934882 -99 -99 -99 -99 -99
-99 -99 -99 -99 -99 -99 -99 -99 1.23555781916806 -99
-0.113938305371019 -99 -99 -99 -99 -99 -99 -99 -99 -99
-99 -99 -99 -99 -99 -99 -99 -99 -0.382425603266547 -99
-99 -99 -99 -99 -99 -99 -99 -99 0.870809865747745 -99
-99 1.8446102857172 0.646940168521539 -99 -99 0.155839156615376 -99 -99 -99 -99
-99 -99 -99 0.964543788861191 -99 -99 -99 -99 -99 -99
-99 -99 -99 -99 -99 -99 -99 -99 -99 -0.374765041082691
-99 -99 -99 -99 -99 -99 -99 -99 -99 -99
-99 -99 -99 -99 2.20945585562573 -99 -99 -99 -99 -99
-99 -99 -99 -99 -99 -99 -99 -1.00189818628852 -99 -99
-99 -99 -99 -99 -99 -99 -99 -99 -99 -99
-99 -99 -99 -99 -99 -99 -99 -99 -99 -99
-99 2.0642032339591 -99 -99 -99 -99 -99 -99 -99 0.621966015707737
-99 -99 -99 -99 -99 -99 -99 -99 -99 -99
-99 -99 0.714067069225518 -99 -99 -99 -99 -99 -99 -99
-99 -99 -99 -99 -99 -99 -99 -99 -99 -99
-99 -99 -99 -99 -99 1.43101587554811 -99 -99 -99 -99
2.20907852732901 -99 -99 -99 -99 2.15481755466737 -99 -99 -99 -99
-99 -99 -99 0.475697409250159 -99 -99 -99 -99 0.305166633442851 1.59535500601208
-99 -99 -99 -99 -99 -99 -99 -99 -99 -99
-99 -99 -99 1.61462233564256 -99 -99 -99 0.266984197418261 -99 -99
-99 1.1299775328279 -99 3.07918773857722 -99 -99 -99 -99 -99 -99
-99 -99 -99 -99 -99 -99 -99 -99 -99 -99
-99 -99 -99 1.29053999213655 -99 -99 -99 -99 -99 -99
-99 -99 -99 -99 -99 -99 -99 -99 -99 -99
-99 -99 -99 -99 -99 -99 -99 2.42867371541772 -99 -99
-99 -99 2.40104807405525 -99 -99 -99 -99 -99 -99 -99
-99 -99 -99 -99 -99 -99 -99 -99 -99 -99
-99 -99 -99 -99 -99 -99 4.25879345594313 -99 -99 -99
-99 -99 -99 -99 -99 -99 -99 -99 -99 -99
-99 -99 -99 -99 -99 -99 -99 -99 -99 -99
-99 -99 -99 -99 -99 -99 -99 -99 -99 -99
-99 -99 -99 -99 -99 -99 -99 2.26964055204927 -99 -99
-99 -99 -0.478465110803949 -99 -99 -99 -99 -99 -1.23454733428358 -99
-99 -99 -99 -99 -99 -99 -99 -99 1.9091278632859 -99
0.458803002333705 -99 -99 -0.40969506623399 -99 -99 -99 -99 -99 -99
-99 -99 -99 -99 -99 -99 -99 -99 -99 -99
-99 -99 -99 1.30961129387898 2.63654899641016 -99 -99 -99 -99 2.28456595547867
-99 -99 -99 -99 -99 -99 0.542758906519518 -99 -99 -99
-99 1.27402382991092 -99 -99 -99 -99 -99 -99 -99 -99
-99 -99 -99 -99 -99 -99 -99 -99 -99 -99
-99 -99 -99 -99 -99 -99 -99 -99 -99 -99
-99 -99 -99 -99 -99 -99 -99 -99 -99 -99
-99 -99 -99 3.28144342351699 -99 -99 -99 -99 -99 -99
-99 -99 -99 -0.928660035795938 -99 -99 -99 -99 -99 -99
-99 -99 -99 -99 -99 -99 -99 -99 -99 -99
-99 -99 -99 -99 -99 -99 -99 -99 -99 -99
-99 0.712190879599408 -99 -99 -99 -99 -99 -99 -99 -99
-99 -99 -99 -99 -99 -99 -99 -99 -99 -99
-99 -99 -99 -99 -99 -99 -99 -99 -99 -99
-99 -99 -99 -99 -99 -99 -99 -99 -2.37869771032575 -99
2.08442533306673 -99 -99 -99 -99 -99 -99 0.844094631497128 -99 -99
-99 -99 1.96141689058568 -99 -99 -99 -99 -99 -99 -99
-99 -99 -99 -99 -99 -99 1.41463738102844 -99 -99 -99
-99 -99 -99 -99 0.721645783485992 -99 -99 -99 -99 -99
-99 -99 -99 -99 -99 -99 -99 -99 -99 -99
-99 -1.54375165841353 -1.85386992378121 -99 -99 -99 -99 -99 -99 -99
-99 0.339799977682371 -99 -99 -99 -99 -99 -99 -99 -99
-99 -99 -99 -99 -99 -99 -99 -99 -99 -99
-99 -99 -99 -99 -99 -99 -99 1.78286511061701 -99 -99
-99 -99 0.714147663922783 -99 -99 -99 1.31281001796373 -99 -99 -99
-99 -99 -99 -99 -99 -99 -99 -99 -99 -99
-99 -0.205967624318423 -99 -99 -99 -99 -99 -0.238476225130072 -99 -99
-99 -99 -99 4.36913120418303 2.13532465231864 -99 -99 -99 -99 -99
-99 -0.0775886379062749 1.18908357367002 -99 -99 -99 -99 -99 -99 -99
-99 -99 -99 -99 -99 -99 -99 -99 -99 -0.0242693828016105
-99 -99 -99 -99 -99 -99 -99 -99 -99 -99
-99 -99 -99 -1.49664578816529 -99 -99 -99 -99 -99 -99
-99 -99 -99 -99 -99 -99 -99 -99 -99 1.06498727675635
-99 -99 -99 -99 -99 -99 -99 -99 -99 -99
-99 0.945486271789386 0.488185198758764 -99 -99 -99 -99 -99 -99 -99
1.62872008795831 -99 -99 -99 -99 -99 -99 -99 -99 -99
-99 -99 -99 1.49610549625573 -99 0.476800275293835 -99 -99 -99 1.65675054244509
-99 -99 -99 -99 -99 -99 -99 0.18427031636315 -99 -99
-99 -99 -99 -99 -99 -99 -99 -99 -99 -99
-99 -99 -99 -99 -99 -99 -99 0.546908070874182 -99 -99
-99 -99 -99 -99 -99 -99 -99 -99 -99 -99
-99 -99 1.77165715590206 -99 -99 1.36436468501294 -99 -0.795451779742023 -99 -99
-99 -99 -99 -99 -99 -99 -99 -99 -99 -99
-99 -99 -99 -99 2.88021284342432 -99 -99 -99 -99 -99
-99 -99 -99 2.66194270215409 -99 -99 0.917565240329623 2.58484781093569 -99 -99
-99 -99 -99 -99 4.12823078675366 -99 -99 3.64909291079911 2.79450768007347 -99
-99 -99 -99 2.78893693816791 -99 -99 -99 -99 -99 -99
-99 -99 -99 -99 -99 -99 -99 -99 1.14600403367318 -99
-0.858731941620219 -99 -99 -99 -99 -0.27959000813444 -99 -99 -99 -99
-99 -99 1.65043950987808 -99 -99 -99 1.62985704164106 -99 -99 1.58833635878023
-99 1.78812288284549 -99 -99 -99 -99 -99 -99 1.74163490556331 -99
-99 -99 -99 -99 -99 -99 -99 -99 3.99899736826537 -99
-99 -99 -99 3.28224010577756 -99 -99 -99 -99 -99 -99
-99 -0.860504727763875 -99 -99 -99 -99 -99 -99 -99 -99
-99 -99 -0.865072687532565 -99 -99 -99 -99 -99 -99 -99
-99 1.24012454340542 -99 -99 -99 1.82364265657416 -99 -99 -0.798879176167342 -99
-99 -99 -99 -99 -99 -99 -99 -0.133910947779665 -99 -99
-99 -99 0.197960408789482 -0.683384038056521 -99 -99 -99 -99 -99 -99
-99 -99 -99 -99 -99 -99 -99 -99 -99 -99
-99 -99 -99 -99 -99 -99 -99 -99 -99 -99
-99 -99 -99 -99 -99 -99 -99 2.34641881104047 -99 -99
-99 -99 -99 -99 -99 -99 -99 -99 -99 1.61715951064356
-99 -99 -99 -99 -99 -99 -99 -99 -99 -99
-99 -99 -99 -99 -99 -99 -99 -99 0.800703792873357 0.183485367622007
1.98912064700905 -99 -99 -99 -99 -99 -99 -99 -99 -99
-99 -99 -99 -99 -99 -99 -99 -99 -99 2.02446057411751
-99 -99 -99 -99 -99 -99 -99 -99 -99 -99
-99 -99 -99 -99 -99 -99 -99 -99 -99 -99
-99 -99 1.87491849443713 -99 -99 -99 -99 -99 -99 -99
-99 -99 1.17922292441811 -99 -99 -99 -99 -99 -99 -99
-99 -99 -99 -99 -99 2.7073625022263 -99 -99 -99 -99
-99 -2.31416424567571 -99 -99 -99 -99 -99 -99 -99 -0.882337478185583
-99 -99 -99 -99 -99 -99 -99 1.39774982343933 -99 -99
-99 -99 -99 -99 -99 -99 -99 1.34600321861316 -99 0.3051309268426
-99 -99 -99 -99 -99 -99 2.86463528199819 -99 -99 -99
-99 -99 -99 -99 -99 -99 -99 -99 -99 -99
-99 -99 -99 -99 -99 -99 -99 -99 -99 0.565903097047432
-99 -99 -99 -99 -99 -99 -99 -99 -99 -99
-99 -99 -99 -99 -99 -99 -99 -99 -99 -99
-99 -99 -99 -99 -99 -99 1.3813616830129 -99 -99 -99
-99 -99 -99 -99 -99 2.46450382410445 -99 -99 -99 -99
-99 -99 -99 -99 -99 -2.48073767496036 -99 -99 -99 -99
-99 -99 0.56460323698013 1.80979785311867 -99 0.788491337946849 -99 -99 -99 -99
-99 -99 -99 -99 -99 -99 -99 -99 -99 2.45404438643456
-99 -99 -99 -99 -99 -99 -99 -99 -99 -99
-99 -99 2.42286885736346 -99 -99 -99 -99 -99 -99 -99
-99 -99 -99 -99 -99 3.56726066424683 1.04961894806515 0.976227259180028 -99 3.03946774164614
-99 -99 -99 -99 -99 -99 -99 1.53041938377742 -99 -99
-99 -99 -99 -99 -99 -99 -99 -99 -99 -99
-99 -99 -99 -0.228826002172193 1.28274510518988 -99 -99 -99 0.221104210379462 -99
-99 -99 -99 -99 1.34304125443437 -99 -99 -99 1.577021382545 -99
-99 -99 -99 3.01645835818776 -99 -99 -99 2.58168406382392 -99 -99
-99 -99 -99 -99 -99 -99 -99 -99 -99 -99
-99 -99 -99 -99 -99 -99 -99 -99 -99 -99
-99 -99 -99 -99 -99 -99 -99 -99 -99 -99
-99 -99 -99 -99 -99 -99 -99 -99 1.53789822435627 -99
-99 -99 -99 -99 -99 -99 -99 2.56418620429666 -99 -99
-99 -99 -99 -99 -99 -99 -99 -99 -99 -99
-99 -99 -99 -99 -99 -99 -99 -99 -0.547056899095304 -99
-99 -99 -99 -99 -99 -99 -99 -99 -99 -99
-99 -99 -99 1.08582839196344 -99 -99 -99 -99 -99 -99
-99 -99 -99 -99 0.82135842399109 -99 -99 -99 -0.107305391267867 -99
-99 -99 -99 -99 -99 -99 -99 -99 2.56354994049841 -99
0.989878136526585 -99 -99 -99 -99 -99 1.51283067466074 -99 -99 -99
-99 1.98736034616403 -99 -99 -99 -99 -99 -99 -99 -99
-99 -99 -99 0.835513702369468 -99 -99 -99 -99 -99 -99
-99 -99 -99 -99 -99 2.32016541367058 -99 -99 -99 -99
-99 -99 -99 -99 -99 -99 -99 -99 1.92282643838683 -99
-99 -99 -99 2.32429809545292 -99 -99 -99 -99 -99 -99
-99 -99 -99 -99 -99 -99 -99 -99 -99 -99
-99 -99 -0.386190982404397 -99 -99 -99 -99 -99 -99 -99
-99 -99 -0.432122293299438 -99 -99 -0.0626659365185067 -99 -99 -99 -99
-99 -99 -99 -99 -99 -99 -99 -99 -99 -99
-99 -99 -99 -99 -99 -99 -99 -99 -99 -99
-99 -99 -99 -99 -99 -99 -99 -99 -99 -99
-99 -99 1.11978710996055 -99 -99 -99 -99 -99 -99 -99
0.252901336949364 -99 -99 -99 -99 -99 -99 -99 -99 -99
-99 -99 -99 -99 -99 -99 -99 -99 -99 -99
1.48160325735238 -99 -99 -99 -99 -99 -99 -99 -99 -99
-99 -99 -99 -99 -99 -99 -99 -99 -99 -99
-99 -99 2.13751622839403 -99 -99 -99 -99 -99 -99 3.06298635554136
-99 -99 -99 -99 -99 -99 -99 0.867945519210231 -99 -99
0.722262794756619 -99 -99 -99 -99 -99 1.42853884128194 -99 2.64175067831882 -99
0.942052148647407 -99 -99 -99 -99 1.15628899059797 -99 2.39516857827896 -99 -99
-99 -99 -99 -99 -99 -99 -99 -99 -99 -99
-99 1.77296304513831 -99 -99 -99 -99 -99 -99 -99 -99
-99 -99 -99 -99 -99 -99 -99 -99 0.842796089082429 -99
-99 -99 -99 -99 -99 -99 -99 -99 2.92890158340404 -99
-99 -99 -99 -99 -99 -99 -99 -99 -99 -99
-99 -99 0.796808886508162 -99 -99 -99 -99 2.61858279349246 -99 -99
-99 -99 -99 -99 -99 -99 -99 -99 -99 -99
-99 -99 -99 0.372988083791191 -99 -99 -99 -99 -99 -99
-99 2.57069966321374 -99 -99 -99 -99 -99 -99 -99 -99
-99 -99 -99 -99 -99 -99 -99 -99 -99 -99
-99 -99 -99 -99 -99 -99 -99 -99 -99 2.23785999825526
-99 -99 -99 1.78473019597801 -99 -99 -99 -99 -99 -99
-99 1.13710368225221 -99 -99 -99 -99 -99 -99 -99 -99
-99 -99 -99 -99 3.19072366809895 -99 -99 -99 -99 -99
-99 -99 -99 -99 -99 -99 -99 -99 -99 -99
-99 -99 -99 -99 -99 -99 -99 -99 -99 -99
-99 -99 -99 -99 -99 2.76366423144961 -99 -99 -99 -99
-99 -99 -99 -99 -99 -99 -99 -99 -0.0395668599175878 -99
-99 -99 -99 -99 1.25143849197582 -0.114400681674756 -99 -99 -99 -99
-99 -99 -99 -99 -99 -99 -99 -99 -99 -99
-99 -99 -99 -99 -99 -99 -99 -99 -99 -99
-99 -99 -99 -99 -99 -99 -99 -99 -99 -99
-99 -99 -99 -99 1.89555246490765 -99 -99 -99 -99 -99
-99 -99 -99 -99 -99 -99 -99 -99 -99 -99
-99 -99 -99 -99 -99 -99 -99 -99 -99 -99
-99 -99 -99 -99 -99 -99 -99 -99 -99 -99
-99 -99 -99 -99 -99 -99 -99 -99 0.494613803886277 -99
-99 -99 -99 0.512672376255328 -99 -99 -99 -99 1.84609083110864 -99
-99 2.26707545421774 -99 -99 -99 -99 1.16502074452527 -99 1.02976396588205 -99
-99 -99 1.77748123967393 -99 -99 -99 -99 -99 4.53892444093609 -99
-99 -99 -99 -99 1.87741094127664 -99 -99 -99 -99 -99
-99 -99 -99 -99 -99 -99 -99 -99 -99 -99
0.649617166772584 2.34438093973296 -99 -99 -99 -99 -99 -99 -99 -99
-99 3.35540172951039 -99 -99 -99 -99 -99 -99 -99 -99
1.84180761691666 -99 -99 -99 -99 -99 -99 -99 -99 -99
-99 -99 0.0966271388299353 -99 -99 -99 -99 -99 2.3191246306465 -99
-99 -99 -99 -99 -99 2.64360146226308 1.64529437289054 -99 -99 -99
-99 -99 1.99814985094148 -99 -99 -99 0.651756590872987 -99 -99 -99
-99 -99 -99 -99 -99 -99 -99 -99 -99 -99
-99 -99 -99 -99 -99 -99 -99 -99 -99 -99
-99 -99 -99 -99 -99 0.979149608570899 -99 -99 -99 -99
-99 -99 1.26981831087951 -99 -99 -99 0.292164169621541 -99 0.635565838562904 -99
-99 -99 -99 -99 -99 -99 -99 -99 -99 -99
-99 -99 -99 -99 -99 -99 -99 -99 -99 -99
-99 -99 -99 -99 -99 -99 -99 -99 -99 -99
-99 -99 -99 -99 -99 -99 -99 -99 -99 -99
-99 -99 -99 -99 -99 -99 -99 -99 -99 -99
-99 -99 -99 -99 -99 -1.29348475359658 -99 -99 -2.33867586523769 -99
-99 -99 -99 -99 -99 1.44674446537119 -99 -99 -99 -99
-99 -99 -99 -99 -99 -99 -99 0.313102874632063 -99 -99
-99 -0.378386245437675 -99 -99 -99 -99 -99 -99 -99 -99
-99 -99 -99 -99 -99 0.971871442832386 -99 -99 -99 -99
-99 -99 -99 -99 -99 -99 -99 -99 -99 -99
-99 -99 -99 -0.42478793782416 -99 -99 -99 -99 0.651362175556876 0.288176347608592
-0.545749613768065 -99 -99 -99 -99 -99 -99 -99 -1.69818974623994 -99
2.70226367068698 -99 -99 -99 -99 -99 3.46002847455909 -99 -99 -99
-99 -99 -99 -99 -99 2.7896093444164 -99 5.0961566643467 2.40144970145663 -99
-99 -99 -99 -99 0.894094819618995 -99 -99 -99 -99 -99
-99 -99 -99 -99 -99 -99 -99 -99 -99 -99
-99 -99 -99 -99 -99 -99 -99 -99 -99 -99
-99 -99 -99 -99 -99 -0.10640159283194 -0.224653153083358 -99 -99 -99
-99 -99 0.986031489110856 -99 -99 -99 -99 -99 -99 -99
-99 -99 -99 -99 -99 1.8892881830001 -99 -99 -99 -99
-99 -99 -99 1.99772334544232 -99 -99 -99 -99 -99 -99
-99 -0.203853382442279 -99 -99 -99 -99 -99 -99 0.407205047297737 -99
-99 -99 -99 -99 -1.59372180767588 -99 -99 -99 -99 -99
-99 -99 -99 -99 -99 -99 -99 -99 -99 -99
-99 -99 -99 0.922811059992898 -99 -99 -99 -99 -99 -99
-99 -99 -99 -99 -99 -99 -99 -99 -99 -99
-99 -99 -99 -99 -99 -99 -99 1.43639699753196 -99 -99
-99 -99 -99 -99 -99 -0.188641752083072 -99 -99 -99 -99
-99 -99 -99 -99 -99 -99 -99 -99 -99 -99
-99 -99 -99 -99 -2.08728968345701 -99 -99 -99 -99 -99
1.63256555856119 -99 -99 2.2819803071105 -99 -99 -99 -99 -99 -99
-99 -99 -99 -99 -99 -99 -99 -99 1.67440724939003 -99
-99 -99 -99 -99 -99 -99 -99 -99 -99 -99
-99 -99 -99 -99 -99 -99 2.67614143539789 -99 3.77969829422468 -99
