-99 -99 -99 1.57702893984951 -99 1.69921492034133 -99 -99 3.68204772731935 -99
0.257696707443233 -99 -99 1.65061265623021 -99 -99 -99 -99 -99 -99
0.509853660210223 -99 -99 -99 -99 -99 -99 -99 -99 3.13218243250326
-0.0626214907824381 -99 -99 -99 0.831674550558426 -99 -99 -99 -99 -99
-99 -99 -99 -99 2.38848542185575 -99 -99 3.49561276222772 -99 -99
2.49316425794083 -99 -99 -99 -99 -99 1.84804835136173 -99 -99 -99
-99 -99 -99 -99 -99 -99 -99 -99 5.36931936814904 -99
-99 -99 1.7990765979768 -99 -99 -99 3.8812104175193 2.38050341063768 -99 -99
-99 0.578249877796436 0.360729392772353 1.733474082087 -99 -99 -99 -99 -99 1.62421198928017
-99 -99 -0.460596172441676 1.84583906428958 -99 0.883024773717705 -99 -99 -99 0.351339722792303
-99 -99 -99 -99 -99 -99 -99 -99 -99 -99
-99 1.82085995805697 -0.0862540655904667 -99 0.583084319553633 -99 -99 -99 -99 0.843652995853327
-99 -0.194415208178094 -99 -99 -0.840652144722656 0.227943437231835 -99 0.797212034686888 0.812987739500962 0.413745616756552
-99 -99 -99 -99 -99 0.653582663749159 -99 -99 -99 -99
-99 0.0260184138240953 -99 -99 -99 -99 -99 -99 -99 0.206280520864641
-99 1.61522161542004 -99 -99 -99 4.0913650928327 -99 -99 -99 -99
-99 -99 -99 -0.0538867327594041 -99 -99 -99 -99 -0.232274868293826 -99
-99 -99 2.81908281610963 -99 -99 1.15471967470846 -99 -99 1.88264011717692 -99
-99 -99 -99 -99 -99 -99 4.08512265655012 -99 -99 -99
1.88451654865862 3.88512980424505 0.714331563132688 2.82415178753122 5.36284496520578 -99 -99 -99 2.7152867371098 -99
-99 -99 1.34150450031871 -99 0.357301446752072 -99 -99 -99 -99 -99
-99 -99 -99 -99 -99 1.76851992907934 -99 -0.0159064967114773 -99 -99
-99 -99 0.447730384549583 -99 1.63231624754516 -99 -99 -99 -99 -99
0.950995191710767 -99 2.08686949497102 1.08938166360483 -0.107395255230603 -99 0.00155889889481353 -99 -99 -99
-99 1.83906634353264 -99 -99 -99 -99 -99 1.05135795555154 -99 -99
-99 -99 1.16803971296921 3.3466600340471 -99 2.07520756318856 -99 -99 -99 2.36033675793144
-99 -99 -99 0.428806845739133 -99 -99 -1.67561895927617 -99 -99 -1.47084270641531
-99 -99 -99 -99 -99 -99 1.17415637976933 -99 -99 -99
-99 -99 -99 -0.640252604171136 -99 -99 -2.22553721365345 -0.811813404476811 -99 -0.744149763593044
-99 -99 -99 -0.780012943185156 -99 -99 -99 -99 -1.27027537618786 -0.317868189041203
-99 -99 -99 -99 -99 -99 -99 -0.190485488957887 -99 0.374903147381388
-99 -99 -99 -99 -99 -99 -99 -99 1.86947248469787 -99
-2.63103282037369 -99 -0.102351367854104 -99 -99 -99 -99 -99 0.431964049850722 -99
-99 -99 0.0386980301978005 -99 -99 -99 -99 0.402229621055194 -99 -99
3.24169130719527 -99 -99 1.45256371819254 -99 -99 -99 -99 -99 -99
-99 0.0351149804132842 0.14525003681836 -99 0.582701424478161 -99 -99 -0.251743935704043 -0.183657417208505 -99
-99 0.342648479462024 1.98838051867718 1.63357911582882 1.09030254468948 -99 -99 -99 1.44842990692978 -99
-99 -99 -99 -99 -99 -0.194306100755657 1.23008167576049 -0.0600511088805902 0.746765498155106 -99
-99 0.7941916502104 -99 -1.13839597648702 -99 -99 -99 -99 -1.52817448105469 -99
-99 -99 -99 -99 -99 -99 -99 -99 -99 -99
-99 -99 -1.11869234128635 -99 -99 -99 -99 -0.850094386461313 -99 -3.0695778418465
0.311524155867092 -99 -99 -99 -99 -99 3.13957399705042 -99 -99 -99
-0.3039240349373 -99 -99 -99 -99 -99 2.00491978203615 -99 1.00678978341033 -99
-0.335026441440942 1.05918114181697 -99 -99 -99 -99 -99 -99 -99 -0.700650272582701
-99 -99 -99 -99 -99 -99 2.44350498862734 -99 -99 -99
-99 0.952525164811313 -99 -99 -99 1.78133687380855 -99 -99 -99 -99
-99 -99 -99 -99 -99 3.43634343182055 -99 -99 -99 -99
-99 -99 -99 -99 -99 0.819687824429541 2.22416423781827 1.35094209946286 -99 2.97135507009674
-99 -99 -99 -99 -99 -99 -99 -99 -99 -0.688153887107006
-99 -99 0.195351739155509 -99 -99 -99 -99 0.806539993231117 -99 -99
-99 -99 1.3586328755312 -99 2.90568353997658 -99 2.23573328395792 -99 -99 -99
-99 -99 -99 -99 -99 -99 -99 -99 -99 -99
-99 -99 -99 -99 -99 -99 -99 -99 -99 -99
-99 -99 2.89576426873631 -99 -99 1.19205201817926 -99 -99 -99 -99
-99 0.0162308109888094 1.30119064918577 -99 -99 -0.400173101441045 -99 1.21437207627827 -99 1.22551267955166
-99 2.95641902274582 -99 1.47192069935054 -99 -99 -99 -99 -99 4.77378141807294
-99 -99 -99 -99 -99 -0.224341123576483 -99 -99 -99 1.26949085994579
-99 -99 -99 -99 -0.490066850902223 -99 -99 -99 -99 -99
-99 -99 -99 -99 0.417888182471992 -99 1.47608930388619 0.59873108648192 -99 -99
-99 -99 -99 -99 -99 -99 0.30090350865334 -99 -99 -99
-99 -99 -99 -99 1.34305669338029 1.62718871337707 -99 0.154419304954848 -0.0370852712972087 -99
-99 0.448949862696825 -99 -99 -99 -0.201548611764847 -99 -99 1.47087652967254 1.34357013194761
-99 -99 -99 -99 -99 1.69939540997676 -99 -99 0.313212777669368 2.82441684211474
-99 -99 3.29931885186823 -99 -99 -99 -99 2.29314513184312 -99 -99
-99 -99 1.24414009401838 -99 -99 -99 -99 -99 0.56721379935786 -1.29029445286322
-99 -0.226228944791108 -99 0.72042219459548 -99 -99 1.44086670201015 -99 -99 -99
-99 1.76791527079687 -99 -99 -99 1.52505046898663 -0.495356588601132 0.601157204780033 -99 1.921539933315
1.06957761573702 -0.0335959582273382 -99 1.36150109838892 -99 -99 -99 0.472030603163106 -99 -99
-99 -99 -99 1.82583695087379 0.724776799940819 -99 -99 1.01420041225537 -99 -99
-99 -99 -99 -99 1.94281505585836 -99 -99 -99 -99 -99
-99 -99 -99 -99 -99 -99 -99 -99 -99 -99
-99 -99 -99 3.84860581777361 -99 -99 -99 3.64976128869304 -99 -99
-99 -99 -99 -99 -99 -99 -99 -99 -99 -99
-99 -99 -99 -99 -99 1.26785171652821 -99 -99 -99 -99
-99 -99 -99 -99 0.674196566967922 -99 -99 -99 -99 -99
0.965948432262979 -99 -99 -99 -99 0.412751384255335 -0.391791366721196 -99 0.0474400877007923 -99
-99 -99 -99 -99 -99 -99 0.545624194048697 -99 -99 0.617703143475225
-99 -99 -99 -99 1.17851265469327 0.509496645333753 -99 -99 -99 2.21046556421818
-99 -99 -99 -99 0.862875355494527 2.8182387204896 0.993490719789075 1.02940970773521 -99 -99
-99 -99 -99 -99 -99 2.60820179689243 -99 -99 -99 -99
-99 -99 1.19482262020392 -99 0.023348683069105 2.38669724236454 -99 -99 -99 -99
-99 -99 -99 -99 -99 -99 -99 1.59032446582938 0.358659626578833 -99
1.93805411229132 2.98087638164325 1.72446073951176 -99 2.09656791893018 -99 -99 -99 -99 -99
-99 -99 -99 0.579829252784052 -2.99829255193862 -0.231127920749724 -99 -99 -99 0.456282782312712
-99 -99 -99 -99 -99 -99 -0.441528185508443 -99 -99 -99
-99 -99 0.948083225534353 -99 -99 -99 -99 -99 -99 0.302332925440088
-99 -99 -99 -99 -99 -99 -99 2.99743155293481 2.86366900403802 -99
-99 2.01295396835226 -99 -99 0.995930139430734 -99 -99 -99 -99 -99
-99 -99 0.403603305060066 1.89225445694213 2.86570394324013 1.09107272865315 -99 -99 -99 1.65483999625017
-0.274079033497462 -1.4110305624016 -99 0.0435624582006399 -99 -0.0866507128658891 -99 -99 -99 -99
-99 -99 -99 0.746983424057141 -99 -99 -99 -99 -99 -99
-99 -99 -99 0.821003528826542 -99 -99 -99 -99 -99 -99
-99 -99 -99 -99 -99 -99 -99 -99 -0.432506813006616 -99
-99 0.540663158520322 -0.560280627338664 -99 -99 -99 -99 -99 -99 -99
-99 -99 -99 -99 4.19509126681302 -99 -99 -99 -99 -99
-99 2.98563889639771 3.16419603313074 -99 -99 -99 -99 -99 -99 -99
3.14644213694976 2.23548331402727 -99 -99 -99 -99 -99 -99 -99 -99
0.511304941033886 -99 -99 -99 -99 -99 -99 1.95698969807823 -99 -99
1.41614934704673 1.77830328723484 -99 -99 0.738695575398212 -99 -99 -99 -99 -99
-0.649902970942707 0.624456631565099 -99 -99 -99 -99 -99 -99 -99 -99
-99 -99 -99 2.21492888193199 -99 -99 -99 1.81715408945039 -99 -99
-99 -0.544546378316562 -99 -99 0.307094021852381 -99 0.276575889608152 -99 -99 0.0589397005487602
-99 -99 -99 -99 -99 -99 -99 -99 -99 -99
1.54459568781135 -99 2.56122608168999 -99 1.79686183203718 -99 2.3725067284582 0.669854118027373 -99 -99
-99 -99 -99 -99 2.93551004048822 2.32499810367617 -99 -99 -99 -99
-99 -99 2.32429536061472 1.28966643596789 -99 -99 -99 -99 -99 -99
-99 -99 -99 -99 -99 -99 -99 -99 -99 -99
-99 -0.173811224390381 -99 -99 -99 0.810099216705768 -99 -99 0.520952172151303 -99
-99 2.75599584142727 2.98752764732134 -99 -99 2.45583911654331 -99 -99 -99 -99
-99 -99 -99 -99 -99 -99 -99 -99 2.40111033617302 -99
0.67746734449727 -0.452997411121818 -99 -99 -99 -99 -99 0.0523539662574315 -99 -99
-0.32894454782225 -99 -99 -99 -99 -99 -99 -99 -99 -99
-0.328736692140672 2.29031748928163 -99 1.95175108248832 -99 -99 -99 1.02304127285606 0.22102054133116 -99
-0.22065077690773 0.823502269731976 -99 -99 1.94417083740477 -99 -99 -99 -99 -0.5785990666051
-99 2.97393079096947 -99 -99 -99 2.45905668026642 -99 -99 -99 1.24009573603857
1.27347724209738 -0.383722600920057 -1.685250819156 -99 -99 -99 -99 1.41174381991916 -99 -1.34235434635161
-99 0.0241142755232284 -99 -99 -99 -99 -99 -99 1.19372992615339 -99
-99 -99 -99 -99 -99 -99 -99 -99 -99 -99
1.21181689546058 -99 -99 -99 -99 -99 -99 -99 -99 1.22745736899385
-99 -99 -99 -99 2.07290213344777 -99 -99 0.653687522000521 -99 -99
-99 -99 -99 -99 -99 -99 -99 -99 -99 -99
2.60791829740287 -99 2.31988283391748 -99 -99 -99 1.4853582201857 3.61877962019015 1.25403424775968 -99
0.269807342819995 -99 -0.351091297393092 -99 -0.688166416084357 1.26518898171373 -99 -99 -99 -99
-99 1.44081758408168 -99 -99 -0.38923055824005 -0.13659952308687 -99 1.04692508307019 -99 -99
0.679014936028407 -99 0.150458200361363 -99 -99 -0.486612569451011 -99 -99 -99 -99
-1.11096302121392 -99 -99 -99 -99 -99 -99 -99 -99 -99
2.94539199473039 -99 -99 1.92753516437069 -99 -99 2.9147645993097 -99 -99 2.68865034773217
0.820932182751341 -99 -99 -99 0.184446528694766 -0.834533247285595 -99 -99 0.128715377561019 -99
1.53279090192035 -99 4.5368243397558 -99 -99 -99 0.8743108462364 -99 0.16317407548829 -99
-99 -99 -99 -99 -99 -99 -99 1.45421429607276 -99 1.88701127696898
1.25488109250363 0.562269119740298 -99 -99 -99 -99 -99 -99 -99 -99
-99 -99 -99 -99 -99 -99 -99 -99 3.03334061508533 1.8222946888817
-99 -99 1.72594991130824 1.3883501470145 -99 0.75512385415755 -99 2.77122604239844 1.72279304847327 0.292351866207196
-99 -99 -99 1.89627045027553 -99 -99 -99 -99 -99 -99
0.229111864765157 -99 -99 -99 0.0878897963202876 1.04512993286958 -0.148513434384717 -99 -99 -99
2.81086368594651 -99 -0.111928959241278 -99 -99 -99 -99 -99 -99 -99
-99 -99 -99 -99 0.326754805269762 -99 -99 -99 -99 -99
1.6304379735622 -99 -99 -99 -99 -99 -99 -99 -99 2.71583162446745
-99 -99 -99 -99 -99 -99 -99 -99 -0.280717484849355 -99
-99 -99 2.65435307395087 -99 1.28814091813156 -99 -99 -99 -99 -99
-99 -0.32713110169003 -99 -99 -99 -99 -99 -99 -99 0.742177716769386
-99 -99 1.6107393564848 -99 1.61077187548882 0.152591794162152 -99 -99 -99 0.399555417914206
-99 -99 -99 -99 -99 -99 -99 -99 -99 0.294140491148526
-99 -99 -99 -99 -99 -99 -99 -99 -99 -99
-99 2.50686057958022 -99 -99 -99 -99 -99 -99 2.11239476431018 -99
-99 -99 1.31232117408076 -99 -99 1.04772304637071 -99 0.637132010334697 3.69235567788463 -99
-99 2.05102265708772 -99 -99 -99 -99 0.431136562720801 0.886765077811386 -99 -99
2.77677945781364 -99 -99 0.804642268308868 -99 -99 2.10234255339149 -99 -99 0.809711928727141
-1.27449996719494 -0.201667854991818 -99 -99 1.14574537971397 -1.85987186505729 -99 -99 -99 -99
-99 2.06588413408249 3.4180642799664 -99 -99 2.24558351912589 -99 -99 -99 -99
-99 2.29204635043962 1.37742579147642 -99 -99 2.50423395191123 0.0642544715959554 -99 -99 2.2364176607629
4.24845143855028 -99 4.30960034212865 -99 -99 -99 -99 4.09832684130932 -99 -99
-99 -99 -99 -99 -99 -99 -99 2.2438543676167 1.42824613997676 1.6380471209366
-99 -99 0.812595054322662 0.894713980369502 -99 -99 -99 -99 -99 -99
-99 -1.88088424536803 1.44990351796168 -99 -99 -99 -99 -99 -99 2.53530833774354
-99 -99 -99 -99 -99 0.787260867769065 -99 -99 -99 -99
-99 -99 -99 -99 -99 -99 0.0170802216998038 -99 0.236204155998539 0.434363857301879
-99 0.381964014852152 0.689439800768238 -0.571392489924732 -99 -99 2.65058210601504 1.47485426993409 -99 -99
-99 -99 -99 -99 -99 -99 -99 -99 0.238597839741373 -99
-99 -99 -99 -99 -99 -99 -99 -99 -1.93642723956257 -99
-99 -99 -99 -99 -99 -99 -99 -99 -99 -99
-99 -99 2.38819841814088 -99 2.42993360532479 -99 -99 -99 -99 2.33677685939816
-99 -99 -99 -99 -99 -99 -99 -99 -0.267115009022022 -99
-99 -99 -1.11639736146401 -99 1.19726699586729 1.00471411140714 -99 -99 -99 1.33795604227811
1.97131158089159 -99 -99 -99 -99 -99 -99 0.303120966961407 -99 2.02424854010582
-99 -99 -0.0576708118743885 -99 -99 -99 -99 -99 -0.0037129084239782 0.594694791794136
-99 -99 0.620083443983679 -99 -99 -99 0.737950541527009 -99 2.23079819754402 -99
-99 2.6206922180983 -99 1.15483270844032 3.82059224109217 -99 3.28895477650371 -99 3.77441580933779 -99
-99 -99 -99 -99 -99 -99 -99 -99 -99 -99
0.418971972306392 -99 -99 0.629102126347998 -99 -99 2.84519203280538 -99 -99 -99
-99 2.21580430961731 2.17533283556859 -99 -99 -99 -99 -99 -99 0.987705654447362
-99 -99 -99 -99 -99 -99 0.792244723000377 0.32140376192569 -99 -99
-99 -2.00527289828832 -99 -2.2872060932339 -99 -99 -99 -99 -99 -99
-99 -99 -99 -99 -99 -99 1.86502099407278 -99 1.303093787053 -99
-99 -99 -0.0175816385746237 -99 -99 2.36489999019655 -99 -99 -99 -99
0.568291460405 0.647554318675996 -99 -99 -99 -1.12586888936944 -99 -99 -99 1.23675356995688
-99 2.48757102337603 -99 -99 -99 -99 -99 -99 -99 1.99284424715158
-99 -99 -99 -99 -99 -99 -99 2.7864821684138 -99 -99
-99 -99 -99 -99 -99 -99 0.445945404795712 -99 1.46330007078246 -99
-99 0.199983693093359 1.39319265092262 -99 -99 -99 0.544114310385963 -99 0.529101256634667 0.916316951015814
-99 -99 -99 2.41124551832691 -99 -99 -99 -99 0.553763993541455 -99
-99 -99 -99 -99 -99 -99 -0.442667745339713 -99 -99 -1.32312510762011
-99 -99 -0.0580442533861369 -0.768364249057354 -99 -99 -99 -99 -99 -99
-99 -99 1.51744197069992 -99 -99 -99 -99 -99 -99 -99
1.69490572570767 -99 -99 -99 -99 -99 -99 -99 -99 -99
0.162607788432692 -99 -99 -99 1.04472437498066 -99 -99 -99 -99 -99
1.66572376311043 -99 -99 -99 -99 -99 -99 -99 0.113202860588226 -99
-99 -99 -1.47918577524096 -99 -99 -99 -0.707107433730633 -1.43545544233602 -99 -99
-99 -99 -99 -99 -99 2.08784974469965 2.79101704742833 3.67826958286762 -99 -99
-99 0.599566481158231 -99 -99 1.36196006435936 -99 -99 -99 -99 -99
-99 -99 -99 4.00666727968746 -99 -99 -99 -99 -99 -99
-99 -99 2.59471134401687 -99 -99 2.79671714180046 -99 -99 -99 2.98409391223792
-99 -99 2.54395473684059 1.85210282425181 -99 -99 -99 -99 -99 1.56630711424651
-99 -99 -99 -99 -99 -99 -99 -99 -99 -99
-99 0.915666460221105 0.672849728606006 -99 -99 -99 1.41698020301633 -99 -99 -99
-99 -99 -99 -99 -99 -99 1.74212635241625 -99 0.508588323592087 -99
-99 -99 -99 -99 -99 1.98466105873012 -99 -99 -99 -99
-99 -99 2.76459117562678 1.50850870336376 -99 -99 -99 -99 -99 -99
-99 -99 0.503960377120748 -99 -99 -99 2.0193455586372 3.38543987488469 -99 -99
-99 -99 -99 -0.203812833493772 -99 0.516056805711111 -99 -99 -99 -99
1.63227843206153 -99 -99 2.57920431511136 -99 -99 -99 -99 -99 0.634077554738267
2.55601331326011 0.759542094356262 -99 -99 3.11723209761541 -99 -99 -99 -99 -99
-99 0.45440476533318 -99 -0.44326663961517 -99 -99 -99 -99 -99 -99
-99 -99 2.17677792903798 -99 0.482588988959649 -99 -99 -99 -99 -99
0.192270814759137 1.37785839755779 -99 -99 -99 0.535633050298304 0.131252770135305 0.0790193261333846 -99 -99
1.94813452980967 1.32434524049204 -99 -99 -99 -99 -99 -99 -99 -99
-99 -99 -99 1.53365126458097 -99 -99 2.56957482182233 1.72658928201351 -99 -99
2.43160952391678 0.756241797622565 -99 -99 -99 -99 2.73383090904737 -99 -99 -99
-99 -99 -99 0.179697029994559 -99 -99 1.07142388642998 -99 -99 0.991564834009514
-99 -99 -99 -99 -99 -99 -99 -99 -99 -99
-99 -99 1.11052787149209 -99 -99 -99 -1.8396173915383 -99 -99 -99
-99 0.48865691399144 0.808701955335765 -99 -0.387301415093618 1.8801669940257 -1.193841321325 -99 -99 -99
-99 -99 -0.0623605311414419 -1.49596640761894 -99 -99 -99 -99 -99 -99
0.417614594284514 -99 -99 -99 -99 -99 -99 -99 -99 -99
-99 -99 -99 2.91965094461834 -99 -99 -99 4.09751078895535 3.94563433089402 -99
0.530030972368949 -99 -99 -99 1.46980709166709 -99 -99 -99 -99 1.85847933916504
-99 -99 1.7800730096034 -99 -99 -99 -99 -99 -99 0.6630151319152
-99 -99 -99 -99 -99 0.82426069916348 -99 -99 -99 -99
-99 1.21074619032884 -99 -99 -99 -99 -99 -99 -99 -0.769242438037805
-99 1.24094620333175 -0.404044605923592 -99 -99 -1.22086100740895 -99 1.07898245559185 -99 -99
-0.786936473552706 0.174527304048344 -99 -99 -0.00725953500738852 -99 -99 -99 -99 -99
-99 0.949078149021035 1.19527224192923 -99 -99 -99 -99 -99 -99 -99
-99 -99 -99 2.33646891396014 2.32203996765119 -99 -99 -99 -99 -99
-99 -99 1.814480310527 -99 -99 2.03503537748184 1.78526150227183 -99 -99 0.883759119060141
-99 -99 -99 -99 -99 -99 2.13824499103113 -99 1.24720634980306 -99
-99 -99 -99 2.60406874295419 -99 -99 -99 -99 -1.57378045492369 -99
-99 -99 -99 -99 -99 -99 -99 -99 -99 -99
-99 -99 -99 -99 -99 -99 0.492265536272491 -99 -99 -99
-99 -99 -99 -99 -99 -99 -1.21082504025728 -2.22361179353175 -99 -99
-99 -99 -99 -99 0.727127032791458 -99 -99 -99 -99 -99
-99 -99 -99 -99 -99 1.3443712584987 -99 -99 -99 -99
-99 -99 -99 -99 0.512225574495685 2.93506651722286 -99 -99 -99 -99
-99 -99 -0.581046321209434 0.0836904027450405 -99 -99 -99 0.021423129479236 -99 0.843403581417337
-99 -99 0.574664425182929 2.26715059311588 -99 -99 0.930470393999053 -99 -99 -99
-99 3.83168971358207 -99 -99 -99 -99 -99 -99 4.02124694492955 1.27953679319073
-99 -99 -99 -99 -99 2.24623738123737 -99 2.85870023711297 -99 -99
-99 -99 -99 0.478591349212017 -99 -99 -99 -99 -99 -0.986738632579919
-99 -99 -99 2.18397632144413 -99 -99 -99 -99 1.04020060480852 -99
-99 -99 -99 -99 -99 -99 -99 -99 -99 -99
-99 0.961037133480763 -99 -99 -99 -99 -99 -99 -99 -99
1.82907233849876 -99 -99 2.98741817417217 -99 -99 -99 -99 -99 -99
-99 -99 -99 -99 -99 -1.56371521818716 -99 -99 1.03517298029841 -99
-99 -99 -99 -1.05510779311152 -99 -99 0.871302866101093 -0.580026752983225 -99 -99
-99 -99 -99 -99 -99 -1.28778528915894 -0.653064432633247 -99 0.519057843967558 -99
-99 1.15358973522716 -99 -99 2.18046696593612 -99 -99 -99 -99 2.07483684846749
-99 -99 -99 -99 -99 -99 4.21376606733439 -99 -99 -99
0.89661612596812 -99 0.54603234734701 -99 0.376565260488013 -99 -99 2.03716993902282 -99 -0.587482942764166
-99 -99 0.406386256998494 -99 -99 -99 -99 -99 1.72088943902161 -99
-99 -99 -99 -99 1.62907102872337 -99 -99 -99 2.43421816820622 2.79021288520146
0.143664944993679 -99 1.15837618231051 -99 0.659375755551187 -99 -99 0.538791702153902 -99 -99
-99 2.0618103184279 -99 -99 -99 -99 0.757562770246096 -99 -99 -99
-99 -99 -99 -99 -99 -99 -99 -99 -99 -99
0.738452482766817 -99 -99 -99 -99 -99 -99 -99 0.268165144849902 -99
-99 -99 -99 -99 -99 -99 -99 -99 -99 2.37733270692151
2.72337231531568 -99 1.66002147523046 -99 -99 -99 1.93734334693304 -99 -99 -99
-99 -99 -99 -99 -99 -99 1.30591690159222 0.614604571328902 -99 0.850413747176644
-99 -99 0.624829213505592 3.19607721553875 -99 -99 -99 -99 -99 -99
-99 1.85960483040364 0.135757941312836 -99 -99 2.02495024104108 -99 -99 -99 -99
-99 -99 -99 -99 2.90632066840875 -99 -99 -99 -99 -0.00257090981824826
1.02362096008068 1.19211313243187 -99 -99 -99 -99 -99 -99 -99 0.110980705799605
-99 -99 1.77559784773244 2.8155515172085 3.61660070575867 -99 -99 -99 -99 -99
-99 -99 -99 2.86283314079229 -99 3.81111025433663 1.30281433769435 -99 -99 -99
-99 -99 -99 -99 -99 -99 -99 -99 -99 -99
-99 1.36779620484168 -99 -99 -99 -99 -99 0.753371829376245 0.0758561895582138 -99
-99 1.05238714967019 -99 -99 1.23252627134722 -99 -99 -99 -99 0.466866095576314
-99 0.739446350170638 -99 -99 -99 -99 0.150829779548231 -99 -99 -99
-99 -99 3.2137510092192 -0.783796432407939 -99 0.039791379433049 -99 -99 -99 -99
-99 -99 -1.437577199743 -99 -99 -99 -0.945120006324162 -99 -99 -99
0.37357259561049 -0.041849428058518 -99 -99 -99 -99 -99 -99 -99 -99
-99 -99 0.347388575912749 -99 -99 -99 -99 -99 -99 0.103215377452988
-99 1.70572975248747 -99 -99 -99 -99 -99 -99 -99 -99
-99 -99 -99 -99 -99 -99 0.83878577259337 -99 -99 -99
-99 -99 -99 -99 -99 -99 -99 -99 -99 -99
-99 -99 -2.05714569702147 -99 -1.36683813323172 -99 -99 -99 -0.0493411115196745 -99
-99 3.29545108395048 3.14774007656051 -99 4.11315837681607 -99 -99 -99 -99 -99
-99 -99 -99 -99 3.98803606737609 -99 -99 -99 2.26952369476351 1.98722065527977
-0.670683465001079 -1.02474808197412 -99 -99 -2.04144585212938 -99 -99 -99 -99 -99
0.861832253590137 -99 -99 1.00965708601916 -99 1.93373360917188 3.21216599362546 -99 -99 -99
-99 -99 2.02890046615011 -99 -99 -99 -99 -99 1.36847765815661 -99
-99 -99 -99 -99 -99 1.9526366883447 1.6420875886751 1.50199951218573 -99 1.66571028679884
0.573323848587937 -99 -99 -99 -99 -99 -99 -99 -99 -99
2.75888298959953 -99 -99 -99 -99 -99 -99 1.8931189292611 -99 -99
-99 -99 -0.0281154556565244 1.26840514256162 -99 1.82014264247482 -99 -0.730881427521563 -99 -99
-99 -99 -99 -0.725045852014875 -1.18238465826481 -0.655564060133127 -99 -0.814460771798526 -1.16632296686378 -99
-99 -99 -99 -99 -99 -99 -99 -99 -99 -99
1.9518105402933 2.90277365586336 -99 -99 1.82192437055208 -99 2.01866447054353 -99 -99 1.03417741899243
-99 -99 -99 -99 -99 -99 0.773969016478697 -99 -99 -99
-99 -99 -99 1.1339754805407 -99 -99 -99 -99 -99 -99
-99 -99 -99 -99 2.92653412651315 2.23764160693426 1.73576795867436 -99 -99 -99
-99 -99 -99 -99 -99 -99 -99 -99 -99 -99
0.404392572548358 -99 -99 0.155761849641015 2.08968993610475 -99 -99 -99 -99 -99
-99 -99 -99 -99 -99 -99 -99 -99 -99 -99
-99 -99 -99 -99 -99 -99 -99 -99 -99 -99
-99 -99 -99 -99 -99 -99 -99 -99 0.619743942955861 -99
-99 -99 -99 -99 -99 -99 -99 -99 1.93563813736454 3.94267883496555
-99 -99 1.72404213697307 -1.65991749935534 -99 -99 -99 2.14101754142503 1.14329630431125 -99
-99 -99 3.30075175833299 -99 -99 1.90138905100184 -99 -99 -99 -99
-99 -99 -99 0.471816894688857 -99 -99 -99 -99 -99 -99
-99 -99 -99 -99 1.57682231199349 -99 -99 -99 -99 -99
-99 -99 0.481921388852881 -99 -99 -99 -99 -99 -99 -99
1.85815194599403 3.11105028966753 0.523978825504134 -0.391612509088783 2.52065954341352 2.0411012955255 -99 2.15005482729882 -99 -99
0.767694934117231 -99 -0.158510679945682 -99 -99 0.118196764488947 -99 -99 -99 -99
-99 -2.50304065517038 -99 -2.70055854215688 -99 -99 -2.29600337022124 -99 -99 -99
-99 0.628482191265939 -99 -99 -99 -99 -99 0.806348581800357 -99 -99
-99 -99 1.69568132291142 -99 -99 -99 1.65023684355358 -99 -99 -99
-99 -0.718281851658198 -99 -0.244381368963475 -99 -99 -99 -0.3132442981253 -99 -99
-99 -1.7206404325808 -99 -99 -99 0.908807972104426 -0.368759751256351 1.78089519710426 -99 -99
-99 0.66376327010619 -99 -99 -1.48698990012693 -99 -2.17534366428384 -99 -99 -1.29922158766946
-99 -99 -99 -99 -99 -99 3.18827853111549 -99 0.00158070643083352 -99
-99 -99 -99 -99 -2.48052446771501 -99 -1.46134331787699 -2.14432428110783 -99 -99
-99 -99 1.69324586584957 -99 -0.469343879574994 -99 2.15947281152686 -99 -99 1.932278738258
-99 -99 -99 -0.558980636213336 -99 -99 -99 -99 -99 -99
-99 2.50051258582936 0.464878951222865 -99 -99 -0.156344379047324 -99 -99 -99 -99
-1.12890406276772 -99 -0.367793990351374 -99 -99 -99 -99 -99 -99 -99
-99 1.86570499826595 0.872249152877807 -99 0.923181128045564 2.83049305716504 -99 -99 -99 -99
-99 -99 -99 -99 -99 -99 -99 -99 -99 -99
-99 -0.31512319911118 -99 -99 -99 -99 -1.00740403405048 -99 -99 -99
-99 -99 -99 -99 1.85320565950502 1.76237075602181 -99 -99 -99 -99
-99 -99 -99 -99 -99 -99 -99 -99 -99 0.878822428572471
-99 -99 -99 -99 -1.11926243996299 1.87492802057687 0.321889092473369 -99 -99 -99
-99 -99 -99 -99 -99 -99 -99 0.0897720267222759 -99 -99
-99 -99 -99 -99 1.09551095753835 -99 0.664976657868859 -99 -99 -99
-99 -99 -0.868403037331702 -99 -99 -99 2.59910676768505 0.561894061535517 0.381629254027533 -0.469889344914414
-99 -99 -99 -99 -99 -99 -99 -99 -99 0.0349283709600294
-99 1.49087393708591 -99 -99 2.62075955100795 1.98378661069972 -99 -99 -99 -99
1.0552907673287 2.04677557898053 -99 2.99061845199471 -99 -99 -99 -99 -99 -99
-99 0.308486433275216 -99 -99 -99 -99 3.42905854679674 -99 -99 -99
2.68539403838501 -99 -99 -99 -99 -99 -99 -99 -99 1.6040951512719
-0.113085045391793 -99 -99 -99 0.659712501715702 -99 0.0239864463304024 -99 -99 -99
-99 -99 -99 -99 -99 -99 -99 0.462678789893462 1.33649327363509 -99
-99 -99 1.12430577905357 -99 -99 -99 -99 -99 -99 -99
0.0229781219533975 -99 -99 -99 -99 -99 0.773525718189428 -99 1.50268735455635 1.52150147892775
-99 1.34733991160838 -99 -99 -99 -99 -99 -99 -99 2.64373375612306
-99 -99 -99 -99 -99 -99 4.34828347461466 -99 -99 -99
1.80315991183569 -99 -99 -99 -99 2.54934877850876 -99 2.04687105091538 -99 -99
1.48269674909193 -99 -99 1.63138591052378 -99 -99 0.922964274190237 -99 -99 -99
-99 0.785566400543677 -99 -99 -99 -99 -99 1.60812606554257 -0.16854069156012 -99
-99 -99 -99 -1.81219886376911 -99 0.913479648274704 -99 -99 0.727098261527066 -99
-99 -99 1.76968100678795 -99 -99 3.14001276374508 2.17721760375809 -99 3.14393577160869 -99
-0.497912855690377 -99 -99 -99 -99 -99 -99 -99 -99 -99
-99 -99 -99 -99 -99 -99 -99 -99 0.934418934778588 -99
-99 3.78425183429752 -99 -99 2.34610486220657 -99 2.56509442840893 -99 2.20661318714164 -99
-99 -99 -99 0.464918019940469 0.452893415147415 -99 3.16253242234542 1.67683788867681 2.83046911382143 -99
-99 -99 0.825771220457898 -99 -99 -99 2.21656677547642 -99 -99 3.11191459523688
-0.573523399766418 -99 -1.35316213506082 -99 -99 -99 0.178823475498984 -99 -99 -1.32339238108915
-99 -99 -99 -99 -99 -99 -99 1.14868830711198 -99 -99
3.69421812171494 -99 1.8617389855489 -99 -99 -99 -99 1.18707909173254 -99 -99
-99 -99 0.791886758891955 -99 -99 -99 -99 -99 -99 -99
-99 -99 -99 -99 -99 -99 -99 1.86969975691189 -99 -99
-99 -99 -99 -99 2.03737217055683 1.81978629730201 -99 1.50210276559929 -99 -99
-99 -99 -99 -99 -99 -99 -99 -99 -99 1.41249459002633
-99 -99 -99 -99 -99 -99 -99 -99 -99 1.76297960150462
-99 -99 -99 -99 2.05660101801838 -99 1.64840747841532 1.22604131548287 -99 2.06284723318832
-0.518062648068979 -99 -99 -99 -0.935522209074704 -99 -99 -99 -0.500846918920907 -99
0.890527266443914 -99 1.1224421880627 0.863413225621835 -99 -99 -99 0.220582375531125 -99 0.293366208290764
-0.19971678107103 0.580974721496383 -99 -99 -1.3459874369516 -99 -99 -99 0.526091358403548 -99
3.26046531419713 0.156820401862715 -99 3.79206066232554 -99 1.76763175897968 -99 -99 1.28169614694115 -99
-99 0.759829113843312 -99 -0.0131597684314184 -99 0.582770561348819 -99 -99 2.84457778098463 -99
-99 -99 -99 -99 -99 -99 -99 -99 -99 1.6015760644809
2.98404427189606 -99 -99 -99 -99 -99 -99 -99 -99 -99
-1.31513634176362 -99 -99 -0.316095168550519 -99 -99 -99 -99 -99 -99
1.79243868728015 2.6955088076913 -99 2.52226927954221 -99 0.321554371786577 -99 -99 -99 -99
3.7317847656893 -99 -99 4.74217273587348 -99 -99 2.84286954410639 2.09045798972381 -99 -99
-99 -99 -99 -99 0.42146185883342 -99 -1.01125309650438 -99 -99 -0.927836340927141
-99 -99 -99 -99 -99 -99 -99 -99 -99 -99
-99 1.09564065147575 -99 -99 -99 -99 -99 -99 -99 2.74883802967381
-99 1.30781337183525 1.4665630030654 -99 -99 -0.889868304301062 -99 -99 -99 -99
2.75378377776269 1.71241468669749 -99 -99 -99 0.642640323100443 -99 -99 2.22495115292214 0.3366290750614
-99 -99 -99 -99 -99 -99 3.60925462917441 1.16779007692719 2.25767042176779 -99
-99 2.80314254339723 -99 -99 -99 -0.681204455476236 0.625191011383363 1.48179376039971 -99 0.469641549433487
-99 -99 -99 -99 -99 -99 3.75148256828299 3.5623484433924 -99 3.5470193871778
-99 -99 -99 -99 -99 -99 3.23182326289402 -99 -99 -99
-99 -99 -99 -99 -99 -99 -99 -99 -99 -99
-99 -1.66668350721101 -1.66511907634626 -99 -0.842152239462822 -1.88625384836635 -99 -99 -99 -99
-99 -99 -99 -99 -99 -2.55576538799763 -99 -99 0.477601385384232 -99
-99 -99 3.19233089589903 3.51776769981627 3.08974243997058 -99 3.4022036053329 -99 -99 -99
-99 -99 -99 -99 -99 -99 -99 -99 -99 0.650696638558259
-99 -99 0.191757636783307 -0.392404499025433 -99 -99 2.04991815591169 -99 -0.354869660232057 -99
-0.83374690229352 1.42739414371755 1.09555062573071 0.464311830439706 -99 -99 -99 -99 -99 -99
-99 -99 0.122182725824867 -99 -99 -99 -99 -99 -99 -99
-99 -99 -99 -99 2.18330493313946 -99 1.36009822527847 -99 -99 -99
2.80944910194888 -99 2.27275151656584 -99 1.42326283818996 -99 2.38997928899383 -99 -99 -99
-99 -99 -99 -99 -99 -99 -99 -99 -99 -99
-99 -99 -99 -99 -99 0.225829862423434 -99 -99 -99 -99
2.33620123862461 -99 1.46476290322053 1.64821698235888 -99 -99 3.15392583163146 -99 2.54343063530396 -99
-99 -0.00672570064068956 -99 -99 -99 -99 -99 1.20073966133919 -0.495445919795535 -99
-99 -99 1.17414671027314 -99 1.15019582423548 -0.531151923867706 -99 -99 1.30199300879148 -99
-99 -99 -99 2.42770363099425 -99 -99 -99 2.72370909057066 -99 -99
-99 2.46893848719322 -99 -99 -99 -99 -99 -99 2.88044409054933 -99
-99 -99 -1.52341595308368 1.17423999581777 0.719802516274819 -99 -99 -0.540350509909755 -99 -1.02185320379114
3.35718921114638 -99 1.3748723154867 -99 -99 0.994312220322144 2.59547592659988 -99 -99 -99
-99 -99 -99 0.753255481274057 -99 -99 2.34728090571351 -99 -99 -99
-99 -99 -99 -99 -1.94733907173528 -99 -0.285048375835384 -99 -99 -99
-99 -99 -99 -99 -99 -99 0.974567052209095 -99 -0.235498578032725 -99
-99 -99 -99 -99 0.978457945697483 1.72673626544736 -99 -99 -99 1.20004973778613
-99 -0.127274021118243 2.06896025240114 -99 -99 0.775308542274018 -99 -99 -99 -99
-99 -99 1.22762726999055 -99 -99 -99 -99 0.160155261462998 -99 -0.841875370190464
0.722048716539043 -99 -99 0.781588940769572 -99 -99 -99 -99 -99 -99
-99 -99 -99 -99 1.39832852005985 0.862187934385248 -0.340767594431044 -99 -99 -99
0.223247637636917 0.672731055621374 2.65368468577419 -99 -99 -99 -99 -99 -99 -99
0.115700739438475 -99 -99 -99 -99 -99 -99 -99 -99 -0.164263595660312
-99 -99 -99 -99 -99 -99 -99 -99 -99 2.66002547056457
-0.0175532741396656 -0.236684966869159 -0.284537496795387 -0.803267850849291 -99 -99 2.0073242624454 -99 -99 1.15101063661565
1.55573449715645 -99 -99 -99 -99 1.5577846359308 -99 2.7505507489466 -99 -99
-99 2.56801203170081 -99 1.92767672607195 -99 -99 0.934464099265921 -99 -99 -99
-99 -99 -99 -99 0.750486263418436 -99 -0.632856045109781 0.114307718657179 -99 -99
-99 0.825842791172821 -99 -99 -0.244684021905858 -99 -0.203373911153851 -99 -99 -99
-99 -0.165525509734445 -99 -99 0.084790905519271 -99 -99 -99 -99 -0.523913300603646
-99 0.366903749573539 0.645293941048882 -99 -99 -99 -99 1.69359190555554 0.965482631520716 -99
-99 -99 -99 -99 -99 -0.647108828198873 -99 -99 -99 -99
-99 -99 -99 -99 -99 -99 -99 -99 1.31742370164505 2.44041691009848
0.614912285167444 -99 -99 1.53315754918684 -99 1.19952082626832 1.35270047950227 1.38454796944175 -99 -99
1.46705040764891 -99 -99 1.13514032300426 1.79580388206107 1.82800658727744 -99 -99 2.05012965697092 -99
-99 -99 -99 -99 -99 -99 2.79231135777734 -99 1.64742799968778 3.75427642855797
-99 3.04994076386693 -99 -99 -99 -99 -99 -99 -99 -99
-99 -99 -99 1.14130381779515 -99 -99 -99 -99 0.905815239637012 1.40852996372395
-99 -99 -99 -99 -99 -99 -99 -99 -99 -99
-0.697091660551332 -99 -99 -0.430348100076075 -99 -2.58146449670701 -99 -99 -99 -99
-99 -99 -2.26305380676266 -99 -99 -99 -99 -99 -1.57963330543667 -1.18262890348331
-99 -99 -99 -99 -99 -99 -99 -99 -99 -2.00633762011896
-99 -99 -99 -99 -99 -99 -99 -99 -99 -99
-99 -99 -99 0.972660767355296 -99 -99 -99 -99 -99 1.50247313149899
-99 -99 -99 -99 -99 1.54459775764548 2.17154648560506 -99 1.99431161667941 -99
-99 1.51842530845591 -99 -99 -99 -99 5.20386139161079 -99 -99 -99
-99 -0.305063879800018 -99 -99 1.1144915115469 0.411410451586647 -99 -3.22385236603496 -99 -99
1.58846550998222 1.39216412947706 -99 -99 -99 -99 -99 -99 -0.528782371844722 1.32159882456197
-99 2.10202067288682 -99 -99 -99 -99 -99 -99 1.08082652569614 -99
-99 -99 -3.0733222127444 -99 -0.250472999000237 -99 -99 -99 -99 -0.701610341187361
-99 1.0593171340095 -99 -99 1.28109571243339 -99 -99 -99 -99 -99
-99 -99 -0.290206580697542 -99 -99 -99 -99 1.09329948761058 -99 -99
2.82076984920107 -99 -99 -99 -99 4.41282312502062 4.18283850622237 -99 2.40537525913413 -99
-99 1.10221406267201 -99 -99 1.28842685628495 -99 -99 -99 -99 -99
-99 -99 0.430067171276054 -99 0.553955693624526 -99 -99 3.44526025140293 -99 -99
1.24216448019849 -99 -99 -99 1.65949321607063 -99 2.31325398139598 3.82122995383411 0.872244491903496 0.0883229095634649
-99 -99 -99 -99 -99 -99 0.57270026129182 -99 -99 -99
-99 3.00360277866418 -99 -99 -99 2.0228213198845 -99 2.85377266355009 -99 -99
2.69019240037646 -99 -99 3.81876810011669 -99 0.49232712167251 -99 -99 -99 -99
-0.655761486493162 0.757049296650907 -99 -99 -99 -99 -99 -99 -0.953903999747824 -0.846175299015635
-99 -99 1.28968198453443 -99 -99 -99 2.92374364117687 -99 -99 2.52539017344062
-99 -99 -99 -0.908054695145561 -99 -99 -99 -99 -0.506588711707421 -99
-99 1.64543810664826 -99 -99 -99 -99 1.66549127812537 -99 -99 -99
0.709313331523052 -99 0.0750233580240064 -99 -99 -99 -0.247422160219422 -99 1.58558371622736 0.0665753147222379
-99 -99 -99 -99 -99 -99 -99 -99 -99 -99
-99 -0.417400857500332 -99 -99 -99 -99 -99 -99 -99 1.72267512815455
-99 -99 -99 -99 -99 1.86756463091434 -99 0.926777757595224 -99 -99
-2.10453422184035 -99 -99 2.08718235023109 -99 0.747982107832398 -0.10462556233872 -0.891907881173106 -99 -99
-99 -99 -0.644235039142994 -99 -0.359845203034428 -0.999179839597325 -99 -99 -0.400060032424381 -99
-99 -99 -99 -99 -99 -99 -99 -99 2.17445777979924 -99
1.23612044677043 -99 1.3021887599803 -99 1.27829100342644 -99 0.732004823567054 -99 0.393305549745492 -99
-99 -99 -99 -99 2.21296199893605 0.945935370300298 -99 -0.285362307814885 -0.159861701622881 -99
-99 -99 -99 -99 -99 -99 -99 -0.688634836357477 -99 -99
2.01426620568586 0.772164189062438 -99 -99 -99 1.55214244405028 -99 -99 -99 2.84202381796007
-99 -99 2.18454688132409 -99 -99 2.62435285835009 4.63260539067639 -99 -99 -99
-99 -99 1.73855987363456 -99 -99 0.972057785383124 -99 -99 -99 -99
-99 2.53211397372673 -99 1.4641540329133 -99 -99 -99 -99 -99 0.889094772008399
-99 -99 -99 -99 -99 -99 1.07580220994353 -99 -99 -99
-99 -99 -99 -99 -99 -99 2.67365599465613 -99 -99 -99
-99 -99 -99 4.19447242417223 1.76208830005164 -99 -99 -99 1.16155320446794 -99
-99 2.32859503022125 -99 -99 -99 3.34997741303929 2.03878915694752 -99 -99 -99
-99 -99 1.49215757062991 -99 -99 -99 -99 0.606070650447873 -99 -99
0.397070643464966 -99 0.482142857091548 1.4926451344904 -99 -99 0.857678206494197 -99 -99 -99
1.67232433962983 -99 -99 -99 -99 -99 -99 0.246645238175007 1.75848898151203 -99
3.25853142957595 -99 -99 -99 4.54680062988788 -99 -99 -99 -99 -99
-99 -99 0.109733120534365 -1.35583178879042 -0.00890382785383714 -99 -99 -99 -99 -99
2.04631891308789 0.571609583931177 -99 -99 -99 -99 -99 -99 -99 -99
-99 -99 -99 -99 -99 -99 -99 -99 -99 -99
-99 -99 -99 2.36340469327349 -99 -99 -99 -99 1.50231051301083 -99
-99 2.77796386550642 0.621182942528167 -99 -99 -99 -99 3.85939336198297 -99 -99
0.778035492828438 1.85537158745211 1.52209646456886 -99 0.906450718678756 -99 -99 -99 -99 -99
-99 -99 -99 1.79832441836116 -99 -99 -99 -99 2.20476223752694 0.735152985699347
2.41823907276904 -99 -99 -99 -99 -99 -99 1.18802004367121 1.01418620571382 4.03178092435206
-99 -99 -99 3.73771097529284 -99 -99 -99 -99 -99 2.97384104484188
1.17973688585031 -99 0.770083640793115 -99 -99 1.62194624915732 -99 -99 -99 -99
0.844059317251706 0.866820332400229 -99 1.27554123268278 -99 -99 -99 -99 -99 -99
-99 0.344582257665867 -99 -99 -99 -99 1.93796412654726 -99 -99 -99
-99 -99 -99 -99 -99 -99 2.29865345860342 -99 -99 3.08696810628398
-99 0.0716393333495369 -99 0.90586551015522 1.34755348322578 -99 1.42097312428748 -99 -99 -99
-99 -99 -99 -1.45480044702072 -99 0.946818332176352 -99 -99 -99 -99
-99 -99 -99 -99 -1.07029971441489 -0.161803725828503 0.12426031825053 -99 -99 -99
-99 0.615143671344593 -99 1.62561920691942 -0.139781161287328 1.41169064854839 -99 1.83613581468062 -99 0.0149247449227925
-99 -99 -99 -99 -99 -99 -99 -99 -99 -99
-99 -99 -99 1.28400703179431 -99 1.19217976471609 -99 -99 2.17684237784067 -99
-1.20472118101614 0.637944485061157 -99 -99 -99 -0.69559581445366 0.0724046255111842 -99 0.537429698611943 0.883718193312188
-99 -99 -99 -99 2.67268608119243 -99 -99 -99 -99 -99
0.465491783675129 0.304993651337056 -0.155523386314839 -99 -99 -99 -99 -99 -99 1.29041200562539
-99 1.53101361087475 1.01747639481847 -99 -99 -99 -99 -99 -99 -99
-99 -2.95209190498652 -99 -99 -99 -99 -0.455568774470092 -99 -99 -99
-99 -99 -99 2.45830306433233 -99 1.40712899529649 -99 -99 -99 -99
-99 -0.749501276492774 -2.16990418865458 -99 -99 -2.2127555651845 -99 -99 -99 -99
0.815527201730638 -99 -99 -99 -99 -99 -99 -99 3.84157152020432 -99
-99 -99 -99 -99 -99 -99 1.25125780512655 -99 3.15950102044268 -99
-99 -99 3.27934071600877 -99 -99 -99 -99 -99 -99 -99
-99 -99 -99 -99 0.772107881324265 -99 -99 -99 -99 1.4211341690438
-99 0.885266229645339 -99 1.25049739832517 1.85591391979752 -99 1.60137572974787 -99 -99 0.822771681208858
-0.608134508630535 0.28077341462854 1.16967174106219 -99 -99 1.44391731501635 -99 -99 -99 -99
2.15469890478852 -99 1.88691171230668 1.39299968830485 0.299319466127916 -99 -99 2.37968544258604 -99 -99
-99 0.697043611436523 -99 -99 -99 -99 -0.581610264557549 2.19729810316408 -99 -99
-99 -0.111961377024044 -99 -99 -0.157607074805591 -99 -99 -0.364929409984677 1.53093801785867 -99
-99 -99 -99 -99 -99 -99 1.35599532005907 2.34117754325695 -99 -99
-99 -99 -99 -99 -99 -99 0.187143283118891 -99 1.07415986184259 0.0387154613445375
-99 -0.593834428519256 -99 -99 -99 -99 -99 0.0756980392082954 -99 -99
-99 -99 -99 -99 -99 -0.686345323363432 -99 -1.81908033539081 -99 -99
-99 -99 -99 -99 -99 0.0679163408662267 -99 -99 0.881215808425473 -99
-99 -99 -99 1.60941096147266 0.723696246627829 -99 -99 2.30230008544099 -99 -99
-99 -99 -99 -99 -99 -99 -99 -99 -0.421757065931909 1.39824836465728
-99 -99 -99 3.40459431369882 -99 3.01121730336065 1.69623338804639 -99 -99 -99
-99 -99 -99 2.58624812514364 -99 -99 -99 1.72678224598963 -99 -99
-99 -0.216404187551774 -99 -99 -99 -99 -99 -99 -99 -99
-99 -99 -99 -99 -99 -99 -99 -99 -99 -99
-99 -99 -99 0.279191431061804 -99 -99 -99 -99 -99 -99
0.489946864293904 -99 -99 -99 0.973314571865738 0.331426050337098 -99 -99 -99 -99
-0.477196439543174 -99 -0.538478678842591 -99 -99 -99 0.120786570601805 -99 -1.58171120424247 -99
-0.106234093951989 -1.45567865764284 -0.0208584947832111 -99 -99 -99 -99 -99 -1.46999430792388 -99
-99 3.56450179790584 -99 -99 -99 -99 2.77824997445546 -99 2.30514294193402 -99
-99 -99 -99 -99 -99 4.30707046025887 -99 -99 -99 -99
-99 -99 -99 -99 -0.368358782352235 -99 -99 -1.7230362415229 -99 0.453697572357334
-99 -99 -99 -99 1.4912003420889 2.1971443679734 -99 -99 -99 -99
-0.332053536788747 -99 -99 1.64478212776219 0.204264453875671 -99 -99 -99 -99 -99
-99 0.169933162643547 -1.26772606980464 -99 0.678803404173454 -99 -99 -99 -99 -99
-99 -99 3.84001420742297 -99 3.09520851663054 -99 1.27078705550465 -99 -99 -99
-99 -99 -99 0.316670575985958 -99 -99 -99 -99 -99 -99
-99 0.508249842681511 -99 -99 -99 -99 3.43341876575169 1.90280721808148 -99 1.01765395470193
-99 2.58044333028413 -99 -99 -99 1.02156056934422 3.0670837303334 -99 -99 2.92423584895073
0.023277359926573 -99 0.268381021035536 -99 -99 -99 -0.732022152325799 -99 -1.29019010296304 -99
-99 -99 -99 -99 -99 -1.34372979700998 -99 -1.47716793293985 -99 -99
-99 -99 -99 -99 -99 -99 -1.82269165361288 -99 -99 -99
-1.46132928566385 -99 -99 -0.0422016290590774 -99 -99 -99 0.934146283762728 -99 -99
-99 -99 1.16106311523676 -99 2.0249457080615 0.307393443553306 1.25324225208853 -99 -99 -0.0146041988084475
-1.47209404737928 -99 -99 -99 -99 -99 -0.358993492395591 2.02378795944057 0.155729168368083 -0.0211329789257109
1.87270016257945 -99 -99 -99 -0.421578959175744 -99 -99 -99 -99 -0.303107384650932
0.108878658299684 -99 1.99746326383859 -99 0.525766574848317 -99 1.72457505381165 -99 1.83785682774903 -99
-99 0.56213699627787 -99 -99 -99 -99 -99 -99 -99 0.0990868604386123
1.04257478057383 -99 -99 -99 0.699917658283108 -0.74556736552183 -99 0.62403018964883 -99 1.15418544696093
-99 -99 -99 4.56509294265646 2.8607032962847 -99 0.60169520923416 3.00241448972336 -99 -99
-99 -0.737293644882043 0.0668416872710671 -99 -99 1.92682899031604 -99 -99 -99 -99
-99 -99 -99 -99 -99 -99 -99 -99 -99 -99
-99 -99 -99 -99 -99 -99 -99 -99 -99 2.7335808092718
-99 -99 -99 -99 -99 -1.08605595100629 -99 -99 -99 -99
-99 -99 -99 -99 0.681461842949302 -99 -99 -99 -99 -99
-99 -99 -99 0.466058826791601 -99 -99 -99 1.83324339111401 -99 -99
-99 -99 -99 2.07022710818436 -99 -99 1.69750208856526 1.98716338861809 -99 -99
-0.0819112657747652 -99 -1.77846518735244 -0.276952516084499 -99 -99 -99 -99 -99 -99
-1.10581131391137 -99 -99 -99 -99 -99 -99 -99 -99 -99
-99 -99 -99 -99 -0.769937486875206 -99 -99 -99 -0.00641185949233969 -99
-99 -99 -99 1.01192439778402 -99 2.41919885517312 -99 0.527083596005864 -99 -99
-99 -99 -99 -0.646653492017233 -0.351086432165988 -99 -99 -99 -99 -99
-99 -99 2.10151968737002 0.309800522601371 -99 2.77465330277298 1.73161094551292 -99 -99 -99
-99 2.54492607506587 -99 2.36261482002012 -99 -99 -99 -99 -99 4.14887273088844
-99 -99 -99 1.60914069745198 -99 -99 -99 -99 -99 -99
-99 -99 0.87014650956897 -99 1.01564437550252 -99 -99 0.423938929540526 -99 -99
-99 -99 -99 1.47036966601877 -99 -99 -99 -99 -99 -99
-99 2.10130980130419 -99 -99 -99 -99 -99 -99 -99 -99
-99 -99 -99 -99 -99 -99 -99 -99 -99 -99
-99 -99 -99 -99 -99 -99 -99 -99 -1.60044740520927 -99
-99 -99 -0.898945383994523 -99 -99 -99 1.41055382543931 -0.314172533602646 -99 0.66628379569385
2.20309200981879 -99 -99 -99 -99 -99 -99 -99 -99 -99
-99 -99 -99 -99 -99 -99 -99 -99 -99 -99
-99 -99 -99 -99 -99 4.09554203000602 -99 -99 4.12731466554263 -99
-99 -99 -0.989710454131791 -1.56357018398437 -99 -99 -99 -99 -99 -0.47472620178763
-99 -99 3.94113968553408 -99 -99 -99 -99 1.46990874753165 -99 -99
-99 -99 -1.0625506192529 -99 -99 2.03547183886183 0.764734171191773 -99 -99 -99
-99 -99 -99 -99 -99 -99 -99 -99 -99 -99
3.7728158925762 1.72834064759201 -99 -99 -99 3.77614566494177 -99 -99 2.036644609708 -99
-99 -0.0129020977773739 -99 -99 0.710758355367987 -99 -1.19178776129522 -99 -99 -99
-99 -99 3.04305090426099 -99 3.58059550872658 -99 -99 -99 3.89309541946308 -99
-99 -99 -99 -99 -99 -99 1.90978717796953 -99 -99 -99
-99 -99 -0.248679147384996 -99 -99 -99 -99 -99 -99 -99
-99 -99 -99 -99 -99 -99 -0.989143428760965 -99 -99 0.539026227495232
-99 -99 -99 -99 1.76944688538216 2.05267157060356 0.10046818157218 -99 -99 -99
-99 -99 -99 -99 0.581677142292102 -0.0175185129290985 -99 -99 -99 -99
-99 1.99989384664557 -99 -99 -99 -99 -99 -99 0.799783430907653 -99
-99 -99 -99 -99 -99 -99 -99 -99 -99 -99
-99 -99 -99 0.635998417243034 -99 3.09196628877272 -99 -99 1.54627772137645 -99
-99 -99 -99 -99 -99 -99 -99 -99 -99 -99
-99 1.99610630414197 -99 -99 -99 -99 -99 0.837144516149662 -99 -99
-99 -99 -99 -99 -99 0.986088586192569 -99 -0.617122155922659 -99 -99
1.27834917607055 -99 0.322253185188435 -99 -99 -99 -99 -99 -99 -99
-99 -99 -99 0.927947815840819 0.3465080085312 -99 -99 -99 0.414383305909444 -0.131244316192058
-99 -99 0.0383180148031277 -99 -99 -99 -1.85064603873384 -99 0.33113010770083 -99
-99 -99 -99 -99 -99 -99 -99 -99 -99 -99
-99 -99 -99 -99 1.71834356230754 -99 -99 -0.0107534072247784 -99 -99
-99 -0.579920966275349 -99 -99 -99 0.108747725284165 -99 -99 -0.00522701104983314 -99
-1.0719035309403 -99 -99 -99 -0.298498930467202 -99 -99 -99 -99 -0.73775345785589
2.20704672525954 -99 -0.000990679990758192 2.8350377281085 -99 0.831228852578186 -99 -99 -99 2.21345125070444
-99 -0.764175647559926 -99 -99 -2.05009879356728 -2.10842704137698 -99 -99 -99 -99
-99 1.31755160086937 -99 -99 -99 -99 -99 -99 -99 -99
0.211822999986104 -99 -99 -99 -99 -99 -99 -99 -99 -99
-99 -99 -0.553930151329466 -0.774383510809071 1.26666677482813 -0.276607144881666 -99 -99 -99 -0.854527449063023
-99 -99 2.38045535799163 -99 -99 -99 -99 2.06162488370767 -99 -99
-99 -99 -1.05594233586752 0.732364583487583 -99 0.827783039690966 -99 0.775441693707273 -99 -99
-99 -99 -99 -99 -99 -99 -99 -99 2.18677091917777 0.191008614189248
-99 1.23833876791851 -0.0914317161314535 -99 -99 -99 -99 -99 -99 -99
-99 -99 -99 -99 1.59898060063761 -99 1.24887659198865 -99 2.64579200605305 -99
0.763764635462471 1.07300841545604 -99 -99 -99 -99 0.150993191394037 -99 0.444257363637449 -99
-99 -99 -99 -99 -99 -99 -99 -99 -99 -99
-99 1.99516366390589 -99 -99 0.840039483989723 -99 -99 2.07636306227402 -99 -99
-99 -99 -99 0.801382299495648 -99 -99 -99 -99 -99 0.0137325363785895
-99 1.87970770953423 -99 -99 -99 -99 -99 -99 -99 -99
-99 -99 -99 -99 0.789442718206759 -99 -99 -99 -99 -99
-99 -99 -99 -99 -0.190082899924896 -99 -0.867024171216056 -99 -99 -99
0.957001000181848 -99 -99 0.223600281226379 -99 -99 -99 -99 -99 -1.44589506944425
-99 -99 -99 -99 -99 0.37425044105069 -99 0.0198113249333477 2.7283024814402 1.08152971724631
2.53424150850881 2.41994468547022 1.82689546594336 -99 -99 1.59670965552335 -99 2.82102173935355 -99 -99
-99 -99 1.19303307667618 -99 1.06316311666402 -99 -99 -99 -99 -99
1.41223085582242 -99 -99 -99 -99 -0.0495251355024706 1.43836946950267 -99 -99 -99
-99 -99 -99 -0.450949032216399 -0.881767351859808 -0.0928662915710781 -99 -99 -99 -99
-99 -99 0.841141867800719 -99 -99 -99 -99 -99 -99 -99
-99 -99 -99 -99 -99 -99 -99 0.657128220733399 -99 1.79715108201916
-99 -99 -99 -99 1.58649224073727 -99 -99 -99 -99 1.64281826282266
-99 -99 -99 2.51653742935329 -99 -99 -99 -99 -99 -99
-99 -99 -99 -99 -99 1.60003986605054 -99 0.460309911183088 0.368950306309408 -99
-99 -99 -99 0.125036649277974 -99 -99 -99 -99 -99 -99
-99 -99 -99 -99 -99 0.924362097534699 -99 -99 -99 -99
0.62307471241497 -99 -99 0.316829128761996 1.05717252711087 -99 3.03108502823634 -99 0.642357076393758 2.08107291517346
-99 -99 -99 -99 -0.0951489202931148 -99 0.943520620543586 -0.570916128539707 -99 -99
-0.0422053961735356 2.47737460915517 -99 -99 -99 -99 -99 -99 -99 -99
1.61988229917459 1.30299461525816 1.41146649352176 3.25830299325442 -99 -99 -99 -99 -99 -99
-99 1.18756905567189 -99 -99 -99 1.11464777587959 0.874688271285022 -99 -99 -99
-99 1.72514998671167 -99 -99 -0.0596577530123779 0.68324376780333 -99 -99 2.40795448027154 -99
0.457224666089695 -99 -99 -99 -99 -99 -99 -99 -1.23263980624417 -99
-99 -0.00605849456666752 -0.594996529513493 -1.18779179379501 -0.605284593833117 -99 -1.53544949021479 -0.709109826847834 -99 -0.518104878609483
-99 -99 1.46589612403791 -99 2.22302850752307 -99 2.14191739519975 1.73170255774686 -99 2.81970711598441
-99 3.32109489338082 -99 -99 -99 -99 -99 -99 -99 -99
-99 -99 -99 -99 0.82028811054933 -99 -99 -99 0.998668014341963 1.90417105126826
-99 1.08498793525288 -99 3.21527811023889 -99 -99 -99 0.786531564487799 -99 -99
-99 3.3569541107503 -99 4.90444293404973 -99 -99 -99 2.78648621712219 -99 -99
-99 -99 -99 1.45116652028452 -99 2.02047542837654 -99 0.0686112859825304 -99 -99
-99 -99 -99 -99 -99 -99 -99 -1.01568841476772 -99 1.76357284955539
-99 0.0198118109275144 -99 -99 -0.728632383221754 -99 -99 -99 -99 -99
2.81204391873593 2.07732421284047 -99 1.15892307650223 -99 -99 -99 -99 -99 -99
-99 -99 -99 -99 -99 1.80514647136778 -99 -99 -99 -99
-99 -99 -99 -99 -99 -99 0.491303056723632 -99 -99 -99
1.09335808616606 -99 -99 -99 -99 0.0810754385869641 -99 -99 -99 -99
1.75429905240891 -99 -99 -99 -99 1.51961418722885 -99 2.01812825565444 -99 -99
-99 -99 3.11378996696092 2.02425471037015 3.07149019488799 -99 3.40682447839255 2.39973038746757 -99 3.78587515482604
-99 1.49153279786064 -99 -99 -99 -99 -99 -99 -99 0.0135739060062401
-99 -99 -99 -99 -0.92990266899765 -99 -99 -99 -99 -99
0.542078085596514 1.85057590374169 -99 -99 -99 -99 -99 -99 -99 0.516388702571184
-99 -99 -99 1.54441823031222 1.15588243450402 -99 -99 2.63378406161288 -99 -99
-99 1.2390036681886 -99 1.97729636425534 0.715534370980244 -99 -99 -99 1.31380081311421 0.731528320302772
1.79899356344345 -99 -99 -99 -99 -99 -99 3.56841623712564 -99 1.36401772578288
-99 1.90620288996378 -99 -99 -99 -99 -99 -99 2.4026655774582 -99
-99 2.26982016098191 -99 -99 -99 -99 -99 -99 1.68393432566955 -99
-99 -0.415012742210071 -0.565951672872039 -99 -99 0.194480051097359 -99 -99 -99 -99
-99 -99 1.31631335074326 -99 -99 -99 -99 -99 -99 -99
-99 0.545142934011827 -99 -99 -99 -1.01128706939342 -99 -99 -99 -99
2.6251745193151 -99 -99 -99 -99 -99 -99 3.45850624711814 -99 -99
-1.07072764487177 -99 -0.965653145791143 -99 0.321812365600467 -99 -1.14139654987584 -99 -99 -0.382929954505976
-99 -99 -3.08430725423085 -0.36888490778247 -99 -99 -99 -99 -99 -99
-99 -0.712621634304244 -99 -99 0.0782730311847201 -99 -99 -99 -99 -99
-99 -99 -0.642711323945882 -99 -99 -99 -99 -99 -99 -0.0689903597137522
-99 -99 -99 -99 -99 0.526834943089713 -99 -99 -99 -99
2.13065115291077 -99 -99 -99 -99 -99 -99 -99 -99 -99
-99 -99 -99 -99 -99 0.963463611894001 -99 0.138662800112522 -99 -99
1.22713163188852 -99 -99 -99 -99 -99 -99 -99 1.64970942062642 0.657094649015421
-99 -99 -99 3.59439104870363 -99 -99 -99 -99 -99 0.779897160222099
-99 -99 -99 -99 -99 -99 1.95674401803882 -99 1.66786809965405 -99
-99 -99 -99 -0.637257719305016 -99 -99 -99 -99 0.743346917339961 -99
-99 -99 -99 -99 -99 -99 -99 -99 -99 -99
-99 -99 3.26898740228708 2.99381623436089 -99 -99 2.19557365311014 -0.0673554296725045 -99 -99
-99 -99 2.96632666154736 -99 -99 -99 -99 -99 0.190716003783166 -99
-99 2.33946926087126 -99 -99 -99 1.62710991640673 -99 -99 -99 -99
-99 -99 2.15210871419707 -99 1.65311383733564 0.624643486623432 -99 -99 -99 1.09894414349671
-99 -99 -99 -99 -99 -99 -99 0.468699073705852 2.5707590937017 -99
-99 -99 -99 -99 -99 -99 -99 -99 -99 -99
-99 1.43665094525479 -99 -99 -99 -99 -99 -99 -99 1.33742303594755
-99 1.06374470493316 0.582315141201853 -99 -99 0.888354888869351 4.26928121748807 -99 -99 -99
-99 -99 -99 -99 -99 -99 -99 -0.223251600421433 -99 -0.242262900645877
-2.24683502466385 -1.13684141025719 -99 -2.67704003813652 -99 -99 -99 -99 -99 -99
-0.875726674988691 -99 -99 -99 -99 -0.537813741192781 -99 -99 -99 0.396414965716525
-99 -99 -99 -99 -99 -99 -99 -99 1.91354462646594 0.814359393157439
1.21279393832974 -99 -99 -99 -99 2.5517341250597 -99 -99 -99 -1.5609035632293
-0.00641647994924543 -99 -99 -99 -0.280764230869499 -99 -1.50483239199318 -1.55783756578858 -99 -0.283605414210778
-99 -99 -2.1328448957632 -99 -99 -1.91928812574436 -99 -99 -99 -99
-0.304604059385227 -99 1.6650150980928 -99 -99 -99 -0.359943716259902 -99 2.2819013628703 0.138251216803185
-99 3.65732572887564 -99 -99 2.93036416031416 -99 -99 -99 -99 -99
-99 -99 -99 -99 3.26877539630013 -99 -99 -99 -99 -99
1.73922594080021 1.19854870415644 4.70603770214257 -99 -99 -99 2.57732026130242 -99 -99 -99
-99 6.0876214118444 -99 3.73639458024235 -99 -99 2.88872772319787 -99 -99 -99
-99 -99 -99 -99 -99 -99 -99 -99 -99 -99
-99 -99 1.87960275222642 -99 -99 2.24088712162567 -99 1.04906476782605 -99 2.66231547176294
1.12197652356213 -99 -99 -1.0533895077242 -99 0.105127831756526 -99 -99 -99 -99
-99 -99 3.75846029512495 -99 -99 -99 -99 -99 -99 -99
-99 -99 2.21635652234353 -99 3.2761512771407 3.67546015969236 4.08444550817614 3.54787764361518 -99 -99
-99 -99 -99 -99 -99 -99 -99 1.76609972683141 -99 -99
-99 -99 -99 -99 -99 2.8963049313336 -99 1.46690184955463 -99 2.00499825565649
-99 -99 -99 -99 1.38925777622844 -99 -99 -99 -99 2.32964484583472
1.19920665543229 0.940141454845312 0.401503326950659 -99 0.0351767781059763 -99 -99 -99 -99 -99
-99 -99 -99 -99 -99 -99 1.43940635181695 0.352629666525202 -99 1.82007837387269
-99 -99 -99 -99 -99 -99 1.0369113886867 -99 -99 -99
-99 -99 -99 -99 -99 2.35507458964464 1.81106125256192 -99 -99 3.16024360644408
-99 -99 -99 1.61946533798078 1.37119701273735 -99 -99 -99 -99 -99
-0.322002328678922 -99 -99 -99 -99 -1.13042256107691 -99 -99 -1.17370325637194 0.317979639722473
-99 -99 -99 -99 -99 -99 -99 -99 -99 -99
-99 -99 -99 -99 -99 -99 -99 -99 1.04784693863185 2.0032562677645
-99 2.70261015777324 -99 -99 -99 -99 -99 -99 -99 -99
-99 -99 -99 -99 -99 -99 -99 -99 -99 -99
-99 -99 0.862990557546636 -99 -99 -99 -99 1.84374830309562 -99 -99
-0.656499129631008 -99 -99 -1.53867186229568 -1.18228101016381 -99 -0.358846229642482 -99 -99 -99
-99 -99 2.41539319391335 -99 -99 -99 -99 3.79759844919709 -99 2.24916046149604
-99 -99 -99 -99 0.170432542025586 -99 -99 -99 -99 -99
-99 -99 -0.102453292371507 -99 -99 -99 -0.568132887060957 0.545767395938894 -99 -99
-99 -99 -99 -99 -99 -99 -99 0.12439047097552 -99 -99
-99 0.957044411256185 1.3506805536244 1.96157622300082 -99 -99 -99 3.13430073490105 -99 0.984944575821701
0.91083805982185 -99 -99 -99 -1.60523916208904 -99 -99 -99 -0.833872607414242 0.416176829897826
-0.337513982031245 -99 -99 -99 -99 -99 1.73162072076099 -99 1.49583175365775 -99
-99 -99 -0.389064915832978 -99 -99 -99 -1.43512985690089 -99 -99 -99
-99 0.932861094879639 -99 -99 -99 -99 1.25606954903411 -99 -99 -99
3.35146129143379 -99 -99 -99 -99 -99 -99 -99 0.00284877746627243 0.158996368419082
-99 -99 -99 -99 0.73612725050033 0.917050928922116 1.29006826153022 -99 1.31927341829663 -99
-99 -99 2.26819091124675 -99 -99 -99 -99 -99 0.439046184300081 -0.920821375951565
0.0533546233899898 -99 0.848234111806738 -0.762045145947718 0.30846103720218 -99 0.0492793531513106 -99 -99 -0.273131832140084
-99 -99 0.426256788116303 -99 -99 2.05562998219032 -99 -99 0.429596011919173 -99
-99 0.183539534870002 -1.34717516926245 -99 -99 -0.34706314603074 -0.438604559521996 -0.496714368327659 -99 -99
-99 0.239862847417396 -99 -99 1.58218985860851 -99 -99 -99 -99 -99
-99 -99 -99 1.1532202689617 0.81470391373929 -0.904550757419903 -99 -99 -99 -99
-99 -99 0.710525070104207 -99 -99 -99 1.22026028657832 -99 -99 -99
-99 -99 -99 2.16783888431171 -99 -99 -99 -99 -99 -99
-0.273960927776869 -99 -0.543815195151454 -99 -99 0.95857336214903 -99 -99 -99 -99
-99 -99 1.51560041263065 -99 -99 -99 1.05296801607541 -99 1.1728086706906 -99
0.408563387318659 -99 -99 3.42156119270776 -99 -99 -99 -99 -99 -99
-99 -99 -99 -99 -99 3.05851551034184 -99 -99 -99 1.83402822993757
-99 -99 -99 -99 -99 -99 -99 -99 -99 -99
-99 1.87884177035027 -99 -99 -99 1.8400981272605 -99 -99 -99 -99
-99 -99 -99 -99 -99 1.98207106897746 1.35396656041763 -99 -99 -0.69087887501464
-99 -99 -99 -99 -99 -99 -99 -99 0.508239004962904 -99
-99 -99 -99 -99 -99 -99 -99 -99 -99 -99
-99 -99 -99 -99 -99 0.441752161501763 -99 -1.1853575461222 -99 -0.235018609575348
-99 -99 2.08560412105308 0.373392664452387 -99 -99 -99 -99 -99 0.251631523541665
-99 -99 -99 -99 1.48405226485554 -99 -99 -99 0.861015757264182 -99
-99 -99 -99 -99 -99 -99 -99 -99 0.84353858106651 -99
-99 -99 -99 -99 -0.58416158551946 -0.992112903238176 -99 -99 0.254928311966298 -0.0598505416633339
-99 -99 -99 -0.358052096131314 -99 -99 -99 -99 -99 -99
-99 -0.722486234753021 -99 -99 -99 -99 2.49171085856724 -99 1.7154367841178 -99
-99 -99 -99 -99 1.57963675772258 2.51985482468205 -99 -99 -99 3.82593024127387
1.90727783403723 1.51397470794757 1.65522918957886 2.77667037600329 -99 -99 -99 -99 -99 2.23553682653689
2.23985692765232 -99 -99 -99 -99 -99 -99 -99 1.28869613825245 -99
-99 -99 -99 -99 -99 0.191532333201102 -99 -99 -99 -99
-99 -1.24370330773978 -99 -99 -99 -99 -1.70873878286236 -99 -99 -1.24151104258836
-99 -99 -99 0.182124918492463 -99 0.0648195014363513 -99 0.254505821285718 -99 -99
0.236694452951242 -99 -99 -99 -99 -99 -0.0637443348020768 -99 -99 -99
-99 -99 -99 -99 -99 -99 -99 -99 -99 -99
-99 -99 -99 -99 -99 2.61526532035905 1.42412332814289 -99 -99 -99
-99 -99 0.854084826145362 -99 -99 -99 -99 -99 -99 -99
-99 -99 -0.175463120034119 0.732785651537701 0.77794106163319 -99 0.0745432325229565 -99 -99 -99
-99 -99 -99 -99 2.75575640122765 -99 -99 1.42850052504279 2.44195494785369 -99
-99 -99 -0.0480540307777768 -99 -99 0.683687651309607 2.78963473461023 -99 -99 -99
-99 -99 -99 -99 -99 -99 -99 -99 -99 -99
-99 -99 -99 -99 -99 2.97378032978836 0.947446117456242 -99 -99 -99
-99 2.22470040978131 -99 -99 -99 0.180019582813668 2.88286353308855 -99 0.970374151564012 1.9454100862159
-99 -99 -99 1.06118701661576 -99 -99 -0.13845018895076 -99 -99 -99
-99 -99 -99 0.0300370968677206 -0.65695080417377 0.777126670153089 -99 -99 -1.21014664240967 -99
-99 -1.07956743857736 -99 0.614193584473036 -99 -99 -99 -99 -99 -99
-99 -99 -99 -99 -99 -99 -99 -99 -99 4.02296373637061
-99 -99 -99 -99 -99 -99 -99 -99 -99 -99
-99 -99 0.635540419369196 1.03090256181267 -99 -99 0.352559647105899 -99 -99 -0.136748994483753
-99 -99 1.32684936606026 -99 -0.219978447249698 -99 -99 -99 -99 1.63066755102608
-99 -0.251063133823245 -1.7327143518213 -99 -99 -0.0896588475773288 -1.68222568136434 -2.07699478664811 -0.970258109383735 -1.14623645881803
-99 -99 3.66656821062572 -99 -99 -99 -99 -99 3.76569617338644 2.64207587608538
-99 -99 0.974078286436087 1.1925421222379 -99 -99 -99 1.65658592908941 1.97345519183171 -99
-99 -0.0430997840994658 0.858773549819645 -0.752757202017936 -0.474989302262801 2.0530420363174 0.736382721152992 -99 -99 -99
-99 1.22270329567323 -99 0.820783609357751 1.16558631867928 -99 -99 -99 -99 1.5920023798388
-99 -0.777646811417087 -99 -99 -99 -99 -99 1.35368460768376 -99 0.346477170598957
1.40609445539 -99 -0.968556482158277 -99 -99 -99 -0.913917248648694 -99 -99 -99
-99 -99 -2.98576777925929 -99 -99 -99 -99 -99 -99 -99
2.53267015343097 0.736199812834648 -99 2.66812526157948 -99 3.29082845694099 3.20453893042944 -99 -99 -99
-0.416939792610747 0.547727052814653 -99 -99 -99 -99 -99 -0.418741576104663 -99 -99
-99 -99 -99 -99 -99 2.56726995602132 -99 -99 -99 -99
-99 -99 -99 -99 0.173720397892793 -99 -99 2.50427454012165 -99 2.12096689089599
-99 -99 1.40139196658318 -99 -99 -99 -99 -99 0.544017048617054 -99
-99 -99 -99 2.70430342699462 -99 -99 -99 -99 -99 1.73073595641073
1.00038174362577 -99 -99 -99 -99 0.972632730502154 1.87761093356742 -99 -99 1.27375640476435
-99 -99 -99 0.876197016998078 1.69307912129474 1.70855411719181 -0.836689697347173 -0.220018597618821 -99 -0.41422399136218
-99 -99 -99 0.25992843174976 -99 -99 -0.696775718796007 -99 0.616779834157773 -0.697072115506992
-99 1.76791774155517 -99 -99 1.99462546176785 -99 -99 -99 -99 -99
-0.157447451307194 -99 -99 -99 -99 -99 -99 -99 -99 -1.0892369379407
1.96302600498107 -99 -99 -99 0.0204162437043526 -99 -99 -99 -99 -99
-99 -99 -99 -99 -99 0.585735616867864 -99 -1.20267453169817 -99 -99
-99 -99 -99 -99 -99 -99 2.36643081190005 -99 -99 -99
-99 -99 0.7156825724604 -99 -99 -99 -99 -99 -99 2.42738353337633
-99 -99 -99 -99 -1.37234572050872 -99 0.7209006296587 -99 -99 -99
-99 -99 1.684876942774 -99 -99 -99 -99 -1.67016049585229 -0.59794576418329 -0.937971326031503
-99 -0.0834080388806191 -99 -99 -99 -99 -99 -99 -99 -0.78518562578102
-99 -99 -99 -99 0.27971166365627 -99 -99 -99 -0.226795016182343 -99
-1.22175943708647 -99 -1.53636660691373 -99 1.08867817796712 -99 -99 -1.94796884418578 -99 -99
-99 -99 0.913777852559785 0.650843600304906 -2.10262670944639 -99 -99 1.59971475789555 -0.76317234218048 -0.231971002289005
-99 2.05579558772625 -99 -99 -99 -99 -99 -99 1.38432479388575 -99
-99 -99 4.95077321221671 -99 3.80024213005336 -99 -99 -99 -99 -99
-99 -99 -99 -0.0997107978112486 -99 -99 -99 -99 -99 -99
-99 0.122794249007424 -99 1.1821398974829 -99 -99 -1.73979629469519 2.5817133488475 1.18717014753555 -99
-0.0120246722633013 -99 -99 -99 -99 -99 -0.579975301063354 -99 -99 -99
0.138268747363436 -99 -99 -99 1.25143088275293 -0.0332917869750551 -99 -99 -99 -99
-99 -99 -99 1.70585181147873 -99 2.61683683042834 -99 -99 -99 -99
-1.18063875017302 -99 -99 -99 -99 -1.49638127081379 -99 -99 -99 -99
-99 -99 1.0786163272708 2.74563158735129 -0.745625401832208 1.7958100086088 -99 2.44855216081721 0.697915016618854 -99
-99 -99 -99 -0.0883661236595839 -99 2.87422286726301 -99 -99 -99 -99
1.41817026671107 -99 -99 -99 0.687817060635455 -99 0.0493506798265861 -99 -99 -99
-99 -99 -99 0.82005777453699 -99 0.146315853957701 -99 -99 2.30967666266528 -99
-99 2.14057962992931 -99 -99 -99 -99 -99 -99 1.96891611610508 -99
-99 -99 -99 -99 -99 -0.63829970171006 -99 -0.146438934203656 -99 -99
-99 -99 -99 -99 1.23368474655273 -99 -99 -99 -0.395851709011254 1.74008612199066
-99 2.39024233525411 -99 -99 -99 -99 -99 -99 -99 -99
-99 -99 -99 -99 -99 -99 -99 -99 -99 -99
-99 -99 -99 -99 -99 -99 -99 -99 -99 -99
-99 -99 -99 -99 -99 -99 -99 -99 -99 0.797410677191987
-99 1.24744019270983 1.36464546253391 -99 -99 -1.05823149042423 -0.0976274701156741 1.78772701399506 -99 -99
-99 1.9790268606733 -99 -99 -99 -99 -99 -99 -99 -99
-99 -99 -99 -0.16753508995012 -99 -99 -99 -99 -99 -99
-99 -99 4.50199069661516 -99 -99 4.24842923124641 -99 -99 -99 4.01283009036398
-99 -99 -99 -99 -99 1.04252941360943 -99 -99 -99 -99
0.296970354999387 2.02395840820675 -99 -99 -99 3.68159736427741 2.05742752427635 -99 2.6580065405678 0.758235939109853
2.06063093593125 -99 -99 -99 1.9574197604237 -0.00775179253765934 -99 0.492559562139584 -99 -99
-99 -99 -99 -99 1.47182367244513 2.92950287779922 -99 -99 -0.533291538257478 -99
-99 -99 -99 -99 -99 -99 -99 0.449181456506727 0.687049367452997 -99
-99 0.00807219744999066 -99 -99 -99 -99 -99 -99 -99 -99
-99 -99 2.17151078613579 -99 -99 -99 -99 2.0087513367564 0.472672505278935 -99
-99 -99 -99 -99 -99 -99 -99 -99 -99 0.969111528175913
-99 -99 -99 -99 -99 -99 -99 -99 2.12344091577544 -99
-99 -99 -99 1.64531269469416 2.02402618037368 -99 -99 -99 -99 -99
0.417978140549976 0.706786360381784 2.4782880990574 -99 -99 -99 -99 -99 -99 -99
-99 -99 -99 -99 1.39842891484473 2.66871868409407 -99 -99 1.35281985881499 -99
-99 -99 1.73508665490714 -99 -99 -99 2.53334831414393 -99 -99 2.0651968117306
-0.526928853087113 2.0609991669365 -99 -99 -99 1.30544337125279 -99 -99 -99 -99
-0.486831058889726 -99 -99 -99 -99 -99 -99 -0.286134335281107 -99 -99
-99 -99 -99 2.75720837166858 -99 2.12814224902104 -99 -99 3.64303285517325 1.80975124743051
0.161891656136866 -99 -99 -99 -99 -99 -99 0.812439715979253 -99 -99
-99 -99 -99 0.970201112297251 -99 -99 2.14012343149988 -99 0.166975519286831 -99
-99 -99 -0.539152438008724 -99 0.420536880674572 -99 -99 -99 0.0597689479832497 -99
0.856416855148148 -99 -99 2.06666879287042 -99 -99 -99 -99 -99 -99
-1.31981362740897 -99 -99 -99 -99 -99 3.01413497010698 1.16227863298874 -99 -99
-99 -99 -0.129324863189938 -99 -99 -99 -99 -99 -99 -99
2.42120378736186 -99 -99 -99 -99 0.888538532555149 -99 -99 -99 -99
1.93925206291868 -99 -99 2.14240829600721 -99 -99 -99 -99 -99 1.7038425961574
-99 1.36795715801687 -0.228104274466412 -99 -0.206383727537495 -99 -99 -99 -99 -99
1.65001470021525 0.842035497073886 1.46937070162413 -99 -99 -99 -99 1.41137890159499 2.26268375850461 -99
-99 -99 -99 0.940669071113537 -99 -99 -99 -99 -99 -99
-99 -99 -99 1.81968286908862 -99 -99 -99 1.77919909168224 -99 -99
1.85995858140098 -99 -99 2.27791669744126 -99 -99 -99 -99 -99 -99
0.614304668411708 -99 2.02507101409317 -99 1.36297888063934 -99 2.01886396080765 2.98283703056798 3.01529569401141 -99
0.298874671845554 0.690751712428444 -99 -99 -99 -0.4932642981165 -99 -99 -99 -99
-99 2.48803585735057 -99 -99 -99 -99 2.75681875909513 1.64171293580416 -99 -99
4.31679766059506 -99 -99 -99 -99 -99 -99 -99 -99 -99
-99 -99 -99 -99 -99 -99 -99 -99 -99 -99
1.1974049111355 -99 -99 -99 -99 -99 -99 -99 -99 -99
-99 -99 -99 -99 -99 -99 0.915075700696898 -99 -99 -99
-99 -99 -99 0.639314644108187 -99 -99 -99 2.73806630479051 -99 -99
-99 1.61200157498527 -99 -99 0.277500299326129 -99 1.89683275135803 -99 -99 0.40395869865061
-99 -99 -99 -99 -99 -99 -1.06005729454496 -99 -2.55405361243448 -99
-99 -99 -99 -99 -99 1.72844743726121 -99 -99 -99 -99
-99 -99 1.91935180724512 -99 -99 -99 -99 -99 -99 -99
-99 -99 -99 -99 -99 -2.62623825181043 -1.8196936590323 -99 -99 -99
-99 -99 0.917821452096326 -99 -99 -1.69938118852632 -99 0.0016233505270995 -99 -99
-0.140959665195433 -99 3.94157106160089 -99 -99 2.57239767820839 -99 3.22128821382604 -99 -99
-99 -99 2.78731032167918 0.703324414987168 -99 -99 2.15720843349355 -99 1.70086448947976 -99
-99 -99 -1.03293914611985 -99 -99 1.05889451229236 -99 0.757879768655521 3.00058097436099 0.494174910019703
-99 -99 -99 -99 -99 -99 0.979815092189588 -99 -99 -99
-99 -99 -99 -99 -99 -99 -99 -99 -99 -99
-99 -99 -99 -99 -0.49676366202476 -99 -99 -0.299227395471805 -0.207927569072093 -99
-99 0.558438405304469 -99 -99 -99 -99 -99 -99 -99 -99
-99 0.75649622734207 -99 -99 0.672894587420429 0.978068452644808 -99 1.72177450038734 0.508688576959169 1.58392554229426
1.30997898766308 -99 -99 -99 2.08503667522322 -99 -99 -99 -99 -99
-99 -99 -99 -99 -99 0.547168185650057 1.41426150778001 -0.241060909949171 -99 1.79773601337916
-99 -99 -0.447309490555264 -99 -99 -99 -99 -99 -2.28143660181612 -99
-99 -99 -99 -99 -99 -99 -99 0.689974508125073 -99 -99
3.21325501368008 -99 -99 -99 -99 -99 -99 -99 2.03432756192103 -99
-99 -99 -99 -99 -99 -99 -99 -99 -99 -99
-99 -99 -0.364784749779776 -99 0.917360250463625 -99 -99 -99 -99 -99
-99 -99 -99 -99 -99 -99 1.49469987148385 -0.86822635280301 -99 -99
-99 -99 0.0975226045264358 -99 -99 -0.802502832113768 -99 1.79507019803238 -99 -99
-99 -99 0.809845707788765 1.65067034462915 -99 -99 -99 -99 -99 -99
-99 -99 -99 0.752806970664404 -99 0.372596316899427 -0.0404295303005404 -99 -99 -99
-99 -99 -99 -99 -99 -99 -99 -99 -0.00645310207956529 -99
-99 0.577403485645423 -99 0.312995587487144 -99 -99 -99 -99 -99 -99
-99 1.40966967147536 -99 -99 -99 -99 -99 1.43949706402205 0.599696943233221 -99
-0.0236921171522966 -99 -99 0.84462816386065 -99 -99 1.70540701570872 -99 1.65153953882785 -99
-99 -99 -99 -99 -99 -99 -99 -99 -99 0.915311888031364
-99 -0.54085738534181 -99 -99 -99 -99 -99 -99 -99 -99
-99 -99 2.35925037328546 -99 -0.962956906011158 -99 -99 -99 -99 1.31281913756145
-99 0.623694223992003 -99 -99 -99 2.17288184154795 -0.322430655821206 -99 -99 -99
1.26867759600661 -99 -99 2.5295306979276 -99 -99 -99 -99 -99 3.23661923933106
-0.144601197457201 -0.376389018935825 2.33037115648802 -99 -99 -99 0.409388029264602 -99 -99 -99
-99 -99 -99 -99 -99 -99 -99 -99 -99 -99
-99 -99 -99 -99 -99 -99 -99 1.67021604619496 -99 1.52083285291803
-99 -99 -99 -99 -99 -99 -99 -99 -99 -99
-1.41628290937117 -99 -2.39533326131117 0.171931414210594 -99 -99 -99 -99 -99 -99
0.458793831300319 -99 -2.01796045223605 2.86557451680736 -0.5152168828013 0.202898464676682 -99 -99 -99 0.432781446860794
-99 -99 1.5448296327987 -99 -99 -99 -99 0.580677523192535 -99 -99
-99 -99 -99 -1.47435509060976 -99 -99 -99 -0.712417784966593 -99 -99
-99 -0.52872443404671 -99 -99 -99 0.938818342821287 -99 -99 1.60731518014214 -99
-99 1.20336047572227 -99 -99 -99 -99 -99 0.742649233662255 -99 0.0405295907112774
2.76073877161275 -99 -99 -99 -99 1.61839489332116 -99 -99 -99 -99
-99 -99 2.77733546563362 -99 -99 1.76983053700908 1.71972644041619 -99 -99 -99
-99 -99 -99 -99 -99 -0.882745688276855 -99 1.06798667158761 -99 -99
-99 -99 -99 -99 0.0236595027795297 -99 -99 -99 -99 0.455361147251185
-99 -99 -99 -99 -99 -99 -99 -99 -99 1.12261517217554
-99 -99 -99 -99 -99 -99 -99 -99 -99 -99
-99 0.580538939940833 1.15595139843031 -99 0.330000754749996 -99 -99 -99 -99 -99
-99 -99 -99 -99 0.995118909088636 -99 0.0200889834355328 -99 1.06753132291018 2.23642513259854
-99 -99 -99 -99 -99 -99 -99 -99 -99 -99
-99 -99 -99 -99 -99 -99 0.885798690390603 -99 3.79268656599125 0.977415051404251
-99 -99 -99 -99 -99 -99 -99 -99 -99 1.24240413939882
-99 -99 -99 -99 -99 1.13123556575114 3.30878738037272 -99 0.640430728079023 -99
-99 -99 1.56241699316783 -99 -99 -99 -99 -99 -99 3.46182500020535
-99 -99 -99 -99 0.994542536760174 -99 -99 -99 -99 -99
-99 -99 -0.826978632253498 -1.20915754650692 -99 -99 -99 -99 -0.351163501440252 -1.65014290843164
-99 -99 -99 -99 1.17540058389045 -99 -99 -99 0.975018299269744 -99
-99 -0.739879423402041 -99 2.24128859803639 -99 2.05999406985777 -0.336205206214663 -99 -99 0.129283138857781
0.591781864700496 -99 -99 -99 -99 -1.20689922615053 -99 -99 -99 -99
-99 -99 -99 -99 -0.444712747251133 -99 -99 -99 -99 -99
0.186894381714506 -99 -99 -99 0.450102336857072 -99 -0.75122246974697 -99 -99 -99
-99 -99 -99 -99 -99 -99 -99 -99 0.905688786452903 -99
-99 -0.989808435154375 -99 -99 -99 0.355503867168269 -0.47944961029704 -99 0.134950613129027 1.10717959740305
-99 -99 -0.25047150815246 -99 0.212416342775334 -99 0.355363242366534 -99 -99 -0.501342768829302
-99 -99 -99 -99 2.35266882253426 -99 -99 -99 -99 -99
-1.37266804318963 -99 -99 -99 -99 -99 -99 -99 -99 0.130804885019465
0.422830424482082 -99 -99 1.87686452726375 -99 -99 -99 -99 -99 -99
-99 -99 2.68559469383188 -99 -99 -99 -99 3.48399922136981 -99 -99
-99 -99 -99 -99 -99 -99 -99 -99 -99 -99
-99 -99 -99 -99 -99 -99 -1.40841252157226 -1.36902010306136 -99 -99
0.20009066048546 -99 -99 -99 1.93715507200883 -99 -99 -99 -99 -99
-99 -99 -99 -99 2.18967912052867 -99 -99 -99 -99 2.82429584633013
-99 -99 -99 1.28706830262489 -99 1.23730580068132 -99 -99 -99 1.91127963137133
-0.318920015106509 -99 -99 3.11106335390835 -99 0.0697120655095864 0.629971092525299 -99 -99 -99
-99 -99 2.29312632061289 -99 1.9749589556878 0.676655447689461 -99 -99 -99 -99
-99 -99 0.19791710148844 0.604406322391867 -1.45613157115201 -99 -99 1.2676955846854 -99 -99
-99 -99 -99 -99 -99 -99 -99 -99 -99 -99
-99 -99 -0.577838588667879 -99 -99 0.16958019580701 -99 -99 -99 -99
0.932441687711698 -99 -0.0669988975267974 -99 -99 -99 -99 1.56021219837768 -99 2.40873130164173
-99 -99 -99 -99 -99 -99 -99 -99 -99 -99
0.0633965227868893 -99 -99 -99 -1.59145243631015 0.0401188813742746 -99 -99 -99 -99
-99 -99 -99 -99 -99 -99 -99 -99 -99 -1.03274114639172
-99 -99 -0.111399397742129 -99 -99 -99 1.32766106160032 -99 -99 -99
-99 -2.41509847296513 -99 -99 -99 -99 -99 -99 1.57737550423882 -99
-99 -99 -99 -99 1.34811341549669 -99 -99 -99 -99 4.44225529306371
1.10327069375723 0.447388016840408 -99 -99 -0.275262666569442 -99 -99 1.23832817917926 -99 -99
-99 1.41287134101818 -99 -99 -99 -99 -99 -99 -99 -99
-99 -99 -99 -99 -99 -99 -0.176620746348163 -99 -99 1.75642853414362
0.843817530795206 -99 -99 -99 -99 2.46860341467732 1.91830801662462 1.90055490805793 1.08792991314692 -99
2.53904575111066 -99 -99 0.466177776729743 -99 -99 2.82554660572432 1.21535550211031 0.374142109797047 -99
-99 -99 -99 -99 -99 0.397460797742716 -1.4050278436436 -99 -99 -99
-99 1.22013113669452 -99 -1.11609284183747 -99 -99 -99 -99 -2.88371183538034 -99
-99 -99 0.0596306543750434 -0.312419929904433 -99 -99 0.524057469064738 -99 -99 -99
-99 -99 -0.990841256068957 -99 1.07491561405567 -99 -99 -99 -99 2.45092589632797
-99 -0.341219329513528 -99 -99 -99 -99 -99 -99 0.745119486513841 -99
-99 -2.06731717580652 -99 -99 -99 -99 -1.66315595988632 -0.933312946513961 -99 -2.75900888972427
0.944563260255155 2.99054472138291 -99 -99 -99 -99 -99 -99 -99 1.06032459383176
-99 -99 -99 -99 -99 -99 -99 -99 -99 0.195030996389084
-99 -99 -99 -99 -99 -99 -99 -99 -99 -99
-99 -99 -99 -99 -99 0.278855707826934 1.45115596684109 -99 -99 -99
-99 -0.0720214377001147 2.52868836258583 -99 -99 -99 -99 -99 -99 -1.3667977857266
-99 -99 -99 -99 -99 -99 -0.254720091875379 -99 0.360908576334674 -99
-99 -99 -99 2.23281480092744 -99 -99 -99 -99 -99 -99
1.5827678555391 -99 -99 -99 -99 -99 -99 0.805920676078107 2.19206226462405 -99
-99 -99 -99 -99 -99 -0.4511142686227 -99 -99 0.189216328972054 -0.492869824884775
-99 1.30912626569763 -99 -99 -99 2.68738116637025 -99 -99 -99 -99
-99 2.08778625990882 0.751126980280343 0.128340140434482 -99 0.544098530694207 1.6182876507567 -99 -99 -99
-99 0.497721786450317 0.156727155189349 -99 -99 -99 -99 -99 -99 -99
2.27219525484043 -99 -99 -0.753051234799504 -99 1.76787039080733 -99 -99 -99 -99
-99 -99 -99 -99 -0.420838955909555 0.241526689873617 -99 -99 0.247335426845252 -99
-99 -99 -99 -99 -99 -99 -0.475853964923045 -0.624632256186806 -99 -99
-99 -99 0.594447230374409 -99 -99 2.66440511459284 -99 -99 -99 -99
-99 -99 -99 -99 -99 -99 -99 -99 -99 -99
-99 -99 -99 -99 -99 -99 -99 -99 -99 1.91814957434002
-99 -99 2.46227364060388 1.42456934087384 -99 -99 -99 -99 0.541634538921531 -99
-99 -1.26956856568676 -99 -99 -99 -99 0.193159542912097 -99 -99 -99
-99 1.13117122980327 -99 -99 -99 -99 -99 -99 -99 -99
-99 1.24349539075187 -99 -99 -0.541394308133204 -99 -99 -99 -99 -99
2.36553847659962 -99 -99 -99 -99 -99 -99 -99 -99 -99
2.64580904786424 -99 0.883167131002262 -99 -99 -99 -99 -99 -99 -99
0.0347046136169122 -99 -0.430646368477591 -99 1.74386238659484 -99 -99 -99 -99 -99
-99 -99 -99 -99 1.10419105054143 0.739804273358442 -99 -1.10512440500318 -99 -99
-99 -99 0.989175559951409 -99 -99 -99 0.212551125943334 -99 -99 -99
2.25744999409584 -99 -99 -99 -99 -99 -99 -99 -99 1.88781825039023
-99 -0.906606357574542 -99 -99 -99 -99 -99 -99 -99 -99
-99 -99 -99 -99 2.57147059948923 -99 -99 -99 -99 -99
-99 0.221146806559299 0.904761952559723 -99 -99 -1.58211550911298 -99 -99 2.67297979303538 1.93919428724527
-99 -99 0.209134113380615 -99 -99 -99 2.01619688533886 -99 4.08543228164977 -0.502297006228632
-0.306305662861437 -99 -99 -2.03351467830952 -0.111638347616363 -99 -0.626657141781412 -99 -99 -1.48610210655174
-99 -99 -99 -99 -99 -99 -99 -99 -99 -99
-99 -1.17035170067175 -99 -99 -99 -99 -99 -0.390551340472725 -99 -99
-99 -99 -99 -99 0.800389523700385 -99 -99 -99 -99 -99
-99 2.60582358212027 -99 0.141310525029071 2.79583023941769 -99 1.04510798941703 1.17161908054367 -99 1.33332826000934
1.56155595807833 -99 -99 -99 0.312920625739491 -99 1.40661446777444 0.123157466930127 -99 -99
-99 -99 -99 -99 -99 -99 -99 -0.0710776254978209 -99 -99
-99 -99 -99 -0.928624190758092 -99 -99 -99 -1.78235686417532 -0.661909597887555 0.818638422608321
-99 -99 -99 -99 0.602309195228906 -99 -99 -99 -99 -99
-0.463850223246693 -99 -99 -99 1.66169034866211 -99 -99 -99 -99 -99
-99 2.11786750188198 -99 -99 -99 3.04774442780566 3.103522152979 1.28380921085513 -99 -99
-0.407925133874769 -99 -99 -99 -99 -1.71041660575542 -99 1.8762204990391 -99 -99
-99 0.0451400507377309 -99 1.1682047333483 -99 -99 -99 -99 -99 1.57348804808353
-99 -99 -99 -99 -99 -99 4.15659417547062 -99 -99 -99
-99 -99 -99 -99 2.05893997738247 -99 -99 2.54068185422962 -99 -99
-99 -99 -99 -99 -99 -1.03251014056788 -0.283301146867059 -99 -99 -99
-99 1.72111357926488 -99 -99 -99 -99 0.392562512540578 -99 -99 -99
-99 1.51494577056279 1.7388325701101 2.05544052532615 -99 -99 -99 -99 1.34314042157356 -99
-99 -99 -99 -99 -1.10944671260907 1.35890937644685 -99 -99 -99 0.848237739736379
2.07852607003883 1.75747064179199 -99 -99 -99 -99 -99 -99 -99 -99
-99 1.15625587803775 -99 1.09740708482025 -99 -0.887458945164286 0.675398589553658 -99 -99 -99
0.609680453273057 -99 -99 0.557479736027402 1.12072437548019 -99 -99 -99 0.795874848641581 1.50370260982893
-99 1.97738300301057 -99 -99 -1.20740383576288 0.273489621111695 -99 -99 -99 0.780521027278518
