-99 -99 -99 -99 -99 -99 -99 -99 3.35595112761281 -99
-99 -99 -99 -99 -99 -99 1.49234751636412 -99 -99 -99
0.704364752617967 -99 1.64325629049331 -99 -99 -99 2.68599583293014 2.66591358509769 -99 -99
-99 -99 -99 -99 -99 -99 0.663069854979124 -99 -99 -99
-99 -99 -99 -99 -99 -99 -1.32692986700602 -99 -99 0.843458694121869
-99 -99 -99 -99 -99 -99 -99 -99 -99 -99
-99 -99 -99 -99 -0.38363910912421 -99 -99 -99 -99 -99
-99 -99 -99 -99 -99 -99 -99 -99 -99 -99
-99 -99 -99 -99 -99 -99 -99 -99 2.00210392916392 -99
0.946469953069144 -99 -99 -99 -99 0.599659956714707 -99 0.0722147074995553 -99 0.240014714528155
-99 -99 -99 1.50092962698103 -99 -99 -0.154944339283636 -99 -99 -99
3.10080507090274 -99 -99 0.492787814633218 -99 2.02618114935896 -99 0.447807438203002 2.45794343639584 -99
-99 0.5223681214541 -99 -99 -99 2.05736485532123 -99 -99 1.58378407441134 -99
-99 -99 -99 3.30036300993444 -99 -99 0.712691546288585 -99 2.65280672716254 -99
-99 -99 -99 -0.861680078752187 -0.285468422536808 -99 -99 -99 -99 -99
-99 -99 -99 -99 -99 -99 -99 -99 -99 -99
1.25511851394438 -99 -99 -99 -99 -99 1.86592300527463 -99 -99 -99
-99 0.108783287276858 -99 -99 -99 -99 -0.151009894721972 -99 -99 -99
-99 -99 -99 -99 -99 -99 -0.960673380094766 -99 -99 -99
-99 -99 -0.649682919167291 -99 -99 -99 -0.369025167559869 -99 1.88871074933843 -99
-99 -99 2.14840544838236 -99 -99 -99 -99 -99 -99 -99
3.42119324076132 -99 -99 -99 -99 2.38589544083719 -0.727845818851608 1.80054561035701 -99 -99
-99 -99 -99 -99 -99 -99 -99 2.29448093087946 -99 -99
2.06218574270948 -99 -99 -99 -99 -99 -99 -99 -99 -99
-1.60637676031776 -99 0.164544944988248 -99 -99 -99 -99 -99 0.672576074124272 -1.17049511390945
-99 -99 -99 -99 -99 -99 -99 -99 -99 -99
-99 -2.08646953345401 0.838746938185711 -99 -0.122200190554952 -99 -99 -99 -0.158023147490642 0.587861944491863
-99 -99 -2.09476640874488 -99 -99 -0.230335414959197 -99 -99 -99 -99
0.34822381008702 -99 -0.315174228673082 -99 -99 -0.159504269790405 -99 -99 -99 -99
-99 -99 0.838051250329747 -99 -99 -99 -99 -99 -99 2.08729081002834
-99 1.70990075500256 -99 -99 2.54616625068414 -99 -99 -99 -99 -99
1.40564974119676 -99 -99 -99 0.238524538076486 -99 -99 0.141552950040654 0.487515221683603 -99
-99 -99 -99 -0.424155190678476 -99 -99 -2.11002749837552 -99 0.559771794829564 -99
-99 -99 -99 -1.25074321207638 -99 -99 -99 -99 -99 0.963888434983121
-99 -99 -99 -99 -99 -99 -99 -99 -99 -99
1.68778712961662 -99 -99 -99 1.2039411943152 3.8941050557288 -99 -99 -99 -99
-0.519319102385646 0.487709643517985 -99 -99 -2.16932742726576 -99 -0.741449204253318 -99 -99 -99
0.0763292463314377 2.02823878406129 -0.0899801948414196 -99 -99 -99 -99 -99 1.38685049399886 1.95468343659992
-0.127663447737273 0.504745236702726 -99 -0.943228671785628 -99 0.0885781306252917 -99 -99 -99 -99
-0.421753497798598 -99 -99 -99 -99 -0.134619839871649 -99 -99 1.88655400611746 -99
-99 -99 1.88677732715139 -99 -99 -0.486608764299707 -0.245423460385554 -99 -99 -99
-99 -99 -2.06032929833633 -99 -99 -99 0.372620938049627 -3.45996342799772 -99 -99
-99 -99 -99 -99 -99 -99 0.800034232312841 -99 2.21711521983675 -99
0.5219394947767 -99 -99 -99 -99 -99 -99 -99 -99 0.962139982989444
-99 -99 0.175152999865794 -99 -99 -99 -99 -99 -99 -99
-99 -99 -99 -99 0.136438705671705 -0.63459274558077 -0.0774179503225871 -99 0.527144820379295 -99
-99 -99 -99 -99 -99 -99 -99 -99 -99 -99
-99 -99 -0.305226216797274 -99 -99 -99 -99 -99 -99 -99
-99 1.26037445970097 1.58191934953592 0.28360371005371 -99 -99 -1.29097864358298 -99 -99 -99
-99 -99 -99 -99 0.499354158915777 -0.809256630314288 -99 3.42152872041593 -0.244266361312805 -99
-99 -99 -99 -99 1.13207077862671 2.34679351545457 -99 -99 -99 -99
-0.795161518040445 -99 -99 -99 -99 0.707430013307742 -99 -99 -99 -99
-1.26913160157055 -0.0348109017236311 -99 -99 0.704044393147773 1.05042908831702 0.634751582857397 -99 -99 -99
-99 -99 2.49068350862067 -99 -99 -99 -99 -99 -99 -99
-99 -99 2.16175761753789 2.35204335238374 0.506350558043554 -99 -99 -99 -99 1.06765979357141
-99 -99 -99 -99 -99 -99 -99 1.12108243945204 -99 1.23086667548456
-99 -99 -99 2.22455707179942 2.5878508312748 -99 -99 -99 -99 -99
-99 -99 -99 -99 -0.461830403825018 -99 -99 -99 -99 1.46079007283079
2.65844603211296 4.35798098551376 -99 1.85025990110917 -99 -99 -99 -99 -99 -99
-99 4.03927755650246 2.47376205240092 -99 -99 0.75850952226141 -99 -99 4.06425922351542 -99
-99 -99 -99 -99 -99 -99 -99 -99 0.90173398650275 -99
0.792081962597953 -99 -99 0.686297474904801 -99 -99 2.74330177794969 -99 -99 0.834892327058333
1.85186147526284 -99 -99 -99 -99 -99 0.806244179945806 -99 -99 1.66162097112694
-99 1.99311466882298 1.02258564669866 -99 -99 -99 -99 -99 0.127822066951736 0.623628857814682
-99 -0.279341293483397 -99 -99 -99 -99 -99 -99 -99 -99
-99 -99 -99 1.03023473667292 0.587332183034452 1.81141881549858 -99 -99 -99 -99
-99 -99 -99 1.96285789876404 0.876195456475902 -99 -99 -99 -99 -99
-99 -1.39465257688159 -99 -1.1057378079187 -0.385280511803772 -99 1.03822689687694 -99 -99 -0.536800677678189
-99 -99 -99 -99 -99 -99 2.73116837615321 -99 -99 -99
-99 -99 -99 1.12756270173354 -99 -99 0.254793279825288 -99 0.084120287831668 -99
-0.930877607053819 -99 -99 -1.62775535480914 -1.59065697099835 -99 -99 -2.03467358090452 -99 -99
-99 1.18449497753053 -99 -0.141107548316474 1.15085571724729 1.88195542028604 -99 -99 -99 -99
-99 -99 -99 -1.12851941103341 -1.23312371779614 -99 -99 -0.229518592846572 -99 -99
1.26931706494537 0.932317675280314 0.707041592531102 -99 0.402749756966161 -99 2.11400448962099 1.02514846363106 -99 -99
-99 -99 -99 -99 -99 2.58277698746868 0.101999849218765 -99 -99 -99
-0.227064534543424 -99 -99 -0.921921515713865 0.550489225351315 -99 -99 -99 0.0129856128742699 -99
1.93510584802737 -99 -99 -99 -99 2.03352467079558 -99 -99 -99 -99
-99 -99 -99 -99 1.65314681538706 -99 -99 1.37395857256813 0.823744084808689 -99
-99 1.89690038276361 -99 -99 3.06007509571871 -99 1.21257848717301 -99 -99 -99
-99 2.46984748366512 -99 -99 -99 -99 -99 -99 -99 -99
-99 -99 -99 -99 -99 -99 -99 -99 -99 -99
-1.25671522613217 -99 -99 -99 -99 -99 -99 -99 -99 -0.341611620347786
-99 -99 1.6434601927068 -99 0.783951502399959 -99 -99 -99 -99 -99
-99 -99 -99 -99 1.04696102776166 -99 2.86090563720955 -99 -99 2.31146712644969
-99 1.42371370929206 3.35595360758774 -99 1.62826441111856 -99 -99 -99 -99 -99
0.318764048667123 -99 -99 -99 -99 -99 -1.23594533392011 -99 -99 1.83777773428134
-2.4646312817032 -99 -99 -99 0.42064154646278 -0.452788869789652 -99 1.83006434857122 -0.11494688228338 -99
-99 -99 0.403420514253897 -99 -99 -99 -99 -99 -99 -99
-99 -99 -99 -99 -99 -99 -99 -99 -99 -99
2.38302215409883 -99 -99 -99 -99 -99 -99 1.35690175259601 -99 0.999569129224055
-99 -99 -99 -0.265741223881921 -99 -99 2.94809595169067 1.84444892625589 1.82321859417437 -99
-99 -99 0.476248278621122 -99 -99 -0.19578070866795 -99 0.764882434455395 0.661564089465475 0.401188001966774
-99 -99 0.49604951843012 -99 -99 0.874483910312246 -99 1.71951732044518 -99 2.12536459077935
-99 -99 1.39632510064771 -99 -99 -99 -99 -99 -99 -99
2.83425109063061 -99 1.54781434072871 -99 -99 -99 -99 -99 -99 2.88985351189109
-99 -99 -99 -99 -99 3.14336679369144 3.23113619468034 2.61540237064621 -99 -99
-99 -99 -99 -99 1.19904777113868 -99 -99 0.365279118798443 -99 -99
2.15275023229178 -99 -99 0.519652201368149 -99 -99 0.415919884398816 -99 -99 -99
-99 -99 -99 2.27002461643403 -99 -99 -99 -99 2.9900103147458 -99
1.44538931568283 -99 -99 -99 -99 0.916028940500903 -99 -99 0.657339559550297 -99
-0.434430951752774 -99 -99 -1.08031155996631 -99 -99 -1.01351970887461 -99 -99 0.108416375893328
0.275881766497 -99 -99 -99 -99 -2.43621009765145 -99 -99 -99 -99
0.710622990507886 -99 -99 1.48324223744492 -99 3.10042241926077 -99 -99 -99 -99
-99 -99 -99 2.62540416904984 -99 -99 -99 -99 -99 -99
-99 0.329066187900491 1.79643781423398 -99 -99 -99 1.92760271194598 -99 -99 -99
2.32741117587502 -99 -99 -99 -99 -99 0.367836677104175 -99 -99 -99
-99 0.553920899537728 -99 -99 -99 -99 -99 0.0400693016626279 -0.0677642055860863 0.47490561497741
-99 1.83597397110121 -99 2.02676756495234 -99 -99 1.18508670341046 -99 3.40122683560098 -99
-99 -99 1.29311590347663 -99 -99 -99 -99 -99 -99 -99
-99 1.39234372194373 -0.724692558860864 -99 0.670711575864724 -99 2.79731398298143 -99 -99 2.50551841381727
0.534360122801338 -0.79799242760513 -99 -99 0.0459809826191325 -99 -99 -99 -99 -99
-99 -99 -99 -99 -99 -99 3.90638264102396 -99 -99 3.59444562919172
-1.72115299542947 -1.41986208503777 -1.547361993292 1.16653283084961 -99 -2.49392736443578 -99 -99 -99 -99
1.81911915431328 -99 1.7556103880511 -99 -99 -99 -99 -99 -99 -99
-99 -99 0.571952168444699 -99 -99 0.204658682620751 0.30208782788026 -99 -99 -99
-99 3.39067651213951 1.92742566385903 -99 2.75120556749624 -99 -99 -99 1.93950123322693 -99
-99 0.82357388195554 -99 1.16895965606859 -99 -99 -99 -0.557348560720883 0.774101223023633 -99
-99 -99 -99 -99 0.54274961948981 -99 -99 -99 -0.0611967990832853 -99
0.0298815456303522 -99 -99 1.14265337684402 0.0926450461987264 -99 -99 -99 1.16527446765001 -99
0.0174846473512097 -1.51558576067989 -99 -1.60598856810373 -99 -99 -99 -99 -99 -99
1.24704044211906 -99 -99 -99 2.58397067220087 -99 -99 -99 -99 -99
-99 -0.0909105110051436 2.30803157089784 2.87903684860869 -99 -99 2.26300130366859 2.49525588533131 -99 2.19563150152738
-99 2.26919402876022 -99 -99 2.47597818516754 -99 -99 -99 -99 -99
-99 -99 0.190409914004492 -1.13826123171708 -99 -99 2.17697949439039 -99 0.644488020472327 -99
-99 -99 2.3108447518401 -99 -99 1.03477586979513 3.20234911171642 -99 -99 -99
-99 -99 -99 -99 -99 -99 -1.35669582884431 -99 -99 0.64886970453038
-99 0.0824401195936383 -99 -99 -99 -99 -99 -99 -0.553177928763088 1.81916425983046
-99 -99 -99 2.00641903775443 3.77405579629387 -99 -99 1.49841588777579 -99 -99
-99 -99 -99 0.757248895045202 -99 -99 -99 -99 -99 0.167860778311513
-99 0.104130855537228 -99 1.33256105301855 2.86060177801759 1.87685703651814 -99 -99 -99 -99
1.79894419993234 0.885231392874639 -99 2.75788492165668 -99 -99 3.08195814656515 -99 -99 -99
-0.391609436869019 -99 -0.9403973784191 -99 -99 1.66762818421385 -99 -1.47575686070452 -99 -99
-99 -99 -99 0.554685948309254 -99 -99 1.10406819783694 -99 -99 1.24616483021267
-99 -99 -99 -99 -99 -99 -99 -99 -99 -99
-99 -99 -99 -99 1.50559389471255 -99 -99 -99 -99 -99
-0.83526129247059 -99 -99 1.19287393886436 -99 -99 -0.940409121013312 -0.682645259148244 -99 -99
-99 -99 -99 1.02435652690902 -99 -99 -99 -99 0.82834452693669 -99
-99 -99 -99 -99 -99 -99 -99 -99 -99 -99
-99 -99 0.400120246007101 -99 0.329129088262384 -99 -99 -99 1.80393970495114 2.14944587629208
-99 2.15312662306051 -99 -99 -99 -99 -99 -99 -99 1.50888179393396
-99 -99 -99 -99 -99 -99 -99 -99 -99 -99
-1.00607370115264 -99 -99 -99 -99 0.17509225999612 -99 -99 -99 -99
-99 -99 -99 -99 1.38440260013642 1.02116282001032 -99 -99 -99 -99
-99 -1.60192261323572 -99 -99 -99 -99 -99 -0.566643889380693 -99 -99
-99 1.28119277664508 -99 -99 -99 -99 -99 -0.532664082809674 -99 -0.960865593784187
2.0223601125031 -99 -99 1.71915587065386 1.97477768905721 -99 -99 -99 1.06772232957717 2.44464931030511
-99 -99 -99 -99 -99 -99 -99 1.04639088053593 -99 -99
1.27982478386363 -99 -99 -99 -99 -99 -99 -99 -99 -99
-1.07659354997636 -99 -99 -99 -99 -99 -99 -99 -99 -99
-99 -99 0.215434160024712 -99 -99 -99 -99 -99 -99 -99
-99 0.237050982185195 -99 -99 0.722302376209735 -99 -99 -99 -99 -99
0.925159529014625 0.743761755515996 -99 -99 -99 -99 -99 -99 -99 -99
-99 1.18308150610869 -99 -99 -99 -99 -99 1.58591064029747 1.17199978642191 1.88000351582875
-99 -99 3.23338404258848 4.72536753278254 -99 4.42038049165185 -99 -99 3.75455283478638 2.6023997805792
-99 -99 4.37652400145729 3.17103449989274 -99 -99 -99 2.21511747371512 -99 1.26777583238638
-99 -99 1.18517800159628 -99 -99 -99 -99 -99 -99 -99
-99 -99 -99 -99 0.963953453028675 -99 2.86152837736967 -99 -99 1.50409768307819
1.76757074206831 2.26011663289263 -0.80489524323814 -99 -99 -99 0.38627031628534 -99 -99 1.41858142433933
2.83120258790089 -99 -99 -99 -99 -99 -99 -99 -99 0.221114180949169
-99 -99 -99 -99 -99 -99 -99 -1.28290910964113 -99 -0.838829980095983
0.263204556976718 -99 -0.103216526286119 -99 -99 -99 1.16774740158907 -99 -99 -99
-99 -99 -2.26685064138296 -99 -99 -99 -99 1.79617655235505 -99 0.861924994957956
-99 -99 -99 -99 -99 -99 -99 -99 -99 -99
-1.16365970033658 -99 -99 -99 -99 -99 -99 1.24898557994957 -1.19193191750031 -2.9133333871494
1.76346178143431 -99 -99 -99 -99 -99 0.851574968997584 -99 -99 -99
1.01467461076936 -99 -99 -99 -99 0.119213347697824 -0.286866422747565 -99 -99 -99
-99 1.95002726902035 -99 -99 -99 -99 -99 -99 -99 -99
-99 1.52814813318646 -99 -99 2.35972555052989 -99 -99 -99 -99 -99
-99 -99 -99 -99 -99 -99 -99 -0.0829208604087548 -99 0.894130283086902
-99 0.81503865680697 -99 -99 -99 -99 -99 -99 -99 0.307929793184661
1.60953931216731 -99 -99 -99 0.456778095546729 -99 -99 1.51716057635622 -99 -99
-0.0641438696764793 -99 -99 -0.0381831153168073 2.33577161705453 -99 -99 -99 0.452835456751539 -99
0.633184991950776 3.35045525857475 0.654273241373248 -99 -99 -99 -99 0.635816517104708 -99 0.735222338312727
-99 -99 2.70981037230811 -99 -99 -99 -99 -99 0.186530493298356 1.21979909858687
0.607140400198205 -99 -99 -99 -99 -99 -99 -99 -99 0.556634487465699
-99 -99 -99 0.914864369184358 -99 -99 2.82556067748789 -99 -99 -99
-99 -3.30603465203068 -99 -2.59014231695434 -1.85271433088374 -2.03907017577012 -99 -99 -99 -99
-99 0.845273332053283 -99 -99 1.52224740074427 -99 -99 0.384929099788917 -99 -99
-99 1.10384170068906 0.744165277429737 -99 -99 -99 -99 -99 0.256511707143963 -1.29637343493864
-0.311004200047463 -99 -99 -99 -99 -99 -99 -99 -99 -99
-99 -0.802804886384334 -0.661157281341324 -99 -99 2.059670959961 -99 -99 -99 -99
-99 -99 -99 1.8249323666078 -99 -0.0516400733030138 -99 -99 -99 -0.37759194594916
-99 -99 -99 -99 -99 -99 -99 -99 -1.15462158322275 -99
-99 -99 -99 -99 -99 -99 -99 -99 0.140552018290784 -99
0.435271490035149 -99 -99 -99 -99 -99 1.55764026114156 -99 2.72284005695399 -99
-99 -99 -99 -99 -99 0.845209581056097 -99 -99 -99 2.70290194131145
-99 -99 -99 -99 -0.706974934920014 -99 -99 -99 -1.75554304547915 -99
2.85050878900357 2.80549025588976 -99 -99 -99 -99 -99 -99 1.34784349822208 -99
-99 -99 -99 -99 -99 -99 -99 -0.200211715919241 -99 -99
-99 -99 -99 -99 -99 -99 1.78509211464797 -99 -99 1.4238900480451
-99 -99 -99 -99 -99 1.36003400897925 -99 -99 -99 -99
-99 -99 0.379302599784127 -99 0.941063115724779 -99 -99 -99 0.995026241980614 -99
0.226306878400333 -99 -0.344290460310433 -99 -99 -99 -0.185398920108845 -99 -99 0.0335114033064594
-99 -99 0.819382893287931 -99 -99 0.325826183080138 -99 -99 -99 1.20346477593617
-99 -99 -99 -99 -99 -99 -99 -99 -99 0.223095633870774
-99 -99 -99 -99 2.1410154644336 3.1945380538744 4.66847358037308 1.62407954171509 -99 -99
0.654694770361009 0.158875829937007 2.5601908690585 -99 -99 -99 -99 -0.869398285134811 -0.367406147428956 1.67786498337663
-99 -99 -99 -99 -99 -99 -99 -99 -99 -99
-99 -99 -99 -99 -99 -99 3.02664561932594 -99 -99 -99
-99 -99 -99 1.5032294297295 -99 1.33643267728225 -99 -99 1.71609509759441 -99
-99 -99 -99 -99 -99 0.16252899529743 1.24648075128116 -99 0.169397392034156 -99
-99 4.05207304412101 4.59687228693385 -99 -99 -99 1.66396710408226 -99 -99 -99
-99 -99 -99 -99 -99 -99 -99 -99 -99 0.826302376285778
-99 -99 -99 -99 -99 -99 -99 -99 -99 -99
2.84916728736663 -99 -99 -99 -99 -99 -99 -99 -99 -99
-99 -1.04229979712265 -99 -99 -1.46846547746627 -99 -0.559247392826888 -1.01119404125644 -0.105259125632465 0.946396453308861
-99 -99 -99 -99 -99 -99 -0.51633461695282 -99 -99 1.71166771281293
-99 2.48011719612752 1.74225438906113 -99 0.913526758098027 -99 -99 -99 1.0295477086253 -99
-99 -99 2.4091000956439 -99 -99 -99 -99 3.31019965549021 4.28342375325275 1.76904015050823
-99 -99 1.75366807658461 -99 -99 -99 -99 -99 -99 1.10551124181419
-99 1.57795096280111 -99 -99 -99 -99 -99 -99 -99 -99
-99 -0.657474648021713 -99 -99 -99 -99 1.4998671035772 -99 -99 -99
0.236293035682289 0.302072100852276 -99 -99 -99 -99 -99 -99 0.351732295732818 -0.585033421637917
2.01061386354722 -99 -99 -99 0.863266490112491 -99 2.27191008073522 -99 -99 -99
0.0641895647181229 -99 -99 -0.298816621602592 -99 -99 -2.07202213559235 -99 -99 -99
-99 1.5631457344207 -99 -99 -0.280393878078537 -1.2061744255305 -99 -99 2.30497836709529 -99
-99 -99 -99 -99 -99 -99 -99 -99 -99 -99
-99 -99 -99 -99 -99 -99 -0.259344658435894 1.6557035102566 -99 -99
-99 -99 0.617881893036862 0.975013240996275 0.0472218489282271 -99 -99 -99 2.04365229104562 -99
-99 -99 -99 -99 -99 -99 -99 -99 -99 -99
-99 -99 -99 -99 -1.78250543257169 -99 -99 -99 -99 -99
1.08462864966748 -99 -99 -99 1.318023610793 -99 -99 -99 -1.02197429181425 -99
1.08413786191091 -99 -99 -99 -99 -99 -99 -99 -99 -99
0.62462976337906 0.0328926251978806 -99 -99 -99 -99 -99 -99 -99 -99
-99 -99 -99 -99 -99 0.832446970871634 -99 1.51384467439161 -99 -99
-99 -99 -99 -99 -99 -99 -99 -0.428332703904831 -99 -99
0.759153327624476 -99 1.58800626060486 -99 0.925177133856287 -99 -99 -0.102685623051874 -99 -99
0.677044764387676 -0.853845380689187 -99 -99 -99 2.74035979274966 -99 -99 0.0925808725221802 -99
-99 0.442364426273745 -99 -99 -99 -99 -99 -99 -99 4.06620501518214
-99 -99 -99 -99 -99 2.30273796747978 2.72579647798914 2.00635050735395 -99 0.452366150832066
-99 -99 0.500095492444358 -99 -99 -99 -99 -99 -99 -99
-99 -99 1.37872429970514 -99 -99 0.586311000221681 2.08672746667924 -99 -99 -99
-99 -99 -99 -99 -99 -99 -99 -99 -99 2.11511855248243
-99 -99 1.31572005304388 -99 -99 -99 -99 0.733391512940943 -99 -99
-99 -99 -99 2.67800861905595 3.97626132896952 -99 2.30909843819809 -99 -99 -99
-99 -99 -99 -99 -99 1.49540039886782 -99 2.16470292372593 -99 -99
-99 -99 1.13542017516254 -99 -99 -99 1.43074969768951 -99 -99 2.27631522793573
-99 -99 3.90334087657571 1.36956606941818 1.8443244004974 -99 -99 -99 -99 -99
-99 -99 -99 0.963678516701796 1.99360009356458 3.50579994241718 -99 -99 -99 -99
-99 -99 -99 -99 -99 -99 -99 -99 -99 -99
-99 -0.302935832710615 -99 -99 -99 -99 -99 0.0502215794333447 -99 -99
1.10090819349779 -99 -99 -99 -0.61416586360431 -99 -99 -99 -99 -99
-99 2.85135116727907 -99 1.84912209212353 -99 -99 -99 2.87496154646906 -99 -99
-99 -99 -99 -99 -99 -99 0.0462878491822127 -0.554278723550973 -99 -99
-99 0.708794969834377 -99 1.02686256141269 1.58950871837024 -99 -99 -99 -99 -99
0.0757929149779538 -99 -99 1.51635056775268 -99 -99 -99 -99 -99 -99
-99 -99 -99 -99 -99 -99 -99 -99 -99 -99
1.10671947584133 1.18564018385469 1.98170602685108 0.755148901807675 -99 -99 -99 1.41420142533183 -99 -99
-99 -0.357530555598373 0.54706724266135 -99 1.54379907863158 -99 -99 0.408717061882326 -99 0.529184600632473
-99 0.850404830252861 3.31887331230094 -99 -99 -99 -99 3.02912897321082 1.29128826165767 -99
-99 -99 -99 -99 -99 -99 -99 -99 -99 -1.1033986086505
-99 1.53473568848328 1.71766283053193 -99 -99 -99 0.890343350599838 -99 -99 -99
-99 3.58222597629435 -99 -99 -99 -99 1.84832083570923 -99 1.91407462306136 -99
-99 -99 -99 -99 -99 -99 -99 -99 -99 -99
-99 -99 -99 2.31350680986969 -99 -99 -99 -99 1.48121037276737 1.98618393581223
0.246807966808858 1.13642574010742 -99 -99 -99 -0.336091254215835 -99 -99 -99 -99
-0.616920305102045 -99 -99 -99 -99 -99 -99 -99 -1.88817287541623 -99
0.0481105518334055 -99 -99 -99 1.37392255656739 -99 1.37165099827058 -0.491388456368547 -99 -99
-99 -99 -99 -99 -99 -99 -99 2.3313950979859 -99 1.85797423817353
-99 -99 -99 -99 -99 -99 -99 -99 -99 -99
-99 -99 -2.27367623689366 -99 -99 -99 -99 -99 -0.825099879575275 -99
2.65891140402042 2.54597235761687 -99 2.12652081073444 -99 2.95726196646238 -99 1.08371332849579 -99 2.20291761756809
-99 -99 -99 -99 3.47048923632158 -99 -99 -99 2.53722713650756 1.82714767741839
-0.120699524438183 -99 -99 -0.475261550045349 -99 -99 -99 -99 -99 -99
-99 -99 2.33214603917956 -99 1.22525425556449 -99 3.60136271326457 -99 3.20486069508689 -99
-99 2.77695347914663 -99 1.06178376856897 -99 1.63313100023762 -99 -99 -99 -0.076250713507092
-99 -99 -99 -99 -99 -99 -99 0.727166443594231 -99 -99
-99 -99 -99 1.11710390824911 0.803445571746772 -99 -99 -99 -99 0.252954044447936
-99 -99 -99 -99 -0.876094760131689 -99 -99 -99 -99 -99
-99 -99 -99 -99 -99 -99 -0.323901300055392 0.202401948770989 0.4446957043054 -99
-99 -99 2.44454416652011 -99 -99 -99 0.44322690821291 -99 2.8930077819777 -99
-99 -99 -99 -99 -99 -99 -99 -99 -99 -99
-99 0.574394253199477 -99 -99 -99 -99 1.39542165977447 -99 -99 -99
-99 -99 -99 -99 -99 -99 -99 -99 -99 1.63902279751122
-99 -99 -99 -99 -1.47959568088404 -99 -0.341677403996284 -99 1.55442499795255 -99
-99 0.627938834183042 -99 -99 -99 -0.274554171331959 -99 -99 -99 -99
-99 -99 -99 -99 0.867805120441703 -99 -99 -99 -99 -99
-99 1.12195168226753 -99 -99 -99 2.07576776051916 -99 -99 -99 -99
-99 -0.972103285821019 -99 -99 -99 -1.55795171692556 -99 -99 -1.2218454487891 -1.34516770845382
-99 -1.84205124953694 -99 -99 -0.256412235156435 -99 0.219349301546233 -99 -99 -99
-99 -99 -99 -99 -99 1.69997122596939 -99 -0.31663650727063 -99 -99
1.01231564212696 0.725471373796131 -99 -99 -99 2.45412748863923 1.37603055081643 -99 -99 -99
-99 2.86122917363964 -99 4.14839406072606 -99 3.41111641684415 -99 -99 -99 1.40645886134899
-99 -99 1.54656203160759 -99 1.99601193737106 -99 2.72684987212356 -99 -99 -99
2.63702106923406 -99 -99 -99 -99 -99 -99 1.86112122816594 1.70454715402708 -99
-99 1.30929417336202 -99 1.92242955286306 -0.336927165806434 -99 1.1661231843232 -99 -99 0.118795515759505
-99 -99 1.27271183705777 -99 -99 -99 0.0316840778147714 -99 2.10414204603653 -99
-99 0.519353780949927 -99 -99 -99 -99 2.60199560569854 -99 -99 -99
-99 -99 -99 -99 -99 -99 -99 1.54619226375455 -99 -99
-99 0.0151464778069184 -99 -99 -99 1.64313182927412 -99 1.50072372884466 -99 -99
-99 1.38579576500069 1.39792406661801 1.45986186361522 -99 -99 -99 -99 -99 -99
-99 2.20456894011722 -99 -99 -99 2.02470138961218 1.61507848831004 -99 1.46390201162628 -99
1.63210797273158 -99 -99 -99 0.536730005793584 -99 -99 -99 -99 -99
-99 -99 -99 -99 -99 -99 -99 0.853450038961999 -99 -99
2.64471350219912 1.90153883706897 1.06604975074792 2.55924252731355 -99 2.37298680998401 3.02401227449833 2.53410430519799 -99 -99
-99 -99 -99 -99 2.32368514028536 0.858035625040443 -99 1.49627640170242 -99 -99
-99 -99 2.08616927897548 -99 -99 1.35360950796223 -99 -99 -99 1.39699781196844
-99 -99 -1.21153699802667 -99 -99 -99 -99 -99 -99 -99
-99 -99 -99 -99 2.21648305826425 -99 -99 -99 -99 -99
-0.974540598414029 2.42525087295281 -99 -99 0.431096946809152 0.430014599343896 -99 -99 -99 -99
1.37692462872161 1.57594001722506 -99 -99 -99 -99 -99 -99 -99 -99
-0.355204235800358 -99 -99 0.866896570026583 -99 -99 -99 -99 2.5711048937492 -99
-99 -99 -99 -99 -99 -99 1.52340505942178 -99 -99 1.4561166710495
-99 3.38078985061007 -99 -99 -99 4.00181386156789 -99 2.77706946352605 -99 -99
-99 1.58331021685212 -99 -99 -0.603916461402813 0.655153881638145 -99 -0.415934112972085 -99 1.08686525024221
-99 1.20852115414513 -99 -99 -99 -99 -0.367950322883781 -99 -99 -99
1.34200760734286 -99 2.3112607881406 -99 -99 -99 -99 -99 1.94303211429805 -99
0.495014384102838 -99 -99 -99 -99 1.01918561865484 -99 3.33197992636017 -99 2.73592505062095
-99 -99 -99 -99 -99 1.30652833786284 -99 1.4352982506266 1.44593425871836 2.66076106652029
-99 0.218037326949415 -99 -99 -99 -99 -99 -99 -0.442296880140737 -0.753586561340051
-99 -99 0.0647778772299643 -0.526812681234581 -99 -99 -0.130124474410619 -99 -99 -99
-99 -99 1.61951941031318 -99 -99 -99 -99 -99 -99 -99
-99 -99 -99 1.07871357829195 -99 1.38473933181849 -99 1.22564260845448 -99 -99
-99 -99 -99 -99 -99 -99 -99 -99 1.8609939998374 -99
-99 -99 1.73453866565339 -99 -99 -99 -99 -99 4.38663161186475 1.84874761672607
0.228518119884086 -2.32364067620089 -99 -2.21673886618952 -99 -99 -99 -99 -99 1.48611506173789
-99 -99 -99 -99 -99 -99 -99 -99 -99 1.54720823417153
-99 -99 -99 2.48970613145929 -99 0.226776695038645 -99 -99 1.99903451546315 -99
-99 1.99262948670943 -99 -99 -99 -99 -99 -99 -99 -99
-99 -0.700603227609918 -99 -99 2.71920987554704 -99 -99 0.846922499571541 1.25023351050671 -99
-99 1.13965077110904 1.02599752381692 -99 -99 -99 0.89798531923657 -99 -99 -99
5.02380971720828 -99 2.25066119129251 -99 3.82210456655298 -99 -99 2.56246161922368 2.73060462087492 -99
-99 -99 0.399877113450254 -99 -99 -99 -99 -99 -99 -99
-99 -99 -99 -99 -99 -99 -1.32289093063068 -1.91478486896553 -99 -1.71844783612009
-99 -99 -99 -99 4.38946605683627 3.7385243396618 -99 -99 3.36120432549314 4.42619499860894
0.35839570268443 -99 -99 1.65972918797008 -99 -99 -99 -99 -99 -99
1.2167603387028 -99 -99 0.0989418409095233 1.47722543655996 -99 -99 1.54583630565428 -99 4.89491105953499
2.9323349643818 1.892894194763 -99 -99 -99 -99 -99 -99 -99 -99
-99 0.607040195299313 -99 -99 -99 -99 -99 -0.133692530700053 -99 -99
-99 -99 -99 -99 -99 2.28590240186338 -99 -99 -99 -99
1.47871156834387 -99 0.245660767818369 2.88382951993017 -99 -99 -99 -99 -99 3.01239428504427
-99 -99 -99 -99 0.633156868645631 -99 -99 -99 -99 -99
-99 -99 -99 -99 -99 -99 1.95278365217625 -99 -99 -99
-99 -99 2.81356653073766 -99 -99 -99 3.01321358019713 -99 1.47227730630159 -99
-99 0.569942367836762 -99 -99 -99 -99 -99 -99 -99 -99
-99 -99 -99 -99 -99 -99 -99 -99 -99 -99
-99 -99 0.371515460615263 -99 -99 -0.564296552034391 -99 -99 -99 0.846023119493181
-99 1.13413068889044 -99 -99 -99 -99 -99 -99 2.24238423026294 -99
-99 -99 -99 0.249815672931881 -99 -99 1.07772907841 -99 -99 -99
-99 0.0744901554301681 -99 1.68460961955105 1.16641638071989 1.35665486810958 2.17231061989149 -99 -99 -99
-99 -99 -99 -99 -99 -99 -99 -99 -99 -99
-99 -99 0.108191360348394 -99 -0.483289308012181 -99 -99 -99 -99 -99
-99 -99 -99 -99 1.28449249499869 -99 1.06126695825698 -99 -99 -99
-0.879383618678386 -99 -99 1.17474250595084 -99 -99 -99 -99 -99 0.969966740054013
-99 -99 -99 -99 -99 1.19699974490473 1.2444531437912 -99 -99 -99
0.349883767705632 -99 -0.297830596884937 0.312244999850324 -99 0.513716720078905 -99 -0.725924417513057 -99 1.24711298826196
-99 -99 1.81786782411376 -99 1.94455031967177 -99 1.63357419689521 -99 0.00866059536538666 -99
1.89754409375039 -99 -99 -99 2.69372480960072 -99 -99 -99 -99 -99
1.63964090299965 -99 1.56593310153891 -99 1.04819468155 -99 -99 -99 -99 2.10171975271346
-99 -99 0.680104399336324 -99 0.51121178696619 -99 -99 -99 -99 -99
-99 -99 0.651917083804351 -99 -99 -99 -99 -99 -99 -0.284839908639472
-99 -99 -0.54739403643315 -99 -99 2.28354676836827 -99 -99 -99 -99
-99 0.00609720320951612 -99 -99 0.471503227811136 0.733246584260118 -99 -99 -0.547679024397008 -99
-99 -99 -99 -99 -99 -99 -99 -99 -99 -99
-99 -99 0.847669645168407 1.78440050575035 -99 -99 -99 -99 -99 -99
-99 -99 -99 -99 -99 -99 -99 -99 -99 -99
-0.252431634712695 -99 -99 -99 -99 -99 -99 -0.793577878801352 -99 1.13221281988109
-99 -99 -99 -99 -99 -99 -99 0.204247227521523 -99 -99
-99 -99 -99 -99 0.0653262188996339 1.18257426712894 -99 -99 1.89497478631727 -99
-99 -0.975485591008719 -99 0.0053065397010208 -99 -99 -99 -99 -99 0.425886797937092
-99 1.09950046416529 -99 -99 -99 -99 2.33012564110167 -99 -99 1.01947804464581
-99 -99 -99 -99 -0.790490320154064 -99 -99 -99 -99 -99
-99 0.422416505701875 -99 -99 -99 -99 -99 -0.845633581742441 -99 -99
-99 -99 -99 1.80901161681348 -99 -99 -99 -99 -99 -99
-0.519289271731037 -99 -99 -1.62487142974877 -0.987827914557512 -99 -99 -99 -99 -99
-99 0.595005546388513 -99 -99 -99 0.224857102324861 1.36991902379351 1.39919000000814 -99 -99
0.408605077547542 -99 -99 -0.351459966503226 -99 -99 -99 -99 -99 2.00452997788558
-99 -99 -99 -99 -99 -99 -99 -99 -99 -99
-99 -99 0.83676820805684 1.593825625481 1.26837575331694 2.17983529364456 -99 1.05041672954425 -99 1.75358556315554
-99 -99 -99 1.16866109686672 -99 -99 -99 -99 -99 1.01708572452943
-99 -99 -99 -99 -99 -99 -99 0.771117841077183 1.03959515668302 -99
1.31734955033457 -99 -99 -99 2.52019709896897 -99 -99 -99 -99 -99
-99 2.71811849171949 -99 -99 -99 -99 0.0639867129334223 1.47382227722783 2.517695109127 -99
-99 -99 -99 -99 -99 -0.141099351537565 -99 -99 -0.357567973894157 -99
-99 -0.129210214754243 -99 0.831082200481119 -99 -0.0666613627875332 -99 0.239382653784581 -99 0.703229159069126
1.82805251899036 1.56779464643292 -99 -99 -99 0.852974892999495 -99 -99 -99 1.80466226445278
0.469651062139201 -99 2.7877300513256 -99 0.902426330520394 0.988240866260417 1.49172526869665 -99 -99 -0.603206510552036
-99 -99 -99 -99 -99 1.32871252002147 1.91419728157138 1.55365371491035 -99 -99
-99 -99 -99 -99 -99 -99 0.0510527120186088 -99 -99 -99
-0.568780907968356 1.15598932796053 -1.91757162775034 -99 -99 -99 -99 -99 -99 0.506528128363449
-99 -99 1.64070590631849 -99 2.49175836173074 -99 -99 -99 -99 1.82189220831479
-99 -99 1.21198304592701 -99 -99 -99 2.8782726490001 -99 1.82130691990307 -99
-99 -99 -99 -99 -99 -99 -99 -99 -99 -0.883541086042294
-99 -99 3.14088554950138 -99 1.2085404068653 -99 1.52045658780792 -99 -99 1.97172353579146
-99 1.02726664309579 -99 -99 -99 -99 -99 0.497130275994096 -99 0.0146478765917846
-99 -1.84474011669599 -0.86944778789529 -1.50375089893531 -99 -99 -99 -99 -1.83344562652471 -99
-99 -99 -99 -99 0.0169214802867377 -99 -99 -99 -99 -99
-99 -99 -99 3.74135224211217 -99 -99 1.36276355221142 2.9678203689863 2.24754074306302 2.33218281880809
-0.496902797368645 -99 -99 -99 -99 -99 -99 -99 -99 1.57380355272997
-99 -99 -99 -99 1.8431927299487 3.92630884641704 -99 -99 -99 4.47808776789818
-99 -99 -99 -99 -99 -99 -99 1.73660195683633 0.511417939593002 -99
-99 -99 -99 -99 -99 1.26228244801948 -99 -99 -99 -99
-0.28759234908187 -99 -99 0.788046943418894 -99 -99 -99 -99 -99 -99
-99 -99 -99 -99 0.44627692641355 -99 -99 -99 -99 -99
-99 0.667423002094534 -99 2.95811571716258 -99 3.78470055999072 -99 -99 -99 -99
-99 -99 -99 -99 -99 -99 -99 -99 -99 -99
-99 0.23210591309416 -99 -99 0.211601490557469 -99 -99 2.76275349555579 -99 0.00144431529376721
-0.723719026033666 -99 -99 -99 -99 -99 -0.979988602541557 -99 -99 -99
-99 -99 2.95066147075 -99 -99 -99 4.29070391038917 -99 4.09996794568077 1.20807701998035
0.78168006628769 -99 0.0448094385834954 0.653425609251872 -99 -99 0.484010793263925 -99 -99 -99
-99 -99 0.309041174906553 -99 -99 -99 -99 1.03476403634201 -99 -99
-99 -99 -99 -99 -99 2.07797108107924 -99 -99 -99 -99
-99 -99 -99 -99 -99 -99 -0.450957305511912 -99 -99 -99
-99 -99 -99 -99 -99 -99 -99 -99 -99 -0.427286179705864
2.54845684662084 -99 -99 4.54010995378058 -99 -99 -99 2.59072036569603 -99 -99
-0.163115452084531 -1.44389225464072 -99 -99 -0.864045047717203 -1.65848397089427 -99 -99 -0.167309557937805 -99
-99 1.70981020747509 -99 -99 -99 2.67195844192715 -99 -99 -99 -99
-99 0.652624294785436 -99 -99 0.693467949337924 -99 -99 -99 -99 0.36804922157333
-0.153877920430609 -99 -99 -99 -99 -99 1.3108250783724 0.302337236103258 -99 -99
1.30408939315753 -99 2.27568988812189 -99 -99 -99 0.0916431694335612 -99 1.66923932130906 -99
-0.029824773786254 0.27310851084416 -0.683815075381576 -99 -99 -0.463052058542603 -99 -99 -99 -99
2.2332713666513 -99 -99 2.41407191535699 1.32269780096136 -99 2.28241182412622 -99 -99 -99
-0.295389336066288 2.0182809177167 -99 -99 -99 -99 -99 1.35934817784112 -99 -99
-99 -99 -99 -99 0.195657760654067 0.847238639538899 -0.0153493634138657 -99 -99 2.04878425834907
-99 -99 -99 1.52348597422945 -99 3.35622991561402 -99 -99 -99 -99
-99 -99 -0.31176057733968 -99 -99 -99 2.15354141558354 -99 -99 -99
-99 -99 3.02968283514934 0.321356401468039 -99 -99 -99 -99 2.12940485720158 -99
-99 -99 1.65979156717259 -99 -99 -99 -99 3.06245844134276 -99 -99
-99 -99 -99 -99 -99 -99 1.03018029120151 -99 -99 -99
-99 -0.680442783589955 1.55365970981705 -99 -0.0150663130725806 -99 -99 0.148368931393392 -99 -0.158674686649138
-99 -99 -99 0.452736180402986 -99 -99 -99 1.40213829548158 -0.447023345060612 -0.188390432639661
-99 -99 -99 -1.66360082745832 -99 -99 -99 -99 -0.649455030947452 -99
-99 -99 -99 -0.351305995819605 -99 -99 -99 -99 -0.453504156034297 2.46797376451129
-99 -99 -99 0.137749068770045 0.772708595354433 -99 -99 -99 0.544108094504594 -99
-99 -99 3.79422122320947 -99 -99 3.93637650212755 4.91081063312051 -99 2.45380751193803 -99
-99 -99 -99 -99 -99 -99 -99 -99 -99 -99
2.7904195274395 -99 2.56574568668613 3.93188334109147 -99 -99 -99 -99 4.16108458568767 -99
-0.052308733749058 -99 -99 -99 -99 -99 -99 -99 -99 -99
-99 -99 2.41364361761128 -99 1.51898698503765 -99 -99 -99 -99 -99
1.1735481405006 -99 0.0614123999539894 -99 -99 -99 -99 0.9580313876893 -99 -99
-99 -99 0.114286590193574 -99 -99 -99 -99 -99 -99 -99
-99 -99 4.43243179936242 -99 1.96860316830708 -99 -99 -99 -99 3.26324027958263
-99 -99 -99 -99 -99 -99 -1.86617429225664 -99 0.664983558313259 -0.202403604548868
-99 -99 -0.515564501589732 -99 -99 1.04434826802668 -99 -99 -99 -99
0.548817318243022 -99 3.08861406480263 -99 1.79988712936665 -99 -99 -99 -99 -99
-99 -99 -99 -99 -99 -99 1.54746538295508 -99 1.00467374440076 0.979248137888247
2.24447013734074 -99 -99 -99 -99 -99 -99 -99 -99 -99
-99 -99 -99 -99 -99 -99 -99 -99 -99 -0.180736153390198
-0.167577423655489 -0.832993906336494 -99 1.71194925893202 -99 -99 -99 2.63524636519982 -99 -99
-99 2.79580634483655 0.475261940438453 3.11011068042237 3.64317740413085 -99 -99 -99 1.94983240990715 -99
-99 -99 1.42439666386145 -99 0.759575806031623 -99 0.904309491700831 2.20560517362928 1.30780682329857 -99
-99 -99 -99 -99 -99 -99 -99 -99 -0.733226607389901 -99
-99 1.85549256262439 2.16997105675442 -0.732170229824237 -99 -99 -99 -99 1.88100067919093 -99
-99 -99 -99 -99 -99 -99 -99 -99 -99 -99
0.0328815189524742 -99 1.11310321532045 -99 0.24822020936805 -99 -99 -99 -99 -99
-99 -99 -99 -99 -99 -99 1.01729927133015 -99 -1.0556361794032 -99
-99 -99 -99 -99 -99 -99 -99 -99 -99 -99
-99 -99 -99 0.207476129130266 -99 -99 -99 -99 -99 -99
1.65990926243422 2.65586190488478 -99 -99 -99 -99 -99 -99 -99 2.11757190511036
-99 -99 -99 -99 -99 -99 1.41201078395698 -99 -99 -99
0.0713297547475029 -99 -99 -0.505396948364524 -99 -99 -99 -99 -99 -99
-99 2.4731388506642 -99 -99 -99 -99 -99 -99 -99 -99
-99 -99 -99 -99 -99 -99 -99 -99 1.11806376642658 -99
-99 -99 -0.476079273870726 -99 -99 -99 -99 0.117740420881171 -0.0134209741214009 -99
-99 -99 1.85751378266436 1.17205565488659 -0.569934207115467 -99 -99 -99 -99 0.997793626273073
-99 -99 -99 -99 -99 -99 -99 -99 -99 -99
-99 -99 -99 -99 -99 -99 -99 -99 0.736089659283372 -99
-0.368907379385696 -99 -0.233438693043916 -99 -0.657956630896074 -0.588588939052449 -99 -99 0.0134287740306948 -99
1.80591955575019 -99 -99 1.75373193355376 -99 -99 -99 -99 -99 -99
-99 -99 -99 -99 -99 -99 -99 2.83367915302608 -99 1.79675191162972
-99 0.00662535626735683 -99 -99 -99 -99 -1.72402619725012 -99 -99 -99
-99 0.871745257427654 -99 -99 -0.855524056054211 0.0564963000823844 -99 -99 -99 -99
-0.00410070768558723 -99 -99 -99 -99 -99 -99 -99 0.652638290523318 0.682747685494908
-99 -99 -99 -99 -99 2.05054172758635 -99 0.938434571599832 -99 -99
-0.393408780787055 -99 -99 -99 -0.407882740586059 -99 -0.220425521535462 -99 -2.09897130003126 -99
-99 -99 -99 -99 -99 -99 2.23648405008023 -99 1.40008102338255 -99
-99 -99 -99 -99 -99 -99 -99 -99 -99 0.41725986042141
-99 2.73228085846363 -99 -99 -99 -99 1.12715776142965 -99 -99 -99
-99 -99 -99 -99 -99 1.43595705444101 -99 -99 -99 -99
2.06940380762949 0.811076133860239 -99 -99 -99 -99 0.113410235799824 -99 0.41827447278774 -99
-99 -0.648043558618823 -99 -99 -99 0.950460476813109 -99 -99 -99 -99
-99 -99 1.30649135467708 -99 -99 -99 -99 -99 4.29475893822376 1.41290984991194
-99 2.06831698830535 -99 -99 1.29819288901699 -99 -99 -99 1.26097835195657 2.82370384419698
-99 -99 -1.42153679869304 -99 -99 -99 0.665777966265438 -99 -99 -99
-99 -99 -99 1.01198313619587 1.40023849775717 -99 -99 1.44677071231142 -99 -99
-99 -1.34316428364484 0.511625612945495 -99 -99 -99 -99 -99 -99 -99
-99 -99 -99 -99 -99 0.570619371270995 -99 -99 -99 -99
1.03643186737899 -99 -99 -99 -99 -99 0.551213893149944 -99 -99 -99
-99 -99 0.466937158010065 -99 1.17377386727203 0.20483020824115 -99 -99 2.63478554243806 -99
-99 -99 -99 -99 -99 -99 2.09551504540785 -99 0.00368581033695103 -99
-99 -99 -99 -99 2.63779915656214 -99 -99 -99 1.63760008886999 -99
2.63522635629533 -0.877690385715365 -99 -99 -99 -0.225184991301362 3.07903872614368 -99 -99 -99
-99 -99 -99 -99 -99 -99 -99 -0.0248147616825756 -99 -99
-99 -99 -99 -99 -99 0.275960636162189 -99 0.901768967059362 -99 -99
-99 -1.72916030803703 -99 -99 -99 -99 -99 -0.997864484109585 -99 -99
-99 -99 -99 -99 -99 2.87065994279107 -99 -99 -99 -99
-99 -99 -99 -99 -99 -99 -1.12594021944381 -99 -99 -99
3.83560771778722 -99 -99 -99 -99 -99 -99 -99 -99 -99
0.608168129398962 2.4246148717236 -99 -99 -99 -99 -99 -99 -99 -99
-99 4.03269850806785 1.79805536252808 -99 1.40745285735331 0.982749474726304 -99 0.746143017243126 -99 3.48378940827904
-99 -99 -99 -99 1.21461307962631 0.171017976878297 -99 -1.54089270513031 -99 -99
-99 -99 -0.254993862896755 -99 -99 0.463324344662628 1.29515053261314 -99 -99 -99
-99 -99 -99 -99 -99 -99 -99 -99 -0.339901248163252 -99
-99 -99 -99 -99 -99 -99 -99 -99 -0.56525141719566 -0.984639540525622
-99 -99 -99 -0.903674513437311 -99 -99 -99 -99 1.29116429505477 -99
-99 -99 4.92145435970894 -99 -99 -99 -99 -99 4.14915951032625 -99
-99 0.237575153147 -99 1.8443162244162 -99 -99 -99 2.39496606392191 -99 -99
-99 -99 -99 0.411709018246242 -99 -99 0.4541766579966 -99 -99 -0.431209938692804
-99 0.475312397216596 -99 -99 0.932142374095692 -1.02057640715712 -99 1.30367184067031 -99 -99
-99 -99 0.90382267451348 -99 -99 -99 -99 -99 -99 -99
-99 -99 -99 -99 -99 -99 -99 1.79365270957738 -99 -99
1.85214071276049 -99 -99 -99 -99 -99 -99 -99 -99 -99
-99 -99 -99 -99 -99 -99 -99 -99 -99 -99
-99 -99 -99 -99 -99 -99 2.44852660748185 -99 -99 -99
-0.630333149658118 -99 0.503764821236161 -99 0.526929366672942 2.08441794511256 -99 -99 -99 -99
-99 -99 2.49121700373808 -99 -99 -99 -99 -99 1.42969639522041 2.77584334453139
-99 -99 0.706688830630809 -99 -99 -99 -99 -99 -99 -99
-99 -1.03981329729073 -99 -99 -0.655564729093747 -0.038786726418748 -99 1.10998687519446 -99 -99
2.18877635734677 -99 -0.12980453155528 -99 -99 -99 0.223870878175673 1.85025635245664 2.65490239816646 -99
-99 -99 -99 -99 -99 -0.373025336360507 -99 -1.13615815991394 -99 -99
-0.219705656575376 -99 0.696625151271025 1.32453530705252 -99 -1.08840165111607 -99 -99 0.922757104737585 -99
-99 -99 -99 -99 -99 -99 -99 -1.01563113342604 -1.18688588467285 -99
-99 1.42690791611507 -99 -99 -99 -99 -99 -99 2.71748238382388 -99
0.796241795396573 -99 -99 -99 -99 -99 -99 0.384852791314004 1.75342547948121 -99
0.621544806765815 -99 -99 -0.213772758554812 -99 -99 -99 -99 0.556439147543338 -99
-99 -0.288142867302283 -99 -99 -99 -99 -99 -0.997440975557732 -99 2.03700977951714
-99 -99 -99 -99 -99 -99 -99 -99 -99 -99
-99 -99 -99 -99 2.25774118748367 1.78845951820662 -99 -99 2.02455685226566 0.929757292765838
-99 -99 -99 -99 2.49084470791485 1.25381516819523 -99 1.65347588553294 -99 -99
-99 -99 -99 -99 -99 2.30628841400587 -99 3.17953682277667 2.45216595259983 -99
-99 -99 -99 -99 -99 -99 -99 -99 -99 -0.859483835120254
-99 -99 -99 -99 -99 0.309949477195331 1.23412689909753 -99 -99 -99
-99 -99 1.15750174706487 -99 -99 -99 -99 -99 -99 -99
-99 -99 -99 2.65600400471193 -99 1.88609325823855 1.55526351823039 0.5313427563392 -99 -99
-99 -1.12830419837057 -99 -99 -99 -99 -99 -99 -99 1.38255199522219
0.282139800590929 -99 -99 0.90607312166074 -99 2.27277196194214 -99 -99 -99 1.95058054939059
-99 -99 -99 2.27403326891499 -99 -99 -99 -99 -99 -99
-99 -99 -99 -99 -99 -99 0.426286654071532 -99 -99 -99
-99 -99 -99 -99 0.55044520587295 -99 -99 -99 -99 -99
-99 -99 -99 -99 -99 3.48895861547982 -99 -99 -99 -99
0.709601637554589 -99 0.00238601965655239 2.12726171242601 -99 0.560099267986823 -99 -99 0.75744730653765 -99
-1.6259696376955 -1.00296692969112 -99 -99 -99 -1.21004864518011 0.152687152931687 -99 -99 -99
-99 -99 -99 -99 -99 -99 -99 -99 2.05278193149375 -99
-99 -0.199017715835089 -99 -99 -99 -99 0.761604640665262 -99 -99 -99
2.66854179242925 -99 -99 -99 1.03185803447887 2.69732537906436 -99 -99 -99 -99
-99 2.14288526423725 -99 -99 -99 0.766104520920408 -99 -99 -99 2.27065440440057
-99 -2.4733962401914 -99 -99 -99 1.24477338153193 -1.6895122360335 -99 -99 -99
-99 -99 -0.418233891117908 -99 -99 -99 -99 -99 -99 1.54192868707495
-99 -99 -99 -99 -99 -99 -99 -99 -99 2.55563801586794
0.138280115160256 -99 -99 1.55173467490317 -99 -99 -99 3.12495493498235 -99 1.9298917869594
-99 -99 -99 -99 -99 -99 -99 2.80584909474812 -99 -99
-99 -2.16873742643597 -99 -1.31705067477583 -99 -99 -99 -99 -0.348259176805786 -99
-99 -0.0209033069820341 -0.0719139057373142 -0.0522814769087894 0.837077745580044 -99 -99 -99 -99 -99
-99 2.63233258567428 -99 -0.269309727226859 0.448902447054307 -99 2.03428788219247 -99 -99 -99
0.75241939323924 -99 -99 -0.126279564384272 2.35797586321123 -99 1.7742561281745 -99 -99 -99
-99 -99 -99 -99 1.56621215428094 2.48755694612754 -99 -99 -99 -0.641914424066523
-99 -99 -99 -99 0.573674413021818 -0.253070963770483 -99 -99 -0.343407495454517 -99
1.82586626505656 -99 -99 -99 -99 -0.0726120867256312 -99 -99 -99 -99
-0.154069659670129 -99 -99 -99 -0.771653338271015 -0.41431079013879 -99 1.08218454123087 -1.72143261102197 -99
-99 -99 1.0100588467174 -99 -99 -0.654926274497258 -99 -99 -99 -0.378453494014936
-99 -99 -99 -99 1.75991178102997 -99 0.840616804031925 -99 -99 -99
-99 -99 1.62906254885379 -99 -99 -99 -99 -99 -99 0.322411989879287
-99 2.29859467133594 -99 -99 -99 2.71266623929581 2.48469199182462 -99 2.94290205645548 -99
-99 -99 -99 -99 -99 -99 1.13275258544532 -99 -99 -99
-99 -99 -99 -99 -99 -99 -99 -99 -99 -99
-99 -99 0.440191720383355 -99 -99 -99 -99 -99 -99 -0.540405599941395
0.473262059968289 -99 -0.461024975728662 -99 -99 -99 -99 -99 0.748817531684104 -99
-99 -99 3.28714160526469 -99 -99 1.00213573505444 -99 1.45379352895778 -99 -99
-99 -99 -99 -99 -99 -99 2.29777179514615 -99 0.623483852865364 -99
-99 -99 0.848244213881094 -99 -99 -99 -99 -99 1.43636639748342 -99
3.62152883152099 1.28058215248934 -99 -99 -99 -99 -99 -99 -99 4.31800739055088
0.433440199165688 0.689313491734469 -99 -99 1.93041809583588 2.33623160470946 -99 -99 1.24227224293701 -99
-99 -99 -99 -99 -99 -99 -99 -0.518751721624891 -99 -99
-99 0.330702033249321 -99 1.14218896693602 -99 -99 -99 -99 -99 0.961526715593939
-99 -99 -0.187086396343076 -99 -99 -99 -2.09288870124375 -99 -0.262058987773351 -99
2.38900458271527 -99 1.45014896767123 -99 -99 -99 -99 -99 -99 -99
-99 -99 -99 -99 0.90554313594413 -99 -99 -99 -99 0.588695461809286
1.71149967460824 -99 -99 -99 -99 -99 2.01390785652624 -99 -99 -99
-1.47602513521635 -99 0.234827079084884 1.04099519283162 -99 -99 -99 -99 -99 -99
-99 -99 -99 -99 -99 -99 -99 -99 4.02792302518522 -99
-99 -99 -99 2.11842481153028 1.86721559303765 -99 -99 -99 -99 1.97053624123105
-99 0.493387095147823 -0.10994096542177 -99 -99 -99 0.271233758697165 -99 -99 0.833898579435308
-99 -0.245315050506484 -99 -99 -1.15616399073155 -99 1.5522536659911 -99 1.16867378048016 -99
-99 -99 -99 -0.512231683524143 -0.476448791951016 -99 -99 -99 -99 -99
0.792646806975133 3.02720897934104 -99 -99 -99 -99 -99 2.68958709374893 -99 -99
-99 -99 -99 -99 -99 -99 -99 -99 -99 -99
-99 2.84367916782927 -99 -99 2.48864642533926 2.6353811706253 -99 -99 -99 -99
1.75237104533798 -99 -99 -99 -99 1.1499858458821 3.20036139661436 1.0307795042591 -99 -99
-99 0.728071119902561 2.28019533905975 -1.18611700195755 -99 -99 -99 -99 -99 -99
-1.10857250315833 -99 -99 -0.747760577607895 -99 -99 -99 -99 -0.80861283606055 -99
-99 -0.506706354348408 -99 -1.15166462072923 -99 -99 -99 -2.38528332107013 -99 -1.19804415215823
-0.905641547655506 -99 -99 -99 -99 -99 1.29610987304228 -0.047161152653348 1.53283233332364 -99
-99 -99 0.89829573769181 -99 -99 1.47942959774101 -99 -99 1.70351806744028 -99
-99 -0.227387301286519 -1.31399410688959 -99 -2.03022386132918 -99 1.86280024551566 -99 -99 -99
-99 -99 -99 -99 3.16601910040662 -99 -99 -99 -99 -99
-99 -99 0.665292009013309 -99 -99 -99 -0.104808467828833 -0.386619427480012 2.81050801174804 -99
-99 -99 2.31410557964537 -99 -99 -99 -99 -99 2.42713908785541 -99
-99 1.18674337684196 0.444057440357026 -99 -99 -99 -99 0.0604884913804564 0.482085754150873 -99
1.09798400133757 -99 1.18617606451111 1.21964346709613 -99 -99 0.726410651494611 1.85419461565116 2.41489459410734 0.584085381576475
2.61782085927176 2.32702387779056 -99 0.385810099152369 3.54910902132312 -99 1.54024674773061 -99 -99 -99
-99 1.85639733298008 -99 -99 -99 -99 1.19259652775242 -99 -99 -99
-99 -99 -99 -99 -99 -99 -99 -0.40628732535508 -99 -99
-99 -99 -99 -99 -99 -99 -99 -99 -99 0.285102701376328
-99 0.881449562668294 1.33420047653087 0.319005067328614 -99 -99 0.537825943740195 1.26969597418936 -99 -1.41048690906294
0.0383705618070092 -1.84653021331244 -0.437824248856695 -99 -99 -99 -99 -99 -1.49986414410165 -99
-99 -99 -99 -99 -99 2.33201811240281 -99 -99 -99 -99
-99 -99 3.43347652719766 -99 2.38973318303509 -99 -99 -99 2.62327887794091 4.1669977203957
-99 -1.54391701165208 -99 -0.566791082876747 -99 -0.996576031865914 -99 -99 -99 -99
-1.07265513700237 -99 -0.562957004808052 -99 -99 -0.389036762578918 -99 -99 2.15855936990545 -99
-99 1.99365110479945 2.79458490163422 -99 -99 -99 -99 -99 -99 -99
2.43256703221331 -99 -99 -99 -99 -99 -99 -99 2.37239501006619 -99
-99 -99 -99 -99 -99 1.16267387757238 -99 -99 -99 -0.603868472952723
-99 -99 -99 2.25586338355394 -99 -99 1.67050434693643 -99 -99 2.41351922399386
-99 -99 -99 0.763138469612866 1.90640019724523 -99 -99 -99 1.66422141564456 -99
1.48335344734137 -0.168798529669818 1.8254524358134 -99 0.75200092187023 0.821934065204311 0.589358870737842 -99 -99 -99
-99 -99 -99 2.40468982181354 -99 -99 -99 -99 1.41857853888881 0.322363997577186
-99 -99 -99 -99 -99 -99 -99 4.02365962744626 3.30443011195495 -99
-99 -99 -99 -99 -99 -99 4.64969903189168 4.19768845771519 -99 2.41699720946968
-99 -1.18431813901912 -99 -99 -99 -99 -99 0.512561771540992 -99 -99
-99 -99 -99 2.15975861294677 -99 1.40572798237285 -99 -99 -99 -99
-99 -99 -99 -99 0.404928773494084 -99 -99 -99 -99 -99
1.18530599952669 -99 -99 -99 -99 -99 -99 1.17998588524571 -99 -99
1.17825448787465 -0.66693783515995 -0.324976869277763 0.0238456146526336 -99 -99 -99 -99 -99 -99
-1.20291405916375 -99 -99 -99 -99 -99 -99 -99 -99 -99
1.6296797988727 -99 0.415201850786145 -99 -99 1.76413728873659 -99 -99 -99 -99
-0.686234383732324 -99 0.461467734652027 -99 -1.11260827291262 -99 0.544319706226543 -99 -99 -0.490417790638263
-99 -99 -99 -99 -99 0.0397632694269248 -99 -99 -99 0.573342660267119
3.55551387867165 2.97145302998428 3.39838481589449 2.73218408479567 -99 1.42681697499228 -99 -99 3.80665042418887 1.11074312071488
-99 -99 -99 -99 -99 1.66722271558161 -99 -99 -99 -99
-99 -99 -99 -99 -99 -99 -99 -99 -0.873238046301579 -99
-99 -99 -99 -99 -99 -99 1.09965034432569 0.749952966293068 0.817265877360995 1.24600617919942
-99 -99 2.52095517945101 0.386584684981373 -99 -99 -99 -99 -99 -99
-99 0.69054636223202 -99 -99 4.23653908453545 0.746620661805954 -99 -99 -99 -99
-99 -99 -99 1.19649695448275 -0.270096526955474 1.53286798035149 -99 -99 -99 -99
-99 -99 -99 -99 -99 -99 -99 -99 -99 -99
-99 3.2357873616834 -99 2.81907165555028 -99 3.90753382839908 -99 -99 -99 -99
-99 -99 -99 -99 -99 -99 -99 -99 -99 1.15734965858082
1.62384430588174 -99 -99 1.60582459732139 -99 -99 -99 -99 2.1917398265314 1.94704983867773
-99 -99 -99 -99 -99 -99 -99 -99 -99 -99
-99 -99 -99 -99 0.637417667046079 -99 -99 -99 -99 2.98151324911161
-99 -99 2.04892376093326 -99 2.55796665960252 -99 -99 -99 2.1935538909985 0.98057553666776
-99 -99 0.641516731638833 -99 -99 -99 -99 -99 2.68261924479831 -99
-99 -99 -99 -0.232581592419766 -99 -99 -99 -99 -99 -99
-99 -99 -99 1.39530103697646 -99 -99 -99 -99 -99 -99
-99 1.01319051960289 2.06251873741783 -99 -99 -99 -99 -99 -99 1.90966496962021
0.758666918182148 -99 -99 -99 -99 -99 -99 -99 -99 -99
-99 -99 -99 0.856711733103955 1.6743588849249 -99 -99 -99 -99 1.88624651472125
1.63417533649448 -99 2.04240173017219 -99 -99 -99 -99 -99 4.75932945247403 3.06933810517997
-99 -99 -99 -99 -99 -99 -99 -0.139264587699425 -99 -99
-99 -99 -99 -99 -99 -99 -99 -99 -99 -99
-99 -99 -0.74320609202385 -99 -99 1.64753137479672 -99 -99 -0.411606285769008 -99
1.47166385448599 -99 -99 0.953160814629094 1.3122505974189 -99 -99 -99 -99 -0.133072255184955
-99 -99 -99 -99 -99 -99 -99 -99 -99 -99
-99 -99 -99 0.33450171600978 -99 -99 -99 0.380094369648572 -99 -99
-99 1.46112685161484 -99 -99 -99 -99 -99 -99 1.98735618752241 -99
-99 -99 0.507499745593988 -0.575463738348895 0.127116722625172 -99 -99 -99 -99 -0.625758770842233
-99 -99 3.5278363460138 2.92828393595519 -99 -99 -99 -99 -99 -99
-99 -99 1.27573801251271 1.28528831808268 1.34526863963215 0.219381420071338 -99 -99 -1.61024889607096 -99
-99 1.06418768965879 -99 -99 -99 0.599360134961994 -99 -99 1.25965065136658 -99
0.149465282052449 -99 -99 -99 -99 -0.628078674425163 -99 -0.309707070082905 -99 -0.452482707189292
2.13602929101275 -99 -99 0.956989072926531 2.06724549564784 -99 -99 -99 -99 -99
-99 -99 3.53395917677706 -99 -99 4.28944131297316 -99 -99 -99 -99
-99 -99 0.816474985554721 -99 -99 -99 2.52133805675947 2.42119228409017 -99 -99
-99 -99 -99 -99 -99 -1.80668132281253 -1.59823366808021 -99 -99 -99
-99 -99 -99 -99 -99 -0.705754855527989 -99 -99 -99 -99
0.200039367589009 -99 -99 -99 -99 -99 -99 -99 -99 -99
-99 -0.669997514880565 -99 -1.1442958500873 -99 0.822151931318296 -0.566265627004496 -99 -99 -99
-99 -99 -99 -99 -99 -99 0.183816829001936 0.0142895544182964 -99 -99
1.83260064546144 -99 -99 -99 -99 -99 1.68271706077433 -99 -99 -99
-99 -99 -99 -99 -99 -99 -99 1.64840516937626 -99 -99
-99 -99 -99 -2.17867626287603 -99 0.0820357103166198 -99 -0.10310193996979 -99 -99
-99 -99 -1.54269148635535 -99 -3.03181160071313 -99 -99 -99 -1.7579857437535 -1.82959595489979
-99 -99 -99 0.059898737713494 -99 -99 -99 -99 -99 -99
-1.89985434359975 -99 -99 -99 -0.135376243414622 -99 -1.92981753570379 -99 -99 -0.639605105486395
-99 -99 -99 -99 -99 -99 -99 1.88352298800559 -99 -99
-99 -99 -0.894080575690953 -1.18438703545105 -99 -0.413296676253722 -99 -99 -0.40814868036514 1.1380373651697
-0.0981847642703197 -99 -99 -99 -99 -99 -99 -99 -99 -99
-99 -99 -99 -99 -99 0.610834246458909 0.502127326648172 -99 -99 0.56129840516601
-99 -99 -99 -99 -99 -0.995351770943321 -99 -99 -99 -99
-99 -99 -99 -99 -99 -99 -99 -99 -99 -99
-99 0.711100015384209 -99 2.67843498868359 -99 0.183275717916783 -99 -99 -99 -99
2.38981352103953 -99 3.49237302273659 -99 -99 -99 1.14430967047755 -99 -99 -99
-99 -99 -99 -99 0.938611920579194 0.727432082743553 -99 0.701768437891531 -99 -99
-99 -99 -99 0.583819651623329 -99 2.29513208405633 -99 2.15221580602228 -99 2.54758212986116
-99 -99 -99 -99 -99 -99 -99 -0.130992647559132 -99 -99
-99 -99 1.26041640223103 1.57303942010639 -99 3.09443899984367 2.44317270504086 -99 3.07767637901927 1.41682114968438
-99 -99 -99 -99 -99 -99 -99 1.66035222323432 -99 1.34711627913696
-99 3.20162463230135 -99 2.54512282320755 -99 0.989466862619579 -99 -99 2.62578403081149 -99
-99 -99 -99 -99 -99 -99 -99 -99 -99 -99
1.60528136386892 1.68705730873072 -99 -99 -99 1.55046046079339 1.26521036565415 -99 -99 -99
-99 3.11738389039109 0.639862496506433 3.43356615422003 -99 -99 -99 -99 3.71459105580113 -99
-99 -99 -99 -99 -99 -99 -99 -99 -99 -99
-0.147819274186509 -99 0.435723878085487 -99 -99 -99 -99 -99 -99 -99
-99 0.336495077805201 -99 -99 3.80827386979475 1.92704401484633 -99 0.341722618509035 -99 -0.428839413229467
-99 -99 -99 -99 -0.128832438673078 -0.723285690857129 -99 -99 -99 -99
-99 0.462123025626463 -99 -99 1.96798547672045 -99 -99 2.15097201067469 0.202278301694299 1.68484680985505
-99 -99 -99 -2.08040592169986 -99 -99 0.877299384153549 -99 -99 0.288169438799713
-99 -99 -99 0.832282159780127 -99 1.60329400824349 -99 -99 -99 -99
-99 -99 -99 -99 -99 1.68973790351372 -99 0.822531569266969 -99 -99
-99 -99 -99 2.02685024655364 -99 -99 -99 2.59873671671586 -99 -99
-99 1.19817043248271 1.35570169362891 0.84210490585018 -99 1.02975169152144 0.648304104734863 -99 -99 -99
-99 -99 -99 -99 -99 -99 -99 -99 -99 1.4087507897043
0.905055330535915 1.82358973902336 -99 -99 -99 -99 -99 1.34275976784109 -99 -99
-99 -99 -99 -99 0.845416735401506 -99 0.0978497849215797 -99 -99 0.507094681710636
-99 -99 2.98617523756283 -99 -99 -99 -99 -99 2.47016136818306 -99
-99 -1.45024375340459 1.39427376582214 -99 -99 -99 1.09744753899152 -0.0579745571128119 -99 1.8039767528138
-99 -99 0.808191643126575 -99 0.136646754890629 -99 -99 -99 -99 -99
-99 -99 -99 -0.685380412946835 -99 -99 -99 1.65843379788717 -99 -99
-99 -99 -99 -99 -99 -99 0.0854773976478378 2.03940136355965 -99 -99
-1.6132700778174 -99 -99 -1.25068213884302 -99 -99 0.488313544476889 -99 -99 -99
-1.13194974392793 -99 0.0932419979133956 0.00185045465798273 -99 -99 -99 -99 -99 -99
-0.00106587533650004 -99 0.534353240143688 -99 2.63874977363793 -99 -99 2.45707289463792 -0.371625141335928 -99
-99 -99 -99 -99 -99 -99 -99 -99 -99 2.46132082237467
-99 -0.191551886632889 -99 -99 0.441434198175703 -99 0.474548334673355 0.208157225838775 -99 -0.765665053802963
-99 -99 -99 -99 -99 -99 -99 0.615333145299369 -0.0127567292664008 -99
-99 1.37853117593726 3.46148039132375 1.39030254962219 -99 0.863728630898297 -99 -99 -99 -99
-99 -99 0.411826331550697 0.898111659970788 -99 -99 -99 -99 -99 -99
-99 -99 -99 -99 0.551760038176525 1.27739732250737 0.100943487878129 -99 -0.212082836746191 -99
-99 -99 -1.57504144535679 -99 -99 -99 -99 -99 -99 -99
-99 -99 -99 -99 -99 -99 -99 -99 -99 -99
-99 -99 -99 -99 -99 -99 1.9077543501807 -99 -99 -99
0.649621361524249 -99 -1.92038922345033 1.74570498060712 -99 -99 1.20793845810829 -99 -99 -99
-0.439908593119736 -99 -99 -99 -99 2.45288702790278 -99 -99 -99 -99
0.383280044265481 -99 1.1633701637056 -99 0.046234908359756 -99 -99 -99 -99 -99
0.904498934942835 2.17547333936347 -99 -99 -99 2.79415962885071 2.68861057953586 -99 -99 -99
-99 -99 -99 -99 0.373601690123361 0.154773437596914 -99 -99 -99 2.51476422337689
0.582397821309377 -99 -99 -99 -99 -99 -99 -99 1.53131065856484 -99
-99 -99 1.48806669978979 1.36704959805773 -99 -99 1.80955096935416 -99 -99 -99
1.22562335078381 -99 -99 -99 -99 -99 1.12254571469459 -99 -99 -99
-99 0.917844546758799 -99 -99 -99 1.89596741122118 -99 -99 -99 -99
2.7854838469409 -99 -99 -99 -99 -99 1.19423339736684 -99 1.78170643617859 2.45293980718758
-99 -99 -99 0.733386797608447 -0.265091443337698 -99 -1.12665652181197 -99 -99 -99
0.0997794754304575 -99 -99 -99 -0.132905504186037 1.39265940158025 -99 2.52816894252503 0.207320418840095 -99
-99 -99 -99 -99 -99 -99 1.53156427848942 -0.164821558021771 -99 -99
-99 -99 -99 0.233346268034829 0.0655462947517838 -99 -99 -99 0.446424940479231 1.9236295200964
-99 -99 -1.80394034022945 -0.399275852890185 -99 -1.28195708726329 -0.295089624649392 -99 -99 -99
-99 -99 -99 -99 1.08278293128833 -99 -99 -99 -99 -99
-99 -99 2.84272542577145 -99 1.05168277549528 -99 2.35721763451753 -99 3.25865209264331 4.23763115225483
-99 -99 -99 -99 -99 -99 -99 -99 -99 0.0362172249974102
-99 -99 -99 -99 -99 -99 -99 1.08078392376871 -99 -99
-99 -99 -99 -99 -99 -99 3.48188425531775 -99 -99 -99
-99 -99 -99 -99 -99 -99 1.08113270411491 -99 -99 -99
-99 -99 -0.106192292385145 0.426435504965916 -99 -99 0.415694976509726 -99 1.69029196599408 -99
-99 2.16858988585244 -99 -99 -99 -99 -99 -99 0.372621666491797 -99
-99 1.24758006051999 -99 -99 -99 -99 -99 -99 -99 -99
-99 -99 2.40021428369733 -99 -99 -99 -99 -99 2.21049446230392 -99
-99 -99 -99 -1.25894400693729 -99 -99 1.99152707988501 -99 -99 -0.633487738698657
-99 -99 -99 -99 -99 -99 -99 -99 -0.285704078500208 -99
-99 3.000865071723 -99 -99 -99 -99 2.14417427141433 -99 2.17509473899401 -99
-3.0661462761928 -99 -99 -99 -99 -99 -99 -99 -99 0.349103440904879
-99 -99 -99 -99 -99 -99 -99 0.903900690358299 -99 1.91074523904085
-99 -99 2.39178616556464 -99 -0.392688149833489 -99 -99 -99 -0.170388165736336 -99
-99 -99 -99 -99 -99 -99 2.43949038831388 -99 -99 -99
-99 -99 -99 -99 -99 -99 -99 -99 -99 -99
-99 -99 -99 -99 -99 0.475980409983456 -99 -99 -99 -0.760477688942217
-99 -99 -99 1.33812195949864 -99 -99 -1.13619000859492 0.728713249914535 -99 -99
-99 -99 -1.40735784305981 -99 -99 -99 -99 -99 -99 -99
-1.22688197774289 -99 -99 -1.6953415549173 -99 -99 -99 -99 -0.57361185868239 -99
-99 -99 -99 -99 -1.10161183099066 -99 -99 -1.21536570776987 -0.339427010801106 -2.47443774500185
-99 -99 -99 2.50429615765065 -99 -99 -99 -99 -99 2.33541631509882
-99 -1.35332009780249 -99 -0.701960646939187 -99 -99 -99 -99 -99 0.391642877898804
-99 -99 -99 1.00527410516466 -99 -1.64288287299391 1.0173597120926 -99 -99 -99
-0.243911651110173 -99 -99 -99 -99 -0.9276222679294 -0.39636960434484 -99 -99 -99
-99 -99 -99 -99 -99 1.34654607035869 -99 -99 -99 -99
-99 0.841961824154055 -99 -99 -99 -99 1.23225462644021 0.880957912896421 -99 -99
-99 2.25226584096346 4.47982477684027 -99 -99 -99 -99 -99 -99 3.04860545865519
2.43077421747426 -99 -99 -99 -99 -99 -99 -99 2.64908862152702 -99
2.91878135766317 2.75463829956256 4.03944063386822 -99 3.87154603376707 -99 -99 -99 3.87120776331157 -99
-99 -99 -99 -99 -0.883413232225764 -99 -99 0.493597499523812 -99 1.29447249592389
-99 -99 -0.381479216113259 -0.123581171814255 -99 -99 -99 -99 -99 -0.901081919764764
-99 -99 -99 -99 -99 -99 -99 -0.109297657712274 -99 -99
-99 0.568056539204625 -99 -99 1.11935183014624 -99 -99 0.956759837713365 -99 -99
-99 -99 -99 2.40670149533197 2.02096375616336 4.26024193263855 -99 -99 -99 -99
-99 0.952460532559781 1.10068167005688 -99 -99 -99 -99 -99 -99 -99
-99 -0.489156039111772 -99 -99 -2.42196378214027 0.485781806035708 -99 -99 -99 -99
-99 -99 -99 -99 1.61028247146367 2.97208836480767 0.0880218128374058 -99 3.34785744375208 1.3744913486926
-99 -99 -99 1.44930996657179 -99 -99 -99 -99 -0.127774094306837 -99
-99 -0.274302220130868 -99 -99 -99 -99 -99 -99 -99 -0.299048710961622
-99 -99 -99 -99 -99 -99 -0.980404760771467 -99 1.90016095663632 0.35299738707475
-99 -99 -99 -99 -99 -1.27840180723469 2.14464529968177 -99 -99 -99
2.28609394083744 -99 -99 -99 -99 -99 -99 -99 -99 -99
-99 -99 -99 -99 -99 0.83368013973257 -99 -99 -99 -99
-99 -99 1.02681005341512 2.04419820324726 1.93754103461156 -99 3.23503089457767 -99 -99 -99
-99 -99 -99 1.93052442845915 3.49974886181435 -99 -99 -99 1.94549198086885 0.245873608215029
-99 -99 -99 -99 -99 -99 -99 -99 0.341173530083299 -99
-99 -99 -99 -99 -99 -99 -99 -99 1.00724747772308 1.75636471019857
2.54056323830419 -99 -99 -99 -99 3.65455994651936 -99 -99 -99 -99
-99 -99 -99 -99 -99 -99 -99 -99 3.16766082274235 -99
-99 1.63709602642617 -99 -0.0156697230323908 -99 -99 -99 -99 -0.291519450204381 -99
-99 -99 2.16446539474332 -99 0.679021554820507 -99 -99 -99 2.25859486339264 -99
-99 -99 -99 -99 -99 -99 -99 -99 -99 -99
-99 3.06591748095697 -99 -99 -99 -99 3.36682493275265 -99 3.18467054563703 -99
-99 -99 -99 -99 1.4505265583581 -99 -99 -99 -99 0.240459734162709
-99 -99 -99 -99 -0.705754863923196 0.0576626910166125 -99 -99 -99 -99
1.57466531372188 -99 -99 -99 -99 1.5912150143269 -99 -99 0.0682570814990082 0.0872818554862144
-99 -99 -99 0.2747095939513 -99 -0.623978226538763 -1.76067115992305 -99 -2.01659272889231 -99
-99 -99 2.66636950250457 -99 0.447273565441287 -99 -99 0.304090818000223 0.227517870866871 -0.20605575737651
-0.769135862742594 -99 -99 -0.469493969210678 -99 -99 -99 -99 -99 -99
-0.0880101344315667 -99 -1.83950165096003 -99 -99 -99 -99 -99 -99 -99
-99 -99 -99 -1.81637849105038 -99 -99 -99 -99 -1.48415702014208 -0.589995180394415
-99 1.41046181724528 -99 -99 -99 0.756656090000008 -99 -99 -99 -99
-99 -99 1.48238451227308 -99 -99 2.7296296741682 1.66248050428431 1.54012483273552 1.00119912399141 -99
0.954224937779414 -99 -99 0.553030540275269 -99 0.976225077874945 -99 -99 1.89273112555969 -99
-99 -0.0802513534434879 -99 -99 -99 -99 0.170059689272597 -99 -99 0.518721488511068
-99 1.90649654804 1.76883175371016 -0.779150926015894 -99 1.02632641751719 -99 -99 -99 -99
-99 -99 1.78288362016271 -99 -99 -99 -99 -99 -99 -99
-99 -99 2.76640176851883 -99 -99 -99 3.29702267047831 -99 -99 -99
-99 -99 -99 2.55116849789033 -99 -99 -99 -99 -99 -99
-99 1.47371892965808 -99 -99 -99 -99 -99 0.208724160266277 -99 -99
-0.468881084648774 3.14697165585302 -99 0.16233815187324 1.08214274127743 -99 1.53008319052985 2.99763482896536 0.395479807397859 -99
-99 -99 2.31249837832408 -99 -99 1.61733727263025 1.0547171777646 -99 -99 -99
-99 -99 -99 -99 3.11039453468059 2.42339012893515 3.39761424479542 -99 -99 -99
-99 -99 -99 -99 2.37619623537223 -99 1.30378427646473 -99 1.84989668580011 -99
-99 -99 -99 -99 -99 -99 0.383705008778387 -99 -99 -99
1.01312215906683 3.29736131072699 -99 -99 2.93806919152161 -99 -99 2.87275320642617 -99 -99
0.850751095132764 2.63304127757776 -99 -99 2.91021332319956 -99 -99 -99 -99 -99
1.73109456920656 -99 -99 -99 -99 -99 -99 -99 3.08070577553288 -99
-0.482287140262239 -99 0.378734364172515 1.80854465895733 -99 -99 -99 -99 -99 -99
1.68811875970248 -99 0.368963408027941 -99 1.51517891343132 -99 -99 -99 -99 -99
-99 -0.726787988588613 -3.02605091767372 -99 -99 -1.73349952227045 -99 -99 -99 -2.00159792166802
-99 -99 -99 -99 2.0408967756333 -99 -99 0.194914469184647 -99 -99
-99 -99 -99 -99 -0.134495902985698 -0.102644036179546 -99 -99 -99 -99
-99 -0.671686224387688 -99 -99 -99 -99 0.0993000449606319 0.855350541563585 -0.371885326038172 -99
-99 1.24234699965454 -99 -99 -99 -99 -99 -99 1.04465664229034 -99
-99 -99 -99 -99 -99 -99 -99 -99 1.12937491333842 -99
-99 1.77525894474763 1.90709468281095 -99 -99 -0.497117783739396 0.545165825145855 1.37409709495105 1.76642346174416 -99
-99 -99 1.75795071400575 -99 1.46538379086222 -99 -99 -99 0.891801901940688 -99
4.25880434977455 4.08259268928664 6.45218593201284 -99 -99 4.12557874394661 3.70959627914104 -99 -99 -99
-99 -99 -99 -99 0.986800937870789 -99 -99 -99 -99 -99
-99 -99 0.33468837019111 -99 0.882983401704616 1.23285760691027 1.079914265667 -99 -0.0168117719830594 -99
-99 -99 -99 -1.70976905399065 -99 -99 -99 -99 -1.80280419833416 -0.472514092793608
-99 -99 1.98340467466584 -99 -99 -99 -99 -99 -99 -99
-99 -99 -99 3.05088823505883 -99 0.224125812088002 1.22562179959108 -99 -99 1.52025080101535
-99 -99 -99 -99 3.90967131013846 3.13475281769924 2.67459296123913 -99 1.71702024429481 -99
-99 -99 1.28744726382254 -99 -99 -99 -0.426652260868878 3.21133007985389 -99 -99
2.53429993968444 -99 0.248722226648652 -99 -99 -99 -99 -99 -99 -99
-99 -99 -99 -99 -99 0.411913083679093 -99 0.714249979716083 -99 -99
-99 -1.39577316181035 -99 -99 -99 -99 -99 -99 -0.160123558222674 0.389121471763474
2.08770967723242 0.15912851429331 -99 -99 -99 -99 0.752566737640461 -99 -99 -99
-99 -99 -99 -99 -99 2.27123662476172 -99 -99 -99 -99
0.143620836127567 -99 -99 -99 -99 -99 -99 -99 1.88417956689609 0.713140154736537
-99 -99 -99 -99 -99 -0.819577819460073 2.95662291297665 1.15483946270915 -0.736274466511875 -99
-99 -99 -99 -99 0.933804548918677 -0.102176945250505 -0.257669404535826 -0.162366906018991 -99 -99
-1.09873491475882 -99 -99 0.73427376682896 -99 -0.379638396223841 -99 0.439132812413061 0.636643628506816 -0.641050521750909
-99 -99 -99 -99 -99 -99 -1.94675857448869 -99 -99 -99
-99 -99 -99 0.388636026321946 -0.582331352867032 -99 -99 1.61787866158478 -99 -0.19930204544354
-99 -99 -99 0.921417491158889 1.557583703516 1.20489514810692 -99 2.89164461168456 -99 -99
-99 2.95174179784244 -99 -99 -99 -99 -99 2.86908677599007 -99 2.24956447708363
-99 -99 -99 -99 -99 -99 0.963096869142342 -99 -99 -99
-99 -99 3.05909379649478 -99 -99 -99 -99 -99 -99 -99
-99 0.0872965306985256 -99 -99 -99 -99 -99 -99 -99 -99
-99 -99 -99 -99 -99 -99 -99 -99 0.414083407311952 -0.645403763617599
-99 -99 -99 -99 0.278050538237827 0.17361484404021 -99 -99 1.65016769236002 -99
-99 -99 -99 1.65336918643486 2.48510532404548 -99 -99 -99 -99 -99
-99 1.61593694636713 -99 1.96493934268686 -99 -99 -99 1.13249248010362 -99 -99
-0.399555380648136 -99 -99 -99 -99 -99 1.13408794711952 -99 -99 -99
-99 -99 -99 -99 -99 -99 -99 -99 -1.28740344088697 -99
0.661807476324193 -99 -99 0.902702208233352 -99 -99 -99 -99 -99 0.771236101968829
2.06025870464208 0.392614366224921 -0.176231746427504 -99 -99 -99 2.25440950126671 2.53069484134969 -99 -99
2.52728505804189 2.65961835772662 1.93782550602708 -99 1.10370108679472 -99 -99 -99 -99 -99
2.03093832950485 -99 1.48418473270102 -99 2.82065345880231 -99 -99 -99 -99 -99
-99 -99 -99 -99 -99 1.94152151060606 1.95987964558088 2.23241471045488 -99 2.39013469031945
-99 -0.663230355002389 -0.818250455943721 1.08577373197192 1.26131966369683 -0.663163497963459 -99 -99 -99 -99
-99 -99 -99 -99 -99 0.432374526878576 -99 1.43887241736698 -99 -99
-99 0.68621356822903 -99 -99 -99 -1.01077421056148 -99 -99 -99 -99
-99 0.136669527735863 -99 0.38744751222563 -99 -99 -99 -99 -99 -99
-99 -99 -99 -99 -99 -99 -99 -99 -0.840854046846977 -99
-99 1.51381363485696 -99 -99 -1.30976641324014 -99 -99 -99 -99 -99
-99 -99 -99 -99 -99 -99 -99 -99 -99 -99
-99 -99 -0.225981726611166 -99 -0.206499460255845 0.204655036408857 -99 -99 -99 -99
-99 -99 -1.015015861643 -99 -0.159401329598194 -99 -99 -99 -99 -99
-99 -99 -99 -99 4.52822625899565 -99 -99 -99 -99 -99
1.72795849379052 -99 -99 0.485687539428675 -99 -99 -99 -99 -99 -99
0.48162988600203 -99 -99 -99 -99 -99 0.3182981554643 -99 -99 -99
-99 -99 -0.680100994267332 -99 -99 -99 -99 -99 -99 -99
0.293896576838845 -99 -99 -99 -99 -0.00715202034069917 -99 1.57485400243976 -0.477828215535147 2.21837101854152
-99 -99 -99 -99 -99 -0.527918006501132 -1.23216197723487 -99 -99 -99
-99 -99 2.43149555104531 -99 4.20586278690581 -99 -99 -99 2.565117932094 -99
-0.0767006100197942 -99 -99 -1.04244297584528 -99 -0.304871290238952 -99 -99 -99 -99
-99 -99 -99 -99 -99 -99 -99 -99 2.53178994314943 -99
-99 0.817491709992143 1.41977962419873 -99 -99 0.546731492919545 -99 -99 0.585013526635103 -99
-99 0.163306849006063 -99 -99 2.94157157047207 -0.0889343517666907 -99 -99 -99 -99
-99 -99 -99 -99 -99 -99 2.49916576517147 -99 -99 0.114724192798191
-99 -99 -99 -99 -99 -99 2.0547119288612 3.18849568187331 -99 -99
2.49773618876022 -99 0.55424482503196 -99 -99 -99 -99 -99 -99 -99
4.04481175423807 -99 3.03357715523738 2.65903348737387 -99 -99 -99 -99 2.91140452265986 -99
-99 -99 -99 0.296548201080776 -99 -99 -99 -99 -0.854192295109015 -99
0.832347436347371 -99 0.786138407450576 1.17270507711735 -99 -99 -99 -99 -99 -99
-99 -99 -99 2.16021500927626 -99 1.88209780132841 -99 -99 -99 -99
-99 -99 -99 -99 -99 -99 0.78536142200458 -99 2.11545373319595 -99
-99 -99 2.71119654882786 -99 -99 -99 -99 -99 2.36528733150157 -99
-99 -99 -99 -99 3.09098444073179 -99 -99 -99 -0.181529753144103 -99
-99 -99 -99 3.30959337973796 -99 -99 -99 -99 -99 -99
-99 -99 -99 -99 -99 -99 -99 -99 -99 -99
-99 -99 -99 -99 -99 -99 -99 -99 2.19201703143693 -99
-99 -99 -0.834036982243268 -2.03081601481408 0.495707624162886 -99 -99 0.575211899206551 0.0224246145185508 -99
2.90400500471886 -99 -99 0.74823865807726 1.90670670459577 -99 -99 -99 -99 -99
1.17844657406131 -99 -99 -0.0279879702021408 2.57849957544872 -99 -99 3.52480848140388 -99 -99
-99 -99 -2.0433262380833 -99 -99 -99 -99 -99 -99 -99
2.14477743951769 -0.86134760863686 -99 -99 -99 0.0270246381793501 1.3676686700412 -99 -99 -99
-99 -99 -99 -99 2.38282751629771 0.220233555982697 -99 -99 2.26324767416761 -99
-99 -99 -99 3.40176495142824 1.13297038851777 -99 -99 -99 -99 -99
0.373694791319486 0.952431715540131 -99 0.351363318125479 1.39914268774894 -99 0.596800611306801 -99 -99 -99
-99 -99 -99 -99 1.91776845158708 2.15923947278877 2.84461649677716 -99 -99 -99
-99 -99 2.88451579497253 2.17576933715061 -99 -99 -99 -99 3.31836567429979 -99
2.25776569994046 -99 4.16631532760574 4.41603520132889 -99 -99 1.88350042709109 -99 3.11906368420732 -99
1.03184470568234 -99 1.31374869251426 2.33258645828133 -99 -99 1.96614216142827 -99 -99 -99
-99 2.01757027351263 0.790790162399295 -99 -99 -99 -99 -99 -99 1.71497379053494
-99 -99 -0.977350201237681 -0.859290881608212 0.491633013143842 -99 1.01144033810628 -1.57625809985048 -99 -99
-99 -99 -99 -0.123697873610168 -99 -99 -99 -99 1.78143620035517 -99
-99 0.749426074180999 -99 -99 -99 -99 -99 -99 -99 -99
-99 -99 2.86154137738915 -99 -99 -99 -99 -99 1.03431778827779 -99
-99 -99 -99 -99 2.46639701650778 1.54751413732664 -99 0.737609136551829 -99 -99
1.44457312968981 -99 -99 0.772850056320109 -99 -99 -99 -99 -99 0.569014284030519
-99 -99 1.28970177957573 -99 -99 -99 -1.13655463251222 -99 1.48322502715436 -0.101987188934489
1.93540818576432 -99 -99 -99 -99 -99 -99 -99 -99 -99
-99 -99 -99 -99 -0.419562805022828 -99 -99 -99 -99 -99
-99 -99 -99 -99 -99 -99 -99 -0.686026792043567 -1.26230770336196 -99
-99 -99 -99 -99 0.695922227096223 -99 -99 -99 -99 -99
-99 -99 -0.127913621111465 -99 -99 -99 0.797712542368867 -99 -99 -0.354630300322285
-0.345094756471141 -1.19526545692662 -99 -99 -99 -99 -0.970377633100024 -99 0.231862132185459 -99
-99 -99 -99 -99 0.66008290731326 -99 -99 -99 -99 -99
-0.52728346451047 -0.214946992111338 -0.0894726859177555 -99 -99 1.7061443200497 -99 -99 -99 -99
-99 -99 -99 -99 -99 -99 1.14460591459352 1.25540760069787 -0.841206020379839 1.27696266480994
-99 -99 -99 -99 0.754264089325233 -99 -99 -99 3.64990928875542 -99
-99 1.426658564189 -0.667339065968951 -99 2.46628981383175 2.11883774180967 1.77014476707252 1.43576404567291 0.368403175177972 -99
-0.0139674123939175 -99 1.24791468143754 -99 -99 0.527474931281934 -1.02242814782766 -99 1.88389886658661 1.33206066410054
-99 -99 -2.40189402591158 -99 -99 -0.543035727356828 -99 2.19088302877471 -99 -99
-99 -99 -99 -99 -99 -99 -99 0.937645395130411 3.20147369810976 -99
-99 -99 -99 -99 -99 -99 2.93709560263721 -99 -99 0.494580165839584
-99 -99 -99 -99 -99 -99 -99 -99 -99 2.88159894586036
-99 -99 -99 -99 -99 2.99115688524942 -99 -99 -99 -99
-99 -99 -99 -99 -99 -99 -99 -99 -99 -99
-99 0.783245858730483 0.0901290019879379 -99 -99 -1.07376219145919 -99 -1.30983756543845 -99 -99
-99 -99 -99 -99 3.1610824228007 -99 -99 -99 -99 -99
-99 -99 -99 -99 -99 -1.04850149781592 -99 -99 -99 -99
-99 -99 -99 1.03085716434993 -99 -99 -99 -99 -99 0.770879653758319
-99 0.313384385895292 -99 -99 -99 0.627590630125315 1.54419080273999 0.978231753018288 -99 -99
-99 -99 -99 -99 -99 2.41146160079941 -99 -99 -99 -99
-99 -99 -0.553816579547239 -99 -99 -99 -99 -2.47886361641424 -99 -99
-99 -0.464197234371229 -99 -99 -99 -99 -99 -99 -99 -99
-99 -99 -99 -99 -99 -99 -99 -99 -99 -99
0.931477105517409 0.1773434158205 -99 -99 0.0847836813642533 -99 -99 -99 -99 1.24636661884821
-99 -99 -99 -99 -99 -99 -99 0.705850993902613 -99 -99
-99 -99 -99 -99 1.60434556942565 2.12009750653557 -99 -99 -99 -99
-99 -99 -99 0.0679347589673978 -99 0.588709165287266 -99 0.873687987146963 -99 -99
-99 -99 -99 -99 -99 2.61726618434806 -99 -99 -99 -99
0.492861658307939 -99 0.256204831690947 -99 -99 1.41875799908509 -99 -99 -99 -99
-99 -99 -99 -99 1.24172653236877 0.137250787257318 -99 -99 -99 -99
-99 -99 1.51800390510448 -99 -99 -1.13093552810574 -99 -99 -99 1.42446887622922
-99 -99 -99 -99 -99 1.38636862823106 4.94646967276427 -99 -99 -99
-99 -99 -99 -99 -99 -99 -99 -99 0.306193539549331 -99
2.45246178396066 -99 -99 -99 1.13859747350465 -99 1.73462348774552 2.97987308201187 0.955406789050264 -99
-99 -99 -99 -99 -99 -1.06468171785496 1.01051557547196 -99 -99 2.09705709143753
0.537062910885377 -99 -99 -99 -99 -99 -99 -99 0.903469082924739 1.27698908724845
-99 -99 -99 0.716521734074278 2.10797481575189 1.53120113250927 2.02699826972101 -99 -99 -99
-99 -99 -99 -99 -99 -99 -99 -99 -99 -99
-99 -99 -99 -99 -99 -99 1.19225157368326 -99 1.93094336473296 -99
-99 -99 -99 -99 -99 -99 -99 -99 -99 -99
-99 -99 -99 -99 -2.55388413997866 -99 -99 -99 -99 -0.239986174819826
1.01008495588883 -99 -99 -99 0.0295459141660855 -99 -99 -99 -99 -99
-99 -99 -99 -0.259233826186026 -99 -99 -99 -99 -99 -1.51918604980985
-99 0.876335766024707 -99 -99 -99 -99 0.333729415253987 0.0581867613885816 -99 -99
-99 -99 1.27773903091654 -99 -99 -99 -99 -99 1.90915263024577 2.89666178887294
0.988463921140032 -99 -1.57102709063717 -99 -99 -0.0239664913361723 0.730205083303305 -99 -99 -99
-99 -99 -99 -0.177066353056879 -99 -99 -99 0.54902468831816 0.985667651275244 -99
-99 -99 -99 -99 -99 -0.555049768657453 -0.853948755142991 -99 -99 -0.494300191068891
-99 -99 -99 -99 1.64918574430316 -99 -99 -99 -99 -99
-99 0.00641166609724775 -99 -0.525552857721174 -99 -99 -99 -99 -99 -99
-99 -99 -99 -0.947781607048799 -99 -99 -99 -99 -99 -99
2.22159557989113 -99 3.62036793998792 4.04454017680976 -99 -99 -99 0.558334115935996 -99 -99
1.28367672169201 -99 0.0797898162884834 -99 -99 -99 0.152905361842356 -99 -99 -99
-99 -99 -99 -99 -99 -99 2.32037443277485 2.69871294647938 1.55581949862433 1.85083229028812
-99 -99 -99 -99 -99 2.19008915059139 -99 1.42326006363486 1.91237978997222 -99
-99 -99 -99 -99 -99 3.77731906789741 1.96439250869435 3.22996257168582 -99 -99
-99 -99 -99 -99 -99 -99 -99 -99 -99 -99
0.160161226346788 -99 -99 1.69082830115613 -99 -99 -99 -99 -99 -99
0.0992250638581695 -99 -99 -99 -99 -99 -99 0.4519218359191 1.87731050489744 -99
-99 0.93258699738484 1.81857415896975 -99 -99 1.54841822792334 -99 -99 -99 -99
-99 -99 -99 -99 -99 -99 1.71432199161728 1.4681759856098 1.01464236048586 -99
-1.31055501802798 -2.37089172244184 -99 -99 -99 -99 -99 -0.781218135425664 -99 -1.74142012895066
-0.963129844916262 0.773823549251999 -99 -2.67883421526018 -99 -99 -99 -99 -99 -99
3.06735653980543 3.74604070313478 -99 -99 2.78199805340975 -99 -99 -99 -99 -99
0.20569911202664 -99 -99 -99 -0.803244555422011 -99 -99 -0.512290495073691 -99 -99
-99 -99 -99 -99 -99 -99 1.7943423671798 -99 -99 2.81383632731291
-99 -99 -99 -99 -99 -99 -99 -99 -0.444274722514125 -0.630266722040854
-99 -99 -99 3.18534685841191 -99 -99 -99 -99 -99 -99
-99 2.05155488359315 -99 -99 0.988053355789482 -99 1.61784590217598 -99 -99 -99
-99 -99 -99 -99 -99 1.28726446073426 -99 -0.451717296118326 -99 -99
-99 -99 -99 -99 -1.82916877216411 -99 -99 -99 -99 -99
-99 2.22710550418056 -99 -99 -99 -99 2.17589204882234 2.92011566166418 3.99386902754576 -99
-99 -99 -99 -99 -99 -99 -99 -99 -99 -99
-99 -99 -99 1.85835419547156 -99 -99 -99 1.88641846174561 2.25693731259238 -99
-99 0.469965089415726 -99 1.25058776450607 -99 -99 -99 0.861355945936601 -99 -99
-99 -99 2.27326447888478 -99 0.738761897563413 -99 -99 -99 1.9515458850053 -99
-0.387990557700689 -99 -99 -0.698599995059761 -99 -1.26299800947459 -99 0.395316618823956 -99 -99
-99 -99 -99 -99 -99 1.33966958325281 2.06579710533411 -99 -99 -99
-0.330302301435199 -99 -99 -0.949484036003431 -99 -99 -99 -99 -99 -99
-99 2.03534834401596 -99 -99 -99 -99 -99 -99 0.669216084984398 -99
-99 -99 -99 -99 -99 -99 -99 -99 -99 -99
2.4420853051792 -99 2.32128761312713 1.24169233403465 -99 -99 3.41868028237044 1.40590426359466 -99 3.34166332083994
-99 0.541581478191941 -99 -99 -99 -99 -99 -99 -99 -99
-99 -99 1.19022459093197 -99 -99 -99 -99 -99 -99 -99
-99 2.24185451280587 -99 -99 -99 1.89751038157023 1.51424978261005 -99 -99 1.94869424947132
-99 -99 -99 -99 -99 -99 -99 -99 0.198063037987742 -99
-99 -99 -99 -99 -99 -99 3.57922993462655 -99 -99 2.63433661406007
-99 -99 -99 -99 -99 -99 -0.967710715543353 -99 -99 -99
-0.306269551227008 0.10730091442034 -99 -99 -0.641119853660719 -99 -99 -0.600494301608565 -99 1.83415251466378
-99 0.304501858899136 0.320930454278485 -99 -99 -99 -99 -99 -99 -99
1.10744313474849 -99 -99 -99 -99 -99 1.43997480328569 -99 -99 -99
