-99 -99 -99 -99 1.0878851220098 0.950968310757757 -99 -99 0.5741442333068 -99
-99 -1.22163956265269 -99 0.241285006611969 -99 -99 -99 -99 -99 1.17809544633026
-99 -99 -99 -99 -99 -99 2.31704086824891 -99 0.452090633737261 -99
2.73948795900546 3.98750302643671 2.46748241489282 -99 -99 -99 -99 -99 2.51985984684771 3.60951768965195
-99 1.91340006285977 -99 -99 -99 -99 -99 -99 -99 0.538065733471744
-0.320842059737404 0.235832241252115 -1.03287322983597 -99 -99 0.0625561797371528 -99 -99 -99 -99
1.4267968041211 -99 -99 -99 -99 -99 1.77238022937515 1.12193440970748 -99 1.45078864165594
-99 0.874094287879264 0.533439612782561 1.26277303187924 -99 -99 -99 -99 -99 -99
-99 1.68558059230225 -99 -99 0.681573619235058 -99 -99 0.127870514728692 -99 -99
-99 -99 -99 -99 -99 -99 -99 -99 1.05020165757146 -99
-99 -99 -99 -99 0.995595480582543 -99 -99 -99 -99 -99
-99 -99 -99 -99 0.780209922746518 -99 -0.00950803357428476 0.313195916483026 -99 0.73508757474908
-99 -99 -99 4.11956096314444 -99 1.38274873216359 -99 -99 4.47175865800371 2.55784955572153
-99 -99 -99 -99 -99 -99 -99 -99 -99 -99
-99 -99 -99 1.60587744333384 -99 0.788435137734482 -99 -0.660609543277669 2.92208128007323 -99
-99 -99 -99 -0.677030588528428 -99 -99 -99 -99 -99 -0.671467317291674
-99 -99 -99 -99 -99 -99 -99 -99 0.510108391361573 -99
-99 -99 -99 -99 -99 -99 -99 2.65845019473666 -99 -99
-99 -99 -99 -99 -99 -99 -99 -99 -99 0.989860902326305
-99 -99 2.26651605991765 -99 -99 -99 -99 -99 -99 3.27031582304175
1.8192497573996 -99 -99 -99 -99 -99 0.378089142192134 -99 -99 1.91083077115926
-99 -99 -1.50632098302559 -99 -99 -99 -99 -99 -99 -99
-99 -99 -99 -1.12968007045361 -99 -99 -99 -99 -0.830991051175886 -99
-99 -99 -99 -99 -99 -99 -99 -99 0.235339960402756 -99
2.38299356840199 0.0137495785570562 -99 -99 -99 -99 -99 -99 -99 2.3175407275051
-99 -99 -99 0.460867793653745 -99 -99 -99 -99 0.839414393160546 -99
2.49037539876631 1.71323064063811 -99 -99 -99 -99 -99 -99 -99 -99
-99 0.291095366435925 -0.632344196929945 -99 2.31004872522077 -0.0411408024133739 -99 -99 0.0658028214302403 -99
-99 -99 -99 -99 -99 -0.290681755742769 -99 1.1396822686875 -99 -99
-99 -99 -99 -99 -99 -99 0.283389208666186 -99 -99 -99
-99 -99 1.37861290560375 -99 -99 -99 -99 0.351125470338146 -99 -99
-99 -99 -99 -99 -99 -99 -99 -0.57733057001926 -99 -99
-99 -99 0.367983791643023 1.22368274329699 -99 -99 -99 -99 0.303353346899391 -1.25449257786352
-99 1.20785332412327 -99 -99 -99 -99 -1.01165433969628 -99 -99 -99
0.307939609152804 -99 -99 -1.23987716338702 -99 -99 -99 -99 -99 -99
2.96471630115149 3.25163457677239 3.18341888074629 -99 4.27781209942748 -99 -99 -99 -99 -99
-99 -99 -99 -99 0.383488789223826 -0.359730202950709 -99 -99 -99 0.769698077276794
-99 -99 -99 -99 -99 -99 -99 -99 -0.582134716106746 -0.582163611725578
-99 -99 -1.04944503580534 -99 -99 -99 -99 0.725877711204903 -99 -0.483169221814365
2.09689485205328 -99 -99 0.555582222863318 -99 1.84074438388924 1.19553564810637 -99 -99 2.53890332800779
-99 -99 1.94349017064465 -99 1.30692544116852 -99 -99 0.933640197933298 -99 -99
-99 -99 -99 -99 0.120917031170527 -99 1.74931495907815 -99 -99 -99
-99 -99 -99 -99 -0.00334406150769251 0.399786783612833 -99 -99 -99 -99
-99 2.65707306149305 1.01215098296082 -99 -99 -99 0.368712321898179 -99 -99 2.30595085323145
2.84824661056754 1.73092142004506 -99 3.62878392491988 2.75287062685836 -99 -99 -99 -99 -99
-99 -99 -99 -99 -99 -1.17980778646068 -99 -99 0.0264566652839643 -99
-99 -99 -99 1.81252478884396 -99 -99 -1.6849834418935 -99 1.28842008824945 -99
-99 -0.362439997320135 -99 -99 -99 -99 -99 -99 -99 -99
-0.361195696015856 -99 -99 -99 -99 -99 -99 -99 -99 -99
-99 -99 1.10720082655934 -99 -99 -99 -99 -99 -99 -99
-99 -99 -99 1.32627052647836 -99 -0.457442218946343 -99 -99 -99 1.37415262299844
1.59779400976692 -99 -99 -99 -99 -99 1.37646459879148 1.02387442194709 -99 2.51624575916481
-99 -99 -0.59051200961971 -99 -99 -1.53484329017324 -99 -1.92134540169341 -99 -99
-99 -99 3.40009983670394 1.6803115015107 -99 -99 -99 -99 -99 -99
0.32970996623 -99 -99 -99 2.3177500096631 -99 -99 -99 1.28544627183272 -99
2.82423762263675 2.25341073328718 -99 -99 -99 0.680928766218571 1.19226848769751 1.92697107087375 1.81859063580836 -99
0.416106603534184 -99 -99 -99 -99 -99 -99 -99 1.05274996122381 -99
-99 -99 -99 -99 -99 -99 -99 -99 0.978844404392733 -99
-99 0.327728023483268 1.70443411330107 -99 -99 -99 -99 -99 -99 -99
-99 -99 -99 -0.152392965682405 -99 -99 -99 -99 -99 -99
-99 -99 -0.09688251454348 -99 -1.71654445373518 -99 -99 -1.06651475135827 -99 -1.24486806499426
1.70635554274442 -99 2.56731169434998 -99 -99 2.42668180320315 1.37298173240099 -99 -99 -99
-99 -99 2.58744805323763 -99 -99 -99 2.64335320665035 -99 -99 1.86400399637991
-99 -99 -99 -99 -99 1.56288128270199 -99 -99 -99 -99
-99 -99 2.0653573545908 -99 -99 -99 0.202355644604911 -99 -0.493732035187742 -99
-99 -0.0761225481450927 -99 -99 -99 -2.73538042372737 -99 -99 -2.27859848624585 -99
-99 -99 -99 -99 1.93096511257766 -99 -99 -99 -99 -99
-99 -99 -99 -99 -99 -99 -99 -99 -99 -99
-99 -99 -99 0.581269050296439 -99 -99 -0.366078639024261 1.04058518735964 -99 1.2439879509598
-99 -99 -99 -99 -99 -99 1.52725772460846 -99 -99 -99
-99 -99 -99 -99 -99 -99 -99 -99 -99 -99
0.845167347375141 -99 1.96132234310923 -99 -99 -99 0.338693578685545 -99 -0.781329747759275 -99
-99 -99 -99 -99 -99 -99 -99 -99 -99 -99
-99 -99 -99 -99 -99 -99 -99 -99 -99 -99
-99 -99 -99 -99 3.47266765088765 -99 -99 -99 -99 -99
-99 -99 -99 -99 -99 -99 -0.116156338884197 -99 -99 -99
-99 -99 -99 -99 -99 -99 -99 -99 0.71617572975731 -99
-99 -1.26847316475827 -99 -0.178278289086577 -99 -1.10228074486348 -99 -99 -99 -99
-99 -99 -99 -99 -99 0.904512696708781 -99 -99 -1.03834946326845 -99
1.10495332539634 1.98271245130916 -99 -99 -99 -99 -99 1.44075898841062 -99 1.08105959843331
-99 -99 -99 -99 -99 -99 -99 -99 2.58410569111024 -99
-99 0.612772725769718 -99 -99 1.97286888131532 -99 -99 -99 0.492344324208761 -99
-0.0157226121667331 0.063807100889914 -99 -99 -99 1.33113757825474 -99 -99 -99 -99
1.99636064460992 0.180208682616955 -99 -99 -99 -99 -99 0.980752762109497 1.93865554725528 1.24737809786694
-0.261910511717119 -99 -99 -99 -99 -99 -99 -99 -99 -99
0.968162718460841 -99 -99 -99 -99 -99 -99 -99 -99 -99
-99 1.0313996040318 -99 -99 -99 -99 -99 -99 -99 -99
-99 -99 -99 -99 -99 0.860590977336725 0.391014479115913 -99 -99 0.823175200605202
-99 -99 -0.395955007531612 -99 -99 -99 0.950201686790234 -99 -99 0.82985848345556
-99 -99 1.29602300163992 -99 1.08022351720613 -99 -99 -99 -99 -99
-99 -99 -99 -0.0723290015124141 0.507532918065674 -99 -99 0.793491743303172 -0.0625961652733897 -99
-0.881264178436289 -99 -99 -0.984146110533825 -99 -0.309675623358553 -99 0.520990105575506 -99 -99
-99 -99 -99 -99 -99 1.66348587257862 -99 -99 0.207188505599403 -99
-0.035075122551633 -99 0.5714551410169 1.88917539659649 -99 -99 -99 -99 -99 1.89364148589176
2.18186678562742 -99 -99 -99 -99 -99 -99 -99 -99 -99
-99 -99 -99 -99 -99 -2.17944331335999 -99 -99 -99 -99
-99 -0.664376658638851 -0.550402888960987 -99 -99 -1.3515780616822 -99 -99 -99 -0.387871237868192
-99 -99 -99 -99 0.837114998030949 -99 -99 -0.135962700192739 1.41345219106191 0.410689744598982
1.40559669906039 1.24384933972607 2.24563446480334 -99 -99 -99 -99 -99 -0.0415372143933308 -99
-99 -99 -99 -99 2.18521357322755 0.587601425287338 0.101125367323297 -99 2.05713583966208 -99
0.870895552827009 -99 -99 -99 -1.06982571108129 -99 0.870564266782704 -99 -1.59504026250788 1.03607584558512
-99 -99 -99 -99 -99 -99 1.67975039832266 -0.163321504663693 -0.383896109606136 -0.0288987435674857
-99 -99 -99 -99 -99 -99 -99 1.73929458225219 -99 -99
-99 0.187600029243639 -0.196562625416753 -99 -99 -99 0.663772719063654 -99 0.286892707580349 0.887470424756986
-99 -99 -99 -99 -99 -99 -99 -99 -99 -99
0.306403712046814 0.033771900170525 -99 1.69968030601704 -99 -99 -99 0.970296592360516 -99 1.43783952168536
2.55330307154032 -99 -99 -99 2.04929477186957 2.51120320297394 -99 -99 3.35152420000969 -99
-99 -99 -99 -99 1.52391215706162 -99 -99 -99 -99 -99
-99 -99 -99 -99 -99 -99 -99 1.3399294401723 -99 -99
-99 -99 -99 -99 -99 -99 -99 1.44513376913768 -99 -99
-1.71661301969614 -99 -99 -99 -99 -99 -99 -99 -99 -99
-1.058171390478 -99 0.0946366938143615 -99 -99 2.81831373745354 -99 0.948504330291933 -99 -99
-99 -0.833003495887257 -99 -99 -99 -99 -99 -99 -99 -99
-99 -99 -99 -99 -99 -99 -99 -99 -99 -99
-99 -99 -99 -99 -99 0.956231286005313 4.81700727719602 -99 -99 -99
-99 -99 -99 0.494887231004306 -99 -99 -99 -99 1.9642879722463 -99
-99 -99 -99 -99 -99 -99 -99 -99 1.88236394053002 -99
-99 -99 -99 -99 -99 2.06619863856243 -99 -99 -1.40122087172061 1.45178859066961
-99 -99 0.954104988050989 2.58544789776415 -99 -99 -99 -99 -99 -99
-99 -99 -99 -99 -99 -99 -99 -0.732396701740818 -99 -99
-99 0.740269286811591 -99 -99 -99 -1.0114123691595 -99 -99 -99 0.00127878938695747
-99 -99 -99 0.988233978345001 -99 -99 1.21499046846918 -99 -99 -99
-99 -99 -99 -99 1.54434762540562 -99 -99 -0.49104333404602 0.157127386070207 -99
-99 -99 -99 1.45507939628353 -99 -99 -99 -99 -99 -99
-99 1.467582194892 -99 -99 -99 -99 -99 -99 -99 -99
-99 -99 -99 -99 -0.1322969423014 -99 -99 0.265277458431488 -99 -0.287692597799994
-99 -2.6005736422874 -99 -99 -99 -99 -99 -99 -2.27924097511481 -99
-1.49664311518623 -99 -1.81500878652143 -99 -99 -1.03513601427034 -99 -99 0.884521744622659 -99
-99 -99 -99 -99 -99 -99 -99 -99 -99 0.0810170287917298
-99 2.23865524062239 -99 1.47303742263872 -99 -99 2.15336956527565 1.39713539772208 0.425178101223854 -99
-99 -99 -99 0.444671598333587 -99 -0.282200676106099 -99 -99 -0.288141940983482 1.20150275038606
-99 -99 -99 -99 -99 -99 -99 3.05588760591041 -99 0.0663597674173151
-99 -99 -99 -99 -99 -99 -99 -99 -99 2.10805739330484
-99 -99 -99 -99 -0.893463189992599 -99 0.839971066867401 -99 -99 -99
0.506922732019255 -1.42431514705664 -1.19635004637479 -99 -99 -99 -99 -99 -99 -99
-99 -0.358509839141708 -99 -0.400214514448035 -99 -99 -99 -99 -99 -99
-99 -99 -99 -99 -99 -99 -99 -99 0.387375163178652 -99
0.401250369649561 -99 -99 -99 -99 -99 -99 -99 1.33663302949567 -99
-99 -99 -99 -99 -99 0.557558066035515 -99 -99 -99 -99
-99 -99 2.47925758887605 1.27266411416068 1.22517379718818 -99 -99 -99 1.86363472208295 -99
-99 1.11109155468528 -99 3.13868351200177 -99 -99 0.789850307535322 -99 -99 0.708379099640217
-99 4.36983901282029 -99 -99 -99 -99 -99 1.50269595875555 2.08626143490645 2.25072086163967
-99 -99 -99 -99 -99 -99 2.44650952278143 -99 -99 -99
-99 -99 -99 -99 -99 0.0176462674589913 -99 -99 -2.47737890036191 -2.18766987533355
-0.435339032068723 -99 0.301162492248249 0.815028262054436 -99 -99 -99 0.21003354404325 -99 -99
-99 1.63450054197104 -99 1.38881624610287 -99 -99 0.35858970148987 -99 0.843302803633579 -99
-99 -99 -99 -99 -2.25871822526865 -99 -99 -99 -99 1.1989270625569
-99 -99 -99 -99 -99 0.928753087519916 -99 -99 0.286005359304221 0.648121975151496
-99 -99 -99 -99 -0.661978443711674 -99 -99 -99 0.535739375838766 -99
1.74555293223883 -99 1.01502149305102 -99 -99 -99 -99 -99 1.83363800703689 -99
0.603332854620021 -99 -99 -99 -99 -99 -0.596338378317994 -99 -99 0.698806473942789
-99 -99 -99 -99 -99 -99 -99 -99 -99 -99
-99 1.50147238432707 -99 -99 -99 -0.634128206867196 -99 -99 -99 -99
-99 2.54082766767853 2.91183779235576 -99 -99 -99 1.87609130164287 -99 -99 -99
-99 -99 -99 -99 1.81789655708963 -99 -99 2.80338749003626 -99 2.00176794371106
-99 -99 -99 -99 -99 -99 -99 -99 0.739240404027664 -99
-99 -99 2.86401607386343 3.10384574660831 0.849962670189504 -99 -99 -99 1.89794142008504 -99
1.76895553098287 -99 -99 -99 -99 -99 -0.130091825533631 -99 -99 -99
2.52765620952297 -99 -99 -99 -99 -99 -99 -99 -99 -99
-99 -99 0.390509669053658 -99 -0.279079636855428 -0.513705334444417 -99 -99 -2.18777668479184 -99
-99 -0.555942841477992 -99 -99 -99 -99 -99 -0.778386765351253 -99 -99
-99 1.51586171752085 -99 -99 -99 -99 -99 -99 -99 -99
-99 -99 -99 -99 -99 1.74565564241482 -99 -99 -99 -99
-99 -99 -2.3742621895535 0.0899687304793892 -99 -99 -99 0.30674951862143 -99 -99
2.21488087396705 -99 -99 -99 -0.206648303012975 -99 -99 -99 0.610878885612124 -99
1.96094273792828 -99 -99 -99 -99 5.19999973012354 -99 -99 -99 -99
-99 0.722656135102306 -99 1.21709878108061 -99 -99 2.51099121275021 -99 -99 -0.0982170143051595
-99 -99 -99 -99 -99 -99 -99 -99 -99 -99
-99 -99 -99 -99 -99 4.17752213285511 -99 -99 -99 -99
-99 -99 -99 -99 -99 -99 1.29255988259148 -99 2.39840795299664 -99
-99 -99 -99 -99 -99 -99 -99 -99 -99 0.42194450909919
-99 -99 -99 -99 -99 -99 -99 -99 -99 -99
2.33558535581591 -99 1.21535370964175 -99 2.21833995866227 -99 -99 -99 -99 -99
-99 -99 0.484435112260136 -0.217558112920362 -99 -99 -99 -99 -99 -99
-99 -99 -99 -99 -99 -99 -1.35483214304542 0.253922407828999 -2.63384893206116 -99
-99 -99 -99 1.82006183844281 1.2670592484501 -99 -99 1.20003443473326 -99 -99
-99 -99 0.0795331077686803 -99 0.312003840467685 -0.460885554419507 1.04384937549726 -0.12838248346028 -0.0243079997418747 -2.47233019227199
-99 -99 -99 -99 -99 -99 -99 -99 1.88882982812504 -99
-99 -99 -99 -99 1.6863080257131 -99 -99 1.05679868904591 -99 -99
-99 -99 1.30313062488873 -99 -99 -99 0.265004506623399 -99 -99 -99
-99 -99 -99 -99 -99 -99 -99 -99 -99 1.19067613766311
-99 -99 -99 -99 -1.21552685064051 -0.715198376115364 -99 -99 -99 -99
-99 -99 -99 -99 1.08621745415201 -99 -99 -99 -99 -99
-99 -99 -99 2.26229621640912 -99 1.12835425021279 -99 -99 -99 -99
-99 -99 1.64641785157486 -99 1.47502210044042 -99 -99 -99 -99 -99
-99 -99 0.406892088026402 -99 -99 1.09205804754289 -99 -99 -99 -99
1.04028705562812 -99 -99 -99 -99 -99 1.2440519476259 0.465568709311859 2.79529500548612 -99
-99 -99 -99 -1.63993369149559 0.131122819520235 -99 0.153239406160427 -99 -99 -0.0500650713019288
-99 0.239141104825977 -99 -99 0.0235961904419973 -99 -99 -99 -1.63135294143589 -99
-99 -0.305489507361959 -99 -99 -99 -99 -99 -99 -99 -99
-99 0.881883169702484 -0.499341547697519 -99 -99 -1.58602059119301 1.32459126746097 -99 -99 -99
-99 -99 -99 -99 -99 -99 -99 -99 -99 -99
-99 -99 -99 -99 -99 -99 -99 -99 -99 -99
-99 -99 -99 -99 -99 -99 -99 -99 1.81039759540177 1.62559249760876
-99 -99 -99 -0.68431977809726 -99 -2.4371826522841 -0.0207485474614482 -99 -0.18043325550188 -99
-99 -99 0.961381362363714 -99 -99 -99 -99 -0.461400712444083 -99 -0.504129929512314
-99 -99 -99 -99 -99 -99 -99 2.60010751908942 -99 -99
-99 -99 -99 1.40355464960078 -99 2.68046693854193 2.66602615722444 -99 -99 1.35427448679766
-99 -99 -99 -0.544668971867433 -0.630648231025428 -99 -99 0.365186022466691 -99 1.76814992117876
-99 2.38147854856958 -99 -99 -99 -99 -99 -99 -99 -99
-99 -99 -99 0.618260183605291 -99 -99 -99 0.948943290845135 -99 -99
-99 -99 -99 0.820006525938216 -99 -99 -99 -99 -99 -99
-99 -99 -99 3.02100967372188 -99 -99 -99 2.34705852019055 -99 2.66260731643092
-99 0.477466476721798 -99 1.40088470042721 -99 -99 -99 -99 -99 -99
-99 -99 -99 -99 0.67848965411925 -99 1.3916446437683 -99 -99 -99
2.13250810032728 -99 -99 -99 -99 -99 0.333623408161557 -99 -99 -99
-99 -99 -99 -99 -99 1.94812245708387 -99 -99 -99 -99
-0.79521026363498 0.926592749444059 1.04502010137574 -99 -99 -99 -99 -99 -99 -99
-99 -99 -99 -0.0911319678834095 2.46690035480147 1.13686060283465 -99 -99 -0.303631649635225 -99
-99 -99 0.015600348807673 -1.69460429799076 -99 -2.08758503142 -99 -99 -99 -0.615035978408602
-99 -99 -99 -99 -99 0.712275876202954 -99 -99 -99 -99
0.0338051371680862 1.22686030575483 -99 -99 -99 -99 -99 1.46903563593261 0.570077023322788 -99
0.0345014861771835 -99 -99 -99 1.498468731418 0.721345337747782 -99 4.19944282453402 -99 -99
-99 -99 -99 -99 -3.02377063052265 -99 -99 -0.399579363221232 -2.5439135402313 -0.287096307567075
-99 1.22653464438931 1.51062052436064 1.67327491218058 -99 4.16809141410031 1.15392568656018 -99 -99 3.24299206586924
1.34110877325751 -99 -99 -1.42683704500387 -99 -99 -99 -0.826975874294648 -0.477996316143342 -99
-99 -99 -99 -99 2.59145205819591 -99 -99 -99 1.03602484008915 -99
-99 2.19554625033687 -99 -99 -99 -99 -99 -0.0658539905773308 -99 -99
2.9036406681282 -99 -99 -99 -99 -99 -99 -99 -99 -99
-99 2.33321445984083 -99 -99 -99 -99 2.87650326558896 3.09484783471597 -99 -99
-99 -99 -99 -99 -99 -99 -99 -99 -0.145192725762655 -99
3.41743792156806 -99 -99 -99 -99 2.71039567993127 4.86865301556508 -99 -99 -99
-99 -99 -99 0.237737677530672 1.03854552576324 -99 -99 -99 2.93941013593325 1.05156649704351
2.13637689452874 1.73464361239425 -99 -99 -99 -99 1.87699207668025 -99 0.178475922285651 0.961365225236609
-99 -99 -99 -99 -99 -99 -99 -99 -99 -99
-99 -99 1.04710791223288 0.788064876384413 -99 -99 -99 -99 -99 -99
-99 -99 -99 -99 -99 -99 -99 1.54792188635978 -99 -99
-99 0.774135014353353 0.20475957637595 -99 -99 -99 -0.0334100960263604 -0.169919890829793 0.88987166966883 -1.43827116035006
1.52644399795328 -99 -99 -99 -99 1.32083977536722 -99 1.35156459169001 -99 -99
-99 -99 1.14451326268782 -99 0.838674612665884 -0.117126386974695 -99 -99 -99 -99
-99 -99 -99 -0.347482071171562 -99 -99 -1.2268803614168 -99 0.710875763973285 0.764563523020878
-0.0479220438873038 -1.00513974412704 -99 -99 -99 -99 -99 -1.53998154137148 -99 -99
2.63351250162068 -99 -99 -99 -0.60368611510595 -99 -99 -99 -99 -99
0.982489798638057 -99 -99 -99 -99 -99 -99 -99 -99 -99
-99 -0.1718430547779 -99 -99 -99 -99 -99 1.34807362166318 -99 0.782888341218783
-99 -99 -99 -99 -99 -99 -99 -99 -99 1.1375532616519
-99 -99 -99 -99 0.500849081475029 -99 -99 0.846717214143522 -0.297915301351328 -99
-99 -99 -99 -99 -99 -99 1.7858426628019 -99 -99 -99
-99 -99 -99 -99 -99 0.480814129405815 -99 -99 -99 -0.436839521642858
-99 -99 -99 -99 1.45437374977402 0.854059868952299 -99 -99 -99 -0.326634010830838
-99 -99 -99 -99 -99 -99 -99 3.99388750469144 -99 1.02285603549384
0.22181531704116 -99 -99 -99 1.50144281658973 -0.751387230552111 -99 0.25127183432783 -99 -99
-99 -99 -99 -99 0.0651851246249469 -99 -99 1.26661814999589 -99 -99
-99 -0.149070768741629 -99 -99 -99 -99 -99 -99 -99 -99
1.22396834574903 -99 -99 -99 -99 -99 -0.18241057269568 -99 -99 0.608710820998039
-99 0.0563956703563886 2.10848491422089 -99 -99 1.46610962361018 1.37461385596138 0.0426275220804488 -99 0.0868894879206583
-99 -99 -99 -99 -99 -99 -99 2.68048093285076 -99 -99
0.660759666686575 1.77204507987191 -99 -99 -99 -99 -99 -99 -99 0.938372060225322
-99 -99 -99 -99 -99 -99 -99 -99 -99 -99
-99 1.24977370242042 -99 2.80048998057437 -99 -99 -99 -99 2.00357054411339 -99
-99 -99 -99 -99 -99 -99 -99 -99 -99 -99
-99 -99 3.22928430883639 -99 -99 -0.55261470270891 -99 -99 1.97853655482693 -99
-99 -99 -99 -99 -99 3.30425058915192 3.45367205649346 -99 -99 -99
-99 -99 -99 -99 -99 -99 -99 -99 -99 -99
-99 -99 -99 -99 1.29040850807125 -99 -99 -99 -1.10892875524927 -0.37556777744726
-99 -99 -99 -99 -99 -99 -99 -0.0900846793278933 -99 -99
-99 2.1586792974259 -99 2.88292135307988 1.72167271211491 -99 2.49024413521448 2.90526652203935 -99 -99
-99 -99 -99 -99 -99 -99 -99 1.86393509945576 -99 -99
-99 0.463875431293731 -99 -99 -99 -99 -0.10441287148119 -99 -99 -99
-99 -99 -0.998695853157964 -99 -99 -99 -99 -99 -99 1.3827699732594
-99 -99 -99 -99 -99 -99 -99 -99 -1.10196934840635 -0.103381018688903
-99 -99 -99 -99 -99 -0.618352129693889 -99 -99 -99 -99
-99 -99 -99 -99 -99 -99 2.43391228275071 -99 -99 0.846906709700983
0.00814783418148435 -99 -99 -99 1.30515516005245 -99 0.292987354398747 -99 -99 -99
-99 0.348291248723814 -99 -99 -99 -99 -99 -0.0592279257238977 -99 -99
-99 -99 -99 2.31194387486491 -99 2.27159705034773 -99 -99 -99 -99
-99 0.478291993781074 1.09957560073654 -99 -99 -99 0.0151372897623523 -99 -99 -99
0.484579455318207 -99 -99 -99 -99 1.67672611639145 -99 -99 1.36437628252671 -99
-99 -99 -99 -99 -99 -99 -99 -99 -99 -99
1.38152296937275 2.07328914773853 2.55742098854561 -99 -99 1.64447433516298 -99 -99 2.05087794449237 2.63513410341193
-99 -99 -99 -99 -99 2.16449992193884 -99 -99 -99 2.49153511433044
-99 1.5509442377824 -99 1.22164750493994 -99 -99 3.21328414171344 -99 -99 -99
-99 3.28835528471409 -99 -99 -99 -99 -99 -99 2.02408855231921 -99
1.19820146276098 -99 -99 -99 -99 0.88152697071884 -99 0.215158736884643 1.65086775749747 2.0820087406499
-99 -99 -99 -99 -1.16870588037689 -99 -99 -99 -99 -99
1.78543134731767 -99 2.88842256405525 -99 -99 -99 -99 -99 -0.874575205306358 -99
0.529246301515487 1.11240151419512 -99 -99 0.311508230223347 -99 1.54985115563852 0.602836713823608 -99 -99
-0.75733755323135 -99 -99 0.529135771675231 3.98554734799703 0.164228106499165 -99 1.41425634887605 -99 -99
-0.101198536577844 -99 -99 -99 -99 -99 -0.569760396849567 -99 -99 -99
0.493251446090157 -99 -99 1.88805907869284 -99 3.03098434931079 -99 -99 -99 -99
-99 -99 -99 2.0320997258867 0.492629500972938 0.81631821707759 2.90779134855338 -99 -99 -99
-99 -99 -99 -99 -99 -99 -99 -99 -99 -99
-99 -0.263802209581694 -99 -99 1.1391399711949 -99 -99 0.149394067747887 -99 -99
0.918743283891123 1.92705201669971 -99 -99 -99 -99 1.36103304187031 -99 -99 -99
-99 -99 -99 1.87666017721936 1.82961655095101 2.26743056706792 -99 -99 -99 -99
-0.197823176618143 -99 -99 1.62755490419618 -99 -99 -99 -99 -99 -99
-99 -99 -99 -99 -99 -99 -99 0.595414474389305 -0.521267465591519 -99
-99 -99 -99 -99 -99 -1.85221902357555 -99 -2.6645731895471 -99 -99
-99 -99 -99 -99 -99 2.2590222682323 0.574448749422849 -99 -99 -99
-99 -99 -99 -99 -99 -1.64646297839789 -99 -99 -99 1.59662815252139
0.198537607690375 -99 -99 -99 -99 -99 -99 -99 -99 -99
-99 -99 1.956515465651 -99 2.24882446463649 -99 -99 -99 -99 -99
-99 -99 -99 1.60902313832309 -99 0.237170471360868 -99 2.99938823034201 1.53272377143213 0.75530086701106
-99 -99 -99 -99 2.44502756640843 -99 -99 1.55474736858329 -99 -99
-99 -99 -99 -99 -99 -99 -99 -0.127222109793838 -99 1.38964947562626
-99 3.59801392986978 3.29449603082148 -99 3.35347451914649 -99 -99 -99 -99 1.54463411081969
-99 -1.97105782819919 -99 -99 -99 -99 -99 -99 -99 0.492064888614241
-99 -99 -99 -0.258243585755574 -99 -99 -99 -99 -99 -99
-99 -99 -99 -99 -99 1.56399584671875 0.674102196463546 -99 -99 -99
0.207910928827571 -99 -99 -99 0.990822491239146 -99 -99 0.0246260459585124 1.10748641799817 1.97752398550245
-99 2.6491206360226 0.922270483867446 -99 -99 2.26747213529702 2.13583699449314 -99 -99 -99
-99 -99 -99 -99 -99 -99 1.31873674554104 -99 2.51034036707703 -99
-99 0.899048423048208 -99 -99 0.400792268054524 -99 -99 -99 0.387002782132708 -99
-99 -99 -0.181156654159157 -99 -99 -99 -99 -99 -99 -99
0.415160300835785 -99 -99 1.80752607010915 -99 -99 1.82816665692935 -99 -99 -99
0.463717939936823 -0.375172563028575 0.460693890231406 -99 -99 -0.438642450493184 -99 -99 -99 0.916763740541276
1.27536380054807 -99 -99 -99 -99 -99 -0.0917460212771422 -99 -99 -99
-99 -99 -99 -99 0.887169035789997 -99 -99 1.55363175400742 -99 -99
0.98000299920937 -99 1.20875449374386 -99 -99 -99 -99 -99 -99 -99
-99 -99 0.806566006430674 -99 -99 -99 3.30661003378095 -99 -99 -99
-99 -99 -99 3.69421499190053 2.30661576718474 -99 -99 -99 -99 -99
-99 -99 -99 -99 -99 1.01239321094711 -99 1.47216108230555 -99 -99
-99 -0.34290976787281 1.52738715365822 -99 -99 -99 -99 -99 -99 -99
-99 -99 1.8446887666726 2.18786992372156 1.5058481963349 -99 -99 0.385610993561198 -99 -99
-99 -99 -0.1811084075907 1.18801521189495 0.0443537885203971 1.04895152380396 1.07675730426897 -99 -99 -99
-99 -99 2.79832174263956 -99 -99 -99 -99 -99 -99 -99
-99 -99 -99 -99 0.177826615487735 -99 -99 0.85385032032381 -99 -99
-99 -99 1.36849002762397 -99 -99 -99 -99 -99 -99 -99
-99 -99 -99 -99 1.55335633138211 -99 -99 1.59538719876435 -99 -99
0.812810009467984 -99 -99 -99 2.25208550693281 -99 1.35740085662119 -99 0.550798557982408 -99
0.22447179584047 -99 -99 -99 -99 -99 -99 -99 -99 -99
-99 -1.07903124805425 -99 -99 -99 -99 -99 -0.889090207223876 -1.15396494193642 -99
-99 -99 -99 -99 -99 -1.26967634129884 -99 -99 -99 -1.43482060007084
2.13106729374048 -99 -99 -99 2.65610129534853 0.454100653246313 0.918189475278571 -99 -99 -99
-99 -99 -99 -99 -99 -99 -99 1.78298668616832 1.08124326151186 2.18772641220451
-99 -99 -99 -99 -99 0.254854381072109 0.830035481550458 -99 -99 -99
1.4761356727995 -99 -0.108090647508794 -99 -99 1.89981424612587 -99 -99 -99 -99
-99 -99 -99 -0.477748154196153 -0.715108639478984 -99 -99 -0.680804778477303 -0.544496071862767 -99
-99 1.802536877914 -99 -99 0.190780024254989 1.62115097406448 -99 -99 -99 -99
-99 -99 -1.28403014599683 -1.11903011388285 0.172746811947942 -99 -99 -99 -99 -99
-99 -99 -99 -99 -99 0.881617478726535 0.551514615742759 -99 -99 1.9237425559339
2.29808957849914 -99 -99 -99 -99 -99 -99 -99 -99 -99
-99 -99 -99 -99 -99 -99 1.10926893038219 -99 -99 -99
-99 -99 0.922395636475687 -99 -1.26212703932832 -99 -99 -99 -99 -99
-99 -99 0.00752067497224085 -99 -99 -99 0.572070472417316 -99 1.15330272025663 -99
-99 -99 -99 1.27737310803371 2.86436811099454 -99 -99 -99 1.49057897239951 -99
-99 -99 -99 -99 1.35947060701993 -99 1.66368086824797 -99 -99 4.40565520003543
-0.500000418771618 -99 -99 -99 -99 -99 -99 -99 -99 -99
-99 -99 -99 -99 -99 -99 -99 1.4513284261706 -99 0.219559835556428
-99 -99 3.60654298277195 0.54909940514448 -99 -99 -99 -99 -0.970692010181277 -99
-99 -99 -99 -99 -99 -99 -99 -99 -99 -99
-99 1.83340677959626 -99 -99 -99 -99 -99 -99 1.18099358879341 -99
-99 -99 -99 -99 -99 -99 -99 -99 2.36844783736556 -99
-99 -99 1.27928083788876 0.136866464540142 -0.50888445780775 -99 0.91475521371657 -99 -99 -99
-99 -99 -99 1.10210245626449 -99 1.07562969950242 0.484811270685865 0.351521041799904 -99 3.63266384785024
-99 -99 -99 -99 2.18530584159006 0.0774835852134994 1.63684198439977 -99 -99 -99
-99 3.83998215813283 -99 -99 -99 -99 -99 2.92624084982224 -99 -99
0.670647480327126 0.327789805759932 -99 -99 1.42915303870426 -99 1.16319209445274 -99 -99 -0.0436046497096938
-99 -99 1.71786501488066 -99 -99 -99 -99 -99 -99 -99
-99 -99 -99 -99 -99 1.68247223342036 -99 -99 -99 0.626816272069364
-99 -99 -99 -99 4.09703839157703 -99 3.58251054408044 1.97349270028436 -99 -99
1.08370424506969 -0.0705953924897125 -99 -99 -99 -99 -1.37326766588146 -2.19657198996274 -99 -99
-99 -99 -99 -99 -99 -0.466512412447741 -99 -99 -0.437310564582291 -0.113828187376331
-99 -99 2.12084496972057 -99 -99 -99 -99 0.904959878569597 -99 -99
-99 -99 -99 -99 -99 1.43158242326501 -99 -99 1.23484272073698 -0.928448354406486
0.015685886151647 -99 1.16957882205373 -99 -99 -99 1.08994558498136 1.01109011308908 -99 1.47435095168065
-99 -99 -99 -99 -99 -99 -99 -99 -99 -99
1.79366369034826 1.85717329675121 2.00263460021843 -99 1.86378226709049 0.284027758165931 2.45333892113554 -99 -99 -99
-99 2.09941632504212 -99 1.97870674398192 -99 -99 -99 -99 -99 -99
-99 -99 -99 -99 -99 1.19241535419334 0.503435696313674 -0.662986669371624 -99 -99
-99 -99 0.46209152238723 -99 -99 -99 -99 -99 0.238646620324174 0.391944691763435
-99 -99 3.25721735319317 -99 0.891491156117227 -99 -99 -99 -99 -99
-99 3.06673036297816 -99 -99 -99 -99 2.13955378920973 -99 -99 -99
-99 -99 -99 -99 0.723754573764142 -99 1.07773267254138 -99 -99 -0.432298645783904
-99 -99 2.59620890591055 -99 -0.44304365493232 -99 -99 1.74587716729859 -99 -99
1.12656608830829 -99 -99 -99 1.60237744246437 -99 -99 -99 2.18975184391203 -99
1.16679992302977 -99 0.461633848367517 -99 -99 -99 -99 -99 0.0906463881426793 -99
-99 2.75188170771328 3.89383567154208 -99 -99 -99 -99 3.38672875559668 -99 -99
-99 -99 1.47925325237798 -99 -99 1.60717299568187 -99 -99 -99 1.91933354248556
-99 3.3903725559703 2.58279388771621 -99 -99 0.358298763711207 0.87655034423843 -99 -99 -99
-1.04252658715053 0.714422734948832 -0.963016689775079 -99 -99 -99 -99 -99 -99 -99
1.75096538398278 -99 -99 0.437666511165299 -99 -99 -99 -99 -99 -99
-99 -0.174815976537587 -99 0.283662041161781 -99 -99 0.390958921021828 -0.63956977111248 -99 -99
-99 -99 -99 -99 -99 0.584137731031838 -99 0.751087829183813 1.06026928268005 1.8040983457834
0.767916089451275 -99 -99 -0.148277828684539 -99 -0.326742095532736 -99 -99 -99 -99
2.46050522745271 -99 -99 -99 -99 -99 -99 -99 -99 -99
-99 0.5974305542632 0.718739495901895 -99 0.852475617081447 -99 2.88003370368402 -0.406163557531191 -99 -99
-99 -99 -99 0.795324833893421 -99 -99 -99 -99 -0.32846745088148 -99
-99 -99 -99 -1.05797454075386 -99 -1.46541777482317 -99 -99 -0.871999210140014 -99
-99 -99 -99 -99 -99 -99 -0.143929096596786 -99 -0.665190163754455 -99
-99 -99 -99 -99 -99 1.7157731345434 -99 -99 -99 -99
2.68076909378133 -99 -99 -99 -99 -99 -99 -99 -99 -99
-99 2.55099103472992 -99 -99 -99 -99 -99 -99 -99 -99
-99 0.846835006899081 1.69619500933239 2.38273400169975 -99 -99 -99 3.23025653753617 -99 -99
-99 -99 -99 -99 1.9907398304429 -99 -99 -99 -99 -99
-99 -99 -99 -99 -99 -99 -99 -99 -99 -99
-99 -99 -99 -99 -99 -99 -99 -99 -99 -99
-99 1.65361302954692 -99 -99 -99 -99 -99 -99 -99 1.11770864570268
-99 -99 -99 -99 -99 1.41918277446593 1.26285686359857 -99 0.0827320432321497 0.296759929762785
-99 2.10211551674281 -99 -99 -99 -99 -99 -99 -99 -99
-99 2.24012077675498 -99 -99 -99 -99 3.03335121276718 -99 1.20696344843534 -99
-99 -99 -99 0.606229960053603 -99 -99 1.45110892299367 -99 -99 -0.723868749291715
-99 -99 -99 -99 0.0805237215357071 0.907747573818363 -0.550188432730867 -99 -99 -99
-1.71251360220681 -99 -99 -1.22392369328522 0.721035808114983 -99 -0.860711373612462 -1.87162944025258 -99 -99
-99 2.62859128024875 -99 1.77854087470203 -99 -99 -99 -99 -99 1.57734452207285
-99 2.18235160075228 -99 -99 -99 -99 2.95684579461961 -99 -99 -99
-0.0626108609082574 -99 -99 2.20611280021125 -99 3.26136970697102 3.48127815212569 1.84260073833268 -99 -99
-99 -99 -99 -99 -99 -0.773350443284226 -99 -0.899446546379958 -99 -99
-99 -99 -99 -99 -99 -99 -99 -99 2.00979715281919 -99
-99 -99 -99 -99 -99 -99 0.829561246573019 -99 -99 -99
-99 0.964547900497612 -99 1.07561476038448 -99 -1.74118755812748 -99 -99 -99 -99
-99 -99 1.09848540760616 0.321757301215754 0.986086378692853 -99 -99 -99 -99 -99
-99 -99 -99 2.96614583361906 1.77914323142853 -99 -99 -99 -99 -99
-99 -99 -1.67932768994288 -99 -99 0.96106061736182 -99 -99 -1.81986757439923 0.0801071452280052
-99 -99 -0.379265057882418 -99 -99 -1.2087320621862 0.634846171141667 -99 -99 1.80080477833624
-99 -99 -99 -99 -99 -99 -99 -99 -99 1.46220072277802
-99 -99 -99 -99 -99 -99 -99 -99 -99 -99
-99 -99 -0.908815545015154 -99 -99 -99 -99 -99 -99 -99
-99 0.4778742677814 -99 -99 -99 -99 -99 -99 -99 2.02402654218959
-99 0.95759399549236 -99 -99 -99 -99 -99 -99 -99 -99
3.1011222518133 -0.515958864753964 -99 -99 3.43886162214725 -99 -99 -99 -99 0.0154784982719265
-99 -99 -99 -0.349861805848539 -99 -99 -99 -99 -99 0.88410280512597
-99 -99 -99 0.0754731519719081 -0.744148704136524 -99 -99 -99 -99 -99
2.48842089726703 -99 1.93554591073893 2.87759262941236 -99 3.23406280383583 4.17149473323992 -99 -99 -99
-99 -99 -99 -99 -99 -99 -99 -99 -99 -99
-99 2.8964582390635 -99 0.849739090821369 -99 -99 -99 -99 -99 -99
1.11141183984817 -99 1.6358850289446 -99 -99 -99 1.28101408367869 -99 -99 -99
1.17443619174457 -99 -99 -99 -99 -99 3.67503740959695 -99 -99 3.80980254691983
-99 -99 0.849204665221865 2.01223457747066 -99 -99 -99 0.60132599778324 -99 -99
-99 -99 -99 0.00352551041539262 0.793592166777201 1.13400843093012 -0.802685770223226 -99 -99 -99
2.09464424614061 1.21494567685891 -99 1.47337032895388 1.34905309833696 -99 -99 -99 -99 -99
-99 1.8300276039629 -99 -99 -99 -99 -99 -99 -99 -99
-99 -99 2.22271786608261 -99 2.42112677275523 -99 -99 -99 1.70762343331078 2.38013292119108
-99 -99 -99 -99 -99 -99 0.789362624847357 1.40543693851206 -99 -0.205153417031912
-99 1.22436406210003 -99 -99 -99 -99 -99 -99 1.20184736418864 2.09136567678288
-99 0.876223492568186 -99 -99 -99 -99 -99 -99 -99 -99
-99 -99 -99 3.01466045669915 3.35948787795566 -99 -99 -99 3.37583868248308 -99
-99 -99 -99 -0.164385176670623 -99 -99 -99 -99 -99 -99
-99 -1.60996034929864 -99 1.07737578991233 -99 -0.410504935823652 -99 -0.553224637642951 -99 -99
-99 -99 2.54782044450437 -99 -99 2.83159520730193 -99 -99 -99 -99
3.06810658689037 -99 -99 -99 -99 -99 1.47470021993135 -99 1.67972142063992 -99
-99 -99 -99 -99 -99 -99 -99 0.0839681493269074 -99 -99
-99 -99 -99 -99 0.186652664563527 -99 -99 -99 -99 2.07374769870265
-99 -99 2.10983677863415 -99 -99 3.88747383046411 -99 -99 -99 -99
-99 -99 -99 -0.515353957281187 0.500387394235985 0.700207003403017 -99 0.108224570345735 -99 1.5101697807327
-99 -99 -99 -99 -99 -99 -99 -99 -99 -99
-99 -99 -99 -99 -99 0.985312858871094 -99 0.409133057212452 -99 0.331980720345175
-99 -99 -99 -99 -0.834768424449723 -0.273773432874943 -99 -99 -99 -99
-99 -99 -99 -99 -99 -99 -99 -99 -99 -0.507793331180421
-99 -99 0.623434417435942 -99 2.16907102046432 -99 -99 -99 -99 -99
-99 -99 -99 0.365368981662063 -99 -99 -99 2.09938066154911 -99 -99
-3.52693631123049 -99 -99 -99 -0.553935350060844 0.506281446288707 -99 -99 -0.0806285397349293 -99
-99 -99 -99 0.939859063119739 -99 -99 -99 -99 -99 0.688174632310174
-99 -99 -99 -99 -99 -99 -99 0.792294308524587 -99 -99
-99 2.68548806435856 -99 2.97160766046163 -99 -99 -99 -99 -99 -99
-99 -99 -99 -99 -99 -99 -99 -99 -99 -99
-0.0384855070307846 -99 0.637613424077604 -99 -99 -99 -99 0.0619812883942883 -99 -99
-99 -99 0.224481984694631 -99 -99 -99 -99 -99 -99 -99
-99 -99 -99 2.75470627571451 -99 -99 -99 -99 -99 -99
-99 -99 -99 -99 -99 0.293279018088758 -99 -0.137469194578499 -99 0.523423197519959
-1.93999802349374 -99 -99 -99 2.59742890241374 -99 -99 0.129544937032842 -99 -1.07305026380356
-99 2.04358475381081 1.02769188659997 -99 -99 -99 -99 -99 -99 -99
-99 -99 -99 -99 -99 -99 -99 -99 -99 -99
-99 -99 2.51928357154373 -99 -99 -99 -99 -99 -99 -99
-99 -99 -99 -99 -99 -99 -99 0.627899881269248 -1.44390145231196 -99
-99 -99 -99 -99 0.532146642498496 -99 1.50424607412464 -99 -99 -99
-99 -99 1.62679452154583 -99 1.31937480240245 -99 -99 0.807290071280242 -99 -99
-99 -99 -99 -1.28434802934427 2.40616291363688 -99 -99 -99 -99 -99
-99 -99 -99 -99 -0.502232447608001 -99 0.672490534856698 -99 -99 -99
-99 -99 -99 -99 -99 -99 -99 -0.284663473374062 -99 -1.22023877164269
-99 -99 -99 -99 -99 -0.591421640525722 -99 -0.744706240706877 -99 -99
-99 1.41477908324084 -99 -99 0.894200381735538 -99 0.514102784825262 -99 -99 -99
-99 -99 -0.110064894243967 -1.45630368957798 -99 -99 -99 -99 -1.78261613775022 -99
-0.655951537875073 1.10915426724287 -99 -99 -0.487224131378923 -0.994459837364397 -99 -99 -99 0.826462199336811
-99 1.25732102247849 1.55848242530081 -99 -99 -99 -99 0.344982015689691 -99 -99
-99 -99 -99 -99 -99 -99 -99 1.68455120319018 -99 -99
-99 -99 2.03368658719705 -99 -99 -99 2.44339129541336 -99 -99 -99
-99 -99 -99 -99 -99 -99 -0.888733907087325 -99 -99 -99
-99 -99 -99 -99 -99 0.951591147653233 -99 -99 -99 1.53324376903339
-99 -99 -99 -99 -99 -99 -99 -99 -99 3.66477347723348
-99 -99 -99 -99 -99 -99 -99 -99 -99 0.984686917713841
-99 -99 0.516816171845461 -99 -99 2.12573628073678 -99 -99 -99 -99
-99 1.10003742156719 -99 -99 -99 -99 -99 -99 -99 -99
-99 2.20704343544224 4.38111909823981 -99 4.01641742925712 -99 -99 -99 0.787739825197774 -99
-99 -99 -99 -99 -99 -99 1.26186107975146 -99 -99 -99
-99 -1.98229678502216 -0.28167581800027 -99 -1.19336854506133 -99 0.116295285699257 -99 -99 -99
1.18712661435867 -99 -99 1.7647388482399 1.15263367165237 1.79619662898123 -99 -99 -99 -99
1.17099802599472 -99 -99 -99 -99 -99 0.961336621948954 -0.172102947093331 -0.0249737181216534 -99
-99 -99 -99 -99 1.2939743655891 -99 -99 -99 -99 -0.177765301261458
-99 1.07665228741316 2.06491003820065 -99 -99 -99 -99 -99 -99 -99
-99 -99 -0.0660214130300618 -99 -99 -99 -99 -99 -99 1.84945083278135
-99 -99 -99 -99 -99 -99 -99 -99 -99 -99
-99 -0.789331863856436 1.20836819205628 -99 -99 -99 0.231041902888852 -99 -0.849479653636477 -0.133902350982584
-99 -1.2277804635136 -99 -99 -99 0.32651146678265 -99 -99 -99 -99
-0.420979562530404 0.242219454707205 1.27136832275381 -99 2.81977321484805 0.0770915342131656 -99 -99 -99 -99
-1.46662737508359 -99 -99 -99 -99 -99 -99 -1.54563135390502 -99 -99
0.933888762047366 -99 0.996920463378862 -99 1.94686445034221 -99 -99 -99 1.21777380817557 2.12608517281985
-99 0.526767477982681 1.41176741572227 -99 -99 -99 -99 -99 -99 -99
-99 -99 -99 -99 1.49545641900553 0.851478073583393 -99 -99 -99 1.75156752963965
-99 -99 -99 -99 -99 -99 -99 -99 -99 -99
1.18409342699488 -99 -99 -99 -99 -99 -0.0450903990528542 -99 -99 -0.239074474623298
2.25735002020081 -99 -99 -99 -99 -99 -99 -99 0.473490149036246 -0.324282167075666
1.03450282576267 0.817473719418977 -99 -99 -0.228613726881131 -99 -99 -99 -99 -99
2.86608431904797 -99 -99 -99 -99 -99 -99 -99 -99 -99
-99 -99 -99 -99 2.73592147640882 -99 -99 -99 -99 -99
-99 -0.997657150896577 -99 -0.667037680105233 -99 -99 -99 -99 -99 -2.11865925186806
-99 -0.755182722732618 1.662362225886 -99 -99 -99 -99 -99 -99 -99
-99 -0.475067820513641 -99 -0.74157912604951 -99 -99 -0.668518994010163 -99 -99 -99
-99 -99 -99 1.13991900203499 -99 -99 -99 1.23179596699702 1.75996013965918 2.34932093384585
2.62038270866537 3.87161519345047 -99 0.483424635850912 -99 -99 -99 -99 -99 -99
1.15255142763313 0.531849579956295 -99 -99 -99 -99 -99 -99 -99 -99
-99 -99 -1.01712575708012 -0.576059575979649 -99 -99 -99 -99 -99 -99
-99 2.79708055157501 -99 -99 -99 -99 -99 -99 1.59330313818781 -99
-1.38689815100449 -99 -99 -2.18357773130218 -0.942134625130265 -99 -99 -0.730088947994241 -99 -99
-0.312528107645271 -99 -99 -99 -99 -99 1.86980887350462 -99 0.495368958909403 -99
-99 -99 -99 3.06292487245028 -99 -99 3.77214434656647 -99 2.98485473635464 -99
-99 -99 1.5031897663558 0.0377495796253283 -99 0.383341524554958 0.708758545900573 -99 0.192465673394302 -99
-99 0.792305418560529 -99 -99 0.0791040087531093 -99 -99 -0.452934508237804 -99 0.152425280181264
-0.225833433381711 -99 0.452586875327701 -99 -99 2.06222024628458 0.532516411503692 -99 -99 0.714144121267931
-99 -99 -99 -99 -99 -99 -99 5.75233301000433 3.10953962012077 -99
-99 -99 1.72912465995081 -99 -99 -0.735014817611606 -99 -1.03795916423477 -99 -2.23049489872883
3.21826713046267 -99 1.77571548053268 -99 -99 -99 -99 -99 2.77695262882493 -99
1.58785580805657 -99 -99 -99 -99 -99 -99 0.540210894229054 1.55936323765829 -99
-99 -99 -99 1.55466544137624 -99 -99 0.822452730262008 -99 -99 -99
2.46808661074233 1.23495661129479 -99 -99 -99 -99 -99 3.2070236535717 -99 -99
-99 -99 1.07616928754249 -99 -0.331327598136979 0.596291939090974 -99 0.0546334626863461 0.663591344739284 1.76906624438492
-99 -99 -99 1.28552671225353 -99 -99 -99 -99 -99 -99
-99 -0.0944661332164247 -99 1.29792078622272 -99 -99 -99 -99 -99 -99
-99 3.61163437800467 -99 2.81342216972968 2.58036602715813 -99 2.44577899443213 -99 -99 1.33163231377711
-99 -99 -99 -99 -99 -99 -99 -99 -99 -99
-99 -99 -0.218421854088594 -99 -99 -99 -99 -99 -99 0.374209264325892
-99 -99 -99 -99 -99 -99 -99 -99 2.25341610139943 -99
-99 -99 -99 -99 -99 -0.125885318639618 -99 -99 -99 -99
2.74964079208493 -99 -99 -99 -99 -99 -99 -99 -99 -99
-99 -99 -99 -99 2.89182549074675 2.02074290153474 -99 -99 -99 0.918047114880788
-99 -99 -99 -99 -99 -99 -99 -99 -99 -99
0.62165559430876 -99 -99 -99 -99 0.48937781620616 -99 -99 -99 -99
-99 1.86696413219232 -99 -99 3.72987835660539 2.71885813258812 -99 -99 -99 -99
-99 -99 -99 0.342915812366384 -99 -99 -99 -0.888800825124629 -99 -99
-99 -99 1.64025356458627 1.27345354407437 -99 -99 -99 0.909741760643604 -99 2.49989119185493
-0.735576420040456 -99 -99 -99 -99 0.00224550653850708 -99 -99 -99 -99
1.18619419776405 -99 -99 0.821201771725051 -99 -0.161795177113615 -99 -99 -99 -99
-99 -99 -99 -99 -99 3.51088440192218 0.894619099996417 -99 2.07035658145987 -99
-99 3.41389010254397 -99 -99 -99 -99 -99 -99 -99 -99
-99 -0.100831600145356 -99 -99 -99 -99 -99 0.284158260646834 -99 0.360757798045292
-99 -99 0.558094068529903 0.199894028162769 -99 -99 -99 -99 0.869642032858837 -99
-99 -99 0.612929312684429 -0.435864873067638 0.336669784585523 1.46281249264088 0.00465851928368766 -99 -99 -99
-99 -99 -99 -99 -99 -99 -99 -99 -0.898813054597914 -99
-99 -99 -99 -99 -1.05256113573988 -99 -99 -99 1.73552980543914 2.05275408436835
-99 -1.21646382494048 -99 -99 -99 -99 -99 -99 2.73601961496311 -99
-99 -99 2.46114388292989 -99 -99 -99 2.94222294820177 -99 0.876121834425944 -99
-99 -99 3.03203423701358 0.768822327434104 -99 2.0097274815582 -99 2.02112620239944 1.83456127504694 -99
-99 -99 -99 -99 -99 -99 -99 2.1379303508857 -99 -99
-99 0.580389956239683 -99 0.674904721282424 2.26394367223182 1.52455656905039 -99 -99 2.6302248873322 1.00279780035185
1.65469962027943 -99 -99 1.5156262087193 2.90169476573789 3.11221876242546 -99 -99 -99 -99
-99 0.99163927464302 -99 -99 -99 -99 -99 -99 -99 -99
-0.177469955762766 0.601935395025444 2.29403824683063 -99 -99 -99 1.00395860901827 -99 -99 0.652251812545097
-99 -99 -99 -99 -99 -99 -99 -99 -99 -99
-99 1.41625607346158 -0.0282831104389138 0.357681693992 -99 -99 -99 -99 -99 -99
-99 1.73365725429027 -99 -99 -99 -99 2.1905410323394 -99 -99 2.47094149704347
-99 -99 2.31526144299761 3.50619399975277 -99 -99 -99 -99 3.95825384106735 -99
-99 -0.291149973122312 -1.16456698604158 -2.42408284807186 -99 -99 -99 -99 -99 -99
-99 -99 -99 -99 -99 -99 1.49896499745354 -99 0.381312758101721 1.36842898043144
-99 -99 -99 -99 -99 -99 -99 -99 -0.688724698074286 -0.573209887770214
-99 1.73686824630229 2.6103577963424 -99 -99 -99 -99 2.08778093566616 -99 -99
-99 0.548854071472085 -99 -99 1.59551329362699 -99 -99 -99 -99 1.50092579820626
-99 -99 -99 -99 2.2735444824073 -99 -99 -99 -99 -99
-99 1.69325421754111 -99 -99 -99 -99 -0.328938999490841 0.674234426495976 0.350715446584029 -99
-99 -0.147247797057977 -99 -99 2.42076539571404 1.36465311300347 -99 -99 0.700258488758359 -99
-99 -99 -99 -1.22380008190142 -99 -99 1.0433308790731 -99 -0.444194237817808 -99
2.74651120067591 -99 -99 -99 -99 3.82795790884428 1.96924439939502 3.92830819056325 -99 -99
-99 0.532245617264078 -99 -99 -99 1.01095982379177 -99 -99 -99 -1.58844094498175
-99 2.66274149727417 -99 -99 -99 1.08621512041633 1.60187392384772 1.08888058076319 1.73696628506321 -99
-99 -99 -99 -1.80246979982006 -99 -99 -99 -99 -99 -99
-99 -99 3.15800852039285 -99 -99 1.57696059554917 1.18123716271833 1.50516870226551 -99 -99
-99 2.7749621184141 1.05254747643835 -99 1.71608199622894 -99 -99 -99 0.794612386819201 -99
-99 1.13478744145934 -99 -99 -99 -99 -99 -99 -99 -99
1.11242516811015 1.69683604284037 0.535828611973966 -99 -99 -99 -99 -99 -99 -99
-99 -99 -99 -99 -99 -99 -99 -99 -99 -99
-99 -99 0.581207759572414 -99 0.363606424261845 -99 -99 -99 -99 -1.03887259261164
-99 -99 -99 0.925849678945805 -99 -99 -99 2.51329727763596 -99 -99
-99 0.86364080001663 -99 -99 -99 1.82690722583013 -99 1.94959017956842 -99 -99
0.748593127685508 -99 -99 -99 -99 -99 -99 -99 -99 -99
-99 -99 -99 2.51068383405802 -99 -99 1.40567176533696 -99 -99 -99
2.87506071050866 0.92762551539448 -99 0.00641725295651963 -99 -99 0.441587329907273 -99 -99 -99
-1.07468148130306 -99 -99 -99 -99 2.20348072036469 -0.905670477015595 -99 -99 -99
-99 -99 -99 1.80416791739718 -99 -99 -99 0.463711953734164 1.70211090337122 -99
-99 -1.79804416756284 -99 -99 -99 -99 -0.839358029445746 -99 -99 -0.509862398084259
-0.819310380890792 -1.91165829584478 -99 -99 -99 -99 -99 -99 -99 -99
-99 -99 -0.144619052978598 -99 -99 -99 0.977912441386632 -99 -99 -99
-99 -99 -99 -99 -99 -99 -99 -99 -99 0.510422579587332
-99 -99 -99 -99 -99 -99 -99 -99 -99 -99
-99 -99 -99 -99 -99 -99 0.480002821709566 -99 0.559059914781228 1.27336099219053
-99 -99 -99 -99 -99 -99 0.61785651124287 2.51252167663879 2.122681516343 3.93859554430903
-99 -99 -99 -99 -99 -99 -0.575654186440654 -99 -99 -99
-99 1.38316844164672 2.56951387884267 -99 1.72266081824666 -99 -99 -99 -99 -99
-99 2.58669053508582 1.97467904864329 -99 -99 -99 -99 -99 -99 -99
-99 3.14683877476391 -99 -99 3.07707637464273 -99 2.31372486939782 -99 -99 -99
-99 0.865965400032225 0.0619234382550812 -99 -99 -99 -99 0.579151803724489 -99 -99
-99 -99 -99 -99 -99 1.04788976192546 2.04874574739794 -99 -99 -99
-99 -99 -99 1.75808155564741 2.875918603391 1.3469801270735 1.71912900171736 1.04532405608322 0.645553385802994 -99
-99 0.744217763254267 -99 -99 2.1826355915678 -99 -99 -99 0.647812200108616 1.55028165280927
0.702319094446689 -2.32598112895663 -99 -99 -99 1.14260388316808 -99 0.327423204499129 -99 -99
-99 -99 -0.234665845901101 0.62704827202851 -99 -0.391617567728191 -99 -99 0.24620637167769 -1.38851394922145
-99 -99 -99 -99 -99 -99 -99 1.98812847694716 -99 2.74744745348543
-99 -99 -99 1.32360946458043 -99 -99 -99 -99 -99 -99
-99 0.41161446139391 -99 -99 -99 1.0691265753468 -99 -99 -99 -99
-99 -99 -99 -99 -99 -99 -99 -99 -99 -99
-99 -99 -99 3.79178615241781 -99 -99 -99 -99 -99 -99
-99 -99 -99 -99 -99 2.65181229854373 2.99030801109607 -99 -99 -99
-99 -99 -99 -99 -99 -99 -99 2.23775370230559 0.440114807689572 -99
0.295306642633513 2.44032236730451 -99 1.94039247574833 0.971025749037856 -99 -99 0.94766139932646 -99 -99
0.502229411073218 -1.40984665670775 -99 -99 -99 -99 -99 -99 -99 -99
1.54981399077092 -99 -99 2.00162094946671 -99 -99 -99 -99 -99 -99
-99 -99 -99 2.77979826439011 -99 3.6261935776279 4.20815975523556 -99 -99 -99
-99 -99 -1.48896958205473 -99 -99 -99 -99 -99 -99 -99
-99 -99 -99 0.604184285950843 -99 0.425488447931268 0.903294709647087 0.288983554399312 -99 1.47211314259704
-99 -99 -99 -99 -99 -99 -99 -99 -99 -99
-99 -0.052614567788293 -99 -99 -99 -99 0.588281690259967 -99 0.927994200798151 -0.159285797715903
-99 -99 -0.0200949816374536 -99 -99 -99 -99 -99 -99 -99
-99 -99 -99 -99 0.722380609146948 0.25623068683141 0.00531501805826007 -99 -99 -99
-99 -99 -99 -99 -99 -99 -99 -99 -99 -2.21946596371982
-99 1.32593633928345 -99 -99 -99 -99 -99 0.503420945890536 -99 -99
-0.543028614217587 0.129090292715541 -99 -99 -99 -99 -99 -0.470757984133827 -1.92512662559596 -99
-0.431246346069469 -99 0.719319598888748 -99 -99 -99 -99 -99 1.16259501030953 -99
-99 0.53729347053859 -99 0.22887848572191 -99 -99 -99 -99 -99 -99
-99 -99 0.378822154560491 -99 -99 -99 -99 -99 -99 -99
-99 2.14771582968695 -99 -99 -99 -99 2.9320242885759 1.59667082883396 -99 -99
3.26824789394989 -99 -99 -99 -99 -99 -99 2.59065714986101 -99 2.71420301347058
-99 -99 -99 1.50711473159762 -99 -99 -99 0.573923137443212 -99 -99
-99 -99 -99 -0.0551990763787444 1.13723404603074 1.20936472709848 -99 -99 -99 -99
0.918640285312328 -99 -99 -99 -99 -99 -99 -99 -99 -99
-0.46349084278264 -99 -99 -1.1447891006904 -99 -99 0.655182380523307 -99 -99 -99
-99 -99 -99 -99 -0.866894823991575 0.461729886701814 -99 0.617391908075747 -99 -99
-99 -99 -99 -99 -99 0.836616005627114 -99 -99 2.01306178314022 -99
-99 -99 -99 0.946906807675686 1.14311266391053 -99 1.73155190518593 -99 -99 -99
-99 -99 -99 -99 -99 -99 -99 -99 1.9407373159427 1.92229855894068
-99 -0.090878200828314 -99 -99 -99 -99 -99 -99 -99 -99
-99 -99 -0.318458060140904 -99 -99 -0.0476769581813807 -99 -99 -99 -99
-99 -99 -99 -0.0026420314730653 1.85543383602747 -99 -99 -99 2.66179012798661 0.0908512091869511
-99 -99 -99 -99 -99 -99 -99 -99 -99 2.40101960440925
1.92181024983483 -99 -99 -99 -99 -99 0.261491940037407 -99 -99 -99
-99 2.2779382106374 3.07445916706948 -99 -99 -99 -99 -99 -99 -99
-99 0.0468776528008431 -99 -99 -99 0.418205507778701 -99 -99 -99 -99
-99 -0.687586289678394 -99 -2.02356738542988 -99 -99 -99 -99 0.919374612163235 -0.451230729367923
-99 -99 -99 -99 -99 1.28930968794131 -0.225168509984948 -99 -99 -99
-99 -99 0.95281339790416 -99 -99 -99 -99 -99 -99 -99
2.11064262865358 -99 -99 -99 -99 -99 1.58891316845205 -99 2.29566583892757 -99
-99 2.82642632110044 4.37161942610782 1.28704085936193 -99 -99 2.7507646567613 2.08745671168809 -99 1.78356424476848
-99 2.77853971510469 -99 0.923762038018838 -99 -99 -99 -99 -99 -99
-99 -99 -99 -99 -0.791068880549526 0.533049085603062 -0.0357459724433375 0.0544693596328576 -99 -99
2.48542194596175 -99 3.82408200713118 -99 -99 1.20427023954394 -99 4.91703687666738 2.70796026154937 -99
-99 -99 -99 -99 -99 -99 -99 1.77465608916604 -99 -99
-99 -99 -99 -99 -99 -99 -99 -99 -99 -99
-99 0.921653772100529 -99 0.386151482148945 -99 -99 -99 -99 -0.292319623680128 -99
-99 -99 -99 -99 -99 -99 -99 -99 -99 -99
-99 -99 -99 -99 -99 -0.0985109586997566 -99 -99 -99 -99
-99 -99 -99 -99 -99 -99 -99 -99 -99 -99
-99 -99 -99 3.49434369117377 1.35508083383575 1.41972890831309 -99 -99 -99 -99
-99 -99 -99 -99 0.821464632877344 -99 -99 -99 -99 -99
-99 -99 -99 0.0112935823746171 -99 -99 -99 -99 -99 -99
-99 3.39400680075322 -99 -99 -99 -99 3.81028793884845 -99 -99 -99
-99 -99 -99 -99 -99 -99 -99 2.2225687180365 -99 -99
1.25603502436811 -99 -99 -99 -99 -99 -99 -99 -0.767727183995422 -99
-99 -99 -99 -99 1.33579202151095 1.12926563609854 -99 -99 -99 -99
1.21607762663079 -99 2.23828860874225 -99 2.86395573836653 -99 -99 -99 -99 -99
-99 -99 -99 -99 -99 -99 -99 1.35396247797452 -99 -99
-99 -99 -99 -99 2.31269536199321 1.16382834808504 0.776543148916666 -99 -99 -99
-99 -0.144103335256945 -99 1.18633202241536 -99 -99 -99 -99 0.270531778047618 -99
0.225789521889953 -99 -1.539866047556 0.148726415719007 0.178993217221362 -99 2.58852141488423 -0.132065965499535 -99 -99
-0.580737935886717 -99 -99 -99 -99 -99 -99 -0.622963279022593 1.06836851543308 -99
-0.163690408252357 -99 -99 1.1848469027805 -99 -99 -99 -99 -99 -99
-99 -99 -99 -0.567105566145601 -99 0.0151045594087381 -99 -99 -99 1.02953640574926
0.0980821891565264 -99 -0.625271599555964 -99 -99 -99 -99 -99 -99 -99
2.17322279556044 -99 4.21764682391485 -99 4.37744056971868 -99 -99 1.56186857268351 -99 -99
-99 -99 -99 -99 -99 1.14035796729261 -99 1.33925768901858 -99 -99
1.1452957189807 1.20704417242234 -99 -99 -0.947961410051132 -99 -0.297131664656594 -99 1.63345045553769 -1.58679861127646
-99 -99 -99 -99 -99 0.697703317311628 -99 1.07946781366194 1.55751740126719 -99
-99 -99 -99 -99 -99 -99 2.20585726035838 -99 -99 2.83340781450562
-99 -99 0.541071001956698 -99 -99 -99 -99 -99 -99 -99
-1.68436138779655 -99 -99 -99 -99 -99 -99 -99 -99 -99
-99 -99 -99 0.954228820788594 -99 -99 -99 0.750546822810291 -99 1.11387291708673
2.27886670364983 1.84744774699095 -99 -99 -99 -99 -99 -99 -0.104569328363765 3.09455461101059
1.58671354178169 -99 -99 2.65168295800056 -99 -99 -99 -99 -99 -99
-0.664788252698175 -99 -99 -99 -1.21585775173837 -99 -0.712034843385524 -99 -99 -99
-99 0.641592495533048 -99 -99 -99 -99 -99 -99 -99 -99
-99 -0.764910492358613 -99 -99 -99 -99 -99 -99 -99 -99
0.121785949935291 -99 -99 -99 -99 -99 -99 -99 -99 -99
-99 1.20405279281225 -99 -99 -99 -99 0.544917022706716 -99 -99 -99
-99 -99 2.17210397385086 -99 -99 3.58369408151602 2.78574733376644 -99 -99 -99
-99 1.41067230671773 -99 -99 -99 -99 -99 -99 -99 -99
-99 -99 -99 -99 -99 -99 -99 -99 1.01889538955136 -99
-99 -99 -99 -99 -99 -99 -99 -99 -99 -99
-99 -99 -99 -99 0.654387496126601 -99 -99 -99 0.213306072727216 -99
-99 2.71284035186505 2.52779616333764 -99 -99 3.02628039426376 1.97052200377427 -99 1.46144531635723 -99
-1.5434432765491 -99 -99 -99 -1.84619156793196 0.556919432453213 -99 -99 -99 -99
-99 0.289178757609576 -0.0901982668740198 -99 -99 0.226233503749112 -99 -99 -99 -99
-99 0.23212831588085 -99 -99 -99 -99 -99 -99 0.688943416687475 -99
-99 2.59732902011413 -99 -99 0.378476121129462 -99 1.30067869430921 -99 0.607740107177148 -99
0.704500977467741 -99 -99 -99 -99 -99 1.59364288192817 -99 -99 -99
-99 -99 -99 -99 -99 -99 -99 0.913557415921316 -99 -99
-0.89099197587047 1.46122010211088 -99 -99 -99 -99 1.20430978611975 -99 -99 -99
-99 -99 -99 0.0420239728281406 -99 -1.83721781241245 -99 0.545617306690526 -99 -0.414244666477954
-99 0.713932626120172 2.09211033792906 -99 -99 2.3198008182888 0.429908747221665 0.16250196522135 -99 -0.220066237940101
-99 -99 -99 -99 -99 -99 -99 1.35364984917204 -99 -99
1.39321778178795 -99 -99 -99 1.21838734264864 -99 1.07611445945376 -99 -99 -99
-99 -99 -99 -2.75229499125226 -99 -99 -99 -99 -99 0.165002224338636
-99 -99 -0.081946447719218 -99 -99 -99 1.28125761706415 -99 0.937684421232601 -0.443169647916261
-99 -99 -99 -99 -0.191713168066497 -99 -99 -0.723458744773299 -99 -99
-99 -99 -99 -99 -99 -99 -99 -99 1.73916069087444 -99
-99 -99 -99 -99 3.25108897613826 -99 -99 -99 1.60207917343957 -99
-99 -99 -99 -99 -99 2.53576365516629 -99 0.663662551169796 -99 -99
-99 1.40829197996707 -99 0.854433380354125 -99 -99 1.0122437921497 -99 -99 -99
-99 -99 -99 -99 -99 1.96823354830299 3.56701161768879 -99 -99 -99
-99 -99 -99 -99 2.22864832201543 -99 -99 -99 3.01404571330746 -99
-99 -99 -99 -99 -99 -99 -99 -99 0.463377479261062 -99
-1.83607653760909 -99 -99 -99 -99 -99 1.75617699315175 -0.708206424188436 -99 -0.957508421780953
2.45015784491658 -99 -99 0.939644405955068 -99 4.40925629680808 1.82165965128985 -99 -99 -99
-0.621045072783213 -99 -99 -99 -99 -99 -99 -99 -99 -99
-99 1.79760578415841 2.02545284301456 0.988574911996738 -1.35045004348328 -99 -99 -99 -99 -99
-99 -99 -99 -99 -99 -99 -99 -99 1.20234147221783 1.97799412554879
-99 -99 -99 -0.92574832795501 -99 -99 -99 -99 0.265665009882033 1.13147065627955
-99 -99 0.808234955258324 -99 -99 -2.14203017733763 -99 -99 -99 -0.69275746872834
-99 -99 -99 -99 -99 -99 2.19692854559601 -99 -99 -99
0.854031366548682 -99 -99 -99 -99 -99 -99 -1.21866900442983 -99 -1.03365040771474
-99 -99 -99 -99 -99 -99 -99 -99 -99 -99
-99 -99 -0.0716792849583616 -0.619484382541424 -0.922013550288538 -99 -99 -99 -99 -99
-99 1.92336797993292 0.828151704170176 -99 0.43997910241874 -99 -99 -99 -99 -99
-99 -99 -99 -99 3.31734795733934 -99 -99 2.77965585374088 -99 -99
-99 0.577379660140808 -99 -99 -0.205128856685328 -99 -99 -0.599546966171896 -99 -99
-99 -0.694730502938048 -99 -1.24005135869813 -99 -99 0.650262751648161 -99 -0.2614029361409 -99
0.833977068924309 -99 -99 -99 -99 3.6300367932959 -99 -99 -99 2.2363911121562
-99 -99 -99 -99 1.71717819120847 -99 -99 -99 1.5262055422466 -99
1.02464340290848 0.930953224579554 -99 -99 -99 -99 -99 0.621319980583814 -0.282766744244879 -99
-99 -99 -99 -99 -99 -99 -99 -99 -99 -99
-99 -99 -99 -99 -99 -99 -99 -99 -99 -99
-99 -99 -99 -99 0.95668723368195 3.54373347822921 -99 -99 -99 1.47303239071101
-99 0.804725372324372 -99 -99 0.798494019108196 1.4770204568304 -99 -99 1.05273799608051 -99
-99 -99 0.821566732833216 -99 -99 3.05064639013417 -99 -99 -99 -99
-99 -0.173268775077894 -99 0.427506123856277 -0.37737650982497 -1.61314171636649 1.12295953989962 -99 -99 -99
-0.454904727716273 -99 -99 -1.36147073273631 -99 -99 -99 -99 -99 -99
-99 -99 -99 -99 -99 -99 -99 -99 -99 -99
0.146873346719571 1.12887990328329 0.943088939682396 0.379485686424587 0.612277029036046 -99 0.299136006190385 -99 -99 0.930327183395994
0.621009793105717 -0.765742944576395 -99 -99 -99 -99 1.48682790471561 -0.117895379116442 -99 -99
-99 -99 -99 -2.34848740948597 -99 -99 -99 -1.84542664161628 -99 -99
-99 -0.399601218900748 -99 -99 -99 -1.54006254564082 -99 -99 -99 -99
0.394499737452451 -99 -99 1.42051813409708 -99 -99 0.477982218849895 2.10684263646599 -99 -99
1.7642563172764 2.015838814216 2.12278214814973 -99 -99 -99 -99 -99 -99 -99
-99 -99 -99 -99 -99 0.481691337122348 -99 -99 0.596022252138622 -99
2.98394581836331 -99 0.666707362569413 -99 -99 -99 -99 -99 0.523936532312731 -99
0.00372423846479997 -99 0.604960444043714 -99 -99 -99 -99 -99 -99 -99
-99 0.905293260979099 -99 1.27000467859163 3.66037109913523 -99 -99 4.83702547183511 -99 -99
-99 -99 -99 -99 -99 1.90947817265663 -99 -99 -99 -99
1.94453410014874 1.94316488593228 -99 -99 -99 -99 -99 -99 -99 -99
2.43424100519093 0.295118091828023 -99 -99 -99 -99 -99 -99 -99 -99
-99 -99 -99 3.71477034589244 -99 -99 -99 4.8915295016893 -99 -99
1.38530426787985 -99 -99 0.497428733717522 -99 -99 1.27404746970456 0.676452957682865 0.402183209704394 -99
-99 -99 -99 -99 -99 -99 2.42536946640286 -99 -99 2.95136757528323
-99 1.33216910211317 -99 -99 -99 -2.24780607610213 -99 -99 -99 -99
-99 -99 0.327259574375471 -99 -99 -99 -1.74920125115187 2.45960397800854 -99 -99
-99 2.85642845943632 -99 0.882609276511328 0.959679939154815 1.29988924311044 2.18461269382811 -99 -99 -99
-99 -99 -99 -99 -99 1.68957041827593 -99 1.58896242081784 2.59928252954264 -99
0.774341234313065 -99 -99 -99 -99 -99 1.4941628367322 -99 -99 0.252698683572551
-99 -99 -99 -99 -99 -99 -99 -99 1.9940162143886 -99
-99 -99 -99 -99 -99 -99 -99 0.976743378780614 -99 -99
-99 -99 -99 -99 0.170478654223225 -99 -99 -99 -99 -99
0.456100352811003 -99 -99 -99 2.07883928216163 -99 -99 0.987832298438759 -99 2.12600177535418
-99 -99 -99 -99 -99 -99 -99 -99 -99 -99
-99 -99 -99 -99 -99 -99 -99 -99 -99 -99
-99 -99 -99 0.747545787134596 -99 -99 -99 1.43188760254866 -99 3.41177879232151
-99 -99 -99 0.321378127444277 -99 -99 -99 1.60097957759772 -99 4.03071387441433
-99 -99 -99 1.84842538060332 -99 -99 2.54399975001345 -99 -99 -99
-99 -99 -99 -99 -99 2.25457304914715 -99 -99 -99 -99
1.05830579001766 -99 -99 0.940357267453062 -99 -99 -99 -99 -99 -99
2.08486581814561 -99 -99 -99 -99 -99 -99 -99 0.782276172598564 -0.880547272102028
-99 -99 -99 -99 -99 -99 -99 -99 -99 -99
-99 -99 -99 -99 -99 -99 -99 -1.8764001369988 -99 -0.048938088902696
-99 -99 -99 -99 -99 -99 -99 -99 -99 -99
-99 -99 -99 -99 -99 1.38045076818981 -99 -99 -99 -99
-0.434217157618337 -99 -99 -99 -99 -99 -0.335005842654241 -99 -99 -0.510307451776091
-99 -99 -0.564538744761157 0.339533231970272 -99 -99 -99 -99 -99 -99
-99 -99 -99 -99 -99 -99 0.476567516327822 -99 -99 -99
0.0847436409608873 -99 -99 3.24164346032656 -99 -99 -99 1.8741429475803 -99 -99
-99 -99 1.50602086836688 -99 -99 -99 -99 -99 -99 -99
-99 -99 -99 1.31657361093303 -99 -99 1.41524841426398 2.6285724116508 -99 -99
-99 -99 -99 -99 -99 -99 -99 -99 -99 -99
-99 -99 -99 2.96542858633655 2.19929073984848 -99 1.32689404214566 -99 -99 -99
-99 -99 -1.38009169557893 -99 -99 -1.06245754428067 -99 -99 -1.4369505679302 -99
-0.284149822135611 -99 0.673224267066581 -99 -99 -99 -99 -99 -99 -99
-99 2.36341471436912 2.25545399579291 -99 -99 -99 2.02179898907665 -99 -99 -99
-99 -99 -99 -99 -99 0.342387467211139 -99 -99 -99 1.86238121010121
-99 -99 -99 -99 0.649090659828009 -99 -99 -99 -99 -99
-99 2.30499433845903 -99 -99 -99 -99 -99 -99 -99 -99
-99 -99 -99 0.810224223610274 -99 -99 -99 -99 2.26891271805312 -99
-0.866349907998793 -99 -99 -99 -99 -99 -99 -99 -99 1.9988985134417
-99 -99 -99 -99 -0.435213156196312 -99 -99 -99 0.0688936275409329 -1.71734171378949
-0.576675141364608 -99 -99 -99 -99 -0.0579145334952449 -99 -99 0.0309752580092527 1.00798136201527
1.30210719303053 -99 -99 -99 -99 1.66751640697878 -99 -99 -99 -99
-99 -99 -99 -99 -99 -99 -99 -99 -1.48326089877963 -99
0.788722566709256 -99 0.718469866990103 -99 1.42817008873086 -99 -99 1.13237019810291 -99 -99
-99 3.21034427972157 -99 -99 -99 3.01726325150844 -99 2.79960999983651 2.66587645032389 -99
-99 -99 -99 -1.27997109500124 -99 -99 -0.364305598886216 -99 -99 -99
-99 1.08073170744774 -99 -99 -99 -99 -99 -99 -99 -99
-99 -99 -99 -99 -99 -99 2.17161314761917 -99 -99 2.41811796143363
-99 -99 -99 -99 -99 -99 1.26324153236392 -99 -99 -99
-99 -99 4.50504103371858 -99 1.50359487920027 -99 0.509628637539271 0.767531283252127 -99 -99
-99 -99 -99 -99 0.160994557354421 -99 -99 -99 0.993574996616295 4.6416791611392
-99 0.595792416065909 -99 -99 -99 -99 -99 -99 -99 -0.132242071231924
-99 4.07532988987864 -99 -99 -99 2.46156055921216 2.15991846721721 1.66239911476377 -99 -99
-99 -99 -99 -99 1.16820478188936 -99 -99 -99 1.08384297836315 -99
-99 1.04373779217868 -99 -99 -99 1.27534295596217 -99 -99 -99 -0.384966884068268
-0.0634659722834607 2.15551177792358 -99 -99 -99 -99 -0.568248364491286 -99 -99 -99
-99 -99 2.23647552223187 -99 -99 -99 -99 -99 -99 -99
0.653684426045835 -99 -0.405898970860568 -99 -99 -99 -99 -99 -99 -99
-99 -0.667776739579871 -99 -99 -99 1.30778907922203 -99 -99 -99 1.37525408478093
-99 -99 -99 2.91705944858309 -99 -99 1.86534168099439 -99 -99 -99
-99 -99 -99 -99 -99 -99 -99 -99 -99 -99
-99 -99 -99 -99 -99 -99 -99 -99 0.250581991046932 -99
3.1976749196975 -99 -99 5.21229249284665 -99 -99 -99 1.0572845851669 -99 -99
2.13737899938628 -99 -99 -99 1.94963466883366 3.43775379641437 -99 -99 -99 -99
-99 -0.645430090249648 -99 -99 -99 2.44247469396151 -99 -99 -99 -99
-99 -99 -99 -99 -99 -99 -2.44730307644444 -0.234347689359861 -99 -99
0.594205410105047 -99 -99 4.79431483374163 -99 -99 -99 -99 -99 -99
-99 1.80138184917366 -99 -99 -99 -99 -99 -99 -1.19242849672243 -0.0386253832137546
-99 2.38882521825373 -99 -99 -99 -99 -99 -99 -99 -99
1.13278174711346 -99 0.499377844533907 -99 -99 -99 -99 -99 -99 -99
2.37787809374868 -99 -99 0.299491244013565 -99 -99 -99 -99 -99 -99
-99 -99 -99 3.03939615406721 3.67173142675317 2.0735779027726 -99 -99 -99 1.22063565891779
-99 -99 -99 -99 0.695418200651715 0.246284369785686 -99 3.70592624893317 -99 -99
-99 -99 -99 -99 1.3750081139775 -99 -99 -99 -99 -99
0.503358855434749 0.749728749254267 -1.93107658756619 -99 -99 0.631644694533596 -99 -99 0.579664925460926 -99
-99 -99 -99 -99 0.83649324839483 0.562739753435931 -99 -99 -99 -99
-99 -99 -99 1.43747153164795 -99 -99 -99 -99 -99 -1.67055407015442
-99 -99 -99 -99 3.9048224874714 -99 -99 -99 3.52151490337284 -99
2.71264361679346 -99 -99 -99 -99 -99 3.16625532991274 -99 -99 -99
2.1250260216095 2.52161383387809 -99 -99 -99 -99 -99 -99 -99 -99
-99 -99 -1.54995151288671 -99 -99 -99 -99 -99 -99 -0.373025892658356
-99 -99 -99 -99 -0.937866238763155 -0.490138622107104 0.953774606298003 -99 -99 -0.563250078674137
-99 0.320803709887331 -99 -99 -99 -99 -99 0.886267833934146 0.341369394470879 -99
-99 -99 -99 -99 -99 -99 -99 -99 -99 -99
-99 2.47223708795172 -99 2.70937015811631 -99 -99 2.70995728920519 -99 -99 1.6979413333406
-99 0.685649680890854 -99 -99 -99 -99 -99 -99 0.518615557947918 -99
0.985984513289191 -99 -99 1.64044548670454 -99 -99 -99 -99 1.58342537994797 -99
-99 0.559832054889946 -99 -99 -99 -99 -99 -99 -99 -99
-99 -99 -99 -99 0.854847738034032 -99 -99 -99 1.12225163081153 -99
-99 -99 -99 -99 -99 0.358675468259677 -1.33720769691901 -99 0.645678038124523 -99
-99 -99 -99 -99 0.515612177810891 -99 -99 -99 -99 -99
-99 -99 -99 -99 -0.686220011097927 -99 -99 -99 -0.743271105990107 -99
0.598667825679196 1.49388436586587 2.90221911103555 2.14056548797884 -99 -99 -99 1.82872742896582 -99 -99
-99 -99 -99 -99 1.06217822845493 -99 1.33213841091133 -99 -99 0.434027524398326
-99 -99 -99 -99 -99 -99 -99 1.46429037095503 -99 1.00608715672892
1.92520987432116 -99 1.11542595256515 -99 1.21664273913532 -99 -99 -99 3.32967251391965 -99
-99 -0.0126315295996489 -99 -99 2.52254167738658 -99 -99 -99 -99 -99
-99 1.27958119863048 -99 -99 -99 -99 -1.12059171354122 -99 -99 0.217694175229514
-99 -99 -99 -99 -99 -99 -99 -99 0.722842170084093 -0.170095499419119
-99 -99 -99 -99 -99 -0.635488500424169 -99 0.339786057588061 -99 -99
-0.229952305299639 0.0729583427611723 -99 -99 -99 -0.327098877101511 -99 -99 -99 -0.107772625626743
-99 -99 2.31105431853251 2.35880909346163 -99 -99 0.80062871227698 -99 -99 -99
-99 -99 -99 -99 -99 -99 -99 -99 2.51530301285155 -99
-99 -99 -99 -99 -99 -0.10244175315906 -99 -99 -99 1.64507949340318
-99 -99 -99 -99 -99 -99 -99 -99 -99 2.35367374876569
-99 -99 -99 -99 3.71587796002985 -99 2.82705165711835 2.12379372491216 -99 -99
-99 -99 -99 0.251620955308697 -99 -99 -99 -99 -99 -99
-99 -99 -99 2.50596900207315 -99 -99 -99 -99 -99 -99
-0.0365976638131764 0.703709675579891 -99 -99 -99 -99 -99 -99 -99 -99
-99 1.09081352414239 -99 -99 -99 -99 -99 1.16265978414871 -99 -99
-99 -99 -99 -99 -99 -99 -99 -99 -99 3.55966862773853
0.953327017161951 -99 -99 -99 -99 -99 -99 -99 -99 0.716789875109529
-99 -99 0.939849984172023 1.36684882083526 -99 -99 -99 -99 -99 -99
1.24065303160388 -99 -99 -99 -99 1.67598617339869 -0.893416531754695 -99 1.49349937058506 -99
-99 -99 -99 -99 -1.90856069606332 -99 0.479097943286696 -99 -99 -99
-99 -99 -1.13533741685027 -99 0.742317929659625 -99 -99 -99 -99 -99
-99 -1.15764039426388 -99 -99 -99 -99 -99 1.68541446006697 -99 -99
-99 -99 -99 -99 -99 -99 -99 -99 -99 -99
3.6119413057297 -99 -99 -99 -99 -99 -99 -99 4.0160699313255 -99
1.3938929641282 -0.7228761738403 -99 -99 0.0448061066924326 -99 -99 -99 -99 -0.112598773878299
-99 -99 -99 -99 -99 0.481115676957658 0.662701443677131 1.53716263587543 -99 -99
-99 -99 -0.150562295958853 -99 -99 -99 -99 -99 -99 -99
1.15412183137165 0.786534600222156 -99 -99 -99 -99 2.93879021414224 -99 1.42840907665149 -99
-99 -99 2.13011843453933 -99 -99 -99 2.16447592873195 -99 0.469090060455912 -99
1.30826143290716 1.14839792839963 -99 -99 -99 -99 -99 -99 -99 -99
-99 0.987986391604544 -99 -99 -99 -99 2.26771450043873 -99 -99 -99
-99 -99 -99 -0.719576469811535 -99 -99 -99 -99 0.596601710244256 -99
-1.67073454330726 0.740116151703007 -99 -99 -99 -99 -99 -99 -99 1.8854029677966
-99 -99 -99 -99 -99 0.479040423244365 -99 -99 -0.934840066160636 -99
-99 2.32057389073441 -99 -99 -99 -99 1.04997406811279 -99 -99 -99
-1.30850281354822 1.29185656362826 -99 -99 -99 -99 0.0671959670365853 -0.146686824713167 -99 1.63822042390402
-99 -99 -99 -99 -99 -99 -99 -99 -99 -99
-99 -99 2.85109837859511 2.33995271167247 -99 2.66721631517541 1.94948090835816 -99 -99 -99
-99 -99 -99 -0.435558156444769 -99 -99 -99 -99 0.622075698049076 -99
1.08334218286583 -99 -99 2.05042984236213 1.47251855831897 -99 -99 -99 -99 -99
-99 -99 -99 0.45501469341426 -0.551045294202122 0.679027645177023 -99 -0.839747927890958 -99 -99
3.9704532531026 1.20252966439782 2.98100352787691 -99 -99 -99 -99 -99 -99 -99
-0.635559674505624 -99 -99 2.23365949678204 -0.0104935648609981 -99 -99 -99 -99 -99
-0.858762154225964 -99 1.73510027046975 -99 -99 -99 -99 -99 -99 -0.584292734033744
-99 -99 -99 -99 -99 -99 -99 -99 1.32219207937672 -99
1.11669935527937 -99 2.49747086333384 -99 -99 -99 -99 -1.04683234896337 -99 -99
-99 -99 -99 2.96790883134932 -99 -99 2.57545602992924 -99 -99 3.34987789977425
-99 -99 2.18931941159465 -99 2.28958268295725 -99 2.31711444247685 0.161502960972822 -99 -99
-99 -99 2.36245324511346 3.34407426444878 2.00183219197849 -99 -99 -99 -99 -99
0.104259897978843 -99 -99 -99 0.764914298815636 -99 -99 -99 -0.086205613193328 -99
-99 -99 2.00043292894932 -99 -99 1.62662365277354 -99 -99 1.83797407476161 -99
-99 -99 -99 -99 -99 -99 -99 1.67615169690954 -99 -99
-99 -1.71693087863819 -1.39091685000426 -99 -99 -99 -99 -99 -99 -2.23007461540293
-99 -99 -99 -99 -99 -0.3495439702922 -99 -99 -99 -99
0.160878091335707 -99 -99 -99 3.05619538912799 -99 -99 2.5153895503932 -99 -99
-99 -99 -99 -99 -99 -99 -99 -99 -99 0.998751024023378
-99 -99 -99 -99 -99 -99 -0.146821982588946 0.520257391001799 -99 -99
-99 1.17952165272685 -99 -99 0.849890152662068 -99 -99 -99 -99 -99
-99 -99 -99 -99 -99 -0.866613022232269 -99 -99 -99 -99
-99 -99 -99 -99 -99 2.19201787901057 -99 -99 -99 -99
-99 -99 -99 1.90934040438413 -99 1.73162286083913 -99 -99 -99 2.902414533992
1.09261864233983 -99 -99 -99 -99 2.8297131457927 -99 -99 2.86291022552451 -99
2.06535700291503 -99 0.723689967776308 -99 3.12248728651383 1.09619849354444 -99 -99 -99 3.56405025955656
-99 -99 2.07156682728282 -99 -99 3.1246541387715 1.483556675278 -99 -99 -99
-99 0.985011026252176 -99 -99 -99 -99 -99 -99 -99 0.59372269285139
-99 -99 -99 -99 0.4666820534495 -0.66603722751258 -0.240779784053217 -99 -99 -99
-99 -99 -99 -99 -99 1.52377178215941 -99 -99 0.487451449565285 -0.0275155274900538
2.27636201480122 -99 2.76413779530297 -99 0.864459513706717 -0.956576500817826 0.773083246500802 -99 -99 -99
1.68407130585635 -99 -99 1.96106633009298 -99 -99 -99 1.03646116887833 -99 -99
-1.28681316589915 -99 -0.524937364123367 -1.14959761531512 -99 0.460050017359839 -99 0.611265486319226 -1.46432035329678 -3.68583186367469
-99 -99 1.87689620333257 0.549204800499953 0.790591078347706 0.117962676766266 -99 -99 -99 -99
-99 0.537660923907561 -99 -99 -0.122502231923579 -99 -99 -99 -99 -99
1.12685920096095 -99 -99 -99 -99 -99 -99 -99 -99 -99
-99 3.6072651828123 -99 -99 -99 1.42037481226592 2.57166971844728 -99 -99 2.26813988019568
-99 -99 -99 -99 -99 -99 -99 -99 -99 -99
-99 -99 -99 2.91392259232833 -99 3.89125858087589 -99 -99 -99 -99
-99 -99 1.34904463056644 0.864249712010182 -99 -99 -99 -99 -99 -99
0.689447724706044 -99 -99 -99 -99 -99 -99 -99 -99 -99
0.906479244523361 -99 0.826349577162365 -99 0.168388427083413 -99 -99 -99 0.411153691224527 -99
-99 0.699048644220922 -99 -99 -99 -99 -99 1.73387835651877 -99 -99
-99 0.491209549928257 0.00921041704349124 -99 -99 -99 0.95361342833111 -99 0.0203864602691991 0.801877284576491
-99 -1.00088821232334 -99 -1.90322453545804 -99 -99 -99 0.177505017074958 -99 -99
0.518963509589075 -99 -99 2.2823111833621 -0.445335728692184 -99 -99 1.36486164289571 -99 1.50977124863627
-99 2.29703219433247 -99 -99 2.07283847029649 -99 -99 -99 -0.0158192900275946 1.4947260192655
-99 3.69236368361395 -99 1.69983333401171 1.43639323757526 -99 -99 2.01128446025347 -99 -99
-99 -99 -99 -99 -99 -99 0.50447049237403 -99 -99 -99
-99 -99 3.0186435422748 -99 -99 -99 3.86963357986033 -99 1.99837288159834 3.16613977822876
0.905277162506098 -99 -99 -99 0.380157705730602 -99 -99 -99 2.12618682994177 -99
-99 -99 -99 -99 -99 -99 -99 -99 3.88925197750566 -99
2.03350618154092 -99 -99 -0.513392000923539 -99 -99 -99 -99 -99 -99
-99 -99 -99 2.04208510708176 -99 -0.0697070948958469 -99 2.68041748232924 -99 -99
-99 -99 -99 1.98369940602338 -99 -99 1.99138087865716 -99 -99 -99
-99 -99 -99 -99 1.51863821656061 -99 -99 1.23132333246378 -99 -99
0.49017181292278 -99 -99 -99 -99 -99 -99 -99 -99 -99
0.0692159484005617 -99 -99 -99 -99 -99 -99 -99 -99 -99
-99 -0.245658190026226 -99 -99 -99 1.47558999824062 -99 0.00632693428113684 -99 -99
-99 -99 3.68775720902572 1.96812934769157 -99 3.5653645135606 -99 2.90487622868948 -99 -99
-1.36197468330187 -99 -99 -0.458297734029657 0.757570577891968 -99 -99 -99 1.36775461641403 -99
-99 -99 -99 -99 -99 -99 -99 -99 2.15656353536533 -99
-99 -99 -0.341786199258913 -99 -99 -0.342503991936632 -99 -99 -99 -0.146322099025062
0.353877632638039 -99 -99 0.244512036642852 0.164581354246441 -0.856977096271907 0.211056380574404 0.313740922727327 -99 -99
-99 -99 -99 -99 -99 -2.32940390889821 1.01777605266616 -99 -99 -0.381425473534192
-99 -99 -99 -99 -99 -0.213409420913506 -99 -99 -99 -99
-99 0.600885894683956 1.05082359164027 0.846329883762485 -99 -99 2.27654160718071 -99 -99 -99
1.18805387650975 -99 -99 -99 -99 0.84862522284677 -99 -99 1.65350101101697 -99
-99 -99 -99 -99 -99 -99 1.5855902026711 1.5639248172236 -99 -99
-99 2.41440339560379 1.7465793477573 -99 -99 -99 -99 0.266860811996577 1.75308097881511 0.269658185639083
-99 -99 -99 -99 -99 -99 2.70747491917817 -99 -99 -99
-99 -99 -99 -99 -99 -99 -99 1.47925948978487 0.264193440355579 -99
-99 -99 1.18393032505341 1.29956353492482 -0.0879774927907169 -99 0.517288848993355 0.234624436953745 -99 1.38052511840146
-99 -99 -99 -99 -99 -99 -99 -99 0.623047235922989 -99
-99 -0.626567284366886 -2.19293777323363 -99 -99 -99 -99 -99 -2.10261727711957 -99
-99 -99 1.03570967389602 -99 -99 -99 2.4511397100137 -99 -99 -99
-99 -99 -99 -99 -99 -0.197271223209058 -99 -99 -99 0.086982192014349
-99 -99 -99 -99 -99 0.800318531268465 -99 -99 -99 -99
-99 -0.359384077096604 -99 -99 -99 -99 -99 -99 -99 -0.732574725308542
-99 -99 -2.32272235959324 -2.09392119834528 -99 -99 -99 -3.00739219127413 -99 -99
-99 -99 -99 -99 -99 -99 -99 2.17204495291801 -99 -99
-99 -99 -99 -99 -99 -99 0.876686424605487 -99 -99 2.13947479121078
2.41804902696595 -99 0.283767561313804 -99 -99 -99 -99 -99 1.67963373515374 -99
-99 2.03648014656269 -99 -99 -99 -99 -99 -99 -99 -99
-99 -99 -99 -99 -0.882920825519475 -99 -99 -99 1.3835412768735 -99
1.70671077356339 0.507449634520061 -99 2.94945587202502 -99 -99 -99 -99 0.971822463630712 -99
0.402085609221898 -99 -99 -99 -99 -99 -99 -0.305805180066298 -99 0.684631440246755
-99 -99 -99 -0.279583559568808 0.81725437515228 -99 -99 -99 -99 -99
-99 -99 -99 -99 -0.400603381511767 -99 -99 -99 -99 -99
-99 -99 -99 -99 -99 -99 0.947103207478652 -99 2.1732231733406 -99
-99 -99 -99 -99 -99 -99 2.13699755544971 -99 -99 -99
-99 1.68916189586896 -99 1.51661584152513 -99 3.19949833350438 2.26667717844488 -99 -99 0.867547345554031
-99 -99 1.09118744598009 -99 -99 -99 -99 -0.592552231489834 -99 -99
-99 -99 -99 -99 -99 -99 -99 0.0286981211565271 -99 -99
-99 2.44421874411677 -99 -0.382104866629811 2.86388216950561 -99 -99 -99 -99 -99
-2.51652402934148 -0.499756603193888 -1.52546562238858 -99 -99 -99 -99 0.263607938589564 -99 -99
-99 -99 -99 -0.194436362035844 2.17865223458734 -99 -99 0.838391681930266 -99 -99
-99 -99 -99 1.79471148189526 -99 0.789436283715169 -99 -99 1.12084131734282 -99
-99 -99 1.76646863478415 -99 -99 0.807481535266128 1.60950797743217 -99 -99 -99
-99 -99 -99 -99 1.22392121609702 -99 -99 -99 -99 -99
-99 0.910577009980597 1.64370058940615 -99 -0.0670824180627805 -0.374951347141603 0.295779642449232 0.154390883562247 -99 -99
-99 -99 -99 -0.352748989649079 -99 0.664763456770324 -99 -99 -99 -99
-99 -99 2.48323613921072 -99 -99 0.0175559250828407 -99 -99 -99 -99
0.644336983720407 -99 -99 -99 -99 0.746858992598117 -99 -99 3.20184580007804 -99
-99 2.06251974424223 -99 -99 -99 0.842885542960758 -99 -99 -99 -99
-99 -99 -99 -99 -99 -99 -99 -99 3.17820255538388 2.77806245211919
-99 -99 -99 -99 -99 0.296019667247261 -99 -99 -99 -99
0.941320835875255 -99 0.676007750277639 -99 1.20069636513922 -0.217653590652396 -99 -99 1.09607955509793 -99
0.0607290959210383 -99 -99 0.734519960798458 -99 1.08420324847166 -99 -99 -99 -99
-99 -99 -99 -99 -99 -99 0.648615300276232 -1.15247053837714 0.526834440712354 -99
-99 -99 -99 -99 -99 -99 -99 2.1786371440706 -99 -99
-99 0.10876117554804 -99 -99 -99 -99 -99 -99 -99 0.00890392028612308
-1.42212569476396 -99 -99 -99 2.58428690840479 -99 -99 2.0459032012249 0.747466625459797 -99
-99 -99 -99 -0.157542735313513 -99 1.74937861686428 -99 -99 -99 -0.518578114418042
1.13172191392972 -99 1.2597062654613 -99 -99 -99 2.35451692014526 -99 -99 -99
-0.214028031087836 -99 -0.601677102686716 -99 -99 -99 -99 -99 -99 -99
-99 -0.208489534825632 -99 -99 -0.511474497784902 -1.17439436637284 -99 -99 -99 -99
-99 -99 -99 -99 -99 -99 -99 -0.693347367347925 -99 -2.13552483390786
-99 1.40240325601229 -99 2.54303324879708 2.58682968854758 -99 1.2541466654884 -99 -99 -99
-99 -99 1.92078216194066 -99 -99 1.02796761789649 -99 -99 -99 0.133521850982693
-99 -99 0.894351703529032 -99 0.781271939452853 -99 -99 -99 -99 -99
-99 -99 -99 -99 -99 -99 0.666422995174244 -0.00219229914861296 -0.880417356780363 -0.109528431705846
