-99 -0.257792624181969 -99 -99 -99 -99 -99 -99 0.196003488571725 -99
-99 0.590525530124396 1.5116904136037 1.68695489511046 1.76873741373581 1.05447119143164 0.864449203566038 0.867453999079413 -99 1.74991602827327
-99 3.97745754525445 -99 -99 -99 -99 -99 2.99887714642942 -99 -99
-99 1.48483930081676 -99 1.76125599472592 -99 -99 -99 -99 -99 -99
-99 -0.676474259098723 -99 -99 -99 -99 -99 -99 -99 -99
-99 -99 -99 -0.534889119585701 -99 -99 -99 -99 -99 1.57083119180331
-99 -99 -99 -99 -99 -99 -99 -99 1.08371549774643 -99
-99 -99 -99 -99 -99 -99 -99 -99 -99 -99
-99 -1.13845703379913 -99 -99 -99 0.184526273444213 -0.57053655683187 -99 -2.03172241511133 -99
2.88637342628954 -99 -99 -99 -99 -99 -99 0.280618464368471 -99 -0.100130457998763
-99 -99 -99 -99 -99 -99 -99 -0.589678929520992 -0.206860649220797 0.246198226087488
-99 -0.157399448637054 -99 1.58295148312422 -99 -99 -99 -99 0.362690637578555 -99
-99 -99 -99 -99 -99 -99 -99 0.876796028189498 -99 -1.41349373356492
-99 -99 -99 -99 -99 -99 -99 2.36668131388934 2.43169561664968 -99
-99 3.19320618427351 0.629303727142743 -99 -99 -99 -99 -99 -99 2.11279798140729
-99 1.74068669550186 -99 -99 -99 -99 -99 -99 -99 -99
-99 -99 -99 -99 -99 0.634725983172814 -99 -99 -99 -99
-0.172598549208254 -99 -99 0.789013496901813 2.12699100772996 -1.33372617759071 0.112984085602079 -0.891746539298905 0.693640649835211 -99
-99 -99 -99 3.48276286946308 -99 -99 -99 -99 3.85525318312632 1.56145215147282
1.43027385555611 -99 1.09631458126134 0.468981782969622 -99 -99 -99 -99 -99 -99
-99 -99 -99 1.32938718827975 -99 -99 -99 -99 -99 0.776544494081231
3.39301470059763 -99 -99 1.63635841301245 -99 1.8816610589898 2.47442482761314 -99 -99 -99
-99 -99 -99 -99 -99 -99 -99 -99 -99 1.76903256617181
2.47729885042498 -99 -99 -99 -99 -99 -99 -99 -99 -99
-99 -99 0.9615992963573 -99 0.877738042859526 -99 -99 -0.000474076406325574 -99 -99
-99 2.06417478483621 -99 -99 1.37345308880434 2.88464717667688 -99 -99 -99 -99
-99 0.560813834907058 -99 -99 -99 -99 -99 -99 -99 1.87476071926864
1.99659744672968 2.20608579093273 1.40625731704292 -99 -99 -99 1.85972608137338 -99 -99 2.90520407291232
-99 -99 -99 -99 0.489849934715252 -99 1.22526630402501 0.785116767541072 -99 -99
0.446756202651681 -99 -99 -99 1.2662203818349 -99 -99 -99 -99 -99
-99 -99 -99 -99 -99 -99 -99 -99 -99 -99
-99 -99 -99 -99 -99 2.93706604786273 -99 -99 -99 -99
-99 -99 0.826498137722973 -99 -99 -99 1.88258066713622 -0.176718762293339 0.119597469769016 -99
-99 -99 1.6086213556273 -99 -99 -99 -99 -99 -99 -99
-99 -99 -99 -99 -99 -99 -99 -99 -99 -99
0.271222205859541 -99 -99 -99 -99 -99 -99 -99 -99 -99
-99 0.940849217228473 -99 -99 -99 -0.349781742026261 -99 -99 -0.00105006159178456 1.71509786324949
-99 -99 1.55501523229728 1.39328069678221 -99 2.3705379149661 3.38929299537005 -99 1.48983914902871 -99
-99 -2.4665879486196 0.700787452038473 -99 -99 -99 2.67678311334085 1.21731734519033 -99 -99
-0.438344129336109 -99 -99 -99 -0.523868794243787 -99 -99 -99 -99 -99
-99 -99 -99 -99 2.98057950250765 -99 -99 -99 -99 -99
-99 -99 -99 -99 0.692551752541169 -99 -99 -0.0295190325487737 -99 -0.822843785094616
3.67849827154708 2.91503799436615 4.80529409663501 -99 -99 -99 -99 2.56814596100182 -99 4.11762766637555
-99 1.91335235940596 -99 -99 -99 1.37513106957177 -99 -99 -99 -99
-99 -99 -99 -99 -99 -99 -99 -99 -99 -99
2.35593676622051 -99 -99 1.08797735887893 -99 -99 -99 -99 -99 -99
-99 -99 0.367956168075659 -99 -99 1.63814592966002 -1.13807679278863 -99 -99 -99
-99 -99 -99 -99 -99 0.784007984710383 -99 1.89032880281283 -99 -99
2.64177087700659 -0.412739489139139 -99 -99 -99 -99 -99 -99 -99 -99
-99 0.328249965826414 -0.628184721069161 -99 -99 -99 -99 -99 2.86300495603245 0.387319299046827
-99 -99 -99 -99 0.173883753456386 -99 2.1516476729667 -99 0.208550324389176 -99
-99 -99 2.329709652414 -99 -99 3.26275885041241 1.52947467782537 -99 -99 -99
-99 -99 -99 -99 -99 -99 2.82619728738069 2.3551932288733 -99 -99
-99 -99 1.25085459732888 -99 -99 -99 -99 -99 1.51205254607383 -99
-99 -99 -99 1.01057994545724 -99 -0.542528001528751 -99 -99 -99 -99
-99 -99 -99 -99 -99 -99 -99 -99 -99 -99
-0.588393837936797 -99 0.905261715283564 0.336786153840045 0.420907701107968 -99 -99 0.279436397769757 0.536793505593086 -99
0.169676508429498 -99 -99 -99 -99 -0.203058995438745 -99 -99 -99 -99
-99 -99 -99 -99 -99 -99 -1.86929264898692 -0.253968017299873 -99 -2.25101728678837
1.57810564027143 2.32280119641797 -99 0.494659224575544 -99 -99 -99 -99 -99 -99
-99 -99 -99 -0.242256010547038 -0.628767450237434 -1.79331853426187 -99 1.34336564188705 -99 1.11023660170964
-99 0.0967146616309731 0.0177570317399852 -0.691823310715961 -99 -99 -99 -99 -99 -99
-99 1.16253751755692 -99 -99 -99 -99 2.64765748960099 -99 -99 -99
-99 -99 -99 -99 -99 -99 -99 -99 -99 -99
-99 -99 -99 2.50452462527727 -99 -99 -99 2.98378610678656 -99 -99
0.151605171526469 -99 1.78963653717455 -99 -99 -99 -99 -99 -99 -99
-99 -99 0.506119722304687 -99 0.126640925177567 -99 -99 -99 -99 1.61548152626551
-99 -99 -99 -99 -99 -99 -99 -99 -99 -99
-99 -0.229426783136279 -99 -99 -0.248249210970265 -99 -99 -99 -99 -99
-99 -0.870960491576014 -99 -0.105248814061862 -2.22688581580262 -99 -99 -0.290421318627501 -99 -99
-99 -99 -99 1.75193781894254 1.7992460659083 -99 -99 -99 0.703676784487699 -99
-99 -99 0.175423358020069 -99 -99 -99 -99 0.645984001608787 -99 0.375869638877229
3.74737212428693 1.59493714272854 -99 3.08815787587041 -99 1.61252839946764 -99 -99 -99 -99
-99 -99 -99 -99 3.27122832594987 -99 -99 3.41901427230663 3.69238672045263 -99
-99 -99 -99 -99 -99 1.4526252205273 -99 2.67170390730082 -99 -99
-99 -99 -99 -99 -99 -99 -99 -99 -99 -99
-99 -99 1.06021853612851 -99 -99 -99 -0.222686042993329 0.703725106260308 -99 -99
1.23868625861614 -99 -99 -99 -99 -99 -99 -99 -99 2.76091260194587
0.323123862149855 -99 -99 -99 -99 2.4041066523033 -99 -99 -99 -99
-0.99363420854095 -99 -99 -1.22961449055576 -99 -99 -0.553447280657001 -99 -99 -0.527617447562103
-99 -99 -99 -99 -99 -99 0.9180152196555 -99 -99 -99
-99 -99 -99 -99 -99 -99 -0.275685899428394 -99 -99 -99
-99 -99 -99 1.53829429646686 2.08804320144832 1.2214348441899 -0.0983079461989365 1.66456172334742 0.670838068292874 -99
-99 -99 -99 1.09916198786133 -99 -99 -99 2.54423309536594 -99 -99
-1.1064792871393 -99 -99 -99 -99 1.46849890905192 -99 -99 -1.48230005286635 -0.253182799585266
-99 -99 -99 -99 -99 -99 -99 1.40597650865516 3.01106245362599 2.99944147120966
-99 -99 0.750613009858127 -0.580226687619296 -99 -99 -99 0.649991288519667 -99 0.386851035020027
-99 -99 -99 -99 -0.339334597113039 3.05084195177023 -99 -99 -99 -99
-99 -99 -99 -99 -99 -99 1.20283356412513 1.61205359359854 2.52731741790785 1.7142612272367
-99 -99 2.02866004209047 -99 -99 -99 -99 -99 1.93216217062219 -99
-99 -99 -99 -99 0.78406755186373 -99 -99 0.674659666419188 -99 -99
1.58855138258238 -99 -99 -99 -99 -99 -99 -99 1.41977990481155 -99
-99 -99 -99 -99 -99 -99 -99 1.32129396424806 -99 -99
-99 -99 -99 -99 -99 -99 -99 -99 -99 -99
-99 -99 2.01986475594181 -99 -99 -99 -99 -99 -0.0988459330415119 1.50279092285833
-99 -99 -99 -99 -99 -99 -99 -99 -99 -99
-0.318216347356176 -99 2.4609119583587 -99 -99 -99 1.66207757719307 -99 -99 1.28256482314605
-99 -99 2.28688768868344 -99 2.34381431765903 -99 -99 -99 2.90102871497577 2.71057285324174
-99 -99 -99 -0.492022506729094 0.566341994240518 -99 -99 -99 -99 -99
-99 -99 -99 0.799624773797085 -99 -99 -99 -0.693836665185832 0.0112233294496853 -99
-1.30346402895892 -99 -99 1.22631576466125 -99 -99 -0.86930236017773 -99 -99 -99
0.977734859669304 -99 -99 -99 -2.20351914667135 -99 -99 -99 -99 0.783748899985276
-99 -1.28430046969871 -99 -99 -99 -99 1.74510598250273 -99 -99 -99
-99 -99 -99 -99 -99 -99 -99 -99 -99 -99
-99 -99 -99 -99 1.28011737068695 -99 -99 -2.68520214091152 -99 0.0844126852874301
-99 -99 -99 -99 1.10225663498184 -99 -99 -99 -99 -99
-99 -99 0.157696860397299 0.810165210447044 -99 -99 -99 -99 -99 -99
-99 1.73699919887372 -99 0.134702726782501 -99 -99 -99 -99 -99 0.349400033667673
-99 2.43232007310554 -99 2.46948814092938 -99 1.24813685555916 -99 1.94513304394301 -99 -99
-99 -99 -99 -99 0.567564588845576 1.86587978625968 -99 -99 -99 0.607279836581154
-0.178661946047216 -99 -0.790240771501285 -99 -99 -99 -99 -99 -99 -99
0.761777404666194 -99 -99 -99 -99 -99 -99 -99 -99 -99
-1.27925384581343 -99 -99 -99 -99 -99 -99 -0.35491937180897 -99 -99
-99 -99 2.51296217908752 -99 1.23565827019879 -99 -99 -99 -99 -99
-99 -99 -99 -99 -99 -99 -99 -99 -99 2.14560338936841
-99 -99 -99 2.01381072721451 0.481347909690543 -99 -99 1.96854409475705 -99 0.149326123727436
-99 0.0960717561733291 0.0957863285747442 -99 -99 -99 0.581514961659466 -99 -99 -99
0.720271118755822 -99 1.53561207955872 -99 -99 -99 -99 0.916866149821085 -99 -99
-99 -99 -99 -99 2.78035379410087 -99 2.5382805041959 0.127696243082251 -99 -99
-99 2.15731010762784 3.90923090863422 -99 -0.229336204662808 1.77878138779717 -99 -99 -99 -99
-1.85164470191674 -99 -0.916222170193387 -99 -99 0.164714676989637 -99 -99 -2.05652302521973 -99
-99 -99 -99 -99 -99 -99 -99 0.239216316087511 -99 -99
-99 -99 -99 -99 0.997763254145856 -99 -99 0.027781313765995 -99 -99
-99 -99 2.46370971202937 -99 -99 -99 -99 -99 0.322505947410981 -99
-99 3.78180514629932 0.0182355950045909 -99 -99 -99 0.648294756024502 -99 1.98426081643166 -99
-0.946493139270274 -0.512685298098985 -99 0.0536203540729885 -99 -1.78352669081114 -0.911241413893071 -99 -1.07916312139305 -99
-99 -99 1.93530308407768 0.746564341190103 -99 -99 -99 -99 1.85449650779437 1.76031985160137
-99 -99 -99 -99 1.47656293800376 -99 -99 -99 -99 1.52963351672866
-99 -99 -99 0.38561322009186 -99 3.25539215899555 -99 -99 -99 -99
-0.665730040195999 -99 -99 -99 -99 -0.310480540179006 0.159851071301329 -99 -0.895084760456781 -99
-99 -99 -99 -99 -99 1.8825516539 0.609303449856364 -99 -99 -99
2.26316391409862 4.16157270306929 4.3237814937828 -99 2.64040071433168 -99 -99 2.92669011062689 -99 -99
-99 -99 -99 -99 -99 -99 0.0448649242522041 -99 -99 -99
-99 -99 -99 -99 -99 -99 1.49205447584067 -99 2.30109319949836 -99
1.50622339496664 -99 -99 -99 -0.15956544070411 -0.737796511547791 -99 -99 -99 -99
-99 0.849495036376801 -99 1.68646033407713 2.26122267116101 -99 -99 -99 0.809973939152256 -99
-0.107621034621057 1.75483594273191 -99 -99 -99 -99 -99 -99 -99 -99
-2.79970105235424 -1.51421820646055 -1.77868520393195 -99 -3.42706460359558 -99 -99 -99 -99 -99
1.32557948382073 -99 -99 1.33264560795205 -99 2.81821317763108 -99 2.51653163964919 -99 -99
-99 -99 -99 1.24555451737098 -99 -99 -99 -99 -99 -99
0.960109978498583 -99 -99 -99 1.19025915847329 0.841806028316305 -99 -99 1.69090044039245 -99
-99 3.15186883402319 -99 0.282149777102616 -99 2.14438929379131 -99 1.25126722968936 -99 -99
2.86227874720005 -99 -99 -99 -99 -99 -99 -99 -99 -99
-99 -99 2.43291062959946 2.00783733954378 2.68198023253948 -99 -99 -99 -99 -99
-99 -99 -99 0.324960286943371 -99 1.64688466336267 -0.295430314846504 -99 -99 1.09529278872325
2.98453640381491 -99 -99 -99 -99 -99 -99 -99 -99 -99
-99 -99 -99 -99 -99 1.19974465442693 -99 0.365191056992051 -99 -99
-99 -99 1.05499362031551 -99 -99 -99 0.335051472011862 -99 1.18739312165967 -99
2.59707136860787 0.988281961018148 -99 4.30055861644629 4.00843546811053 -99 -99 -99 -99 3.73304683189418
-99 -99 -99 -99 -99 -99 -99 -99 -0.577685994340063 -99
-99 -99 -99 -99 -99 -99 -99 -99 0.854458509197371 -99
-99 -99 -99 -99 -99 -0.574242907309374 -99 -0.149754045363623 -99 -99
-99 -99 2.52190753005117 0.205156504849206 -99 -0.211614034636375 -99 -99 -99 -1.16484941062774
-0.910214554470578 -99 -99 -99 -99 -0.456871482243468 -99 -99 0.128065820305914 -99
-0.883533439388305 -99 -99 1.10159024538311 -99 -99 1.95642889724824 -99 -99 -99
-99 -99 -99 -99 -99 -99 0.615716497021036 -99 -99 -0.00585768451701107
-99 -99 -99 -99 -99 -99 -99 3.68118440578957 -99 2.41404947351968
-99 -99 -99 -99 -99 -99 -1.14505703558557 -99 -2.36793017951754 -99
3.07864056551531 1.03528415485909 -99 -99 -99 1.80605056989515 -99 1.74332452768833 -99 -99
-99 -0.567892276604514 -99 -99 -1.15691842661085 -99 -99 -99 -99 -99
-99 1.85132226836654 2.31679034228029 -99 -99 -99 -99 -99 -99 -99
-99 -99 -99 1.41529831060046 1.36227560228398 -99 -99 1.74894911380715 -99 -99
-99 -99 -0.326435754145774 0.984522149151221 -99 -99 -99 -99 1.14418488295397 -99
-99 -99 -99 -99 -99 -99 -99 2.16680515552305 -99 -99
-99 -99 -99 -99 -99 -99 -99 -99 -99 -99
-99 -99 -99 -99 -99 -99 -99 0.730284966793109 -99 0.0728947283622791
1.40852010586911 -99 -99 -99 -99 -99 -99 -99 1.09514718794746 -99
-99 -99 -99 -99 -99 -99 -99 2.3191939128722 1.09490342007076 -99
-99 -99 -99 -99 -99 -99 0.0776739774710874 0.082714084310833 -99 -99
-99 -99 -99 -99 -99 -99 -99 -99 -99 -99
-99 -99 -0.501867493465755 -1.41744742193377 -99 -99 -99 1.22422215556451 -99 -99
-99 -99 -1.47366831703151 -99 0.127112437436472 -99 -99 -99 0.634982756038299 -99
-99 -99 -99 -99 -99 -99 -99 -99 -99 3.30266566533515
-99 -99 -99 -99 -99 -99 -99 -99 -99 -99
-99 -99 -99 0.662051615499804 -99 0.0767934544511516 -99 -99 -99 -99
-99 -99 -99 -99 -99 -0.494045577964725 -99 -99 1.22734340805476 -0.949129603937641
0.349121937018782 -99 -99 -99 -99 2.39610079975766 0.514991302716339 -99 0.71708810000142 -0.068168405747115
-99 -99 -99 -99 2.5581850519343 -99 2.98830833346668 -99 -99 -99
-99 -99 -99 -0.369173443127653 -0.797431533667384 -99 -99 -99 -99 -99
-99 -0.41570420700778 -99 -99 -99 -99 -99 -0.274908668660746 -99 -99
-99 0.976099299342168 0.832376032541308 -99 -99 3.03944131432162 -99 0.288549730239583 -99 -99
-99 -99 -99 0.487042453649043 -99 -99 -0.430215953784973 -99 1.27793301384788 -99
0.509112195922666 -99 -99 1.31446668536088 1.98003726561451 -99 1.65290113737213 -99 -99 -99
-99 -99 -0.688177798140725 -99 -99 -0.589665673838291 -99 -99 -99 -99
-99 1.21122473343279 -99 -99 -99 2.55329310648344 1.47416294142892 -99 -99 -99
1.65033163720575 -99 -99 -99 -99 -99 -99 -99 -99 -99
-99 1.61260476925339 -99 -99 -99 1.34855661074333 -99 -99 0.999484794600675 0.600235799844334
-99 1.49046445797579 -99 -99 -99 -99 -99 -99 -99 -99
0.482808477278504 -99 -99 -99 -99 -99 -99 0.181986184452738 -0.0351707104726104 -99
-99 -99 -99 -99 -99 -99 -99 -99 -99 -99
-99 0.0375652782157814 -99 -99 1.77502544142694 -99 -99 -99 -99 -99
-99 -99 -99 -99 -99 -99 -99 -99 -2.07369001923777 -99
-99 3.03433423040395 -99 -99 -99 -99 3.23587982626451 -99 1.22196915828326 -99
-99 -99 0.537474609084763 1.93018026222404 -99 -99 -99 -99 -99 -99
-99 -99 2.58433277355804 -99 0.52602319903719 -99 -99 -0.701591456505541 -99 1.41456179543465
-0.516460017687215 -99 -99 -99 -0.557171526490234 -99 -0.115283439237037 0.720029217213971 -99 -99
-99 -99 -99 -2.44658253404189 -99 -99 -99 -99 -99 -99
-99 -99 -99 -99 -99 -99 -0.349183453615014 -99 -99 -1.99770795499719
-99 -99 1.63880105337752 2.4249303244032 0.566662050499334 -99 -99 -99 -99 -99
-99 -99 -99 -99 -99 -99 0.702306259545209 1.79626528223991 -99 -99
-99 -99 -99 1.48520628447401 -99 1.40915616922685 -99 -99 -0.639379523321272 -99
-99 -99 -99 -99 -99 -99 -99 2.0668820519458 -99 -99
-1.17674961027708 -0.144584161922654 -99 -99 -99 -99 -99 -99 -99 -99
-99 -99 -99 -99 -99 -99 1.61077014512851 -99 -99 2.57637494909367
-99 0.67525927365776 -99 -99 -99 -99 -99 -0.238110047935047 -99 -99
-99 -99 -99 -99 -99 -99 -99 -99 -99 -99
-0.654629534356318 -99 -99 -99 0.932751522330059 0.815275552857191 1.13584441400182 -99 -99 -99
-99 -99 0.230486808252245 -99 -99 0.590363232241044 -99 -99 -99 2.62508891689369
2.327746233514 -99 0.0730696606099127 1.10259132442329 -99 2.97355334125722 -99 2.24518081913269 -99 -99
1.05894016162491 -99 -99 3.55820479517553 -99 -99 -99 -99 -99 -99
-99 -99 -99 -99 -99 -99 -99 -99 -0.104682091201581 4.51131907323365
1.78997829481025 -99 -99 -99 -99 -99 -99 -99 1.95413548856234 -99
-99 -99 -99 0.937790531597002 -99 1.21509103393046 -99 -99 -99 0.983797301991826
-99 -99 3.93653335619627 -99 -99 0.744741339293588 2.37676372784503 -99 3.97859253996897 1.96304014828509
-99 0.605686474431814 -0.817101151081111 -99 0.737347732045719 -99 -99 -0.354542647505452 1.13988363424098 -99
-99 -99 -99 2.04291226826252 -99 -99 -99 -99 2.58955993033037 0.857869873365524
1.05660077013234 -99 -99 -99 2.0636676729721 -99 -99 -99 -99 -99
-99 -99 -99 -99 -99 -99 -99 -99 -99 -99
1.55140570541858 -99 -99 -99 -99 1.72384247965132 -99 -99 2.15736711826456 -99
-99 -99 -99 -99 -99 1.68626296232443 2.08114032051614 -99 2.44756966656486 -99
-99 -99 -99 -99 -99 -99 -99 -99 -99 0.25834968580301
-99 1.67021077960486 0.94819573787773 0.774825843762832 -99 1.65575381764234 -99 0.555537828367847 0.361143578420537 0.313089374156124
-99 -99 -99 -1.67443549468903 -99 -99 -99 -99 -99 -99
-99 -99 -99 -99 -99 -99 -99 -99 -1.6106424504304 -99
-99 -99 -99 -99 -99 -99 -99 -99 -99 -99
-99 -99 0.299215958876321 -0.0328636777779781 -0.653029401607275 -99 -99 -99 -99 -99
-99 -99 -99 -99 -99 0.129077931923171 -99 -99 -99 -99
-0.976081690928856 -0.66475469032711 -99 -99 -99 0.947717840067568 -99 -99 -99 -99
1.34903441035133 -99 -99 -99 -99 1.5500786455229 -99 -99 2.62516123212573 -99
-99 -99 -2.18641948280165 -99 -99 -99 -1.14066960354246 -99 -99 -99
-0.43054092464955 -99 -99 1.06724822492258 0.372734746142758 -99 -99 -99 -99 -99
-99 2.12974526516132 1.38074575826374 3.373376219987 -99 -99 2.48742156101314 -99 -99 -99
-99 -99 -99 -99 2.0698802445877 -99 -99 -99 1.01525727779458 -99
3.16527299165929 -99 -99 -99 -99 -99 3.81841919309867 -99 -99 -99
1.44148940879046 3.57665649614716 2.76859408198 -99 1.60049554556418 -99 2.30972347667022 -99 -99 -99
-99 -1.07792128493536 -99 1.41172430479938 1.85349535214611 -99 -99 0.239837779031815 0.299040257785632 1.84770758459385
-0.915846298753227 -99 -99 -99 -99 -99 -99 -99 -99 -99
-99 -99 3.50572665317945 -99 -99 -99 2.3973377223841 1.73464654000502 -99 0.69812270910209
-99 0.308445108976786 -99 -99 -99 0.053985033342096 -99 -99 -99 -99
-99 0.389564650230275 -1.42654543357818 -99 -99 -99 -99 1.06060826179893 -99 -99
-99 -99 -99 -99 4.43459997233725 -99 3.02472541194333 1.75653367280869 -99 -99
-99 -99 -99 -1.53011234403981 -99 -99 -99 -1.81478363400418 -99 -99
-99 -99 -99 0.484863353687382 0.397182523177528 -99 -0.0854765726013704 -0.816686025466788 -99 -99
-99 -99 -99 -99 -99 0.385814584293092 -99 -99 -99 0.728696763966363
-99 -99 1.89681578224627 -0.101478072534591 -99 -99 -99 -99 -99 -99
-99 0.78663327454827 -0.437992171786978 -99 -99 -99 0.202368940963185 -99 -1.01156654496903 -99
-99 0.053803061143412 -99 -99 -99 -99 -99 -99 -99 1.01091318209819
-99 -2.32145703544052 -99 -1.52056706899667 -99 -99 -0.659358202745018 -99 -99 -99
-99 -99 -99 0.888671876595361 -99 -99 -99 -99 -99 1.17920024674705
-99 -99 -99 -99 -99 -99 -99 -99 -99 -99
-99 -99 -99 -0.129797582282811 -99 -99 -0.847195221788072 -99 -99 -99
-99 -99 -99 -99 -99 1.64871328777318 -99 -99 -99 -99
2.87629782714129 -99 -99 -99 -99 3.15750301091765 -99 -99 -99 -99
-99 0.443657611034324 -99 -99 -99 -99 -99 -99 -99 -99
1.20227738936237 2.02715543261586 2.70695311992701 -99 -99 -99 2.28049936386593 -99 -99 1.83363514065883
-99 -99 -99 -99 -99 1.30506480731729 1.51507857450079 -99 1.52541375647843 -99
0.29075079246023 -99 -99 -99 -99 1.18787324234179 0.696532330702686 -99 -99 -99
-99 0.800672971666619 1.15743509754082 -99 -99 -99 1.18610349683053 1.43258409295566 -0.344525481285478 1.54502688907206
0.385894320843114 -99 -99 -99 -99 -99 -99 -99 -99 -99
-99 -99 -99 -99 0.0643503256085374 -99 -99 -99 -99 -99
-99 -99 -99 2.452493585167 -99 1.66339484164716 -99 -99 -99 -99
-99 -0.157007262320596 -99 -99 -99 -99 1.50549206433936 -99 -99 -99
-2.48399571830237 -99 0.0740997302413533 -99 0.849078811699951 -0.190575550843912 -99 -99 -0.420550623321168 -99
1.0085054663049 -99 -99 -99 -99 -99 -99 -99 -99 -99
-99 1.79022497680992 -99 -99 -99 -99 -99 -99 -99 -99
-99 -99 -99 0.635566199251171 0.924328313930928 -99 -99 -99 -99 -99
1.53433594640494 -99 0.947076716804645 -99 -99 -99 -99 -99 -99 -99
-99 -99 -99 -99 0.642495853596764 -99 -99 -99 0.480331030118712 -99
1.68038528898892 3.2442779535336 3.51723149448174 -99 -99 -99 -99 -99 -99 -99
-99 1.91241160822836 -99 -99 0.999363657339463 -99 -99 -99 -99 -99
-99 -99 1.53057524983911 -99 -99 0.388840634889456 -99 -99 -99 -99
-0.297779349283744 -0.221039668136029 -99 -99 -99 -99 -99 -0.595370920402265 -99 -0.545860916819173
-99 -99 -99 0.310897570440151 -99 0.172100200418082 -99 -99 -0.0261285623045908 -99
-99 -99 1.1435517307393 1.80767029562033 -99 -99 -99 2.54835968265531 -99 1.40485921965533
-99 -99 2.81783686789065 -99 -99 -99 0.316057653602244 -99 -99 -99
-99 -99 -99 -99 -99 -2.56852795643451 0.454017747321825 -99 -0.506265466722485 -99
-99 -99 -99 2.14623786763955 -99 -99 -99 -99 1.60072853932001 -99
-99 -99 0.472972444869169 -99 -99 -99 -99 -99 0.162692896999811 -99
2.4825347405866 1.417202791787 -99 -99 -99 -99 -99 -99 -99 2.79971730087014
-99 -1.40586398066087 -99 -99 -99 -99 2.08378719113039 -99 0.949624918607239 -99
-99 -99 -99 -99 -99 -99 -99 2.4762519656336 -99 1.43359343402848
-99 -99 -99 -99 2.48318573502616 -99 -99 -99 -99 -99
-99 -99 -99 0.815152602483003 3.31601073466573 1.86197431958302 -99 -99 1.47221302087196 2.58691647740854
-99 -99 -99 1.34749898462856 -99 -99 -0.390046482939318 -99 -99 -99
-99 -99 -99 -99 -99 -99 -99 -99 -99 -99
-99 -0.696286988101448 -99 -99 -99 -99 -99 -99 -1.92937554684036 -0.172598894746315
-99 -99 1.46386656618609 -99 -99 -99 -99 2.19727167334279 -99 -99
-99 -99 -99 -99 -99 -99 -0.0907445275290693 -99 -99 -99
-99 -99 -99 -99 1.28951891606964 -99 -99 2.51350986385352 -99 0.910181052989637
-99 0.0685184044515145 -99 -99 -99 0.928536590664888 -99 -99 -99 1.04236923690649
2.41971313826361 -99 0.648202119991846 -99 -99 -99 -99 0.0653700362902134 -99 -99
-99 0.283395854711553 -99 -99 -99 -99 0.708216514942305 -99 -99 -99
-99 -99 -99 -99 -99 0.120452106081658 -99 -99 -99 -99
-99 -0.358185976259643 -99 -99 -99 -99 -99 -99 -99 -99
-99 -99 -99 -99 -99 -99 -99 -99 -0.353438580116787 -99
-99 -99 -99 -99 -99 -99 -99 -99 1.64299263175306 -99
-99 -99 -99 -99 -99 -0.510858880699609 -99 -99 -99 -99
-99 -99 -99 2.23727132130956 -99 -99 0.617120035162406 2.14436614739544 2.34714733922352 0.423591120807885
-99 -99 1.58928342766944 -99 -99 -99 -99 -99 -99 -99
3.21680998826649 -99 -99 -99 -99 0.291694272465292 -99 -99 -99 3.04514701041673
-1.56455004400498 -99 0.447090617166092 0.920422437139695 -99 -0.829908849752688 1.11269584448087 -99 -99 -99
-99 -99 2.15758032668391 -99 -99 -99 -99 -99 -99 -99
-99 -99 -99 -99 2.12807893458044 -99 -99 -99 -99 -99
-99 -99 -99 -99 -99 0.341116955071867 0.90113819561513 -99 -99 0.135244299921688
-99 2.82512434772564 -99 -99 -99 3.28557003967079 -99 -99 -99 -99
0.224471053832684 1.02571582323467 0.271954248945245 -99 0.0909491341242857 0.838821029482303 -99 -99 -99 -99
-99 1.14112057288234 -99 -99 -99 -99 -99 -0.290970199792355 -99 0.688915323225306
-99 -99 0.633909145986898 -99 -99 -99 1.66291691612094 -99 2.12025252971878 -99
-99 -99 -99 -99 -99 2.38941241154141 0.977260086843488 1.17022160451173 -99 -99
-99 -99 -99 0.831959076197711 -0.128488908780693 0.22738882876869 -99 -99 -99 1.70797159727684
-99 -99 -99 -99 -99 -99 2.8016256849903 -0.462508513847445 -99 -99
-99 -99 -99 -99 1.10987579080242 -99 -99 -99 -99 -99
-0.19567337942787 0.957811177052221 -99 1.62258413616671 -99 1.0496274767243 -99 -99 0.0370880075382306 -99
-99 -99 0.0898709537223954 -99 -99 -99 -99 -0.0456350645390047 -99 -99
-99 -1.3223436379287 -99 -99 -99 -99 -99 -99 -99 -99
-99 -99 -99 -1.17979801589664 -99 -99 -99 -99 -99 -99
-99 0.157417710348094 -0.00630384908854587 -99 -99 -99 -99 -99 -99 -0.10310555879751
-99 -99 -99 -99 -99 -99 -99 -99 1.00104228711109 -99
-99 -99 -99 -99 -99 3.08964201420667 2.39888895463566 -99 -99 -99
-99 -99 -99 -99 -99 0.566789636038247 -99 -99 -99 -99
-99 0.852695255753901 -1.08832450938828 0.0110756594527203 -99 -0.617848736761538 -99 -99 1.5829555336099 -99
-99 -99 -99 -99 3.47301482223402 -99 -99 -99 -99 -99
-99 -99 -99 -99 -99 3.0185409531116 3.593523972888 -99 -99 -99
-99 -99 -99 -99 -99 3.63683162570321 -99 -99 -99 -99
-99 -99 -99 -99 -99 -99 -99 -99 -99 0.999043013743004
-99 -99 -99 -99 -99 -99 -99 -99 -99 -99
1.33929319272629 -99 -99 -99 -99 -99 2.25325771383029 -99 -99 -99
-0.544466430369676 -99 -99 -99 0.910895925711124 -0.171008644106335 -99 -99 -99 -0.0920772637574223
-99 -99 -99 3.06606919684842 -99 -99 -99 -99 -99 -99
-99 -99 -99 -99 -99 -99 -99 -99 -99 -99
-2.10814116682352 -2.39769385138748 -99 -99 -99 -99 -99 -99 -99 -99
-99 -99 1.67906184978563 -99 2.30240164528503 -99 -99 2.65217837291785 -99 1.28389398192501
0.0127450692971448 -99 -99 -99 -99 1.73194813358214 -99 -99 -99 -99
-99 -0.701288878472437 -99 -99 -99 -1.96563311020904 -99 -99 -99 -99
2.4343536081768 -99 1.77010525090008 -99 -0.745919027837366 -99 -99 -99 0.499285976148138 0.53029343609677
3.89439815399806 3.07681874001739 2.16053738363362 -99 -99 -99 3.25712181008186 -99 -99 -99
-99 -99 -99 1.34898094375405 0.315324611809215 -99 -99 -99 -99 1.1128034257886
-0.0275125298159367 -99 -1.78991595389133 -99 -0.312133736272107 -99 -0.0182192443053493 0.0970706199881808 -99 -99
-99 -99 -99 -99 -99 -99 0.847802065857151 -99 -99 -99
-99 -99 -99 -99 4.31088828955131 -99 -0.095932231774013 -99 -0.228806167144689 -99
-99 -99 -99 -99 1.05485086878227 0.53316365831063 -0.423154942834903 -99 -99 -99
-99 3.87931370635717 -99 -99 -0.0954123595823422 -0.0257523736530363 -99 -99 -99 2.91299741516927
-99 -99 -99 0.284058323700028 -99 -99 -99 -99 -99 -0.756572066021962
-99 -99 1.65984577045636 -99 -99 -0.275461353557235 -99 -0.0318736817362626 -99 -99
-99 -99 -99 -99 0.182424907884404 0.0282964276443373 -99 -99 -99 -99
-99 -99 -99 1.32751117418182 3.27827581733542 -99 -99 -99 -99 -99
-99 -99 -99 -99 -99 -99 -99 -99 -99 -99
2.28347375980368 -99 -99 -99 -0.0846912674767166 -99 -99 -99 -99 -99
2.60836906625291 3.84416405617369 -99 -99 -99 -99 -99 -99 1.93601265797339 -99
2.77122969907265 2.2800634328826 2.56041776858183 -99 2.68761516195526 -99 -99 -99 -99 -99
-99 -99 2.80864104387978 -99 -99 -99 -99 -99 -99 -99
-99 -99 -0.605146185755501 -99 -99 -99 -99 -99 -99 -99
-99 -2.21737690880821 -99 -99 -99 -99 -2.17984934298263 -0.577265443177204 -99 -99
-99 -99 3.91414400525331 -99 -99 4.30365032142967 2.92263545582575 -99 -99 -99
-99 -99 1.48286690332965 3.57908271807669 -99 -99 -99 0.612065787050118 -99 0.595365271268412
-99 -99 -99 -99 0.767712429918059 -99 -99 -99 -99 -0.999510970528448
-99 -99 1.14031433372719 -99 1.08482118339168 2.15296056583608 -99 -99 -99 -99
-99 -99 1.19067002166015 -99 0.903528282527553 1.21087278406408 -99 -99 -99 -99
-99 -99 -99 -1.44282168744117 -99 -99 -99 0.898308429419382 -99 -99
-99 -99 -99 -99 -99 -99 -99 -99 -99 -99
-99 -99 -99 -99 -99 -99 -99 -99 -99 1.90375848625276
1.17999229244241 -99 -99 -99 1.1987515324715 1.34936676236727 -99 -99 -99 -99
-99 -99 -99 -99 -99 1.27922313431292 1.59277883809496 -99 1.71033663222436 -99
3.38846179076079 -99 -99 -99 4.13894710375907 2.28950289116354 -99 1.07852390262147 -99 -99
-99 -99 -99 0.850486943788085 -99 -99 1.87828565175144 -99 -0.247199702329977 -99
-99 0.740266355612907 -99 -99 -99 -99 2.05626402098343 -99 -99 -99
-99 -99 -99 -99 -99 -99 1.55490222162242 -99 -99 -99
-99 -99 -99 -0.317260997078398 -99 -99 -99 -99 -99 -99
-2.83737320492305 -99 -99 -99 -0.920674244572434 -99 -99 -99 -99 -99
-99 -99 -99 -99 -99 -99 -99 -99 -99 -99
0.084256820132931 -99 -99 -99 -99 -99 -99 -99 -99 -1.18746894830159
1.135405147884 2.98194328841156 -99 -99 -99 -99 -99 -99 -99 -99
-99 -99 -99 -99 -99 -99 -99 3.12554298943779 -99 -99
1.19596707593292 0.763324200284944 -99 -99 -99 -99 -99 -99 -99 -99
-99 -99 -99 -99 -99 -3.55304247006655 -99 -99 -1.93055310898045 -99
-99 -99 -99 -99 -99 -99 -99 -1.26019539098393 -1.80303238364403 -2.0461578188986
-0.720283287038276 -99 -99 -99 -99 -99 -99 -0.84705767149201 -99 -99
-99 -99 -99 -99 -99 2.20424308259564 -99 -99 -99 1.76712295418072
-99 -99 0.6427771668404 -99 -99 -99 2.42529548112953 -99 -99 -99
2.97035818353807 -99 -99 -0.28286747111269 2.06101494089126 -99 2.80193378189074 -99 2.18838092188873 -99
-0.275723042589739 -99 -99 -99 -99 -99 0.662068150218597 -99 -99 -99
-99 -99 -99 -99 -99 -99 -99 1.70805933205367 0.760281803838615 -99
-99 2.86754948840138 3.08795935366313 -99 -99 -99 -99 -99 -99 -99
-99 -99 0.226121975095726 -99 -99 -99 2.51986300118025 -99 -99 -99
-99 -99 -99 -99 -99 -1.05915275282887 -99 -99 -99 -0.438728596020127
-99 -99 -99 -99 1.48417854877374 1.31451944328837 -99 -99 -99 0.491557025306431
-99 -99 -99 -99 -99 -99 -99 -99 -99 -99
-99 -99 -99 -99 0.0995568228544644 1.83444822231272 -99 -99 -99 -99
-99 -99 0.111104701016306 -99 -99 -0.897323842521363 -99 -99 -99 -99
1.515261926953 -99 0.951193241523607 -99 -99 1.22062389236025 -99 -99 0.694849753248068 -99
-0.892508494554142 -99 -99 -99 -99 -99 0.1643889713866 2.1884697844741 0.969336925871912 -99
-99 -99 -99 -0.501099026980311 -99 1.51273336394873 -99 -99 -99 -99
-99 -99 -99 3.24196054111726 -99 -99 -99 -99 1.52920962613592 -99
0.708909997580976 0.441770081488255 0.409354007297853 -99 -99 -99 0.262207657459455 -99 0.478466567849764 2.85771447202296
-99 -99 -1.26116246388095 -99 1.18757841230985 -99 -99 -99 -99 -99
-99 -99 -99 -99 -0.438160837564972 -0.903724850977351 -99 -99 -99 -99
-99 -99 2.35813370402649 -0.296254790760819 -99 -99 -99 -99 0.987510144253162 -99
-99 -1.13764394904359 -99 -99 0.113743609633075 -99 -99 -99 -99 -99
3.49957382381588 1.64095503813222 0.944667394298908 -99 -99 -99 -99 -99 -99 -99
-0.425590232043787 -1.25983435050893 -0.38646440098162 -99 -2.72831902159226 -99 -0.808500586947561 -1.81093966904036 -99 -99
-99 -99 0.0543872217521235 -99 -99 -99 -99 -99 -99 -99
0.763439116692374 2.5399794304544 -99 -99 -99 2.45801527912892 -99 1.34939981285197 -99 -99
-99 -99 -99 -99 -99 -99 -99 -99 -99 -0.447271328302297
-99 -99 -99 -99 -99 0.924844124590938 -99 -99 3.76527661012074 -99
-1.4249599734056 -3.25404305833896 -99 -99 -99 -99 -99 -99 -99 -99
-99 -99 -99 -99 1.05919306010342 -99 -99 -99 -99 -99
-99 -99 -99 -99 3.3785673299915 2.35206808131651 -99 2.77960180916906 -99 -99
-99 -99 -1.41233588679551 -99 -99 -99 -99 -99 0.529893263169535 -99
-99 3.10029334765268 -99 -99 -99 -99 3.3953324642615 -99 -99 -99
-1.19169808939842 -99 -99 -99 -99 1.29855958518506 -99 -99 -99 -99
-99 -99 -99 -99 0.33252518843525 -99 -99 -99 -99 -99
-99 -99 -99 -99 -99 -99 -99 -99 -1.29393626013305 -99
-99 -99 1.35240271447897 -99 -99 -99 -99 2.20890739173534 0.43912738406549 -99
3.82713487041336 -99 -99 -99 -99 -99 -99 -99 1.83204806305768 -99
-0.372085012605452 0.997727903245579 -99 -99 -99 -99 -99 -99 -99 0.859221031745628
-99 -99 -0.370129211534517 -0.585147737839693 -1.53641341884655 -99 -99 0.398595508255698 0.550650172557529 -99
5.04147869319107 -99 3.4032621067154 -99 -99 -99 -99 5.14791739891878 -99 4.83045561600254
-99 2.14833658609653 2.90594423290139 -99 2.52639608375274 0.762672948533573 -99 1.64334031006047 -99 -99
0.92237628574803 -99 -99 2.11749794773995 -99 -99 -99 -99 -99 -99
-99 1.46769003482686 -99 -99 -99 -99 2.5404448211596 -99 -99 1.73288333454568
-99 0.854038142102395 -99 -99 -99 -99 -99 1.37076586522298 -99 -99
1.56480102448777 -99 0.0757003910781587 -99 -99 -99 -99 -99 -99 -99
-99 -99 -99 1.01814733992368 -99 0.584561081018968 -99 0.255635835725009 -99 1.38300003237672
1.72326836328948 1.0515097690162 2.37045193911187 -99 -99 -99 -99 -99 -99 -99
-99 -99 -99 -99 -99 -99 -99 -99 -99 -99
-99 -99 0.7596888554203 -99 -99 -99 -99 -99 -99 -99
-99 1.30446986083984 -99 -99 -99 1.12412066264797 -99 1.01042963691657 -99 -99
1.5302475860591 -99 -99 -99 -99 -99 -99 -99 -99 -99
2.38330527579353 -99 -99 4.3714710466967 -99 -99 1.64268734935346 -99 -99 -99
-99 -99 -99 -99 -99 -99 0.42296064023092 -99 -99 -99
-99 -99 -0.761359415568564 -99 -99 -99 -99 -0.844129831802821 -99 -99
-99 2.56809520879592 -99 -99 -0.572493595451539 -99 -99 2.45223757636056 -99 -99
-1.5342350539104 -99 -99 -99 -99 -2.37373178963042 -99 -99 -99 -0.326979341170309
1.19680440469924 -99 0.650848703665747 -99 -99 -99 -99 -99 -99 -99
-0.603939940201628 0.259202670411041 -99 -99 -99 -99 0.831511792703441 -99 -99 -0.466806722014662
-99 -99 -99 -99 0.536501647099807 0.484404363771875 2.1291296948039 -99 -99 -99
-99 -99 -99 -99 -1.18676728675143 -0.911503116250957 -99 -99 -99 -99
-2.01951832738952 -0.483135693427648 -99 -99 -99 -99 -99 -99 0.0427945888669049 -99
-99 -99 -99 -99 -99 -99 -99 -99 -99 -99
-99 -99 -99 -99 -99 0.424871698447171 -99 -99 1.68692475204981 -99
3.08355953383159 -99 -99 -99 -99 -99 1.98839573902579 2.92273714880907 -99 -99
-99 -0.256424667998208 -99 1.40366765301266 -99 -99 -0.692271171742779 -99 -99 -99
-99 -99 -99 2.81193748193742 2.73411848382134 -99 -99 -99 3.41911953747044 -99
-99 0.103741809499322 -99 -99 -99 -99 -99 -99 0.265656377350803 -99
-99 -99 -99 -99 -0.806399945559895 -99 -99 -99 -99 -99
-99 0.0859807330589583 0.372444511863655 -99 -99 -99 -1.51470754308791 -99 -99 -99
1.41704013404524 0.714147396659281 -99 -99 -99 0.403502330069999 -99 -0.952468788260703 -99 -99
-1.11782549674157 -99 -1.65644989395471 0.505500919211345 -99 -1.05488784705394 -99 -1.76427344615567 -99 -99
-99 -99 -99 -99 0.185863790847931 -99 -99 -99 -99 -0.132283591063372
-99 2.25188261070529 -99 -99 -99 -99 3.21257475571933 -99 1.50013792387717 -99
-99 -99 0.362342454133993 -99 -99 -99 -99 1.67516898792662 -99 0.771483643821152
1.25102529891083 -99 -99 -99 -99 3.12802270001722 -99 -99 -99 -99
-0.763484142998598 -99 0.6840747414146 -99 -99 -99 -99 1.33667569815487 -99 -99
-99 -99 -99 3.34754942007632 -99 -99 -99 2.5971777157357 3.03786118716379 -99
-99 -99 3.83489939712563 3.30242221871031 -99 -99 -99 -99 -99 -99
-99 -99 -99 1.58885021901064 -99 -99 1.32267110521596 -99 0.595369695970691 1.63175455544
-99 -99 -99 1.32400740180416 -99 -99 -99 -99 1.36370343850488 -99
-99 -99 -99 0.20351659107517 -99 -99 -99 -99 -99 -99
0.00891071440538826 -99 -99 -99 -99 -99 0.48694244310647 -99 -99 0.534929846384194
-0.15267308218246 1.45632659753963 -99 0.908191058491706 -99 -99 0.106621897461337 -99 -99 -99
-99 -99 -99 -99 0.885217335366014 -0.248127543742251 -99 -99 -99 -99
0.709345594049058 -99 -99 -99 -99 1.47968528123331 -99 -99 1.30717967692228 0.401752031156198
-99 -99 -99 -99 -99 -99 -99 -99 1.55198339643334 -99
-1.325467191775 -0.0175254878311994 -99 -99 -99 -99 -99 -99 -99 -99
-99 -99 -99 1.50563165671924 1.04630818227046 -99 -99 -99 -99 -99
-99 -99 -99 0.459983147676726 -99 -99 -99 -99 -99 -99
-99 -99 -99 1.33003198596571 0.112786719545919 -99 -99 -99 -99 -99
-99 -99 -99 -99 3.23442206751422 -99 1.82791823693005 -99 -99 1.20177793820034
-99 -99 -99 -99 -99 2.33564198214739 1.48837557844413 -99 -99 -99
-99 -99 -99 -99 -99 -99 -99 -99 -0.35962050405302 -99
2.11084007714466 -99 -99 -99 -99 0.810945775072466 -99 -99 -99 -99
-99 0.720102548628364 -99 -99 3.30275640164604 2.83150373078973 -99 -99 -99 -99
-99 -99 -99 -99 3.61455931176963 -99 -99 2.49120680868596 -99 -99
-0.745496263442686 -99 -99 -99 -99 -99 -99 -99 -99 -99
-1.23177987929961 -99 -99 -99 -99 -0.650808053915247 -99 1.73599702773056 -0.326996449270733 -99
-99 -99 -99 -99 -99 -99 1.75549807094797 2.20739115755235 2.2790626467785 2.82377122187937
2.10641293835092 -99 -99 -99 -0.601336498872324 -99 -0.0482223338434544 -99 -99 -99
-99 -99 2.73861542528915 1.84428880831251 2.49523111720119 -99 2.99531433143361 -99 -99 -99
0.798732035737439 -99 1.63887577484412 -99 -99 -99 2.05184163007232 -99 -99 -99
-99 -99 -99 -99 -99 -1.18583823523077 -99 -99 -99 -99
2.36323690357697 -99 2.00747467033178 -99 -1.02082834321674 2.20691751456527 -99 1.49252835783994 -99 -99
-99 1.52604268355824 -99 -0.0566312590717768 0.0154621817054316 -0.97481495405894 -99 -99 -99 -0.741164119643246
1.62430015333153 -99 -99 -99 1.27341906814476 2.47785998291191 0.973184194406333 -99 -99 1.96336405044691
-99 -99 -99 -99 -99 -99 -99 2.23508351740243 -99 -99
-99 0.47988921562254 -99 -99 -99 -99 -99 -99 -99 -99
-99 0.289243181209039 -99 1.36828343230632 -1.34979630252268 -99 0.0959113957440343 1.65723023530326 -99 -99
-99 -99 -99 -99 0.817369253670453 -99 -99 -99 -99 -99
-99 1.64660632422296 -99 -99 -99 -99 -99 -99 -99 -99
-99 -99 -99 -99 -99 -99 -99 -99 -99 1.50967286703199
-99 0.599259288859436 -99 -99 -99 -99 0.153881565506612 -99 -99 0.471625578456
-99 -99 -99 -99 -99 -99 -99 -99 -99 -99
-99 -99 -99 -99 -99 -99 -99 0.220248020028088 -99 -99
1.03002749128835 -99 -99 0.438722991319423 -99 -99 -99 -99 -0.0180301076745881 1.1029449513712
-99 -99 -99 4.51547157445135 3.50676319003864 1.31911396685761 2.41090322879888 -99 -99 -99
-99 -99 -99 -99 -99 -99 3.01851599744105 -99 1.59673536413894 2.53288993278382
-99 -99 -99 -99 -99 -99 1.45867721637459 -0.511619095691833 -99 -99
-99 -99 3.61395780884764 1.64683525827393 -99 4.45905367373497 -99 1.58208762048903 -99 1.90554631468411
-0.320866304760165 -99 -99 -99 -99 -0.285739915167093 -99 -99 -0.540728304932262 -99
-99 -1.96753621827691 -99 -99 -99 -99 -99 -99 -99 -99
-99 -99 -99 -99 -99 -99 1.78903025449264 -99 -99 -99
-99 -1.74568522143339 -99 -99 -99 0.955843808697531 -99 -99 -99 -1.13343042377322
-99 -99 -99 -99 -99 -99 -99 -99 1.93593213354498 1.61021681236251
-99 0.0487081023671539 -99 -99 -99 -99 -99 -99 -99 -99
1.76846750647078 -99 -99 -99 -99 -99 -99 0.403984642390134 -99 -99
-99 -99 -99 -0.104837321877973 -99 -99 -99 -99 -99 -99
-99 -99 -99 -99 -99 -99 -99 -99 -99 -99
-99 -99 -99 0.792710983180978 -99 -99 0.1483935898174 -99 -99 -0.916900234144283
-99 -99 -1.27146392237112 -99 -99 -99 0.651015961422674 -99 -99 -99
1.61238923192129 -99 -99 -99 -99 -99 -99 -99 2.17931439263297 -99
-1.01293943841654 2.06004958134144 -99 -99 -99 -99 -99 -99 -99 -99
-99 -99 -99 -99 -99 -99 -99 -0.414612083891529 -99 -99
-99 -99 -99 0.749778989120454 -99 -99 -99 -99 -99 -99
0.810834684804548 -99 1.94046727279611 -99 -99 -99 -99 -99 -99 -99
-99 -99 -99 -99 3.11055002881364 -99 -99 -99 -99 0.463854957629236
-99 -99 -99 -99 -99 -99 -99 -99 0.295128582402107 -99
-99 0.920632272240203 -99 3.69167395613814 2.57743389323275 -99 1.6198325554784 -99 -99 -99
0.127043064695074 1.13421041039862 0.657366889488673 -99 1.70574366409996 -99 -99 -0.903791722634655 2.9301272386309 -99
-99 1.37088374065195 -99 -99 -99 1.04037326198123 -99 -99 -99 -99
2.4666684415797 -99 -99 -99 2.42312601036153 -99 -99 4.341521118583 -99 -99
-99 3.26064558776625 -99 -99 -99 -99 2.50352717548989 -99 -99 -99
-99 -99 1.80399839783752 1.27308913337076 -99 -99 2.32981794823217 -99 -99 -99
-99 2.58104565208112 -99 -99 -1.87043848796902 -99 -0.522824992088139 -99 -99 0.268997562444074
-99 -99 -99 -99 0.31436399248022 -99 2.17436097343569 -99 0.0905104564287739 -99
-99 -99 -99 -99 -99 -99 2.08113667856697 -99 -99 -99
0.607620975356662 -99 -99 -99 -99 -99 -99 -99 -99 -99
-99 -99 -99 -0.686329891994256 -99 -99 -99 0.861931878619294 -99 -99
-99 -99 -99 -99 -99 -99 -99 -0.61991620360227 -0.274322096221142 -99
-0.354664967082527 -1.31193675378244 -99 -1.92014036144984 -99 -2.21408156437964 -99 -99 -99 -99
-99 -99 -99 -99 0.92826591742586 -0.32441731440637 -99 0.24962885759929 -99 2.94621769215889
-99 -99 -99 -99 -99 1.26072662811322 -99 -99 2.42237438568931 -99
-2.45304566793176 -99 -1.98266226575028 -99 -99 0.498308222533237 1.13040528094785 -99 -99 -99
-99 -99 -99 -99 -99 -99 -99 1.95975660547359 -99 -99
-99 -99 1.12091508463237 0.275185086845998 -99 -99 -99 -99 -99 -99
3.15289528855886 -0.500740293946029 -99 -99 -99 -99 -99 -99 -99 -99
-99 -99 -99 -99 -99 -99 -99 -99 -99 -99
-99 -99 -99 -99 -99 -99 -99 -99 1.31429845692177 -99
-99 -99 -99 -99 -99 -99 -99 -99 1.0554827873639 -99
-99 -99 -99 -99 -99 -2.59779057577232 -99 -1.40811659258609 -99 -99
-99 -99 -99 -2.08659652868775 -99 -99 -99 -0.283993721192303 -99 -99
-99 -99 -99 -99 -99 -99 -99 -99 0.922626072560869 1.99870026100844
-99 1.05907746451853 -99 -99 -0.224561151808683 -99 1.41044449987548 -99 -99 -99
-99 0.463879068360063 -99 -0.223321091826854 -0.131821075964715 -99 1.46700537559378 -99 -0.218308257559262 0.0637839285603787
-99 -1.70509117975313 -99 -99 -99 -99 -0.80387206551261 -99 -99 -99
-99 -99 -99 -99 -99 -99 -99 -99 -99 -99
1.12603556119966 -99 1.87820746695275 -99 -99 -99 -99 -99 -0.972207085322311 -99
-99 -99 -99 -99 -99 1.0265574473953 -99 -1.8404221038228 -99 -99
-99 -99 -99 1.60694732717762 -99 -99 2.03563228341995 -99 -99 -99
-99 -99 -99 -99 -99 -99 -99 -99 -99 -99
-99 0.589552234156382 -99 -99 -99 -99 -99 -99 -99 1.0863197266495
-99 -99 1.86230989166334 -99 -99 -99 -99 1.74789921400972 -99 -99
2.56946175437615 -99 -99 -99 -99 -99 -99 -99 -99 2.58857729427727
-99 -99 -99 -99 -99 -99 -99 -1.01023490369424 -99 -99
-99 -99 -99 -99 1.50503937186592 -99 -99 -99 -99 -99
-99 -99 -99 -99 -99 -1.22715149423638 -99 -99 -99 -99
0.902391125586022 -99 -99 -99 -99 -99 -99 1.75321460015095 1.14097271373724 -99
5.01543686025818 -99 -99 -99 -99 4.45205705942798 -99 3.8633132913301 -99 -99
-99 -99 -99 -99 -99 -99 -99 1.022518405529 -99 -99
-99 -99 -99 2.64000802340377 0.1760842308742 -99 -99 -99 -99 3.69911333710431
-99 -99 1.64395095596053 -99 -99 -99 -0.595274300544589 -99 -99 -99
-99 -99 -99 2.4498272077303 -99 -99 2.41715996236892 -99 -99 -99
-99 -99 0.912223342207657 -99 0.395514398148177 -99 -99 -99 -99 -99
-99 -0.369727335546237 -99 -99 -99 -99 -99 1.12231426676487 -99 -99
1.84028217069721 -99 -99 -99 -99 1.51336707146772 -99 -99 -99 -99
-99 -99 -99 -99 -99 1.79235984014796 2.03516083433668 3.02829360090237 2.63713206990752 -99
-99 -99 -99 -99 -99 -99 -99 -99 -99 0.93998311109903
-1.08896482055066 -99 -99 -99 -99 -99 -99 -99 -99 -99
-0.125802149308965 -0.644023150729913 -99 1.05772293263433 0.475925612877078 -99 -1.17523440343174 -99 0.0637167255535221 -99
-99 -99 -0.920067613323253 -99 -99 1.00151265161269 -99 -99 -99 -99
0.480270532091711 -99 -99 0.565058180941823 -99 -99 -99 -99 2.31616827493416 -99
3.26515719636024 -99 -99 0.809296592047664 -99 -99 -99 -99 1.20178850871243 -99
-99 0.325915480402163 -99 -99 0.351732192457204 -99 -0.473984614714704 -99 1.57823618384483 2.49896650845261
1.3157515456512 0.0332095308040399 -99 -99 -99 0.956053623079711 -99 0.990163878402077 -99 -99
-99 -99 -0.615974402478409 -99 0.639216176581229 -99 -0.125474458423161 -99 -99 -99
-1.12431849867711 0.309025393221335 -0.101779070129786 -99 -99 0.983951203935209 -99 -99 -99 0.31952256409279
-99 -99 -99 -99 0.409368928103717 -99 -99 0.872958820320661 -99 -99
-99 -99 -0.214884033387755 -99 0.701984726399241 -99 -0.159907585437944 -99 -99 -99
-99 0.58058687290355 -0.0248127318632281 -99 1.4565216240448 -99 -99 -99 -99 -99
-99 -99 -99 -99 2.83879477632579 -99 -99 -99 -99 -99
-99 -0.520377853126175 -0.332331839384207 -99 -99 -99 1.18977907697886 -99 -99 -99
-99 -99 0.929932651316352 -99 -99 -99 -99 -99 -99 -99
-99 -99 -99 3.05510939012908 -99 2.64450192185149 -99 -99 -99 1.03597219142291
-99 -99 0.539697805769125 -99 0.608583959397976 -99 -99 0.801629146536345 -99 -0.579140645382532
-99 -99 -99 -99 -99 -99 -99 -99 0.300217748895722 -99
-99 -0.82993823686902 -99 -99 1.48618979255133 -99 0.73127702467085 -99 -99 -99
2.07669778532312 2.4120045028339 2.26443652916072 -99 -99 1.31845056775195 2.22792598969383 -99 -99 -99
-99 2.33983997578025 -99 -99 -99 -99 -99 2.48768745390393 -99 -99
-99 -99 -99 3.60638901662605 -99 -99 -99 -99 -99 3.82817237940213
-99 -99 -99 2.28302242918171 -99 -99 -99 -99 -99 -99
-99 -99 -99 -99 -99 -99 -99 -99 -99 -99
-99 0.472775762194939 -99 -99 0.215727960445707 -99 -99 -99 1.7700586622642 -99
1.10554208076761 -99 -99 0.556817186774283 -99 -99 0.391989506422996 -99 0.785672693122587 -2.16933299973215
-99 1.07674233737568 -99 -0.453413987892731 -99 -99 -99 -99 -99 -99
-99 -99 3.35599617599319 -99 -99 -99 -99 3.72116048534823 -99 -99
-99 -99 -99 1.44112746739448 -99 0.160374961186607 -99 -99 1.21238112631657 -99
-99 -99 -99 1.62260531041089 -99 -99 -99 -0.360320996515166 -99 0.210647368083032
-99 -99 0.469502077221504 -99 -99 -99 -99 -99 1.56841714732248 0.644356204758636
1.92775186883719 2.45583306431689 -99 2.30550878751168 -99 -99 -99 -99 2.82602965227454 -99
-99 -99 -99 -99 -99 -99 -99 -99 -99 -99
-99 2.3847127258862 -99 -99 1.49636925649095 -99 -99 -99 -99 0.74193511570884
-99 -99 -99 -99 -99 2.05291633963741 -99 -99 -99 -99
-99 -99 2.95483854837555 -99 -99 -99 -99 -99 -99 -99
-99 -99 2.14625538675823 -99 2.34598986118902 -99 -99 -99 -99 1.80937164074826
0.279800510810536 0.10102527197571 -99 -99 0.0118062549803915 -99 -0.489950660961644 -99 -99 -99
-99 -99 1.69944990628431 -99 -99 -99 -99 -99 -99 -99
0.632425131746659 -99 1.32826035166977 -99 -99 -99 -99 -99 0.598959776682362 -99
-99 -99 -99 -99 -99 -99 -99 -99 1.68468550963648 -99
-99 -99 -99 -99 -0.386171462857823 -99 -99 -99 0.044114820628168 -99
1.30473364152129 -99 0.733648471022379 -99 1.46240720970296 -99 1.58892536088085 -99 -99 -0.289152438819231
-99 -99 1.62913755404739 -99 -99 -99 -99 -99 -99 1.71676639125085
-0.672154094293145 -99 -99 2.25336354681778 -99 -99 0.250771674719432 0.700323797924682 -99 -99
-99 -99 -99 -99 -99 0.555001714682936 -99 1.05809729401589 0.372468073354998 -99
-99 -99 -99 -99 -99 -99 0.25787285426096 -99 -99 -99
-99 -99 1.87935720316591 1.37128619919935 1.01374573373531 2.29325000866601 3.08936317862665 -99 -99 -99
-99 -99 -99 -99 -99 -99 -99 -99 0.0660293791586267 -99
-0.487286559614222 -99 -99 -99 -99 -0.817907074033791 -99 -99 -99 0.0127684340160685
-99 2.38025820920692 -99 -99 3.82170604015506 -99 -99 -99 -99 -99
-99 -99 -99 -99 -99 -99 -99 -99 0.0651225721720901 -1.67071733939831
-99 1.556534201314 -99 -99 -99 -99 -99 -99 -99 -99
0.0327250503529737 0.469891498129456 -99 -99 0.995687788273237 -99 -99 -99 1.97153336057714 -99
-99 -1.32331956284946 -99 -99 -1.30266914245648 -99 -99 -99 -99 -99
-99 -99 1.86055169834672 -99 -99 -99 -99 -99 -99 2.79767026982928
0.115017499704656 2.57807613128841 -99 1.49486090051687 -99 1.35035771778754 0.924797075686822 -99 -99 -99
-0.215335393508941 1.51701487129499 -0.187207393674247 0.0856043511289155 -99 -0.420994633131252 0.244477963793026 -99 -99 -99
-99 1.21586173052385 -99 -99 0.123325739013713 -99 -99 -99 -99 -99
-99 -99 -99 2.3466727656753 -99 -99 -99 -99 -99 1.0493914947757
-99 -99 -99 -0.506809048228284 -99 1.53257073953041 -99 -99 -99 -99
-99 -99 -99 -99 -99 -99 0.240010545085674 -99 -99 -99
-99 -99 -99 -99 -99 -99 2.70062170133725 2.54430880359458 4.86383498007402 3.64437149048941
-99 -99 1.19946299584426 4.79346570293092 -99 -99 -99 -99 -99 -99
-99 -99 -99 -99 -99 -99 -99 -99 -99 0.555535820703072
-99 2.41423290000496 -99 -99 -99 -99 -99 -99 -99 -99
2.59480060601194 -99 2.85773490849736 -99 3.87295283734259 -99 -99 3.12109326425417 -99 -99
0.280390856559376 2.22014984673873 -99 -99 2.36823854153482 -0.233151237376135 -99 -99 -99 -0.226045727717627
-99 -99 -99 -99 -99 -0.912058618123177 -99 -99 -0.829573543333281 -99
-99 -99 2.10720804823377 -99 -99 -99 -99 -99 -99 0.439578556248611
-99 -99 -99 -99 1.70877767142634 -99 -99 -99 -99 -99
-99 -0.0110288540241024 -99 -99 -99 -99 -99 -99 -99 1.67726537791987
-99 -99 -99 -99 -99 -99 -99 -99 -99 -0.374750009956921
-99 -99 -99 -99 -0.746688909190293 -99 -99 -99 -99 -99
1.36440483435594 -99 -99 3.90860329373963 -99 -99 -99 1.78622351170271 -99 -99
2.11895491419148 -99 -99 -99 -99 4.23062998509147 -99 2.94981015392669 -99 3.40883637715143
-99 0.260180532743557 -99 -99 -99 -99 1.79358073256817 -99 2.61225650548796 1.95089241236561
-99 -99 -99 -99 -99 -99 -99 -99 -99 -99
-99 -99 -99 -99 -99 -99 -99 2.1807657922977 -99 -99
-99 0.681553102326951 -99 3.29471230251695 2.61619734361382 -99 -99 -99 -99 2.41712357881709
-99 -99 -99 -99 -99 -99 -99 -99 1.61212971070488 2.14760565134116
-99 -99 1.25017449964349 2.25506301363979 -99 1.15580163512508 -99 -99 -99 2.42853208416585
-99 -99 -99 -99 -99 -99 -99 -99 -99 2.04390541952659
3.62756591361814 3.67877804972028 -99 -99 -99 -99 1.42291943190816 -99 -99 -99
-99 -99 4.54475196907247 -99 -99 -99 -99 -99 -99 -99
-99 -99 -99 1.26531189120005 -99 -99 -0.290965836941984 -99 -99 -99
-99 0.141156614498943 1.69849447824425 -99 -99 -99 -99 -99 1.06170163149967 -99
-99 -99 -99 0.936916967692013 -99 -99 -99 -99 -99 -99
-99 -99 -99 -99 0.673158069335047 -99 -99 1.16585301012642 -99 -99
-99 -2.14060373955288 0.641596015131665 -99 -0.00551492936487996 -99 -99 -99 0.764453783753053 -99
-99 -99 -99 2.29586506162914 -99 -99 -99 -99 -99 -99
-99 -99 -99 1.03718408810452 -99 -99 0.755153614457234 -99 -99 -99
-99 -99 -1.57329427889369 -99 -99 -0.24242086089099 1.51753580078644 1.75573889981063 -99 -99
-99 -99 -99 1.09259691089692 -99 -99 -99 -99 0.87052599240905 -99
-99 1.38002036260227 -99 -99 -99 -0.80410861970548 -0.464556255900477 -99 1.2685410049874 -99
-99 -99 -99 -99 -99 -0.132969836881172 -99 -99 -99 -99
3.52336030348671 -99 -99 -99 -99 -99 -99 -99 -99 -99
-99 -99 -99 1.32860897303261 -99 -99 -99 -99 1.97280927722421 2.51942570553549
-99 -99 -99 -99 -99 0.132774169175571 -99 0.779251529842021 -1.01194660533956 0.721110532578096
-99 -99 -99 -99 0.231020781478281 1.52614195566528 -99 1.43834390630399 -99 -99
-0.755694916111415 -99 -99 -99 -99 -99 -99 0.924779828734083 -99 -99
-99 -99 -99 4.24291807934994 -99 3.10438091275202 2.19102594649022 -99 2.07700371945856 -99
-99 2.30445546485489 -99 -99 -99 0.577482486881895 -99 -99 -99 -99
-99 -99 1.10771077361207 -99 -99 2.38462032494098 -99 -99 3.57978365603868 0.243650567833902
-99 -99 -99 -99 -99 -99 -99 -99 -99 -99
-99 -99 2.83485476297541 -99 -99 -99 -99 -99 -99 -99
0.110285846033822 -99 -99 -99 -99 -99 1.89564078779427 -99 -0.867798931269445 -99
-99 -99 -99 -99 -99 -99 -99 -99 -99 -99
-99 1.89610855791822 -99 2.64298179341288 0.912434978714545 2.20784916326241 -99 -99 -99 -99
-99 -99 -99 -99 -99 -99 -99 0.319356289945116 -99 -99
1.95045177047432 -99 -99 -99 -99 1.6451608810835 -99 -99 -99 0.697976260811387
1.73191591010318 0.924507181429368 -99 -99 0.943507095579073 -99 1.72510807027688 -0.0282242357792197 3.37468339583703 -99
-99 -99 -99 -99 -99 -99 -99 -99 -99 -99
0.196639824059748 -99 -99 -0.35913892093377 -99 -99 -1.80841936755083 2.20005701862052 -99 -99
1.64971464396621 -99 -99 -99 -99 -99 -99 -99 -99 -99
-99 3.75301609979241 -99 -99 -99 -99 -99 -99 -99 -99
1.13768409069292 1.47497397870657 -99 -99 -99 -99 0.854679348365849 -0.266096451288707 -99 -99
-99 -99 -99 -99 -99 -99 -99 -99 -99 -99
-99 -99 -99 -99 -1.76347065346416 -1.55083513936892 -99 -99 -99 -99
-99 -99 -99 -99 -99 -99 -99 -99 2.01466818287578 -99
-1.34512056144037 -99 1.71800045252183 0.268865775706359 -99 1.13852340844231 -99 -99 -99 -99
2.02514373910883 -99 -99 -99 -99 -0.918471436891231 -99 -99 1.48001577618242 -1.23103837280578
-99 -99 -99 -99 -1.01960405884833 -99 1.00128088657025 -99 -99 1.46659390321722
-99 -99 -99 -99 3.94714592049279 -99 1.87473503810257 -99 -99 -99
-99 -99 -99 -99 1.10057702030036 -99 1.54427591818704 -99 -99 2.8132371738041
-99 -99 -99 -0.945787635476848 1.10610318086969 -99 -99 -99 -0.0848692568830072 -99
-99 -99 -99 -99 -99 -1.81576232889926 -99 -99 -0.489738292883983 -99
-99 -99 -99 -99 2.88603322236501 -99 0.776157897219684 0.155196846583978 -99 -99
-99 -99 -99 -99 -99 -99 -99 -99 -99 1.01594151739253
-99 -99 -99 -99 -99 -0.119178934985031 -99 0.80699284114995 1.80899835421872 -99
-99 -99 2.34873143261207 1.0775734228153 -99 -99 0.911655282894726 -99 1.1261152613793 -99
1.0397235684911 -99 0.10084163893874 2.00599414659606 -99 1.02336659532072 0.24519365908793 -99 0.964113872400789 -99
-99 -0.726916104046159 -99 -99 -99 -99 -99 2.98094601890031 -99 -99
-99 0.192986110783387 -99 -99 -99 -99 -99 -99 -99 -99
-99 -99 -99 2.34424179218401 -99 -99 -99 -99 -99 -99
-1.72809867031764 -99 -99 -99 -99 -1.65991149619848 -99 -1.16251877041747 -0.03494760048807 -99
-0.724404145370591 -99 -99 -99 -99 1.41921273291767 -99 -99 -99 -99
-99 -99 -0.0494505630362787 -99 -99 -99 -99 -99 -99 -99
-99 -99 -99 -99 2.82981422670282 1.86742479778635 1.00344077368969 -99 2.63100395378671 -99
-99 -99 -99 -99 -99 1.82156948139646 -99 -99 -99 -99
-99 -99 2.03833653962138 -99 -99 -99 -99 -0.682377637753174 -99 -99
-99 -99 -99 -99 -99 -99 -99 -99 -99 -0.261078327683289
-99 -99 -99 0.327102670789526 -99 -99 -99 -99 -99 -99
-99 -99 0.720325678192503 -99 -99 -99 -99 -99 -99 -99
-99 0.314830378120645 -0.872132597750527 0.693908258634736 -99 -99 -99 -99 -99 1.5837592530765
-99 -99 0.9948460159188 2.30836187933623 0.34206457024799 0.288919303128442 -99 -99 -99 0.0546494573975275
1.66535690455881 4.53775148616676 2.33426822533496 -99 -99 -99 -99 -99 -99 -99
-99 -0.707957294396046 -99 -99 -99 -99 -1.28950598110644 -0.149674666892681 -99 -99
-99 -99 -99 -99 -99 -99 -99 -99 -1.94289836153949 -99
-99 -99 -99 1.25488942617721 0.763004847985148 -99 -0.270119062832697 1.94235535608743 -99 1.64499681362948
-99 -99 -99 -99 -99 -99 0.742523454574138 -99 -99 -99
-99 -99 -99 -0.859254096849581 -99 1.62908741123739 -99 -99 -99 -99
-99 -99 -99 -99 -99 -99 -99 -99 -99 -99
-99 -99 -99 -99 0.23358846247261 -99 -99 -99 -99 -99
-99 -99 -99 -99 -99 -99 2.23764829608531 -99 3.49923503463002 -99
-99 -99 0.114926081910328 -99 -99 -99 -0.0761161268795594 -99 -99 -99
-99 -99 1.01652657460902 -99 -99 -99 -1.32301011062752 1.25256319519058 -99 -99
-99 2.03756450286194 -99 -99 3.6859178799215 -99 3.25585844587418 -99 -99 2.52521895313284
-99 1.47961111433909 -99 -99 -99 2.98279430021702 1.29078687537676 -99 1.18812464292012 -99
3.34016729321522 -99 -99 4.49875122593804 -99 -99 -99 2.86373767516942 2.40299458356083 -99
-99 -99 -99 2.73060930960419 -99 -99 -99 -99 -99 -99
-99 -99 -99 -99 1.77419511088109 -99 -99 -99 1.42400483769929 3.00707025580024
-99 -99 -99 -99 -99 -1.89850812937051 -99 -99 -99 -99
4.42471440769812 -99 -99 -99 -99 -99 -99 -99 -99 -99
-99 -99 -99 -99 -99 -99 -99 -99 -99 0.888780146286621
-99 -99 1.50601537669884 -99 -99 -99 -99 0.792164507148647 -99 -99
-99 -99 -99 -99 -99 -99 -99 -99 -99 2.89275166657061
-99 -99 -99 -99 -99 3.13902420804818 -99 -99 -99 -99
-99 -99 -99 3.53659719734678 3.73620587627546 6.11400017173514 -99 -99 -99 -99
-99 0.699950442349411 -99 -99 -99 0.490540524679306 -99 -99 0.689562526142124 -99
-99 -99 -99 -99 -99 1.06919307144099 1.16405913132031 0.824038342808987 -99 -99
-99 -99 1.58809579858013 -99 1.80613871682116 -99 -99 -99 2.76807006882347 2.41086423285912
-99 -99 -1.77706304971616 -99 -0.550582366702212 -1.67731539330477 -99 -99 -99 -99
-99 0.582859750824935 -99 -99 -99 2.04243584346035 -99 -99 -99 -99
-99 -99 -99 1.55114591748802 -99 -99 -99 -99 -99 -99
-0.288618579730822 -99 -99 -99 -99 -99 -99 -0.968783483221194 -99 -99
-99 -99 -99 -99 -1.28032240573495 -99 -99 -99 -99 -99
-99 -99 0.125237405017465 -99 -99 -99 -99 3.68811554249194 3.22379695773451 -99
-99 -99 -99 -99 -99 -99 -99 -99 -99 -99
-1.02007815016958 -0.196274709843092 -0.164502098545338 1.23488606175213 -99 1.64448599814764 -99 -99 -99 -99
2.54500926501791 -99 -99 -99 -99 2.34948553482094 -99 -99 -99 -99
1.80639997335783 2.13258327442388 -99 -99 -99 -99 2.8969734514979 1.65514946904905 -99 -99
-99 -99 -99 -99 -99 -99 -99 -99 -99 -99
-0.0450635767593262 -99 0.93126316608154 4.09778666449756 -99 -99 -99 -99 -99 -99
-0.369176179193535 2.8613908156505 1.95566157045169 -99 -99 1.10815119459863 -99 -99 -99 0.896567414721356
0.611938731659713 0.760614062639336 -99 -99 -99 -99 1.88553746992338 -99 1.90613288017697 -99
-99 -99 -99 2.46180870135127 -99 -99 -99 1.670697523777 1.29482161257985 -99
-99 -0.277005890869209 -99 -99 -99 -99 -99 -99 -99 -99
2.9575721976969 -99 -99 -99 -99 -99 -99 -99 -99 2.4141551044815
-99 1.23101430359013 -99 -99 -99 -99 -99 -99 -99 -99
-99 -99 -99 -99 -0.478995883659666 0.665659806692015 -0.445883170399921 0.0562388589534213 -99 -1.0016226705336
-99 -99 -99 -99 -99 -99 -99 -0.417044398606021 -99 -99
-99 -99 -99 -99 -99 -99 4.68433778515288 -99 -99 -99
-99 1.09684025873124 -0.165280854197177 -99 -99 -0.976335278325642 -99 -99 -99 -99
-99 -99 -99 -99 -99 -99 -99 -99 -99 -99
-99 -99 -99 0.869251504308921 -99 -99 -99 -99 -99 -99
-99 0.381566599177782 -99 -99 -1.08344136506217 -99 -2.2556563389609 -99 -99 -99
1.094102406251 -99 0.218968482142008 -99 -99 -99 -99 -0.00651958918111961 0.63829290431262 -99
-0.0309741248642061 1.656786052133 0.188831856593333 0.758539907426343 -99 -99 -99 -99 -99 -0.542082212762136
-99 -99 3.17568121760622 -99 -99 -99 -99 3.40787424039368 -99 -99
-99 -99 -99 -1.37314242745876 0.220550111759117 -99 -99 -99 -99 -99
-99 -99 -99 -99 -99 -99 -99 -1.61277397596838 -99 -99
-99 -99 -99 -99 -2.20913945367831 -99 -1.19273755355363 -1.66055961614473 -99 -99
-99 -99 -99 -99 -99 -99 -99 2.783004234634 -99 -99
-99 -99 -99 2.78018628744196 0.882160216511064 -99 1.68300800802108 2.25587061275256 -99 -0.000660699215222937
-99 -99 -99 -99 1.8347980813685 -99 -99 -99 -99 -99
-99 -0.914472158084912 -99 -99 0.576844047904788 1.4604216569563 -99 -99 -99 -99
1.87803372147659 -99 -99 -99 -99 -99 2.71362139366794 -99 2.79453189788854 -99
-99 -99 -99 -99 -0.369028791777475 0.381196380144644 0.0927134125430368 0.734348475609295 -99 -0.556263827210493
1.35994082986704 -99 -99 -0.711507068533111 -99 -99 -99 -99 -99 2.67552890878303
-99 -99 1.7039971661182 -99 3.88975007345099 -99 -99 2.53012199431534 -99 -99
-99 0.105085582634627 -99 -99 1.29284018513931 -99 0.812056933395728 -99 -99 -99
-99 -99 3.78759658012787 -99 -99 2.80860516413656 -99 -99 -99 -99
-99 -99 1.34135914893479 -99 -99 -99 -99 -99 -99 -99
-99 -99 -99 -99 -99 -99 -0.0130181523339734 -99 0.379559297605853 -99
3.18967196959255 -99 -99 2.61845288051593 3.08548216071918 2.28008649086884 -99 -99 -99 -99
-99 -99 1.62537931291521 3.25620246222555 0.680179686233278 -99 -99 -99 -99 0.0394580725297098
-99 -99 -99 0.867820197217205 -99 -99 -99 -99 -0.00165314669460903 -99
1.94387146755058 -99 2.04875917804766 -99 0.938933967672602 -99 -99 -99 -99 -99
1.92850572720546 2.41369620873114 3.49846424259404 -99 -99 -99 -99 -99 -99 -99
-99 -99 -99 1.65194997635075 -99 -99 1.92091237381868 0.649101031873021 -99 -99
-99 -99 1.91966157047206 -99 -99 -99 -99 -99 -99 2.28193558968276
-99 0.383215244474819 -99 -99 -99 -99 -99 -99 -99 -99
-99 -99 1.57431132414972 -99 -99 -99 -99 -99 0.326647503302149 -99
-99 -99 -99 -99 -99 -99 -0.0514833389103873 -99 -99 -99
-99 -99 -99 -99 -99 -99 -99 -99 -99 -99
-1.09732246923529 -0.0465134042603905 -1.86608613130306 -99 -99 -99 -99 -99 -99 -99
-99 -99 -99 0.801611834216613 -99 -99 -99 -99 -99 -99
-99 -99 -99 -1.61367319526197 -99 -99 -99 -99 -1.87617074218513 -0.477523901385309
5.30748895503985 -99 -99 -99 -99 0.801061161532141 -99 -99 -1.17380773361276 -99
-99 -99 -99 -99 -99 -99 -99 1.82416620964559 -99 -99
-99 -99 3.14519769834506 -99 -99 1.84878823874108 -99 -99 -99 4.11713429516476
-99 0.166520582506168 -99 -0.43977062146787 -99 -99 -99 -99 -99 -99
-99 3.6751290506736 3.25759168549775 -99 -99 -99 -99 -99 2.81447921015605 1.84167404923947
-0.711424971452627 -1.10773259580931 -99 -99 -1.24047243602735 -99 -1.31875849744454 -99 -99 -0.144796315724569
-99 -99 -99 -99 -99 -99 -99 -99 2.43321598583281 -99
-99 -2.54637240271788 -99 -1.68407220687374 -99 -99 -99 -99 -0.737661906805787 -99
-99 -99 -99 -99 -99 -99 -99 -99 -99 -99
-99 -0.050388485495712 -99 -99 0.251238995845796 -99 1.90825310894874 -99 -99 1.22601429807222
-99 -0.813339017040936 1.35175938703667 -99 1.06448703177509 1.21193540373072 -99 -99 -99 -99
0.2618591140897 -99 0.825120626439819 -99 -99 -99 -99 -0.252083430693124 -99 -99
1.0987973099184 -99 -99 0.485740212144731 -99 -0.346158637801899 -99 -99 -99 -99
3.82281869038384 -99 -99 -99 -99 -99 -99 -99 2.55335254809749 -99
1.07048890095512 -99 2.0136942015045 -99 -99 -99 -99 1.44396831439076 -99 -99
2.10252291498887 -99 2.53434035467911 -99 -99 2.45083722035604 -99 2.08170810877464 3.28484050777295 -99
-99 1.55540471096386 -99 -99 -99 -99 -99 0.948576997655223 -99 -99
-99 -99 -99 -99 -99 -99 -99 -99 -99 -99
-99 -99 -99 -99 -99 -99 -99 -99 0.0863361489784777 -99
2.9002741759006 -99 1.42992375336464 -99 3.46969164302151 -99 -99 -99 -99 2.36901688559185
-99 -99 2.80865252399814 -99 -99 -99 -99 -99 3.29905342862671 -99
1.65580865847183 -99 0.404854541829541 -99 -99 -99 -99 -99 -99 -99
-99 -99 -99 -99 -99 -99 3.02494872031012 -99 -99 -99
-99 -99 -0.832758011767674 0.0861693482952568 -99 -99 -99 -99 -99 -99
-99 -99 1.4895822007922 -99 -99 -99 -99 -99 1.84494766825935 -99
-99 -99 -99 -99 -99 -99 -99 1.18900420681238 0.7784137930247 -99
-99 -99 -99 -99 -99 -99 -99 -99 -99 2.4619691312532
-99 -99 -99 -99 -99 -99 -99 0.859876709730964 -99 -99
-99 -99 -99 0.399541145158572 1.40878955150658 -0.537759743632856 -99 -99 -99 -99
-99 -99 -99 -99 -99 -99 1.35860241767309 0.927863824495246 1.63914919473314 -99
-99 -99 -99 -0.530587896282589 -1.2202311003391 -99 -99 -99 -99 -1.58011388012074
-99 -99 -0.22617325219812 -99 -99 0.406682845181655 -99 -99 -99 -99
-99 -99 -99 -99 1.49945150969082 -99 -99 -99 -99 -99
0.956398407427869 0.956062958774924 -99 3.64701942547587 -99 -99 -99 -99 -99 -99
-99 2.59641666101555 -99 -99 -99 -99 -99 -99 -99 -99
-99 -99 -99 -99 -99 -99 -0.960058911663433 -99 -99 -0.941168790621243
-99 -3.61272175611817 -99 -99 -2.27220914593626 -99 -0.752469927710856 -0.338939495704768 -99 -99
-99 -99 4.25043476929769 -99 -99 -99 -99 -99 -99 3.63804809438072
0.495519336320779 2.80367619540811 -99 -99 -99 2.1828038859908 -99 -99 -99 -99
-0.576173850361743 0.070136781025269 -0.217454974457344 -99 -99 -99 -99 -99 -99 0.611624838941396
-99 -99 -99 -0.976691062588495 0.53821091962111 -99 -99 -99 -99 1.92707384744847
-99 -99 -99 -99 -99 -99 1.78040460722212 -99 -99 -99
-99 -99 -99 -99 -99 -99 -99 -99 -99 3.96334450576886
-99 -99 -99 0.943622687244322 -99 -99 0.929204682666298 -99 1.42283859823951 -99
2.70728017773233 -99 -99 0.902076802287821 -99 -99 -99 -99 -99 -99
-99 -0.687809910337244 -99 2.68837215705583 -99 2.36506090520622 -99 -99 -99 -99
-99 -99 -99 -99 0.425590426652307 -99 -99 -99 -99 4.03502053116913
-99 -99 -99 -99 -99 -99 -99 -99 -99 -99
-99 -99 2.910851540569 -99 -99 -99 -99 -99 -99 -99
-99 -99 -99 -99 -99 -99 -99 -99 -99 -99
-99 -99 0.106131939815903 -99 -99 -99 -2.72660344605337 -99 -99 -99
-0.659336610854038 -99 -0.0191169048424213 -99 -99 0.341766771556056 -99 -99 -99 -0.195341293400825
1.97497581047763 -99 -0.854778122315098 -99 0.636566965640736 -99 -99 -99 0.237901642034607 0.956628167367369
-99 -99 2.37853795102054 1.4648056602099 1.76999366362003 2.40817176937494 -99 -99 -99 -99
-99 -99 -99 -99 -0.597185278629194 -99 -1.1596334858386 -99 -99 -99
-99 -99 0.694533512261891 -99 -99 -99 -99 -99 -99 -99
0.692064831194407 0.657316218354633 1.76973171301829 0.499947703045739 -99 -99 -99 -99 -99 -99
-99 -99 1.32553068250424 0.294505343204611 -99 -99 -99 -99 -99 -99
1.53476711663883 -99 -99 -99 -99 -99 0.383344353791401 -99 -99 -99
-99 -99 -99 -99 -99 -99 -99 -99 -99 -99
-99 3.62887807375214 -99 -99 1.86560719972183 -99 -99 -99 0.351333539642283 3.89274451455894
-99 -99 -0.319552708662894 -99 -99 -99 -99 -99 -99 -99
-99 -99 -99 -99 1.27392722147592 -99 -99 -99 -99 -99
2.07282347653477 -99 2.03053489851017 -99 -99 -99 3.11800144637209 -99 -99 1.61574210309037
-99 -99 -99 -99 -99 -99 -99 -99 -99 -99
-99 -99 -99 -99 -99 1.92526421157058 -99 -99 -99 -99
-99 -99 -99 -99 -99 -99 -99 2.78273948851347 -99 -99
0.83572520201789 -99 -99 0.0624373482365723 -99 -99 -99 -99 1.0267772285537 -99
-99 -99 -99 -99 0.910551141738001 -99 0.996043884523554 -99 -99 0.0814681723743953
-99 -99 -2.01208264176005 -0.583039408495567 -99 -99 -99 -0.0489975597459515 -99 -99
0.440757791886722 -99 -99 -99 -99 -99 -99 -99 -0.203885512042123 -99
-99 -99 -99 -99 -99 -99 -99 -99 -99 -99
-0.282726746142922 -99 -99 -99 0.832197644791288 2.83494107920188 -99 -99 2.19874040427711 -99
-99 -99 -99 -99 -99 -99 -99 -99 -99 0.48422447022807
-99 -99 -99 -99 -99 -99 -99 2.11078965874602 -99 -99
-99 -99 -99 -99 -99 -1.04986499985867 -99 -99 -99 -2.21055929489806
-99 -99 -99 -99 -99 -0.262965157024798 -99 -99 -3.22737869453709 -99
-99 -99 -99 -99 -99 -0.668937717035202 -1.83706534632887 0.326117233726421 -99 -1.79240256379618
-99 -99 -99 0.455419169006285 1.80638978679393 -99 0.486807044648029 -99 -99 -99
-99 -99 -99 -99 2.16694277803639 -99 0.675981966396601 -0.642332615062559 -99 -99
-99 -99 2.88478865808599 -99 3.61988714898183 -99 -99 -99 -99 -99
-99 -99 -99 -99 -99 -99 -99 -99 1.11035977765061 2.40514642970234
-99 -99 -0.975894966638106 -99 -99 1.64703867130426 -99 -99 -0.245571865685281 -99
-99 -99 -99 1.43587699299225 -99 -99 -99 1.4593324526948 -99 -99
-99 -99 -99 -99 -99 1.49803614841851 -99 0.014904092651387 1.29653113333484 -99
2.44702821888024 -99 2.95625200768318 -99 -99 -99 -99 -99 -99 2.03568209415142
-99 -99 2.15528565048114 -99 -99 -99 -99 -99 1.55292547908142 1.74440857910385
1.58952740523751 -99 -99 -0.00184762190080168 0.109538638080229 -99 -99 0.852575137574997 -0.165741066555285 2.43843478446862
1.15368730364131 -99 -99 0.581701750077215 -99 -99 -99 -99 -99 -0.888943765685611
0.91268621079737 -99 1.40203610911752 -99 -99 0.622140835655912 -99 -99 -99 -99
-99 -99 -99 -99 -99 2.3552082240279 -0.25111051041884 -99 -99 3.05086997811433
-99 -99 -99 1.11241055412552 0.668548585815899 -99 -99 -99 -99 -99
-99 -99 -99 -99 -99 -99 -99 -99 -99 -1.53384560819152
-99 0.643081471360001 -99 -99 1.11241774839188 -99 0.759644208220666 3.30587219427744 -99 0.605260799915777
-99 -99 0.333391987570471 2.01185320338827 -99 -99 -99 -99 -99 -99
-99 -99 -99 -99 -99 -99 -99 -99 2.29287655073978 -99
1.28894198884855 -99 0.908576269713257 0.744425581360741 -99 -99 -99 -99 -99 0.0270842370852655
-99 -99 1.35220083557222 0.725054755996891 -99 -99 1.90577774855634 -99 -99 -99
1.13237649286796 -99 -99 -99 -99 -99 1.68458741951816 -99 -99 -99
-99 -99 -99 -99 -99 -99 -99 -99 -99 0.409544942475311
-99 -99 -99 -99 -99 0.555149523994764 -99 -99 -99 -99
-0.449631871906619 -1.26994770044984 -99 -99 1.68460247569803 -99 1.47805965287265 -99 -99 -99
2.47700351318995 -99 -99 -99 -0.48841990172605 1.97536622518338 -99 -99 -99 -99
-99 -99 -99 -99 2.03884303866666 -99 -0.285553666347196 1.10171643649724 -99 1.03068644135348
-99 -99 0.918354687895027 -99 -99 -99 -99 -99 1.72804719745447 -99
-99 -99 -99 -99 -99 -99 -99 -99 1.78625572885654 -99
-99 -99 0.546197271385432 0.936200478138178 1.82442454506854 -99 -99 2.01879688453708 -99 0.454023146631679
-99 -99 -99 -99 -99 0.106999746395719 -99 -99 -99 -99
-99 -99 -1.01517767918981 -99 -99 -99 -1.79059112353424 -99 -99 -99
-99 1.58312746192118 0.724852262749957 0.502488990597194 1.8332421193441 0.802566131582078 -99 0.370491136061944 1.43028511481845 1.96327517036144
-99 -99 0.786036801397205 -99 -99 1.11031486833315 -99 -99 -99 -99
-99 -99 1.25756940679353 1.07811139837978 -99 -99 -99 -99 -0.554660051102804 0.575222204258436
-99 2.31900393800576 -99 -99 -99 -99 -99 -99 -99 -99
-99 -0.491849060781988 -0.431571010307144 -99 -99 -99 -99 -99 -99 -99
0.338769529565004 -99 -99 -99 0.839768714554089 -0.340382612371847 -99 -99 -99 0.0132425440168406
-99 -99 -99 -0.386292399684454 -99 -99 1.21248959550753 -99 -99 1.2540286557792
-99 -99 1.17860753341218 -99 -99 -99 -99 -99 -99 -99
-99 1.96942369019727 -99 -99 -99 -99 -0.14255157027656 -99 -99 -99
-99 -99 -99 -99 -0.210230166783584 -99 -99 -99 -1.2289127547749 -99
-99 -99 -99 -99 -99 -99 3.46042519083744 0.770928738867661 -99 -99
0.229744370063924 -99 -99 -99 -99 -99 -99 -99 -99 -99
-99 -99 -99 -99 -99 -99 -99 2.69301487597121 -99 -99
-99 -99 -99 -99 -99 -99 -99 -99 -99 -99
-99 -99 -99 -99 -99 -99 2.38086293752188 -99 -99 -99
-99 2.77886479926106 -99 2.06736948791831 -99 -99 -99 1.82559645260926 -99 -99
1.12315326089049 0.733647569297241 -99 0.465108940441011 -99 -99 -99 -1.88586359929471 -99 -0.173353874234593
-99 -99 -99 -99 -99 -99 -99 -99 0.836187718803924 -99
-99 -99 -99 -99 -99 -99 -99 2.39937293081414 -99 -99
0.670869801900958 -99 -99 -99 -99 -99 -99 -99 2.13339055853513 -99
2.22513280763138 2.29841102962705 -99 3.78198134902931 -99 -99 -99 -99 -99 -99
-99 -99 -99 -99 -99 -99 -0.359720894239778 -99 -99 -0.246429709488958
-99 -99 -99 -99 1.34885768791786 -99 -99 -99 -99 0.258381280148793
-99 -99 4.53797113503142 -99 -99 -99 -99 1.03595693770092 1.46397109408878 -99
-99 -99 -99 -99 -0.643104646540436 -0.192264776025888 -99 -99 -0.240810602745131 0.150856314901321
-99 -99 -99 -99 -99 -99 2.95866711441167 -99 2.39211934224759 -99
2.33875389685436 -99 -99 -99 -0.876518012173819 -99 0.809596886873308 -99 -99 -99
-99 -99 -99 -99 -99 -99 -99 -99 0.636156970068992 -99
-99 -99 -99 -99 -99 -99 -99 -99 -99 -99
-99 2.09190417847221 -99 -99 -99 -99 -99 0.843407668639325 -99 -99
-0.531728231227109 -99 -99 -99 -99 -99 -99 -99 -99 -99
-99 1.10639533174945 -99 3.33352186711037 -99 -99 -0.447210395250683 3.71058031390559 2.12176770394024 -99
-99 -99 0.661792753673147 -99 -99 -99 -99 -99 -0.18537730624033 -99
-99 -99 4.65241149673199 1.21261595000252 -99 -99 2.749509630031 -99 3.63482541035249 3.29505011078129
-0.213160784299096 -99 0.917735831794822 -99 -0.379656356364596 1.17457542974134 -99 -99 -99 -99
-99 -0.472062676755641 -99 -99 -99 -99 -99 -0.00875721741656865 -0.243202912507082 -99
1.49135851435905 -99 -99 -99 -99 0.649227210306617 -99 -99 -99 -99
2.75889200445938 1.98998662331368 -99 -99 1.47599791191812 2.10542804668682 -99 2.35194900774273 0.719047850727183 2.21773971985526
-99 -99 3.95856929702056 1.31258815839989 -99 -99 -99 -99 -99 -99
-99 -99 3.48646524123781 1.83858891559645 -99 -99 -99 2.95042911447036 -99 2.90974884921313
-0.382457610668226 -99 -99 -99 -99 0.537962722406734 -99 1.2554573623009 -99 -0.124634194940057
-99 -99 2.04723712348874 -99 -99 1.228117824325 0.965996162222167 -99 -99 -99
-99 -99 -99 1.02047920815212 -99 -99 -99 -0.584387449476762 -99 0.821739527951404
-99 -99 -99 -99 0.754184839364721 -99 -99 -99 -99 -0.0659674517200779
2.12771210582776 -99 -99 -99 -99 -99 -99 -99 -99 -99
-99 -99 -99 -99 -99 0.908918779400019 -99 -0.280372654183908 -99 -99
-99 -99 -99 -99 -99 -99 -99 -99 -99 -99
-99 -99 -99 2.34009414166971 -99 2.19653870238857 3.23910558683742 -99 -99 -99
-99 -99 2.09292435196368 2.8274728963812 -99 -99 1.58370398778299 -99 -99 -99
-99 -2.71331290352596 -99 -99 -99 -99 0.548994714470278 -0.814463497697008 -99 -99
-99 0.604815650339732 -99 0.944364099464124 -99 -99 -99 -99 -99 -99
-99 -0.220089842798304 -99 -99 -99 -99 -2.4536196712252 -99 -99 0.0981341121539874
0.637031001184155 -99 -99 -1.31705036078091 1.62299921189928 -1.06035330950091 -99 -99 -99 -0.261801387068159
-99 2.86872752099563 -99 -99 -99 -99 -99 -99 -99 2.52294533119258
0.378181263076859 -99 -99 0.677501229572433 0.519413244900206 -1.72473061557643 -99 -99 -99 -0.813920987680356
-99 -99 0.828955407829133 -99 1.03193321060675 -99 -0.84831555240116 -99 -99 -99
-99 -99 0.918652625179481 -99 -99 -99 -99 0.485731722374396 -99 -99
2.57564781751014 3.96681739731002 -99 3.04877812653449 -99 -99 -99 -99 -99 -99
-99 -99 -99 -0.161948528191245 -0.592384427222045 -1.41183734940683 -0.933583542907959 -99 -0.594226079531001 -99
2.05012218145064 3.30808756841325 2.81231816110709 -99 -99 -99 -99 -99 1.97568918712857 -99
2.13583815968958 -99 -99 2.14908808876369 -99 -99 -99 -99 2.04350307722453 -99
-99 1.06815558805049 -99 -99 -99 -99 -99 -99 -99 -99
-99 -99 -99 -99 -99 -99 -99 -99 -0.0891567870528764 -99
-99 -99 -99 0.417048297918158 -99 -99 3.45808225837588 -99 -99 -99
1.61531003056928 -99 -99 0.773141938675481 0.128085177010504 -99 -99 -99 -99 -99
-0.0108970632921668 -99 0.666289589187368 -99 -99 -99 -99 -99 -99 0.456957510889057
-99 -99 2.42913672128747 2.93883452594019 -99 -99 3.33201720551288 -99 -99 -99
-99 -99 -99 0.718452429635056 -99 -99 -99 1.15748887658049 -99 1.5982365134901
1.61485915348287 0.156580569630292 -99 -99 -0.395534399162698 -99 -99 -99 -0.481095018042299 -99
-99 0.368562823032176 -99 -99 0.0687396351570502 -99 -99 -99 -99 -99
-99 -99 -99 -99 -99 -99 -99 -99 0.537042406063637 2.44722787243987
-99 -99 -99 2.42243155566701 -99 -99 -99 -99 -99 -99
-99 -99 -99 -99 -99 -99 -99 -99 -99 2.34005476674168
1.97584713194482 -99 -99 -99 2.37899681823487 -99 1.57277830805431 1.82956363639648 1.06102443185712 -99
-99 -99 -99 -99 -99 -99 -0.0243909504639734 -99 -99 -99
-99 1.99434120159733 -99 -99 -99 -99 -99 -99 -99 -99
-99 -99 -99 3.19852749994674 2.34842601888921 -99 -99 -99 3.54502424064287 -99
-99 2.10950965991073 1.90486363247484 0.395280217084226 0.106102585890366 0.705590782442627 -99 0.364896307996667 1.03122061261177 2.35840843563758
-99 -99 1.91528553463184 -99 1.31381567388019 -99 0.850349378559256 -0.919361083601473 -99 -99
-99 -99 -99 0.171414683603157 0.878351658980185 -99 -1.25364013895355 -99 -0.589949735110212 -0.891314789755381
1.37828378232441 -99 -99 -99 -99 -99 -99 -99 -99 -99
1.10497194028828 -99 1.88077931281296 -99 -99 -0.461821250000124 -0.693400672214619 -99 -99 -99
-99 -99 -99 -99 -99 -99 -99 2.7092055697492 -99 -99
-99 -99 -99 -99 -99 -99 -99 -99 -99 0.0710417302093989
0.566943211620268 -99 -99 -99 -99 -99 -99 -99 -99 -99
-99 -99 -99 1.85372408425705 -99 -99 -99 -99 -99 -99
-99 -99 -99 -99 -99 -99 -99 -0.503995588676741 -99 -99
3.60031646239545 -99 -99 -99 -99 1.48469821692225 -99 1.03446874835791 4.13995667744411 -99
-99 -0.885685590755594 -99 -99 -1.00011025254755 0.390459490714578 -99 -99 -99 -0.779744876910991
-99 -99 3.8774173717183 -99 -99 -99 -99 -99 -99 -99
-0.486582864760097 -0.723335728433051 -99 -99 -99 -99 -1.00070837746768 -99 -99 -99
-99 -99 -99 0.603079477512444 -99 -99 -99 -99 -99 -99
-99 -99 -99 -99 -99 -99 -99 -99 -99 0.784929674536854
-99 -99 1.85587729662219 -99 1.33531730824421 -99 -99 -99 -99 -99
-99 -99 -99 1.63246850002907 1.64979791673657 -99 -99 -99 -0.00765379478630224 -0.0639189663240651
-99 2.07321905244755 1.75859925419586 1.92006798910904 -0.270551536506726 -99 -99 -99 -99 -99
-99 2.05411048096065 -99 -99 -99 -99 -99 -99 -99 -99
