-99 0.991520670160696 0.990695192631958 -99 -99 1.79553780757957 -99 -99 -0.305723736885284 -99
-99 -99 -99 -99 -99 -99 -99 -99 -99 -99
-99 -99 2.21880864889173 2.70936925277047 1.65831331238817 -99 -99 -99 -99 3.80023926732213
-99 -99 -99 0.573924313630182 -99 -99 -99 -99 1.9700906057073 -99
1.38285437863564 -99 -99 -99 -99 -99 -99 -99 -99 -99
-99 -99 -99 -99 -99 1.75541527369649 -99 -99 -99 -99
-99 -99 0.592799561206586 -99 -99 -99 -99 -99 -99 -99
-99 -99 -99 0.49638800606377 -99 -99 -99 -99 -99 -99
-99 -99 -99 -99 1.30673817633789 -99 1.80547104119745 2.92411760171846 -99 -99
-99 -99 2.23442270027096 -99 -99 -99 -99 -99 -99 -99
-99 1.86197479395456 1.29456022895923 -99 -99 -99 -99 -99 -99 2.57251761494434
-99 -99 -99 -99 -99 -99 -99 -99 -99 -99
2.15468067505661 -99 1.98286272942073 -99 -99 -99 -99 1.98665011620312 -99 -99
-99 -99 -99 -99 -99 -99 -99 -99 0.773098028960314 -2.04632528236846
-99 -99 -99 -99 0.890916089899047 -99 1.79721178213499 -99 -99 -99
-99 -99 -99 -1.94462752482558 -99 -99 -99 -99 -99 -99
-99 -2.21118742477732 -99 -99 -99 -1.57354705731992 -99 0.22606799007544 -99 -0.0542084959300064
-99 -99 -99 1.00755113033199 -99 -99 -99 -99 -0.291537817518313 -99
1.16316014534122 -99 -99 -99 2.60094770839543 -99 -99 -99 -99 0.588725065869863
-99 -99 -99 2.04175799404148 1.62491893446017 -99 -99 -99 -99 -99
0.601652280251466 -99 -99 2.70479712172413 -99 1.08027815209599 2.36872123271223 -99 -99 -99
-99 -99 -99 -99 2.11684714484053 -99 -99 -99 2.00263711038467 -99
-99 -99 -99 -99 0.979361255952898 -0.197420750949341 -99 1.83851005936925 0.746023490336154 -99
-99 -99 -99 -99 -99 -99 -99 -99 -99 -99
3.38686807357312 -99 -99 -99 -99 -99 -99 -99 -99 -99
1.78977339025912 -99 -99 -99 -99 0.561240391427928 -99 -99 3.14838264198881 2.33299393149591
-99 -99 4.88691304056233 -99 -99 3.58086413513244 -99 -99 -99 5.73494743940671
-99 -99 0.426472558182273 -99 -99 -0.570186141019702 2.42047538128028 -99 -99 -99
-99 -99 -99 -99 2.63303297518016 2.21790462729618 3.4384378645585 -99 -99 -99
-99 0.864403808353799 -99 2.18294768849779 -99 -99 -99 0.459507558189301 -99 -0.609797950320038
1.85029158548035 -99 -99 -0.933592716429394 -99 -99 -99 -99 0.621986018150466 -99
0.840186021888126 -99 2.04486445786224 -99 1.81211314588206 1.88367259281726 -99 -99 -99 -99
1.89743417685736 -99 -99 -99 -99 -99 2.47578156341992 -99 -99 -99
-99 -99 -99 -99 -99 2.48950654120338 -99 -99 0.610964779335706 -99
-99 0.469057277140584 -99 -0.151147109302425 -99 -1.44057477401656 -99 -99 -99 -99
-99 -99 0.0741843062629487 -99 -99 -99 -99 0.0652856632053996 -99 -99
-99 -0.34811523978754 -99 1.2612399843993 -99 -99 -99 1.33385576810663 -99 0.588474241659824
-99 -99 -99 -99 -99 -99 -99 1.87032949637225 -99 2.93872096019689
-99 -99 -99 -99 -99 -99 -99 -99 -99 -99
-99 -99 -99 -0.0275785941222959 -99 -99 -99 -99 -99 -99
-2.08968669926875 -99 -99 -99 -99 -99 -99 -99 -99 -99
-99 -99 -99 -99 -99 -0.361007702451178 -99 -99 -99 -99
-99 -99 1.41185860623097 -99 0.123885153629762 -99 -99 -99 -99 -99
-99 -1.97066673653662 -99 -2.33299584434982 -99 -1.90308833300756 -2.85594763023739 -99 -2.47251449266693 -99
-99 -99 -99 -99 -99 -99 -99 -99 -99 -99
-99 0.811497762664238 -99 -99 1.6815292668475 -99 -99 -99 -99 2.54800862193238
-99 2.0213294513439 -99 -99 -99 -99 -99 -99 0.597637275568056 -99
-99 -99 -99 -0.255538432183291 -1.51943359773762 -99 -99 -99 -99 -99
-99 -99 -99 -99 -99 -99 -99 -99 -99 -99
-99 -99 -99 -99 -99 -99 -99 -99 -99 -99
-99 -99 -99 -99 -99 -99 -99 -99 -99 1.01082039552952
-99 -99 0.605085565877036 -99 -99 -99 -99 -99 -99 -99
-99 -99 -99 -99 0.562950669926879 -99 2.26997003263898 -99 -99 -99
-99 -99 -99 -99 -99 -99 -99 -1.37552277965661 -99 -0.821871020082891
-99 0.929096065186719 2.06346730322323 -99 -99 -99 -99 -0.00651618767335749 -99 -99
2.18415838490081 -99 -99 -99 -99 -99 1.63923120953054 2.33345293844 -99 -99
-99 -99 1.7597953241127 -99 1.03112048789337 3.6052573684769 -99 4.71119482892416 -99 -99
-99 -99 -0.40669004873578 -99 -99 -99 -99 -99 -99 -99
-99 -99 -99 -99 -99 -1.10720922485816 -99 -99 -99 -99
-99 -99 -99 -99 -99 -99 -99 -99 -99 -99
-99 3.38676383646172 -99 -99 -99 0.0841023765048166 0.332387922834396 -99 0.783539208744318 -99
-0.239151689205395 -99 -99 0.73532857510202 -99 -99 -99 -99 -99 -99
-99 1.56787926640338 -99 -99 -99 0.388146628033887 -1.05015109598436 -99 -99 1.48104190680215
3.73268794922006 -99 0.793041042147538 -99 -99 -99 -99 -99 0.372733869728178 -99
2.81973809338897 -0.308110521106224 -99 -99 -99 0.410927630770441 -0.581659566355725 -99 -99 -99
-99 -99 -99 0.771722880221859 -99 -1.72542263022516 -99 -99 -99 -99
-99 -99 -99 -99 -99 -99 -1.58413906772909 -99 -99 -0.0671646297515109
-99 -99 -99 0.59724948320023 -99 -0.545890852738996 -99 -99 1.1233464962844 -99
1.56453256143153 1.99558644709394 1.05840512131287 -99 -99 1.68972835940439 -99 2.01759006474547 -99 -99
-99 -99 -99 -99 0.08813690250873 -99 -99 -99 -99 0.228821226170351
-99 -99 -99 1.14817811589865 3.55241449275473 -99 -99 -99 -99 1.00342949370552
-99 -99 -99 -99 -0.0903820387078853 -99 -99 -0.117957680011959 -99 -99
-99 -99 -99 -99 -99 -99 -99 -99 -99 -99
-99 -99 -99 -99 -99 -99 -99 -99 -99 -99
-99 -99 -99 -99 -99 -99 -99 2.20606691956901 -99 -99
-99 -99 -99 -99 -99 -99 -99 -99 -99 -99
-99 -99 -0.191048678198247 -99 -99 -99 -99 -99 -99 -99
-99 -99 -99 -99 -99 2.34278381670712 0.0966584585485862 -99 -99 -99
-99 -99 0.19094132861134 -99 -99 -99 -99 -0.352576378653583 -99 -99
-99 0.980348904227899 -99 -99 -99 -99 1.37694667281878 -99 -99 -99
-0.346294856077226 -99 -1.28153246983027 -1.72312229632496 -99 -99 -1.2029765345918 -99 -1.57058792926257 -99
-99 -99 -99 -99 1.56146852029553 0.0234594479674446 -99 -99 -99 -99
-99 -2.18827206465693 -0.679637618871051 1.61849570441017 -99 0.231401536538645 -99 -99 -99 -1.41561904609105
-0.370183018619813 -99 -99 -99 -99 -99 -99 -99 1.93588171302459 -99
-99 -99 -99 -99 -0.715264796323339 -99 -99 -99 -99 -99
-99 -99 -99 -0.94303170760673 -99 -99 -99 -99 -99 -99
0.263956911379179 1.31446967598318 3.73363367186083 2.24734933465384 -99 -99 2.14680840366116 -99 -99 -99
-99 -99 -99 -99 -99 -99 -99 -99 -99 -99
0.0585618474180798 -99 0.0307665500454267 -99 -99 -99 -99 -99 -99 -99
-1.50335316965517 -99 -99 -1.75749655370558 1.3071775049252 0.55164074043443 -99 -99 -99 -0.0140046565835654
-99 -99 -99 -99 -99 2.2027673816022 -99 -99 -99 -99
-99 0.965001496794185 0.606332690429663 -99 -99 -99 -99 -99 -99 -99
3.66502122969463 4.05198705158963 -99 -99 -99 2.33224700198056 -99 3.16734443407865 -99 2.18904439010245
-99 -99 -99 -99 -99 -99 -1.6579855669627 -99 -99 -0.425342404883621
-99 -99 -99 0.804909861249262 -99 -99 -99 -99 0.931479130767536 -99
0.866531244719128 -99 1.66432947765027 -99 -99 -99 1.69060147270638 -99 1.2220153634128 -99
-99 -99 -99 -99 -99 -0.643864144882765 0.546684342849491 0.174149236609744 0.16341279524588 1.11962196602957
2.11987921310375 -99 -99 3.3939258963119 -99 2.83998651298609 -99 -99 2.293987911563 1.67913960393994
0.204299258409463 -99 -99 -99 1.21185212750992 -99 1.18788395310311 -99 0.588652286623886 -99
0.631162701340337 -99 -99 -99 0.733342627046395 -99 -99 1.42152854167914 1.6874596453986 -99
-99 -99 -99 -99 -99 -99 0.142284620635741 -99 -0.701779525054143 -99
-99 -99 -99 -99 -99 -0.454616432586188 -99 -0.84855896566165 -99 -99
1.11696349600134 -99 -99 1.32995760890527 -99 -0.0175353698764422 1.49738126814006 -99 -99 -99
-99 -99 -99 1.99773258154686 -99 -99 -99 -99 0.791650539130235 -99
-99 -99 1.6224539204326 -99 -99 -99 -99 -99 -99 -99
-99 -99 -0.331945032619205 -99 -0.0509471230808438 -99 -99 -99 -0.376177426836732 -99
0.237655732443137 -99 1.01105965863353 -99 1.56548504229991 -99 -99 -99 0.579913274487143 -99
-99 -99 -99 -99 -99 -99 -99 -99 -99 -99
-99 -99 -99 -99 -99 -99 -99 -99 -99 -99
-99 -99 2.79320564194866 2.67942878843403 1.006878075051 -99 -99 1.52630761899918 -99 3.10664517425054
-99 -0.686464780473586 -99 1.18850055659693 -99 -99 -99 -99 1.59211358940963 -99
1.92574400744146 0.470003893347361 -99 -99 1.54184350551522 -99 -99 1.40119182410654 -99 1.50390057417115
-99 -99 -99 -99 -99 -99 -99 1.68755231679155 -99 -99
-99 -99 -99 1.23955865983067 1.69018312380933 -1.02942707508669 -99 -99 -99 -99
0.996094313125921 -99 -99 -99 -99 -99 -99 -99 -99 -99
0.950659512421242 -99 -99 -99 -99 0.851944922952251 0.274353471868784 -99 -99 -99
-99 -99 -99 -99 -99 -99 -99 -99 -99 -99
-99 -99 -99 -99 0.975496218090135 -99 -99 -99 -99 0.823421975142039
-99 -99 -99 -99 3.25334934367568 -99 -99 -99 1.51530076426831 -99
-99 -99 -0.684797601497228 -99 -99 -99 -1.12961104694338 -1.36590649978253 -2.19181937361585 -99
1.96459741484318 -99 -99 -99 1.23096684494247 -99 -99 -99 -99 0.649410910648564
1.30630826082357 4.12341909631323 -0.0396895966144262 -99 -99 1.06072765091225 1.95039534649038 -99 -99 -99
-99 3.61876159613445 -99 -99 -99 -99 -99 2.40786133312949 -99 3.74175435721906
-99 2.97421543205849 -99 2.54074642220971 -99 -99 2.90107563044597 -99 -99 2.08973902196042
-0.437088160445543 -99 -99 -99 -99 -99 -99 0.961504794152537 -99 -99
-99 -99 -99 -99 -99 -99 -99 -99 1.83489694352068 1.40314129055999
0.623801297478489 -0.0570193103723913 -99 -99 0.570957103492847 -99 -99 -99 -99 -0.107002864524207
-99 -99 -99 -99 -99 -99 -99 -99 -99 -99
-0.884853599039928 -99 -99 -99 -99 0.617895686708905 -99 1.67346866228399 -1.60272766846704 -0.573979190225336
-99 -99 -99 -99 -99 0.973758025999871 -99 -99 -99 -99
-99 -99 -99 1.81725017362827 -99 0.738936980921908 -99 -99 -99 2.35369356197855
-99 -99 -99 -99 2.57388825775536 -99 -99 -99 2.22561250403866 -99
-99 -99 -99 1.93036250546003 -99 -99 -99 0.656483091069076 -99 -99
-99 -99 1.26354152532343 1.48705224250894 -99 2.2100181231286 -99 0.456352990463606 1.43170677630282 -99
-99 -99 -99 -99 -99 0.724757385537741 -1.40550212961478 -99 -99 -99
-99 -99 0.847125496381375 -99 -99 -99 -0.39285424109404 -99 -99 -99
-2.31735755719134 -99 -99 -3.20942699179368 -1.78956187001376 -99 -1.39366131659147 -99 -99 -99
-99 -99 -99 0.887386087231304 -99 -99 -99 -99 -99 0.520893898580197
-99 -99 2.45889008286339 -99 -99 -99 -99 0.592146550908691 -99 -99
-99 -99 -99 -99 2.08566794380824 -99 -99 -99 0.875668288460854 -99
-99 -99 3.58606265416345 1.70750695512615 -99 -99 -0.484442467731881 -99 -99 -99
-99 2.04874226291302 -99 -99 -99 1.85788580312224 -99 -99 -99 -99
-99 -99 -99 -0.601595815070528 -99 -0.22877198309863 -99 0.295203660389949 -99 2.1967803096944
-99 -99 -99 -99 -99 -99 2.40020182954991 3.28576634610063 -99 -99
-99 -99 2.33439241282769 -99 -99 -99 -99 -99 -99 -99
1.5437679200095 0.89316446783105 1.68374681560779 -99 -99 2.45433101524861 -99 -99 1.1745267746951 -99
-99 2.06496707374501 1.01042960217052 -99 1.07536699527099 -99 -99 -99 -99 -99
-99 -99 2.11319977794986 -99 -99 2.12398205500372 -99 -99 -99 -99
-99 -99 -99 -99 -99 -99 2.87997350240016 -99 -99 -99
-99 -99 -99 -99 -99 -99 0.0929402078641806 -99 -0.0281730453509887 -99
-99 -99 -99 -99 -99 -99 3.51947596279327 -99 1.95535183624979 -99
-99 -99 -99 -99 0.186269658393276 -0.39192959009472 -99 -99 -99 -99
-99 -99 -99 -99 -99 -99 -99 -99 -99 -99
-99 -99 -99 -99 -0.204842349977788 -99 -99 -99 -0.140260436035319 -0.741220400680536
-99 -99 2.41270870985913 -99 -99 -99 -99 -99 -99 -99
-99 -99 -99 -99 1.81320806642371 3.49706944018728 -99 -99 -99 -99
-99 -99 -99 -1.19121229379227 -99 -0.549745473511678 -99 -99 -99 -99
-99 -99 -99 -99 -99 -99 0.215573819206954 -99 -99 -99
-99 1.05148412736918 -99 -99 -99 -99 -99 -99 -99 0.116169687060624
-99 -99 -99 4.2213529054821 -99 -99 -99 -99 2.87177276693789 -99
1.82806885188393 -99 -99 -0.408965014962468 1.50881267652501 -99 -99 -99 -99 1.40702230256495
1.80022217321445 -99 -99 -99 -99 -99 -99 -99 -99 -0.716635024655385
-99 -99 -99 -99 -99 -99 -99 -99 -99 -99
-99 -99 -99 1.48247898980364 -99 -99 -99 -99 -99 -99
-0.233821128263271 -99 -99 -0.17142087523109 -99 -1.01314607966711 -1.05222595172627 -0.171329063124202 -99 -1.51910595482796
1.12597615636283 1.16742871450452 -99 -99 -99 -99 1.11747941482399 0.500075687712344 -99 -99
-99 -99 -99 -99 -99 -99 -99 -99 -99 2.89786306436745
0.721476961493174 -99 -1.59573097846506 0.329901693435399 -99 -99 -99 -99 -99 -1.30988499387592
-0.0641810671119785 -99 -99 -99 -99 -1.43611272138587 -99 -99 -99 -99
-99 -99 1.15114454534762 -99 -99 -99 -99 1.08852454345161 -99 -99
-99 -99 1.4579443268162 0.551252303791109 -99 -99 -99 -99 -99 -99
-1.19381942198964 -99 -99 -99 -99 -99 -0.987825147606614 -99 -99 -99
3.34853324144677 -99 -99 -99 -99 -99 -99 -99 -99 -99
-99 -99 -99 -99 -99 -99 -99 0.339740941816391 -99 -99
-99 1.24591922984304 -99 -99 1.67327858302219 -99 -99 -99 -99 -99
-99 -99 -0.345580661530177 -99 -99 -99 -1.47355045516141 -2.18940522482811 1.42003472294395 0.072463743981331
-99 4.89247145143837 -99 -99 -99 4.87867256053746 3.8588386556348 -99 -99 -99
-99 -99 1.86439684415174 -99 -99 -99 -99 -99 -99 -99
-99 -99 -99 -99 3.43103551944655 -99 -99 -99 -99 -99
-99 -99 -99 1.70868529921144 2.7828316145613 -99 -99 2.81145445768415 -99 -99
-99 -99 -99 4.86391762497098 -99 -99 -99 -99 1.51831000862341 3.25711429438798
-99 -99 -99 -99 -99 -99 1.21330511006093 -99 -99 -99
-99 -99 0.394262389381284 -99 -99 -0.225432490973252 -99 -99 -99 2.19258188961766
-99 0.529208010682715 -99 -99 -99 -99 -99 -99 -99 -99
-99 -1.49348281524284 -99 -99 -99 -0.656156725731188 -1.64272082267122 -99 -99 -99
-99 -99 0.810532472078514 -99 -99 -99 -99 -99 1.12056782287037 -99
-99 -99 -99 -99 3.34534361775487 2.29730589895709 -99 2.79379894427173 -99 -99
0.613008765866956 -99 -99 -99 -99 -99 -99 1.02380213121489 -99 -99
-99 -99 -99 -99 -99 -99 1.21817665348309 -0.533962763891314 -99 -99
2.41606768648249 -99 -99 -99 -99 -99 -99 1.50163138920432 2.85897535755607 -99
1.30012238437608 -99 -99 -99 -0.765531763550201 -99 -99 -99 -99 -99
-99 -99 0.844099827872471 -99 -99 -99 -99 -0.925033827522318 -99 -1.39798870640482
-99 -2.75263377594696 -99 -99 -99 -0.735071602443812 -99 -99 -1.59918108780498 -0.611452701223901
3.56187247984279 -99 1.32770749243745 -99 -99 -99 -99 -99 2.13361709458699 3.99551455031792
-99 1.77962141635772 -99 -99 -99 -99 -0.643680798712228 0.529310306729514 -99 -99
-99 -99 -99 -99 -99 -99 2.73848057724109 -99 -99 -99
-99 -99 -99 1.77789892277101 -99 0.300482487295745 0.581564291599961 -99 -99 -99
-99 -99 -99 0.0192977966300603 2.76235781299942 1.96794806452133 -99 -99 -99 -99
-99 1.47489737646894 0.752244009253416 -99 -99 -99 -99 0.0237835284227906 -99 0.80885612243601
-99 -99 -99 2.20580320870786 -99 -99 -99 -99 3.72616711207024 -99
0.772035369196579 2.15308437372201 -99 -99 -99 -99 -99 -99 2.13639230455308 -99
-99 0.399141685913577 -99 -99 1.61949601133916 1.42332691515986 -99 1.62609348684027 -99 -99
-99 -0.00151641242232081 -99 -99 -99 -99 -99 0.293722100532294 -99 -99
-99 -99 -99 -99 0.547180693203545 -99 1.96249343909449 -99 1.85936512417901 -99
-99 -99 -99 -99 -99 -99 4.06677001045401 -99 3.62302883846069 -99
-99 -99 -99 -99 -99 -99 -99 -99 -99 -99
-99 -99 -2.25100235034932 -99 -99 -1.18581229999407 -99 -99 -99 -99
-99 -99 -99 -99 -99 3.38042290352925 2.11162579119366 -99 -99 3.04524897766533
-99 -99 -99 -99 -99 -99 2.7937837503182 -99 -99 -99
2.1323044343646 -99 -99 2.65337231873284 1.7128037668444 -99 -99 -99 -99 -99
-99 -0.507565548097287 -99 -99 -99 -99 -0.913450843748675 -99 -99 -99
-99 -99 -99 -99 1.7705664650709 -99 -99 -99 2.67788071468602 -99
-99 -99 -99 -1.23607352937731 -99 1.50431563463301 -99 -99 -99 -99
-99 -99 -99 -0.552688054876684 0.140565204615836 -99 -99 -99 -0.247607095296313 -99
-99 -99 4.17295667230167 -99 1.80834556221036 2.19878418650604 -99 -99 -99 -99
-99 -99 -99 -99 -99 -0.307023014488021 0.110512789423086 -99 -99 -99
0.14956805050715 -1.43257952150322 -0.428854017321338 -99 0.752446145109304 -99 -99 -99 -99 -99
2.53867669638093 -99 -99 -99 -99 1.07449639067486 1.81356884751629 3.01803583920765 1.64914299064347 -99
-99 -99 -99 -99 0.730846643744106 -99 -99 -99 -99 -99
-99 -99 -99 -99 -0.507997481308923 -99 1.99585209749214 -99 -99 -0.710463913141699
-0.0562465567384001 1.05606325691036 1.662725137282 -99 -99 1.43532860722736 -99 -99 -99 -99
-99 -99 -99 -99 -99 2.27811518017424 -99 -99 -99 -99
2.95320969523246 2.55181188279246 1.90058065768843 1.8837901145434 -99 0.72880035689077 -99 -99 -99 3.57553472652459
-99 -99 -99 -99 -99 -99 -99 -99 -99 -99
-0.0927477605208271 -99 -99 -99 -99 -0.799854634489621 -99 0.851737394212665 -0.0538995940553462 -99
1.132445589378 -99 -99 1.38920057258926 -0.050037455274859 -99 -99 -99 -99 -99
-99 -99 -99 -99 -99 1.79853625093434 -99 -99 -99 -99
-99 -99 -99 -99 -99 1.17316586410476 0.909818495978602 -99 -99 -99
-99 0.429525480344704 -99 0.367083470715157 -99 -99 -99 -99 -99 -99
-0.724691003722744 -99 -99 -99 -99 -99 -99 0.334544389877138 -99 1.86636210355251
-99 -99 -99 -99 -99 -99 -99 -99 -99 1.65942299762341
-99 -99 -99 1.44610500406597 -99 -99 -99 2.99491678699978 -99 -0.361111332860032
1.47929577686052 0.425808816455573 -99 -99 -99 -99 -99 -99 -99 -99
0.762064758746043 -99 -99 1.70963632211726 -99 -99 -99 -99 -99 2.22585425237196
-99 -99 -99 1.77253322684414 -99 -99 -0.0535661918585704 -99 1.25466950310175 -99
-99 -99 -0.0758764302442665 -99 -0.577924948290656 -99 -99 -99 -99 -99
-99 -99 -99 -0.118552177064266 -99 -99 -99 -99 -99 1.43852116202005
-99 -99 1.67104269594905 -99 -99 3.12046482622898 -99 -99 -0.629697466619485 -99
-99 -99 -1.87152735861292 -0.977185587840105 -99 -0.74952360194625 -0.925214075551002 -99 -99 -99
-99 1.53849214503108 -99 3.37142958899023 -99 -0.118908745868187 -99 -99 1.35982298924142 -99
-99 -99 0.396109142365793 -99 -99 -99 -99 -99 -99 1.42291023807065
-0.00378290828764327 -99 0.552822251097503 -99 0.817430664665496 -99 -99 -99 0.081686238129272 -0.189775786422959
1.01937910613537 -99 -99 -99 -99 -99 -99 -99 -0.228906305525979 -99
-99 0.719149149684011 -99 -99 -99 -1.37732171764738 -99 -99 -99 -0.24034134286779
-99 -99 -99 -99 -99 -99 -99 -99 -99 -99
-99 -99 -99 3.65711288988658 -99 -99 -99 1.87042751552174 -99 -99
-99 0.714016608611876 1.61654083137527 -99 -99 -99 -1.10339361215296 -99 -99 -99
-99 -99 -99 -99 -99 -99 -99 -99 0.0576471735604014 -99
-99 -99 0.421551413773806 -99 -99 -99 -99 0.10835764303111 2.38781157470669 -99
-99 -99 -99 -0.44706360696329 -99 -0.936523864803689 -99 -99 -99 -99
0.48890050334612 -99 -0.480111996068449 -0.339363653761013 -0.0787204066344678 -99 -99 -99 -1.43988177590213 0.654793364577281
-99 -99 -99 -1.11982175091307 -99 -99 -99 -99 -99 -99
-99 -99 -99 -99 -99 -99 -99 -99 -99 -99
-99 1.08693269734256 -99 -1.00830798101174 -99 -99 1.06278192547197 -99 -99 -99
-99 -99 -99 -99 -99 -99 -99 -99 -99 -99
1.16334204940653 -99 -99 1.14469704775548 0.339748006368738 2.15242590169009 -99 1.17911365603763 -99 0.524829536064998
1.47119909552501 -99 -0.102400799680957 2.4899521934159 -99 -99 -99 0.766749945638042 -99 -99
-99 -99 -99 0.588160104174501 -99 -99 -99 -99 -99 -0.106969507250281
-99 2.81591342316024 -99 -99 1.81947000749569 -99 -99 -99 -99 -99
-99 -99 -0.095481186209349 -99 -99 0.984722981220838 -99 0.409873548664636 2.27592840591192 -99
-99 -99 -99 -99 -1.74951777229763 -99 -99 -0.222315553188311 -99 -1.71095996299763
-99 1.6135389968502 1.28031819347299 0.151089439211484 -1.05605992999759 -0.526874444591538 -99 1.48554727966394 2.60604187127919 -99
-99 -99 -99 -0.511560497333122 -99 -99 0.0745791423925836 -99 -99 -99
-99 -0.573462758009764 -99 -0.421878052546811 -99 -99 -99 -99 -99 -99
-99 -99 -99 -99 -99 -99 -99 -99 -99 -99
-99 -99 -99 -99 -99 -99 -99 -99 2.24292537900696 -99
-99 0.34414971852602 -99 -99 -99 -99 -1.32378742567405 1.46061190852605 1.28132218764533 0.146453237520099
-99 -99 -99 -99 -0.346022141000948 -99 -99 -99 -99 0.662954979168688
-99 -99 -99 -99 2.34065070765177 -99 -99 -99 -99 4.18786198132454
-99 2.62288090323679 -99 3.20164172779854 -99 -99 -99 3.8159913500097 2.65939751924424 -99
-0.446070792609903 -1.22243378225179 -99 -99 -99 -99 0.223426779092876 -0.229198705724861 -99 -99
0.102921275117053 -99 -99 1.29464364015527 -99 -99 -99 -99 -99 -0.44575480548966
1.79781658614929 -99 1.95155837624524 -99 -99 -99 -99 -99 -99 -99
-99 -99 -99 -99 -99 -99 -99 -99 -99 -99
-0.0391523455883809 -99 -99 -99 -99 0.3358810492206 -99 -99 -99 2.42500627689886
-99 -99 -99 -99 -99 -99 -99 -99 -99 -99
-99 -99 -99 -99 1.03909294103243 -99 -99 -99 0.0270401206793944 -99
-99 -99 -99 -99 1.95383326312886 -99 -99 -99 2.636231872319 -99
-99 -0.833303986945799 -99 -99 -99 -0.742311948234467 -99 -99 -99 -99
2.30156177086395 -99 1.02075107013348 1.81014555782421 -99 -99 -99 -99 -99 -99
-99 -0.414950180015526 -99 -99 -99 -99 -99 -99 -0.931465057984317 -99
-99 -99 -99 -99 -99 2.82965303079138 -99 -99 -99 -99
-99 -99 -99 -99 -99 -99 -99 0.777126648285894 -99 -99
-99 -99 -99 -99 -99 -99 -0.367149119098129 -99 -99 -99
-99 -99 -99 -99 -99 -99 -99 1.24055906151495 -99 0.701912319958024
-99 -99 -99 -99 -99 -99 -0.700702361207296 -99 -99 -99
-99 -99 -99 -99 1.32469162176425 -99 -99 -99 2.14885564373149 -99
-99 -99 -99 -99 -99 0.44262612053048 1.20529210120216 -99 -99 -99
-99 -99 -99 -99 -99 -99 -0.819361409403423 2.98382635864783 -99 1.47211126290066
-99 -99 -99 -99 -99 -99 -99 -99 -99 -99
-99 -99 -99 -1.02534807318701 0.292374832579306 -99 0.177089082982972 1.33412761109809 0.380821424297365 1.47760005706158
-99 -99 -99 0.098123005993789 -99 -99 -99 -99 -99 -99
-99 -99 -99 -99 -99 -99 -99 -99 -99 -99
-99 -99 -99 -99 -99 -99 -99 -99 1.2266864945409 -99
-99 1.26890951096914 1.29074574749032 1.07456427355408 -99 -99 -99 -99 -99 -0.583772560749888
-99 -99 -99 -99 -99 0.261634419911863 -99 -99 -99 -99
-99 -99 -99 -99 -99 -99 -99 -99 -99 -99
-99 -99 1.14933095690725 -99 0.240943545114114 1.76060947503056 -99 -99 2.6328132824095 -99
-99 -99 2.40538563239766 -99 -99 -99 -99 -99 3.25819820836188 -99
-99 -0.900604071690052 -99 -99 -99 1.52224075343424 -99 -99 -99 -99
-99 -99 -1.44315020096572 -99 1.72972254640114 -99 -99 -1.92297140769691 -99 -99
-99 0.0988311763351006 -99 -99 -99 -0.190305597485648 -1.24359098797828 -99 -99 -99
0.736650838051405 -99 1.00669149561139 -99 -99 -99 -99 -99 -99 3.12744722730787
-99 -99 -99 -99 -99 1.95326736851969 -99 -99 -99 1.40851639825347
0.0982423381325114 -99 -99 0.106009236863776 1.16208592278598 -0.335641663154671 -99 -99 -99 -99
3.99867425473811 -99 3.55275196038526 -99 -99 -99 -99 -99 -99 2.63603460099733
-99 -99 -99 -99 -0.0967829269046883 -99 -99 -99 0.090124709750603 -99
-99 -99 -99 -99 4.39941690928946 -99 -99 -99 -99 -99
-99 3.34405190335659 -99 -99 -99 -99 -99 -99 -99 3.24391386842405
-99 -99 -0.547043236954759 -99 0.542178804454476 -99 1.87005983164874 -99 1.90409884920901 -0.562286530399959
-99 -99 -99 -99 -0.0193227294194869 -99 2.01183316475976 -99 -99 -99
-99 4.20189045306011 4.28747345906875 -99 -99 -99 -99 -99 -99 -99
-99 -99 0.166617207755137 -99 -1.44454512878536 -99 0.117786980119476 -99 -2.91467971961804 -99
-99 -99 0.163702105832773 -99 0.978738422279453 -99 1.14934218421798 2.51161875042911 -99 -99
0.643729793089391 -99 -99 -99 -99 -99 -99 -99 -99 -99
0.767196118455347 -99 2.5921169099948 1.5685088995699 -99 -99 -99 1.47055899847706 0.149544774610706 2.05769842637973
-0.138125585106665 -99 -99 -99 -99 -99 -99 -99 -99 -99
-99 -99 -99 1.85234460989789 -99 -99 -99 -99 -99 -99
2.47282717442086 -99 0.821626248687781 -99 -99 -99 -99 -99 -99 -99
0.999535592413175 -0.0351720551797068 -99 2.3506999601956 0.269271855482776 -99 -99 -99 2.44670382143663 1.32668226495573
-99 -99 -99 -99 -99 -99 0.419895943822524 -99 -99 -99
-99 1.89530395468782 -99 -99 2.33247411697365 1.76693730928765 -99 -99 -99 -99
-99 -99 -99 -99 -99 -99 -99 -99 -0.987658687991142 1.54691333922488
-99 1.19315847882375 -99 -99 -99 -99 -99 0.793182442888232 -99 -99
-0.366833455100907 -99 -99 -99 -99 -99 -99 -99 -99 -99
-0.574652732264571 -99 -99 -99 -99 2.53058829625139 -99 1.32462568611191 -99 1.2723663106365
-99 -99 -99 -99 -99 -99 -99 -99 -99 -99
-99 -99 -99 -99 0.162351302093894 -99 0.690199765609139 -99 -99 -99
-99 -99 2.66095526892206 -99 1.10508696203783 -99 -99 1.21114351023385 -99 -99
-99 -99 -99 -99 1.51959912565039 -99 -99 2.64495558218062 -99 -99
-99 -99 -99 -1.35857180312985 -99 -99 -99 -99 -99 -99
2.57777394969082 -99 -99 -99 -99 -99 0.722801382463903 -99 1.09117520839164 -99
-99 -99 -99 0.597498361039412 -99 -1.12068464850186 -99 -99 -99 -99
-99 -99 -99 -99 -0.416857778494338 0.403804712364221 -99 -0.730915441174669 -0.484790867347909 -0.469178509071086
-0.971875283562142 -99 -99 -99 -99 -99 -99 -99 -2.36270147322855 -99
-99 -99 -1.43064634828342 -99 0.951673685017954 -99 -99 -99 -99 -0.623954996550441
-99 -99 -99 -0.276968721318178 -2.53894514660038 -99 -0.247226725441981 -1.1276527026066 -1.45936484574559 -99
2.55908680449868 2.19346667664373 -99 -99 -99 -99 -99 3.22735722963963 -99 -99
-99 -99 -99 -99 2.25215787482363 2.36816906168329 -99 -99 1.10835833564104 -99
-0.27597054784188 -99 -99 -99 -99 -99 -99 0.960997030056696 -99 0.0875564783598524
-99 -99 -99 0.776298548778021 -99 -99 -99 -99 2.55660707716014 -99
-99 -99 -0.659739075195643 -99 0.18441079571906 -99 -99 -99 -99 -99
-99 -99 -0.828741681002904 -99 -99 1.73318005965486 -99 -99 -99 -0.897539677165901
-99 -99 1.4377464917355 1.37264137897587 -99 -99 -99 -99 -99 -0.775338408242704
-99 -99 -99 -99 0.917275368272161 -0.136344924075465 0.508257660616434 2.29686903482403 -99 -99
-99 -99 -99 -99 -99 -99 -99 0.736586589684582 -99 -99
-99 -99 -99 -99 -99 1.22656037395328 -99 -99 -99 -99
-0.0498088514439647 -99 3.17744752512813 -99 2.62323221885313 1.70465577545432 3.41995543276353 -99 0.861619103414767 3.74770588659163
-99 1.39968508761583 1.61699340225956 -99 2.45463141655 -99 -99 -99 0.66177319156046 -99
-99 2.57206577510244 0.826700180072127 -99 -99 -99 -99 3.20059902890662 -99 -99
-99 -99 -99 2.56659516175879 -99 -99 3.25840629156458 -99 0.992549367262538 -99
-99 1.60959697058762 -99 -99 -99 -99 -99 -99 -99 -99
0.0449922849340911 -99 0.614865055511893 -99 -99 0.130064058486907 -99 -99 -0.682381819562984 -99
-99 1.05737651199502 -99 -99 -99 0.596334516306857 -99 -99 -99 -99
-99 -99 -1.06124057719516 -0.466619481517627 -99 -0.269694981693186 -99 -99 -99 -99
-99 -99 -99 -99 0.672355244498484 -99 1.72239666196483 -99 -99 -0.567765560255109
3.02810170021502 -99 -99 -99 -99 -99 -99 -99 -99 -99
-99 -99 -99 -99 -99 2.34671878686891 -99 -99 2.65108119018051 -99
-99 1.24632991231784 1.34657189470673 -99 -99 -99 3.72678077665952 1.88508870331549 0.501331420428342 3.19758125424403
-99 -99 -99 0.901400136801227 -99 -99 -99 -99 -99 -99
-99 -99 1.54925411836459 -99 3.04799318097087 -99 -99 1.54928109669398 -99 1.53141474409356
-99 1.87346547761282 -99 -99 -99 -99 -99 -99 2.89143096145958 0.81844792157362
-99 -99 -99 1.75022327857106 -99 -0.127754606331921 -99 -99 -0.421610870017749 -99
-99 0.290565389690565 -99 -99 -99 -0.79987737361689 -99 -99 -99 1.46793784304164
-99 -99 -99 -99 -99 -99 -99 -99 -99 -0.283235798931799
-3.14013905235176 -99 -99 -99 -99 -99 -99 -99 -99 -99
-99 -99 1.05916227305765 -99 -1.5735659024211 1.18127059215886 -99 0.481738502658276 -99 -99
-99 3.24962688689274 -99 -99 2.19111390543058 1.34310040091389 -99 -99 0.0360622238174684 -99
-99 -99 -0.95258485803869 -99 1.67358963173376 -99 -99 -99 -99 -99
-0.148684502616308 -99 -99 -99 -99 -99 -99 -99 -99 -99
-99 -99 4.20984150111278 -99 3.30203385835546 -99 -99 3.05693237030311 -99 -99
-99 0.242175904362372 -1.8501064477383 0.529158170370991 0.897086203100462 -99 -0.0982667264460872 -99 -99 -99
-1.63582562683419 -99 2.71524088953207 -99 -0.792882224424974 -99 -99 0.127176865487806 -99 -99
1.77257668695244 -99 1.44668894248394 -0.178340214414976 -99 -99 -99 -99 -99 -99
0.418493686563931 -99 -99 -99 -99 -99 -99 -99 -99 -99
-99 -99 -99 -99 -99 4.00240524162831 -99 -99 -99 -99
-99 -99 -99 0.0782309336406302 -99 2.16823753996563 -99 -99 -99 2.87799110300256
-99 0.094998878535289 -99 -99 -99 2.72600113811487 -99 4.01769478211179 0.417141748242585 1.06126486448323
-99 -99 -99 -99 0.262657033315607 -99 -99 -0.323445233573951 -99 -99
2.68112527873403 -99 -99 -99 1.7553893732717 -99 2.57117019873747 -99 -99 2.2162487972474
2.33080909483003 -99 -99 -1.72518690109338 -99 -99 -99 -0.234221099615375 -99 0.422924481583911
0.592563852884935 -99 -99 -0.242655007777566 -99 -99 -99 -99 -99 -0.967446588390523
-99 -99 -99 -99 -99 0.80188274207309 -99 -99 -99 1.58359911885516
-99 -99 -99 -99 -99 -99 0.0179331198101118 -99 -99 -99
-99 -99 -0.397106760006267 -99 -99 -99 -99 -99 -99 -99
-99 -99 -99 2.63759848153374 -99 -99 3.10185290146576 -99 -99 -99
-99 1.25418566083264 -99 -99 -99 -99 -99 -99 -99 -99
2.28768249994891 1.39592951049215 -99 -99 -99 -99 -99 -99 -99 -99
-99 -99 -99 -99 -99 -99 -1.25726063750931 -99 -99 -99
2.35435665858334 -99 -99 1.5439521167386 1.73774919869816 2.65067196516899 -99 0.742865271863442 2.11791696223549 -99
-99 -99 -99 -99 -99 -1.34509681045799 -99 -99 -99 -0.274786768377638
1.16843706312469 -99 -99 -99 -99 -99 -0.573966533601364 0.88468689578877 2.11119209936519 -99
-99 -99 -99 -99 -99 -99 -99 -99 -99 -99
-99 -99 1.73566788176327 2.51907824745426 -99 -99 -99 -99 -99 2.040289914609
-99 -99 -99 -99 2.65446478614309 -0.4346559464744 -99 -99 1.41734655456617 -99
-99 -99 -99 -99 -99 -99 -99 1.55750313567557 -99 -99
-99 -99 -99 -99 -0.441780184979374 -99 -99 -99 -99 -99
-99 -99 -99 -99 -99 -99 -0.407696697426708 -99 -99 -99
-99 -99 -99 1.69277607644252 -99 -99 -99 -99 -99 -99
-1.52007993462102 -99 -99 -0.682454184869741 -99 -99 -1.77393615555592 -99 -99 -99
-99 -99 -99 1.54972688299372 -99 -99 -99 -99 -99 -99
0.542223941495418 -99 -99 -99 -1.96327002099051 1.00052149058741 -99 -99 -99 -99
-0.15580053646327 -0.696129762513948 -99 -99 -0.766103282702528 -99 0.18093890627448 -99 0.21100755614659 -99
-99 2.34130878880231 -99 -99 2.14018730266761 -99 -99 -99 2.37230599195323 -99
1.85704139066479 -99 -99 -99 0.314202000392567 -0.535803597699219 -99 -99 -99 -99
-99 -0.289828387846 -99 2.24922018872665 -99 -99 -99 -99 -99 -0.519173040479642
2.58974812689798 -99 -99 -99 -99 -99 -99 2.42657653399409 -99 -99
-99 -99 -99 -99 -99 -99 -99 1.96918857366314 1.59133074782768 -99
-99 -99 -2.10569526727405 -99 -2.11013062999251 -99 -1.56771082557118 -2.03268726367142 -99 -99
-99 2.82350646033248 -99 -99 -99 -99 -99 -99 -99 -99
-2.13172609038973 -99 -99 -99 -99 -99 -99 -99 -99 -99
-99 -99 -99 -99 -99 2.64520158564415 -99 0.752011368844466 -99 -99
-99 -99 -99 -99 -99 -99 5.26227705548307 -99 -99 -99
-99 -99 -99 -99 -99 1.43100243404355 -99 2.32123912519114 0.374946818014389 -99
1.21688979221189 -99 -99 2.63997608799057 2.00032283834348 -99 3.70344091522633 -99 -99 -99
0.695735703324151 -99 -99 -1.41926839999654 -99 1.5480943270862 -99 -99 -99 -99
-99 -1.39109439399258 -99 -99 -1.42236667919549 -99 0.317086908395879 -99 -99 -99
-0.123534154271499 -0.288742818808376 -99 0.258739574864262 0.685969435345277 -99 -99 0.671617899211658 -99 -99
-99 -99 0.489244753837228 -99 -99 -99 -99 -99 -99 -99
-99 -99 -0.198956378970463 -99 -99 -99 -99 -0.695843753116715 -99 -99
-99 -99 -2.13452694905245 -99 -99 -99 -99 -99 -1.4198298676917 -99
-99 -99 -99 -99 0.0868612511799127 2.39590582538368 -99 -99 -99 -99
-99 -99 -99 3.59876778276255 -99 -99 2.47555930281711 -99 -99 -99
-99 -99 -99 -1.54503671331338 0.383348286875757 -99 -99 -99 -99 -99
-99 -99 -0.789879539440205 -99 -99 -99 -99 0.0911102993652416 -99 0.865640051571016
-99 -99 1.03723784608014 -99 -99 -99 -99 0.0896631888923911 -99 -99
-99 -99 -99 3.01702298642448 -99 3.49098493501781 -99 -99 3.33163538101974 -99
-99 1.92544582979287 -99 -99 -99 -99 -99 -99 1.65204368238695 -99
-99 -99 -99 -99 -99 -0.85916077864003 -99 -99 -1.38197056825495 -0.363317800088494
2.79935056530124 1.08184207323573 -99 -99 -99 -99 -99 5.25562116835658 1.74211126371751 1.49604004685743
-99 2.87651067628226 0.788283882020548 -99 -99 -99 -99 -99 -99 -0.00667116656587496
-99 0.942591339890803 -99 -1.02701986393191 -99 -99 -99 -99 -99 -99
1.32923660674066 -0.499525118107229 -99 -99 -99 -99 -99 0.825199977023137 -99 0.31689988943884
-99 1.21121497101737 -99 -99 -99 -99 -0.1173759169301 -99 -99 -99
-99 2.17708490541328 -99 -99 0.661923397553087 -99 -0.248839062851891 2.08832748211355 -99 -99
3.96723259281485 -99 -99 -99 -99 -99 -99 -99 -99 -99
-99 -0.830082233349673 -99 -99 -99 1.57263101144262 1.45385269228231 -99 -99 -99
-99 -99 -99 -99 -99 -99 -1.40296189321114 0.923372460272737 -99 -99
-99 -99 -99 2.28366990263379 -99 -99 -99 -99 -99 -99
-99 -0.835479985532567 -99 -99 -99 -99 0.247790026919561 -99 -99 -0.466777585126491
-99 -99 -99 -99 2.63319259315979 -99 -99 2.10804481106594 -99 -99
-99 -99 -99 0.992279407203838 -99 1.53734072879851 -99 -99 -99 -99
-99 -99 -99 -99 -99 -99 -99 -99 -99 -99
-99 1.29208516199913 -99 -99 -99 -99 -99 -99 0.386932136577283 -99
-99 -99 -99 2.0895337826717 -99 -99 -99 -99 1.32169473453988 2.90947372404185
0.899793456779457 -99 -99 -0.890230123520729 0.977931178852851 -99 -0.770612385685106 -99 -99 -99
-99 -99 -99 -99 0.165575842985695 -99 -99 0.86872728260116 -99 1.46747848691093
-99 -99 -99 -99 -99 -99 3.27519956902795 1.28441143417302 3.61677672353438 -99
-99 1.12165583412989 -0.120615146514161 -99 3.08473501545236 -99 3.06978465531476 -99 -99 -99
-99 -99 -99 -99 -99 3.09024568244655 -99 -99 -99 -99
-99 -99 -99 -99 -99 1.97801496099597 2.06581318254898 -99 -99 -99
-0.283388184286431 -99 -99 -99 -99 -99 0.370418822089531 -0.303694915614888 0.921167364474108 -99
-1.56071408003398 -99 -0.061074332398074 -99 -99 -99 0.643762636933184 -0.134384379203981 -99 1.28495699440044
-99 -99 -99 0.385345765583307 -99 0.289220026141079 -99 1.1562413057945 -99 -99
-99 -99 -99 -99 -99 1.49970383126664 1.46409415392373 -99 1.47987001923162 -99
-99 -99 -99 -99 -99 -99 -99 -99 1.84974062614864 -99
-99 -99 -99 0.0171475399296961 -99 -99 2.99857841529415 -99 -99 -99
-0.628908403299794 -99 0.0798972961126176 0.679417825736401 1.21298213092002 -99 0.328217814166305 0.323536939984131 0.0927415653932377 -99
-99 1.04063205694773 -99 -99 -99 -99 -99 -99 -99 -99
-99 -99 2.08613733686918 -99 -99 -99 -99 -99 -99 2.3603114311963
-99 -99 -99 -99 -99 -99 -99 2.18520690703601 -99 -99
-99 -99 -99 -99 -99 -99 -99 0.402044717614099 1.47133991683634 0.72777425700491
0.696439683806033 -99 -99 1.64146851955191 -99 2.39172243738136 -99 -99 -99 -99
-99 0.938801225943229 -99 -99 -99 -99 -0.822320318312428 -99 -99 -99
-99 -99 -99 -99 -99 -99 -99 1.54160407716507 -99 -99
-99 -99 -0.291920373766519 -0.912356484998637 -99 -99 -3.78641954678643 -1.98713512989133 -99 -0.259317147064493
0.415782098511307 1.64162338576165 -99 -99 -99 -99 -99 -99 -99 -99
-99 -99 -99 -99 -99 -99 -99 -99 -99 -99
-99 -99 -99 2.19828944318544 -99 -99 -99 1.04418583081979 3.55533943975463 -99
-99 -99 -99 -99 -99 3.05361865033351 -99 1.72792829061397 -99 -99
-99 -99 -99 -99 -99 -99 -99 -99 -99 -99
-99 -99 -99 0.859579255098929 -99 -99 -99 -99 -99 -99
-99 -99 -99 -0.320992055101494 -99 -99 0.0107819613979875 -99 0.0987668683691653 -99
-1.57834944930155 -0.681164411495774 -99 -99 -99 -99 -99 -99 -99 -0.251752235726425
-99 -99 -99 -0.519329663815054 -99 -99 0.17054878090071 -99 -99 2.08583566458836
-99 -99 -99 -99 -99 -99 -99 -99 -99 -99
-99 -99 -99 -99 0.121749448656538 1.99117104302124 0.303550993857334 -99 -99 -99
1.48501901310265 -99 -99 -99 -99 -99 -99 -99 -99 0.845913876541816
-99 -99 -99 -99 -99 -99 -99 -99 -99 -99
-99 -0.326258412469339 -99 -99 -99 -99 -99 -99 0.265238625805368 1.09009461153864
-99 -1.21105986559436 -99 -99 -0.0344962769121282 -1.00712054088764 -1.27408376286305 -99 -99 0.327040846948818
-99 0.590599277734057 -99 -1.17972729566952 -99 -99 0.791278970055818 -99 -99 0.986024613002764
-99 -99 -99 -99 -99 -99 1.96104230484133 -99 1.66738450940555 -99
-99 -99 -99 -99 1.71857464653717 -99 2.3769729674663 -99 0.819576977319306 -99
-99 -99 -99 -99 1.28987812594016 -99 -99 -99 -99 -99
-99 3.95722663423162 1.98831717163241 -99 4.22287405111799 -99 -99 -99 -99 -99
-99 -99 1.38406915654651 -99 -99 -99 -99 -99 1.06008195521033 -99
-99 -99 -99 -99 -99 1.38314286070519 -99 -99 -99 0.73930032236273
-99 -99 -99 1.19503930050147 2.30951105562308 3.54732748761114 -99 -99 -99 -99
-99 0.782996813336734 0.713790378855786 1.42923430008103 -1.00303795729605 1.31581642484964 -99 -99 -99 0.158299245127012
-99 -99 3.07757428332889 -99 -99 -99 3.29697456695138 -99 -99 -99
-99 -99 -99 -99 -99 -99 -1.01396420380784 -99 -99 -99
-99 0.621814568960404 1.6114922912133 1.48552630184725 -99 2.40030586356947 -99 -99 -99 -99
1.00036192287114 -0.679296756056581 -99 -2.67148158711834 -99 1.34757160127575 1.34316668264873 -99 -99 -99
-99 -99 -99 -99 -99 -99 -99 -99 1.05936485542486 -99
-99 -99 -99 -99 -99 -99 -0.26895342932421 0.974045988531932 1.55235690844351 1.6425801547068
-99 -99 -99 -99 -99 2.52938112056636 -99 -99 1.56860527259162 -99
-99 -99 -99 -99 1.0226993940918 -99 1.45668189529868 1.44613753595419 -99 -99
-99 -99 -99 -99 -99 -99 -99 -99 -99 -99
0.435462106549752 -99 -99 2.55984193608675 -99 -99 -99 -99 -99 0.803861011936516
-99 -99 -99 1.45268149007783 -99 1.5161567227133 -99 -99 -99 2.38622002060249
-99 2.80616727482759 -99 -99 -99 1.64540194722393 -99 2.5595128198777 -99 -99
1.84513224991199 2.12915927466668 -99 -99 -99 -99 -99 -99 -99 -99
-99 -99 -99 -99 -99 -99 -99 0.294932197228223 -99 -99
-99 -99 -99 -99 -99 -99 -99 -99 -0.194548659850868 1.63370748849462
-99 -99 2.55737446198071 -99 -99 0.463053890645065 -99 -99 0.339454811430996 0.875672415075631
-99 -99 -99 -99 -99 -99 2.91888412530247 -99 -99 0.260286643894384
-99 -99 -0.874940353876296 -99 -99 -99 -2.63327015983686 -99 -2.25155161125053 -99
-99 -0.631941872094265 -99 -99 -99 -99 0.527127036898472 0.255783883011243 -99 -99
-99 -99 -99 -99 -99 -99 -99 -2.68215120749823 -99 1.9337174753851
0.303648054951032 -99 -99 -99 -0.461198986694294 -99 -1.39327209850123 -99 -99 -99
-99 -99 1.08493189873968 -99 -99 -99 -99 -99 0.722302511342215 -99
-99 -99 -99 -99 -99 -99 0.938323366747855 0.135978284790507 -99 -99
0.816648008085522 -99 -99 -99 -0.377836273499669 1.77284632647269 1.61396945822518 -99 -99 -99
0.626233176483004 -99 -99 -99 -99 -99 -99 -99 -99 -0.00463404723729077
-99 1.959062498968 -99 -99 1.40332159164266 -99 -99 -99 -99 -99
-0.490733496673782 -99 0.409099434748427 -99 -99 1.17666407165324 -0.367330725413804 -0.224048625641328 -99 -99
-99 1.52952420847755 -99 -99 0.938240441256798 -99 -99 -99 -0.0470521771559111 0.856284459908497
-99 -99 -99 1.74126012397876 -99 -99 -1.96568851091674 -99 -99 -99
-99 2.90853937556183 -99 -99 -99 0.397671382045657 -99 -99 -99 -99
-99 -99 -99 -99 -99 -99 1.10222935915552 -99 2.4679859464224 -99
-99 -99 -99 -99 -99 -99 -99 -99 -99 -99
-0.505890000147108 -99 -99 -99 -99 -99 -99 -99 -99 0.240431597605712
-99 -99 -99 -99 2.63028135313974 -99 -99 -0.376078380794402 -99 0.892967823771984
-1.42020544817595 0.535881812872569 -99 -99 -99 -99 0.211332943960797 -99 1.23409445131801 0.313337660827425
-99 -99 -99 -99 -99 -99 0.042449928732998 -99 3.18116718212407 -99
-99 -99 0.723004184261788 -99 -99 0.175887162411957 -99 1.05101432817971 -99 -99
-99 -99 2.94867617061499 -0.615931575342204 -99 -0.488992186902755 -99 0.0400131113554533 -99 0.954771720018431
-99 -99 -99 -99 -2.16791642490432 -2.87339297184729 -99 -99 -99 -99
-99 -0.0464113307386369 -99 0.995083640742229 0.74041855765603 -99 0.692037719953839 -99 -99 -99
-99 -99 -99 -99 -99 -99 -1.93418210696792 -1.69849742274856 -99 -99
3.02719018683959 2.58054977071596 -99 -99 -99 2.83041479313547 -99 -99 2.614711839871 -99
-99 2.69686933218145 -99 -99 -99 -99 -99 -99 -99 2.02740294574382
-99 -99 -99 -99 -99 -99 -99 -99 -99 -1.1150763819575
-99 -99 -99 -99 -99 -99 -99 0.948718317418037 -99 -99
0.0379818073155702 -99 -99 -99 -99 1.93183220923246 -99 -99 -99 -99
-99 -99 2.56325077255941 -99 -99 -99 -99 -99 -99 -99
2.39337086990027 -99 -99 -99 0.988751137218768 -99 2.38025331271603 2.51136782210317 -99 -99
-99 -99 -99 -99 -99 1.39533060753451 -99 -99 -99 2.51219108499834
-99 -99 -99 1.23696541829408 0.637924955483154 0.855868983082511 0.46423599340009 -99 -99 -99
-99 -99 -99 0.359067578751238 -0.675933398406516 -99 -99 -99 -99 -99
-99 -99 -99 1.15379127155396 -99 -99 -99 -99 -99 -99
1.52111196973652 -99 -99 -99 -99 -99 3.59713061328604 -99 -99 2.30998489913983
-99 -99 -99 -99 -99 1.80268301880392 -99 -99 -99 0.233812572154557
-99 1.59171050351438 2.94026897817203 -99 -99 2.29588942930632 1.50494079236668 -99 -99 -0.595376475780955
-99 -99 -99 1.29695425761845 -99 -99 -99 -99 -99 -0.0603583289539125
-99 1.62032845387517 3.05140475764662 -99 1.1976617945204 -99 -99 1.37538702461311 3.71954032938894 -99
-99 -0.935743639532873 -99 -99 -99 1.55077389202279 2.04525012377703 0.0267684294525883 -99 -99
0.601475817261905 -99 -99 -99 -99 -99 -99 -99 0.686868244710055 -99
-99 -99 -99 -99 -99 -99 -99 0.820409009022634 0.360376187917823 -99
-99 1.48044264255254 1.30488580804593 -99 -99 -99 0.912885181367008 -99 -99 -99
-99 -99 -99 -99 -99 -99 -1.18861280050216 -99 -99 -99
1.09947377620398 -99 -99 -99 -99 1.3263870247884 2.60914858920866 -99 -99 0.928584208323455
-99 -99 2.44023098877366 -99 -99 -99 -99 -99 -99 -99
-99 -99 0.466584902874389 1.16496839335589 -99 -99 -99 1.96944175363527 1.27352353923091 -99
-99 -99 -99 -99 2.4611720457901 -99 3.61916030300838 -99 -99 -99
1.4496342191791 -99 -99 -99 -99 -99 -99 0.872817402019362 -99 -99
-99 -99 -99 2.14513532826059 1.91225208899258 -99 -99 -99 -99 -99
2.814237048288 -99 2.84632021257345 -99 -99 -99 -99 -99 -99 -99
-0.0185047572600516 -99 -99 -99 -99 -99 0.857184279001622 -99 -99 -99
-0.00614395863206729 -99 -1.29795290079785 -99 -99 -99 -99 -99 1.41901758478719 -99
-99 -99 -99 -99 -99 -99 -99 2.14560309364004 -99 -99
-99 2.80955267330895 -99 1.57619198800427 -99 -99 -99 -99 -99 -99
-99 1.50080716703091 -99 -99 -99 -99 -99 -99 -99 -0.979436812451061
-99 -99 0.999054715498359 -99 0.844799205395914 -99 -99 -99 2.265380733715 -99
-99 -99 -99 -99 -99 -99 -99 -99 0.710761308053224 -99
-99 -99 -2.46986612277631 -1.03320312781753 -99 -99 -99 -99 -99 -99
-99 -1.13210644913929 -99 -0.765293534843139 -99 -99 -0.301348246536437 -99 -99 -99
-99 -99 -99 -99 3.07174857166893 -99 -99 -99 1.95321723661485 -99
-99 -99 -99 -99 -0.0170691714286526 -99 -99 -1.32874149942317 -99 -99
-99 -99 -99 -99 -99 1.74262429981349 -99 -99 1.94874663956018 0.111417257123677
-99 -99 -99 -99 3.46540051481448 -99 -99 2.17803166879326 -99 -99
4.00310332437189 -99 4.17417041955241 2.99118970903827 -99 -99 -99 -99 -99 -99
-99 2.6573343431216 2.31349099473212 -99 -99 -99 2.18069043801802 -99 -99 -99
-99 -99 -99 -99 -99 0.714464385152022 -99 -99 -99 -99
-99 -0.0949303278608864 -0.12932719218482 -99 -99 0.799168600717802 -99 -99 -1.25943309030536 -99
-99 -0.424479286826918 -99 -99 -99 -99 -99 -99 -99 -99
2.60152378629911 -99 -99 1.69804404447319 -99 0.853813309547813 2.03427153721664 -99 1.88548681613431 -99
0.341292375783768 -0.0763938688508032 -99 -0.713055274938138 -99 -99 -99 -99 -99 -99
-99 1.27888067442374 -99 -99 -99 -99 -99 -99 1.94413095210837 -99
-99 -99 -0.0559841350872956 -99 -99 -99 -99 -99 -99 -99
-99 -99 -99 -99 -99 -99 -99 -99 -99 -99
-99 -99 -99 -99 -99 -99 -99 -99 1.8806175705161 -99
1.88833032919443 1.43055936304332 -99 -99 -99 -99 1.72720732110556 -99 -99 -99
1.86762914050443 -99 -99 -99 -99 -99 -99 -99 3.04348898292289 -99
-99 -99 -99 -99 -99 2.51091513656046 -99 -99 -1.02943199427518 -0.677218380533746
-99 2.36885674923562 -99 -99 4.71017841422318 -99 -99 -99 -99 0.557453099001229
-99 -0.326848211850213 -99 -99 -99 -99 -99 2.04721238662249 -99 -99
-99 0.821172940790047 -99 0.54601751802578 -99 -99 -99 -99 1.50857035711139 -99
-99 0.324685337733136 -99 -99 -99 -99 -99 -99 -99 -99
-99 -99 -99 -99 -99 -99 -99 0.898917996303024 -99 -99
-99 -99 1.44683789112391 1.30604781761911 2.13488335786312 -99 -99 -99 -99 -99
-99 1.6989644506876 1.77958153747092 0.685104450492819 -99 -99 -99 -99 -99 1.47226088014879
1.89769549449705 1.81679455528665 0.427512908297695 -99 -99 -99 0.496090608031981 -99 -99 -99
3.71432202462753 4.38632007795311 2.29431653124946 -99 -99 -99 -99 2.49509288556322 3.75506292914202 1.07738277428297
-99 -99 -0.506021237100455 -99 -0.4010903001516 -1.99877967411491 0.0182696817213174 -99 -99 0.515427470391783
-99 -0.148547643760353 -99 -99 -99 1.4644107097571 -99 -99 -99 1.46682519754458
-99 -99 -99 -99 -99 -99 -99 -99 -99 0.550998351796246
4.35306573339408 -0.163281242255286 -99 -99 -99 -99 1.79072885582158 2.08868191804726 0.9665465445865 -99
-99 -99 -99 -99 -99 1.93447123864735 1.6796365183143 -99 -99 -99
-99 0.622079581790242 -99 -99 -99 2.04548271745802 -99 -99 -99 -99
-99 -99 0.454951002273928 -99 -99 -99 -99 -99 -99 1.39858639450202
-99 1.65184106655787 -99 -99 -99 -99 -99 -99 -99 -99
-99 -99 -99 -99 -99 -99 -99 -99 -99 -99
-99 -99 -99 -99 0.448772300544754 -2.0287121206456 -99 -99 -0.747995993553011 -99
-99 -99 -99 1.12457836450147 0.746157329255751 -99 -99 -99 -99 -99
-99 -99 -99 -99 -99 -0.641590540997781 -99 -99 -99 -99
-99 -99 2.76109038040947 -99 2.57341587473739 -99 -99 -99 -99 -99
-99 0.816052425988681 -99 -99 -99 -99 -99 -99 -99 1.81594934691334
-99 0.721818974151984 -99 -99 0.645839507235561 -99 -1.34244621072118 -0.671601318258386 -99 -99
0.353380804590571 -99 -99 2.35357208948987 -99 -99 -99 1.72135467264525 -99 -99
-99 0.11710396071604 -99 1.1421495186883 -99 -99 -99 -99 -99 -99
-99 0.213367386658463 -99 2.16393116339724 -99 0.606283214196929 -99 -99 2.66793361332239 2.27835920435858
-99 -99 -99 -99 -0.638464958631506 -99 -99 -99 -99 1.86563469792456
-99 -99 -99 0.539412678636508 1.6586032417649 -99 -99 -99 -99 -99
-99 -0.677273537157361 -99 -99 -99 -99 -99 -99 0.00485956309048385 -99
-99 -99 -1.73059218134438 -99 -99 -99 1.39749412935165 -99 -99 -99
-99 -99 -99 -1.02755724835254 -99 0.786924717872593 -99 -99 1.50271377501049 1.32453662549437
-99 -99 -99 -1.38981988201189 -1.4916121837936 -99 -0.704808322660113 1.29632504233742 -99 -99
-99 -99 -99 -99 -99 -99 -99 -99 -99 -99
-99 -0.439909227058513 -99 -99 1.22322442175134 2.12211236717924 -99 -99 0.827645792468444 -99
-99 1.23940027821508 -99 -99 2.35069508880609 -99 -99 -99 -99 -99
2.29012558721652 -99 -99 -99 1.56380307718693 -99 -99 -99 -99 -99
0.747193403952664 -99 -99 -0.81039233443686 -99 -99 -99 -99 -99 0.13757984124559
-99 -1.2455595409232 -99 -99 -99 -99 -0.646770304573452 -99 -99 -0.0929180307155058
-99 -99 -99 -99 -99 -99 -99 -99 -99 -99
-99 -99 3.9976671237262 -99 -99 3.10989919944125 -99 -99 -99 -99
-99 -0.0422878617334896 -99 -99 -99 -99 -99 -99 -4.91798265053499 -0.549257219872209
-0.00769859261575423 -99 -99 -0.00837584891827436 -99 -0.0102653243677875 -99 -99 -0.442470914336431 -99
-99 -99 0.29057235624023 0.127029982246325 -0.376195413637322 1.4100971134436 -99 -99 -99 -99
-99 -99 -99 -99 -99 -99 -99 -99 -99 -99
-99 0.00146568898484301 2.41507877708731 -99 -99 2.45189464409556 -99 -0.916338589255738 -99 -99
-99 0.0636520892545406 -99 -0.0920376846092033 -99 -99 -99 -99 -99 -1.06298568394136
-99 -99 -99 -99 -99 -99 2.20847413803753 -99 -99 -99
-99 -99 -99 -99 -99 -99 -99 -99 -99 -99
-99 -99 1.58560960163725 0.822462153013485 -99 -99 -99 -99 -99 1.16817561239145
-99 -99 2.30084683919965 -99 -99 1.83758376527133 -99 -99 -99 -99
-1.15355123250767 -99 -99 -99 -99 -99 -99 -99 -99 -1.42413677517535
-99 1.50365200543868 -99 0.261163685889589 -99 -99 -99 -99 -99 -99
-99 -99 -99 -99 -99 -99 -99 1.0061367229869 -99 -99
-99 1.40007729567314 -99 -99 -99 -99 5.11431961600729 -99 -99 -99
-99 1.88256460480296 -99 -99 -99 -99 -99 -99 -99 1.36067410589237
-99 -99 -0.627300290137121 -99 -99 -99 -99 0.120885403275967 -99 0.482056942877052
-99 -99 2.91701074331818 -99 -99 -99 -99 -99 -99 -99
-99 -99 1.26248052441653 -99 -99 1.45904991033436 -99 -99 -99 -99
-99 -0.0686205047827309 -99 -99 -99 2.30884208172902 -99 1.0531935009227 -99 -99
-99 -99 -99 -99 1.39268082693531 -99 -99 -99 -99 1.0390672018617
-99 2.67218155034733 -99 1.3592696105616 0.936286377301482 -99 -99 -99 2.00845471796084 -99
3.40958600936612 -99 -99 2.70774834723052 -99 -99 -99 1.75133289899716 -99 1.04790434118952
-99 -99 2.37849128591976 -99 2.02207868818439 -0.0271141558431869 1.04774156324333 0.214398101402145 -99 -99
-99 -99 -99 4.5191435400267 1.78605106411221 -99 -99 -99 -99 2.53472577632453
-99 -99 -99 -99 -99 -99 -99 1.34960835278565 0.783906827833049 -99
0.149726592440871 -1.2526558203177 -99 -99 -0.509087012167395 0.605335854509645 -99 -99 -99 -99
-99 -99 -99 -99 -99 -99 -99 -99 0.945185528806441 3.44634840854396
-99 -99 -99 -99 0.458940708853427 -99 -0.702224358814952 -99 -99 -99
0.547474235056807 -99 -99 -99 -99 -99 -99 -1.39527795248467 -99 -99
-0.214151868645543 -99 -1.56745860956256 -0.216828877445623 -99 -0.323086542065997 -99 -99 -0.117135021968318 -99
-99 -99 -0.64416263854175 -99 -99 -99 -99 -99 1.58429567036581 -99
-99 -99 -99 -99 -99 -99 -99 -99 -99 -99
1.52193501280751 -99 -99 -99 -99 -99 -99 -99 -99 -99
0.101164789452258 -99 -99 -99 -99 1.28225201304805 -99 -99 -99 -99
1.04801210716296 -99 -99 2.33290935319711 -99 -0.889846747476703 2.1818502550359 -99 -99 -99
-99 -99 -99 -99 -99 -99 1.30667839163048 -99 -99 -99
-99 -99 -99 -99 -99 -99 -99 -99 -99 -99
-99 3.41007105986715 -99 -99 1.42811027568456 -99 -99 -99 0.587784983169281 -99
-99 -99 -99 -99 -99 -99 -99 -99 0.88003203016526 -99
-99 -1.02517163518465 -0.166886742393987 -99 -1.97384087539006 -99 -99 -99 -0.525274405867108 0.542724297057348
1.27748017793379 0.828770556475011 -99 -0.912288798280493 -99 -99 -99 -99 0.0239128159522506 -99
-99 -99 -99 -99 0.716073318185643 -99 -99 -99 -99 -99
-0.781918411354633 1.18619865759696 -99 -0.422595778603401 -99 -99 -99 1.01160283773073 -99 -99
-0.336929541525931 -2.41657895595194 -99 -0.816156093716411 -99 -99 -99 -99 -99 -99
0.897914849633825 0.306699168139989 0.866737468448736 -99 -99 -99 -99 -99 -99 -99
-1.75410373055711 -99 -99 -99 -99 -99 -99 -99 -99 -99
-99 -99 -99 -99 -99 -99 -99 -99 -99 -99
-99 3.4558751323526 1.94258239623611 -99 0.654804554340414 -99 -99 4.02538183903014 -99 -99
-99 3.27461575772002 -99 -99 -99 -99 -99 -99 -99 2.46490995124011
1.45139634858297 -99 0.580353867060846 -99 -99 -99 -99 -99 0.514115917086008 -99
-99 0.370039844904458 -99 -0.64677752665557 -99 -99 -99 -99 -99 -99
-99 0.39495996939073 -2.69880204503611 -99 0.613788330128388 -99 -0.825768129999584 -99 -99 -0.533231616158835
-99 -99 1.46094419791924 -99 -99 2.0851893561243 -99 -99 -99 -99
-99 4.15443094917419 -99 -99 -99 -99 -99 -99 -99 -99
-99 -99 -99 -99 -99 -99 -99 -99 -99 -99
-99 -99 -99 -99 -99 1.98011464152557 -0.0832579391557384 0.272307707579428 -99 -99
2.41182242526816 -99 -1.06395226973737 0.469968784309162 -99 -99 -99 -99 -0.400583094789355 -99
1.42763086189953 2.86569052284187 0.616990159657376 -99 -99 -99 1.66413998895398 0.751327841157114 0.472571131758392 -99
-99 2.08790822304917 1.85640683650739 -99 -99 -99 -99 0.468348476642419 -99 2.62057925132735
-99 -99 -99 1.72644773811399 -99 -99 -99 -0.475694921908458 -99 -99
-99 -99 1.24415471938157 -99 -99 1.24187496757774 -99 1.89628514404679 -99 -99
-99 -99 -99 0.978380331909992 -99 -99 1.66189895191744 3.65422120276769 -99 -99
-1.21638396282815 -99 1.06810499200283 -99 -99 0.480406737614779 -99 -99 0.174315521248848 -99
-99 -99 0.952311503500451 -99 -99 -99 -99 2.20857927237427 1.84346597949698 0.790883656939171
-99 -99 -99 -99 2.30751336517404 -99 -99 -99 -99 -99
-99 -99 -99 -0.509720592929114 0.141283384900771 -99 -99 -99 -99 -99
-99 -0.187236235391533 -99 0.637083697926646 -99 -99 -99 -99 -99 2.16291626435103
-99 -99 -99 -99 -99 -99 -99 -99 -99 -99
-99 -99 0.345554579979006 -99 -99 -99 -99 -99 -99 -99
-99 -99 -99 -99 -99 -99 -99 -99 2.06745970538913 -99
-1.65892419200111 -99 -99 -99 -99 0.17732476652287 -99 -99 -99 -99
1.98635921380752 -99 -99 -99 -99 4.46323670143356 -99 -99 -99 -99
-1.6444479720449 -99 -99 -99 -99 -99 -99 -99 -1.62531396779303 -99
2.19716109304988 -99 -99 -99 2.03567119564631 -99 -99 -99 2.25397692334255 3.79528842972786
-99 -99 -99 -99 -99 1.17727043852871 -99 -99 -99 1.32975290286745
-99 -99 -99 -99 1.38102799145408 2.08877497057966 -99 -99 3.25454651927844 -99
-99 0.421487988234735 -99 -99 2.26431561661527 -99 -99 -99 -99 -0.521025661887115
-99 -99 -99 -99 -99 0.33030895847198 -99 -99 0.481743947742623 -99
-99 -99 -99 -99 -99 -99 -99 -99 -99 -99
4.125190591422 -99 2.70361892050022 -99 3.16182132339631 -99 -99 -99 3.01989318985668 -99
-99 -0.277308624754957 -99 -99 -99 -99 -2.29693038419817 0.401030219660274 -0.979560280871787 0.106620171858162
-0.613772840532305 -99 -99 -99 -0.448888378196506 -99 -99 -99 -99 -99
0.0847363276148664 -99 -99 3.02379871864812 -99 -99 -99 -99 -99 -99
-99 0.13825193981807 -99 -99 -99 -0.529969961900027 1.5775315581355 -99 1.04459466539219 -99
-99 1.01747394092663 -99 -99 -0.145495703998108 -1.73570120048207 -99 0.858650873308538 -99 -99
-99 1.45207909431032 -99 1.8937205794122 -99 -99 -99 -99 0.534308711734241 -99
0.659313939353931 -99 -99 -0.166963288446066 -99 0.759696773163863 -99 -99 -99 -99
-99 1.46999523035145 -99 -99 -0.590657130482048 -99 1.54556621827446 -99 -99 2.83889516917571
-99 -99 -99 -99 -99 -99 -99 -99 -99 3.17528538299179
-99 2.48519704715284 2.14830880561776 -99 -99 -99 -99 1.80450225595304 -99 2.56132444079914
-99 -99 -99 -99 -0.293258693228138 -99 -99 -1.16307662254232 -99 -99
-99 -99 -99 -99 -99 -99 -99 -99 1.22390423819786 -99
-99 0.0392544577412623 -99 -99 1.74413627317695 -99 -99 -99 -99 -99
1.46484899237669 -99 -99 -99 -99 -99 -99 -99 -0.605857433055832 -99
-99 -99 -99 -99 -99 0.997043139442284 2.37431780983479 -99 1.8106241363377 -99
-99 -99 -99 -99 -99 -99 -99 -99 -99 -99
-99 3.47673660241353 -99 0.771141869186304 2.96800624074434 0.0801460296021523 2.10623547169957 -99 -99 2.03203915419173
1.29361174798326 -99 -99 0.109031818426896 -99 1.63045962196554 -99 -99 -99 -99
-99 -99 -99 -99 -99 1.28745401364522 -99 3.75131429439237 -99 -99
-99 1.01993994829635 1.53329028860503 -99 -99 -99 -99 -99 -99 -99
2.4701835965045 1.55658860106493 -99 -99 -99 0.69571962366846 -99 2.67788379779757 -99 -99
-99 3.03828190393151 -99 -99 0.779150335455582 -99 -99 -99 1.69767763256877 -99
-99 -99 -1.6412431157947 -99 -99 -99 -99 0.326204448036238 0.390177671507317 -99
-99 -99 -99 -99 -99 -99 -99 2.08823088546086 2.78827805086603 3.02938971465403
-99 -99 -99 -99 -99 -99 -99 -99 -0.679586236709874 3.27211989063984
-99 -99 -99 -99 -99 -99 -99 -0.0948539131399884 -99 -1.38179073526298
-99 -99 -99 -99 -99 -99 -99 -99 -99 -99
-99 -99 0.238098002780864 -99 -99 -99 -99 -0.491319285028891 1.58331274008539 -99
-99 -99 -99 -99 2.22478665702272 -1.10719211862541 -99 3.17235472970432 -99 -99
-99 -99 -99 -99 -99 -99 0.298886502335897 -99 1.86856938356175 -99
-99 -99 -99 -99 -99 -99 -99 -99 -99 -0.122282440132564
-99 -99 -0.555713884397823 -1.12047600626917 -99 -99 -99 -99 -99 -99
0.875414850819049 -99 -99 -99 -99 0.772396763327907 -99 -99 -99 -99
-99 -99 -99 -99 -99 -99 -99 -99 -99 -0.760590599687113
-99 -99 -99 -99 -99 2.11913306263423 -99 1.07040964612139 -99 -99
-99 -99 -99 -99 1.99808175267581 -99 -99 -99 1.63304203507972 -99
-99 -99 -99 -99 -1.76388157106278 1.53931583824271 -99 -99 -99 -99
-99 1.54319788723118 -99 -99 -99 -99 -99 -99 -99 -99
-99 -99 -99 -99 -99 1.03950731722373 -99 -99 0.882753340151766 -0.045612866309628
-99 -99 -99 -99 2.41971313019269 0.386160014724122 1.72168128953539 -99 -99 -99
-99 -99 -99 -99 -99 -99 -99 -99 2.79521076867077 3.26456463200436
-99 0.429084193021049 -99 -99 -99 -99 2.3440116394819 -99 -99 -99
-99 -99 -99 -99 -99 -99 -99 0.932713670047793 -99 -99
1.57990780473313 -99 1.87859277637054 -99 -99 -99 0.681933307274563 -99 1.00950089242621 -99
-0.422425013863742 -99 -0.840171551969273 -0.288372877429593 -99 -99 -99 -99 -99 -99
-99 -99 -99 3.40065652816495 -99 -99 -99 -99 -99 3.87656359628133
-99 -99 -0.0648614816761814 -2.59539245206557 -99 -99 0.321686742973772 -99 -99 -99
0.411314917199756 -99 -99 -99 -99 -99 -99 -0.7115964450446 -99 0.139564139341764
0.578791154533547 -99 -99 -99 -99 -99 -99 -99 -99 -99
-99 -99 1.27971859075907 -99 -0.35739534841881 -99 -99 -99 0.416302052490426 0.490169247817236
-99 -99 -99 1.39145644648739 -99 -99 -99 3.57565082641444 -99 -99
-99 -99 -1.04632853398689 -99 -0.0127580825347278 -99 -99 -99 0.324555239895379 -99
-99 -99 -99 -0.531750686760613 -99 -99 -99 -99 -0.655193595887797 -99
-99 -99 -99 -99 -99 -99 -0.624738961934981 -99 -99 -99
-99 -99 -99 -99 -99 -99 -99 -99 -99 -99
-99 -99 -2.1377977198416 -3.31855224615569 -99 -0.893572687951531 -99 -99 -99 -99
-99 -99 -99 3.14251889562637 -99 -99 -99 -99 -99 -99
-99 -99 -99 -99 -99 -99 -99 -99 1.09530143043121 -0.482492361137692
-99 -99 1.30206366005758 -99 1.54413402570585 -99 1.84169380652164 -99 -99 2.07586895905983
-99 -99 1.87089961674516 -99 1.39811774920708 -99 -99 -99 -99 -99
-99 -99 -99 -99 -99 -99 0.391326745362239 -99 1.48234936965121 -99
-0.452795999146674 1.0819479777318 -99 -99 -99 -99 -99 -99 -99 -99
-99 3.7031127617679 -99 -99 -99 -99 -99 -99 3.2287377798367 -99
-99 -99 -99 -99 -99 0.904602745712663 -99 1.22534090478726 -99 -99
-1.52616946682712 -99 -99 -99 -99 -1.12767852282399 -2.12287051500431 -99 -99 -99
-99 0.416376335901642 -99 -99 -99 -99 -99 -99 -99 -99
-99 -99 -99 -99 -99 -99 -99 -99 -99 -99
2.96441963836621 2.28997711742373 -99 -99 -99 -99 -99 -99 -99 1.02873347489249
-99 -99 -99 -1.81718830947323 -99 -99 -99 -99 -99 -99
1.37172557034629 -99 -99 3.5186560090781 -99 -99 2.85557076795722 -99 -99 -99
-99 -99 -0.190682592465224 -99 -1.04241520833598 -99 -99 -99 -1.31987056911198 -99
1.65519201519317 1.49322095049382 -99 -99 -99 -99 -99 3.30480878400357 -99 -99
-99 -99 -99 -99 -99 -99 -99 -99 -0.308607539030961 -99
-99 0.443571038144732 -99 -99 -99 -99 2.47682939056894 -99 -99 -99
1.45993703914356 -99 -99 -99 2.73932319309853 -99 -99 1.54912290960882 -99 -99
-99 -99 -99 -99 -99 -99 -99 -1.35195941516297 -0.396575900735247 -99
-1.58459655601204 -0.925699197675397 -99 -99 -99 -99 -99 -99 -0.890187504536523 -99
-99 -99 -99 1.17015028935943 -99 -99 0.700808466924441 -99 0.694810495399623 -99
1.66090217508311 -99 -99 1.83461554522074 -99 1.09924586581343 -99 1.59399858356948 0.60389345593371 -99
1.44631565429271 -99 -99 -99 2.13274375654907 -99 -99 -99 -99 0.830822357270837
-99 -99 -99 1.43335139830979 -99 -99 0.547245006102938 -99 -99 -99
-99 0.97856077046418 -0.399807776654182 -0.296445848137406 -99 -99 0.580670839214861 -99 -99 -99
-0.46721925765972 -99 1.17892058424571 -99 0.245271264652628 -0.67494456428817 -99 -99 -99 -99
0.829353509809752 -99 -99 2.22067302151888 -99 -99 -99 -99 2.95560340008158 -99
-99 -99 -99 -99 -99 -99 -99 -0.91213331710799 -99 1.02234614337782
-99 -99 -99 -99 -99 -99 -99 -99 2.44404153795636 -99
0.63422067589435 -99 -99 2.00727954751228 -99 -99 -99 -0.838078737011565 -99 -0.966416175585734
-99 -99 0.0418992894721569 -99 -99 -99 -99 0.362825689861379 0.671084511142915 -99
-99 2.96706294078649 -99 0.702544762525748 3.49328899895391 -99 1.14230519342446 -99 -99 1.31416020859436
-99 -99 -99 1.21401394186404 -99 -99 -99 -99 2.03089578277269 -99
-99 -99 0.268276301062433 -99 -99 -99 -99 -99 -99 -99
-99 0.417897922613562 -99 -99 -99 1.2678316290921 0.986357200552623 -99 1.7346054782897 -99
-99 1.92646307919358 0.901599556128901 -99 1.32763564281568 0.940881807774037 -99 -99 -99 -99
-99 -99 -99 -99 2.37460421922464 -99 -99 -99 -99 -99
-99 2.39231232366926 -99 -99 -99 -99 -99 1.70108044785934 -99 2.73273503521323
3.12351129943612 -99 2.00772262362286 2.61030410541674 -99 -99 -99 -99 0.35509181512963 -99
-99 -99 -99 -99 -99 1.53881836860978 -99 -99 -99 1.9852698290079
-99 -99 -99 0.550594894753865 0.592836721968396 -99 -99 -99 -99 -99
-99 2.57202135656532 -99 2.34260020280412 2.32316401148061 -99 -99 -99 -99 -99
-99 -99 -99 -99 -99 -99 -99 1.96055278288759 -99 1.00041374376668
0.966250255655113 -99 -99 -99 0.0552742847181628 0.071416307881945 -99 -99 -99 -99
-99 -99 -99 -99 -99 -99 -99 -1.36285776455745 -99 -99
-99 -99 2.31819810549713 -99 -99 -99 -99 -99 -99 -99
-99 -99 -99 1.70636142530488 -99 -99 -99 -99 -99 3.32163587108736
1.15343622309493 0.938835738803924 0.55032254036989 -0.112756178430113 1.52386272661183 -99 1.35871012620949 -99 -99 -99
1.51009278228386 -99 -99 1.31963671846504 -99 -99 -99 -99 1.21920538980654 0.801553395325518
-99 -99 -99 -99 -99 1.47038145716639 0.442836849505739 -99 -99 -99
-99 -99 -99 0.217863656308214 -99 -99 -1.2891905115957 -99 -99 -99
0.955897425288921 -99 1.48221561107669 -99 -99 -99 -99 -99 -99 -99
-99 -99 -99 -99 1.20699753121254 -99 1.12074477502245 0.335239241904345 -99 -99
-99 -99 -99 1.08178435486642 2.09704273702917 0.637482393085751 2.053765459106 1.55053235679302 1.37472055431454 -99
-99 -99 -99 -99 -99 -99 -99 -99 -99 -0.785048581319771
-99 -99 -99 -99 1.59465060898475 -99 -99 -99 -99 -99
-99 -99 0.977565215960722 -99 -99 -99 0.228808402482768 -99 -99 -99
-99 -99 1.77960765553671 2.83481313052041 -99 2.16294245126167 -99 -99 -99 -99
-99 -99 -99 -99 -99 -99 -99 -0.321118561724197 -99 -99
-99 -99 0.271822919331045 -99 -99 -99 -99 -99 -99 -99
-99 -99 -99 -99 2.30235463494314 -99 -99 2.57442896218704 -99 -99
-99 -99 -99 -99 -99 -99 -99 -99 -99 1.96915108932908
-99 -0.611331377955299 -0.790774357481701 -99 -99 -99 0.16293767304593 -99 -99 -99
1.86418376885917 1.88604216419844 -99 -99 -99 -99 -99 -99 -99 -99
-99 -0.0739139813424274 -99 -99 -99 -99 -99 -99 0.843768802467309 0.394630846300212
-99 -99 -99 0.956347526788034 -1.54822931633679 -99 -99 -0.946952094753481 -99 -99
0.818839488744595 -99 1.51065757284436 -99 -99 2.35703908552258 1.12838688024718 -99 -99 -99
-99 -99 -99 0.137951969712577 -99 -99 -99 -99 -99 -99
-99 -99 -99 -1.0332720750288 -99 -99 -99 -1.05088614065282 -99 -99
-99 -99 -99 -99 -99 -99 -0.952245319366725 -99 -99 -99
0.880728705625553 -99 0.264002095965371 -99 -99 -99 2.35852428588269 -0.0932566315779737 -0.399260399170017 -99
1.53837683432787 -99 2.73495451377824 5.17835875138062 1.81031692187767 -99 -99 2.99269247428261 2.86525262417246 -99
-99 3.09981350093634 -99 2.14481973623001 2.4487824656535 -99 2.00010144691432 -99 -99 -99
-99 -99 -99 -99 0.231172422740074 -99 -99 2.68849463127805 -99 -99
-99 -99 -99 -99 1.47561594843497 -99 -99 -99 -99 -99
1.24470084917021 -99 -99 -99 -99 -99 -99 -99 -1.11556537802726 -99
1.78600981896196 -99 -99 -1.05178787182004 -99 -99 -99 -99 -99 -99
-99 -99 -99 0.263638442262881 -99 -99 -99 -99 -99 1.40276567652855
-99 -99 -99 -99 -99 -99 -99 -99 -99 1.81070431100756
-99 -99 -99 -99 -99 1.11451837188871 -99 -99 -0.750592887025373 -1.32599987727368
0.835378587144857 -99 -99 -99 -99 -99 1.40344475773609 -99 -99 2.00799334660063
0.446285389681019 -0.171634306848212 -99 1.58727907622837 -99 -99 -99 -99 -99 -99
-99 -99 -99 2.41885149815862 -99 -99 -99 -99 -99 -99
2.95600132244306 -99 2.51127172944845 2.19607885243835 -99 -99 -99 2.67816862671221 -99 -99
-99 0.51555521982636 -99 -99 -0.524999459140002 -99 -99 -0.111676596584595 -99 -99
-1.40223171888202 -1.59442657334662 -99 -2.7216921660484 -99 -1.61858027399867 -99 -3.06511536329814 -1.2902331889862 -99
-99 -99 -99 -99 -99 -99 1.40447157111107 -0.436203567568202 -99 1.27324951039697
-99 -99 -99 -99 -99 -99 -99 -99 3.43497024550698 -99
-99 -99 -99 -99 0.601945547372768 1.06953652196909 -99 -99 -99 -99
-99 -99 -99 -99 -99 1.19050987577607 -99 -99 -99 -99
-99 -99 -99 -99 -99 -0.574676956143711 -0.806430397299608 1.03652750862872 -99 -99
2.06500637726765 -99 2.27693685479039 1.81292554136035 -99 -99 -99 -99 -99 0.563524700930386
-99 1.98053653024045 -99 1.28803276452294 1.53073104742463 -99 -99 -99 -99 -99
-99 -99 -99 -99 0.356927856613321 1.85027654900064 -99 0.53824230605369 -99 -99
-99 2.09804976238337 -99 -99 3.24482007909736 -99 -99 3.33645794155492 -99 -99
0.392846196809809 -99 -99 -99 -99 1.87806100115891 -99 1.81950035704169 -99 -99
-99 -1.12135962972206 0.44980243874905 -99 -99 -0.559905242851385 -99 -99 -99 -99
-99 -99 -99 -99 -0.187945578245368 -99 -99 -99 -99 -99
-99 -99 -99 -99 -99 -99 -99 -99 -99 -99
-99 -99 -99 -99 -99 -99 -99 -99 -99 -99
-99 -0.197217418397678 -99 0.194758888383912 -99 -99 -99 1.57224252215472 1.23584883600557 -99
-99 -99 -99 2.75880382695122 -99 -99 -99 -99 -99 -99
-99 -99 -99 2.63660489148566 -99 -99 -99 -99 -99 -99
-99 1.07851685400071 -99 -99 -99 1.24256873008157 -99 -99 -99 -99
1.85256554275389 -99 -99 -1.28542563681372 -99 -99 0.503622890062811 -99 -0.179446049177998 -99
-99 2.39845791943989 0.388771599330608 -99 1.45245563616667 1.41871918943367 -99 0.951924786826533 -99 -99
-99 -99 -99 -99 -99 -99 -99 1.63418206841142 -0.0121226372307404 -99
-99 1.61601613645645 -99 -99 -99 -99 -99 -99 -99 -99
2.60809943551794 0.466931427640428 -99 -99 -99 -99 -99 2.56009260475824 -99 -99
-99 1.69420717096213 -0.0847168998289785 -99 0.254230462309316 0.685925251195884 1.68570061907883 -99 -99 -99
-99 1.78205181173034 -99 0.561433989865983 -99 -99 -99 1.67929676677184 -99 -99
-99 -99 -99 -99 1.06476618874364 -99 -99 -99 -99 0.722632373456325
2.04561597698459 -99 -99 -99 -99 -99 -99 -99 2.05302349909307 -99
-99 -99 3.82981684810721 0.688540118302687 -99 -0.323126112866416 1.40362309328155 -99 -99 -99
1.14531954158943 -99 -99 -99 -99 -99 -99 -99 1.97031949202452 -99
-99 -99 -99 -99 -99 -99 -99 -99 -99 -99
2.50478879410428 -99 -99 -99 -99 1.83562543486055 -99 0.096973292411568 -99 1.66597025381221
-99 -99 -99 -99 -99 0.925157577529561 1.40236715618799 -99 3.70030079562249 -99
-99 -99 -99 -99 -99 -99 1.81418087073122 -99 -99 -99
3.07711322078092 1.87972077020034 -99 2.11113394717141 2.71123303150602 0.751370383962458 -99 -99 2.84758475728543 -99
-99 -99 2.80860653066954 2.71344858968589 -99 -99 -99 -99 -99 -99
-99 -99 -99 -99 -99 2.37680739032301 -99 -99 -99 -99
-99 -99 -99 -99 3.6137188858985 -99 1.2887079893628 -99 -99 -99
-99 -0.249431441961653 -99 -99 -99 1.74761538654006 4.30963807040178 -99 -99 -99
-99 -99 -0.0810263266427191 -99 -0.232759117597888 0.123086874572906 -99 -99 -99 -99
0.227279666181113 -99 -99 -99 -99 -99 -99 1.36432131323024 -99 -99
-99 -99 -99 -99 -99 -99 -99 -99 -99 -99
0.293400881530687 1.98284641576429 -99 -99 -99 -99 -0.56570181400221 -99 -99 -99
-99 1.98937501176986 0.547271538272874 -99 -99 -99 -0.788388665810343 1.9794468487634 -99 -99
1.74091738805531 -99 -99 -99 -99 -99 1.37046469088885 -99 -99 -99
-99 -99 -99 -99 -99 1.47009042064906 -99 -99 -99 -99
-99 2.59051500990733 1.0542409906836 -99 -99 -99 -99 -99 -99 -99
2.33942480229965 2.79714542324763 3.29246602867235 1.40878507665952 -99 -99 -99 0.921096055859518 -99 -99
2.85255240478373 1.07069664390862 -99 -99 -99 -99 -99 -99 1.67900279472638 2.21007244688551
-99 -99 -99 0.245846745635635 -99 -0.378075328136762 1.84917169091415 -99 -99 -99
-99 -99 1.92763169957468 -99 2.10040469619132 -99 -99 -99 -99 -99
-99 1.44415151764927 -99 -99 -99 -99 -99 -99 -99 -99
-99 -99 2.00248494901397 -99 -99 -99 1.20990433186584 -0.110946772647337 -99 -99
-99 2.06819153943178 -99 -99 -0.415601526934732 2.08059724894782 -99 -99 -99 -99
-99 0.876175305654679 -99 -99 -99 -99 -99 -99 -99 -99
-99 -99 -99 -99 -0.389591933543223 -99 -99 -99 -99 -1.63465809047404
3.633358489551 -99 2.90669603905011 -99 4.15081757202854 -99 -99 -99 -99 -99
2.10917659683505 -99 -99 -99 -99 -99 -99 2.45480845863239 1.2016923422905 -99
3.14885457028505 -99 2.80799551771914 -99 -99 1.49573115273434 1.97797382385001 -99 -99 -99
1.76780416298635 -99 -99 2.46678700506353 -99 -99 -99 -99 -99 -99
-99 -99 -99 -99 0.671763584332516 -99 -99 -99 -99 -99
-99 -99 3.10112656184633 -99 -99 -99 -99 4.82914189099785 -99 -0.600744796476832
0.963004215386382 0.320240375317831 2.16593164363475 -99 -99 -99 1.54841300707149 -99 -99 -0.796553099421467
-0.785604349121206 -99 -99 -99 -99 -99 -99 -99 -99 -99
-0.428053311562286 -1.02008502500503 -2.5002456379208 -99 -99 -1.93773356436625 -99 -99 0.0474413628622182 -99
0.011336670264137 -99 -99 -99 -99 -99 3.99718176551847 -99 -99 -99
-99 -99 -99 -99 -99 1.39820933482856 2.28443227402418 -99 -99 -99
-99 -99 -99 1.11459668843876 -99 -99 -99 0.431715149274877 0.273731976921688 -99
-0.887709795900939 -0.569970007979276 -99 -99 0.267450285040852 -1.27419571059391 3.23211421704675 -99 -99 -99
-99 -99 1.34075700577695 -99 -99 -99 -99 -99 -1.27172246186594 -99
-99 -99 -99 -0.83371012838625 -0.443261541322851 -99 -99 -99 1.35766043233126 -99
-99 -99 -99 1.69124266898125 0.798816656522545 -99 1.75444474433024 2.09606852142918 -99 -99
-99 -99 -99 -99 -99 2.70290459224786 -99 -99 -99 -99
-99 -99 1.4517614600156 1.48001823480614 -99 -99 2.75056145720201 -99 -99 -99
-99 -0.854605206306899 -2.0999518285132 -99 -0.615772754358113 -99 0.833144908903256 -99 -99 -1.91934579672825
-99 -99 -99 -99 3.28928019429179 -99 -99 -1.06758890572253 -99 0.112969540531836
-99 -99 -99 -0.61074737448004 -99 -99 -99 -99 -99 -99
-99 -99 -99 -99 -99 -99 -99 -99 -99 0.332495040180606
-99 2.8291569897191 -99 -99 -99 -99 3.56191909367742 3.88955427165712 -99 -99
0.553590786225266 -99 -99 -99 3.02285739767398 -99 -99 -99 0.335950299024981 -99
1.10195282168329 -99 -99 -99 -99 -99 -99 -99 -99 -99
-99 2.42137813066474 0.653533704419962 2.44734002105301 2.21789363153438 -99 -99 -99 1.44360143732017 0.842545973502731
0.847743852809119 -99 -99 -99 -99 -99 -99 2.76362410458217 -99 2.74856278947362
-99 0.186953625064484 -99 -99 -99 -99 -99 0.150990653456785 2.63286429672469 -99
-99 -99 -99 2.36206629692276 -99 -99 -99 -99 -99 -99
-99 -99 -99 -99 -99 -99 -99 -99 3.02262392806796 -99
-99 -99 -99 0.762714464307306 -99 -99 -99 -99 -99 0.0348707493136359
-99 -99 -99 -99 -99 -99 1.57069940481019 3.65869273909035 1.79396354544883 -99
-99 -99 -0.0647786880670476 -99 -99 -0.92300237416248 -99 -99 -99 -99
-99 -99 2.1619594652023 -99 -99 -99 -99 -99 -99 -99
-99 0.776014019329871 -99 -99 -99 -99 -99 -99 -99 -99
0.908259814791961 -99 1.88305069936103 -99 -99 -99 -99 0.604799618006387 -99 -99
-99 -99 -99 1.41372604826579 -99 -99 -99 -99 -99 -99
-99 -99 -99 -99 -99 -1.57880495511466 1.51198407335608 -99 2.06728214137034 0.00744776440315209
-99 -99 -99 1.864711799372 -99 -99 -99 1.96726634188472 -99 0.167333483346709
-99 1.88944559971163 1.92400238107554 -99 0.137275154724286 -99 -99 -99 -99 0.551480081206486
-99 -99 -99 3.49759288509364 -99 -99 -99 -99 -99 -99
1.01859204731351 -99 -99 1.14584778110263 -99 -99 -99 -99 -99 1.56115092939189
-99 -99 -99 -0.14388494943788 -99 -99 -99 -99 -99 -99
-99 -99 -1.37628122913158 -99 -99 -99 -99 -99 -99 -99
-99 0.769138546205903 -99 -99 -99 -99 -99 -99 -0.21483022665074 1.60820143934189
-99 3.57441730376009 -99 -99 -99 -99 -99 -99 -99 -99
-99 -99 1.5832100413645 -99 -99 -99 -99 -99 -99 -99
-99 1.83605636726531 -99 -99 -99 -99 3.47293031336332 -99 -99 0.705102109918049
-99 -1.28169085502548 -3.09842151101614 -99 -99 -0.976304158002352 -0.468964023093034 -99 -1.49462092293847 -99
0.766010383606633 -99 1.64135823664846 -99 -99 1.34919183731124 -99 -99 -99 1.92891547435197
1.11908677733901 -99 -99 1.55702866322612 -99 -99 -99 -99 2.26645158432834 -99
-99 -99 -99 -99 1.81431182878876 -99 -99 -99 -99 -0.507828239369662
-99 -99 2.72222426967205 -99 -99 -99 -99 -99 -99 4.00504636751235
-99 -99 2.53987246507732 -99 2.61339578589154 -99 -99 2.16090083813556 3.21575816993023 -99
1.78414334675682 1.37788756705646 -99 -99 1.40287730501193 -99 -99 -99 0.0895819238566983 -0.510727061098653
-99 0.953418295633676 -99 2.82007276915266 -99 -99 -99 -99 -99 -99
-99 -99 0.215231580985124 -99 -99 -99 -1.59682372660947 -99 1.05760814620015 -1.52099347291095
-99 -99 -99 -99 -99 -99 1.13255226705071 -99 -99 -99
1.93901252212628 -99 -99 2.24115427306779 1.05384364212288 -99 2.33613451709327 -99 1.80321358550957 2.23443012743149
0.644256693472076 -99 1.04168408969427 -99 -99 -99 2.60054790933096 1.53757496389376 -99 -99
-99 -99 -99 -99 -99 -99 1.47609257802811 1.04467400532459 -99 -99
1.00648890888314 -99 -0.401850410747407 -0.06029632662725 -99 -0.596333003790082 -99 -99 -99 0.592203049382052
-99 -99 -99 -99 -99 -99 1.58473015335793 0.690844079890663 -99 2.13397828450917
-99 -99 -99 1.49104947500752 -99 -99 0.996021226084863 -99 -0.553263815507896 -99
-99 -99 -99 0.687197791313294 -99 -99 -99 -99 -99 -99
-99 -99 -1.04513858130385 -99 -99 -99 -99 -99 -99 -99
-99 -99 -99 1.58520877380504 -99 -99 -99 -99 2.59096173353762 -99
-99 -99 -99 -99 2.07759201735221 5.35150491530641 -99 -99 -99 0.843806981641626
-99 -99 1.94530797959743 0.185477732312996 -99 -99 -99 -99 -99 -99
-99 -99 1.1980861750801 -99 1.59062681397483 -99 -99 -99 -99 0.452235501839719
-99 -99 -99 -99 -99 -99 0.554162390694132 -99 0.286943662086402 -99
3.56751695530343 -99 -99 3.41776901234137 -99 -99 3.71708016514751 -99 -99 -99
1.4207325999498 -99 -99 -99 -0.327749611826067 -99 -99 -99 -0.0935110243174044 -99
0.0633561689326583 -99 -99 -99 -99 -99 1.03342991623591 -99 -99 1.96278917629672
-99 -0.213768794357096 1.12872530081683 1.22699142113083 -99 0.0266350867569762 -0.821317512371585 -99 -99 -0.887394779784207
-99 -99 -0.428630657629827 -99 -99 -99 -99 -99 -99 -99
-99 -99 -99 -99 -99 1.77629751558878 -99 -99 -99 -99
-99 -99 -99 0.915493203541698 -99 -99 -99 -99 -99 0.482323279917538
-99 -99 0.640568030497096 2.47621560879845 1.65099132584923 2.79126382261328 -99 -99 -99 1.18686374446498
-99 -99 -1.28632582511688 -99 -99 -99 1.25673963592838 -0.371989227063043 1.78776825145303 -99
-99 -99 -99 -99 -99 -99 -99 2.8556397567517 1.67979046580442 -99
-99 -99 -99 -99 -99 -99 -0.131687125038211 -99 -99 -99
-99 -99 -99 -99 -99 -99 0.427045004034911 -99 -99 -99
1.61081377681356 -99 -99 -99 -99 -0.208157119775213 1.78387680552824 -99 -99 0.602542474026878
-99 -99 0.615186962923739 -99 -99 -99 -99 -99 -99 0.0859101447647339
-99 -99 -0.358033587660121 -99 -99 -99 -99 -99 -99 -99
-99 -99 -99 -99 -99 -99 -99 -99 -99 -99
-2.28058574214162 -99 -99 -99 -3.23481436209542 -99 -99 -99 -99 -99
2.09035039605686 1.21394415100171 -99 1.06059626693563 0.0269040905720936 -99 -99 -99 -99 -99
-99 -99 0.476368401030621 -99 -99 -99 -99 -99 -99 -99
-99 -99 -99 -99 -99 -0.383811739807157 -99 -99 0.905651334050535 -99
-99 -99 -99 -99 -99 -99 -99 2.74262051153754 -99 -99
-99 -99 -99 -0.469985830997921 -99 -99 -99 -99 -99 -99
-99 -99 -99 -99 -99 -99 -99 -99 -99 2.41867651334972
-99 -99 -99 -99 -99 -99 -99 -99 -99 -99
