-99 -99 -99 -99 1.16703794356421 0.490196905011341 -99 -99 -99 1.47067458848193
-99 -99 -99 -99 -99 -99 -99 -99 -99 -99
-99 -99 1.01959685847751 0.815708450345836 -99 -99 -99 -99 -99 -99
-99 -99 -99 -99 -99 -99 -0.717784458462876 0.499771624597915 -99 0.648700701444864
-99 -99 -99 -99 -99 -99 -99 -99 -99 -99
0.179770157543137 -99 1.72029277732713 0.852522943695584 -99 -99 -99 -99 0.948484001129201 -99
-99 -99 -99 -99 -99 -99 -99 -99 -99 1.11172895406664
-99 -99 -99 -99 -99 1.22870751520163 -99 -99 -99 -99
-99 -99 -99 -99 -99 -99 -0.234364065864261 -99 1.67126918591341 -99
-1.37407379357368 -99 -99 1.77777757658068 1.06526697910867 -99 -99 1.14342742611218 -99 -99
-99 -0.0385385993788852 -99 -99 -99 -99 -99 -99 -99 0.170925490150294
2.29881533811143 -99 1.2753546759387 2.17562557031558 -99 -99 -99 -99 -99 -99
-99 -99 -99 -99 -99 4.37691584026643 -99 -99 4.7888198802997 -99
-99 -99 -99 0.278896820862652 -99 -99 -99 -99 -99 -99
-99 2.53735123701577 -99 -99 -99 -99 -99 -99 -99 1.17886422651405
0.258906260574467 1.61152496781722 -99 -99 -99 1.03882872469891 -99 -99 -99 3.60381870826716
-99 -99 -99 -99 -99 0.531274543316817 -99 0.418472121378422 0.508091541999654 -99
-99 -0.587753994632403 2.77216889512375 1.67771984085781 2.53931109628998 -99 2.37307633696409 2.09986323705468 -99 -99
-99 -99 2.75114410281608 -99 -99 4.2853837674414 -99 -99 1.49057358673018 0.602571568835697
1.14792457429302 0.556702734547978 2.11476303502125 -99 -99 -99 -99 0.866020213475384 1.25934716159788 -99
-99 -99 1.44257729709993 -99 -99 -99 -99 1.45342617715807 1.81210030532781 -99
-99 -99 -99 -99 -99 -99 -99 -99 2.47225824004683 1.1040194608139
1.9108373962533 -99 1.24685102818123 -99 -99 -99 -99 -99 -99 1.61310278688388
-99 -99 -99 -99 -99 -99 0.723807742894834 -99 -0.825786678104495 0.0550407021169782
-99 -99 -99 -99 -99 -99 -99 2.48557358193152 -99 -99
-0.0700679044194283 0.16454532391008 -99 -99 -99 0.709614829919056 -99 1.65402778855748 -99 -99
-99 -99 -99 -1.34900485188048 -99 -99 1.94872084309618 -3.11129630559749 -99 3.02038124156136
-99 -99 0.939774646983142 -99 -1.53112041237657 -99 -99 -99 -1.91627233162915 -0.261665221207399
-99 -99 -99 -99 -99 -99 -99 -0.372671150981417 0.917044141045351 0.394003419415722
-99 -99 -99 2.54045639726809 2.25967883188907 -99 -99 -99 -99 -99
-99 -99 -99 -99 -99 -99 -99 1.27115934705366 1.85259873365277 -99
-99 -99 -99 -99 -99 -99 -99 -99 -99 -99
-99 -0.441293953976151 -99 -99 -99 -99 -99 -99 -99 -99
-99 -99 -99 -99 -99 -99 0.542960986906524 -99 -99 -99
-0.444374386236122 -99 -0.164358422899871 -99 -99 -99 -99 -99 -0.851483770621726 -99
-99 -99 -99 -99 1.8923594800112 -99 1.31865400479245 -99 -99 -99
2.31089007831199 -99 -99 -99 -99 -99 -99 -99 -99 -99
-1.25832546426824 -99 -99 -0.374723451538626 -1.61300143022094 -99 -99 -99 -99 -99
-99 -99 -99 1.68802320026066 -99 -99 -99 -99 -99 1.46500783316087
1.19610103660979 -99 -99 -99 -99 -99 -99 -99 -99 -99
-99 1.49379308969632 -99 1.12412200724058 1.19187906367964 -99 1.43803559279062 2.89038243395186 -99 2.19073303510097
-99 -99 -99 0.743952837868733 -99 -99 -99 -0.575114128512501 -99 -99
2.60433321574619 -99 -99 -99 2.11179695187937 -99 -99 -99 -99 -99
-99 -99 -99 -99 0.945419539956925 -99 -99 -99 -99 -99
-99 0.582822875165067 2.08849306352491 3.6072313230224 -99 -99 -99 -99 -99 -99
-99 -99 -99 -99 1.66539104561668 2.14285187154649 -99 -99 -99 -99
-99 -99 -99 -99 2.42196789271685 -99 -99 -99 -99 -99
1.4932746777573 -99 -99 -99 -99 -99 -99 1.8235822633737 -99 1.01353765576654
2.68320882924432 3.72683990569824 -99 -99 -99 -99 -99 2.90819699826547 -99 2.4961193441558
-99 -99 -99 -99 -99 -99 -99 -99 -99 -99
-0.21257441321601 0.554441122424156 -99 -99 -99 -99 -99 0.270778833520906 -99 -99
-99 -99 -99 -99 -99 2.29156306572298 1.80704078263774 -99 -99 -99
0.588675736764537 -99 -99 -99 -99 -99 -99 -99 2.4898354946188 2.64041008583496
1.29322043763466 1.47255975536784 0.206627413075346 -99 -99 -99 -99 -99 -99 -99
-99 -99 1.32930518351767 -99 0.998200975889426 -99 0.878508076707579 -99 -99 -99
2.0152201458356 -99 -99 -99 -99 -99 -99 -99 -99 -99
-99 1.28788679588306 1.08244593393112 -99 -99 -99 -99 -99 0.534881980343247 -99
-99 -99 -99 -99 0.102147399010752 -99 -0.545978960722482 -99 -99 -99
-99 -99 1.26299809391676 -99 -99 -99 -99 -99 -99 -99
-99 -99 1.61070227126338 -99 -99 -99 -99 -99 -99 -99
3.64263806762379 -99 -99 4.28495651737128 5.8174588868429 4.18254183957393 -99 2.92871919402079 -99 -99
-99 -99 -99 2.03161379373522 -99 -99 -99 -99 -99 -99
-99 1.50958762707971 -99 3.23200038338614 -99 1.3681524663848 2.12974333446752 -99 -99 -99
-99 -99 -99 -99 -99 -1.81866287589908 -0.964244494765114 -99 -99 -2.92135578986222
-99 -99 -99 -99 0.852537711444009 -99 0.232515034907865 -1.11914943221118 -99 -99
0.0844412366309157 -99 -99 1.00180851518506 -0.236542858864306 -99 -99 -99 -99 0.466934424502442
-99 -99 3.16456114912903 1.48999715741134 -99 -99 -99 -99 -99 -99
-99 -99 -99 -99 -99 -99 -99 -99 -99 3.07273272528799
-99 -99 -99 -99 -99 -99 -0.706862011862651 -99 -99 -99
-99 -99 -99 -99 -99 -99 -99 -99 -99 -99
-99 -99 -99 -99 -99 -99 -99 -99 -99 -0.178603319259506
-99 -99 -99 1.56504961344992 -99 -99 -99 1.55642864102515 -99 -99
-99 -99 1.55068689777326 -99 -99 -99 -99 -99 -99 -99
-0.927769552116063 0.0287038224695721 -99 -0.307376082303877 -99 -99 -99 -99 -99 -99
-99 0.94150437715719 -99 -99 -99 -99 -99 -99 -99 -99
-99 -99 0.568318448287799 -99 -99 -99 -99 -0.469022222783063 0.40518030008837 -99
-99 1.58129854832112 -99 -99 -99 -99 -99 -99 -99 3.05704173334297
-99 -99 -99 -0.978806089146521 -99 -99 -99 -99 -99 -0.301479385271824
1.68736509039848 -99 -99 -99 -99 -99 -99 -99 -99 -99
-99 -99 -99 -99 -99 -99 -99 -99 -99 -99
-99 -99 -99 -99 -99 -99 -99 1.15961135222412 -99 -99
-0.0731025094641586 -99 0.446556794677375 -99 0.661920257885738 -99 1.67567741406903 -99 -99 -99
-99 3.39653636634851 -99 2.77603129337984 -99 -99 -99 -99 -99 -99
-99 -99 -99 -99 -99 -1.63949490047112 -99 -0.624974001408274 -99 -0.622731414727774
-99 -99 -99 -99 -99 -99 -0.519395385523425 1.88821635792343 -99 0.669477203453877
-99 -99 -99 -99 -0.689335946960305 -99 -99 -99 -99 -99
-99 2.87469119440111 -99 1.78199275538049 -99 -99 3.28727064258194 -99 -99 -99
-99 -99 -99 -99 -99 -99 -99 -99 -99 -99
-99 -99 -99 -0.571883488533127 -0.823987437299261 -99 -99 -99 -99 -99
-99 -99 -99 -99 -99 -99 1.69005558060135 -99 -99 -99
-99 -99 -99 -99 -99 -99 -99 -99 1.91048566090387 -99
-1.08192464877759 -99 -99 1.10248680726339 -99 -99 -99 0.962502557595641 0.419541678397844 -99
-99 -99 -99 -99 -99 -99 -99 -99 -0.897852455001946 -99
-99 -99 -99 0.882403045720485 -99 -99 -99 0.0567128317677376 -99 -99
-99 -99 -2.16986822453715 -1.7461013968245 -99 -1.6259866642704 -99 -0.35513591010912 -99 -99
-99 -99 -1.45928473325325 -99 -99 -99 -99 -99 -99 -0.739727137027873
-99 -99 -0.446616350513767 1.46742684790495 0.744847441393194 -99 -99 -1.78149363804597 -99 -99
-99 -0.373818982971901 -99 -99 -99 -99 2.1653165215873 0.924381235115949 -99 -99
-0.0560776251579562 2.4171390581145 -99 -99 0.57113194424876 -99 -99 -99 -99 1.39831566827835
-99 -99 1.25791819269427 -0.00230339515808486 0.933053381033122 -99 -99 -99 -99 -99
-99 -99 -99 -99 0.332583897364623 -99 -99 -99 -99 -99
-0.443452714682661 -99 1.00644245802331 -99 -99 -99 0.501614796899256 -99 -99 -99
1.19443437845238 -99 0.666426282325991 -99 -99 -1.32245447512105 1.1488008601571 0.0304316492553057 -99 1.48493878516181
-99 -99 -99 -99 -99 0.698999079832689 -1.38811251384899 -99 -0.0268984099691176 -99
-99 -99 -99 -99 -99 -99 4.72039312260762 -99 1.29133639972611 -99
1.2167341772192 1.15427023288582 -99 -99 -99 -99 -99 -99 -0.689407462435706 -99
-99 -99 0.649633517934701 -99 -99 1.91157556130295 -99 -99 0.463740389258243 -99
-99 -99 0.602455695014436 1.40738854162194 -99 -99 -99 -99 1.72467079424062 -99
-99 -99 -99 -99 1.08115551301952 -99 -99 -99 -99 -99
-99 -99 -99 -99 -99 -99 0.57497685505538 -99 -99 -99
2.69262837274125 -99 -0.951513428833878 -99 -99 -99 -99 -99 0.0815167180548078 -99
-99 -99 -99 0.48464364753065 1.33418175114487 -99 -99 -99 -99 -99
3.10434334530457 -99 -99 -99 -99 -99 2.70089197581846 -99 1.93352879461208 -99
0.914099253000479 -99 0.954742421271803 -99 -99 -99 2.40980279982689 2.55981423730583 -99 -99
-99 -0.405141670492177 -99 -99 -99 0.971196559437456 1.43956822666268 -99 -99 2.59939125664681
1.91497060502602 -99 1.04995540860961 -99 -99 -99 -99 -99 -99 -99
-99 -99 -99 -99 -99 -99 -99 -99 -99 -99
-99 1.22016414530099 -99 1.57255073637935 -99 0.550169117998306 -99 0.189207186583899 -99 -99
-99 -1.32865704859083 -99 -99 -99 -99 -1.86910822642783 -1.46293902424659 0.618487959864023 -99
-99 -99 -99 -3.14166556747399 -0.873863891639818 -99 -99 -99 -2.83348148636347 -99
0.860608955658402 -99 -99 -99 -99 -99 0.549657087874128 -99 -99 -99
2.53275101185143 1.83207000716155 1.73675351615381 -99 0.400711253869691 -99 -99 -99 -99 0.743021947213503
-99 -99 0.427970830017794 -99 -99 -99 -99 -99 1.91259958152667 -99
1.34319709262662 -1.05087331973844 -99 -99 -99 -99 0.228103273125257 -99 -99 0.522334333721173
-99 -99 -99 3.07279169471455 -99 -99 -99 -0.755147740967665 -99 -99
-99 1.04228288171096 -99 2.03533895921679 -99 3.46789897189718 -99 -99 -99 1.76178197983293
-99 -1.4437768329211 -99 -99 -99 -99 -1.84016993468581 -99 -99 -99
-99 -99 -99 0.0539346857271832 -99 1.95274341985883 -99 -99 -0.809754905445949 -1.02144004827682
-99 -99 0.687705391009508 -99 -99 -99 0.26454268969705 -99 2.71071335007771 3.64721515501935
-99 -99 -99 -99 -99 -99 -99 -99 0.46227067798789 -99
2.23302305442025 -99 3.01717236444748 -99 -99 2.34577719718567 0.609765164531205 -99 -99 -99
-99 -99 -99 -0.0213879446448935 2.25275413959577 -99 -99 -1.6371472951552 0.215079207126926 -99
-99 3.19975318079532 3.25809305668802 2.41757988106013 -99 -99 -99 2.06525286414233 -99 -99
-99 -99 -99 -99 -99 -99 -99 -99 -99 -99
-99 -99 -99 0.962215751214444 -99 -99 -99 -99 1.21660523160326 0.261080360947247
-99 -99 -99 -99 -99 -99 -1.43546256190197 -1.37258835656196 -1.08475126191316 -99
-99 -99 -99 -2.34603684452641 -99 1.10152871655772 -99 -1.09829234088136 -1.88169826696904 -99
-99 -99 -99 0.799568170667932 -99 -99 -1.1169393371423 -99 -99 -99
-99 -99 1.6833470361191 -99 3.31707923565924 -99 -99 -99 -99 -99
-99 -99 -99 3.9039536986088 2.02159280258615 -99 2.08781367170401 -99 -99 3.77203470454746
-99 -99 -99 -1.63991361807952 -99 -0.404070346140666 -99 -1.10362980156386 -99 -99
-99 -99 0.662239934030878 -99 -99 -99 -99 0.706347640976575 -99 -99
-99 -99 -99 -99 0.877550385604306 -99 0.974448729115673 -0.854922142643132 -99 -99
2.43472346050692 3.77253520601054 -99 -99 1.75248900248872 -0.227743816802387 2.81688454571143 -99 -99 -99
-99 -99 -99 -99 -99 -99 -99 1.77690513618298 -99 0.885924471131819
-99 -99 0.792694844808103 -99 -99 -99 -99 1.08794340092292 0.828018395861565 -99
-99 -1.48548335071623 -99 -99 -99 -99 0.242879081740248 -99 -99 -99
-99 -1.07486441897557 -99 -99 -99 -99 -99 -99 -0.2868387340903 -0.781304133281388
-99 -99 -99 -99 -99 -99 4.20280804721042 -99 -99 3.20814069656418
-99 -99 -1.22447714742014 -99 -99 -99 -99 -1.921892734253 -99 -99
2.07122538892024 -99 -99 3.02452445296608 -99 -99 -99 0.480979094640186 -99 -99
-99 -99 -99 -99 -99 -99 0.945106025090207 -99 -99 -99
-99 0.145458428885391 -99 -99 -99 -99 -99 -99 -99 -99
-0.73474256845905 -0.659124239264293 -99 -0.905310819522805 -99 -99 -99 0.796995084968623 -99 -99
-99 -99 -99 -99 0.319115017689056 -99 -0.676553798944058 -99 -99 -99
-0.541244425788584 -99 -99 0.797367869483398 0.0436861454661843 -99 -99 -0.250527784174137 -99 -99
-99 -99 -99 -99 -99 1.86853923315988 -99 -99 -99 -99
-99 -99 1.39296020836292 1.63389905167252 -99 -99 1.95602118653091 -99 -99 -99
-99 -99 -99 1.38930416913672 -0.0930891630948596 -99 -99 1.43817273912021 -99 -2.08907027512388
-99 -99 -99 -99 1.63445472830022 -99 -99 -99 -99 -99
4.43420332129147 -99 -99 1.98864772251617 -99 -99 -99 3.35046281615711 -99 -99
-99 -99 -99 -99 -99 -99 0.471598021019136 0.601474764101982 -99 -99
-99 -99 -99 2.00417777606885 -99 -99 2.79127421809445 0.646773188519114 -99 -99
0.424671751686778 -99 -99 -99 -99 -99 -99 -99 -99 -99
-99 -99 -99 -99 -99 -99 -99 -99 -99 -99
-99 -99 -99 -99 -99 -99 -99 2.46486974506385 -99 3.27326811827133
2.18494965020917 -99 -99 -99 -99 -99 -0.246841756424907 0.183890564740345 -99 0.963503709133106
-99 1.23743614553123 -99 -1.0617069507117 -99 -0.839678603468181 -1.20716623298766 -99 -99 -99
-99 -99 0.42670578459917 -99 -99 -99 -99 -99 -99 -99
-99 0.261044628834623 -99 -99 -99 -99 -99 -99 -99 -0.467435857139828
-99 -99 -99 2.89375652779185 -99 -99 -99 -99 -99 -99
-99 3.72114068974863 -99 -99 -99 -99 -99 -99 -99 -99
-99 -99 -99 -99 -99 -99 -99 -99 -1.53743544056303 0.386495445757003
2.95010283054642 3.26656386642436 -99 -99 0.273183972729253 -99 -99 -99 -99 -99
-99 -99 -99 -99 -99 -99 1.12871725684844 -99 -99 -99
-99 -0.233072133227417 0.987344425709847 1.1152889552295 -99 -99 -99 1.21294015465312 -99 -99
-99 -99 -99 1.8959649666434 1.79203246025121 -99 -99 -99 -99 -99
-99 -99 -0.999468976505424 -99 -99 -99 0.87756203465895 -99 -99 -99
-99 -99 -99 3.23403801363407 -99 -99 -99 -99 4.85868553571539 2.72156961086267
-99 -99 -99 -99 -99 1.57916111908868 -99 -0.0422513790078614 -99 -99
-99 -99 -99 -1.14230937929228 0.751295179950954 1.0742743033405 -99 -99 -99 1.68684125322988
-1.72248437774278 -99 -99 -99 -99 -99 -99 -99 -99 -99
-99 -99 -99 -99 -99 -99 -99 -99 -99 -99
-99 -99 -0.822872511078852 1.69532163221829 -99 -99 -99 -99 1.87545460416169 -99
-99 -99 -99 3.01487235456306 -99 -99 3.33418157964506 -99 -99 -99
-0.762762681070167 -1.07896971439537 -99 -0.115133296176327 2.09050898346097 1.19517888422064 -99 -99 -99 -99
-99 0.788607360766979 -99 -99 -99 -99 -99 0.714887034202145 -99 1.65624904704509
1.98985550714421 -0.262884373849446 -99 -0.0443497235147261 -99 -99 -99 0.221026787619616 -99 -99
-99 -99 -99 -99 -99 -99 -99 -99 -99 -99
1.78002611760861 -99 -99 1.70610544127274 -99 1.94642454673838 -99 -99 -99 0.647083946248384
-99 -99 -99 -1.35212654468632 -99 -99 -99 -99 -99 -99
-99 -99 -99 -99 -99 -99 -99 1.12579914871245 -99 -99
-99 -99 -99 -99 0.711830434394973 -0.967088057965757 -99 -99 1.41243476493105 -99
-99 -99 -0.478871984003268 -99 0.253817547387133 -99 2.58447571903933 -0.202438010305499 3.01801207720264 0.956940360063113
-99 3.26070167934279 4.20047665221182 3.24299144945832 2.67351000030067 -99 -99 3.27100714812327 -99 -99
-99 -99 -99 0.214415734013649 -99 2.58645458530071 -0.889206663631612 -99 1.08530762571181 -99
-0.319427859229357 -99 1.46724618890187 1.49558655088379 -99 -99 -99 -99 -99 0.498531395751299
-99 -99 3.552129936255 -99 -99 -99 2.18087141873448 2.49541325289913 -99 -99
0.107901203250406 -0.47644683460338 -99 -99 -99 -99 0.783405447264808 0.201964725520681 -99 -0.475257678132659
-99 0.888105516051795 -99 -99 -99 1.58528665019637 -99 -99 -99 -99
-99 -99 -99 -99 -99 -99 0.959572442300204 -99 -99 -0.18783788436551
0.694782310492344 -99 -99 -0.149660442499786 -99 -99 -99 -99 1.05109953287981 -99
-99 -99 0.632249740315485 -99 -0.695759867867195 -99 -99 -1.63128002788671 -1.59083271033405 -99
-2.49443789787706 -99 -99 -99 -0.9911923820399 -99 2.0645441614025 -99 -99 -99
-99 -99 -99 -99 2.36965471949287 -99 1.53939729352664 1.05976669823346 1.51849548912148 -99
-99 -99 0.817053157462295 -99 -99 -99 -99 0.854282102258949 -99 0.174506435298819
1.53468552015126 -99 -99 -99 -99 -99 -99 2.91331296140061 -99 -99
-99 0.847518617102457 -99 -99 1.67865308492108 0.909600264976506 -99 -99 -99 -99
-99 2.10629016238492 -99 2.86996176543553 -99 1.06004169751393 -99 2.22954073742444 -99 -99
-99 -99 1.1304761240903 1.12293621733646 -99 -99 1.37417957875456 -99 -99 2.58485466850498
-1.41035932235334 -99 -99 -99 -99 -99 -99 -99 -99 -99
-99 2.62450313627484 -99 -99 -99 -1.03505728407659 -1.01003526236508 -1.10774479281266 -99 -0.835017799739337
-99 -99 2.06460189997448 -99 -99 -99 -99 -99 -99 -99
-99 -99 -99 -99 -99 -99 -99 -99 -99 -99
-99 -99 -99 -99 -99 -0.350510835509042 -99 -99 -99 -99
0.432342213568307 3.10687289088508 -99 -99 -99 2.87155635325138 -99 -99 2.64210334263162 -99
-99 1.65534901160685 0.0965874661384387 -99 -99 0.904917399019975 1.12076156486535 -99 0.994139204262066 -0.638823944816898
0.519261735265483 -99 -99 -99 -99 -99 -99 -0.0122762505268199 -0.663235756782101 -99
-99 -99 -99 -99 -99 -99 -99 -99 0.321277962714068 -99
-99 -99 3.18827097958405 1.11251872650888 -99 -99 0.670077989324879 -99 -99 3.34351341494698
-99 -99 -99 -99 2.70847585615234 -99 -99 -99 -99 -99
-99 0.178923848359427 -99 3.3808845935886 -99 -99 -99 -99 1.55054497499884 0.109858745989663
3.63565156069292 -99 -99 -99 -99 -99 -99 -99 -99 -99
2.88979540135219 -99 -99 -99 -99 0.833473160132775 -99 -99 -99 -99
-99 2.59941845499216 -99 -99 -99 -99 -99 -99 0.69404800931643 -99
-99 -99 -99 -99 -99 1.61108381156163 1.53707232739182 -99 -99 -0.479654556866395
-99 -99 -0.67471912401992 -99 -99 -99 -99 -99 -99 -99
-99 -1.738790021572 -1.31905787746386 -99 -2.27386645807974 -0.440946518808427 -99 -99 -99 -99
0.563410274077236 -99 1.46668769286959 -99 -99 -99 -99 -99 -99 -99
0.513745192494791 2.10590772534955 -99 -99 1.97285102460961 1.80622939512095 1.42403052861341 1.32273470242091 0.451741561793473 -1.22911903203436
-99 2.1794649284559 -99 -99 -99 -99 -99 -99 -99 -99
-99 -99 -99 1.75099176707762 -99 0.292098109460253 -99 -99 1.72017960172438 -99
-99 -99 -99 -99 -99 -99 -99 -99 -99 -99
-99 -99 -99 -99 -99 -99 -99 -99 -99 -0.0827859655959018
-99 -99 -1.91930473128895 -99 -99 -99 -99 -0.618883634189996 -99 -99
-99 -99 -99 1.07384573789823 -99 -99 -99 -99 -99 3.2902826183224
-99 1.32149194787405 -0.131414597456122 -99 0.265792201536256 -99 0.369346071363501 -99 -99 -99
-99 -99 -99 1.60134411231357 -99 -0.202433124045227 -0.59719446673512 -99 -99 -99
-99 -99 0.598039842142209 0.407010548049971 -99 -99 -99 -99 -99 -99
-0.469713314063459 -99 -99 -99 1.39654992462349 -99 -99 1.60157743036826 -99 -99
-99 -99 -99 2.51772955572181 0.147806211488251 -99 -99 -99 -99 -99
0.370572373698394 -99 0.377032153760024 -99 -99 0.951406370457818 0.47596577803699 0.297994901667398 -99 -99
-99 -99 -99 2.18896203351987 -99 2.04050898324499 -99 -99 2.07722343470312 -99
-99 -99 -99 -99 -99 -99 -99 -99 -99 -99
-99 -99 -99 0.728482077087976 -99 -99 -99 -99 -99 -99
-99 -99 -99 0.358624725537265 0.867369762881849 -99 -0.666629348027931 -99 -99 0.254038134376011
-99 -99 -99 -99 -99 -99 -99 1.56325486736776 -99 -1.84282468189823
-99 -99 -99 -99 -99 -99 -99 -99 -99 -1.31596508739287
-99 1.55259316116411 -99 -99 -99 -99 -99 1.75736143014361 -99 -99
-99 -99 -99 -99 -99 -0.336747151466885 -99 -99 -1.12719125863762 -99
-99 -99 -99 -99 -99 -99 2.46112087619898 -99 -99 -99
1.5517993091577 -99 -99 -99 -99 -99 -99 -99 -99 -99
-99 -99 -99 1.25611650307793 -99 -99 -99 -99 1.43719861983436 -99
0.0216979243536657 -99 -99 -99 -99 0.693565549330214 -99 -99 -99 -99
-99 -99 -99 -99 -99 -99 -99 0.119575730352049 -99 -99
-99 -99 1.56813412733225 -99 -99 -99 1.56634028469391 -99 -99 -99
-99 -0.458174021486045 -99 2.0961655551934 -99 -99 -99 -99 -99 -1.77130065602616
-99 -99 3.54422699835161 -99 -99 -99 1.46227739357835 -99 -99 -99
-99 -99 -99 -99 -99 3.53845613665094 -99 -99 2.90612421381722 -99
-99 -99 -99 -99 0.767837030507113 -99 -99 -99 -99 -99
-99 -99 -99 -0.992148174739707 1.54312914245154 -99 -99 -99 -0.251220430045003 -99
-99 -99 -99 -99 -99 -99 -99 -99 -99 -99
-99 -99 -99 -99 -99 -99 1.85042049602732 -99 2.59232465414076 -99
-99 1.78792868564117 -99 -99 -99 1.20235139313526 1.73031181870889 3.83742645260131 -99 -99
-99 -99 -99 -99 -99 -99 2.05637420789139 -99 -99 -99
-0.431350841541501 -99 -99 -99 1.108638621606 -0.677050931211888 -99 -99 -99 -99
-99 -0.0388012561513329 -99 -99 -99 -99 -99 -99 -99 1.54385038738839
-99 0.762959962144094 -99 -99 0.776642395758158 -0.497645791553756 -99 -99 -99 -99
-99 -99 -99 -99 -99 -99 -99 -99 1.71347763886304 -99
2.23770373277006 0.41070158975428 -99 -99 -99 -0.763273507599193 -99 -0.711175091520544 -99 -99
-99 -99 -0.047994330119622 -0.217272650882734 0.632107745950387 -99 -99 -99 1.23723786903973 -99
0.635339150318829 -0.300947875064558 -0.658839425691095 -99 -99 -99 -99 -99 -99 -2.9372609343872
-99 1.04761096636907 -99 2.76647998114295 -99 -99 1.45027530713705 1.76290384977819 -99 -99
-99 -99 -99 -99 -99 0.00157543500671087 -99 0.120324235070537 -99 -99
-99 -99 -99 -99 -99 -1.56949398035507 -99 -1.16989461979228 -99 -99
-99 -99 -99 1.85106848338117 -99 -99 0.469542024160995 -99 -99 -99
-99 -99 -99 -99 0.835019397216825 -99 -99 -99 -99 -99
0.0156037438748993 -99 -99 0.523508427498051 -99 -99 -99 -99 1.22967338959033 -99
-99 1.85864992525208 -99 -99 -99 -99 -99 -99 -99 0.780397616605867
-99 -99 -99 -99 -99 -99 -99 -99 -99 -99
-0.734441062142974 1.25410951135994 -99 -99 -99 0.204949301965971 -99 -99 -99 -99
-99 -99 -99 -99 -99 -99 -99 -99 -99 3.0467373862744
1.09998089419064 -99 -99 -99 1.47938916166761 -99 -99 -99 -0.0473804681833483 -99
-99 -99 -99 -99 -99 -99 -99 -99 0.997657128026897 -99
0.850459409344351 -99 -99 -99 1.93401537683508 -99 -99 -99 -0.405438080732031 -99
-99 -99 -99 1.61240641677586 -99 -99 -99 -99 -99 -99
0.298862209629167 -99 0.739386232684796 -99 0.305697045700353 -99 -99 -99 -99 1.5391818915907
1.77313940706565 0.0731213803401484 0.929121654001468 -99 -99 -99 -99 -99 -99 -99
-99 -99 -99 -99 -99 3.80008458427758 -99 -99 0.214842903792921 0.302594920046859
2.76187095982537 -99 -99 -99 3.05365515707762 -99 0.856095054589932 -99 0.962722532456598 -99
0.377499727159689 -99 -99 0.407027845567503 -1.99932353878566 -99 -99 -99 0.793357107631716 -0.0566235607389693
1.25942214249747 1.68320111627235 -99 2.38297652169976 -99 0.921201949093887 -99 -99 -99 0.302573189276366
-99 -99 2.46761052326266 -99 -99 -99 0.162101177385709 -99 -99 2.84587904163967
-2.06983497762037 -99 -99 -2.28622446595717 -1.5909596190664 -99 -99 -1.49901407703094 -99 -1.70202581021847
1.42734816898832 -99 -99 -0.158294562105538 0.478395460982122 0.777374910456046 1.16516397790451 0.405643378499445 -99 -0.465614458451486
-99 -99 -99 -99 -99 -99 -99 -1.12769911036331 -99 -99
-99 -99 -99 0.53821943446291 1.33303810796338 -99 -99 -99 -99 -99
2.45763177609277 -99 -99 1.31880059254362 -99 -99 1.19666514345799 -99 -99 -99
-99 -99 -99 -99 -99 -99 -1.65971236696567 -99 -99 -99
0.26073665765035 -99 -99 0.428145680779085 -99 -99 -0.98772241841836 0.394938310950614 -99 -99
-99 0.0832515416424668 -99 0.938222215729131 -99 -99 -99 -99 -99 -99
-99 -99 -99 -99 -99 -99 -99 -99 1.63005646162015 0.835868373256332
-0.186165887531165 -99 -99 -99 -99 -99 1.10211261225208 -99 -99 2.00861852096716
0.645806202944691 -0.605139123231455 -99 -0.312084828560506 -99 -99 -99 -99 -99 1.46518850521153
1.51252249515881 -99 -99 2.45900878251635 -99 -99 -99 -99 -99 -99
-99 -99 -99 -99 -99 -99 -99 -99 -99 -99
-99 -99 -99 -99 -99 -99 -99 -99 -99 -99
-99 -99 -99 -99 -99 -99 -99 0.980009130128073 -99 -99
-99 -99 -99 -99 -99 -99 -99 -99 -99 -99
-99 2.83680952595251 -99 -99 -99 -99 -0.774862181237892 -99 0.965461516814929 -99
-99 1.88522746727972 -99 -99 -99 -99 -99 -99 -99 -99
-99 -99 2.83582615488232 -99 2.60362215271073 -99 -99 -99 -99 -99
-99 -99 -99 0.453471275740112 -99 0.630733921768754 -99 -1.00243526749416 -99 0.168402398884022
0.390121529763555 -99 -99 -99 1.27201567283611 -99 -99 -99 -99 -99
-99 -99 -99 -99 -99 -0.418270634966091 0.352761880462933 -99 -99 -99
-99 0.874798097940774 3.25507581749143 -99 -99 -99 1.25218157866345 -99 -99 -99
-99 -99 3.03073815671329 -99 -99 -99 -99 0.217019570836091 -99 -99
-99 -99 4.58666973629633 3.75195032179562 -99 -99 -99 3.19624301760515 -99 -99
-99 -99 -99 -99 -99 -99 -99 -99 -99 -0.402336294458256
-99 -99 -99 -99 -99 1.34415474032181 -99 -99 2.39604285712651 -99
-99 -99 -99 -99 -99 -99 -99 2.11957677264382 -99 -99
-99 -99 0.603247915060461 3.28179325868966 -99 2.89880545508221 -99 -99 -99 -99
-99 -99 -99 -99 -99 -99 -99 -99 1.42788155231834 -99
-99 3.19951731734118 -99 -99 -99 -99 3.36806254627228 -99 2.54584295266369 -99
-99 1.58867592062475 -99 -99 -0.0629569694933438 -99 1.43190730130154 0.570666652842504 -99 0.0365520496781975
-99 -99 -99 -99 -99 -99 -99 -99 -99 -99
0.629252924566669 -99 -99 -99 -99 -99 1.01134551049111 -99 1.49508341430216 -99
-99 -99 -99 -99 -99 -99 -99 -99 -99 1.95212439221321
-99 0.524731452501153 -99 -99 -99 -99 -99 -99 -99 -99
-99 -99 -0.241504954390862 -99 -99 -99 -99 -99 -99 -0.255353504825076
-99 -99 -1.45644642101119 -99 -99 -99 -99 -99 -99 -99
-99 -99 -0.642304477004059 0.819232620039458 0.153963352988017 -99 -99 -99 -99 -99
-99 -99 -99 -99 -99 -99 -99 -99 -99 -99
-99 0.221984573033833 -99 -0.803266778854716 -0.180972729153929 -0.0905329819642871 -99 -99 -99 -1.02642310850055
-99 -0.616997908917041 -99 -99 -0.760227925248431 -99 -99 -99 -99 -99
-99 1.64969757981064 -99 1.9248455937496 -99 -99 2.54592622604497 -99 -99 -99
-99 -99 2.35110117924341 -99 -99 -99 -99 0.714497383012221 -99 -99
-99 -99 -99 -99 2.06443522125535 0.446302832366127 -99 -99 0.986457674580777 -99
-99 -99 -99 -99 -1.12217778246244 -99 -99 -99 -99 -99
-99 -99 -99 0.225746062639298 1.15935214675311 -99 -99 0.480753413124475 -99 -99
0.447343130837492 -99 -99 -99 1.97703160556293 -99 0.804472305003515 -1.04792641238486 -99 -99
1.01688480483396 2.70364200314158 -99 -99 1.31317972523014 -99 -0.072556788433034 1.06852702763381 -99 -99
-99 -0.489307483744907 0.550865447279959 -0.507176750402542 -0.259477136433316 -99 -99 0.0107902042142762 0.215981381606637 -99
-99 -99 2.56681296830034 0.75481504007996 -99 1.8160933678162 -99 -99 -99 -99
-99 -99 -99 -99 1.65686831997517 1.22558222629417 -0.733143080189282 1.041940238519 -99 -99
-99 -99 -99 0.609607517886097 -99 -0.468473742738397 -99 -99 -1.63796646225344 -99
-99 -99 -99 2.9842886072081 -99 2.2505841146948 -99 -99 -99 -99
-99 0.531010716269371 -99 -99 2.11313613382487 -99 0.335513348836021 -99 -99 -99
-99 -99 -99 -99 0.232098315077213 -99 -99 -3.59758923886867 -99 -99
-99 -0.830039307511951 -99 -99 0.420303126440806 -0.0453876701347651 -99 -99 -99 -99
-99 -99 -99 -99 -99 -99 -99 -99 -99 0.941691063586424
2.23200245182108 -99 -99 -99 -99 -99 -99 2.50338364314433 -99 -99
-99 -99 0.660077440460923 -99 -99 -99 1.52000260781443 -99 -99 0.342196248231538
-99 2.34914532872914 -99 -99 -99 -99 -99 -99 -99 -99
3.42772513009059 -99 3.07615447293126 2.32685932113815 -99 -99 2.453816738076 -99 -99 -99
-99 -99 -99 -99 -99 -99 -99 -99 -99 -99
-99 -0.00175044906534416 -99 0.0642975302674973 -99 0.811031994266265 -99 -99 -99 -99
-99 -99 -99 -99 -99 -99 -99 3.21563112907208 -99 -99
-99 1.72592299854734 -99 -99 -99 -99 -99 -99 1.20491943902847 1.88701072911819
-99 1.11386606576968 -99 -99 -99 -99 -99 -99 -99 -99
-99 -99 -99 -0.226178354849988 2.55696769540482 0.44817203533169 0.940971024177081 -99 -99 1.75170232066838
1.94066470246549 -99 1.05068135689624 -99 2.61007970435814 1.26122548086546 -99 0.370846328311327 -99 -99
-1.39681170610454 -99 1.56263826420567 -0.0457492389550906 -1.87177704742205 -99 -99 -99 -0.0813347870485648 -99
-99 -0.478529539891105 -99 -99 -99 -99 -99 -1.38885014048823 0.91983350520259 -99
-99 -99 -99 -99 -99 -99 -99 -99 -99 -99
-99 3.56271890173116 -99 -99 -99 -99 -99 -99 0.99441500687598 -99
-99 -99 2.78738700271458 -99 -99 -99 -99 -0.00979954689453644 -99 -99
-99 0.230218942771884 -99 -99 -99 -0.811973378335864 -99 -99 -1.70098625887084 -99
-99 -99 -99 -99 -99 -99 -99 -99 -0.0732006596729451 -99
-99 -0.234426951273811 -99 -99 -99 -99 2.08298520484732 -99 -99 1.71961672116305
1.11367953187245 -99 -99 -99 2.28328688864407 -99 2.37598686699962 -99 3.33983163831048 3.0010239545876
-1.18563466230057 0.45795881036244 -99 -99 -99 -99 -99 -99 -1.71955565268137 0.380243032660178
1.40482382226159 -99 -99 2.83682478354725 -99 -99 -99 4.05189515817904 -99 -99
-99 -99 -99 -99 1.00871235883858 -99 -99 0.971492883674839 1.1408424103568 -99
-99 -99 -99 -99 -99 -99 -99 1.75408105030574 -99 -99
1.75439190427804 -99 -99 -99 -99 -99 -99 -99 -99 1.27961706280953
-0.153312677866223 -99 -99 3.147485850957 0.812515321528646 1.72665797905709 -99 -99 -99 -99
2.0479678038341 -99 -99 -99 -99 -99 -99 -99 -99 -99
2.19772320982236 -99 -99 -99 1.50788278175374 3.05070376318056 2.16743283689797 -99 -99 -99
-99 -99 1.1951551322387 -99 0.954049128275308 -99 -99 0.133657223071266 -99 -99
-99 -99 -99 -99 -99 0.456124174330222 -99 -0.124080065882321 -99 -99
-99 -99 -99 -99 -99 -99 -99 -99 -99 -99
-99 -99 -99 -99 -99 -99 -99 -99 -99 0.533622077990633
-99 -99 -99 -99 -99 0.296242947204234 -0.266723846615188 -99 -99 -99
-99 -99 1.16706864114424 -99 -99 -99 -99 3.52798293965146 0.853696183699913 -99
-99 -99 -99 0.363566030378069 0.0791777202363947 -99 -99 -0.129466971338451 -99 -99
-99 -99 -99 -99 -99 -99 0.291487713984864 0.809332343498938 -99 2.17998308151584
-99 2.42662728982161 -99 -99 -99 -99 -99 -99 -99 -99
2.73936243128044 1.36500625926348 2.22251150923135 1.30137173143013 2.5121306756442 -99 -99 -99 1.48045128629395 -99
1.21567352387647 -99 1.3461052213183 -99 -99 -99 -99 -0.720197631673597 -99 -99
-99 -99 -99 -99 -99 -99 -99 -99 -99 -99
-99 -99 -0.0388967594409477 -99 -99 -99 -99 -99 -0.804861166533883 -99
-99 -99 -99 -99 2.05715458807318 -99 -99 -99 -99 -99
-99 0.136630023365305 -99 -99 -99 -99 -99 -0.360061663747882 -99 2.42957627731081
-99 2.39803762492275 -99 1.78806557878063 -99 -99 -99 -99 -99 -99
0.45118545911009 -99 -99 -99 0.358917504064279 -99 -99 -99 -99 -99
-99 -99 -99 -99 -99 1.09854284599968 -99 0.0760584352493496 -99 -99
-99 -99 -99 -99 -99 -99 -99 -99 1.21546553080962 -99
-99 2.63022293027552 -99 -99 -99 2.95482320232175 0.603412907900879 -99 2.71413140244434 -99
-99 -99 0.176632188576444 0.713422359784881 -99 -99 -99 -99 -99 0.563241546612801
-99 1.11718315983597 -99 0.0173336377138804 -99 -0.207439374967895 -0.162650411160062 -99 -99 -99
-99 -99 -99 -99 -99 -99 -0.457931375575982 -99 -99 -99
-99 -0.289303243639618 -99 -99 -99 -99 -99 -99 -99 -99
2.06283542445768 -99 3.42927289263057 -99 -99 -99 -0.621182004284852 -99 -99 0.439993071804894
-99 -99 3.06084275635124 -99 -99 -99 1.44883128581495 -99 -99 -99
-99 -99 -99 -99 1.02307278122092 -99 -99 -99 -99 -99
-99 3.17201483642511 -99 -99 2.49215799094117 -99 -99 -99 -99 3.20795254202422
-99 -99 -99 -99 -99 -99 -99 -99 -99 -99
-99 -99 -99 -99 -99 -99 -99 -99 -99 -99
-99 -99 -99 -99 -99 -99 -99 -99 -99 -99
-99 0.0467953906292802 -99 -99 1.83871266455379 1.54864378083027 0.246406908287852 -1.2428612486272 -0.177195805231631 -99
-99 0.94359008226468 -99 -99 -99 0.688430984968959 0.534110383163638 -99 0.755114800266687 -99
-99 -99 -99 -99 -0.973345014993494 1.12938138685799 -99 1.91206984715975 -99 -99
-99 -99 -99 -99 -99 -99 -99 -99 0.607203501513802 -99
-99 1.67812684239958 -99 2.49578792433326 -99 -99 2.89221509619317 -99 -99 -99
-1.64499651620324 0.670676406202574 -99 -0.0932072760712594 -99 -99 -99 -99 -99 -99
-0.0426817114116949 -99 -99 -99 1.40263847935529 -99 1.7278330758632 -99 -99 -99
-99 4.24150387212067 -99 -99 -99 -99 -99 1.00854787813356 1.78323743343276 -99
-0.330289627178634 -1.43513495358109 -99 -99 -99 -99 -99 0.793153237468625 -2.11045061050693 -1.01623680802373
-99 -99 -99 -99 -99 -99 -99 -1.75779029467026 1.87805823387007 -99
-99 2.73300311186314 0.773563271221828 -99 -99 -99 -99 -99 -99 -99
-99 -0.402420429251364 -99 -99 -99 -99 -99 1.14914278787055 -99 -99
-99 -99 -0.413324394701077 2.02416022713212 -99 -99 -99 2.34639014043793 -99 -2.05581927820099
-99 -99 -99 2.41420653539855 -99 -99 -99 -99 -99 -99
-99 1.65566904895499 2.04416813796133 -99 -99 -99 -99 -99 -0.908902722011335 -99
-99 -99 -0.631667116571415 0.7609380013637 -99 -99 0.551915936008008 0.267973116481686 -99 -99
-99 -99 2.4514413566257 -99 -99 -99 -99 -99 1.23704998095679 1.70563812965209
-99 -99 -99 -99 -99 0.913803045107733 -99 -99 -99 -99
-99 2.17390446669684 2.69948170687157 -99 2.84343799447283 -99 -99 -99 -99 -99
-99 -99 0.442173734514123 -99 -99 -99 -99 0.532972397282179 -99 -99
-99 -99 -99 3.59264090807555 3.6391337843883 3.11966922132556 -99 -99 -99 -99
-99 -99 -99 -99 -99 -99 -99 -0.32445631780026 -99 0.137303549464411
-99 2.1739229906254 -99 -99 -99 -99 -99 -99 -99 -99
-99 -99 -99 1.96458250067892 -99 -99 -99 1.73010278030197 -99 0.51091795304021
0.61941756762283 -99 -99 -99 2.74228389762468 -99 -99 -99 -99 -99
-99 -99 -99 -1.09165041758983 -99 -99 -1.72123144160062 2.20497075684048 -99 -99
-0.726997203555031 -99 -0.47684669412054 -99 -99 -99 0.318740313326309 -99 -99 -0.00481221410925881
-99 -99 2.93171381118216 -99 -99 -99 -99 -99 -99 -99
-99 -99 -99 -2.6921362681362 -99 -1.50292155112992 -99 0.233773007484261 -99 -99
-99 1.35187570041646 -99 -99 -99 -99 -99 -99 -0.534437605779253 -99
-99 -99 0.524403302258239 -99 -99 -99 -99 -99 -99 -99
-99 0.0541295602108615 -99 -99 -99 -0.372282783105563 -99 0.889114316722264 -99 -99
1.25442597402479 -99 -99 -99 -99 -99 -99 -99 -99 -99
1.26087781649917 -99 -99 -99 -99 1.34234608584231 -99 -99 -99 -99
-99 -0.535531961038933 -99 -99 0.927592552668583 -99 -99 -0.122515905983569 -99 -99
-99 -99 -99 -99 2.4200064382057 -99 -99 4.00409586154485 -99 -99
-99 -99 -99 0.362654474594098 -99 -99 -99 -99 -99 -99
-99 -99 -99 1.69878082536516 -99 -99 -99 -99 -99 -99
-0.557248654363747 2.42605245175175 -99 -99 -99 -3.18242773100828 -99 -99 -99 -99
-99 -99 1.20069749290301 0.646423880969111 -99 1.32321453535367 1.8584842143676 -99 0.395678164415114 -99
-99 -99 -99 -99 -99 -0.369946894336759 -0.104442089565416 -99 1.17658289140409 -99
-99 -99 -0.143401015296984 -99 -0.387733803359203 -99 -99 -99 1.00924981827779 -99
-99 0.608699934217563 -99 -99 -99 -99 -99 1.08619190288263 -99 0.849399290166549
-99 1.76512128431901 -99 -99 -99 0.453278939647178 -0.914177971593584 2.81119360198182 -99 -99
-99 -99 3.91070106796805 -99 -99 -99 1.6862198606888 -99 -99 -99
-99 -3.21528721777457 -99 -99 -99 -99 -0.737774656703319 -99 -99 -99
-99 -99 -99 -99 -99 -99 -99 -99 -99 -99
3.60384135965516 3.51696855605158 3.85313785334946 -99 -99 -99 -99 -99 -99 -99
-99 1.75907716148959 -99 -99 2.00833259322638 -99 -99 -99 -99 -99
-99 0.513205466214865 -99 -99 0.785964737303821 -99 -99 -0.313300347388355 2.0272913565619 -99
-99 -99 -99 1.5745700532919 -99 -99 -99 -99 1.85344804145905 -99
-99 -99 0.415499371466913 -99 1.30617612997381 2.78721375145526 -99 -99 -99 0.621618240270099
-99 -99 -99 -99 -99 -99 0.678313533796384 -99 -99 2.64572300879109
-99 -99 3.34615506380171 -99 3.49421393665504 -99 -99 -99 -99 1.94307094440315
-99 -99 -99 -99 -99 -99 -99 0.169926440770916 -99 -99
-99 0.192478171281391 0.76183971386379 -99 -99 -99 -99 -99 -99 -99
-99 -99 0.00395036016601802 0.523566088068885 -99 1.78555566975926 1.14960702955765 -99 -99 0.918938172107641
-0.24261151907669 -99 -99 -99 1.71022546682915 -99 -99 -99 -99 -99
0.296502657385299 -0.941500269361358 0.360364907469193 -99 -99 -0.0639156012350879 -99 -99 -99 -0.416231124273229
-99 0.744281418994937 -99 -99 1.35100241124749 -99 -99 0.569165505254209 -99 -99
-99 -99 1.97660434625355 -99 -99 1.77746108386597 -99 -99 -99 -0.371634716959576
0.709402122791331 0.653640923184413 -99 0.642413860401754 -99 1.09434276753099 -99 -99 -99 -99
-99 2.18403393846158 -99 2.20844638365495 -99 1.34978375833388 2.28356087838444 -99 1.59743235601211 -99
-99 -99 -99 -99 -0.445654881551745 -99 -99 -99 0.736037487737375 -99
-99 -99 -99 -99 -99 -99 0.191561706694016 -99 -99 -99
-99 3.20025493670306 -99 2.02259313828622 1.81449809034751 0.535292052271876 -99 -99 4.34350959959382 -99
-99 -99 -99 1.13382298495115 -99 -99 2.33392441992398 -99 -99 -99
-99 -99 -99 -99 1.13160701963384 -99 -99 -99 -0.74188344245517 -99
1.72756972131943 -99 1.04229539250911 -99 0.36275398681063 1.1654861588249 0.585611600537217 -99 -99 -99
-99 -99 -99 -99 -99 -0.603989166343617 -99 -99 1.4887327230934 -99
4.20259150301354 -99 -99 5.50319485988498 2.3304776310518 3.14141469792455 -99 -99 -99 -99
-99 -99 -99 -99 2.35321620250415 -99 1.07645515900141 -99 0.0894022650162009 0.201639151273195
1.22977377656901 -99 -99 -99 -99 3.08878698570055 -99 -99 -99 0.917377430011494
-99 -99 -99 -99 -99 -99 -99 -99 -99 0.815468248235505
-99 -99 -99 -99 -99 -99 -99 0.9853568584275 2.31618348526679 1.30474168633324
-99 -99 -99 2.92284761234686 3.8606854798739 -99 -99 -99 -99 -99
-99 1.29018895611581 -99 -1.18960235939884 -99 -99 -99 1.42842158994176 -99 -99
-99 -99 -99 2.38947674837087 -99 -99 -99 -99 -99 1.63107838441019
-99 -99 -99 -99 -99 -99 -99 -99 -99 3.00161145294031
-1.3357261064581 -1.18653119828829 -99 -99 -99 -99 -1.8166760528943 -99 -99 -99
-99 -99 -0.719908297621421 -99 -99 -99 0.562262529963886 -99 -0.557092932073413 0.401552269993595
-99 0.467701467861828 1.87055362535599 -99 -99 -99 -0.151059774413543 -99 -99 -99
-99 -99 -99 -99 -99 -99 1.1272035779137 1.09191698636442 -99 1.6035660458959
2.03523418638468 0.917190058364239 0.756559366294513 -99 -99 -99 -99 0.444953426082617 -99 0.398992618035976
-99 0.560006540430934 -99 -99 -99 0.207933030087017 -99 -99 -99 -99
-99 -99 -99 -99 -99 -99 2.5448551335836 -99 1.68595374429262 0.0779887922612146
-99 -99 -99 -99 0.566270834768875 -99 -99 -99 -99 -99
-99 -99 -99 -0.349030100074045 1.3361553197461 -99 -99 1.07172047834558 -99 -99
-99 -99 -99 -99 -99 -99 -99 -99 -99 -99
-99 -99 -99 -99 2.71961695550346 -99 -99 -99 -99 -99
-99 -99 -99 0.666667246005449 -99 -99 1.37390310137031 -99 -99 0.333721539035868
-99 -99 -99 1.12984833790832 -99 -99 -99 -99 -99 0.583092687033033
0.732403163691658 -0.247520005411021 -99 0.0888408563012402 -99 -99 -0.192731709573807 -99 -99 -99
-99 -99 -99 0.461779330198115 1.63577938131707 1.66112955777855 -99 0.0115529507893055 -99 -0.480292787871298
-0.160686729824255 -99 0.990604034105472 -99 -99 1.66486151523437 -99 -99 1.50249393878 -99
-99 2.01254569233638 -99 -99 1.62163060141925 -99 1.87958951945201 -99 -99 1.09818133236304
-99 -99 -0.355058177492892 -99 -99 -99 -99 -99 -99 -99
-99 1.18386213651167 -99 -99 -99 -99 -99 -99 1.84923548554518 -99
-99 -99 -99 -99 -99 -99 2.92267744575368 4.37415533666277 -99 4.67131016711782
-99 -99 0.970432451767289 -99 -99 -99 -99 -99 0.494421575370637 1.10342930486621
-99 -99 -99 -99 -99 -99 -99 -99 -99 -99
-99 -99 -99 -99 -99 -99 -99 3.47727289238912 1.67245393961726 -99
-99 -99 1.88900929976302 0.0883926923306699 1.17100119248414 1.14325949848976 -99 -99 -99 -99
-0.471333261014125 -99 -99 -99 -0.901165875277894 -99 -99 -99 -99 -99
1.16301158838325 -99 -99 0.265811201628775 -99 -99 -0.763858183546567 -99 -99 -99
-99 -99 2.07830860853137 0.46349900259714 -99 -99 -99 -99 -99 -99
-99 -99 -99 -99 2.19424981745422 -99 -99 -0.392216503559908 3.21559367423956 3.6712717689146
-99 -99 -99 2.67519524199403 -99 1.24460756043497 -99 0.47842838793148 -99 3.33938357229422
-99 -99 -99 0.238171106193089 -99 -99 -0.0397767158031526 0.0877328219280661 -99 -99
-99 -99 -99 -99 2.83928750039035 0.743800798815532 -99 -99 -99 -99
-99 -99 -99 -99 -99 -99 -99 -99 2.1794688168551 1.58408572446494
-99 1.5130386178471 -99 1.44326026489142 0.718479325533979 2.17678107181053 -99 0.187977072503353 -99 -99
-99 -99 0.104874586492289 0.488259462744116 -99 -0.780583235491436 -99 -99 -99 -99
-0.436365113604104 0.0428025153567432 -99 -99 -99 -99 -99 -99 -99 1.27664238416152
-99 1.83143778357464 1.27730117397982 0.523761852023736 -99 0.168921419754193 -99 -99 1.48912884449834 -99
-99 -99 -99 -99 -99 -99 0.408220196549308 0.673178590815918 -99 2.13026676885744
-99 -99 -99 -99 -99 -99 1.67558015547462 1.96313582059484 -99 -99
-0.153000335344026 -99 -99 -99 -0.986658918306173 -99 -99 -2.0950202328908 -99 -99
1.07820039512395 -99 -99 -99 0.992421229109197 0.874598658758784 -99 -99 -99 -99
-99 2.68212301638166 3.31506593831222 -99 4.5565167849167 5.22875158827331 -99 -99 1.8229822592534 -99
1.51181383961795 0.622883989551939 -99 -99 -0.561950832526625 -99 -99 -0.143519863138847 -99 -99
3.65460536546594 -99 2.01442995207507 -99 -99 -99 2.19048741231255 -99 -99 -99
-99 -99 -99 -99 -99 -99 -0.504908500709736 0.102692772692123 0.767281990717235 -99
-99 -99 -99 -99 -99 -99 -99 -99 -99 -99
-99 -99 -99 2.97858168850705 -99 -99 1.46826082145174 1.19990909017687 -99 -0.0538104521547154
-99 -99 -99 -99 -99 -99 -0.476692818129693 -99 1.36058307596044 0.455739366321583
-99 -99 -99 0.181010556142952 -99 -99 4.87654625942484 -99 -99 -99
-0.0920688132108971 -99 -99 -99 -99 -99 -99 0.215801266185977 -99 -99
-99 -99 1.49054290596605 -99 -99 3.64108847483154 -99 -99 -99 1.7689635231532
1.60037857662983 -99 -99 -99 -99 -99 1.31937305962804 -0.0452600505631582 -99 -99
1.88613528227712 -99 -99 -99 -99 -99 -99 0.192889179571973 -99 2.52167266758278
-99 -99 -99 -99 2.19894193406139 -99 -99 -99 -99 -99
2.49120138589262 0.436315053321702 -99 0.288089051684682 3.16070966276482 -99 -99 1.84423928199206 -99 -99
-99 -99 -99 -99 -99 2.34746718215477 1.48340505874017 -99 -99 -99
-99 -99 0.702920607255824 0.671679342024626 -99 -99 3.1027900131251 -99 -99 -99
4.07903667512944 -99 2.70749245185003 -99 -99 -99 -99 -99 -99 -99
-99 -99 -99 1.75543864804245 2.77987687248207 -99 -99 2.49194781335404 -99 -99
-99 -99 -99 -99 -99 -99 -99 -99 1.79874248246093 -99
-99 -99 -99 -99 -99 -99 -99 -99 -99 0.250622971604864
-99 0.877044112301223 -99 1.0923898180261 -99 -99 -99 -99 -99 2.17288570427692
0.976083107713717 -99 -0.365730181225002 -99 -99 -99 -99 -0.310337678579891 -99 -99
-99 -99 -99 -0.470373179905675 -99 -99 -99 -99 -99 -99
4.96761842020799 4.3349619949216 -99 -99 -99 -99 -99 -99 -99 2.94856525289943
-99 -99 -99 -99 -99 2.44896733329749 -99 -99 -99 2.93103868767451
-99 -99 -99 -99 1.66249176681752 -99 -99 -99 -0.108295077302285 -99
-99 -99 -99 -0.208234680388329 -99 -99 -99 -1.9405326403234 -99 1.22361685973211
1.6780694520525 -99 -99 -99 0.0171475107227574 -99 -99 -99 -99 -99
-99 -99 -99 -99 -99 0.63028059291717 -99 -99 -99 -99
-99 -0.712824041914687 -99 -99 -99 0.772100274293676 0.595943321116661 -0.166016810985182 -99 -99
0.30463867199858 -99 -99 -99 -99 -99 -99 -99 -99 -0.716896974223553
-99 -99 -99 -99 -99 -99 -99 -99 1.46795888267298 -99
-99 -99 -99 2.19297825275425 -99 -99 -99 0.639892610045909 -99 -99
-99 -99 -99 -99 1.0399595138717 -99 0.547683554204892 -99 -99 -99
-99 -99 -99 -99 -99 -99 -99 -99 -99 -99
-99 -99 -99 -99 -99 -99 5.86006967329015 -99 0.55697029074841 4.5996774466621
-99 -99 -99 -99 -99 -99 -99 -99 -99 -99
1.05220702575215 2.5308475595076 -99 -99 -99 3.72376931093236 3.10707215340013 2.60383552886887 -99 -99
2.97515125750907 4.75746687279792 3.40678847390016 -99 -99 -99 -99 -99 -99 1.15951870763217
-99 -99 -99 -0.503609382301877 -99 -99 -99 -99 2.127532469867 -99
-99 -99 -99 -99 -99 -99 -99 0.516315840455787 -2.53869988158746 -99
-99 -99 -99 -99 -99 -99 -99 1.59693821993982 3.24584076402534 1.39182666185638
-99 2.78275046830726 -1.24039376550009 -99 -99 -99 -99 -99 -1.24767209724706 -99
-99 -99 2.19813945911506 -99 -99 -99 -99 -99 -99 -99
-99 -99 2.55310460242211 -99 -99 -99 -99 -99 -99 -99
-99 -99 -99 -99 -99 -0.709894490270206 -99 -99 1.70737224085228 -99
-99 -99 0.467345512239881 1.37446224400227 -99 -0.00385809570401885 -99 0.786718634495979 2.80065216245053 -0.343502664370586
-99 0.0149287073445568 1.38373973813034 -99 -99 -99 -99 -99 -99 -99
-99 -99 -99 -99 -99 -99 -99 -0.160573400331489 -99 -99
-99 1.23847943782082 -99 1.61621609255316 2.70460876089257 -99 -99 -99 -99 -99
-99 -99 -99 -99 -99 1.6023752548422 1.82992198375433 -99 -99 0.465152937463824
-99 -99 2.04212523582594 -99 -99 1.18588969187693 1.42541039696574 -99 -99 -99
-99 -99 -99 -99 -99 2.60882711441843 3.3022228019222 3.09048361856515 -99 1.22462477379955
-99 -99 -99 -99 -99 -99 -99 -99 1.38465578742 -99
-99 -99 -99 -99 -99 -99 -99 1.26894182281003 3.27674295429909 -99
-99 1.1842897232989 -99 -99 -99 -99 -99 -99 -99 -99
-0.176262087029914 -99 0.100512160683476 0.241504037892927 0.926650667138901 0.0664693395991056 -99 -99 0.728714909375973 -99
-99 -1.10838646884645 -99 -99 -99 -0.819567411625648 -99 -99 -99 -99
1.66886125930355 -99 3.55076049867717 -99 -99 -99 -99 -99 -99 -99
-99 -99 -99 -99 -99 -99 -99 -99 -99 -99
-99 -99 -99 -99 0.568195329984231 -99 0.459669113132568 -99 2.75635548870715 2.15411692754323
-0.881966918561704 -99 -99 -99 -99 -99 -99 -99 -99 -99
-99 -99 -99 -99 -99 -99 -99 -99 -99 -99
-99 1.25263153051753 2.10124083750267 2.70500425603923 -99 -99 3.86507266004021 -99 1.23036575693799 -99
-99 0.461052389709219 -99 0.844616705829091 -99 -99 -99 -99 -99 -99
-99 -99 0.791545415829508 -99 -99 -99 -99 -99 -99 -99
0.192616739143427 -1.73335306667639 -99 -99 1.38636972471532 -99 -99 -99 -99 -99
-99 2.01698996077424 1.35571655323111 2.05698186123167 2.59733092250969 -99 1.93563755961443 -99 -99 2.94000088848381
1.77205682552052 -99 -99 -99 2.10873949412346 -99 -99 -99 -99 -99
3.34142201499147 -99 -99 -99 -99 -99 -99 -99 -99 -99
-99 -99 -99 -99 -99 -99 -99 1.6458409027741 -99 -99
-99 -99 -0.764564421549151 -99 -99 1.30038961384282 -99 -99 -99 -2.18996655712041
-1.63079552612618 -99 -0.506786393005618 -1.3940926927832 -99 -99 -99 -99 -99 -99
0.733854741624122 -99 -99 -99 -99 1.12916171410453 -99 2.90133387827802 -99 -99
-99 -99 -99 -99 -99 -99 -99 -99 3.06002165625616 -99
-99 -1.1455744103604 -99 -99 -0.141648789349687 -99 -99 -99 -99 -0.613895614387805
-99 -99 -99 -0.193215718028277 -0.320055483235844 -99 -99 -99 -99 0.782518604564372
-99 -99 -99 -99 0.475233642772036 -99 -99 -99 -99 -99
-99 -99 -99 0.63525842964006 -99 -99 0.719430886928007 3.54487358605229 2.13485565818653 -99
-99 -99 0.597408191539119 -99 -99 -99 -1.16539455026581 -3.13595917625415 -99 -99
-99 -99 1.00784619221159 1.12177275420229 -99 -99 -99 -99 -99 2.82218506667126
-99 3.15835248889263 -99 -99 4.39575546194042 1.6312602244634 -99 -99 -99 -99
1.33696823862766 -99 -1.61813836880748 0.0998170704771379 -0.971455429416629 -99 -99 -0.796203563446656 -99 -99
-99 -99 -0.408902915062672 0.82802791173032 -99 -99 -0.0186076979953449 -99 0.105580183441624 -99
-99 -99 1.17115167423283 -99 -99 -99 -99 -99 -99 -99
-99 -99 -99 -99 -99 2.13166702039655 2.78620857756102 -99 -99 -99
-99 -0.403314617609739 -99 -99 -99 -99 1.23528889686947 -0.98695657182608 -99 -99
-1.78883111934304 -99 -99 -99 -99 -99 0.586139508402399 -99 -99 -99
-99 -99 -99 -99 -0.438600058020523 -99 -99 -2.91289800221134 -99 -1.95604258917659
-99 0.938011513134793 -99 0.791896479102289 -99 -99 -99 -99 1.09643590392278 1.7231663658849
-99 -99 0.211002283002744 -99 -99 -99 -99 -99 -99 -99
-99 -99 -99 -99 -99 -99 0.788994400520873 -99 -99 -0.759723983410872
2.51281122855092 -99 -99 -99 -99 -99 -99 -99 -99 2.95137258930195
-99 -99 -99 -99 -99 -0.644871871517848 2.31678959132922 1.44524953566839 -99 -99
-99 -99 4.01115827295704 -99 -99 -99 -99 -99 -99 -99
-99 -99 -99 0.953879306273467 -99 -99 0.525492120745065 -99 -99 0.149322676799169
-99 1.00021985632351 -99 -99 -99 -99 -99 0.686650679049373 -99 -99
-99 -99 -99 -1.5541217685189 -99 -0.403812658184897 -99 -0.448922330630558 -99 -99
-99 -99 -99 -99 2.22105057373889 -99 -99 -99 1.23774455797939 -99
3.26383568551313 -99 -99 -99 -99 -99 4.42481145769014 -99 -99 2.3630793293212
-99 -99 -99 -99 -99 -99 -99 -99 -99 -99
-99 -99 0.0895817200547857 -99 -99 -99 -99 -99 -99 -99
-99 0.0493749221812529 -99 -99 1.5660001436619 -99 -99 2.24976465661617 -99 -99
-99 -0.272923061794115 -99 -99 -99 -99 -99 -99 -99 -99
-99 -99 -99 2.82366507892467 0.399190301939566 0.410487148423884 -99 -99 -99 -99
-99 -99 -99 -99 -99 -99 -99 -99 -99 -99
2.67364425500121 -99 -99 -99 -99 -99 2.42133159744552 -99 -99 -99
-99 -99 -99 -99 -99 -99 3.56025751777274 2.48940432404632 -99 1.97732618011732
-99 -99 -0.943100465131578 -99 -99 -99 -99 -99 -99 0.711927969145501
-99 -99 -99 3.13364358684208 -99 -99 2.86933921791713 3.09563570146933 -99 -99
-99 -99 -99 1.03274931673035 -99 -99 -99 1.30235619836074 1.45422709833401 -99
-99 0.721011773122289 -99 1.20022646769146 -2.02716193875465 -99 -99 -99 -99 -99
-99 -99 -99 -99 -99 -99 3.06838306501636 -99 -99 -99
1.63054367050787 2.78423498775657 1.83294912267986 2.1024828205028 -99 -99 -99 -0.785296898216075 0.573671932448175 -99
-99 -99 1.37174371185518 -99 -99 -99 2.66879604117316 1.28628996729537 -99 -99
-99 3.20768075945975 -99 -99 -99 -99 -99 -99 -99 -0.0542040458067556
-99 1.66001000475997 -99 -99 -99 -99 1.64278014962611 -99 -99 -99
-99 -99 2.06032419930786 0.138106371288731 -99 -99 0.00672347219149316 -99 -99 -99
-99 -99 -99 -0.545451958931636 -99 -99 -99 -0.0951734013372991 -99 -99
-0.467918136241244 1.09235966255781 -99 -99 -99 2.21515658538993 -99 -99 -99 -1.41978734888111
1.9725460509531 -0.643572863068685 0.766136730731131 -99 1.652066490551 -99 -99 -99 1.34746656393642 -99
-1.2801499877548 -99 -99 -99 -99 -99 -99 -99 -99 -99
-99 0.554299338313188 -99 -99 -99 -99 -99 -99 -0.47840163337213 0.389277119948168
-99 -99 -99 0.217088953534831 2.9273031566164 -99 -99 -99 0.17269942966085 -99
1.78599366361898 -99 -99 -99 -99 -99 0.516268280404532 -99 -99 2.61639288761962
1.54679204907043 -99 1.11089082926839 -99 -99 -99 2.74277460733285 -99 -99 1.48666958231891
0.605790878469484 -99 -99 -99 0.0364568486597192 1.47889044752383 -99 -99 -99 -99
-99 -1.08794186085182 -99 -99 -99 0.749109564806332 -99 -99 -99 0.221111228696311
-99 -99 -99 0.690212653957092 -99 -1.10467042234378 -99 1.66290767982727 0.961496448587655 -99
-99 -99 -99 2.20701501579016 -99 -99 -99 -99 2.0514498644078 -99
1.45502904045166 -99 -99 -99 -99 -99 -99 -99 -99 -99
-99 0.302316748076601 -99 -99 -99 -99 -0.826010450357696 -99 -99 0.69741662891944
-99 -99 1.83316515055535 2.49921648283915 -99 0.259716142715853 -99 -99 1.20698104119027 -99
-99 -99 -99 -99 -99 -99 -99 -99 -99 -99
-99 -99 -99 -99 1.58766829785019 -99 0.0993863802498416 -99 -99 -99
-99 -99 0.591814428478269 1.89624788045659 2.80703070569116 -99 -99 -99 -99 -99
-99 -99 -99 -99 2.81388220809555 -99 -99 -99 -99 -99
1.85180505506016 -99 -99 -99 1.06724069593366 -99 -99 -99 -99 -99
-99 -99 -99 -99 1.42505806779417 -99 -99 2.84511019477133 -99 -99
-99 -99 -99 -99 2.1457042890787 2.88136660985595 -99 -99 -99 -99
1.9315532389703 -99 -99 -99 -99 4.86771791366402 -99 2.39544312107079 -99 -99
-99 -99 1.94360161073446 1.80185790766453 -99 -99 -99 -99 -99 -99
-99 -99 -99 -99 -99 -99 -99 -99 0.160934028218545 -99
4.18241767521268 3.55130762314989 1.44919000453641 3.92505914152105 -99 -99 -99 -99 -99 -99
-99 -99 0.394848336162076 -99 -99 -99 -99 -99 1.21425550114521 -99
-99 -99 -99 -99 1.7001501464227 0.300024248975218 -99 -99 -99 -99
-99 -99 -99 -99 -99 -99 -99 -99 -99 -99
1.24737630611786 -0.984819689281379 0.396342658504331 -99 -99 -99 0.733845078107216 1.76391665017723 -99 0.192628518303311
-99 -99 -99 0.998820695579896 -99 -99 1.57979614673789 -99 -99 -99
-99 -1.23943229379117 1.04865014261766 -99 0.63534170986923 -99 1.00816968943653 -99 -99 -99
-99 -99 -99 -99 -99 -1.060095978007 -99 -99 -99 -99
-0.760875018168224 2.05881054834468 2.42543772034989 -99 -99 1.53588445546912 1.09897689724734 -99 -99 -99
0.882213519191752 -99 -0.714244552988977 0.928322673626201 -99 -99 -99 1.1607288179571 -99 -99
-99 -99 -99 -99 -99 2.08605860284902 -99 1.74572403618213 -99 -99
-99 0.405293459138566 -99 -99 -99 -0.292442018925906 -99 -99 -99 0.114129967334214
-99 -99 -99 -99 -99 -99 2.57298916576644 -99 2.3756056272163 -99
-99 -0.589141522469349 -99 1.63401864661525 2.40901826801451 -99 -99 -0.464281552591647 -99 -0.74404015736577
-99 -99 -99 1.76760006687068 2.32694418201665 -99 -99 -99 2.71769067400743 -99
-99 -99 0.376243303857882 -99 -0.835296135043526 -99 -0.771929906966095 -0.728990326860683 -99 -99
-99 -99 -99 -99 -99 1.67830318481688 1.27423844365557 0.562498533723321 -99 -99
1.61326838795388 -99 -99 -0.758344283138664 -99 -99 -99 -99 -99 -99
-99 0.721328875228639 -0.0336881753799072 -99 -99 -99 -99 -99 1.41108579664908 -99
-99 -99 -99 -99 -99 -99 -99 -99 -99 -99
-99 -99 -99 -99 -2.25815981775116 -99 -99 -1.00690766702197 -99 -99
-99 -99 0.628237010045954 -99 -99 -99 -99 -99 -99 -99
-99 -99 0.664039507719469 -99 -99 -99 -99 0.0697397781621326 -2.62529187439973 -99
-0.787229690194745 -99 -3.06099762331421 -99 -2.67926838601754 -99 -0.383181680046948 -99 -99 -99
-0.676591904526973 -99 -99 -99 -99 -99 0.36903907706218 -99 1.74986944455804 -0.227358520528959
-99 -99 -99 -99 1.5281997935635 -99 -99 -99 -99 3.07369821122751
-99 -99 -99 -99 -99 -99 -99 -99 -99 -99
-99 -99 -99 -99 -99 -99 -99 -99 -99 -99
-99 -99 -99 -99 -99 -99 0.00880007055430521 -99 -0.357635400894314 -99
-99 -99 -99 -99 1.29211176622089 -99 -99 1.32086147364544 1.68703068026356 -99
-99 -99 1.61176954872948 -99 -99 -99 -99 -99 -99 -99
-1.12175253200305 -99 -99 -99 1.18660390910785 -99 0.205484098864585 -99 -99 -99
-99 -99 -99 1.61049605304793 2.49901802860773 3.07519222631573 2.76562347732202 3.01799386631658 -99 -99
-99 -99 -99 -99 -99 -99 -99 -99 -0.311953943642638 -99
-99 -99 -0.380505320327443 -99 -99 -99 -99 -99 -99 0.0889717290703589
-99 -99 -99 -99 -99 -99 2.48244240903471 1.72240761011023 -0.454180385307455 -0.0937770955570925
-99 2.82139999481591 -99 -99 -99 -99 -99 2.78500901828335 2.76684507850741 3.29291068687257
-99 -99 -99 -99 -99 1.07255896240812 -99 2.95222839463235 -99 -99
-99 -99 -99 -99 -99 3.45722555523591 4.27441778936418 2.91439637732551 -99 -99
-1.20363160331178 -99 -99 -0.177360100901987 -99 -99 -99 -99 -1.29030782586003 0.293785226179441
-1.50360065052074 0.307687757408736 1.5919268973354 -99 -99 -99 -99 -0.475351202703888 -99 -1.22307143953052
-99 -99 -99 -99 -99 2.2072575977418 -99 -99 -99 -99
1.00923948348813 -99 -99 1.08372437340621 1.04752248442618 -99 -99 -99 -1.34826810200109 0.324758146158158
0.579075349258663 -99 -99 -99 0.620734648185016 0.909107875807513 0.82075235918614 -99 -99 -0.0801503476621659
-99 -99 -99 -99 -99 -99 -99 2.15528706636467 -99 -99
-99 -99 -99 0.0121012035954017 -99 -99 1.24100159421709 -99 -1.18375878479653 -99
2.65454756916836 -99 -99 -99 0.22088114734515 -99 -99 -0.0821372222514405 -0.774723448646828 0.237801353263101
-99 -99 0.768236662207274 -99 -0.270041156867115 -99 -99 -99 -0.641097604757557 -99
-99 -99 -99 -0.510009496743753 -99 -99 -99 -99 -99 -99
-99 -99 -99 -99 -99 1.7202905826623 -99 0.699510256197226 -99 -99
-1.7387053264717 -2.34869406027931 -2.99040036292564 -99 -99 -0.90055062880425 -99 -99 -99 -99
-99 1.39524642596993 1.45223352832358 -99 -99 -99 -99 -99 -99 -99
0.497502597236162 1.49429464561748 -99 -99 -99 -99 0.362399324240651 -99 2.27091540306858 -99
-99 -99 -99 -0.687112014173185 -99 -99 -99 -99 -99 -99
-99 -99 -99 -99 -99 -99 -99 -99 -99 -99
-99 -99 -99 -99 1.17738944071817 -99 -99 2.01483551697645 2.38409324856761 -99
-99 -99 -99 -99 -99 -99 -99 -99 -99 -99
-99 -99 -99 -99 1.11422397365706 1.64379370044489 -99 -99 -99 -99
-99 -99 -99 0.755501729197898 -99 -99 -99 -99 -99 -99
-99 -99 1.62026631407156 -99 -1.68056916370347 -99 -0.422250365235961 -99 -99 -99
-99 -99 -99 -99 0.306560033713826 -1.7094999251528 -99 -1.13222470201435 -99 1.00665799316897
-99 -99 -99 -99 -99 -99 -99 -99 -99 -99
-99 -99 0.633015804838691 -99 3.18075113674649 -99 0.950480708129282 -2.61096794808638 -99 -99
-99 -99 -99 -99 -99 -99 -99 -99 -99 -99
-0.131241977691543 0.221775186070854 -99 1.743017643717 -99 -99 -99 -99 -99 -99
-99 -99 -99 -99 -99 -99 -99 -99 -99 -99
-99 -99 -99 -99 0.506338116605566 0.386937651275771 -99 -99 -99 -99
-99 -99 -99 -99 -99 -99 -99 -99 -99 -99
-99 0.640571440602342 -1.11739054987549 -1.63653215739515 -0.0945443385624722 -99 0.581990594013261 -99 -99 -99
-99 1.82017033145962 2.06447772816898 -99 -99 -99 -99 -99 -99 -99
-99 -99 -99 -99 -0.743582295638362 -99 0.460692027562075 -99 -99 -99
1.09721324448753 -99 0.669224571042201 -99 -99 -0.432578811601424 -99 -99 -99 2.25755162245053
-99 -99 -2.78822528601664 -99 -99 0.118418325461581 -1.54257535154917 -99 -99 -0.798638409677989
-99 -99 -99 -99 -99 -99 -99 -99 -99 -99
-99 -99 -99 -99 -99 0.688369550738061 -99 3.43073267349249 -99 -99
-99 -99 -99 -99 -99 -99 -99 -99 -99 -99
-99 -99 -99 -99 -99 -99 -99 3.84233752227139 0.0910382204013716 -99
-99 -99 -99 2.60381161044618 -99 -99 -99 -99 -99 -99
-99 0.102171327919375 -99 -99 -99 0.462409782331285 0.921391635601735 -99 1.72179799377311 -99
-99 -99 -99 -99 -99 -2.23614890439289 -99 0.0450603502606999 -1.59385577668855 -99
-99 -99 -99 -99 3.54601346921471 2.58985649400179 -99 -99 3.98374580986772 -99
-99 0.837955309531073 -99 -99 -99 -99 -99 -99 -2.52708801332995 -0.588957201125858
-99 -99 -99 -99 -99 1.48523054452878 -99 -99 -99 0.664804664562658
1.39477278238372 -99 -99 0.0654354738217117 -99 0.632867061527631 0.5474549877835 -99 -99 -99
1.49053252233238 -99 -99 1.1108357472604 -99 -99 2.40862166312788 -99 -99 0.703885850021531
-0.408222770675846 -99 -99 -99 0.347162230929719 -99 1.15875304791405 -99 -99 -99
-99 2.56670053864967 1.25007048633476 -99 2.08656266076685 -99 -99 -99 1.27916133569328 -99
1.12174729757519 1.54124693193149 -99 0.449146646731181 -99 0.372262267432931 1.91816926890972 -99 -99 -99
-99 2.28139464901837 -99 1.89842069003895 -99 -99 -99 -99 2.50456219405608 -99
-99 -99 -99 -99 -99 -99 -99 -99 -99 -99
-99 0.0350319633937772 -99 -99 -99 -99 -99 2.5460733341485 -99 -99
-99 -99 -99 -99 -99 -99 -99 -99 -99 -99
0.377577028802536 -99 -99 -99 -99 -99 -99 -99 -99 -99
-99 -99 -99 -99 -99 1.23978929399923 -99 -99 -99 -99
-99 -99 0.478897628381907 -99 -99 -99 2.01343010784424 -99 -99 -99
-99 -99 -99 1.60125572319702 -99 -0.0183266627119432 -0.0715048442890795 -99 -99 -1.61509935420444
-99 0.182782279850165 -99 0.0355828399699543 -99 0.721825054982681 -99 -0.11958240646355 -99 -99
-99 -99 -99 -2.09863925547315 -99 -99 -99 -99 -99 0.802102885904365
-99 -99 -99 -99 -99 -99 -99 -99 -99 -99
-99 -99 -0.0789289644235425 -99 -99 0.857645004221924 1.61402932967751 -99 -99 -99
-99 -99 -99 -99 -99 -99 -99 -0.644029199732895 -99 -99
-99 -99 -99 2.34229744497426 -0.523042488653284 -0.288740174853064 -99 -99 -99 -99
-99 -99 -99 -99 -99 -99 -99 -99 -99 -3.27615458894922
1.85737882594807 -99 -99 -99 -99 -99 -99 -99 -99 -99
-99 3.33972051890433 1.6929605088249 1.14680449859897 -99 -99 -99 -99 -99 -0.38595933896882
-99 -99 -99 -99 -99 -99 1.90723628454135 -99 -0.512479302950616 -99
-99 -99 -99 -99 -99 -99 -99 -99 -99 2.77618548280527
-99 -99 -99 1.38752796734704 0.872613158637121 2.63357837543729 1.33236718278633 -99 -99 -99
-0.262685225514119 -99 -99 -0.949692560903982 -99 -99 -99 -0.356692161913385 -99 1.13697788685185
-99 -99 -1.28389643192224 -99 -99 -99 -99 -99 -99 0.596131099642574
2.96240165646215 -99 2.99760574849041 -99 -99 2.53414829976536 -99 0.675761852481536 -99 -99
-99 -99 -99 -99 -99 -99 -99 -99 0.586489317461432 -99
-99 -99 -99 -99 -99 -99 -99 -99 -99 0.817330857837616
-99 -99 -99 3.86196773912914 -99 2.29385903592902 -99 3.62847551170331 4.65757058552366 -99
-99 0.183025382848916 -99 -99 -99 -99 -99 1.60235906173664 -99 -99
-99 -99 -99 -99 -0.0932444989174932 0.284866846340872 -99 -1.07488418429008 -99 -99
-99 3.24622043830289 -99 -99 -99 0.587436874867434 -99 -99 -99 -99
-99 -99 -99 -99 -99 1.25103677748591 -99 -99 -99 -99
-99 -0.745805885090395 -99 -99 -99 -99 -99 -99 -0.449091880189766 -99
-99 -0.671470060059894 -99 -99 -99 -99 -99 -99 -99 -99
1.90143407790709 -99 -0.935833551078823 -99 2.60341258322928 -99 -99 0.328655484658555 -99 2.48467852577717
-99 -0.0943238852259296 -99 -99 -99 -1.3357905851485 -99 -99 -99 -99
-99 -99 -99 -99 -99 -99 -99 -99 -99 2.45820734668169
-99 -99 -99 -99 -99 1.39011758976755 -99 -99 -99 -99
-99 -99 -99 -99 1.67790644805634 3.43400548708571 2.47566678655753 -99 -99 -99
-99 -99 -99 -99 -99 0.334446106200333 -99 -0.20700452563348 -99 -99
-99 -99 0.968660944995136 -99 -99 -99 -99 -99 -99 -99
-99 1.37897667759694 -99 -99 0.433113550141908 -99 -99 -99 -99 -99
-99 -99 -99 -99 -99 -99 -99 -99 -99 -99
0.95948942183613 -99 -99 -99 -99 -99 -99 -99 -99 -99
1.58690797936241 -99 -99 -99 -99 -99 -0.756007864814777 -99 -99 0.0932498411097105
-99 -99 -99 2.49015881316118 -99 3.0095853856256 -99 -99 2.05742046320234 3.3552978362446
-99 -99 -99 -99 -99 -99 -99 -99 -99 -99
-99 -99 -99 -99 -99 -99 -99 0.752727756369843 -99 -99
1.30130980855897 0.929053432500409 0.827638124217361 -99 -99 1.35737070965703 -99 -99 -99 -99
1.00708453717536 -99 -99 -99 -99 -99 -99 -99 0.381409923632111 0.234273587461601
-99 -99 -99 -99 3.08488782885269 -99 -99 -99 -99 -99
-99 -99 -99 -99 -99 -99 3.4891955380326 -99 -99 -99
-99 0.596264178557256 -0.189140610761254 -99 -99 -99 -99 -99 -99 1.85112866085592
2.05101241632018 0.720015844895702 -99 -99 2.32428577331524 2.38269294731247 -99 1.02633817951638 -99 -99
1.28032780472569 -99 -99 -99 -99 -99 -0.203742422105992 -99 -99 -99
-99 -99 -99 -99 -99 1.02073694978342 -99 -99 -99 -0.0488679384460478
-99 -99 1.08236138047443 -99 -99 -99 0.902447338821602 -99 -99 -99
-99 -99 -99 0.875705579476217 -99 -99 -99 0.209148565446688 -99 -99
1.85608114505657 -99 2.33350993179814 -99 -99 -99 -99 1.77261141252425 2.71944440015537 2.1344428897136
-99 -99 -99 -99 0.0114774195363246 -99 -99 -99 -0.244431517411448 -99
-99 -99 -99 0.700960242335697 -99 0.733439750695808 -99 1.32518820516254 -99 -0.938566835513371
-99 -99 -99 -99 1.69128069214835 -99 -99 -99 -99 -99
-99 -99 -99 -99 -0.249858234963065 0.672022434046195 -99 0.095600525075173 -99 -99
-99 1.39485742092305 -99 1.96867972714077 -99 -99 -99 -99 -99 1.44788509396537
-0.709005527956122 -99 -99 -99 -99 -99 -99 -1.12612183885495 -99 -99
-99 -99 2.01235424287203 -99 0.0297213942831197 -99 -0.533566270694861 -99 -99 -99
-99 -99 -99 3.66999027136907 0.687878173409044 3.24266332436923 -99 -99 2.35009575194193 -99
-99 -99 -99 -99 -99 -99 -99 -99 -99 1.51413556624687
-0.0832832974169515 -1.47651979062682 -99 -99 -99 -99 -99 -99 -99 -99
-99 -99 -99 0.977365236225426 -0.749117294792173 -99 -99 -99 -99 -99
1.29910493862115 -99 -99 -99 -99 -99 -99 -99 -99 -99
-99 1.33396443082832 -99 -99 -99 1.7536603274359 -99 -99 -99 -99
-99 -99 -2.06406429540871 -99 -99 -0.808807877752166 -99 -99 -99 -0.744409934384158
-1.37726976908531 -99 -99 -99 -0.168838197171753 -99 -99 -99 -99 -99
0.978139471842939 -99 -99 -99 -99 -99 -99 -99 -99 -99
1.0145848099399 -99 3.43347358259035 -99 -99 2.90273237945948 -99 3.50587069810299 -0.231800114930143 -99
0.272973253054948 -99 -99 1.56662152546194 -99 2.64000330745535 -99 -99 2.3138523555081 2.23961104919183
-99 -99 0.543787573927939 1.56932340264671 -99 -99 -99 -99 -99 1.91502162792822
3.23808585837259 1.94456415869451 -99 -99 -99 -99 -99 -99 0.964964257164998 -99
-0.0261728577188507 -99 1.20862249895922 -99 -2.32121450368057 -99 -99 -3.150043671892 -99 -1.37648507595283
-99 1.04787365682715 -99 -99 -0.740945905473372 1.00875223400675 -99 -1.37269250234081 -99 -99
-99 -99 -99 -99 -99 -99 -99 -99 2.16072904743391 -99
-99 -99 -99 -99 2.88906104915128 -99 -99 1.68624070884358 -99 -99
2.45374041019905 1.85050164648002 3.13699050762126 -99 -99 -99 3.50365036972858 1.88593781122575 -99 2.45866214951827
2.35857164843467 -99 -99 -99 -99 -99 -99 -0.580849092961563 -99 -99
-99 -0.222534981340192 -99 -99 -99 1.47025373386243 -99 1.46569632385825 0.836456978412521 1.22372671623932
1.90906617583087 -99 -99 -99 -99 -99 -99 -99 0.255274267121746 -99
1.15418023331267 -99 2.05289004445361 -99 -99 -99 -99 2.11494903912338 -99 -99
-99 -99 -99 -99 -99 -99 -0.102194761316 -99 2.4118768446168 -99
-99 -99 -99 0.868493323092355 -99 2.30846865222158 -99 -99 -99 -99
-99 -99 0.808549784005169 -99 -99 -99 -99 -0.887541058821466 -99 1.0554421077692
-99 -99 -99 -99 -99 -99 -99 -99 -99 -99
-99 -99 -99 -99 -99 0.884952650223061 -99 -99 2.55150954005928 -99
-99 -99 -99 -0.0194028962035715 -99 -1.08895966278071 -99 -99 1.7792521457598 -99
-99 3.15569956434012 -99 0.166124667266072 -99 -99 -99 -99 -99 -99
-99 -99 1.44975874400466 -0.339773275557314 -99 0.677566530254221 0.634435537680159 -99 -99 -99
-1.17531347842069 -0.242340830120227 -99 -1.03065445878133 -99 -99 -99 -0.132655273662351 -99 -99
-99 0.675332399845157 -99 -1.5337884642006 -0.489670448341738 0.415754448738017 -99 -99 -0.0531465863061802 -99
-99 -99 -99 -99 0.139909214288998 -99 -99 -99 0.369086743798667 -0.412702104201249
-99 -99 -99 -99 -99 2.1405125755354 1.28072685613452 -99 -99 -99
-99 -99 -99 -99 -99 0.557075741474519 0.532578538921589 -99 -99 -99
-99 -99 -0.718960966167762 -99 0.336369843254361 -99 0.707517599618662 -99 -99 -99
-99 -99 -99 -99 -99 0.501765673839619 -99 -99 0.923722098969351 -99
-99 -99 -99 -99 -99 -99 -99 -99 -99 -99
-1.06962557388824 -99 -99 -99 -1.06030089375661 -99 -1.4973702750297 -99 -99 -99
-99 -99 -99 -99 1.79074781449926 -99 -99 0.602786475200627 -99 -99
-99 -99 -99 1.72646081577426 -99 2.90977031756534 -99 -99 -99 -99
-99 -99 -1.62274552493374 -99 1.78142652277663 -99 0.544777854746084 -99 -99 -99
-99 -99 -99 -99 0.371494428375266 1.81576989220918 1.65029165603389 -99 1.78395466278139 -99
-99 -99 -99 -99 -99 -99 -0.0968145171253949 -99 -99 1.84909700356438
-99 -99 -99 -99 1.24250671577126 -99 -99 -99 -99 0.658002485854626
-99 -99 -99 -99 -99 1.31415936421329 -99 -99 -99 0.171593333659184
-99 -0.922483384911184 -99 -99 -99 -99 -99 -0.424703520475461 -99 0.822992416440884
-2.30787082260128 -99 -99 -99 -99 0.917819549494107 -99 -99 -99 -99
-99 -99 -99 -0.370354352763457 -99 -99 -0.487307331784379 -99 -99 0.276244958669287
0.738084274287829 -99 -99 -99 -99 -1.54845691806679 -1.00089352965361 -0.0723763403695334 -0.653149835340789 -99
-99 -99 -99 -1.03802011825627 -99 -99 -1.83452208324982 -99 -99 -99
4.66746640911327 1.25043199427388 -99 -99 -99 -99 -99 -99 2.6655041035445 -99
-99 -99 1.44653682768754 -99 -99 2.07507105953888 -99 -99 -99 2.12197740323507
-99 -99 -99 -99 -99 -99 -99 -3.11198084340549 -99 -99
1.06779310892315 -99 -99 -99 -99 0.198091426179919 -99 2.95478592772647 -99 -99
-99 1.88499136687654 -99 -99 -99 -99 -99 -99 -99 -99
4.21885727191508 -99 -99 -99 -99 -99 -99 -99 -99 -99
-99 -1.02597374147802 -99 -99 2.93066309087914 -99 0.501095430787617 -99 -99 1.3750767796909
-99 -99 -99 -99 -0.533623644127069 -99 -1.91036361844416 -99 -0.880859812662087 -99
-99 -99 0.127129123469531 -99 -99 -0.204146475951802 -99 -99 -99 -99
0.580799642956195 -99 -99 -99 1.04347229502324 -99 -99 -99 -99 -99
-99 -99 3.4494873721599 -99 -99 1.73383246008024 -99 -99 -99 -99
-99 -99 -99 -99 -99 -99 -99 -99 -99 2.18109290753814
-99 -99 -99 -99 -99 -99 -99 -99 2.1621439109373 -99
1.86187492479426 2.59897029600004 -99 -99 -99 -0.0272710532143166 -99 -99 -99 -99
-99 -99 -99 1.71959143578457 -99 -99 2.42588431360201 -99 -99 -99
-99 -99 -0.856773790975778 0.686410962001953 -99 -99 -99 -99 0.949250538812808 -99
-99 -99 -99 2.81545648563302 -99 0.65669392496323 -99 -99 -99 1.19400995851444
0.77376756106389 -99 -99 -99 -99 -99 -99 -99 -99 -99
1.0614804645498 -99 -99 -99 -99 -99 -99 -99 1.23147804719756 -99
-99 -99 0.518764660523988 -99 -99 -99 -0.537391885942783 -99 -99 -1.60634013094406
-99 -99 -0.200801178884664 -99 -99 -99 -99 -99 -99 0.448727775342017
-99 -99 -99 -99 -99 -99 -99 -99 -99 -99
2.1860906987599 -99 -99 -99 -99 1.57087879660821 0.357595681744592 -99 -99 -99
0.683456139640823 -99 -99 -99 2.44875822500178 -99 -99 -99 -99 1.74871876657492
-99 1.65725387959799 -99 -99 -99 -99 -99 -99 -99 -99
-1.21439989328212 -99 1.51588682173272 -99 -99 -99 -99 -99 0.779272597359063 -99
0.669696352565063 -99 -99 -99 -99 -99 -99 -99 -99 -99
-99 -99 -99 -99 -99 -99 -99 -99 -99 0.0694682278155273
-99 -99 -0.013521662038386 -99 -99 -99 -1.20290087120947 -99 -99 -99
-99 -99 2.57256509761024 -99 2.7271864846999 -99 1.60230175918983 -99 -99 -99
1.07840657811589 2.22567847677829 0.176842618788347 -99 -99 -99 3.96885755572687 -99 -99 -99
-99 3.20634421732258 -99 -99 -99 -99 -99 -99 -99 2.49088980877411
-99 -99 -3.54943807510429 -99 -1.74262427230683 -99 -99 -99 -99 -99
-99 0.12444456690539 -99 -99 -99 2.02205672566446 -99 1.38023332823222 -99 0.414846735686964
2.33341660197126 -99 -99 -99 3.15442887733388 2.41023208887463 -99 -99 -99 -99
0.603090584519306 2.81365234213965 -99 -99 -99 -99 1.48038653625455 -99 -99 -99
-4.20945923946944 -99 -99 -99 -99 -99 -99 -99 -99 -99
-0.641148429511005 -99 -99 -99 -99 -3.08549087221704 -99 -99 -99 -0.0626128540894724
-99 0.990198934780096 1.07409227023125 -99 -99 0.904039109216713 0.359186633730885 -99 -99 3.05362410796781
-99 -99 -99 -0.421993486678778 -99 -99 -99 -99 1.54221319575189 -99
-99 -99 -99 0.506780317251293 -99 -99 -99 -99 -99 -99
-99 -99 -99 -99 -99 -99 -99 -99 -99 -99
-99 -99 2.02646717726885 2.7229831445392 -99 -99 -99 -99 -99 -99
-99 -99 -99 1.13544532294015 -2.18305922882513 0.0926008598455245 -99 -99 -0.102891717338765 -1.84191977462871
3.31723938454986 -99 -99 -99 -99 -99 -99 -99 -99 2.93032235873512
1.0464866908025 -99 2.36296257341928 -99 -99 -99 -99 -99 -99 0.603335453320729
1.64609413449753 -99 -99 -99 -99 2.57756397334753 -99 -99 -99 -99
-99 -0.941196489349824 -99 -99 -99 -99 0.114053928100075 -99 -99 -0.117324154287624
-99 -99 -99 -2.277812247622 -99 -99 -1.55424110669327 -99 -99 -99
2.85924463126431 -99 -99 -99 1.68671954292042 0.974691725781472 -99 -99 -99 3.19674618269588
-99 -99 -99 -99 -99 -99 -99 -99 -99 -0.567585859024895
-99 -99 -99 -99 -0.339748100590324 -99 2.14431497232236 -0.146486751542762 0.87027643622558 -99
-99 -99 -99 1.48789630637917 -99 -99 -99 -99 2.78651670824638 -99
0.978281284376963 1.55512051400273 -99 2.01595343949993 -99 -99 -99 1.87610310711956 -99 -99
-99 0.846763072636391 -99 2.12700302820083 2.65562216534251 -99 -0.61840033949378 -99 3.13843298789403 -99
1.78780799087686 -99 -99 -99 -99 -99 -99 0.893771131617032 -99 -0.497227695295281
-99 -99 -99 2.04325263367467 -99 -99 -99 -0.0456316021939791 -99 -99
-99 -99 -99 -99 1.06443147669308 -0.814016181325691 -99 -99 0.850260830801412 0.165675835995555
2.20671400642953 -99 -99 -99 -99 -99 -99 -99 0.329309803939428 -99
-99 -99 -99 -99 -99 0.175125958683404 -99 -99 -99 -99
1.62614329214904 1.78721090427652 -99 -99 -99 -99 -99 -99 3.09009299602203 -99
-99 -99 -99 -99 -99 0.569277035047563 -99 0.253950198457085 -99 -99
-99 -99 -99 -99 -0.532750058970998 -99 -0.666831731698433 -99 -1.5916766102444 -99
-99 2.35162865532855 -99 -99 -99 -99 -99 0.443711801712973 -0.591202342232478 -99
-1.89246497132525 -99 -99 -99 -99 -0.675297343935942 -99 -99 -3.04612292350617 -1.20718386147725
-99 -99 -99 -99 -99 -99 -99 -99 1.54714651375778 1.47918298253118
-99 2.11626899110904 -99 -99 -99 -99 -99 -99 -99 -99
-99 -99 -99 -99 -99 -99 -1.10966318203904 -99 1.39714209245073 -99
-99 2.26879923170489 -99 -99 -99 -99 -99 2.73607919850425 -99 -99
0.122668471223853 -99 1.1863045434192 -99 -99 -99 -0.718584255842677 -99 -99 -99
0.682729752870508 -99 -99 -99 -0.0955756023634036 -99 -99 -99 -99 1.1379623322434
-99 -99 -99 -99 -99 -99 -99 -99 -99 -99
-99 -99 -99 -99 -99 -99 -99 0.890173455277749 -99 -99
-99 -99 -99 0.36398377044729 -1.46321190864264 -0.797644815379174 -99 -99 -99 1.76183381401684
-99 -99 -99 0.481105875892643 -99 -99 -99 -99 0.428404831392476 -99
2.93556204318446 -99 1.22301017449532 2.87987545136742 -99 4.25648834505826 1.58327152405927 -99 -99 -99
-99 2.62519597861877 0.472268075970279 -99 1.29949065535902 -99 -99 -99 -99 1.95935535811702
-99 -99 -99 -99 -99 0.912876164920244 -99 -99 1.84650396923202 -99
-99 0.726614852760244 -99 -99 -99 -99 -99 -99 -99 -99
-99 -99 -99 -99 -99 1.74556321301246 -99 -99 1.58710935970947 -99
-99 0.769028730785188 -99 -99 -99 -99 -99 -1.62793632551496 -99 0.762281383758814
-99 -99 -99 -1.21137487451938 -99 -99 -0.0358423834316148 -99 -99 -99
-99 -99 2.55059401414393 -99 -99 -99 -99 1.736394285977 1.83771745333084 -99
-99 -99 -99 -99 -0.890132781897627 -99 -99 -99 -99 1.92118515810286
-99 -99 -99 -99 -99 -99 -99 -99 -99 -99
-99 -99 -99 1.66484897572538 -99 -99 0.053803676436742 -99 -99 -99
-99 -99 -99 -99 0.797680064865995 -99 1.10463513129068 -99 -99 -99
2.30615820903778 -99 -99 -99 -99 -99 -99 -99 -99 -0.572630323700446
-99 -99 1.80424023386213 0.995131624865008 1.17317468253366 -99 -99 -99 -99 -99
-99 -99 -99 -99 3.02055896006571 -99 -99 2.1901589863843 -99 0.168746854123546
-99 -99 -99 -99 -99 -0.720552119810749 0.618296249242205 0.76218939296688 -99 -99
-99 -99 -99 -99 -99 -99 -99 -99 -99 2.10330231860515
-99 1.63330871074566 1.76206712675794 -99 0.476774684923705 -99 -99 -99 -99 -99
-99 1.43326705630431 -99 -99 2.13157029996212 -0.574819474652896 -99 0.226247853540139 -99 -99
-99 -99 0.264649260214375 -99 -99 -99 -99 -0.292495775034515 -99 -99
-99 -99 -2.09893974276039 -99 -0.574478943314302 -99 -99 -99 -0.476650016568709 -99
-99 -0.0465172918329022 -1.28003038660692 0.573394807486868 -99 -99 -99 -99 -99 -1.83139851297768
-99 -99 1.59440899754063 -99 -99 0.308979080833567 1.94977364813639 -99 0.325472678280142 -99
1.48431731694787 -99 -99 0.0437384619607339 1.72631181414005 -99 2.10680975254375 -99 -99 -99
-99 -99 -99 -99 -99 0.214244557052591 -99 1.45484205396018 -99 -99
-99 -99 -99 -0.0473304253389788 -1.29943703095595 -99 -99 -0.780946779926656 -99 -99
-99 -99 -99 -99 -99 0.553259059041614 -1.39826818609667 -99 -0.890435888221303 0.933420279739501
-99 -99 -99 -99 -99 -99 -99 0.629780165719764 -99 -99
3.47481107240643 -99 1.26642457134556 -99 2.34914198402664 1.81097317684089 -99 -99 -99 -99
-99 -99 -1.16786509895085 -99 -99 -99 -99 -99 -99 -2.3662384242171
-99 -99 -0.97419394254518 -99 -99 1.28848719566712 0.334367046022112 -99 -99 -99
-0.371011344274494 -99 -99 -0.27799877331224 -99 -0.959765458242308 -99 -99 -99 2.22350823509872
-99 -99 0.543787548184087 0.702228629111622 -99 -99 -99 -99 -99 -0.110904972043143
-99 -99 2.19134521381213 1.58693418118112 -1.39388207463559 -99 -99 -99 -99 -99
-1.68919294125305 1.56274500025717 -99 -2.30507652629728 -99 -99 -99 -99 -99 -99
0.333857054125007 1.97039888897272 -99 -99 -99 1.06721766052859 -99 -99 -99 -99
-99 -99 -99 -99 -99 1.17780182548301 -99 2.22506105493124 1.50545589687579 2.41686139234076
0.0200188909271315 -99 -99 -99 -99 -99 1.49395728619997 -99 2.07655372827576 -99
-99 -2.33117045668617 -0.872041610360076 -99 -99 -99 -99 -0.762644822943464 -99 -99
1.38391379223825 -99 -99 -99 -99 -99 -0.386208048655656 0.00575360449749307 -99 -99
-99 -99 2.67536172693119 -99 -99 -99 -99 -99 -99 -99
-99 -99 -99 -99 3.38094550760932 3.74066480094102 -99 -99 -99 -99
-99 -99 2.58709750926855 -99 -99 -99 -99 0.178048307715083 -99 -99
-99 -99 -99 -99 -99 1.29742354891351 1.52302343427834 -99 -99 -99
-0.692192891892736 -99 -99 -99 1.31322189571966 -99 -99 -0.771471815554591 -99 -0.435601848081021
-99 -99 -99 4.42469524380948 -99 -99 3.53007273713424 -99 -99 -99
-99 -99 -0.286322732662475 2.09703716206991 -99 -99 -99 0.886142392567401 -99 -99
0.087764178620456 2.07419485690046 -99 1.53808515799613 -0.27458492366825 -99 -99 -99 1.85555458853868 0.904622096753691
-99 0.767278035300641 -99 -99 1.69802810816218 0.174935301527795 -99 -99 -99 -99
-99 -99 -99 -99 0.590993586127722 -99 -99 0.889619249568522 -99 -99
