-99 -99 -99 -99 -99 -99 -99 -99 -99 -99
-99 -99 -99 -99 -99 -99 -99 -99 -99 -99
-99 -99 -99 1.44601479668936 -99 -0.1426177900242 -99 -99 -0.785831892972257 -99
-99 -99 -99 -0.261663081837126 -99 -99 1.45864496064884 -99 -99 -99
-99 -99 -99 -99 -99 -99 -99 -99 -99 -99
-99 -99 -99 -99 -99 -0.111382010366769 0.751893777346036 -99 0.378215880786082 -0.343298699179856
-99 1.8174803607917 -99 2.09942345088645 -99 1.11895308417262 -99 0.728594724537495 -99 0.931088926753888
-99 -99 -99 -99 -99 -99 -99 0.561648430195489 -99 -99
-99 0.601792850960704 2.20635951780982 -99 -99 -99 1.90738025536165 -99 2.73051895075325 -99
-99 -99 -0.225461039428071 -0.42818027734837 -99 -99 1.273672854481 -99 -99 0.572373914681877
-0.206312653966717 -99 -1.0499998577811 -99 -99 1.89098972913859 -99 -99 -99 -99
-99 -99 -99 -99 -99 -0.0628398384016675 -99 2.01797530947256 -99 -99
-99 -99 -99 0.817044536109863 -99 -99 -99 -99 -99 -99
-99 0.977270401856084 -99 -99 -99 -0.583011255887776 -99 -99 -99 -99
-99 -99 -99 -99 -99 -99 -99 3.72898638985132 -99 -99
-99 1.56551350453099 -99 -99 -99 2.6466313658402 2.87812430146251 -99 -99 4.96650111341739
-99 -99 -99 1.79810290087966 -99 -99 4.22824041329981 -99 -99 -99
-99 -99 -99 -99 -99 -99 -99 -99 0.1929585654253 -99
-99 0.00452580142456394 0.728605545101341 -1.20939706860793 -99 -99 -1.76526687012692 -99 -99 0.644197256891532
1.06087637566778 -99 4.34912713308917 1.22386748240008 -99 -99 -99 -99 -99 -99
-99 -99 -99 -99 -99 -99 -99 -99 3.50783655932301 -99
0.939077361592495 1.4523581893723 -99 -99 -99 -99 -99 -99 -99 -99
-99 -99 -99 -99 -99 -99 1.74215266949181 -99 -99 -99
2.0167017207148 -99 -99 -99 1.7452769841146 -99 -99 -99 -99 -99
-99 -99 -99 -99 -99 1.06937810800671 -99 -99 0.246799758872544 -99
1.62216557285153 -99 -99 -99 0.983508339837068 -99 -99 -99 -99 -99
-99 -99 -99 -99 -99 -99 -99 -99 -99 -99
-99 -99 -99 -99 -99 -99 0.060180584950243 -99 -99 -99
-0.691387975312295 -99 -99 0.147148828377972 -0.31797041948958 0.0336500530137156 -0.249218065041439 1.19421949852993 -99 -99
-99 -99 -99 -99 2.92909110202385 -99 -99 -99 0.779601808447589 -99
0.527971630401279 0.311001995348063 -99 -99 0.32290615648125 -99 -0.0492187020289825 -99 -0.580043574742553 -1.0848868749817
-99 -99 2.03607141256433 0.768203335098086 1.02767269339321 -99 1.03649780916008 -99 -99 -99
-99 1.17808908891828 -99 -99 -99 -99 -99 -99 -99 -99
-99 -2.21437349905757 -99 -99 -99 -99 -3.1238689208424 -2.35373805270884 -99 -99
-99 2.00386393867916 2.86791248426448 -99 -99 -99 -99 -99 -99 -99
-99 -99 -99 -99 -99 -99 2.06277173162746 1.81323101364353 -99 -99
-99 -99 -99 -99 -99 -0.0807416079934766 -99 -99 -99 -99
-99 -99 -99 -99 -99 -99 -0.222475310815094 -99 0.0752155181442385 -99
-99 -99 -99 -99 0.0373674625358558 -0.544195935577825 1.27989287055555 -99 -1.13928511390872 -99
-99 -0.518563757581214 -99 -99 -99 -99 -99 3.67434121266807 -99 -99
-99 -99 -99 -0.89731011139694 -99 -99 -99 -99 -99 1.47003335594913
-99 0.780226800218653 1.23986651484849 -99 -99 -99 -99 -99 -99 -99
-99 -99 -99 -99 -99 -99 -2.33482782271047 -99 -99 -0.960268440367356
-99 2.01165257262798 -99 -99 -99 1.1619152278281 -99 -0.00741678656069622 -0.0620035779813215 -99
0.780226687701157 -99 -0.390883740783459 -99 -99 -2.37907562578994 0.21747126421082 -99 -99 -1.04830142350314
-99 -99 -1.35733218426971 -99 -0.495251194205498 -99 2.9215202154362 -99 -99 1.47756536771133
-99 -99 -99 -99 -99 3.95058764488954 -99 -99 -99 2.61284724141051
-99 -99 -99 -99 -99 -99 -99 1.04201714970102 -99 -99
-99 -99 -99 0.72558016400164 -99 -99 -99 -99 -99 -99
-99 2.26359844099551 -99 -99 -99 -99 -99 -99 -99 -99
-99 -0.108579154374725 -99 -99 -0.811500947640461 0.255837348915726 -99 -99 -99 -99
-99 -99 -99 -99 -99 -99 -99 -99 -99 -99
2.33586837099253 -99 -99 -99 -99 -99 2.06064651013483 -99 -99 -99
-99 0.502440399665217 -99 -99 -99 0.196735999344494 -99 -99 -99 1.5833840082499
-99 -0.232802535275726 -99 -99 -2.37071623662918 -99 0.446912935203609 0.599635721383767 -99 -99
-99 -99 -99 -99 -99 1.03851733851564 -0.637565775450316 -99 -0.951022161173815 -99
-99 -99 -99 1.05830479762024 -99 -99 2.12330204268722 -99 -99 -99
2.63321173942429 3.66760853722069 -99 -99 -99 -99 -99 -99 0.916950341822463 -99
-99 -99 -99 -99 -99 -99 -1.28199305581211 -99 -99 -0.656344256653744
-99 -2.10742415680332 0.178235644116987 -0.523890477631996 -99 -1.56242046786872 -99 -99 -99 0.15342167017584
-99 -99 -99 -99 -99 -99 -0.0716335702909328 -99 -99 -1.42469283545752
0.621742513038596 1.48679115908232 -99 1.3600349500965 1.88220140336545 1.16834636369166 -99 -99 -99 -99
-99 -99 -99 2.51177750622424 0.704530636138776 -99 -0.524448444302331 3.33732059265578 2.21250098692379 -99
-99 -99 3.08017977832486 3.44217770608732 3.10782533023914 -99 -99 -99 -99 -99
-99 -99 -99 -99 -99 -99 1.38792950258584 2.13289370780445 0.670084990584101 -99
-99 -99 -0.232570511732119 -99 -99 0.49498806507975 1.29463981751867 -99 0.744208706717721 -99
-99 -0.558405427428632 -99 -99 -99 -99 -99 -99 -0.185501278852955 0.906232687548876
-99 -99 -99 -99 0.314927577031829 -99 -99 -99 -99 -99
-99 -99 -99 -99 -99 -99 2.10238614078209 -99 -99 2.45811033478025
0.159028973599754 -99 -99 -99 -1.14682632511708 0.472778699637203 2.31502064287576 -0.00596705428562361 -0.450086212410844 0.234434616869444
1.72855887547728 -99 -99 -99 -99 -99 -99 3.28936399979272 1.79392252840781 -99
-99 -99 -99 -99 -99 -99 -99 2.0034374937798 0.578347834598231 -99
-99 -99 -99 -99 0.160718273009241 -99 -99 -0.481754538261801 -99 -99
2.22131766197056 -99 2.66893216602453 3.69884090826396 4.061043804505 -99 5.0582989623965 2.88169009051176 -99 -99
-99 -99 -99 -99 -99 2.02758026341841 -99 1.03631793292333 -99 -99
-99 -99 -99 -99 -0.24379269864395 -99 -99 -99 1.12552634180534 -99
3.31580215688028 0.88223584471815 -99 -99 2.65453024079726 2.14752355045855 -99 -99 -99 -99
-99 -99 1.57250692010329 -99 -99 -99 -99 -99 -99 -99
-99 -99 -99 0.521706257589096 -99 -99 -99 -99 -99 -99
-99 -99 -99 -99 1.60593146139499 -99 -99 -99 -99 -99
-99 -99 -99 -99 -99 -99 -99 -99 -99 -99
-99 -99 -99 -99 -99 -99 -99 -99 -99 -99
-99 -99 -99 -99 2.90684447995016 -99 -99 -99 -99 -99
-99 -99 1.35327064027941 -99 -99 -1.70189193420526 -99 -99 -99 -99
-99 -99 -99 -99 -99 -99 0.0325736741111354 -99 -99 -99
-99 -99 -99 -99 -99 -99 -99 3.70505377161527 -99 -99
-99 -99 -1.04208259987698 -99 -99 -99 -99 -0.564060495735468 -99 -99
-99 -0.567103883862865 -1.55316543317571 1.48696690066122 -0.187345740276042 2.26963587955105 -99 -99 -99 -99
-99 -99 -99 -99 -99 1.95063830726105 -99 2.35954163729912 -99 -99
-99 -99 -99 -0.837899027229006 -99 -99 1.3279306629507 -99 -99 -1.05574440199791
-99 -0.00216844669924687 -99 -99 -99 -99 -99 -99 -99 -0.834302402006117
0.161985018071604 -99 -99 0.720233642469253 2.48571171053202 -99 -99 -99 -99 -99
-99 3.02178509709605 -99 -99 -99 -99 -99 0.629034453059841 -99 -99
-99 2.86053595737968 3.97199427755639 -99 0.615334562224963 -99 1.95828180533854 -99 1.11172488482315 -99
-99 -99 -99 0.163108465325494 -99 -99 -99 -99 -0.678147448560913 -99
0.0799697117224243 -99 1.99908901110224 -99 0.694313610683962 -99 -99 -99 -99 -99
-99 1.06065666087841 -99 -99 -99 -99 0.47092314025701 0.940360667318578 -0.684174012338139 -99
-99 -0.115267621112399 -99 -99 -99 2.09839998672591 1.15570399605613 -99 -99 1.47010361705813
-99 -99 -99 -99 -99 -99 1.9698432785487 -99 1.07858827688657 -99
-99 -99 -99 -99 -99 -99 -99 -99 -99 -99
-99 0.970452555321375 -99 -99 -99 -99 0.0510011318587182 1.94493254156071 -99 -99
1.26021208679052 -99 -99 -99 -99 1.69978384967757 2.64139109032302 -99 -99 -99
-99 -99 2.14800821037561 -99 -99 0.456782530074809 -0.131962123633561 -2.06329611791336 0.678233944995681 -99
-99 -99 2.23084941929916 0.964186751495961 -99 -99 -99 -99 -99 -99
-99 0.596261743776405 -99 -99 -99 -99 -99 -99 -99 -99
-99 -99 -99 -99 -99 -99 -99 -99 -0.364917581894624 -99
-99 0.620271955453496 0.865003824994405 3.13103647777616 1.63014923202688 -99 1.02065737102896 -99 2.16694177808794 -1.39330338361587
-99 -99 -99 0.0315902146727916 -99 -99 -0.388188814847882 0.905516264099361 -99 -99
-99 3.16552459042793 -99 -99 2.49394290504383 -99 -99 -99 -0.168762799430632 -99
-0.752691130797054 -99 -99 -99 -99 -99 -99 0.84235375159982 -99 -0.109878948609024
-99 -99 -99 -99 -99 -99 -99 -99 -99 -99
1.1761119078716 -99 -99 -99 1.84617090258717 -99 -99 -99 0.899402301987627 -99
1.99259047676723 -99 -99 -99 0.0432575255346161 -99 1.18292016479775 -99 1.15293620816438 -99
-99 -99 -99 -99 -99 -99 -0.543126146771123 -99 -1.17959574483698 0.634650292371833
-99 3.56585320491415 1.04348678479928 -99 -99 -99 2.9210895761158 -99 -99 1.23106559472165
-99 -99 -99 -99 1.19276692842007 -99 -99 -99 -99 -99
-99 -99 -99 -99 -99 1.70059473381093 -99 3.78879908588364 -99 -99
-99 2.5710204058366 -99 -99 0.374599493879698 -99 -0.137143229931576 -99 -99 -99
-99 -99 -99 0.822118956964265 -99 -99 -99 -99 -99 1.18495967871126
1.37540638442585 -0.695309971648586 -99 0.387596541392041 -99 -99 -99 -99 -99 -99
-99 -99 -99 -99 -99 -99 -99 -99 -99 -99
-99 -99 -99 2.61657695414381 -99 3.28410917495997 -99 -99 2.70130977067073 -99
-99 -0.0618734790420163 -99 -99 -99 -99 0.280038817119179 -99 -99 -99
-99 -99 -99 -99 -99 -99 -99 -99 -99 1.91971063175797
-99 -99 -99 1.88794469794329 -99 -99 -99 -0.732393052377802 -99 -99
-99 -99 -99 -99 -99 -1.21701483270577 -99 -99 -1.68872332288168 -99
-99 1.61283258578527 -99 3.81413562517997 -99 -99 -99 -99 -99 2.87268420946132
0.657891000988969 -99 0.783406295963895 -99 -99 -0.367730772928678 -99 -99 -99 -99
-99 -99 -99 -99 0.731495717154547 -99 2.20353222614651 -99 -99 -99
-99 -99 -99 -99 -99 0.938535081142807 -99 1.92317044923888 -99 -0.57299754723615
-99 -99 -99 0.572354671267702 1.66034486215127 -99 -99 -99 -99 -99
-99 -99 1.97908292058501 -99 -99 -99 -99 -99 -99 1.48973266242161
1.31852163639541 -99 -99 0.317597839615629 -99 -99 -99 -99 -99 -99
-99 -99 1.47762693013513 -99 1.12406920471246 -99 -99 0.254328128044728 -99 1.81899989658212
-99 -99 -99 -99 0.943411761762442 1.20470004579618 -99 -99 -99 1.53906667042601
-99 2.17679220189281 -99 1.60004459371814 -99 1.37342065200746 -99 1.93501702711052 -99 -99
-99 -99 -99 -99 -99 1.72966088229872 1.84973612059514 -99 -99 -99
-99 -99 -99 -99 -99 -99 -99 -99 -99 -0.222753894834706
-99 -99 -99 -99 -99 -99 1.28824404861412 -99 -99 -99
0.24557188607705 -99 2.45241199757619 -99 -99 -99 -99 -99 -99 -99
2.42613148952843 -99 -99 -99 -99 1.72012555954392 -99 3.44958320725653 -99 -99
-99 -99 -99 -99 -99 -99 -99 -99 0.37065294236723 -99
0.559727847426283 1.29775858773136 2.23783400952736 -0.736698696873727 -99 -99 -99 -99 -99 -99
-99 1.60415186517378 -99 -99 -99 -99 1.80572983248607 -99 3.3938380177753 -99
-99 1.32598608406887 4.44737761124982 -99 -99 -99 2.46405537983728 -99 -99 -99
-99 -99 -99 -99 -99 0.528973146470854 -99 -99 -99 1.2729642208011
-99 -99 1.53039654970348 1.17875932604127 -99 -99 1.17260909515156 3.13663239952086 0.525767309967507 -99
0.858055796147586 0.23444724792549 -0.0479412111720918 -99 -99 0.0124971084229398 -99 0.19074337359095 -99 -99
-99 -0.171067242829156 -0.139174992723061 2.34298471370153 -99 -99 -99 -99 -99 -99
2.28093773426884 -99 0.303466629598077 -99 2.29153504882041 -99 1.0440333956457 -99 -99 -99
-99 -99 -99 -99 -99 -99 -99 -99 -99 -99
-99 -1.28883134905866 -99 -99 -0.00214908691578186 -99 -2.13113293077682 0.00672149818552814 -0.621761668154198 -0.00892170171729134
1.24052498632061 -99 -99 3.55387390367524 -99 2.98207760524296 -99 -99 -99 -99
-99 -99 -99 1.23878052851426 -99 2.30137362488791 -99 -99 -99 -99
-99 -1.17281578524307 -99 0.599522909637584 -99 -99 -99 -1.69165893419729 -99 -0.166955303793453
3.0807119036998 -99 -99 -99 -99 -99 -99 -99 -99 -99
-99 -99 -99 -99 -0.507031563712891 0.911581794742017 -99 0.685086780280648 -0.483179032351369 -99
-99 -99 -99 -99 -99 -99 -99 -0.968787626480506 0.0519280705499601 -99
-99 -99 -99 -99 -99 -0.985421888110216 -99 -99 -99 -99
-99 -99 -0.634830143336631 -99 -99 0.00387653992638237 -99 -0.0709419727179426 0.0875299484626453 0.7060305306396
-99 -99 -99 -99 1.31737381369277 -99 1.54807525502257 -99 -99 -99
-99 -99 -99 -99 -99 -99 -99 1.82635205513332 -99 -99
-99 -99 1.19272228868276 -0.349763400352317 -99 -99 -99 -99 1.82141268292223 -99
-99 -99 -99 -99 -99 -0.35602072513419 -99 -99 -99 0.549961881188574
-99 -99 -99 -99 -99 1.58340809944799 -99 3.39709990595995 -99 -99
-99 -99 0.733490024468313 -99 -99 1.74941630728404 -99 -99 -99 -99
-99 1.32261447738439 -99 2.3870659584925 -99 1.93989309607312 -99 -99 -99 0.750961187205292
-99 -99 -99 -99 -99 -99 -99 2.39759998108585 -99 -99
0.730259091118558 2.47039850354194 0.502638581087074 0.435244560456737 -99 2.80629132525881 -0.575971693629215 -99 -99 0.0116405110132035
-99 -99 1.09479448165468 -99 -99 -99 1.78144791048881 -99 1.23248597432696 2.56426053298409
-99 -99 -99 -99 3.2338226985713 -99 -99 1.31061088239201 -99 -99
-99 2.74087726847459 1.92625365901752 -99 -99 4.03828132761016 -99 -99 1.70617589096667 -99
-99 -99 -99 -0.761182931213234 1.04736573734153 0.148782745929029 -0.183781084147177 -99 -99 1.78848762754058
-99 -99 -99 -99 0.769711392531409 -99 -99 -1.0755053860191 -99 -99
2.50631881371958 -99 -99 -99 -99 -99 -99 -99 -99 -0.762768843541987
-99 1.20738405224237 0.222761239639859 1.82120354774846 -99 -99 -99 -0.165282431260158 -99 -99
-99 -99 -99 -0.0836192977473222 -99 -99 -99 1.83908070170131 2.46637369693584 -99
-99 -99 -99 -99 -99 -99 -99 -99 -99 0.628066290815431
-99 1.57415387804223 -99 -99 -99 1.62703861558976 -99 -99 2.4505171480533 -99
-1.42289124232475 -99 -99 -99 -99 -99 0.219400783969017 -99 -99 -99
-99 -99 -99 -99 -99 -99 -99 -99 -99 -99
-99 -99 -99 -99 0.424934334567591 0.856756473792894 -99 0.301603418446548 -99 -1.1901933489159
-99 -99 -99 -99 0.497156526307242 -99 -99 -99 2.1470044028787 0.429547500112933
-99 0.26483968336883 0.976190070470672 -99 -99 -99 -99 -99 -99 -99
-99 -99 0.149109212334575 -99 -99 -99 -99 2.36079791713347 1.7647986122636 -99
-99 -99 1.03848233082334 -99 -99 1.83759282520569 -99 -99 -99 -99
3.69228243309265 3.824530292529 -99 2.61431827303708 -99 3.73519339217016 -99 2.52414625075638 2.46316405174602 -99
-99 -99 -99 -99 -99 -99 3.11810515237891 2.26192333928199 -99 -99
-99 0.130230019639132 -99 -99 1.92584091633281 -99 -0.871812638370079 -99 -99 -99
-99 -0.243581907517977 -99 0.0837521671163619 -0.43589759537123 -99 -99 -99 -99 -0.999317868353758
-99 -99 -99 -99 -99 -99 -99 -99 -99 -99
-99 -99 -99 -99 -99 -99 -99 -0.0210361451407308 -99 -99
-99 -99 -99 -99 -99 -99 -99 -99 -99 -99
-99 -99 -99 -99 -99 -99 -99 -99 -99 -99
-0.648701472783086 1.18018750859039 -99 0.966572788538399 -99 0.0158101154040213 -99 -99 0.194800454602897 -99
-0.0696453077567005 -99 -0.0355239767020539 -99 -99 1.75161429721206 -99 -99 -99 1.09287424359297
-99 -99 -99 1.79495487393513 -99 -99 -99 -99 -99 -99
-99 -0.36486061318943 -99 -99 -99 1.47223614893591 -99 -99 -99 -99
3.50367477455113 3.97572764210719 -99 2.76082822647242 -99 -99 -99 -99 -99 1.41937969525948
-0.0567070996739869 -99 -99 -99 -99 -99 -99 -99 -99 -0.773690733790853
-99 -99 -99 -99 -1.06587469742623 -0.482666613771445 -99 0.471976733218055 -1.04150013510513 -99
-99 -99 0.109458771780095 -99 1.91009424192703 -99 -99 -99 -99 -99
-99 -99 0.587029229114029 -99 -99 -99 -99 -99 0.544760643372857 -99
0.353922158971563 1.71491622626219 -99 -99 -99 -99 -99 -99 -99 1.29931855434772
-99 -99 -99 0.558744165527598 -99 -99 -99 -99 -99 -99
0.220250701006976 -0.41711474799224 -99 -99 -99 -0.00619551958649134 -0.836228554740832 -99 1.84556353773028 -99
-99 -99 -99 -99 -99 -99 -99 3.08944385456262 0.898182058517251 3.37107274300043
-0.278824184596692 -99 0.668215992896802 -99 0.179782299906667 -0.692579167128926 -0.47245685177109 -99 -99 0.436179243654734
-99 -99 -99 -99 3.19771088925673 2.82688566024648 -99 -99 -99 -99
-99 -99 -99 -99 -99 -99 -99 3.95376480880631 3.06002315838034 4.15181752519118
-99 -99 -0.213868549686258 -99 -99 -2.34716797572407 0.848214393046271 -0.213953084271825 -99 -1.28935933480865
-99 0.0314433721358333 -99 -99 -99 -99 -99 -99 -99 -99
-99 -99 -99 -99 4.61373533368283 -99 -99 -99 -99 -99
-99 -99 -99 -99 -99 0.805337731573075 -99 -99 1.54063368688168 -0.105651525858105
-99 1.74380218494955 5.28944878025274 0.67227451526153 1.4802341045179 -99 1.5584268578489 -0.33142745650152 1.66585781944857 -99
-99 2.20290455491874 -99 -99 -99 -99 -99 -99 -99 -99
-99 1.52747804748121 -99 -99 -99 0.253581175342614 1.08771737268517 2.9941401686475 1.34992195669146 -99
-99 -99 -99 -99 -99 -99 -0.0122992964000255 -99 -99 -0.287249117556711
0.245365273620367 0.0435386509301274 -99 -99 -99 -99 -99 -99 -99 -99
-99 -99 2.31281732312852 -99 -99 -99 -99 -99 1.10811064781609 -99
-99 -99 -99 -99 -99 -99 -99 -99 -99 3.91026456809912
-99 2.90411548746445 -99 -99 -99 0.603842229162504 1.38352573071026 -99 -99 -99
3.11625483404763 -99 -99 -99 -99 -0.127627650880153 -99 -99 -99 -99
-99 -99 -99 -99 -99 -99 -99 -99 -99 -99
-99 -99 -99 -99 -99 -99 -99 -99 2.82784999659967 0.960386570175461
-1.3848400283406 -99 -99 -99 -99 -99 -99 -0.893713900048232 -1.94817967137892 -99
1.15574016285507 -99 1.07396635098378 -99 0.594616191209248 -99 -99 -99 -99 -99
-99 -99 -99 -99 -99 -99 -99 -99 -99 -99
-99 -99 -99 -99 -99 0.369767824372093 -99 -0.384793487720432 -99 -99
-99 -0.612654642959902 0.711184847480409 -0.161167714084388 -99 -0.167450995671331 -99 -99 -99 -1.25037346608725
-99 3.23249800130456 -99 -99 0.876055068813027 -99 -99 4.10311016738216 -99 -99
-99 -99 1.37636073159985 -99 -99 -99 -99 1.74216092378428 -99 -99
-99 1.72615165821279 -99 1.37282356003245 -99 -99 0.823614825267057 -99 -99 -99
0.411854825309675 -99 -99 -99 -99 -99 -99 -99 -99 -99
-1.44983982026128 -0.0782963719731895 -99 -99 -99 0.502354806906868 -99 -99 -99 1.00726775725799
-99 0.033384260578299 -99 -99 -99 -99 -99 -2.58747372867213 -99 -99
-99 -99 -99 -99 -99 -99 -99 -99 1.38713019506825 -99
-99 -99 -99 -99 -99 -99 -99 -99 -2.07679422311158 -99
-99 1.77428947858119 -99 -99 -99 0.0491462792826849 -99 -99 -99 -99
-99 0.00768186141423777 -0.381543294845942 -1.60311529798125 -99 -99 -99 -99 -99 -2.59256524274833
-99 -99 -99 -99 -99 -99 1.68076269559298 -99 -99 -99
-99 1.63398098838573 2.57909115757655 -99 -99 -99 -99 2.32457299369732 -99 -99
-99 0.611244603653312 -99 -99 -1.80972871849449 -0.790256205553117 -99 -99 -99 -99
-99 -99 -99 -99 -99 -99 -99 -99 1.17218832939216 -99
-99 -99 -99 -99 -99 -99 -99 -99 -0.214310838363437 -0.143139262230083
-99 -99 -99 -99 -99 -99 0.835942538497671 -99 -99 -99
-99 -99 -99 -99 2.79027069791346 -99 -99 -99 1.44512266507205 -99
-99 -99 -99 -99 -99 -99 -99 -99 -99 3.16033628306937
-99 2.61121442341114 -99 -99 1.43220623949231 -99 1.97547163850898 -99 0.901420319752671 -99
0.334044648597665 -99 -99 -99 -99 -99 -99 0.438184390661264 -99 -99
-99 -99 -99 -99 -99 -99 -99 0.272754893713734 -99 -99
-99 -99 -99 -99 -99 -2.12426138237504 -99 -99 -99 0.473206218382039
1.14091771501601 -99 -1.03587980201711 -99 -99 -99 -99 -99 -99 -99
-99 0.465715830798452 0.142203095469506 -99 -99 -99 -99 -99 -99 -99
3.31659712041737 -99 -99 -99 -99 -99 -99 -99 -99 -99
-99 -99 1.73783123891319 -99 -99 -99 1.64702351175146 -99 -99 -99
-99 -99 -99 -99 1.25137430446723 -99 -99 -99 0.229550860241703 -99
-99 -99 -99 -99 2.69697850962094 1.04287280553125 -99 -99 -99 -99
1.41932872277196 1.80870246851123 -99 -99 -99 -99 -99 -99 -99 2.7624034029941
-99 -99 -0.695410921681122 -99 -99 2.28200606725492 1.47790070968951 -99 -99 1.2467648511715
-99 -99 3.86440770676835 0.381942042562084 -99 -99 -99 -99 1.05251234100375 -99
0.368387487524548 -99 -99 0.342959479799038 -99 1.3354687278724 -0.991061313985573 -0.252763500777245 -99 -99
-99 -99 -99 -99 5.29446005922898 -99 -99 -99 -99 4.38935063187926
-99 -99 1.36928911719373 -99 2.7228955976026 -99 -99 -99 -99 -99
1.39443650448389 -99 -99 -99 -99 -99 -99 -99 3.53497801925365 1.65704882173484
-99 2.00749862241901 -99 2.30260286706451 -99 -99 -99 -99 2.60530197438527 -99
0.00356006263339781 -99 -1.29622731210842 -99 -99 0.709896236205365 -99 -99 -99 -2.24246468895442
-99 -99 -99 -99 -99 -99 0.287907000403519 -99 2.42070743525073 -99
-99 0.146857717483008 2.45285422990335 -99 -99 -99 -99 -99 -99 -99
1.31713843319724 -99 -99 -99 -0.177420799217745 1.47728107438866 -99 0.683789169430571 -99 -99
-0.0406648385440367 -99 -99 -99 -99 -99 -99 0.748051375264689 2.15341977618788 0.840627726002697
-0.506796312201182 -0.49011244748052 -99 -99 1.11742696922049 -0.350001250187729 -99 1.5392503387949 1.43854441009566 0.625507020849947
1.10136783025456 -99 -99 -99 -99 -99 -99 4.30305505523479 -99 -99
-99 -0.32855169553226 -99 0.479197942275898 -0.714619158984328 -99 -99 -99 -99 -99
-99 -99 -99 -99 -99 -99 -99 -99 -99 -99
-99 -99 -0.86465885809919 -99 -1.63147846625085 -99 -99 -99 -99 -99
-99 -99 -99 -99 -99 0.456006405730554 -0.448696352150913 -99 -1.27953927142861 -99
-99 -99 -99 -99 -99 -99 -99 3.31962626947607 -99 0.571027927649366
-99 -99 -99 -99 -99 -99 -99 -99 -99 0.884614612311019
-99 1.8663540342165 1.50980634976633 -99 -99 1.63970999104056 -99 -99 -99 -99
-99 -99 -99 -99 -99 -99 0.646913865195077 2.92920849221297 -99 -99
-99 -99 2.25444644781853 -99 -99 0.975986710545392 -99 -99 0.277765461066689 -99
-99 6.17917820629684 -99 -99 2.30116445100607 -99 -99 -99 -99 -99
-99 -99 -99 -99 -99 -99 -99 -99 -99 -99
-99 -99 0.966087217633403 0.844877096805216 2.11739435682599 1.83961667791835 -99 -99 -99 1.37305800369797
-99 -99 -99 -0.3563081333206 0.732339058899901 -99 -0.937302813262097 -99 -99 -99
-99 -99 -99 -99 -99 -99 -99 -99 -99 -99
-99 -99 -99 -99 -0.439686449779857 -99 1.64909875363349 0.751414799775142 -99 -99
0.580948931665071 1.53693619430365 0.905653770911779 -99 -99 -99 -99 -99 0.0515006315454849 -99
-99 -99 -99 -99 -99 -99 -99 -99 -99 -99
-99 -99 -99 -99 -99 -99 -99 -99 -99 -99
-99 -99 -99 -1.12929226850215 -0.543448451887907 0.246690679093708 -0.155979482910773 -99 -0.115822540567824 -99
-99 1.16113858045417 0.585374569628769 -99 -99 3.63898792813711 -99 -99 0.248795031606774 -0.325000574055143
-99 -99 -99 2.0413294411906 -99 -99 2.50191162985676 -99 -99 1.3981847474997
-99 -99 -99 -3.33707100344246 -99 -99 -99 -99 -99 -99
-99 -99 -99 -99 -99 -99 2.15821403380889 -99 2.16498453959461 -99
-99 -99 1.97145451723542 -99 -99 -99 -99 -99 -99 -99
-99 -99 -99 -99 -99 -99 -99 -0.419660081565884 -99 -99
-99 -99 4.37869232303083 -99 -99 3.48794133094254 -99 3.87355332604221 3.28118853768415 4.12927246538152
0.478739698965971 -99 -99 1.63622916764174 -99 -99 -1.21551995415735 -99 -99 -99
0.262967056320294 -99 -99 -99 -99 -0.514388689413884 -0.825237154022811 -99 -99 -99
1.8005407671175 -99 -99 2.93700260631566 -99 -99 -99 -99 2.28332087122478 -99
-99 -99 -99 0.377623963489946 -99 -99 -0.461125300241375 -99 -99 -99
-99 0.40499787087347 -99 -99 -99 -99 -99 -99 -99 -99
-99 -99 2.65470654873626 0.961536462046686 -99 -99 -99 -99 -99 -99
-99 0.305940225964303 -99 -99 -99 -99 -99 -99 -99 -99
-99 0.475109627861185 0.679248425039252 -0.475803860576681 -99 -99 -99 -99 -99 -99
-99 -99 -99 -99 -99 -99 4.23373539662951 1.65409752437062 -99 -99
0.129437730444475 -99 0.640266074893917 -99 -99 -99 -99 -99 -99 -99
-99 -99 0.72350827226938 -99 0.415376630005521 -99 -99 -99 -0.247024319304481 -99
-99 3.16977945417349 -99 -99 1.47732312093989 -99 -99 -99 -99 -99
-1.1080968121309 -99 -99 -99 -99 -99 -0.873299674027492 -99 -99 -99
-99 -99 -99 -99 -0.735609754824047 -99 -99 -99 -99 -99
-99 2.01853127572895 -99 -99 -99 -99 -99 -99 -99 1.7370289670887
-99 2.47624987800118 -99 -99 -99 1.28621113258017 -99 1.43867424327324 -99 1.40051889871548
0.740828895571029 1.93409222613809 -99 -99 -99 -99 -99 -99 -99 0.769427907689497
-99 -99 -99 -99 -99 -99 -99 -99 -99 -99
-99 4.00999646191884 -99 2.10467337002867 -99 -99 1.73504798116013 -99 0.916021974940485 -99
2.89541865901796 -99 -99 -99 2.41980417766307 -99 -99 1.87467869679179 -99 -99
-99 -99 -99 0.803856472109074 -99 -0.0632256672094702 -99 3.77641163138955 -99 -99
-99 -99 -99 -99 -99 -99 -99 -99 -99 -0.127949637698178
-99 2.65679976358382 0.858490739635543 -99 -99 -99 -99 -99 -99 -99
1.83362778950468 -99 -99 -99 -99 -99 -99 -99 2.87239827039089 -99
2.28891068358724 -99 -99 -99 -99 -99 1.19918511877058 3.29637925419578 -99 2.3008581773744
-99 -2.09607590847828 -99 -99 -99 -99 -99 -99 -99 0.392774101805217
-0.232593198213279 -99 -99 0.770522604342976 -99 -99 -99 -99 -99 -99
-99 0.276785136282764 -99 -99 -99 -99 -99 -99 -99 -99
-99 3.61711386506605 2.58395171839499 3.14480056021563 -99 -99 1.66246772058109 2.92366662078602 -99 -99
-99 -99 1.66817994825898 -99 -99 1.64277231327141 1.67470571278722 -99 1.19743574874992 -99
-99 -99 -99 -99 0.0295823439165971 -99 -99 0.437585531889053 -99 1.14076700724077
-99 -99 -99 0.168461270248429 -99 0.467847336852981 -99 -99 -99 -99
-99 -99 0.268005570912088 -99 -99 -99 -99 -99 -99 -99
-99 -99 -99 -99 -99 -99 -99 -99 -99 -99
-99 -99 -99 -99 -99 -99 -99 -99 -99 1.70000489878131
-99 -99 -0.145209307972372 -0.42984014101185 -99 -99 -99 -99 -99 -99
-99 -99 -99 -99 2.5849764812256 1.50784224023161 -99 2.33738704969481 -99 -99
1.51453422069673 1.3929789432783 -99 3.41515254966832 -99 1.15105607551627 -99 1.31667596474348 -99 -99
-99 -99 -99 -99 2.11931146627187 2.19382778756551 -99 -99 -99 -99
-99 -99 -99 0.27652196099507 1.15647625498281 -1.23196006019965 0.127864186236761 -99 -99 0.653530783548246
-99 -0.895461155317402 -99 0.316260133778771 -99 -99 -99 -99 -99 -99
-99 0.351870091109969 -99 -99 -99 -99 -99 0.0187376765650403 0.0377008996554786 -0.607159653435946
-99 -99 -99 -99 -99 1.34220465999433 -99 -99 -99 -99
-99 -1.31990822687261 -99 -99 -99 -99 -99 -99 -99 -99
-99 -99 -99 -0.671456677006766 -99 -99 -99 2.05941097220134 -99 0.887962305127019
-99 -99 -0.453487992400498 -99 -99 0.34397624548981 -1.45791828753876 -99 -99 -99
1.56260449036925 -1.04022277886894 -99 -99 1.58964369970466 -99 -99 -99 -99 -99
-99 -99 -99 1.79493324552487 -99 -99 -99 -99 -99 -99
-99 -99 -99 -0.0150741334150042 -99 -99 0.69466546286111 -99 -1.11677126123186 -99
-99 -1.35628746001568 -99 -0.00480882681509454 -99 -99 -99 -1.01432989835735 -99 -99
-99 -99 -99 2.17314812408324 -99 -99 -0.545240674100505 -99 0.0832815975094919 -99
1.44415129235155 4.34352288084539 5.41526929507251 -99 -99 -99 -99 -99 -99 -99
2.22706963633238 -99 2.18607693867522 -99 -99 -99 -99 0.858997789668916 1.4036668657213 -99
-99 -99 -99 -99 -99 -99 -99 -99 -99 -99
-99 -99 -99 1.01763027742903 0.733786349508501 -99 2.22167870130363 -99 -99 -99
-99 -99 0.31478800346425 4.03636701816465 -99 -99 0.719499954500263 -99 -99 -99
-99 -99 -99 -99 -99 -99 -99 -99 -99 -99
-99 -0.953699447010098 -99 -99 -99 -99 -99 -99 -99 -99
-99 0.913202141603525 -99 -99 0.0621633848490717 0.371140630888796 -99 -99 -99 -1.7027496759908
-99 -99 -99 -99 -99 0.437703476347089 0.211163961720581 0.870640342867202 1.5566189652283 -99
-99 -99 2.6327225641665 -99 -99 -99 -99 -99 -99 -99
-99 -99 3.00895482046447 0.57046658667052 -99 -99 -99 0.253148750232202 -99 -99
-99 -0.232317161459388 -99 -99 -99 -99 -99 -0.720379752855044 -99 -99
-99 3.10451923814221 -99 -99 -99 -99 -99 -99 -99 -99
3.96221362525886 -99 1.46221736485745 1.85185655611574 -99 -99 2.07498587230029 -99 -99 -99
1.0526218796116 -0.36608047258387 -99 0.461127898860987 0.694380003910607 -99 -99 -99 -99 -99
2.24963644216039 -99 -99 -99 -99 -99 -99 -99 2.80933230002652 -99
-99 4.2767965861511 1.91640765049301 -99 -99 -99 -99 -99 -99 -99
-0.824426890893136 0.889211604686918 -99 -0.205557538165689 -99 -99 -99 -99 -99 -99
-99 -99 -99 -99 2.68689172908113 -99 -99 -99 -99 -99
2.22310378912283 -99 -99 -99 1.06335182568677 0.729053696365279 -99 -99 -99 -99
-99 -99 0.215800276174355 -99 -99 -99 1.93206511382748 -99 -99 1.43057306202593
0.987487425487827 -99 -99 -99 -99 0.624558889041765 -99 -99 -99 -99
-99 -99 -99 -99 -99 -99 0.0549875729759634 -1.27866006665744 1.12524602897294 -99
-99 -99 -99 -99 -99 -99 -0.00310314005226053 0.215641791975873 -0.133448002823725 -99
-99 -99 -99 -99 -99 -99 -99 -99 -99 -99
-99 -99 -99 -99 -99 -99 2.40398201746665 -99 1.73194423538603 -99
-99 -99 2.05179485059827 -99 -99 -99 -99 -99 1.98698217671788 -99
1.37360899975726 -99 -99 -99 -99 -99 -99 -99 -99 -99
-99 -99 -99 -99 4.20814597184719 -99 -99 -99 3.37911520950537 -99
-99 -99 -99 -99 -99 -1.10519982981978 -0.0942768293746774 -99 -99 -99
-99 -99 -99 -99 1.48222197394759 -99 0.592020000895832 -99 -99 -99
-99 2.81748905567784 -99 0.444443796980942 -0.645735525436864 -99 0.196168286986853 -99 -99 -99
-99 -99 -99 -99 1.87198262935633 -99 -99 -99 -99 -99
-99 -99 -99 2.70063097145942 -99 1.61485984249185 -99 2.50401605569961 -99 -99
-99 -99 2.34591170689215 -99 -99 -99 -99 3.3697178537225 -99 -99
-99 -99 -99 -99 -99 -99 -99 -99 -99 -99
1.93033947055184 -99 -99 -99 -99 -99 -99 -99 -99 2.71773909883816
-99 -99 -99 2.63674954302406 -99 -99 -99 -99 -99 0.972784131809579
-99 -99 -99 -99 -99 1.05575278136091 1.62287869710456 -99 0.426319478475437 -99
-99 -99 -99 -99 0.929704450434631 -99 -99 -99 -99 -99
-99 -99 -99 -99 2.54161235869056 -99 -99 -99 -99 -99
-99 2.67353591077197 2.9898194203009 -99 3.08991896710413 -99 1.44249404253446 -99 -99 1.62980139971552
-99 -0.40516315009363 -99 -1.55154016180981 -99 -2.92904737442246 -99 -99 -99 -0.603206123729253
-99 -0.398967772438954 -99 -99 0.120218584625962 -99 -99 -99 -99 0.989193408668707
-99 -99 -99 -99 -99 0.15414450596399 -99 -99 1.16384579632993 -99
-99 -99 -99 -99 -99 -99 -99 -99 -99 -99
-99 4.31415592951844 -99 -99 -99 -99 1.48167666286426 -99 -99 3.79503989926482
-99 -99 -0.837941798894599 -99 0.199184679420216 -99 -99 -99 -99 -99
-99 -99 -99 -99 1.83753650171255 -99 -99 -99 -99 0.98923404314786
-99 -99 -99 -99 1.4491365287168 -99 -99 -99 1.88209744507475 -99
-99 -99 -99 -99 -99 -99 -99 -99 1.18042665393262 -99
-99 -99 -99 1.85118963791308 -99 2.72370282811551 -99 -99 -99 -99
-99 -99 -99 -99 -99 -99 -99 -99 -99 -99
-99 -99 -99 4.16321312958091 -99 -99 -99 -99 3.13307688800151 -99
-99 2.22186759457584 -99 -99 -99 2.49968860285254 -99 -99 0.151567619610378 0.0724564502081573
-99 -99 0.797411119301582 -99 -99 -99 -99 -99 -99 -99
-99 -99 0.663322489426103 -99 -99 -99 -99 -0.283027085974003 -99 -99
0.598730192119293 -99 -99 -0.936867249246196 1.4507606753812 -99 0.989108677414873 -99 -99 -99
-99 -99 1.29149626019513 -99 -0.00973699754094337 -99 1.34090658164541 -99 -99 -99
-99 0.0353739033544442 2.33966434744116 4.58660993185981 -99 2.11983816692409 0.988170845799726 -99 -99 -99
-99 -99 -99 -2.97223150668761 -99 -99 -1.80981122913437 0.0725969357792402 -1.08251985555492 -99
-99 -99 1.24368529803164 -99 -99 -99 -99 -99 -99 -99
-99 1.05348359276385 -0.338039589991266 -99 -99 -99 -99 -99 -99 -99
-99 -99 -99 -99 -99 -99 -99 -99 -99 -99
-99 -99 0.500815896816872 -99 -99 1.83668346019588 -99 -99 -99 -99
0.966808792430045 -99 -99 -99 -99 -99 -99 -99 -99 -99
0.918792324809343 2.21337254104971 0.791599485699836 -99 -99 -99 -99 -99 -99 -99
-99 3.25704940434056 -99 2.47179414698206 4.25017766753325 2.14289705549223 -99 -99 -99 0.8314927445653
-99 -99 1.96590067541197 -99 -99 -99 -99 -99 -99 -99
-99 -99 -99 -99 -99 -99 -99 2.31330893562645 5.14864683017355 -99
2.11494772385198 0.538404495222624 -99 -99 -99 2.25785877234835 -99 -99 -99 -99
-99 0.402976615226394 -99 -99 -99 -0.689282043241193 -99 -99 -99 -0.6257229226257
-99 -99 -99 3.71461295383843 -99 -99 -99 -99 -99 -99
-99 -1.47868888462041 -99 0.0094936468587441 -99 -99 -99 -99 -99 -0.2179819493324
-99 -99 -99 -1.7547953802249 -0.360801552955537 -0.722020382845765 -0.480840728948186 -99 -99 -99
-99 -99 -99 -99 -99 -0.487206356032763 -99 -99 -2.84001374557518 -1.12136470255161
-99 -99 -99 1.73686144350656 -99 -99 -99 2.45390222767121 1.9304995466201 1.68103402757682
-0.353968545154331 -99 -99 1.33990643062359 -99 -0.636389342266762 -99 -1.5820491721566 -99 -99
0.328626239139829 -99 -99 -99 -99 -99 -99 -99 -99 2.68921135505358
-99 -99 3.27516838837845 -99 -99 -99 -99 -99 3.96365709801033 -99
-99 -99 -99 -99 0.873049791306612 1.28223179973799 -99 -99 -99 -99
-99 -99 -99 -99 -99 -99 -1.19617327263557 -99 -99 -99
-99 -99 0.853430842044214 -99 -99 -99 -99 -99 -99 -99
-99 0.742506523418003 0.880004572432025 -99 2.35726006483147 -99 -99 -99 -99 -1.4864824215163
0.633824132443183 -99 -0.569884137749359 -99 -99 -99 1.22169979723019 -99 -99 0.633806305716034
-99 1.36013039869633 -99 1.59413315900924 2.30566399756077 -99 -99 -99 -99 -99
-99 -99 -99 1.50842696078128 -99 2.18968157664917 -99 -99 -99 2.11132295792953
-99 -99 -99 0.398559273201625 0.652108775352027 -99 -99 -99 -99 -99
-99 -99 -99 -99 -99 -99 -99 -99 -99 2.03175527717283
-99 -99 -99 1.2488974271257 -99 -0.927753708093246 -99 -99 -99 0.450504865341504
1.59765129634691 -99 -99 -99 -99 -99 -99 -99 -99 0.516112477524749
-99 -99 0.399774829667399 2.89033151803279 -99 -99 -99 3.1411511244219 -99 -99
2.68203619266756 -99 -99 -99 -99 -99 1.3372476452286 -99 -99 -99
-99 1.30453441870023 -99 -99 -99 -99 -99 -99 -99 3.0039027030295
-99 -99 -99 -99 2.6437605685067 1.51624048101976 -99 -99 -99 -99
-99 -99 -99 -99 -2.27070064546885 -99 -0.491321691685249 -99 -99 0.745042227905523
-99 -99 -99 -99 -99 3.36905598088532 -99 -99 -99 -99
2.03041410972992 -99 -99 -99 -99 -1.30649766999961 2.54106700525376 0.179451457720929 -99 -99
-99 3.06839269126458 -99 -99 -99 -99 -99 0.0393673017114972 -99 1.20134390084693
-99 3.60505959171959 -99 -99 2.6164246976127 -99 -99 -99 -99 -99
-99 1.56367456533533 -99 -99 -99 -99 -99 3.36337412587585 -99 -99
-99 2.27738856274694 -99 -99 -99 -99 -99 -99 -99 -99
-99 -99 -99 -99 -99 -99 1.03117666166604 1.45678793587002 0.900908920366645 -99
-99 1.27119436498476 -99 -99 0.121001961597473 -99 1.03627390758799 -99 -99 -99
-99 -99 -99 -99 -99 -99 -99 2.4014821495408 -99 -99
-99 -99 3.81360638471837 -99 0.72955257497986 2.81723257705646 1.6535117717357 -99 -99 -99
-99 -99 -99 2.36357636155734 0.146285777444932 -99 -99 4.59994185990421 1.72077266381884 2.11404252882939
-99 -99 0.914855714434263 -99 1.18142710902048 -99 -99 -99 -99 -99
-0.0898659991940334 -0.469841233504152 -99 -99 -99 1.27309281105555 -99 -99 -99 -99
-99 -99 -99 -99 -99 -99 -99 -99 1.30739299591083 -99
0.121304620950106 -99 -99 -99 2.47568652207645 -99 -99 -99 -99 -99
-99 1.51967356291853 -99 -99 -99 -99 -99 -99 -99 1.44503903323139
-99 -99 -99 -99 -99 -99 -99 -99 2.24348067986872 -99
-99 -99 -99 0.548898630271391 1.23264236104493 -99 -99 -0.576224594293898 1.0502603177364 1.45677843719717
-99 -99 -99 -99 -99 -99 0.012862779188862 -99 -0.800198381549952 -99
-99 -99 0.439650725614854 -99 -99 -99 -99 0.865335809142169 -99 1.56800798219157
-99 0.470118438981883 1.25176667323567 -1.0623141697824 -99 -99 2.0247042770407 0.919584245738733 -99 -99
2.46920480648049 2.4610013897035 -99 -99 2.929282094788 -99 -99 -99 -99 -99
-99 -99 -99 -0.0315229325063606 0.710523541260067 -1.23458061446427 -99 -99 -99 -99
-99 -99 -99 2.06067499569576 -99 -99 -99 -99 -99 0.0206990853911965
1.5096654387136 -99 -99 -99 -99 -99 -99 0.981617848742676 2.40138519575174 -99
-99 -0.276900178618976 -99 0.389307138226217 0.719651365828089 -99 -99 -1.342169422364 -99 -99
2.51849775129608 -99 -99 2.8614252411429 -99 -99 -1.50905965051064 0.431666368005908 -99 -99
-99 -99 -99 2.5142327043474 -99 -99 -99 -99 0.120589995034049 -99
-99 1.59541123131704 -99 -99 0.918310055289962 -99 2.42885394456599 -99 -99 -99
-99 -99 1.32926210273908 -99 -99 2.55662813315938 -99 -99 -99 1.2327720291065
-99 -99 -99 -99 -99 -99 -99 -99 -99 -99
-99 -99 -99 3.26792570392031 2.71742155228445 1.2493192550837 -99 -99 -99 -99
-99 -99 -99 -99 -0.674864264231464 -99 -0.539565302585773 -99 -99 -99
-99 -99 -1.51280649326945 -99 -0.217800102531398 -99 -99 -99 0.0208111749937959 -99
-99 -99 0.0253009549220273 1.00699988031026 -99 1.17119992169663 -99 -99 -99 -99
-0.662281413791747 -99 -0.417023851061411 1.06471483744284 -99 -99 -99 -99 -99 -99
-99 -1.45426913778888 -99 1.37671707118763 -99 -99 -99 -99 -99 -99
1.070888039561 -99 -1.7223623993418 -99 0.462861445536045 -2.39879840211756 -99 -99 -99 -99
-0.0470952605702164 -99 -0.48037699363938 -99 -99 -99 -99 0.734395722960728 -99 -99
-99 1.69147253879179 1.12010871106334 -99 -99 -99 1.18118299220873 0.339501699067775 -99 -99
-99 -99 -99 0.975452992241906 -1.35730443045493 -99 -99 -99 -99 0.435115024590001
0.667118876462861 -99 -99 1.33777835845408 -99 -99 0.110759049630452 -99 -99 -99
-1.01600064061234 -99 -2.22144175398183 -99 -99 -99 -99 -99 -99 -99
-99 4.20468373648744 -99 2.76332081447919 3.42088270121964 3.30803679071787 1.11701516778761 -99 -99 -99
-99 -99 -99 -99 -99 -99 -99 -99 0.0393518284652182 1.32434014346193
-99 4.16038447402796 -99 -99 -99 0.818666467983003 -99 -99 -99 3.35500448963858
-99 0.701824063673776 -99 1.57974799029299 -99 0.971248119350082 -99 1.79119720086097 -99 -99
-99 -99 -99 -99 -99 -99 -99 -99 -99 -99
-99 -99 -99 -0.829386841835089 -99 -99 -99 1.59354021221669 -99 -1.46551949065867
-99 -99 -99 -99 -99 -99 -99 -99 -99 -99
-99 -99 -99 -99 -99 2.52785159440738 -99 -99 -99 -99
-99 -99 -99 -99 -99 -99 0.442415166013199 -99 -99 1.60036641620134
-99 -99 -99 0.392228877435569 -99 -99 -99 1.77138040575261 -99 -99
-99 0.764493495932652 -99 -99 -99 -99 -99 -0.240323578723047 -99 -99
-99 1.23416195449716 -99 -99 -99 -99 -99 -99 -99 -99
-99 0.391549000900614 -99 -99 2.68059898335853 2.43767029714528 -99 -99 -99 -99
-99 -99 -99 -99 -99 -99 1.89602017775852 -99 -99 -99
-0.0217453222387474 -99 2.68595105167559 3.70533798047251 -99 1.41035334380025 -99 -99 0.343721715992026 -99
-99 0.422622767408127 -99 -99 0.065070696851277 -99 -99 -99 -99 0.0566893173963067
-99 -99 -99 4.27474680358914 -99 -99 -99 -99 -99 -99
1.27028677660914 -99 -99 -99 -99 -99 -99 -99 0.974100343740698 2.50407766159558
-1.03437764544655 -99 1.76637845019379 -99 0.673823423225035 1.19038693327163 -99 -99 -99 0.592879017472431
-3.05584878361454 -99 -99 -99 -99 -99 -99 -99 -0.982137895757632 -99
-99 -99 -99 -99 -99 1.53601632378454 0.26759344920149 -99 -99 1.10481768647632
-99 -99 -99 -99 -99 -99 -99 -99 -99 -99
-99 1.65955307169869 -99 -99 -99 1.85010564624081 -99 0.985119925159408 -99 -99
-1.48851861771816 -99 -99 0.234457037508696 -0.941652316260405 -99 -99 -99 -99 -99
0.419172453642249 -99 -99 -0.869737069264069 -99 -99 -99 -99 -99 -99
-0.371182683099398 -99 -99 -99 -99 0.179566778382094 -99 -99 -99 -99
-99 -99 -99 -99 -99 -99 -99 2.36153115461904 -99 1.71911572440667
-99 -99 0.576735186208049 -99 -99 1.72873485173391 2.85085733927844 -99 2.48945149547446 -99
-99 -99 0.745516911957841 -99 -99 -99 -99 -99 -99 -99
-99 2.57816079552665 -99 -99 -99 -99 4.68562947349925 -99 3.13145405548581 2.98580616383589
1.03635228857289 -99 -99 2.9523184160867 1.82840931645875 -99 -99 -99 -99 -99
-99 -99 -99 -99 -99 -99 -99 1.74553062077939 -99 -99
-99 -99 -99 -99 -99 -99 -99 -99 -99 -99
-99 -99 -99 -99 -99 -99 -99 -99 -99 1.11698778959019
-99 -99 0.417914555708839 1.67416651090517 1.4624024731078 -99 -99 1.11657707948733 -99 -99
-99 -99 -0.534309866509171 -99 -99 0.448063860797276 -99 -99 -99 -99
0.82397420255832 -99 -99 -99 -99 -99 -99 -99 -99 -99
1.75159399009402 0.120984970562315 -0.827989163431684 -99 1.40770865579373 -99 -99 -99 -99 -99
-99 -99 -99 -99 1.20668916170622 -99 -99 -99 -99 -99
-99 -99 -99 -0.431361394538013 0.82641226918525 0.753717650834025 -99 -99 -1.33837481821339 -99
-99 -99 -99 -99 -99 -99 -99 2.30891028780545 -99 1.41260111217948
3.74251752330284 -99 0.0303292873075649 -99 -99 -99 -99 -99 -99 -99
-99 -99 -99 0.928575503192337 -0.0593457599318712 -0.630431901228753 -99 -99 -99 -99
-99 -99 -99 -99 -99 -99 -99 2.71705390487158 -99 -99
-99 -99 -99 -99 -0.605788038328591 -99 -99 -99 -99 -99
-99 2.06682401488129 -99 2.28368142800011 -99 -99 -99 -99 -99 -99
-99 -99 -99 1.93444690625963 -99 2.86089187992755 1.61921233944352 -99 -99 -99
-99 -99 1.59051345766578 -99 0.604634811447428 -99 -99 -99 -99 -99
3.20391790153827 -99 2.60066035826973 -99 -99 -99 3.98056860843248 -99 -99 -99
0.0105528605117962 -3.54251420051943 -99 -99 -99 0.940800173759285 0.0962444217887468 -99 -99 -0.115983858938407
-99 1.07544367357736 -99 -99 2.05733581652776 -99 -99 -99 -99 -99
1.45829591351643 -99 1.78099167296261 -99 -99 -99 -99 -99 -99 -99
-99 -99 -99 -99 2.23878977850686 -99 0.632817806573675 -99 -99 1.11386030921762
-99 -99 -99 -99 -99 1.89368586880526 -99 -99 -99 -99
-99 0.641590127258161 1.13865079724964 0.685531994629129 -99 -99 -99 -99 -99 -99
-99 -99 -99 -99 -99 -99 -99 -99 -99 1.81253479821584
-99 0.698101468787244 -99 -99 0.569522224184113 -99 -99 -99 -99 -99
2.53620883524349 -99 -99 -99 -99 -99 -99 1.37284788219586 1.55441286556509 -99
-99 -99 -99 -99 -99 -99 -99 -99 -99 -99
-99 -99 -0.839898031884005 -1.2547719824218 -99 -99 -99 -99 -99 -99
-99 0.581419573232998 -99 -99 -99 -99 -99 2.10616448247445 -99 -99
-99 -99 -99 -99 -99 -99 -99 -99 1.7312360444477 -99
-99 -99 -99 1.66710113498929 -99 -99 1.436623367435 -99 -99 -99
-99 -99 -99 -99 -99 -0.0128119064739287 -99 -99 -99 1.43160399775897
-99 -99 3.63459951335297 2.73732090111538 -99 -99 2.69920958253063 -99 -99 -99
-99 3.29647767415745 -99 0.853417353969938 -99 -99 0.196801318172205 -99 -99 -99
1.3718902374478 -99 -99 1.32029815682134 -99 -99 -99 -99 0.674888244784802 -99
-0.432041112459829 -99 -99 -99 -99 2.11980336744226 1.29371297758492 3.69632320588664 -99 -99
-99 -99 -0.00465340203108089 -99 -0.928639836337987 -0.73601800068617 -0.809870134452809 -99 -99 0.248253344773293
-99 -99 -99 -99 -99 -99 -99 3.16059374397368 -99 -99
-99 -99 1.91622108097482 -99 -99 -99 -99 -99 -99 -99
-99 -99 -99 -99 -99 -99 -99 -99 0.58943683034039 -99
-99 -99 -99 -99 -99 -99 -0.0426594414090908 -99 -99 -99
-99 -99 -99 -99 -99 -99 -99 -99 -99 -99
-99 -99 4.79934797836752 -99 -99 -99 2.49142787240216 -99 2.9299402808665 -99
-99 -99 1.89911804197119 -99 -99 -99 -99 -99 -99 -99
-99 -99 -99 -99 -99 -99 -0.147241365148954 2.23203078280365 0.0829928649043762 -99
-99 -99 -99 -99 -99 -99 3.69531273632658 -99 -99 -99
-99 -99 -99 -99 0.357370344418964 -99 -99 -99 -99 0.847742446091222
1.07052674157869 -99 -99 0.97678291624351 0.892249197312873 -99 -99 -99 -99 -99
-99 -99 -99 -99 -1.00695723199763 -99 -99 -0.270729716937281 -99 -99
3.81645114740614 -99 -99 0.93245885396494 -99 -99 -99 -99 3.05883564551463 -99
-99 -99 -99 -0.817502906428919 -99 -0.252102019048768 -99 -99 -99 -99
-99 -99 -99 2.19772801225879 1.74265646055364 1.84164300018071 0.97647681070501 -99 -99 -99
-99 -99 -99 -99 -99 -99 -99 -99 1.87983489600452 1.65976653091488
-0.436760956903913 -99 -99 1.34386399210025 -0.295666260048719 -99 -99 -99 -99 -99
-99 -99 -99 -1.05159698047635 0.412240789150284 -99 -0.289037361881332 -99 -99 -99
-99 2.76439345463256 -99 -99 -99 -0.0717737043112328 -99 -99 -99 -99
-99 1.7701140877382 -99 1.0451092049541 -99 -99 -99 -99 0.945441657613487 -99
-99 -99 -99 -99 -99 -99 -99 -99 -99 0.316394777453388
-99 -99 -99 -99 -99 -99 0.907383694532913 -0.272593315171315 -99 -99
0.539075593510833 -99 -99 -99 -1.13728800053312 -99 -99 1.43963142065268 -99 -99
-99 -99 -99 -99 -99 -99 -99 -99 -99 -0.21473970912197
-99 -99 -99 -99 1.94363656429483 -99 -99 -99 -99 -99
0.349805254086471 -99 -0.426755841895164 -99 -99 -99 -99 -99 1.03798032305114 -99
-99 -99 -99 -99 -99 1.12035811851996 -99 -99 -99 -99
-99 -99 -99 -99 -99 -99 -99 -99 -99 -99
0.710456882756086 -99 -99 -99 2.38762855070047 -99 -0.598895548920279 0.15194058319942 1.44444606025622 -99
-0.334348527454357 -99 -99 -99 -99 -99 0.568459007192058 -99 -99 0.453219090350539
-99 -99 3.18955451211707 -99 2.36806945671391 -99 -99 -99 -99 1.84938924371573
-99 1.16360577673556 -99 -99 2.34822130943071 3.05912701107898 2.3581908004452 0.287507901923622 -99 -99
-99 -99 0.243614448497722 -99 -99 -99 -99 -99 -99 1.92797355995794
-99 -99 -0.471027217617419 -99 -99 -99 -99 0.226130338198686 -99 -99
-99 -99 -99 -0.0159711547520858 -99 -99 -99 -99 -99 0.610860943255703
0.60420939895897 -99 -99 -99 0.832200711602445 -99 -99 -99 -99 0.654239413776136
-99 -99 2.02145513163873 -99 -99 -99 0.163305069261678 -99 -99 3.40996381138626
-0.885264661206146 -99 -99 2.72560698978378 -99 -99 -99 1.89992258339359 -99 1.38089473565615
1.20289518001276 -99 -99 -99 -99 -99 -99 1.71677065354005 -99 0.627965763937185
-99 -99 -99 -1.03360057139726 -99 -99 -99 -99 -99 -99
-99 -0.261597772798589 1.26833053205413 -99 -99 1.89176772921172 -99 -99 -99 0.865492598327473
-99 -99 -99 -99 -99 -99 -99 -99 -99 -99
-99 -99 -99 -2.13723318824729 -99 -99 -99 -99 -99 -99
-99 -99 -99 -99 -99 -99 -99 -99 -99 -99
0.707504397826982 -99 -99 0.961473940760941 -99 -99 -99 -99 -99 0.887611830830862
-2.09474226423422 -99 -99 -99 -1.23730729809017 -2.43483230425878 -99 -0.993405765195962 -99 -99
-99 0.610769835396178 0.00457537901538441 -99 -99 1.36111267849732 -99 -99 2.88493298209215 -99
-99 -99 -99 -99 -99 -0.0797178811667154 -99 -99 1.70847143413448 -99
-99 -99 -1.11773747960169 -99 -99 -99 -99 -99 -99 -99
-99 2.63499800590297 -99 2.20982197561846 2.82821435181334 -99 -99 3.20612643802114 -99 1.44253012666937
-99 -99 -99 -99 -0.470914637530644 1.46472018103637 -99 -99 -99 -99
-99 -99 -99 -99 -99 -99 -99 2.08457821019575 -99 -99
-99 -99 -0.0771238271613823 0.0835655165503089 -99 -99 -99 0.394146144921533 -99 -99
-99 -99 -99 0.224369302929409 -99 -99 0.321644518804487 -99 -99 -99
-99 -99 -99 -99 -99 -99 -99 -99 -99 3.18817261616952
1.32905447836444 -99 1.7823487315204 -99 0.224579072913232 -99 -0.0589162676279888 -99 -99 -99
-99 -99 -99 -99 0.918508792524882 -99 0.966137064599741 -99 -99 -99
-99 -99 2.18731559742944 2.31591592509694 -99 2.33653262141421 1.02881610415833 2.03781762601728 -99 1.9535883337354
-99 2.06790515190862 -99 -99 0.80383241263163 -99 -99 1.42019461659843 -99 -99
-99 -99 -99 -1.23090027956897 -99 -99 -99 -99 -99 0.548916542186371
2.15677643013192 -99 -99 -99 2.20370265991394 -99 -99 -99 -99 1.00348273368609
-99 -99 -99 1.02765975297959 1.26519747488627 -99 -99 -99 0.170274057265591 0.97679254026602
-99 -99 -99 -99 -99 -99 -99 2.56964808172499 -99 -99
-99 -99 2.67000571869122 -99 -99 -99 -99 1.43871112791777 -99 -99
-99 -99 0.681312953883021 0.900914191931117 -99 -99 -99 -99 -99 1.64198969687529
-99 -99 -99 -99 -99 1.06912596958423 -99 -99 -99 -99
-99 0.514498687429282 -99 -99 -99 0.672371271283625 -99 -99 -99 -99
1.63773091843524 -99 1.02532668191902 -99 -99 0.889774398664424 -99 -99 0.745843493052523 -99
-99 -99 -99 -99 -99 -99 -99 -99 -99 -99
0.552688025868628 -99 -99 -99 -99 -99 0.67448898971188 -99 -99 -99
-99 -99 -99 1.6830439507347 -99 -99 1.10765896200224 -99 -99 -99
-99 -99 -99 -99 0.780776323435261 2.45353821774497 -99 -99 -99 -99
-99 -0.284756881360661 0.100449500174452 0.424731003761529 -99 -99 -99 -0.346084099167444 -99 0.328190881576757
-99 -0.0108708079278605 -99 -99 -99 -99 -99 -99 -99 -99
-99 -99 -99 1.15891128161506 1.2935464419464 0.0683593511032008 -99 -99 -99 0.796712075890101
-99 0.661433062008873 -99 -0.547117786357361 -99 -99 -0.106302316275106 -99 -99 0.130938330132035
-99 -99 -99 -99 -99 1.03456090818195 -0.572532980983741 -99 -99 -99
0.90657620553013 -99 -0.701019305404479 0.989685298086233 1.06522325825752 -99 -99 -99 0.137308487378478 -99
-99 -1.52311508443573 -99 -99 -99 -99 -99 -0.0543575659621014 -99 -99
-99 -99 0.195488064983055 -99 0.81161311091362 -99 -99 -99 0.477114893810387 -99
-99 3.99698986567198 -99 -99 0.778231141793169 -99 -99 0.858536565906396 0.0539535537826341 -99
-99 -99 -99 -99 1.93195018993581 -99 -99 -99 -99 -99
-99 -99 -99 -99 2.35085356083347 -99 1.38204821965439 1.92031071803323 -99 3.58944773417687
1.3604900489855 -0.83215912907268 -1.40195165419793 -0.192659198719247 -99 -1.38933852342265 -99 -99 -99 -99
-99 2.91952059035208 -99 1.85217666634793 -99 -99 -99 1.67004443411367 -99 -99
-99 -99 -99 -99 1.16245687404121 -99 -99 -99 -99 -99
-99 -99 -99 -99 -99 -99 -99 -99 1.21157175760386 -99
-99 4.05073952286964 -99 -99 -99 -99 -99 -99 -0.552790689671656 -99
0.496747971187009 -99 1.99893507729636 -99 3.37500128923385 3.47346565676569 -99 -99 -99 -99
-99 -99 -99 -99 3.09415792622765 1.54200147065902 2.31597037330914 -99 -99 -99
0.344370300078687 -99 -99 -99 -99 2.65222424099513 -99 -99 -99 -99
-99 -99 -99 -99 -99 -99 1.69698446230414 -99 -0.0127586871419476 -99
-99 0.0810316445637537 -99 -99 -99 -99 -99 -99 1.18345952126071 1.88009229876751
-99 -99 -99 -99 -99 -99 -99 0.264518441395655 -99 -99
-99 -99 -99 -99 4.37157772437886 -99 -99 2.62395839460958 -99 -99
4.42168004694357 -99 -99 -99 -99 -99 -99 4.76725245494019 -99 -99
-99 2.80053888867129 -99 -99 -99 -99 -99 3.83682297190057 -99 -99
-99 -99 -99 -99 -99 -99 -99 -99 -99 2.65991502712601
-0.54476349557094 -99 -99 -99 -99 -99 -99 -99 -99 -99
4.13457774772021 -99 -99 -99 -99 -99 -99 -99 4.64989941655946 -99
-99 -99 -99 -99 -99 0.422770096414008 -99 -99 -99 -99
-99 -99 -99 -0.117668263955471 -99 -99 -99 -99 1.04651234792183 0.761729887455889
-99 -99 -99 -99 -99 -99 -99 -99 -99 -99
-99 -99 -99 -99 -99 0.351107841906507 -99 -99 0.838432856600009 -99
-99 -0.103354805713957 -99 0.421156584423095 -99 -99 -99 -99 -99 -99
-99 -99 -99 -99 -99 -99 -99 -99 -99 -99
2.13631581231837 -99 -99 2.4784321139567 3.54825470376776 -99 2.4648061941851 -99 -99 1.19390499871145
-0.0395052939595972 -99 -99 -0.358113685071243 0.146760462556399 -1.40188340886559 -99 -99 -99 -99
-99 1.14141346644093 -99 -99 -99 -99 -99 -99 3.68622697160594 -99
1.01585221688044 -99 -99 -99 -99 -99 1.57413820283658 0.531511998194008 -99 -99
-99 4.5068353701334 -99 -99 -99 0.320153764618927 -99 -99 2.04387188359286 2.48452098022995
-99 1.39451654632517 -99 0.568325713357742 -99 -99 -99 -99 -99 -99
-99 -99 -99 -99 -99 -99 -99 -99 -99 -99
-0.190094721381981 -99 0.648229243869269 -99 -99 -0.132447397896669 -99 -99 -99 3.13337116109092
-99 -99 -99 -99 1.74188611144398 -99 1.25608907248378 -99 -99 -99
-99 -99 -99 0.240142758495979 -99 -99 0.964510513238195 1.05015926449816 0.702747983728391 2.18612494006879
-99 -99 -99 -99 0.973199352580742 0.536435568718642 -99 -99 -99 1.82782713667539
-99 1.01232101542411 0.350163935979716 -99 -99 -99 -99 -99 -99 -99
-99 -99 -99 -99 -99 -99 -99 2.08043567030683 -99 -99
-99 -99 -99 0.409781803216547 1.55511655089535 0.880236928845413 1.38628489122338 1.44316849298141 -99 -99
0.167296171370369 -99 -99 -99 -99 -99 1.73894641765908 -99 -99 -99
-99 -99 -99 -99 -99 -99 -99 -99 -99 -99
-99 -99 -99 -99 -99 -0.612062897144792 -99 0.495758509730402 1.37506232229191 -99
1.20721045234827 1.00117956580463 -99 -99 0.495630747396712 1.74239087859802 -99 -99 -99 -99
1.80354721292145 -99 0.332970779964561 -99 -99 -99 -99 -99 -99 -99
-99 -99 -99 -99 -99 2.71991829831274 -99 -99 -99 -99
1.12960630297173 -99 -99 -99 -99 2.93306665850812 -99 -99 -99 3.14291209137395
2.50462203704749 1.67080668296203 -99 -0.331290433538953 -99 3.15516321104935 -99 -99 -99 -99
-99 -99 -99 -99 1.39063224558277 -99 -99 -99 -99 -99
-99 -99 -99 3.0389015369296 -99 -99 -99 -99 4.39174152665227 -99
-99 -99 -0.705472912989703 -99 -99 -1.43670489343394 -99 -1.5514116974218 0.0894274560118249 -99
-99 -99 -99 -99 -99 -99 -99 -99 -99 -99
-99 -99 -99 -99 -99 -99 -99 1.83728649135589 -99 -99
-99 -99 -2.58821392919551 -0.49879164159374 -99 -99 -99 -99 -2.31167704923875 -99
1.40379840648292 -99 -99 -99 -99 -99 -99 0.965419698896304 0.574593449120751 -99
-0.490103112223093 -99 -99 -99 -99 -99 -99 1.77034886352831 -99 -99
-99 -99 -99 -0.392326755535611 -99 -99 -99 -99 -1.27627895244192 -99
0.567356501290616 1.55813466571852 -99 -99 -99 -99 -99 1.5205008915392 -99 -99
-0.456562982109028 -99 -99 -99 -99 -99 -99 0.557350060132317 -99 1.11360840617283
-99 -99 -99 -99 -99 -99 -99 2.40545620994032 -99 -99
-99 -99 -99 -99 1.8292872001801 -99 -99 -99 2.0389489145349 -99
-99 -99 -99 -99 -99 -99 -99 -99 0.369080275907029 -0.302394553720195
-99 -99 -99 1.06374544189753 -99 1.27335100342445 -0.03801752766202 -99 1.38270191640969 -99
-99 0.924660704515824 -99 -99 2.17022479528314 -99 -99 -99 -99 -99
-99 -99 -99 -99 -99 -99 -0.448952031862041 -99 -0.701164541150429 -99
0.412136027730729 -0.450430155949189 -99 -99 -99 -1.13357589615479 -99 0.383947654370944 0.26123088501244 -99
1.37631363410681 -99 -99 -99 0.456822224716764 1.58611859978361 -99 -99 -99 -99
-99 -99 -99 -99 -99 -99 -99 -99 -2.03073627115922 -99
-99 -1.96428899396165 -99 0.263022956868023 -0.408080740691693 -99 -99 -99 -99 -99
-99 0.517902764324936 -99 -1.9385560040033 -99 -99 -99 0.11162893067663 -99 -99
-99 -99 -99 -99 -99 -99 -99 -99 -99 2.57021937329734
0.73011055084305 0.493262151286578 -99 -0.631930652761116 -99 -99 -99 -99 -0.163378391941352 -99
3.08386386317594 -99 -99 -99 1.63486523218311 -99 -99 -99 -99 -99
-99 -99 -99 2.15260911374693 0.881382974705315 -99 -99 -99 -99 0.911744921375212
-99 1.7418731336477 -99 2.35342420183524 0.954017208302631 -99 -99 -99 0.630040484626448 -99
-99 -99 -99 -99 2.10664423089037 -99 1.45558028074508 -99 -99 -99
0.0456420558012314 -1.35978538793386 -99 -99 -99 -99 -99 -99 -99 -99
-99 -99 4.26012206220345 -99 2.10745049781917 -99 2.00108757026162 -99 -99 -99
-99 -99 -99 -99 -99 -99 2.48625573904979 2.62461530329846 -99 -99
-99 0.345202577641917 -0.490416065878414 -99 2.26275346275835 1.58720178389809 -99 -99 -99 -99
-99 -99 -99 1.2342485050944 -99 -99 -99 -99 -99 -99
-99 -99 -99 1.38574715997536 -99 -99 0.310392385216597 2.44585732391466 -99 -0.757288579853236
3.11884575328878 -99 -99 -99 2.03331543078091 -99 -99 -99 -99 -99
-99 0.535144381381937 -99 -0.290502074614765 1.30658935298084 -99 -1.1057410883025 -99 -99 -99
-99 -99 2.40185045007644 -99 -99 1.72346939389649 -99 -99 -99 -99
-99 -99 -99 -99 -2.16140818478349 -99 -99 -99 -99 -99
-99 -99 -99 -99 -99 -99 -99 -99 -0.638403324036184 0.383609573657328
-99 -99 -99 -99 -99 -99 -99 -99 -99 -99
2.85161063632589 -99 -99 -99 -99 -99 -99 -99 2.97311795199342 -99
-99 -99 -99 -99 -0.712209010818427 -99 -99 -99 -99 -99
-99 -99 -99 -99 -99 0.79375351834462 0.988363533675943 -99 -99 -99
-99 -99 -99 -99 1.36885637970711 -99 -99 1.13312794674464 -99 -99
-99 -99 1.36045492200784 1.70981617023 -99 -99 -99 -99 -0.195148894770315 -99
-99 -99 -1.0756453934399 -99 -99 -99 0.98408001633155 -99 -99 1.13941082124462
1.03079986140326 -99 0.280956679836641 -99 -99 -99 0.53899642358986 -99 -99 -99
-99 -99 -99 -99 -99 -99 2.14105134964533 -99 -99 -99
-99 -99 -99 -99 -99 -99 -99 -99 -99 1.52741913920181
-99 -99 -99 -99 -99 -99 0.56803733604393 -99 -99 -99
1.2454589801503 1.03277216970323 -99 -99 -99 -99 -99 -0.852403539192248 -99 -99
-99 -99 -99 -99 -0.0428996136530138 -0.0604407840164345 -99 -99 -99 -99
2.7677337093909 1.78615115901553 -99 -99 -99 -99 0.606848956331343 2.51600162216312 0.32876661696293 -99
-99 3.66485091979209 -99 -99 -99 -99 -99 -99 -99 3.25591983368004
-99 2.56971928862563 -99 0.168899892240937 -99 -99 -99 -99 -99 -99
-99 -99 -99 -99 1.47765388051142 0.617800032284143 -99 -99 -99 -99
-99 -99 -99 -99 0.685484815590575 -99 -1.16598898986497 -99 0.593796201256168 -99
-99 -99 -99 2.98225640799261 0.972254988781318 -99 2.41770588838829 -99 -99 -99
2.47939823030571 3.96075640246032 2.17747627054934 -99 -99 -99 1.40599745870095 -99 -99 -99
-1.56041950321307 -99 -99 -0.387793411723096 -99 -99 -99 -99 0.0916827449126074 1.56192394788396
-99 -99 0.982355987928964 -99 -99 -99 -99 -99 0.911857102011766 1.93403291432173
1.22698286953165 -99 -99 -99 -99 0.39841676189225 -99 -99 -99 -99
0.116959467721973 1.09601460653422 -99 -99 -99 1.57832692530832 -99 0.0744357741461943 -99 -99
-99 -99 -99 -99 -99 -99 -0.370364613417277 -99 -99 -99
-1.54374089309902 -99 -99 -99 -1.72422502095052 1.11564456932801 -0.593687087367963 -99 -0.058496800660903 -99
-1.14324143946727 -99 -99 -0.0649127096163944 -99 -99 -99 -99 -99 -99
-99 -99 0.424234126975542 -99 1.33041176889252 0.77418287671181 0.471314299923252 -99 -0.671913068482887 0.497277289169708
1.59202572508718 1.49403045655727 -99 -99 -99 0.735967203355107 -99 -99 -99 0.493882071439651
-99 -99 -0.00598232982653646 -99 -99 -99 2.22936642813792 -99 -99 -99
-99 -99 1.93644365690252 -99 -99 -99 -99 -99 -99 -99
-99 0.811406630120197 -99 -99 -99 1.39853637588199 -99 -99 -99 -99
-99 -99 -99 4.06842034242843 -99 3.28756981389869 4.44492286287126 -99 -99 -99
-99 -99 2.50594027407061 -99 -99 -99 -99 -99 -99 -99
-99 3.2299288388261 0.0142356432143973 -99 -99 -99 -99 1.73108493378736 -99 -99
-99 -99 1.82823584904635 -99 -99 -99 -99 0.545648097892574 -99 -99
-99 1.79694511369981 -99 -0.838699843953963 -99 -99 -99 0.152124447168585 -99 2.19843560710825
-99 0.613042275404574 -99 -99 -0.744056787632002 -99 -99 -99 1.74438913537248 -99
1.87579445066023 -99 -99 -99 -99 -99 -99 -99 -99 -99
2.45118217368685 -99 -99 -99 3.43995224696911 -99 -99 -99 -99 -99
-99 4.48734436984657 -99 3.22830466410581 -99 -99 -99 5.37614215145854 4.73548286800361 2.5388968565685
-99 0.865338783220784 -99 -99 -99 -99 -0.420264341740036 -99 -99 0.270721169708147
-99 0.894311075188277 -99 -99 -99 -1.55174049883459 -99 -99 -99 -99
-99 -99 -99 -99 -99 -99 -99 -99 -99 -99
2.15488619084441 -99 -99 1.13121481568279 -99 -99 -99 -99 -99 -99
-99 -99 -99 0.248355966573973 -0.0575793390816723 -99 2.43210973543992 -99 -99 -99
0.796936557139089 -99 -99 -99 -99 -99 -99 2.31669015612892 -99 3.00683885826043
-99 0.119629453003307 -99 -99 -99 -99 1.21659426248358 -99 0.73141396358863 -99
-99 0.265469930017117 -99 -99 1.21035672939652 -99 -99 -99 -99 2.26058346413982
-99 2.21124420162675 -99 -99 -99 -99 2.18674344750732 4.97441225906794 -99 -99
-99 -99 -99 -99 -99 -99 2.0094649239425 -99 1.84876573362115 -99
1.7595891308863 -99 -99 -0.537543737121422 -99 -99 -99 -99 -99 -99
1.54663359558635 -99 -99 -99 2.11765465546843 -99 -99 -99 -99 -99
-99 -99 -99 -0.566958688024425 -99 -99 -99 -0.977475973872921 -99 -99
3.28526039963991 -99 -99 3.36965791322135 -99 -99 -99 -99 -99 -99
2.18402671046449 -99 -99 -99 -99 -99 4.66358874436628 0.32100174975718 2.85541742112826 -99
-99 -99 -0.813606169912944 -99 -0.777134915331538 -99 -99 -99 -99 -99
-99 -99 -0.920912457847466 -99 -99 -99 -99 -99 -99 -99
-99 -99 -99 -99 0.245118608604143 0.217316488098513 -99 -99 -99 -99
-0.769480271580687 -0.992449239126107 -1.58222148164738 -99 -99 -99 -99 -99 -99 -99
-99 -99 2.59296433726325 -99 -99 4.56997599175394 -99 -99 -99 -99
4.14706888117177 -99 -99 -99 -99 -99 -99 -99 3.22579849974974 -99
-99 -99 -99 -99 -99 0.224599013843583 -99 -99 -99 1.35417847067907
-99 -99 -99 1.55298699335409 -99 -99 -0.071347901536877 -99 -99 -99
-99 -1.95150346736634 0.187720735835268 2.44672463524519 -99 1.29261425260907 0.599964488954715 -99 -99 -99
0.265033135877933 -99 -99 0.619524782648913 -99 2.13192963776964 0.859572795716581 -0.0152347592253066 -99 1.53950279301051
-99 -99 1.04916199851471 0.339557065556631 -99 0.4637075519642 -99 -99 -99 -99
1.397228224789 -99 -99 0.484457179273597 -99 -99 1.99160566758828 0.0883814940659333 0.849038539291195 -99
0.362767116536445 -99 2.61109275345945 -99 -99 0.953418283883647 0.34789585148102 -99 -99 -99
-99 -0.592291478410201 -0.250154552139873 -0.489931104044641 -1.3343818544443 -99 0.100290622030707 -99 -99 -99
2.01284258970141 -99 -99 -99 -99 -99 1.37217589281272 -99 -99 1.69788493882174
-99 -0.707143754832073 -99 -99 -99 -99 -99 -99 -99 -99
-99 -99 2.2025988537392 -99 -99 -99 -99 -99 1.93421641874786 -99
2.40588168391919 -99 -99 2.46278680463261 -99 -99 0.505402567573372 1.2137286392702 -99 -99
-99 -0.938480151132464 -99 -99 0.0964826396948955 -99 -99 -99 0.0145097244840798 -0.677567646715689
-99 -99 1.11068613247488 -99 -99 -99 -99 -99 -99 -99
-0.103761772859483 -99 2.56831515838717 -99 -99 -99 -99 2.26523031561167 -99 1.79323732084238
0.0377192900679083 -99 -99 -99 -99 -0.701686357684444 -99 -0.892445770357677 -99 -99
-99 -99 -99 1.51803583836367 -99 -99 -99 -99 -99 -99
-99 -99 -99 -99 1.14938252909326 -99 -99 -99 -99 -99
1.7551845894229 3.49694581333448 -99 -99 -99 -99 1.5242946260775 -99 -99 -99
-99 0.319336773854743 -99 -99 -99 -99 -99 -1.79394261547383 -99 -99
0.602584695730853 -99 -99 -99 -99 -99 -99 1.58588002890573 -99 -99
-99 -99 1.19198107269299 -0.353333593161908 -99 1.37567752353722 -99 -99 0.0482366442026514 -99
-99 -99 -0.1734843014275 0.325411454879035 -99 1.19035992778839 -99 -99 -99 -99
0.462376558116695 -99 -99 -99 -99 -99 -99 -99 -0.519877624449807 -99
1.80351105033602 -99 -99 -99 1.62735659453923 -99 1.30175262786652 -99 -99 1.64051567105611
-99 0.475039899781065 -99 -99 -99 -99 -99 -99 -99 -99
-99 -0.653519973105386 -99 -99 -99 -99 -99 0.438638369808866 -99 0.947225926471133
-99 -99 -99 -99 0.923660241372548 -0.796430255594198 -0.315442889721304 -99 -99 -99
-99 1.88264733598581 -99 2.16046715628847 -99 -99 -99 -99 -99 -99
-99 -99 -99 -99 -99 3.34916529221064 3.76301144228896 -99 -99 -99
-99 -99 -99 -99 0.836601581307932 -99 -99 1.95797850643082 3.65691758066016 -99
-99 -99 -99 -99 -99 3.17691683950139 2.5384542931823 -99 -99 -99
-99 -99 -99 -99 -99 -99 -99 -99 -99 1.0410152577622
-99 -99 -99 -99 -2.33747714735672 -99 -0.721948337170438 -99 -99 -99
-99 -99 -99 -99 -99 -99 -99 -99 0.71368437085162 -99
-99 -99 -0.351519703962531 -99 -99 -0.0662936393145417 -99 -99 -99 -0.1617790438557
-99 -99 -99 -99 -99 1.76403409351756 -99 -99 -99 3.27766689275796
1.14584506144146 -99 -99 -99 -99 -1.4528028752989 -99 -99 -99 -99
-99 -99 -99 -99 -99 -99 -99 -99 -99 1.47979493759865
0.548292543132226 -99 -99 -99 -99 -99 -1.1566374663122 -99 -99 -99
-99 -99 -99 0.786726152372945 -99 -99 1.42994545018142 -99 -99 -99
-99 -99 -99 -99 -99 -99 2.16012285625987 -99 0.466013264898682 -99
0.173072189718337 -99 -99 -99 -99 -99 -99 -99 -99 1.04655235286493
-99 -99 -99 -99 0.178004193997214 -99 -99 -99 -99 -99
-99 -99 -99 -0.276733976014546 -99 1.42339089290144 0.926355362932248 -99 -99 -99
-99 -99 -2.65293386219615 -99 -1.29951978842467 -99 -99 -99 -99 -99
-99 -99 1.44676140842086 -99 -99 2.43019298219777 2.49495577834983 -99 -99 -99
-99 -99 -99 -99 -99 -99 -99 -99 -99 -99
-99 -99 -99 -99 -99 -99 -99 -99 -99 -99
-99 -99 0.307288135216077 -99 0.918379550196498 -99 -99 -99 -1.12496795581626 -1.69845184744253
-99 -99 -99 -99 -99 -99 -99 -99 -99 -99
-99 -99 -99 1.1651981758523 -99 -99 0.279812845457703 -99 2.10715009628429 1.39356227845716
-99 -99 -99 -99 0.9636663903466 -99 -99 -99 -99 1.86412376587631
2.73547453810647 -99 -99 2.59024391548456 -99 2.87464345109874 -99 3.91596711489801 -99 -99
-99 -99 1.37098879053082 -99 -99 -99 -99 -99 -99 -99
-99 -99 -99 -2.15652856040256 -99 -99 -1.8364236147393 -99 0.66045891632631 -2.12537835765364
-99 -0.374979932276536 2.30717735777675 3.41727576752638 -99 -99 -99 -99 -99 -99
-99 -99 -99 -99 -99 -99 1.3154477732001 -99 -99 0.990817471106145
-99 -99 2.95821466761092 -99 -99 2.70882266272539 -99 2.08902105486401 -99 -99
1.24239298095609 -99 -99 -99 -99 -99 0.708214501548794 -99 0.519513542536996 -99
-0.620195621499978 -99 0.355427729638543 -99 -99 -99 -99 2.17159675042102 -99 -99
-99 -99 -99 -99 -99 -99 -99 -99 1.20752753317679 -99
0.446760594664085 -99 -99 -99 0.823953875313469 -99 -99 2.60662504862325 0.875332912037249 1.49712406456436
3.95938939063801 -99 -99 -99 -99 -99 -99 -99 3.08789828309003 -99
1.60989761544382 -99 0.310518467008534 1.1202933420837 -99 -99 -99 -99 -99 1.34384299342939
-99 -99 -99 -99 -99 1.98206696019894 -99 -99 -99 0.71261757344463
-99 -99 -99 -0.825337335163215 -99 -99 -99 -99 -1.54985068373614 1.54028882479448
2.34979257573883 -99 -99 -99 -99 -99 -99 -99 -99 -0.347181536180257
-99 -99 -0.514948716511234 -99 -99 -99 0.241002074260688 -99 -99 -99
2.18509283383908 4.06724581982851 -99 -99 -99 -99 3.38446019985702 -99 -99 -99
-99 -99 -99 4.17282412848855 -99 3.18923363762378 3.31413681761888 -99 -99 -99
-99 3.09662318765108 -99 -99 -99 -99 -99 1.47001254912368 -99 -99
-99 -99 -99 0.597976493573024 1.32865355818463 0.0439189100809797 -99 -99 -99 -99
-99 -99 0.211150462781831 -99 -99 -99 -99 -99 -99 -99
1.61841923462244 1.53256811147703 -99 1.68499682421478 -99 -99 -99 -99 -99 -99
1.25429181509647 -99 -99 -99 -99 1.96150047780132 -99 -99 0.435302671211321 -99
-99 -99 -99 -99 -99 -99 -99 -99 -99 -99
-99 1.7778292912348 -99 -99 -99 -99 -99 1.94959131763516 -0.594657900746875 -99
1.98563121853289 1.13265357073096 -99 -99 -99 1.96446243957977 -99 1.00826558467404 -99 -99
0.273959435242307 2.38987567340799 -0.48937014291665 -99 -99 1.66505338396739 1.40876736984802 -99 -99 -99
1.64712260680235 1.63661263391635 -99 1.40287493627324 1.06879841167956 3.72535084010366 -99 2.67567409909774 -99 3.86459927113981
-99 -99 1.50650249827208 -99 -99 -99 -99 -99 3.84007841148793 -99
-1.34933428215649 -99 -1.51445999212021 -99 -1.06618380152387 -99 -0.185146597827567 -99 -99 -99
2.34085525767843 -99 1.34377845682585 2.65228860318214 1.74422381756377 -99 1.27467245952055 -99 -0.31761035676603 1.56847564684002
-99 -99 -99 -99 -99 1.82146107060508 -99 -99 -99 -99
-99 -99 -99 0.873743513103272 -99 -99 -99 -99 -99 -0.954377806968719
-99 -99 -99 -99 -99 -99 1.22970192534724 -99 3.16596598308425 -99
-99 -99 -99 1.52475241252184 -99 -99 1.98067010165751 -99 -99 2.19490685863631
0.356712993991857 -99 -99 -99 -0.0596330101451523 -99 -99 -99 -99 -99
-99 -99 -99 -99 -99 2.05556181074494 -99 -99 -99 -99
-99 -99 1.17037424248524 -99 -99 3.66886328702915 -99 -99 -99 -99
-99 -99 -2.94325033356009 -99 -99 -99 -99 -99 -99 -99
-99 -99 -99 -99 -99 -99 1.85714672673463 -99 -99 -99
-99 -99 -99 -99 -99 -99 -99 0.0192580252802705 -99 1.3938768384419
-99 1.087026599697 -99 -99 -99 -99 -99 -2.12880444398949 -99 -99
-99 -99 -99 -99 -99 -99 -99 -99 -99 1.80110036628362
3.61112887279865 -99 3.48530630504392 2.81806380845792 2.34142890889601 -99 -99 1.40786917135621 3.5793532152699 -99
1.66652307903826 3.0594613741752 -99 -99 2.45831217612307 2.84142585518651 2.31248203567503 -99 0.588483957519467 1.02163415649666
-99 -99 -99 -99 -99 -99 -99 -99 1.89100352304169 -99
-99 0.675967743296029 -99 -99 0.276371090260254 -1.57546753702559 -99 -99 -99 -99
-99 1.54343690954929 -99 0.595426684423269 -99 -99 -99 -99 3.65261002839931 -99
-99 -99 0.00737385408839974 -0.885980703783298 -99 -99 -99 -99 -99 -99
-1.55788203051642 1.89833056370473 -99 -99 -99 0.552531204929393 -99 -99 -99 0.441676500154291
-99 -99 -99 0.260668620054098 -99 -0.726491643557454 -0.619802444669788 -99 -1.19057087154765 1.40501920856997
-99 -99 0.51727094092265 -99 -99 0.707253898412078 0.419900513576052 -99 0.555291521228013 1.94735330075749
-99 2.52651232429745 2.3629518951841 3.61877476476387 -99 -99 -99 -99 1.57716036755929 -99
-99 -99 -99 -99 -99 -99 -99 2.06180596099687 -99 -99
-99 -99 -99 -99 -0.863509973576649 -0.987984317301157 -99 -99 -99 1.41135440269317
-99 -99 -99 -99 1.16914595271976 1.61276699131869 -99 -99 -99 -99
-99 0.676180656466667 -99 1.25620683778857 -99 -99 -99 -99 -99 -99
-99 -99 -1.24162395804446 -99 -99 -99 -99 -99 -99 -1.56260133973664
-99 -99 -99 -99 -99 -99 -99 -99 -99 -99
-99 -99 -99 2.62975726813594 -99 0.356732910841905 -99 -99 -99 -99
-99 -99 -99 -1.12035457582284 -99 -99 -99 -0.419505498915285 -99 0.872986553458123
-99 -99 -99 -2.33719821246553 -99 -1.95116021317836 -99 -99 -99 -99
-99 -99 1.52945052164297 1.49082756666016 -0.213185742351393 -99 -99 -99 -99 -99
-99 -99 -99 -99 -1.13879803958599 -99 -99 1.12060275333665 -99 -99
0.941204104607967 -99 -99 -99 1.90159923466664 -99 -99 -99 2.32213749017553 -99
-99 -99 0.171483058825891 -99 0.316105300729891 -99 -99 -99 -99 -0.959706934015991
-99 -99 1.76058673274186 1.34525055283962 -99 -99 -99 -99 -99 -99
-99 3.28055498996544 2.48358391301841 -99 -99 -99 -99 -99 1.6616885912251 -99
-99 -99 -99 -99 2.16475312318921 -99 -99 -99 -99 -99
-99 -99 2.12672038386928 -99 -99 0.332490634698808 -99 2.91271820444949 -99 -99
-99 -99 -99 0.760598495794811 1.91936114417805 1.50673232870578 -99 -99 -99 2.56422801823556
-99 0.966443157112679 -0.241988898617338 -99 -99 -99 0.415840646687962 -99 -0.171508054631957 -99
-99 -99 -99 1.91838441506274 -99 2.54495849796841 -99 2.24772674447813 -99 -99
-99 2.58776120703191 -99 -99 -99 -99 -99 -99 -99 -99
-99 -99 -99 -99 -99 -99 -99 -99 -99 -99
-99 -0.0756297140432853 -99 -99 -99 -99 -99 -99 -99 -99
-99 -99 -99 -0.3099769815226 -99 -99 -99 -99 -99 -99
-99 -99 -99 -99 -99 0.43655812983035 -99 -99 0.160812591734823 -99
-99 -99 -99 0.794515460079843 -99 -99 -99 -99 -99 -99
-99 -0.37452405419482 -99 -99 0.41103120234968 -99 -99 -99 -99 -99
-99 -99 -99 -0.298961042643162 -99 0.163508659898921 -99 -0.984790425729326 -0.597057869639329 -99
-99 -99 -99 -99 -99 -99 -99 -99 3.47882984655532 1.56014681703288
-99 -99 -99 1.08045584787646 -99 2.34142501294626 0.923351166362796 0.132615746826632 -99 -99
-99 0.97788432598664 1.92791334391661 -99 -99 -99 -99 -99 -99 -99
-99 -99 -99 -99 -99 -99 -99 -0.784017239046216 -99 -2.47907338686318
-99 1.10303734254193 -99 -99 -99 0.422631881985127 -99 -99 -99 -99
1.17478513449917 -99 -99 -99 -99 -99 2.3170941101204 2.81792067426011 1.957834860015 -99
-99 -99 -1.01232631628522 -99 -99 1.21749801990093 -99 -99 -99 -99
-2.38140476457727 -0.272359508442639 -99 -99 -99 -99 -99 -99 1.55792611442436 -99
-99 0.528507574913307 -99 -99 0.188393641192492 -99 -99 -99 -99 -99
-99 -99 -99 -99 3.1612853141558 -99 -99 1.68712548951269 -99 -99
0.412619974773335 0.269274600318635 -99 -99 -99 -99 -99 -99 -99 -99
-99 -99 -99 2.30690617777902 -99 1.07207760222257 1.3312765493786 -99 -99 -99
-99 1.09371217198113 0.375549097874945 2.61705587259873 -99 -99 1.88234541099504 -99 -99 -99
-99 -99 -99 -99 -99 -99 2.07749762687606 -99 -99 -99
-99 -99 -99 -99 0.061058318778347 0.624446368557328 0.962808496202101 -99 -99 1.17234333942895
-99 -99 -99 -99 -99 -99 -99 -1.44592083610286 -99 -99
1.55047962823148 -99 2.76633025142457 -99 -99 0.130871768501908 -99 -99 -99 -99
-99 1.82819115256745 2.16309918043545 -99 -99 -99 2.10725472699328 3.90380868487261 -99 -99
0.0442748713601481 1.29878965551715 -99 -99 -99 -0.209461992595397 -99 -99 -99 -99
-99 -99 1.26030517021276 -99 2.28554058762491 -99 2.418406903711 -99 1.50158419484035 -99
-99 -99 -99 -99 -99 0.753054158758274 -99 -99 -1.447614450995 -0.394999323872533
-99 -99 -99 -99 -99 2.27744608838282 -99 -99 -99 -99
-99 -99 -99 0.932983208858567 -99 -99 -99 0.689256419793067 -99 0.898622668997327
-99 -99 -99 -99 -1.0362888329173 -99 -99 -99 -99 -99
-99 1.12910955724279 -99 -99 -99 -99 1.39372858099189 0.211994219559193 -99 -99
-99 -99 -99 -99 1.60539019751253 -99 -99 -99 -99 -99
-99 -99 -99 -0.349502851224359 1.83618964206631 -99 -99 -99 -99 -99
-99 -99 -99 -99 -99 -99 2.20934586366552 0.818620073617325 -99 -99
2.72082487490713 -99 -99 0.516573050122566 -99 -99 -99 0.228324380686742 -99 -99
0.787088770273182 -99 -99 -99 -99 -99 -99 -99 -99 -99
0.690645641853559 -0.475317867982713 -99 -99 -99 -99 -99 -99 1.21520401214689 -99
-99 1.21519618413022 -99 -99 1.73721326807755 -99 2.09885199569561 -99 -99 -99
-99 -99 -99 -0.0843577108363065 -99 -99 -99 -99 0.273945200891886 -99
0.801127198946675 -99 -99 1.03436447876066 -99 -99 -99 -99 -99 0.369360058677205
-99 0.969203680495988 -99 -99 0.505916046658442 3.17010845337697 -1.52189132937604 -99 -99 -99
-99 -99 -99 4.20287248395306 -99 -99 2.35218809208413 -99 -99 -99
2.2764285638851 3.05786694888239 -99 -99 -99 3.02224370349608 -99 2.95839329988613 -99 -99
-99 -99 -99 -99 -99 -99 0.390545021250565 -99 -99 -99
-99 -99 -99 -99 -0.56507235572727 0.415249630068899 0.701001985658257 -99 -99 -99
-99 -99 -99 -99 -99 -99 -0.15816279400753 -99 2.79332428682007 -99
2.20127561771714 -99 -99 -99 -99 -99 2.42227998947195 -99 -99 1.47442219062105
-99 -99 -99 -99 -99 -99 -99 -99 -99 -99
-99 -99 -99 2.23948623960641 1.83985872215341 -99 -99 -99 -99 -99
1.85084362063853 -99 -99 -99 -99 -99 0.413035478058495 -99 -99 -99
-99 0.993856097991174 -99 -99 -99 -99 -99 -99 -99 0.502604739265698
-0.732256869161131 1.31393226124083 -99 -99 -99 -99 -99 -99 1.94355405212739 -99
-99 -99 -99 0.397218625574475 -99 -99 0.0827865226077666 0.717592208495927 -99 -99
-99 0.386448592902012 1.59707966904997 -99 2.09010608769238 -99 -99 -99 -99 -99
1.24026921580662 -99 -99 3.92187350494715 -99 0.62611389643798 -99 -99 -99 -99
-99 -99 -99 -99 -99 -99 -99 -99 -99 -99
2.8983061092346 -99 -99 -99 0.257987090239108 -99 1.19974971545427 -99 -99 -99
-99 -99 2.27337229000094 -99 2.28493989471101 -0.0374608472781777 -99 -99 -99 -99
-99 -2.1617024623045 -99 -99 -99 -99 -99 -1.84668911726287 -99 -0.561900477151263
1.30912611828797 -99 -99 -99 -99 -99 -99 -99 -99 -99
-99 -99 -4.06106034202628 -2.63072226271324 -99 -99 -99 -99 -99 -99
-0.957192075372884 -99 -99 -99 -99 -0.66485288370379 -99 -99 0.11525420079814 0.857721256233282
-99 -99 -99 -99 0.645352360724622 -99 3.1011924090564 -99 -99 -99
-99 -99 3.05087259501815 -99 -99 -0.0138198296200733 -99 -99 -99 -99
-99 -99 -0.294619132501915 -99 -0.359703877393568 -99 -99 -99 -99 -99
-99 -99 -99 -99 -99 -99 -99 -99 -1.17352835935104 -1.31657809604525
3.28960242327166 -99 -99 -99 0.211059602695502 0.547214385455164 -99 -99 -0.0219113943284717 -99
-99 -99 -99 -99 -99 -99 -99 -99 -99 -99
0.977379201209498 -0.29418072960712 -99 -99 1.23619241892699 3.186544882443 2.04381310312564 1.7996464659699 -99 -99
-99 -99 1.29596234053584 -99 -99 -99 -99 -99 -99 2.38476642726587
-99 -99 -0.430101381854822 -99 -99 -99 -99 -0.142174033234433 -99 -99
-99 2.44471540973292 -99 -99 -99 -99 -99 -99 -99 0.168030100012424
1.83084241084582 -99 -99 -99 -99 -99 -99 -99 -99 -99
-99 -99 0.928079225227332 0.305693062461482 -99 1.14988094206859 -99 1.13333150805311 -99 -99
-99 -99 -1.90549054462269 -99 -99 -99 -1.39763674705216 -0.520232903987587 -99 -1.91477013945377
2.69014009292426 1.30463165838498 -99 0.116041046847884 -99 -99 -99 -99 2.42435941460005 -0.290037723095138
2.66957743712882 -99 -99 -99 -99 -99 -99 -99 -99 -99
-99 -99 -99 -99 -99 3.0440496437705 4.03441737285538 -99 -99 -99
-0.701305773543138 -0.621684042452444 -0.643218277176187 -99 -99 -99 0.288141045841844 -99 -99 -99
-99 -99 -99 -99 -99 -99 -99 -99 -99 -99
-99 -99 -99 -99 -99 0.0937548373551915 0.318705571241388 -99 -99 1.31334895585191
3.09608517433755 -99 0.784875365214338 -99 0.868837558830163 1.27439654005353 -99 -99 -99 -99
-0.49961187065237 -99 -99 -99 -99 -99 -0.712319049208205 0.625574260289518 1.18445433849977 -99
-99 -99 -99 -99 0.976553755093028 -99 -99 -99 -99 -99
-99 -99 -99 -99 -99 -99 0.202828178716453 -99 -99 1.18592422161677
