-99 -99 -99 -99 -99 -99 -99 -99 -99 -99
-99 1.10711700551341 -99 -99 -99 -99 0.033048583680921 -99 -99 -99
-99 0.828671660404835 -99 -99 -99 -99 -99 0.246314683672803 -99 -99
-99 -99 -99 -99 -99 -99 -99 2.98864694879237 -99 -99
-99 -99 -99 -99 -99 0.277587124924923 -99 -99 1.35515641330656 1.9175182947085
1.59242633755542 -99 -99 -99 1.10968082041881 -99 -99 -99 -99 -99
-99 2.6257243508123 -99 -99 3.24053615513483 -99 4.06879231915851 -99 -99 -99
-99 -99 -99 1.84000533801632 1.25504497180923 -99 0.0134947569565542 -99 -99 -99
-99 -99 -99 -0.0274133031054566 -99 -99 -99 0.0383851608222469 0.373059961521179 -99
1.50941530269877 1.57185375342902 -99 -99 -0.402323875022938 -99 -99 -99 -99 -99
-99 -99 -99 -1.6177438725686 -1.32957622626582 -99 0.134626064348893 -99 -0.442891900494099 -0.407708712244891
1.0773739344492 -99 -99 -99 1.57258192291519 -99 1.7919635109047 -99 1.82097356818925 -99
-99 -99 -99 -99 -99 -99 -99 -1.24304774071375 -99 -99
1.17245848905523 -99 -0.165997382307026 1.65197386064895 -0.903650410981071 1.12236204485146 0.649308932274493 1.15860458596887 -99 -99
-99 -99 1.73985765019821 -99 -99 2.2802818301109 0.554823971789777 -99 1.93663434308582 -99
-99 1.77161382671416 -99 -99 0.998482426072088 -99 -99 -99 -99 -99
0.865550191042147 -99 -99 -99 1.76325529432596 -99 1.24726995433627 -99 1.56555952545326 -99
-99 -99 -99 -99 -99 -99 -99 -99 -99 1.04727716019776
-99 -99 -0.753710536516205 -0.90262525201939 -0.0212034221251844 -99 -99 -99 -99 0.0122662853029355
2.55281827789533 -0.581241825178514 1.98381322824925 -99 -99 -99 -99 -99 -99 1.41134261391598
-99 -99 -99 0.741678208531073 -99 -99 -99 0.0464520203408607 -99 -99
2.08187597533794 1.17795447924723 2.13850645602632 1.13658326777081 1.37998965538089 -0.152400780616439 0.928514710798805 0.529284783906807 1.34579830841725 -99
-99 -99 -99 -99 -99 -99 3.62744228719123 -99 -99 -99
-99 -99 0.710838957880895 -99 3.57642374811214 -99 -99 -99 2.39120064513377 0.647730533961261
-99 1.84341901319819 -99 -99 1.48493304354885 -99 -99 -99 -99 -99
0.812366896037659 -99 1.27447152460464 -99 -0.795773376944139 -99 1.75331381537309 -99 -99 -99
-1.32937925626859 -99 -99 -2.10834368808208 -99 -99 -0.814694188517088 -99 -0.778118228368274 -99
-99 -2.02967431240564 -99 -99 -99 -99 -99 -99 0.789090002292128 -99
-99 -99 -99 -99 -99 -99 -99 0.159417200975447 -99 -99
0.950338812971268 -99 1.57611932088922 1.88167552583323 -99 -99 1.2662014065127 -99 -99 -99
-99 -99 -99 0.319063674965519 -99 -99 -99 2.59216761168159 -99 1.45029648788912
-99 1.30023949391683 -99 -99 -99 -99 2.13355563811929 -99 -99 -99
1.43305083129945 1.3788995365251 0.58212669845744 -99 -99 -99 1.97656133339466 -99 -99 -99
-99 -99 -99 -99 -99 -99 -99 -99 3.31774448784377 -99
1.04225274986411 0.985286723608568 -99 -99 -99 -99 1.21028962938652 -99 -0.158937758552292 0.417808630758798
-99 -99 2.2220342102303 -99 -99 -99 3.07265791393239 -99 -99 -99
0.191169388743499 -99 -99 -99 -99 -99 -99 -99 1.12531357542347 1.7164311775803
0.250773620042869 -99 -99 -99 -99 -99 -99 -99 -99 -99
-99 -0.896665549012218 -99 -99 -99 -99 -99 -99 -99 0.831362634678145
-99 0.739410493795617 -99 -99 -99 -99 -0.375876968223678 -99 1.76730294080941 -99
-99 -99 2.29944263291839 -0.537798971021517 -0.169292512517035 -0.219371422783412 1.20461124276435 -99 -99 -99
-99 -99 1.07276204806222 1.66647567547776 -99 2.04093691367239 1.69356042936873 2.88784870114487 2.96129156250715 -99
-99 -99 3.46336920908084 -99 -99 -99 4.36596928039743 -99 -99 -99
-99 0.497811842364137 -99 -0.642649980184073 -99 0.522747128114257 1.32063413203398 -0.113275319311752 -99 -99
-99 -1.37321303720004 -99 1.02337078224889 -99 -99 -99 -99 -99 -99
2.47702726394825 -0.700402943513185 -99 -99 -99 -99 -99 -99 -99 -0.477731700762255
-99 -99 -99 -1.40006311968862 -1.97953345449343 -99 -99 -99 -99 -99
-99 -99 -99 -99 -99 -99 -2.76601594616946 -99 -0.739558388248154 -99
2.53403578025676 -99 -99 -99 -99 -99 1.15772627948857 0.910350969282884 -99 -99
-99 -99 -99 -99 0.990066724561722 -0.418875968366653 -99 -99 -99 1.60784448674953
-99 2.07848427800173 -99 -99 -99 1.88149482444699 -99 1.32002181895361 1.99926075842758 -99
2.29627549302267 -99 -99 -0.558912946630142 -99 1.53988103009421 -99 -99 -99 -99
-99 -99 -99 -99 -99 -99 -99 -99 -99 -99
-99 -99 -99 -99 -99 -99 -99 -99 2.63411628980181 -99
-99 -0.421222236023441 -99 -0.804404900482727 -99 -99 -99 2.42461729816448 -99 -0.949368495682
-99 -99 1.42101338323927 -99 -99 -99 2.53320942132952 -99 -99 -99
-99 3.30933018890174 -99 -99 -99 -99 -99 -99 -99 -99
0.499337799293132 1.1856404533692 -99 -99 -99 -99 -99 1.5592964373044 2.56331972043267 -99
-99 -99 -1.06177731389994 -99 0.778664257148473 -99 -99 -0.983946173534139 -99 -99
1.3215100246044 -99 0.62557392764154 -99 -99 -99 -99 -99 -0.00882707748282119 -99
0.27729121346213 -99 -99 -99 -1.18728974413313 -99 -99 -99 -99 -1.82395843711882
-99 -99 -99 -99 -99 -99 -99 -99 -99 2.11985732424659
-99 -99 2.84751662718994 -99 -99 -99 -99 -99 -99 -99
-99 -99 0.495329571342616 -99 -99 -99 -99 -99 -99 -99
-99 -99 -99 -99 -99 -99 -99 -99 -99 -99
-99 -99 0.820701068030248 -99 0.368847651301262 -99 -99 -99 -99 -99
-99 2.95862247711816 -99 2.30441640162038 1.77351088421426 -99 -0.107794151935211 -99 2.62152815544645 -99
-99 1.47262044495929 -99 -99 -3.33627059203843 -0.893200196190354 1.65643767220869 -99 -99 -99
-99 -99 -99 -99 -99 -99 3.31626618199777 -99 -99 -99
-99 -99 -99 -99 -99 2.3082930772152 -99 -99 1.0168285354102 -99
-99 -99 -99 -99 -99 2.55869554593405 -99 -99 3.19030812867097 -99
-99 -99 0.103534519813695 -99 -99 -99 0.371664614151374 1.0315961096285 -99 -0.176612480433798
-99 -99 -99 -99 -0.263063875903191 -99 -99 -99 0.59682014997103 -99
-99 -99 0.862088067286446 -99 -99 -99 -99 -99 -99 -99
-99 -99 -99 -99 -99 -99 -0.878041090916392 -99 -99 -99
-99 -99 2.06135304375091 -99 -99 -99 -99 -99 -99 -99
0.101559792564526 -99 -99 -99 -99 -99 -99 -99 -1.25176564270656 -99
2.80005847755262 2.47018694699195 -1.65502137287017 -99 -99 1.96951644488887 -99 -99 0.39464398945959 -99
3.57959804529823 -0.217885850209942 -99 -99 -99 -99 0.871693918460002 -99 0.252258338579191 -99
-99 -99 -1.67122267873068 -99 -99 -99 -99 -99 -99 1.32800022374597
2.23935645999407 1.68032048332942 -99 1.45150393932738 -99 -99 -99 -99 -99 -99
-99 -0.651232157038022 0.0434695286331668 -99 -99 -99 -99 -99 -99 -99
-99 -99 -99 -99 -99 -99 -99 -99 -99 -99
2.22113848714713 -99 -99 -99 -99 1.98243989126883 -99 -99 -99 -99
-99 0.654759266459505 -99 -99 0.400048942807733 -99 -99 -99 -99 -99
-99 -99 0.326217462827173 -99 -99 1.85885945911711 -99 -99 -99 -99
-99 -99 2.7707973566131 -99 -99 -99 -99 -99 -99 -99
-99 0.213654642684443 -99 -99 1.90434115363819 -99 -99 -99 -99 2.20603979462233
-99 -99 1.54955085706931 -99 0.324735192136291 -99 -99 -99 -99 1.86037861842176
-99 -99 -99 -99 0.670903113551734 -99 -99 -99 -99 0.130187301379378
-99 -99 -99 -0.135212662901424 1.33050244079357 -99 -99 1.39146654847306 -1.35531241414518 0.504595046020567
0.535789933307145 0.584754938703032 -99 -99 -99 -0.882703490108972 -2.12138637050393 -99 2.47381354069888 0.613791875485383
2.09101916274847 -99 0.792051617759586 -99 2.35581315204751 -99 1.27363602150809 -99 -99 -99
-99 -99 0.981343426646229 -99 -99 -99 2.4021124050964 -99 -99 -99
1.99704710650731 -99 -99 1.00197102633156 -99 3.18992963445655 -99 -99 -99 -99
-99 2.72377501446056 2.53485197434147 3.80524053085668 2.38225460847507 -99 -99 0.968325828785786 -99 -99
-99 -99 -99 -99 -99 -99 -99 -99 -99 -99
-99 2.69496537060483 -99 -99 1.93118092274069 1.96507001320452 -99 -99 -99 -99
-99 -99 -0.133201037027623 -99 -99 -99 -99 -99 -99 -99
-0.086661514117369 2.17320955103678 -99 -99 -0.26645043410442 -99 2.04270110066809 3.28808151861584 -99 -99
-0.468639093222045 -99 -99 -99 -99 -1.12432793466475 -99 -99 -99 -0.666301404515037
-99 -99 -99 -99 -99 -0.195163542321218 -99 -99 -99 -99
-99 -99 1.48200822869221 -99 0.747795718105423 -99 0.284114890482648 0.923161141970382 2.75731873683785 -99
-99 -99 -99 -99 -99 -1.00662763753025 -99 -99 -99 -1.6036702579423
-99 -99 -99 -99 -0.98795903264165 -99 0.0336084151450956 -99 -99 -99
-99 -0.401782189799651 -99 -0.732505086169986 -99 -99 -99 -99 -99 -99
-99 1.80137475390307 -99 0.967602694404136 -99 -99 -99 -99 0.472665733465348 -99
-99 1.12862752364404 -99 -99 -99 -99 -0.0302725650101614 -99 -99 -99
-99 0.576098054608446 2.02391561176681 -99 0.890590190712785 -99 -99 3.69105835074048 2.12881493416689 -99
-99 -99 -99 -99 -99 -99 -99 2.70273467803322 -99 -99
-99 -1.74503777670156 -1.35369220494201 -99 -99 -99 -99 -99 -99 -99
-99 -99 3.912743220102 -99 3.83365303430707 -99 -99 -99 3.43374387471881 4.2668995142696
-1.49400650723289 -99 -99 -99 -99 -1.31859578001229 -99 0.885542667472861 -99 -99
1.8472579871101 -99 -99 -99 -99 1.39657745173731 0.903305562173435 -99 -99 -99
-99 -99 -99 1.54400324202091 1.87424311397984 -0.477813166601413 -1.55068054403722 3.10271821605309 -99 -99
-99 -99 -99 -99 -99 -99 -99 -99 -99 0.70176772253581
2.59624625402835 -99 -99 0.905513610142056 -99 -99 0.460211416869349 -99 -99 -99
-99 -99 -99 -99 2.15321776926049 -99 -99 -99 -99 -99
2.72535676100199 -99 -99 -99 -99 -99 2.3547590782565 -99 -99 -99
1.51827111280026 -99 2.48241555916546 -99 -99 -99 -99 -99 1.21189508871923 -99
-99 2.31213069175226 -99 -99 -99 -99 -99 -99 1.5438829902999 -99
-99 1.55248998093709 -99 -99 -99 -99 -99 -99 -99 -99
-99 -99 -99 -99 -99 1.1115857462769 -99 -99 0.0562633060557577 -99
-99 0.00413315725836783 -99 3.63866284349013 -0.408052501169089 -99 -99 1.72999365031282 -99 -99
-99 -99 -99 -99 -99 -99 -99 0.487835373134423 -99 -0.328860894547861
-99 -0.484502114095867 -99 -99 -99 1.82232591164711 -99 -99 -99 -99
-99 0.260584044556522 -99 -99 -99 -99 -99 -99 0.506896778173686 -99
-99 -99 -99 -99 -99 1.15239913398984 -99 -99 -99 -99
-99 -99 -99 3.50713146166126 -99 1.50787154365637 -99 -99 -99 -99
-0.320670765053394 -99 -99 -99 -99 -99 -99 -0.625524581104445 -99 -99
-99 -99 -99 -99 -99 -99 0.796244641662939 -99 -99 -99
-0.507270966332446 -99 1.17163395938253 -99 1.23907947607426 0.49747429276127 -99 0.400540342102908 -99 -99
-99 -99 -99 -99 1.18528678682646 1.70808367297371 -99 -99 -99 -99
-99 2.7614818205283 -99 -99 -99 -99 1.36932097514936 -99 -99 -99
-99 -99 -99 -99 -99 0.594633962730787 -99 -99 -99 -99
0.12388743027533 -99 -99 -99 -99 -99 0.929919088724153 -99 -99 -99
-99 -99 -99 -99 -99 -99 0.855243824799246 -99 -99 0.720137071513079
-99 -99 -0.0785853887345325 -99 -99 -99 -99 -99 2.02030016816993 0.400410828393245
-99 -99 -99 -99 -99 -99 -99 -99 -99 -99
-99 -99 -99 -99 -0.473348261560999 -99 -99 -99 -99 1.76164790890024
2.51383757956086 -99 -99 -99 0.559316802403455 -99 -99 -99 -99 -99
3.2466367435993 -99 -99 -99 -99 -99 -99 -99 3.92890135911171 -99
-99 -99 -99 -99 -99 -99 -99 -2.84168410041556 -2.10464821592792 -99
-99 -0.6677250977256 -99 -99 -99 -99 -99 -1.48916009213624 -99 0.8939248424146
-99 -99 3.24441884776227 -99 -99 3.9450525871619 -99 -99 -99 -99
-99 -99 -99 -99 -99 -99 -99 -99 -99 -99
-99 0.109012046033649 -0.0460694271285127 -99 -99 -99 -99 -99 -99 -99
-99 2.50457011691644 -99 2.37635601968867 -99 -99 -99 -99 -99 -99
-99 -99 -99 -99 -0.401804319790992 -99 -99 -99 -99 -99
-99 -99 -0.548216622305164 -99 -1.07675283772771 -99 -99 -99 -99 -0.782527885896972
-99 -99 -99 -1.79845025987584 -99 -99 -99 -99 -99 0.311033512802972
-99 -1.03788598332073 -99 -99 -99 -99 -99 -99 2.19764962332003 -99
-99 -99 -99 -99 -99 -0.889678904914681 -99 -99 0.305789830611896 -99
-99 -99 -99 1.05912571437121 -99 0.0570168753812963 -99 -99 -99 -99
0.36290157122634 -99 -99 3.2116915088727 2.61730000944084 -99 0.742767790670029 -99 -99 -99
-99 -99 -99 -99 2.57557640396646 -99 -99 -99 -99 -99
-99 -99 -99 -99 0.779957936224553 -99 -99 -99 -99 0.997336201217555
2.10725007405809 -99 1.63976684097803 -99 -99 -99 -99 -99 -99 -99
-99 -99 -0.287392212074879 -99 -99 -99 1.21591837720298 -99 -99 -99
1.07137836902676 -99 -99 -99 -99 -99 -99 -99 -99 -0.675181278776723
-99 -99 -99 -99 -99 -99 -99 -99 0.778287891535554 -0.411268207609088
1.24498419778096 -99 -99 0.889474019290772 -99 -99 -99 -99 -99 2.96127300411823
-99 -99 -99 -99 -99 1.25215502446993 0.833919127545453 1.74184316016638 -99 -99
-99 -1.30384105572139 -99 -99 -99 -2.52403231189156 1.91534645287024 -99 0.512685522644108 -99
-99 1.15846390485672 1.96959921187202 -99 -99 -99 -99 4.23532725141803 -0.667946085918673 -99
0.974106951643916 -99 -99 -99 1.43766356130167 -99 -99 -99 0.845833402504386 -99
0.217330561651042 -99 -99 -1.57461420230492 -99 -99 -99 -99 -99 1.74508240244547
-99 -99 -99 1.64734218159989 -99 -99 -99 3.22070308517827 -99 -99
-99 -99 -99 -99 1.19436068686535 -99 -99 2.66283730173248 -99 1.02527485279017
2.3416102354184 -99 -99 -99 -99 -99 -99 -99 -99 -99
0.933928839457491 -99 -99 -99 -99 2.3847929008304 -99 -99 -99 2.44546151767509
-99 -0.113296357166722 -99 -99 -99 -99 -99 -99 1.29622173356806 0.900781158068107
-99 -99 0.68787080305175 -99 -0.791889621343199 -99 1.28665421896482 -99 -99 -0.775393363160434
-99 -99 -99 -99 -0.687132021076043 1.38462102832777 -99 -99 -0.521016354099105 -99
1.00538992095161 -99 0.478936807530667 -0.669857231881732 -1.78312922305194 -99 -99 -99 -0.101124848563287 -99
-99 -99 -99 -99 -99 -0.96450565543959 -99 -0.384172526257224 -99 -99
-99 -99 -99 -0.21913276646727 -99 -3.9363531827839 -0.786394938567445 -99 0.332091578627372 -1.00538171479998
-99 -99 -99 -99 -99 -99 -99 1.30807867929692 -99 1.30165594153586
-99 1.18841858885958 -99 -99 -99 -99 -99 0.467733800700727 1.58290763716892 1.65687611755269
-99 -99 -99 -99 2.97239025218438 -99 -99 -99 -99 -99
-99 -99 -99 0.958212495707666 -99 -0.968324935670667 -99 1.01757175463887 -0.768832309061793 -99
-99 -99 -99 -0.935427915438403 -99 -99 -99 -99 -99 0.459614917912083
-99 -99 -99 -99 1.36666272613728 -99 -99 -99 0.761759524415149 -99
2.05331623974423 3.32535600604858 -99 1.98067809262205 -99 -99 -99 -99 0.509023201528152 3.92470772154471
-99 -99 0.103832530901476 -99 -0.334011160815228 -99 -99 -99 -99 0.323602934865343
-99 -99 -0.921998065092416 -99 -99 -99 -99 -99 -99 1.17449261933975
2.29885824342712 -99 1.43909508458711 0.925241752414372 -99 1.80745666040902 -99 3.95150727897662 -99 -99
-1.62851624971266 -99 0.580088387759031 -99 -99 -99 -0.884618982326617 -99 0.19719736321786 -2.03240829152464
-99 -99 -99 -99 2.81066894085817 0.996221768230384 1.32166311381914 -99 0.26040352123837 -99
0.685487656358357 -99 -99 -99 -99 -99 -99 0.904109827259809 -2.17879491046394 -99
-99 -99 -99 -0.319001993916737 -99 -99 -99 -99 -99 -99
-99 -99 -99 -99 -99 -99 -99 -99 -99 -99
-99 -99 -3.34443239026271 -99 -99 -99 -99 -99 -0.0966434941822019 -99
1.78453611207496 -99 -99 -99 1.84956463898464 -99 -99 -99 2.76634474149397 1.46178254152986
-99 1.65005837033422 -99 -99 -99 -99 -99 -99 -99 -0.49837318775883
-99 0.848350579300041 -99 -0.16990958992342 2.47092459217492 -99 -99 -99 1.8051336133357 -0.499697471549726
-99 -99 -99 -99 -99 3.86153322729817 -99 -99 2.27407034784726 -99
-99 -99 -99 -99 -99 0.952123523717668 -99 -99 -99 0.601040748870554
-99 -2.35550457697279 -99 -99 -99 -99 -99 -99 -99 -1.68213245463941
-99 0.293156774126753 -99 -99 -99 0.786440907635508 -99 -99 -99 1.70055374263015
-99 -99 -99 -99 -99 0.927609740637698 0.979396645894945 -99 -99 -99
-99 -99 -99 3.22487555951023 -99 2.09217941536846 -99 -99 3.26292599111498 -99
0.768239812080047 -99 2.06323106080132 -99 -99 -99 -99 -99 -99 -99
-99 -99 -99 -99 -99 -99 -99 1.99644673496125 -99 -99
0.956461728351488 3.56685418283408 -99 -99 -99 1.81528268250769 -99 3.1603889791042 -99 -99
-99 -99 -99 -99 2.75584772453682 4.30217636689299 -99 -99 -99 -99
3.89440604623724 -99 1.09301920440975 -99 -99 -99 -99 -99 -99 -99
-99 -99 -99 -99 -99 0.695295715372692 -99 -99 2.77893088878715 -99
2.5969793995067 -99 -99 1.44315864806548 -99 -99 1.65795686282698 2.7864411585718 -99 -99
-99 1.61011911937812 2.12154704970215 -99 3.09807767836302 -99 -99 -99 0.121592397237976 -99
-99 -99 -99 2.03749426245212 -99 -99 -99 -99 -99 0.378443337858482
2.06771012393413 2.24385974021664 -99 -99 -99 -99 -99 -99 0.953915940710637 1.90963211179096
-99 0.741479641636126 -99 -99 1.43062544662258 -99 -99 -99 -99 -99
2.46633501759757 -99 -99 -99 -99 3.24494477807139 0.362877460944303 -99 -99 1.90500100745203
-99 -99 3.11628055782763 -99 -99 1.17890087768165 -99 -99 1.50119161523173 -99
-99 -1.03544359085176 -99 -99 -99 -99 1.86247589523903 -99 -0.803602868250451 -99
-99 -99 -99 -99 -99 -1.32028541373754 -99 -99 -99 -99
1.82044885725946 -99 -99 -99 -99 -99 -99 3.48739965836394 -99 -99
-0.816002978268785 1.3327163283562 -99 -0.498629589595165 -99 -99 -0.187326900105178 -99 -99 -99
-99 -99 3.17068899453957 2.32665577502609 -99 -99 -99 -99 -99 1.96083502372709
-99 -99 -99 -99 -99 -99 -2.05714531276622 -99 1.2035906043084 -99
-99 -99 -99 -99 -0.440008960227345 2.95368587110049 -99 -99 -99 -99
-99 -99 -99 -99 -99 0.198843994311624 -99 0.947777626631777 0.820549340665126 -99
-99 -99 -99 -99 -99 -99 -99 -99 -99 -99
-99 -99 -99 -99 -99 0.534640674728222 -99 -99 -99 -99
-99 -0.857907798999713 -99 -99 0.462889352192514 0.658755599998274 -99 -99 -0.13613362939203 -99
1.15801473909998 -99 -99 0.125603865135011 2.28951517258839 1.8970075169227 -99 -99 -0.450245370016898 -99
0.948652216956958 1.32514536520669 -99 -99 -99 -99 -99 -99 2.24887514941877 -99
-99 -99 0.895669288822066 -99 -99 0.302538853991765 -99 -99 -99 0.402444040171399
-99 1.02135259460453 0.515635261953178 -99 -99 -99 -99 -99 -99 -99
-99 -99 -99 -99 -99 -99 1.74140906500438 -99 2.85107393962661 -99
-1.91618751814154 -99 -99 -2.51629074190523 -99 -99 -99 -3.06935531729174 -99 -2.4952866191698
-99 -99 -99 -99 -99 1.36545582716455 -99 2.91221716978779 -0.180284022311791 -99
-99 -99 -99 -99 -99 -99 0.196450079605389 -99 -99 1.30751524473786
-99 -99 -99 1.021092713279 -99 0.81041841841851 -99 -99 -99 1.08925998065943
-99 -99 -99 -99 -99 -99 -99 -99 -99 0.0442290915545041
-99 -99 3.42322503690578 -99 -99 -99 -99 -99 -99 -99
-0.445557134413479 -99 -99 -0.556729930236903 -99 -99 -99 -99 -99 -0.38959853765876
-99 -0.36836187308658 -99 -1.02031530603994 -99 -99 -99 -2.31673917057796 -99 -99
-99 4.3519098769345 4.11281088606047 -99 -99 3.11889780031946 -99 2.43932356628855 3.43177420009123 2.53951873131385
-99 -99 -99 -99 -99 -99 -99 -99 1.7128978115463 -99
-99 -99 -99 -1.22640839811912 -99 -99 -99 2.9393447148626 -99 -99
-99 -99 -99 -99 -99 -99 -99 1.05219281593431 -99 -99
-99 -1.7129088742462 -1.67137644656952 -99 -2.70068105166786 -0.409109834645505 -99 -99 -99 -99
-99 -99 -99 -99 0.354592273692733 -99 -99 -99 -99 -99
-99 -0.621518361508986 -99 1.18536763832238 -99 -99 -99 0.80863517349453 -99 -99
-99 -99 -99 0.438794963192043 -99 1.13330103840706 -99 -99 -99 0.682164432518387
-99 -99 -99 -99 -99 -99 2.13909892717222 -99 -99 -99
-99 1.72930650060528 -99 -99 0.643666887627345 -0.396957062001488 -99 -99 -99 -99
-99 -99 1.55185844141714 -99 -99 0.94148172436118 -99 -99 -99 -99
-99 -99 -99 -99 -99 -99 -99 -99 -99 1.53714717451376
-99 -99 -99 -99 -0.318524103157618 -99 -99 -99 -99 -0.489491133426412
-99 -99 -0.852204457750517 -99 -99 -99 0.1967314201327 -0.509071582961722 0.297341718005607 -99
-99 -99 -99 -0.131914020862852 -99 -99 1.19971228499318 -99 -99 -2.15500059506239
-99 -99 1.78113477947895 -99 -99 -99 -99 2.23808813094748 -99 1.38859941331176
0.0252136328842931 1.58548450070793 0.651193864552634 -99 -99 -99 -99 0.476161488912154 1.20664332760257 0.519916241843578
-99 -99 -99 -99 -99 -0.376521934705712 -99 -99 -99 -99
-99 1.9663911528197 -99 -99 -99 -99 -99 0.208682797464217 3.3274313769573 -99
-99 -0.934390266894117 -99 -99 -99 -99 -99 -99 1.67070515454558 -99
1.83145516333878 -99 -99 -99 -99 1.28034964920943 -0.37111078166507 -99 -0.984501458977626 -99
-99 -99 0.142963006340835 0.664643377296461 -99 -0.357440395667896 -99 -99 -99 2.30226154478393
-99 -1.8114344162633 -99 -99 -0.542630235742376 -1.23240364764714 -99 -1.35169678445576 -99 -0.408829858879782
0.872136383382063 -99 -99 0.352776423841811 -99 -99 -99 -99 0.22051612816769 -99
-99 -99 -99 -99 0.169148493894838 2.22225030020373 -99 -99 -99 -99
-99 -99 1.38872942998677 -99 -99 -99 -99 -0.246431439861927 -99 -99
-99 -99 -99 -99 -99 -99 -99 -99 -99 0.377793953780462
0.604168017735401 2.04423676631309 -99 2.8833444200854 -99 -99 -99 -99 2.20281719622738 -99
-99 -99 -99 -99 -99 -99 -99 -99 -99 1.4091626582363
0.00622295242751825 -99 0.432569303270135 -99 -99 1.41983797941889 -99 1.88154397991544 -99 -99
-99 0.972729213309955 -99 -99 -99 -99 -99 -99 -99 -99
-99 -99 -99 3.04617118226428 -99 -99 -99 0.516526893246289 -99 -99
-99 -99 -99 -99 3.36834024586511 -99 -99 1.49890096368524 -99 2.83040719877209
1.72423785872786 -99 3.18093260805733 -99 -99 -99 -99 -99 -99 -99
2.63267152727867 -99 1.87909343478382 0.934789246128816 -99 1.15424412090923 -99 -99 1.04819312203502 2.21114484819535
-99 2.08742222638856 -99 0.638134847506025 -99 -99 -99 -99 -99 -99
-99 -99 -99 -99 -99 -99 -0.541234256554449 1.82169246930323 -99 -99
-99 -99 -99 -99 -99 -99 0.102663965168993 -99 -99 -99
-99 -0.839950820226584 -99 -99 1.50366636018995 0.265234375043045 -99 -99 -99 -99
0.628666258387154 -0.388311113402558 -0.710280916114421 -99 0.284734189103896 -99 -99 -1.10996607890413 -99 -99
-99 -99 -99 -99 -1.01121865692559 -99 -0.617357502116307 -99 -99 -99
-99 -99 -99 -99 -99 -99 -99 -99 -99 -99
-99 -99 -99 -99 -99 -99 -99 -99 2.29969509794824 -99
-1.33835980951647 -99 -99 -99 -99 -99 -99 -99 -1.14917637429113 -99
-99 2.33933958065721 1.87821445438712 -99 -99 2.3532077723964 -99 -99 -99 -99
-99 -99 -99 -99 -99 -99 -99 -99 -99 -99
1.90480934326095 -99 -99 -99 -99 -99 1.96855644832964 -99 -99 -99
-99 -99 -99 -99 0.10110643908661 -99 -99 -99 -99 -99
-99 -99 2.09165289387857 -99 -99 -99 -99 -99 -99 -99
1.98776570826788 -99 -99 3.47172393296506 -99 -99 -99 -99 -99 -99
-99 -99 -99 -99 -99 -99 -99 0.402846618354823 -99 -99
-99 -99 2.60447341509116 2.31923131298392 2.18254696480667 -99 1.32311494870628 -99 1.85320782298531 -99
-99 -0.879374770889522 -99 -99 -99 -99 -99 -99 0.33450571600211 -99
-0.190037685465657 -99 0.357565923840319 -99 -99 0.000198252831538848 -99 -99 -99 -99
-99 -99 -99 -0.997438264583712 0.136589540517813 -0.0214836376718723 -99 -99 -99 0.0732787453647136
-99 -99 -99 -99 -99 -99 -99 -99 2.39357694572705 -99
-99 -99 -99 -99 -99 -99 -99 -99 -99 -0.902004481979183
0.881051157916254 -99 -99 -99 -99 0.300324912974648 -99 -99 -99 -99
-99 2.73737611870579 -99 -99 -99 -99 -99 -99 -99 1.29486377065985
-99 2.82306913591028 -99 -99 -99 2.03772572661172 -99 2.63952459478156 -99 -99
-99 -99 -99 -99 -99 -99 -99 -99 -99 -99
-99 -99 -99 -99 2.03825287519017 2.36467301978526 -99 0.546162990530077 -99 -99
0.764918782266111 1.47126663344061 -99 2.22383063105622 1.86578875557427 -99 -99 -99 2.46266544224933 -99
-99 -99 -99 -99 -99 0.478165660483271 -99 1.00215449881426 -99 1.20133484538763
-99 -99 -0.839206612386011 0.709329013895552 -0.202584057631994 -99 -99 -99 -99 -99
-0.246125682239525 0.0347475315869595 0.890704438931012 -99 -99 -99 -99 -99 -99 -99
-99 -99 -99 -99 -99 -99 -99 0.693881672467212 -99 -99
-99 -99 -99 -99 -99 -99 -99 -0.878711299222242 -99 -99
2.39667569872006 2.21423427424545 -99 -99 -99 -99 -99 -99 -99 0.683249593151368
-99 -99 -99 -99 1.77795990863675 -99 -99 1.79334163932781 -99 -99
0.388592640664849 -99 -99 -99 -99 -99 -99 -99 -99 -99
0.147978209097047 -99 -99 -99 -0.455635518018183 -99 -99 -99 -99 -99
-99 1.25997992095191 -99 -99 0.769794449428141 -99 -99 -99 0.287294986968745 -99
-99 -99 -99 -99 1.92115553575695 -99 -99 -99 -99 -99
-99 -99 -99 -99 -99 -2.49139696140516 -99 -0.867102343915086 2.22886089596129 -99
0.209108343613358 -99 2.74106117189625 -99 -99 -99 -99 -99 -99 -99
-99 -99 3.07861979864142 -99 -99 -99 -99 -99 -99 -99
-99 -99 -0.155850811705541 -99 -99 2.36261635008373 -99 -99 -99 -99
-99 -99 -99 -99 -99 -99 -99 -99 -99 -99
-99 3.83064348508947 -99 -99 1.74330987438898 -99 -99 -99 -99 -99
0.906358072732129 -99 -99 -99 -99 -99 -99 -99 -99 4.11700104633175
-99 -99 -99 -99 -99 -99 2.13533349269426 0.443442738742906 -99 0.415693025267774
-99 -99 -99 -99 -0.825012378295921 1.30715671092783 -99 -99 -99 -0.934299454471487
2.30368668511866 -99 1.00238529648055 -99 -99 -99 -99 3.48242974120185 -99 -99
-99 -99 -99 -99 -99 -99 -99 0.805074816842018 -99 -99
-99 -99 -99 -99 -99 0.912089607240408 -99 -99 -99 0.0659683474147414
0.675730439695691 -99 -99 -99 -0.587129590197576 -1.04990848303494 -99 -99 0.730950759204167 -99
2.48190411579778 -99 -99 -99 -99 -99 -0.203542382274654 -99 -99 -99
-99 -99 -99 -99 -99 -99 -99 1.18455540417863 1.62008646890287 -99
-1.686377146727 -99 0.207996470322941 -99 -99 -99 -99 -99 -0.929270081977526 -99
-1.68456645588859 -99 -3.42589343167828 -0.849319632168271 -99 -99 -99 -99 -99 -99
-99 -99 -99 -99 -99 -99 -99 -99 -99 -99
-99 0.3743527000433 2.74008810767831 -99 -99 -99 -99 -99 -99 -99
-99 -99 -99 -99 -99 2.15992177681497 -99 -99 -99 0.97541174558074
-99 -99 -99 2.23539537776041 -99 -99 -99 -99 1.45439132279089 -99
-99 3.08332245246099 3.8810512084724 2.3372193915031 -99 0.497476291092863 -99 -99 2.04098572035917 -99
-99 -99 -99 -99 -99 -99 -99 -99 -99 -99
-99 -99 -99 -99 -99 1.37918986443617 -99 -99 -99 -99
-99 1.1682901639775 -99 -99 -99 -99 -99 -99 -99 0.889298069388972
-99 -99 -99 -99 -99 -99 -99 -99 -99 -99
-99 2.5025375314474 -99 -99 2.02244676275389 4.37943661256573 -99 -99 -99 -99
-99 -99 1.15860292502767 -99 -99 -99 -99 -99 2.86461415737182 -99
-99 -99 -99 -99 0.407141591961626 2.04782907770872 -99 -99 -99 -99
-99 -99 -99 -99 -99 -99 -99 -99 1.56096432575238 -99
2.03157145248864 -99 -99 3.37889866050754 -99 -99 0.933820076819614 -99 -99 -99
-99 -99 1.43723638362496 -99 -99 -99 -99 0.790278113960812 -99 -99
-99 -99 -99 -99 -99 -99 -99 -99 -99 -99
-99 -99 -99 -99 -99 -99 -99 -99 -99 -99
1.69336368843544 2.89633706979583 -99 -99 2.07135621628781 0.475723773449652 1.76226883620302 0.180872217199126 -99 -99
-99 -99 -99 -99 -99 -99 -99 1.18054462755958 1.41361573391114 -0.180777005077022
-0.114222314605278 -99 -99 -99 -99 -99 -0.360693395773911 -99 -99 1.41329091911977
-99 -99 1.48418402084091 0.486935215732794 -99 -99 0.0132125056262863 -99 -99 -99
-99 -99 -99 -99 -99 -2.41328699491949 -99 -99 -99 -99
-99 -99 -99 -99 -99 -99 2.19731045336114 -99 -99 -99
-99 -99 -99 -99 -99 -99 -99 -99 -99 -99
-99 -99 -99 -99 -99 -99 -99 -99 -0.347957432253365 0.752217905781558
-99 -99 -99 -99 -99 0.102032702392553 -99 -99 -99 -99
-99 -99 -99 -99 2.29273997870812 -99 -99 -99 3.9549258665082 -99
0.268264658599064 -99 -99 -99 -99 -99 -99 -99 -0.66598816178057 -99
-99 -99 -99 -99 -99 -99 -99 -99 -99 -99
-99 0.893850356429036 0.111605505321724 -99 0.883852523371363 -99 -99 -99 -99 0.863275762801606
-0.615945458778479 -99 -99 -99 -99 -99 -99 -99 -0.32358012006539 0.477546849460584
-99 -99 2.98742773704478 -99 -99 -99 -99 4.28962625684099 -99 -99
-99 -99 -99 -99 -99 -99 -99 -99 0.904608977177055 -99
-99 -99 -99 -99 0.111812073194253 -99 -99 -99 -99 -99
-1.66648562282133 -1.55868588476322 -99 -99 -99 -99 -99 -99 -99 -99
-99 -99 -99 1.09697468677274 -99 -99 -0.250610906159236 -99 -99 -99
1.62181797826277 -99 -99 -0.605197108988861 -99 -99 1.24503054927721 -99 -99 -99
-99 -99 -99 -99 -99 -99 -99 -99 -99 1.2118106920161
-99 -99 -99 -99 -99 -99 -99 2.71131153677894 1.18946463543812 -99
0.190868728420541 -99 1.26102365875478 -99 -99 0.875786973355112 2.69512020308495 -99 0.962331563603569 -99
-99 -99 -99 -99 -0.495778667095428 -99 -99 -99 -99 -99
3.68602685606644 -99 -99 -99 -99 1.0352090504168 -99 1.41681573220823 3.00485333689965 2.87426706607319
-99 1.42892356960725 -99 2.90286044718826 -99 1.41706191823937 -99 -99 -99 -99
0.438852677820975 -99 -99 -99 2.97395004323961 -99 -99 -99 -99 -99
3.52367703544648 -99 2.6416391698107 0.970682793200772 -99 -0.182051708045699 -99 -99 -99 -99
-0.416079662814882 -99 -0.826292707585873 -99 -0.236218789461318 -2.07926283252266 -99 -99 -99 -99
1.38596503721717 -99 -99 -99 -99 -99 -99 2.7493734147018 1.38119565623457 2.56153698176667
0.685065928545406 -0.464077717436553 -99 -99 -99 -99 -99 1.31125030886314 -0.0240073211305734 -99
-99 -99 -0.686213871985755 -99 -0.448068580317764 -99 -99 -1.27868032321765 -99 -99
2.049320825292 -99 -99 -99 -99 4.51693643699362 -99 3.27683308386284 -99 2.26599079170693
-1.84922101837828 -99 -1.00471907727084 -99 1.02493945842854 -0.0728341106928201 -99 -99 -99 -99
-0.604810454577899 -0.333355319672339 -99 -0.493640439880988 -1.14467712634334 1.27731025179282 -99 0.168768349969336 0.303046991415001 -99
-99 -99 -0.121353316520228 -99 -99 -99 -1.29121218412818 -99 -99 -99
-99 -99 0.201963062878636 2.0621306447716 -99 -0.378931387135158 -99 -99 -99 -99
-99 -99 -99 -99 -99 -99 2.06952992289145 -99 -99 -99
-99 -99 -99 1.06640107050036 1.82974482739431 -99 1.38177001492121 -99 -99 -99
-99 -99 -99 -99 -99 -99 -99 -99 -1.45426420518571 -99
-99 -99 -0.940998675591639 -99 -0.544715320310735 -99 -0.810360313903087 -99 -99 -99
-99 -99 -99 2.7951090958337 -99 -99 2.25907729236935 -99 -99 -99
-99 -99 -99 -99 4.11160895063949 -99 -99 3.76829292496334 3.06048469950335 -99
-99 1.04404453009909 -99 1.32893609477961 0.200907146394035 -99 -99 -99 -99 0.921489094050215
-0.841075267251813 -99 -99 -99 -99 -99 -99 -99 -99 -99
-99 -99 -99 -99 -99 -99 -99 -99 -99 -99
-99 -99 -99 -99 -99 -99 -99 0.316711042274197 -0.109093424246709 -99
-99 -99 -99 0.000177433616129319 -99 -99 -0.165388201464052 -99 -99 0.421717423639288
-99 4.9336448382196 1.82644184699494 -99 -99 -99 -99 -99 -99 -99
3.58664079344317 -99 -99 -99 -99 -99 -99 -99 -99 -99
-99 -99 1.80487538521339 -99 -99 -99 -99 3.24846323905872 1.81976426032752 0.417886901466088
-99 -99 -99 -99 -99 -99 -99 -99 1.6644622306432 -99
-99 4.88675643728302 -99 2.72936283900899 -99 -99 2.67080651010302 -99 -99 -99
0.773525438364339 -99 -99 1.45470394969925 -99 -99 0.416291921275187 -99 -99 -99
-99 0.505068338383299 -99 -1.55668629763461 -99 -99 -99 -99 -99 -1.01093141983048
-99 2.18435304320452 -0.564662495673269 -99 1.14776559846725 2.05912650399336 -99 -99 -99 0.382636747609867
-99 -99 -99 -1.29390404175746 0.610500766163794 -99 -99 1.63432587180469 -0.90296698435175 -99
-99 -1.08196517568527 -99 -1.97395964351298 1.32648225730413 -99 -99 -99 0.302801384413476 -99
-99 2.01450901306233 3.85543235766582 -99 0.645899739582007 -99 0.491628579930737 -99 0.650130586625448 -99
-1.05077982625581 -99 -99 -1.00588317865403 -99 -99 -99 -99 -0.40124127439174 -99
-99 0.445595350522669 1.47895111956176 -99 -99 -99 -99 -99 -99 -99
-99 -99 -99 -99 -99 -99 -99 -99 -99 -99
-1.46183454225655 -99 -99 -99 -99 -99 -99 -99 -99 -99
-99 -99 -99 -99 2.47813024511676 3.67738926870586 -99 -99 -99 -99
0.0711388120810302 1.04940777045336 -99 -99 -99 -99 -99 0.334531573464783 -99 -1.27587942623747
-99 -99 -99 -0.158487202706191 -99 -99 -99 -99 -99 -99
-99 -99 -99 -99 -99 -99 -99 0.333610384035521 -99 -99
-99 1.11231185527684 -1.2311323795152 -99 -99 -99 -99 -99 -99 -99
-99 -99 1.29774045620476 -99 -99 -99 -99 -99 -99 -99
-99 0.138360262025611 -99 -99 1.76457399052975 -99 0.313347826488633 -99 -99 -99
-99 -99 -0.355673712291529 0.649113628983382 -99 -99 -99 -99 -99 -99
-99 -99 -99 0.868004146550988 -99 -99 -99 -99 -99 -99
-99 -99 -99 4.63565714765961 3.72858225973558 -99 -99 -99 -99 1.34276615013136
-99 -99 1.1628283430203 0.196740295937685 -99 -99 -99 0.727528673127882 -99 -99
1.79524333343854 -99 -99 -99 -99 -99 0.737297024272605 0.700870487774643 -99 1.67277502814658
0.27872754867875 -99 -99 -99 -99 -99 -99 -99 -99 -99
-99 1.56979463874478 -99 -99 -99 -99 -99 -99 -99 -99
-99 1.78793662537089 -99 -99 1.25452634456291 -99 -99 -99 -99 -99
-99 -99 -99 -99 -99 0.974022242140158 2.39417412637858 -99 -99 1.19009726104142
2.72048216361002 -99 1.43634974293395 -99 -99 -99 -99 1.15879832218833 1.66734076400358 -99
-99 -99 3.68566361045195 3.90684457965881 -99 -99 -99 5.18507746373119 4.34820764903727 -99
-99 1.99806334824851 -99 -99 1.12850812665703 -99 -99 -99 1.25715654432949 -99
-1.21532651104673 -99 -99 -99 -99 -99 -99 -99 -99 -99
-99 -99 1.57613545241026 1.47455936939272 -99 -99 -99 -99 -99 -99
-99 1.30095270684826 2.19162411514017 3.40810002428521 -99 -99 -99 -99 -99 -99
-99 -99 -99 -99 -99 -99 2.0381096125391 -99 3.48480448006216 -99
-99 -99 -99 -99 0.254971155062487 -99 -2.01998145893207 1.00821661471087 -99 -99
-99 -99 -99 -99 -99 -99 -99 -99 -0.601051780100554 2.46989011576167
-99 -99 -99 -99 -99 -99 -99 -99 -99 -99
-99 -99 -99 4.64347095667502 -99 -99 -99 -99 -99 3.34262001603855
-99 -99 -99 0.0837376978242266 -99 -99 -99 -99 0.402218772661831 -0.221292303944429
-99 2.13745864957613 -99 -99 1.89641714481815 -99 -99 -99 -99 -99
-99 0.610157537261121 1.22061070743301 -99 -99 -99 -99 0.238329761010005 -99 -99
-99 -99 -99 -99 -99 1.06207973664289 -99 -99 0.60553528323659 -99
-1.80779914431651 -99 -3.39253387907168 -99 -99 0.732300304769979 -99 -99 -99 -99
0.72756624781607 -99 -99 -99 -99 -99 -99 -99 -99 -99
-0.688564016578106 -0.0665871406944492 -99 -99 -99 1.52967176692522 -99 0.97903386610698 -99 -99
-99 -99 -99 -99 0.166697459609084 -99 -99 -99 -99 -99
0.267057150361122 1.50521407313876 -0.118855234702654 -99 -99 -99 -99 -99 -99 -99
-99 -99 -99 -99 -99 1.7798822063322 -99 -99 -99 -99
-0.135905076348655 -1.25729418245636 -99 -99 -99 -99 -99 -99 -99 -99
1.9354400431214 -99 -99 2.69470219514954 -99 -99 -99 0.671886685079234 -99 -99
-99 0.576481103020922 0.02467446460315 -99 -1.2260215194211 -99 -2.1074539311938 -99 -99 -99
-99 -99 -99 4.16457268831024 -99 -99 -99 -99 -99 -99
-99 -99 -99 2.83158601110858 3.11802776652564 -99 -99 -99 -99 -99
-99 -99 -99 -99 -99 2.66949840922215 0.952290027763188 -99 -99 -99
-99 -99 -99 -99 1.07125709571487 -0.951739399492652 -99 -99 -99 -99
2.08141540790853 0.273038500304589 -99 -99 -99 -99 -99 -99 -99 -99
1.28551586010196 -99 -99 -99 1.07307922226215 -99 -99 1.64353428878856 -99 -99
1.52378701313705 -99 -99 -99 -99 -99 -99 -99 -99 -99
-99 2.01781170938474 -99 -99 -0.407053532984935 -99 -99 1.564550674479 0.45596594461778 -99
-99 0.275747500649368 -99 -99 -99 -99 1.56478636553587 -99 -99 -99
0.968601479416391 -99 -99 -99 -99 -99 -99 -0.62722626084645 -99 -99
-99 1.63496011333152 -99 -99 -0.176901952176188 -99 -1.54255262538956 0.694423352068636 -99 -99
-99 -99 -99 -99 -99 2.94860928896042 -99 -99 -99 -99
-99 -99 -99 3.19311745183089 -99 -99 1.24953363152852 -99 -99 -99
-99 -99 -99 -99 -99 -99 -99 -99 -99 -99
0.261205510280676 2.74188164064583 -99 -0.208404932573976 -99 -99 -99 -99 -99 1.88217744482142
-99 -0.387463507924302 -99 -99 -3.0645788095892 -99 -99 -99 -99 -99
-99 -99 -99 -99 1.64522179584292 1.54823699467166 -99 -99 2.06801932816823 -99
0.25661022916204 -99 -99 -99 0.0599554778758237 -99 -99 -99 1.17943499341276 -99
-99 -99 -99 -99 -99 1.30147251885686 -99 2.11551819459178 -99 3.80011358862474
-99 -99 -99 -0.0818028243336022 -99 -99 -99 -99 -99 -99
1.43622995350187 -99 -99 -99 -99 -99 -99 -99 -99 -99
-99 -99 -99 -99 -99 -99 2.01740181240809 1.75051603938946 1.50159426215234 -99
1.12360592918651 2.87863540274017 0.952036703618768 -99 2.90833366169129 2.82795300622849 -99 0.363220847721394 -99 -99
-99 -99 -99 -99 -99 -99 -0.257370258028269 -0.135300242994049 -99 -99
-99 2.33863400206483 -99 -99 -99 -99 -99 -99 -99 -99
-1.14371949817621 -99 -99 -99 -2.62989837894533 -99 -99 -99 -99 -99
-99 -99 -99 -99 -99 -99 -99 -99 -99 -99
1.21737757936293 -99 -99 0.146505761460481 -99 -99 -99 -99 -99 0.944493466197173
-99 -99 -99 -99 -99 -99 2.7601124715883 -99 -99 -99
0.502946310918514 1.124901405856 -99 -0.665937037689125 -99 -99 -99 -99 -99 -99
-99 -99 -99 -99 -99 -99 -99 0.128216193954179 -99 0.988827097841193
-0.0692142147036017 -0.194473269383429 0.407785746045569 -0.234963001658026 -99 -99 -99 -99 -99 -0.00510243087711038
-99 -99 -99 -99 -99 0.411349627065017 -99 -99 -99 -99
-99 -99 2.35467805337169 1.7733137962202 1.17406642634125 2.24658082864594 -99 -99 -99 2.65388699966428
-99 -99 -99 1.15258514311973 -99 -99 -99 -99 -99 -99
-99 -99 -99 -99 -99 -99 -99 -99 -99 -99
-99 -99 -99 -99 1.90489536841601 -99 -99 3.51923143739084 2.49301911740588 -99
0.0592785576511046 -99 -99 -99 -99 -1.46642253875858 -99 -99 -99 -99
0.109863307652139 -99 -99 -99 -99 -99 -99 -99 -99 -99
-99 -99 -99 -99 -99 -0.0329620177944152 -99 -99 -99 -0.204173623376317
-99 0.842798300297464 -99 1.05071138150732 1.50186685095486 -1.22933452934483 -99 -99 -99 2.06731528449036
-99 -0.152844277966247 -99 2.56594530232762 -99 -99 -99 0.315679851622201 -99 2.36470037700385
1.73075770889798 -99 -99 -99 -99 -99 1.50448586924711 -99 -99 -99
-0.356582703195381 -99 0.0669155968166366 -99 -99 -99 1.74414932527795 -99 -99 -1.08041947089921
-99 -99 -99 -99 -99 -99 -99 -99 -99 -99
-99 -99 -99 -99 -99 -99 2.569268964485 2.93945123309 0.316374209811453 -99
-99 -99 -99 1.35546078078646 -99 -99 -99 1.86476420744482 -0.891950278916387 -99
2.0047217596154 2.96883412520571 3.67653164074375 0.397237454291861 -99 1.5284389774632 -99 -99 -99 -99
1.41760857860736 -99 0.0171747150943116 -99 -99 -99 -99 0.605238895717433 -99 -0.182787673526488
-99 -1.27864582886355 1.46780452561095 -99 -99 -99 -0.541317933403601 -99 -99 -99
1.6454390199341 -99 1.43421212540331 -99 2.32305228447484 -99 -99 -99 -99 -99
-99 -99 -99 -0.810956550295859 -99 -99 1.8339502506221 -99 -99 -99
-0.526162228937001 -99 -99 -99 -99 -99 -99 0.333114924970162 -99 -99
-1.21193699746827 0.893154074712569 -99 0.444053603239342 -99 -99 -99 -99 -99 -99
-99 -99 -99 -99 -99 -99 1.51057622559284 -99 1.69703408122099 -99
-99 1.30573903375772 -99 2.38318614175432 -99 -99 -99 -99 -99 -99
-99 -99 -99 -99 -99 -99 -99 0.930618987941157 -99 -99
-99 0.77993662371297 -99 -99 -99 -99 -99 -99 -99 -99
-99 2.02874117875516 -99 -99 -99 1.21011946964264 0.0108085187068272 -99 -99 -0.0166657305959332
-99 -99 -99 -99 0.295459803814099 -99 -99 -99 -99 -99
-99 -99 -99 -1.6400132616234 -99 -0.331546334003891 0.249024538824534 0.154628691356232 -99 -0.100007691152898
0.450709906144758 -99 -99 0.567582830812399 -99 0.725038584796942 -99 -99 -99 -99
-99 -99 -99 2.54137945746229 3.46074024779014 1.8969266082035 2.67823926181518 -99 2.05980168671823 -99
-99 0.0398857116827657 -99 -99 3.04593769343299 -99 -99 -99 -99 -99
-99 2.50564843324929 -99 -99 2.90938973830867 -99 -99 2.25122998885608 1.28094456702849 -99
-99 -99 -99 -99 -99 0.837023705271213 -99 -99 -99 -99
-99 -99 -99 0.280378065786591 -99 -99 -1.87802701350103 -99 -99 1.4536782247889
-99 -99 -99 -99 0.262442998111789 -99 2.71365230894759 -99 -99 -99
-99 1.20354473455812 -99 1.88249891980593 -99 -99 2.73490504800143 -99 -99 -99
-99 -99 1.42006719225606 -99 -99 -99 -99 -99 1.88319792460173 -99
-99 -99 1.43926282904956 -99 2.47815223715438 -99 -99 -99 -99 -99
-99 -0.0547217824651918 -99 -99 -0.150723348616605 -99 1.30234687667787 -99 0.0925542757571136 0.79282026837869
-1.55344294816918 -2.71929492779772 -0.778435154536897 0.0176542523245954 -99 -99 -99 -1.58335053082652 -99 -99
0.80638489516083 -0.543887184711166 0.700785966380746 -99 -99 -99 -99 1.87480123709168 -99 0.154312267468996
-99 -99 -99 -99 -99 0.0626783730327788 0.384703290744453 1.25542515053766 -99 -99
-99 -99 -0.432839081827901 -99 -99 -1.14369181380105 -99 -99 -99 -99
-99 4.06211497124731 3.83357636099011 -99 3.83742295356266 -99 -99 3.69966365125821 2.76599860481582 3.03764496853223
-99 -99 -99 -99 -99 -99 1.26828723214298 -99 -99 -99
-99 -99 2.94722052377793 -99 -99 -99 1.26317941611723 -99 -99 1.18622153702775
-99 -99 -99 -99 -99 -99 -99 -99 -99 -99
-99 -99 -99 -99 -99 -99 -99 1.65512717152913 -99 -99
1.21945632456941 -99 -99 -99 0.0174653688169359 -99 -0.107588725104425 1.28374838241227 -99 -99
0.645005513720047 -99 0.0815166814937431 1.03519832639903 -99 -99 -99 -99 -0.895377640380471 -99
-99 2.74896558007018 -99 -99 -99 1.2325440272577 -99 0.477335647525645 1.0244320309623 -99
-99 2.23874970296175 2.96621802789711 -99 -99 1.19518362340719 -99 2.46600587989842 -99 -99
-99 0.409004557311447 -99 -99 -99 -0.250980339025765 2.12466767769237 -99 -99 0.554739264050681
-99 -1.33559928458345 -99 -99 -1.90538516057197 -99 -99 -1.49460706978482 -99 -99
-99 -99 1.81634011561016 -99 1.3891992649682 -99 -99 1.61087129419986 1.25741244124957 -99
0.766909778892513 -99 -0.25233475748175 2.21179470432211 1.01130908745188 -99 3.30264341974816 -99 -99 -99
3.03328207889282 -99 -99 1.26203979423791 1.00129295015606 -0.0188220035124864 -99 -99 -99 -99
-2.12200544684726 -0.950969054770077 -99 -99 -99 -1.5480190561735 -0.0709159728703743 -99 -99 -99
-99 -99 0.49182757207495 0.513201308687236 -0.708806242479764 -99 -99 -99 -99 -99
0.216017110829481 -99 -99 0.473489207036044 -99 -99 -99 -0.4357314412455 -99 -99
-99 -99 1.11290264556602 -99 -99 -99 -99 -99 -99 -99
-99 -99 -99 -99 -0.867304579092912 -99 -99 -99 -99 -99
-99 -99 -99 0.738905541718163 -99 -99 -99 -99 -99 -99
0.815642434194816 -99 -99 1.50815791322258 1.07200393028716 -99 -99 -99 -99 0.783488819238697
-99 -99 2.29731658658582 -99 1.51083962786088 -99 1.62159153896691 -99 -99 -99
-2.24455830470934 -99 -0.837319218814311 0.602118626400024 -99 -99 -99 -99 -99 -0.0987630260721544
-99 0.020163420439674 -99 -99 -99 0.393716798783168 -99 -99 -99 -99
-99 -0.428724160857041 -99 0.539865176761368 -99 -99 1.19280889020897 -99 -99 -99
-99 -99 0.20613538048076 2.33377666050819 -99 -99 1.39941539837127 -99 -99 0.671219909963253
-99 -99 -99 -99 -1.27441730452094 -99 -99 1.02754754250854 -99 -0.097394796962927
-99 -99 2.04286011952127 1.97624579116986 -99 -99 -99 -99 -99 -99
-99 1.96422168831799 -99 1.17298085504999 -99 -99 1.82729943887213 -99 -99 -99
-99 1.3672013010961 -99 -99 -99 -99 -99 1.70956835988326 -99 -99
-99 -99 1.08663276295491 -2.80738098038595 -99 -99 -1.3800252710353 -99 -99 -0.665687813553018
-99 -99 -99 4.25173252590689 0.998599112145295 -99 2.21072149685404 -99 1.86292679678191 2.77608984721615
-99 -99 -99 -99 -99 -99 -99 -99 2.57979960844574 2.16936079782769
-0.537213060185553 -99 -99 1.6337625923287 -99 -99 -99 -99 -99 -99
0.114729179005008 -99 -99 0.900638023754707 -99 -99 -99 -99 -99 -99
-99 -99 -99 -99 -99 -99 -99 -99 -99 -3.26924885054658
-99 -0.493867494427332 -99 -99 -99 -99 -0.249313049007506 -99 -99 -99
-99 -99 -99 -99 -99 -99 -99 -99 -99 -99
-99 4.10525555063573 -99 -99 -99 -99 1.43577367711161 -99 2.5036961633853 -99
-1.57238568541756 -99 -99 -99 -99 -99 -99 -99 -99 -99
-99 -99 -99 3.09595398285768 -99 -99 2.75999591603941 -99 0.656387211241602 -99
-99 -99 -99 -99 -99 -99 -99 -99 -0.628508397648134 -99
2.95145072209829 -99 0.773426070697783 0.721671436491123 -99 -99 -0.439536481658298 0.450757283325374 -99 1.05316329547868
-99 -99 -99 -99 -99 1.38824949060113 3.19857482241602 -99 -99 -99
-99 0.784850372025903 -99 -99 -99 -99 -99 -99 -99 -99
-99 0.446918884225005 0.808315979147521 -99 -99 -99 -99 -99 -0.112845814615417 -99
-99 -99 0.902888506055378 -99 -99 -99 0.793211051343756 -99 -99 -99
1.58119639656585 -99 -99 -99 -99 -0.378991664415224 -99 -99 -99 -99
-99 -99 -99 -99 -99 -99 -99 -99 1.42981396394611 -99
-99 -99 -99 2.18026935429382 -99 0.898164572528467 -2.05271327164042 -99 -99 -99
-99 -99 -99 -99 1.25720634742152 -99 -99 -99 -99 -99
0.736414076192923 0.982994897721959 -99 -99 1.13563192024142 -99 -99 -99 -99 -0.235257606856052
2.69884621655417 2.04734072091504 -99 -0.00270859606549378 -99 -99 -99 -99 1.50373000093205 -99
-99 -99 -99 -99 -99 2.39095132062862 -99 -99 1.37360764836279 -99
-99 -99 -99 -99 -99 -99 -99 -99 -99 2.89266582791878
-99 -99 -99 -99 3.12683706977907 -99 -99 2.42126466046936 0.0135967467012786 -99
-99 1.99044327721157 -99 -99 0.303628749890857 -99 -99 0.201996408633509 -99 -99
-99 -99 3.20875215413823 -99 -99 3.356267209706 1.99936110849986 2.4968523778764 -99 -99
-99 -99 -99 -99 -99 -99 0.850214384206348 -99 -99 1.00165860875905
-0.0416794289294198 -99 -99 -99 -99 -99 -99 -99 -99 -99
-99 -0.49703997992659 -99 -99 -99 -99 -99 -99 -99 -99
-99 -99 4.34703011276929 -99 3.61822220930837 -99 -99 -99 -99 4.11357991105968
-99 -1.32400343843292 0.468294918213977 -99 -99 -99 -99 -99 -99 -99
-99 0.0575911073657887 -1.23456422258638 -0.0102515500992459 -99 -99 -99 -99 -99 -99
-99 -99 -99 -99 -99 -99 -99 -99 -99 -99
1.76676833723964 -99 -99 -99 -99 -99 -99 -99 -99 -99
-99 -99 -99 -99 -99 -99 0.905569706052085 -99 -99 0.53711613955548
-99 1.0359133496713 -99 -99 -99 -99 -99 -99 -99 -99
-99 -99 -99 0.988010088054048 0.761307997649591 -99 -99 -99 -99 -99
2.45677217479103 -99 -99 2.231420726878 3.11701159135075 3.83016749647182 -99 -99 -99 -99
1.06782656129539 -99 -99 -99 -99 1.11764334440967 -99 1.81111815411467 -99 -0.222590579819289
-99 -99 -99 -99 -99 0.472694650325848 -99 -99 0.401858519394238 -99
-99 -99 -99 -99 -99 -99 0.790398191815527 -99 -99 1.83074813014056
-99 -99 -99 -99 -99 0.158529203522305 -99 -0.91326528447268 -99 -99
-99 -99 -99 -0.200170586435807 -99 2.1596102134357 -99 -99 -99 0.228269777822345
-99 -1.22685330344866 -99 -99 0.798247878120188 1.69409776511377 -99 -99 1.25285369501621 -99
-99 0.406234834975653 -99 -99 -99 -99 -99 -0.834848094945651 1.66532043259757 -99
1.80089559074714 2.0731372783237 1.07624334926626 0.340916659727039 -99 1.79146716054492 -99 1.98141717800907 -99 1.58963034151646
1.44324765288618 -99 1.69976225079497 -99 3.71070978374332 -99 -99 2.0412223360762 0.719004839178351 -99
-99 1.05030848022822 -99 -99 -99 -0.618180099471167 -99 0.178729918365283 -99 -99
-99 0.278488766267508 -0.74171436002082 0.547985121727602 -1.4757138967623 -99 -99 -99 -99 -99
-99 -99 -99 -99 -99 -99 -99 -99 -99 -99
-99 -99 0.739817672793702 -99 -99 -99 -99 2.01656751530226 -99 2.08183828769174
-99 -99 -99 -99 -99 -99 -99 -99 -99 -99
-99 -99 -99 2.77050387454107 -99 1.10618606378676 -99 -99 2.1171587437693 4.06589114425448
2.62988903124515 -99 -99 2.62403639965402 -99 1.36669411406943 -99 -99 -99 -99
-99 -99 -99 -99 -99 -99 -0.526958523718363 -99 -0.295234205041196 -99
-99 -99 1.66075236778656 -99 1.064076275879 -99 -99 -99 1.03951054287439 -99
-99 -99 -99 0.876458665192185 -99 -99 -99 -99 1.6421093647659 -99
-99 0.3932921830261 -99 -99 -99 -99 -99 2.64898882308326 -99 -99
-99 -99 -99 -99 -99 -99 -99 -99 0.0850849542686963 -99
-99 -99 -99 0.921434329679001 0.607075799269656 -99 -99 -99 -99 -99
-99 -99 -99 -99 -99 -99 -99 -99 -99 -99
1.91963712946416 -99 -99 -99 -99 1.33315176715868 2.07794125813162 2.60323719482342 -99 -99
-99 -99 -99 -99 0.13493324685688 -2.28341682179528 -0.307685073092058 -99 -99 0.0890133127368298
-99 -99 -99 -99 -99 -99 -99 -99 -99 -99
-99 -99 1.82893393641997 -99 3.45172236169284 -99 0.788157509682256 -99 -99 -99
-99 -99 -99 1.99490712768768 -99 -99 -99 -99 -99 1.18443631693741
-99 -99 -99 -99 -99 1.14952618800208 -99 -99 -99 -99
-0.945305918606091 -99 0.368569348405791 -0.819814119466335 -99 -0.460265759786835 -99 -99 -99 -99
-99 0.904710479390636 -99 -99 -99 -99 -99 -99 -99 -99
-99 -99 -99 0.37288346119634 -99 -99 0.332655996592337 -0.125355955814251 -99 -99
-99 -99 -99 -99 -99 -99 -99 -99 -99 -99
-99 -99 -99 0.677864303465912 -99 -99 -99 3.03609610710362 -99 -99
-99 -99 -99 -99 0.609010512712776 -99 2.09243268752231 -99 -99 0.43702608845507
-99 -99 -99 -0.858607348750323 -99 -99 -99 -1.61928004032357 -1.38805697678159 -99
-99 -99 -99 -1.62161888673398 -0.591224007169888 -99 -0.708440364537288 -99 -1.04477279268732 1.46545492804991
-99 0.00348386094299646 -99 -99 -99 -99 -99 -99 -0.0360602453857031 -99
-99 1.49590043715486 -99 3.67010426093139 3.52744397586326 2.76299622354596 -99 -99 -99 -99
-99 1.44129532602059 -99 -99 -99 0.453073925033597 -99 -99 0.891124448208816 -99
-99 -1.0930045455238 -99 -99 0.769750547090475 -0.97363056840269 -99 0.190473566098529 -99 -99
-99 -3.1546970926627 -1.7364268167033 -99 -99 -99 -1.26527376929662 -1.78567188184902 -99 -99
-99 -99 2.18288945199025 0.10206096617851 -99 -99 2.07996808877016 -99 -99 -99
-99 -99 -99 -99 -99 -99 -99 -99 -99 -99
0.257951855868646 -99 -99 -99 1.99491396553529 2.35680933857887 -99 -99 -99 0.686334483650229
-99 -99 0.0251629837038152 0.918090247026888 -99 -99 -0.189448066300935 -99 -99 3.12549396205241
-99 -99 -99 2.21186657407897 -99 -99 -99 2.12535423168756 -99 0.813613250147925
-99 0.313600840376089 -99 -99 0.559950554212962 -99 -99 -99 -99 -0.0136735775146093
-0.0350505389220248 -99 -99 0.737301897633364 -99 -99 -99 -99 -99 -99
-99 1.07407970206192 -99 0.751728418597769 -99 -99 -99 -2.89291105911847 -99 -0.483546012357359
-99 -99 0.649096628563583 1.07200003883939 -99 0.244362267891018 -99 -99 -99 1.12696757267343
-99 -99 -99 -99 1.26193426069284 -99 -99 -99 2.33903992189027 -99
-99 -99 -99 -99 -99 -0.0352737056095813 1.64544953645292 1.83887075977083 -99 -99
-99 -99 -0.766666245641267 -99 -99 -99 -0.278210267296228 0.438267209486795 -99 -99
2.41768235272337 -99 -99 -99 -99 5.40231318667281 -99 -99 -99 3.87044060091919
-99 -99 -0.40989277766886 -99 -1.02317927501576 -99 -99 -99 -99 0.800870427832556
-99 0.92811732219393 -99 0.780608666895664 -99 -99 1.29818356719884 -99 -99 -99
-99 -99 -99 -0.260046474679398 -99 -99 -99 -0.180423274482685 -99 -99
-99 -99 -99 -99 -99 -99 -99 -99 1.84059292016453 -99
-99 -99 3.75974705445853 3.76721218927505 -99 -99 -99 -99 -99 -99
-99 -99 -99 -99 -99 4.0895332958837 -99 4.97571155803523 -99 -99
-99 -99 -99 -99 -99 1.91977103935446 -99 0.774724158444134 -99 -99
-99 -99 -0.270605576021233 -99 -99 -99 -99 -99 1.27260815659865 -99
-99 -99 2.62112044736031 0.356263073701616 -99 3.21178587686836 -99 -99 -99 -99
-99 -99 -99 -99 -99 -99 -99 -99 1.4388332483801 -99
-99 -99 -99 -99 -99 -99 -99 -99 -99 -99
-3.2080599251453 -1.63729419687031 -2.68895492636696 -99 -99 -99 -0.0209754821667893 -99 -99 -99
-99 -99 -99 -99 1.54671808004008 1.14292030081059 -99 -99 -99 -99
-99 0.121656980310124 -99 -99 -99 -99 -99 0.215399738390689 -99 -99
-99 -99 -99 -99 -99 -99 -99 -1.10005311542853 -99 -99
-99 -99 -99 -99 -99 -99 -99 2.58949967840369 -99 -99
-99 -99 -99 -99 -99 -99 1.0620033060086 0.95726464644986 -99 -99
-99 -99 -99 -99 -99 3.07439768468192 -99 -99 -99 -99
-99 -99 0.823058659982649 -99 -99 0.354620525604463 0.457981397637851 -99 -99 -99
-99 0.741899274447317 -99 -99 -99 -99 -99 -99 1.24292232101924 -99
-99 1.98143019946106 -99 -99 0.522803347953726 2.6196520207223 -99 1.595324058344 -99 -99
-99 -99 -99 -99 -99 -99 -99 -99 -99 3.76840913991028
-99 -99 -99 -99 -99 0.820420128222858 -99 -99 1.50415203457651 -99
2.45004405231364 2.95448969153575 -99 -99 -99 0.322402171322185 1.31761952969969 -99 -99 -99
-99 -99 -99 -99 -99 -0.102095632727596 -99 -99 0.756983411231957 -99
1.54238021076088 3.65133970954428 -99 1.77883035567551 -99 1.84085036445889 -99 -99 -99 2.75778502692387
-99 -99 -99 -99 -99 -99 -99 1.84100666810183 -99 1.2755769125467
-99 -99 -99 -99 -99 -99 -99 0.640527541115263 -99 -99
-0.0599409210870112 -99 -99 -99 1.67593895374165 0.27096894776604 -99 -99 -99 -99
2.76533768403931 -99 2.07903600239363 -99 -99 -99 -99 -99 -99 -99
-99 -99 2.86295296211741 -99 -99 -99 1.22787475167307 3.01366626100382 3.02589907619516 -99
-99 -99 -99 -99 -99 2.36400862434873 -0.547445333201712 -99 -99 0.737503364305838
-99 -99 -99 -99 -99 -99 -99 -99 -99 2.33064918822995
0.782865327650513 -0.375767676364674 -0.385731019785019 -99 -99 1.16625230062787 1.10168310213356 -99 -99 -99
1.75469660100833 -99 -99 0.578220302356822 -99 -99 -99 -99 -99 -99
-99 -99 -99 -99 -99 -99 -99 -1.06525372564744 -99 2.81360998867053
-99 -99 -99 1.71764242992366 -99 -99 -0.283278098276311 0.954300188282683 -99 0.596537485347715
-99 -99 -1.07171552564405 0.858113751133842 -99 -99 -99 1.10181957229283 -99 -0.51992301401777
-99 -99 -99 -99 3.02829117105121 0.586666166045211 -99 1.89016192569783 -99 -99
0.318223967566346 -99 0.871335602468825 -99 -99 -99 -99 1.96449283952728 -99 1.85971203006015
-99 -99 -99 -99 -99 1.65652491688481 1.76730976859638 4.73817451175776 -99 3.1901299430236
3.30572868941759 1.67010488034584 -99 3.62242039669347 -99 -99 -99 -99 -99 -99
-99 -99 -0.612208195571785 -99 -1.44526670944282 -99 -99 -99 -99 -99
-99 -99 -99 -99 0.411962312809262 -99 -99 -99 1.96946581046818 -99
-99 -99 -99 -99 -0.270601594967571 -99 -99 -99 -99 -99
1.0360669724465 -99 -99 -99 -99 -99 -99 -99 -99 -99
4.1250133521567 -99 2.19299658723729 -99 -99 -99 1.50950513598191 -99 -99 -99
-0.191548625900327 -99 -99 -1.16298437037031 -99 -99 -99 -99 -99 -99
-99 -99 -99 -99 -99 -99 -99 -99 -99 -99
-99 2.35151658251849 -99 -99 -99 -99 -99 -99 -99 -99
-99 -99 -99 -99 2.34140133598381 -99 -99 -99 -99 -99
-99 -99 -99 -99 1.75620886027362 -99 -99 2.365385734225 -99 -99
-99 -99 -99 1.94686214071258 -99 -99 -99 -99 -99 -99
-99 2.97974807435227 -99 -99 -99 -0.0260832941146127 -99 0.811957077175164 1.48112900885716 -99
-0.221637450190346 -0.850929012455993 -99 -0.584310024907477 0.469796261184368 -99 -2.40524414710083 -99 -99 -99
-99 1.4014902701874 -99 -99 1.69303895160729 -99 1.99010088210712 -99 -99 -99
-99 -99 -99 -99 -99 0.770683528372338 -99 0.246063136741417 -99 -99
-99 -99 -99 -99 -99 -99 -99 -99 -99 3.0860051957486
-99 -99 -99 -99 -99 -99 2.91256482603988 1.53166369780747 -99 -99
-99 -99 -99 -99 -99 -99 0.94798378337399 -99 -0.124828835930611 1.14721218391416
4.01194187209749 -99 2.31359193609432 -99 2.3875723056749 -99 -99 -99 -99 -99
-99 -99 0.86536870922485 -99 -99 -99 -99 -99 -99 2.02308741721036
-99 -99 -99 -99 -99 -99 -99 -99 -99 -99
-99 -99 -99 1.5583086297722 -99 -0.566543165748433 -99 -99 -99 1.22997008888275
-99 -99 0.376563365376132 -99 -99 -99 -99 1.53396490112141 -99 -99
-99 -99 1.21875792904238 3.63119111640041 -99 -0.124924049348724 -99 -99 -99 1.18623599588481
0.630647198777567 0.944060592703319 -99 -99 -99 -99 -99 -99 -99 -99
-99 -99 -99 -99 -99 1.30438036381524 -99 -99 -99 -99
-99 -99 -99 3.69828292868261 -99 -99 3.60664615224464 -99 -99 2.31858572304005
-99 -99 -0.673970238365991 -99 -99 2.4910504045981 -99 -99 -99 -99
-99 2.40311948422598 2.42668893844827 3.97762357811674 -99 -99 -99 -99 -99 -99
-99 -99 -99 0.453963838660592 -99 -0.113931910351276 -99 1.03895752007272 -99 -99
3.45085766676536 -99 -99 -99 2.16186308918196 2.8442553147523 1.72933102244076 2.97077809115814 -0.279913423137172 -99
-99 -99 -99 -99 -99 0.933401335643306 0.201141389470653 -99 1.34832649702275 -99
-99 -99 -1.81546446373504 -99 -99 -99 -99 -99 0.330832689853904 -99
-99 -99 -0.883094004498381 -99 -99 0.0924407447312223 -0.75863667888364 -99 -99 -99
-99 -99 -99 -99 -99 -99 -99 -99 -99 -99
-99 -99 -0.499265732336797 -99 -99 -99 -99 -0.808768780632438 -1.18333805451413 -99
-99 0.723446382186832 -99 4.12615375146211 -99 -99 -99 1.16156404127037 -99 -99
-99 2.32321842815484 1.15849979234486 -99 -99 -99 -99 -99 2.86835503775415 -99
-99 -1.02929785440386 -99 -99 -1.28939989129372 -99 -99 -99 -99 -99
-99 -99 -99 -99 1.83900488751006 -99 -99 0.480417091155232 -99 -99
-99 -99 -99 -99 -99 -99 -99 0.668289531641369 -99 -99
-99 -99 -3.37380024567944 -99 -0.739163512269634 -99 -99 -99 -99 -0.00796427376968478
-99 -99 -99 -99 -99 -99 -99 -99 -99 -99
-99 -99 -99 -99 -99 -99 -99 -99 -99 0.43100180327962
-99 -99 -99 -99 -99 -99 -99 -99 -99 -99
-1.98391304923434 0.577108891264211 -99 -99 -99 -99 -1.12868378207427 -99 -99 -99
-99 -99 -99 0.744149832320171 2.57092005562285 0.193527532445761 -99 -99 -99 0.440125610758692
-99 -99 -99 2.87321195456753 -99 -99 -99 -99 -99 0.928905377992879
-99 -99 -99 -99 -99 1.9485134042158 -99 -99 -99 -99
-99 -99 -0.0120175216404093 -99 -99 1.50530106120687 -99 -99 -99 0.70964942009086
-99 -99 -99 -99 -99 4.30688274365957 -99 -99 4.00909795906956 2.81980951761505
-99 -99 -99 -99 -99 -99 3.3852918452733 3.40913200428832 -99 -99
-99 -99 -99 0.263766607394331 -99 0.472449759117513 -99 -99 0.751743250337319 3.15859989023456
-99 -99 -99 0.16591472675036 1.73951363221315 -99 -99 0.312334555654792 -99 -1.33994241664466
-99 -99 -99 -99 -99 -99 -99 2.97406951245361 -99 -99
-99 -99 -99 2.38255886040444 3.72677425182716 -99 2.41741940628791 -99 -99 -99
-99 -99 -99 0.702554417550887 -99 -99 -99 -99 -99 -99
-99 -0.109604103795748 -99 1.03220634325014 0.2634841269543 -99 1.81274654637462 -1.00339487131188 -99 -0.230199962788818
-99 -2.90535108684419 -99 -99 -0.460817705861685 -1.23555914403835 -99 1.0790841988504 -99 -99
1.44942948857132 -99 -99 -99 -99 -99 -99 -99 -99 -99
-99 -0.1111485668492 -0.339224130234705 -99 0.521935911069743 -99 -99 -99 -99 -99
-99 -99 -99 -99 -99 -99 -99 1.51191655855684 -99 -99
0.630667658307816 2.25780981591359 -99 -99 -0.228977408358402 -99 -99 -99 -99 -0.85193849144946
0.469431849940687 -99 0.36868911484438 -99 -99 -99 -99 -99 1.10066322990117 -99
-99 -99 1.3648367516224 -99 1.55314142336558 -99 2.39444722065683 -99 -99 2.10202913217773
-99 -99 0.297175748138608 -99 -99 -99 -99 -1.26767522808973 -0.105555963094168 -0.0576532172372157
-99 2.6228355459623 -99 -99 -99 -99 1.33542273780423 -99 -99 -99
-99 2.83187170214316 -99 1.78205203563371 1.65783626895332 -99 -99 4.14176964361938 -99 -99
1.71164940470464 -99 -99 -99 -99 -99 -99 -99 3.25229257243834 -99
0.400233742974181 -99 -99 -99 0.652117775255444 -99 -99 -99 -99 -99
-99 -99 -99 -99 -99 -99 -99 -99 1.7517277213759 -99
0.245531867517544 -99 1.40700271794446 -99 1.60839809076084 -99 -99 -99 -99 -99
-99 -99 -99 -99 1.68821104845854 -99 -99 2.18142169607306 1.44735409574858 -99
-99 -99 1.2614009308512 -0.667663681848112 -99 -99 1.41435111418914 -99 -99 -99
-99 -99 -99 -99 -99 -99 -99 -99 -99 -99
1.38601781075989 -99 -1.85601341190375 -0.590319409218722 -99 0.0383284560612142 -99 -99 -99 -99
-99 -1.0998933732698 0.547750776749452 -99 -99 0.197806229584763 0.220467555007112 -1.36590128055824 0.560330938637804 -99
-0.122163721159822 0.54084791367156 -99 0.93556023674211 -99 -99 -99 -99 -99 -99
3.07082862806526 -99 -99 2.22392328386835 3.81924712785215 3.82707606206042 -99 -99 -99 4.18807201603009
-99 -99 -99 -1.18070157139786 -1.01841567877243 -99 -99 -99 -99 -99
-99 -99 -99 -0.33362972461424 0.319391599186727 -99 0.693188182534829 0.595733616513485 -0.166602850515034 -99
-99 -99 -99 1.4748115078968 -99 -99 -99 -99 0.321307637327867 -99
-99 -99 2.31894297532264 0.465124378171437 -99 -0.283962076300451 -99 0.435118333621202 -1.38277534811945 0.288502697854454
0.382081037650512 -99 -99 -99 0.712069944421303 -99 -99 -99 -99 -99
-99 -1.20292679354832 -99 0.802713694195334 -99 -99 0.8273461611089 -0.235786711292105 -99 -99
-0.667609148622191 -99 -99 -99 -99 -99 -99 -99 -0.297448973543273 -99
1.25442872806094 -99 2.78474701471142 -99 -99 2.00464362306862 -99 -99 -99 2.50388014967178
-99 -99 -99 -99 2.38769021417237 -99 -99 -99 0.395711741354644 3.26012411160805
-99 -99 -99 0.887107749859435 -99 -99 -99 -99 -99 -99
-99 -99 -99 -99 -99 -99 -99 0.532682237676979 -99 0.720038388309784
0.861275894985438 0.0617594871121299 -99 -99 0.602074800799964 1.53549103208853 -99 1.26849341665946 -99 -99
-99 -99 -99 -99 -99 0.292578019128833 -99 -99 -99 -99
1.42216574643119 1.51238024738056 -99 -99 -99 1.48372555623856 -99 -99 -99 -99
-99 1.92749889053036 -99 -99 -99 -99 1.51325834302644 -99 2.23279594943072 -99
-99 -99 -99 -99 -99 -99 1.17899763755463 -99 -99 -99
-0.618048357415694 -99 -1.34911232425967 -99 -99 -99 -1.04593156453149 -99 -99 -99
-99 -99 -99 1.42647236799504 3.43930509514059 -99 -99 2.13967245307605 -99 2.20102440402716
-99 -1.25443848037229 -0.956594356993489 -99 -99 -99 1.15262962324643 -99 -99 -99
-99 -0.951959829037518 1.02043290761209 -99 -99 0.321603624946586 -99 -99 0.821980515183489 -99
-99 -99 -99 0.469680794713205 -99 1.09908739875644 -99 -99 -99 -99
-99 -99 -99 -0.146447199356798 -99 -99 1.17843196165737 1.21397415766727 -99 -99
-99 1.36930283929508 0.672965691838194 -99 -99 1.30102960775361 -99 -99 -99 -99
-99 -99 -99 -99 -99 -99 -99 2.70420144297733 3.4370509351403 -99
1.03440846137206 -99 1.67132178072514 0.783484441790745 -99 -99 -99 -99 1.48104627986832 -99
-99 -99 -99 -99 -99 -99 -99 -99 -99 -99
-99 -0.420531904702494 -99 2.21752180754759 -99 -99 -0.868603050349458 1.8865414621475 -99 1.48644995235893
-99 -99 1.76133136431977 -99 -99 -99 -99 -99 -99 -99
-99 -99 -99 -99 -99 3.15530066587848 -99 -99 -99 -99
-99 -99 -99 -99 -99 -99 -99 -99 -99 -99
-99 -99 -99 0.966711253469093 -99 -99 -99 -99 -99 -99
-99 -99 -99 0.0569131814079092 -99 -99 -99 -99 -99 -99
-99 0.852865791702593 -99 -99 -99 -99 -99 -0.982591386184728 -0.811702231480113 -99
-99 -99 -99 2.73394077285713 3.28215107219036 -99 3.75277449602135 -99 -99 -99
3.66853730972464 0.0933302094798338 -99 -99 1.14686934266085 0.746376416506189 -99 -99 -99 -99
-99 -99 -0.652789015925284 -99 -99 -99 2.72933975387312 -99 -99 -99
-99 -99 2.10304952331699 0.449931969086647 -99 -99 -99 1.70993178408341 1.92446372424686 -99
2.89599445885007 -99 -99 1.08142826666498 2.27229427752622 -99 -99 2.28514721442771 -99 -99
-99 -99 -99 -99 -0.0105913800894364 -99 -99 -99 0.437963935397067 -99
-2.63572927406438 -1.3539737649332 -1.39407741167202 -0.987360335361339 0.881278175107147 -99 -99 -99 -99 -1.74467666855531
-99 2.36451210352844 -99 -99 -99 -99 -99 2.04193777395421 -99 1.90259919548411
-99 -99 -99 0.949128775963372 -99 -99 -99 -99 -99 -99
-99 2.29265718743042 -99 -99 -99 -99 1.23486058859062 -99 -99 -99
-99 -99 2.78760155711386 -99 -99 0.959414235119764 -99 -99 -99 3.2113183028186
-99 -99 -99 2.06622005637151 1.74910641267239 -99 3.12752080397667 -99 -99 1.82502042762256
-0.405712526121998 -99 -99 -99 -99 0.384008067585255 0.533694744781355 -99 1.36612842737672 0.120359510836235
-99 -99 -99 4.0916255013393 -99 -99 3.69258617714538 -99 3.53460957362506 1.6386918187099
-2.92416855354717 -2.62770453023114 -99 -1.11887089734682 -1.851768764317 -99 -99 -99 -99 -1.66031313295692
-99 -99 -99 -99 1.95647539829502 0.906593819888806 1.660395171242 -99 -99 -99
-99 0.458449564406107 -99 -99 -99 -99 -99 -99 -99 -99
-99 2.26026451964231 -99 -99 -99 1.06553092636092 -99 3.86228922215928 -99 -99
-99 -99 -99 -99 -99 -99 -99 -99 -99 -99
-99 -99 -99 -99 -99 -0.138720408893372 -99 -99 -99 -99
-99 -99 -99 -99 -99 1.12343857071507 -99 -99 -99 -99
-99 -99 -99 -99 -99 -99 -0.588837804911464 -99 -99 -99
-99 -99 -99 -99 -99 -99 -99 -99 -99 -99
-99 -99 -99 -0.217109324928752 -99 -99 -99 -99 -99 -99
-99 -99 -99 -99 1.38118251134015 -99 0.481967877878304 -99 -99 -99
-99 -99 -99 -99 -0.615155057498764 -99 0.764125308599664 -99 -99 1.60887513135269
-99 2.85056773602781 3.35211547748085 -99 -99 -99 0.191154504216386 -99 2.27496785254173 -99
-99 -99 0.738827955732713 -99 -99 2.36051696677304 -99 -99 -99 -99
-99 -0.212213741126368 -99 1.94316909282094 -99 -99 3.10238293754859 -99 -99 -99
2.54953107738887 -99 -99 -99 3.03018800179567 -99 -99 -99 -99 -0.0632510327356945
2.54992683345487 1.40917472432801 -99 1.22812024967914 0.635638127613647 -99 -0.938535357628915 -99 -99 -0.184155002772114
-99 2.13421464259473 -0.92440560592268 -99 0.111443128779948 -99 0.579859943548657 -99 1.25309355026284 1.03039456242489
-99 0.32363881013623 1.18862591215455 1.59126661250593 -99 -99 -99 -99 -99 0.205591979216595
-99 0.39233892570878 1.71909886054598 -99 0.308691710179168 -99 -99 -1.17835144451582 -99 -99
-99 -99 -99 0.307168289183388 -99 -99 2.10427367494968 -99 -99 -99
-99 -99 1.17638455518048 -99 -99 2.37206559280852 -99 -99 1.53710506252257 -99
0.696841449839311 1.20361691942337 -99 -99 -99 -99 -99 -99 -0.19845916913257 -99
-99 -99 -99 -99 -99 -99 1.60302460460409 -99 -99 1.97346289356939
-99 -99 -99 -99 0.571963400712703 -99 -99 -99 -99 -99
0.840007612743861 2.86787557827341 -99 -99 -99 -99 -99 -99 -99 -99
-99 -99 -99 0.227518544658494 1.02689678596747 -99 -99 -99 -99 -0.0587773570985186
-99 -99 -0.399081944970296 -99 -99 -99 -99 -99 2.3417115358115 -99
1.25364127179723 -99 -99 1.49364432426262 0.157417600125918 -99 -99 1.04031213630561 1.06753346843948 -99
-99 -99 -99 0.839403931988421 1.76575278808436 -99 -99 1.77998374037373 -99 0.950448815890916
-99 -99 -99 -99 4.12902873685168 -99 -99 -99 -99 -99
-99 -99 -99 -99 -1.91734502665316 -2.02264053073496 -99 -99 -99 -2.89305889053399
-99 1.36992273644732 -99 -99 -99 -99 -99 -99 2.39389801461928 -99
-1.16932942397854 -99 -99 -99 -99 -3.39306888276695 -99 -0.700174921770381 -99 -99
-99 -99 -99 -99 3.52351414411893 -99 -99 -99 -99 -99
-99 -99 -99 -99 -99 -99 -99 -99 0.901239034209283 -99
-99 2.22236390563497 -99 -99 -99 2.10547355404862 -99 -99 -99 -99
-1.5158910219304 -99 -0.295269891845343 -99 -99 -1.68867733713447 -99 -99 -99 -99
-99 -99 -99 -99 -99 1.07310456526723 2.55685023377979 -99 -99 -99
-99 -99 -99 -99 -99 -99 2.24586968397948 1.07147453785831 -99 -99
-1.20265887712899 -1.57178858118849 -99 -3.03338653839234 -99 -1.64232538594141 -99 -99 -99 -99
2.82950023748095 -99 -99 -99 -99 -1.23345152701532 -99 -99 -99 -99
-99 -99 0.742919368190289 -99 -99 -99 1.29939723448752 -99 1.18710841127135 1.59074288613364
-99 1.60858180924702 -99 -99 -1.61771068196779 -99 -99 0.698930783735801 -99 -99
-99 -99 -99 -99 2.09322362918953 3.25890902971895 2.72026474927484 -99 -99 3.20273160050551
-99 -99 0.0101427033064515 1.19644980788013 -99 -99 -99 0.606161265326233 -99 2.06086264980079
-99 1.02587138159017 -99 0.780120618932586 2.29411230102157 1.28442143860202 -99 -99 3.08300026361342 -99
-99 -99 -99 -0.710725794776668 -99 -0.085195827438707 -99 0.355171953270694 -99 -99
-99 -99 -99 -99 1.06940456972085 -99 -99 -0.0260022486600746 1.29544547797164 0.765041130193986
-99 -99 -0.929681533582976 -99 -0.482836130108496 -99 -99 -99 -99 -99
-1.87417207128745 -99 -99 -99 -99 -99 -99 -99 -99 -99
-99 -99 -99 -99 0.983644293541186 -99 2.43169147491881 -99 -99 -99
-99 -99 -99 -99 -99 -99 -99 0.613610242533968 -99 -99
-99 -99 -99 -99 -1.97730981219222 -99 -99 -99 -99 -99
-99 -99 -0.719405296579165 -99 -99 0.988604411711396 -99 0.00696237292390589 -99 -99
1.82107899636104 -99 -0.761811720735262 -99 -99 -99 -99 0.680178833946295 -99 -99
-99 3.46475663890321 -99 -99 -99 -99 -99 -99 -99 -99
-99 -99 -99 -0.816992027848208 -99 0.827909329980148 -99 0.882051148948249 -0.394964734165107 -99
-99 -99 -99 0.119798572574181 -99 -99 -99 -99 1.90430875981759 -1.28120680795494
-99 3.17530774607163 -99 -99 -99 -99 -99 -99 -99 -99
-99 -1.60263186772004 0.616831346591419 0.418027665261929 -99 -99 -99 -99 -99 -99
-99 -99 -99 -99 -99 -99 4.64639279679784 3.99704451938464 -99 -99
2.99680145062818 -99 -99 1.01749490939526 3.13111357233324 -99 -99 -99 -99 -99
-99 -99 1.31051751864319 1.24301257311578 0.584145453830559 -99 -0.732334936582142 -99 -99 -0.527975909292838
-99 0.189122830125393 -99 -99 -99 -0.761593646856169 -99 -0.395906144421395 1.6189369962088 -99
-99 3.04511511083544 -99 0.838889405802271 -99 2.59589710654026 -99 -99 2.60613479564984 -99
-99 2.56990795586132 -99 -99 -99 -99 -99 -99 -99 -99
-0.563083765021147 -99 0.940760949516195 -99 -99 -99 -99 -99 -0.0232683080346356 -99
-99 -99 -99 1.99815960448917 -99 -99 -99 -0.252237098288377 -99 -99
-99 -99 -99 -99 0.738999362533719 0.0322967324514263 -99 0.193734652611602 -0.258455175178142 -99
-99 -99 -99 1.45897877321755 -99 0.431278290179369 -99 -99 1.1910005191222 -99
-99 -99 -99 1.91574948629297 -99 -99 3.3353889117573 -99 -99 -99
-99 -1.4395591239206 -99 -99 -99 -99 -99 -99 0.390845920796266 -99
-0.244738053044351 -99 -99 1.7103842928048 0.971620708425407 0.182782045572489 -99 2.02086174892646 0.352407457657158 -99
-99 -99 -99 -99 -99 -99 -99 -99 -99 -99
-99 1.01983619504453 -99 -99 -99 -99 -99 -99 -99 -99
-99 -99 -99 -99 -99 -99 0.558004371160133 -0.753863147157443 -99 1.44453891347212
-99 -99 -1.35303323166207 -1.36295854893634 -99 -0.52680965829437 -99 -99 -99 -99
-99 -1.8600050381259 0.140176560299374 -99 -99 -99 -99 -99 -99 -99
-99 -99 0.899874601931605 -99 1.21621842214275 -99 -99 0.111050992745537 -99 -99
-99 -99 -99 2.40590639254587 -99 -99 2.3317948500809 -99 -99 0.599153477760681
-99 2.47842996785445 -99 -99 -99 -99 -99 -99 -99 -99
1.41274330806919 -99 -99 -99 -99 -99 -99 -99 -99 -99
-1.64990585984233 -0.255722626498182 -0.616590051892061 -0.884092816112903 -0.714274765516236 -99 1.65847649979323 -1.11999325204899 -99 -99
-99 -99 -99 -99 -99 -99 -99 -99 -99 -99
-99 -1.54817922798547 -99 -99 -99 -99 -99 -1.49984691385112 -0.651063592138762 -99
-99 0.3789458482802 -99 -99 -99 -99 -99 -99 -99 0.101427443986994
-99 -99 -99 -99 -99 -99 -99 -99 -99 -99
-99 -99 -99 3.15966820684645 -99 -99 -99 -99 -99 -99
0.381589410461925 -99 -99 -0.273012894807747 -99 -99 -99 -0.625504623003215 -0.603524695585668 -99
-99 -99 0.598980692244771 -99 -99 -99 -99 -99 -99 -99
-99 -99 0.0955976075338538 -99 -99 -99 -99 -99 -99 -99
-99 -99 -99 2.12860406834031 -99 -99 -99 -99 -99 -99
-99 -99 -99 -99 -99 -99 -1.69804109021045 -99 -99 -1.29776005240513
-99 0.174525785701511 -99 -1.34652459167131 -99 -99 -99 -99 -99 -99
3.5599420889777 1.86860467930119 -99 -99 2.39417077751074 -99 -99 -99 -99 -99
-99 -99 -0.831799953946623 0.395158940121134 -99 -99 -99 1.6626680246724 -99 -99
-99 2.83416195357504 -99 -99 1.74504898083489 -99 1.18639727904802 -99 -99 1.78262096066428
-99 -2.72399119518368 -99 -99 -1.68875736858703 0.49225682709061 -0.672113315268342 -99 -99 -99
-99 0.171403732331817 0.681443500361338 -99 -99 -99 -99 -99 -99 -99
-99 -99 -99 -99 0.478169866683942 -99 -99 -99 -99 0.0491876855173927
-99 2.78186716869946 -99 -99 -99 -99 0.67236635029678 1.23253398624589 0.453747401011749 -99
-99 0.584129411037055 -99 -99 -99 -99 -99 -99 0.0641760389187039 -99
-99 0.99100499766304 -99 1.70020856106872 -99 -99 -99 -99 2.40268375376596 -99
-99 -99 -0.0344255842034742 -0.356230084576239 -99 -0.288909983910045 -99 -99 -99 0.795682509109152
-99 -99 -99 -99 -1.20813012894622 -1.48619305943609 -0.845191321254261 -99 -0.91010190085325 -99
-99 -99 -99 -99 -99 -99 -99 -99 1.81217023216312 1.75046846502538
-99 -99 -99 -99 -99 -99 3.29349086158019 -99 -99 -99
-99 -99 -99 0.00865349656000214 1.07465716708004 -99 -99 -99 -0.571272182570741 -99
-99 -99 -99 -99 -99 1.83642109161901 -99 -99 2.65965246672089 2.81752888306093
-99 -99 -99 1.60765464994795 -99 -99 1.76579486377123 -99 -99 -99
-99 -99 -99 -99 -99 -99 -99 -99 -99 0.487418570465796
3.01635274315379 0.251279223534284 -0.169132749913812 -99 -99 -99 -99 -99 -99 -0.240719379202372
-99 -99 -99 -99 -99 -99 -99 -99 -99 -99
-1.35269736635182 -0.228600375094191 1.61133649932733 -99 -99 -1.51662271398675 0.17517884334188 -2.04572711655184 -99 -99
1.49518196344927 -99 1.9998195265952 -99 -99 -99 -99 -99 0.434298915677075 -99
-99 -99 -99 -99 -99 0.842460292580722 -99 -99 -99 -99
-99 -99 2.42954618830275 -99 1.24821029557035 0.758871744216631 -99 -99 -99 -99
-99 -99 -99 -99 -99 1.16267114354834 -99 -99 -99 -99
-99 0.392615453991225 -99 -99 -99 0.649789659521769 -99 -99 -99 -99
-99 -99 -99 -99 1.95379535566577 -99 -99 -99 -99 -99
2.46158414177599 -99 4.69440164408467 -99 -99 -99 -99 -99 -99 3.80327049785528
-99 -99 -99 -99 -99 -99 -99 2.92964766455869 -99 2.98118539244994
1.93782904398205 -99 -99 -99 -0.801014215535095 3.64169193336021 -99 -99 -99 -99
-99 1.41969816923927 -99 -99 -99 -99 -99 -99 -99 0.969577706537929
1.71850120494719 -99 -99 -99 -99 -99 2.36423543083892 -99 -99 -99
-99 -99 -99 -99 -99 -99 2.43328727080217 3.091959673631 -99 -99
-99 -99 -99 -99 -99 0.755412585921646 -99 -99 -99 -99
-99 -99 -99 -99 -99 -99 -99 0.922113029435174 -99 -99
0.190725586372824 -0.754659339264526 1.39662791857304 -99 -99 0.911637258327131 -99 -99 -99 0.83398684223052
-99 -99 -99 -1.85090809197254 -99 -99 -99 -99 -0.0117246602126477 -99
2.00225999411092 2.53854083214045 -99 -99 -99 -99 2.20006624943136 -99 -99 -99
1.83795656826169 -99 -99 -99 -99 -99 -99 -99 -99 0.208657146476857
-99 -99 -99 -99 -1.12343965977492 -99 -99 -99 0.776241556193661 -1.60169687804253
-99 -99 -99 -99 2.65356589886911 -99 -99 -99 -99 -99
-99 -99 -99 -0.54039632231224 -99 -99 -99 -99 -99 0.648841013344899
-99 -99 -99 1.24054401604206 -99 -99 -99 -0.14888077049875 1.43997538775637 -99
-0.320200528811228 -0.907814711613861 -99 -99 -1.97482068426775 -99 -99 -99 -99 -99
0.229420279439452 0.263358774096134 -99 1.40383933982366 0.580384801562255 -99 2.02352754237371 -99 -99 -99
-99 0.70896366811084 -99 -99 -99 2.59373647619986 -99 1.71643861116731 -99 -99
-99 1.74943134321112 -99 -99 -99 2.31809920667042 1.64907211449127 -99 1.51768829874107 -99
-99 -99 -99 -99 0.615934072792326 -99 -0.324997611788141 -1.31061802548854 -0.358502386216387 -99
-99 -99 -99 -99 -1.00676402537988 -99 -99 -1.09986882890121 -99 1.04792654604356
-99 1.70319263035927 -99 0.925799381579109 -99 2.04977266517709 -99 1.22341579780134 -99 0.0190918636090396
1.04274447435615 -99 0.121889543663254 -99 0.543998893648098 -99 -99 -99 -0.258878010055603 -99
-99 -99 -99 -99 -99 -99 -99 -99 -99 -99
-99 -99 -2.94389821929396 -99 -99 -99 -99 -99 -99 -99
-99 -99 -99 -99 0.781946403644524 -99 -99 -99 -99 -99
-99 2.44690122583332 -99 -99 2.72181190444101 1.4276487958253 -99 -99 -99 -99
-99 -99 -99 -99 -99 -99 -99 0.928111111822099 -99 0.332840053071052
-99 1.81764827158258 -99 2.58929728437057 -99 -99 -99 -99 -99 -99
-99 -99 -99 1.34147823280978 -99 -99 -99 -99 -99 -99
-99 -99 -99 -99 -99 -0.122758339551926 2.02798180872016 0.201406333659202 -99 -99
-0.627561497561962 -99 0.898111179480089 -1.31470421410764 -99 -99 -99 -99 -99 -99
0.7233824020768 -99 -99 -99 -99 -99 -99 -99 -0.121607290134323 -99
-99 -99 -99 0.806781363025955 -99 -99 -99 -99 -1.09734677700905 -0.334524571512816
1.45265773469562 -99 1.67837655271484 -99 -99 -1.50928899966955 -99 -99 1.90171523925524 0.476607531722435
1.53808734067814 -99 2.35641212963563 -99 -99 -99 -99 -99 0.898670272129842 0.155123968174509
2.03810724784117 -99 -99 -99 1.29682135610352 -99 -99 -99 0.0850983491922954 -1.82401861073201
-99 -99 -99 -99 -99 -99 -99 -99 -99 -99
-99 -99 -99 -99 -99 -99 -99 1.43255492562769 0.667260846018315 -99
-99 -99 -99 -99 -99 -99 1.03242227953206 -99 -99 -99
-99 3.58326060048064 -99 -99 -99 1.43800560172569 -99 -99 -99 -99
-99 -99 -99 -99 -99 -1.88431345219935 -99 -99 1.26120668167391 -1.50888827252671
-99 -99 -99 -99 -99 -99 -99 -99 -99 -99
3.18590832464148 -0.0701346707877644 -99 -99 2.39710067977697 0.152072161066701 -99 -99 -99 -99
-99 -99 -99 3.75939099930543 -99 -99 -99 0.799606035196745 -99 3.12723793999046
1.89126486006872 1.48516508357555 1.51837920331027 1.03820940242867 -99 -99 -99 -99 -99 -99
1.25712717285721 -99 -1.21320157339023 -99 0.00800095567223602 -99 -99 -99 -99 -99
0.450424578006761 0.106408987071274 -99 -99 -99 -99 -99 -99 -99 -99
-99 0.098439367122395 0.302967264476828 -99 -99 -99 -0.899710819975876 0.798326416959386 -99 0.0500029438816625
-99 0.385375605433275 -99 0.33720115843232 -99 1.95630571069332 -99 -99 -99 1.87968359029545
-99 -99 1.4467633469892 -99 -99 -99 -99 -99 -99 2.35260915608815
-99 -99 -99 -0.45694460456867 -99 -99 -99 -0.588969619646496 -99 -99
-99 -99 -99 -99 -99 1.60134141166008 -99 -99 -99 -0.329139667617724
-99 -99 1.74529783536791 -99 -0.155562994902699 -99 -99 -2.27211285344148 -99 -99
-99 -99 -99 -99 -99 -99 -99 -99 -99 -99
-99 -99 1.12143578287847 -99 -99 -99 -1.33630430608175 -0.886691393209469 -99 -99
-99 -99 -99 -99 1.16057498896411 0.949388379687516 -99 -99 -99 -99
-99 -0.282193116281287 -0.797560949276947 -0.84940997871441 -99 -99 -99 -99 -99 2.03823333457421
-99 0.109249246324935 -99 -99 0.347800761112208 -99 -99 -99 -99 -99
