-99 -99 -99 -99 -99 -99 -99 -99 -99 -99
1.23539212218135 -99 -99 3.63011116703852 2.2536558916435 -99 2.97086924235587 -99 -99 -99
-0.624541729777688 -99 -99 -99 -99 -99 -99 -2.63953273578776 -99 -99
-99 -99 -99 3.00966252439147 -99 -99 2.50229477361982 -99 -99 -99
-99 -99 -99 -99 -99 -0.522187914643012 1.36190946989533 -99 0.976156355392395 -99
-1.0624528862335 -99 0.192344597814643 -99 -0.109888013891595 -99 -99 -99 -99 -99
-99 -99 -99 -99 -99 1.34664341411554 -99 -99 -99 -99
-99 -99 3.04692208710188 -99 -99 1.72292996422141 0.648246476724549 -99 -99 -99
-99 -99 -0.702589922583106 -99 0.0556551353506975 -99 -99 -99 -99 -99
-99 -99 1.40776895974939 -99 -99 -99 -1.28550852329148 -99 -99 -99
-99 1.70608195019341 -99 -99 -99 -99 -99 -99 1.78376314694458 -99
1.38524398070841 -99 -0.283355564801683 2.16128221053075 0.313269675792138 -99 -99 -99 -99 -99
-99 -99 1.62244519742085 -99 -99 -99 -99 -99 -99 -99
-99 -99 -99 -99 -99 -0.0249047428329046 0.729949677906051 -0.322342210760148 -99 -0.168494842607482
-99 -0.907039539997284 0.43874578011081 -99 -99 -99 0.813812496463122 -99 -99 -1.67721107034918
-99 -99 -99 -99 1.6044578845535 1.53467512903003 -99 -99 -99 -99
-99 -0.282875456979085 0.979363290963002 -99 -99 -99 -99 -99 -99 2.19438768231931
-1.75263571798264 -99 0.438978705947865 -99 -99 -99 -99 -99 -99 -99
-0.254853330063973 -99 -99 -99 -99 -99 -99 -1.11478066558908 -99 0.849649451800563
-99 2.87477582149351 -99 -99 -99 -99 -99 -99 -99 2.93203498728926
-99 3.17835796739293 -99 1.68414082461093 1.995094524073 -99 -99 -99 -99 1.14506887172277
-99 0.649258466826278 0.465156928559852 -99 -99 1.96460195966531 -99 -99 1.10587670262877 -99
-99 -99 -99 -99 -99 -0.988329881688493 -99 -0.159572765422806 -99 -0.0505072527504482
-0.945295204495812 -99 -2.06139641142045 0.512465653483318 -99 -99 -99 -99 -0.972117378293128 0.803119084151896
-0.381929371345818 -99 -99 -99 -99 -99 -99 -99 0.023770604524846 -2.04153133990143
1.62796895223829 -99 -99 -99 -0.0467823903762095 -99 -99 -99 -99 -99
3.11411785184618 -99 -99 -99 2.1512991810457 -99 -99 -99 -99 2.15077285881539
-99 -99 -99 -99 -99 -99 -99 -99 2.26670609121636 -99
-99 -99 -99 -99 -99 0.93411302360836 -99 -99 -99 -99
-99 -99 -99 -99 -99 -99 -99 -99 -99 -99
-99 1.89478129363142 -99 -99 -99 -99 -99 -99 0.686104238415854 -99
-99 -99 -99 -99 -99 -99 -99 -99 -99 -99
-99 0.241912521072835 2.26824548349575 -99 -99 -99 -99 -99 -99 -99
-99 -99 -99 -99 -99 -99 -99 -0.388743675094484 0.829205006534034 1.38813030089756
-99 -99 0.982781890650099 2.38629624227222 1.68198189735035 -99 -99 0.839417549317578 -99 -99
-99 -99 -99 -99 -99 -0.442591062698584 1.90917453132429 -99 1.16567587248112 -99
-99 -0.176897856252327 -99 -99 -99 -99 -99 0.982373003615029 -99 -0.272747375315945
0.708708790168964 0.723039996987659 -99 -99 -99 -99 -99 -99 -99 -99
-99 1.63002685653924 0.829733759055897 -99 -99 -99 0.671101922362627 -99 1.52270961114475 -99
-99 3.48619582390151 -99 4.22911922981508 -99 -99 -99 -99 -99 -99
-99 -99 -99 1.61485969860652 -99 -99 -99 -99 -99 -99
-99 -99 -99 -99 -0.465290002285491 -99 1.18426435673113 -99 -99 -99
-99 -99 -99 -99 0.725395615909484 -99 -99 -99 -99 -99
1.45577271516824 -99 -99 -99 -99 1.55582605250964 0.637759427672457 0.831064228340846 -99 0.795285688706125
-99 1.11616956115304 -99 -99 -99 -99 0.166653731636758 -1.11397852543085 -99 -99
-99 -99 -99 -99 -99 -99 -99 -99 3.78725574839842 2.15941279264363
-99 -99 -99 -99 -99 -99 -99 -99 -99 -99
-99 -0.305196379572791 -99 -99 -99 -99 1.82105327974062 -99 -99 -99
0.914365724962601 -99 4.30709701973954 -99 -99 0.749622472688053 -99 0.484629939618384 2.76336662135572 -99
-99 -99 -99 -99 -99 2.25531534311561 0.958620460391066 -99 -99 -99
-0.509272216946472 -99 -99 -99 -99 -99 -99 -99 -99 2.26888408525249
-99 -99 1.49193836714428 -99 1.15022466240316 -99 -99 -99 1.04271808430578 -99
-99 -99 -99 -99 -99 -0.26150448555814 -99 -1.76707025375896 -99 -99
-1.28950659486139 -99 -99 -99 -1.77393556305783 -99 -99 -99 -99 -99
-99 1.54905280072694 1.37637283391768 -99 -99 -99 -99 -99 1.22432791476422 0.959705176737063
-99 -0.607192950805222 -0.592697887586571 -99 -99 -0.275163772517269 -1.2580557275899 -99 -1.8302449232092 -99
-99 -99 -99 -99 -2.24984917168537 -99 -99 -99 -2.06498621050785 1.14251429520785
-99 1.59401319072905 -99 1.88775103513506 2.24256974730014 -99 -99 -99 0.889801134514146 -99
-99 -99 -1.21355824146729 -99 0.450911032547738 -99 -99 -99 -99 -99
-99 -99 -99 -99 -99 0.31473515398696 -99 1.13043335478572 -99 -99
-99 -99 1.22318030557358 -99 -99 0.00268080796633929 -99 -99 0.433928229513236 -99
-99 -99 -99 -99 -99 -99 -99 -99 -99 -99
-99 -99 -99 1.12086590789575 -1.16452456173023 1.29593734525491 -99 -99 -1.27244864828965 -99
-99 -99 0.0860639539185382 -99 -99 -99 -99 2.91281279792379 -99 -99
-99 -0.200519513152307 1.00962495033333 -99 -0.250772684359162 0.474745136787828 -99 -0.77907213578272 -1.18458655661501 -1.156048152547
-99 -99 1.86235876047009 -99 -99 -99 -99 -99 -99 0.595367064413831
-99 -99 -99 2.44067121983248 2.76081740613842 2.65658507145503 -99 -99 2.09774000917324 -99
-99 1.75557261380563 -99 -99 -99 -99 -99 -0.604181261674078 -99 -0.360618729798906
-99 1.97930340277651 -99 -99 -99 -99 1.52130172241579 -99 -99 1.74410802680434
-99 -1.37229170233845 -99 -99 1.34781809374087 -99 -0.0303380472800794 0.398287661142755 -0.0345867254845436 -99
-99 -99 -99 -99 -99 -99 0.168051014439847 -99 -99 -0.354174368831342
-99 -0.0135300204420608 -99 -1.59045678124111 -99 -0.557178252866564 -99 -99 -99 -99
-99 -99 2.06406104276402 -99 -99 3.58879751696045 -99 -99 -99 -99
-99 -99 -0.709036620371617 -0.140331845351402 -99 -99 -99 1.14232260514563 0.870353841111438 -99
0.528530431764091 -99 -99 -99 -99 -99 -99 0.63669826608273 -99 -99
-99 -99 -99 -99 -99 -99 -99 -99 -99 -99
-99 -99 -99 -99 -99 -99 -99 -99 -99 -99
1.53240368593534 -99 -0.90936857957573 -99 -99 -99 -99 -0.0581037532897852 -1.0792756106199 -99
-99 -99 -99 -99 -99 -99 -99 2.14039963782767 -99 -99
-99 -99 -99 -99 -99 0.704410616653955 -99 -99 -99 -99
-99 -99 1.45182845041016 -99 2.09073778803303 -99 1.24045095087272 0.398820929573299 2.26675212722091 -99
-99 -99 -99 0.4104971710419 -99 -99 -99 3.12185507014168 -99 -99
-99 -99 -99 -0.151796385608101 -99 1.11928403807149 -99 -99 -99 -99
-99 -99 -0.180473476662552 -99 -99 -99 2.65733412750139 -99 -99 -99
-99 -99 -99 -99 0.211031613459426 0.625372727476842 -99 -99 -99 -99
-99 -99 -99 -99 0.232590953054254 0.52775851738633 -99 -99 -99 -99
2.27359473173011 -99 -99 1.73740372403172 2.21256099102501 -99 2.50220521180884 -99 -99 0.408820687934792
0.874198099153282 -99 -99 -99 -99 -99 -99 -99 2.23787860173765 -99
1.16512895655505 1.67944567518502 2.47672772434027 -99 -99 -99 -99 -99 -99 -99
0.763501454654163 -99 -99 -99 -99 -99 0.851044142081749 -99 -99 -99
2.2648819403031 3.50388341220319 -99 -99 -99 -99 -99 -99 2.8667552713175 1.65799774982564
-99 -99 -99 0.404962756203015 -99 -99 0.490027617413915 -99 1.68043781131014 -99
-99 -99 1.83297662851302 -99 1.02766561211566 -99 1.49535325710067 2.05571175390573 -99 -99
-99 -99 0.596134341564184 -99 0.603454277989578 -99 -99 -99 -99 -99
2.94418415569564 -99 2.40060893748926 3.28773093736748 -99 -99 -99 4.63612764746239 1.82602798850136 3.70588519776826
-3.25984732702396 -99 -99 -99 0.0419694426693454 -99 -99 -1.09385418633813 -2.36702972303521 -99
-99 -99 -99 2.04466350608428 -99 -99 -99 -99 -99 -99
-99 -99 -99 -99 -99 -99 -99 -99 -99 -99
1.0175635683285 -99 -99 0.286469941281643 -99 0.889214065995083 -99 0.546673663138013 -99 -99
-99 -1.03693654559086 -1.94438451345331 1.25653628837561 -0.878490321081961 -99 -99 -99 -99 1.05641563549219
-99 0.942358805547874 -99 2.20045319419634 -99 -99 -99 -99 -99 -99
-99 -99 -99 -99 -99 2.4745352042227 1.94590848289468 5.21647421600604 -99 3.30213818244221
-99 -99 -99 -0.117506572738325 -99 -99 -99 -99 -99 -99
-99 -99 -99 -99 -99 -99 3.74827199142485 -99 -99 -99
-99 -99 3.17361455101009 -99 -99 -99 7.00599946299824 4.00699678722881 -99 3.51659272985529
-0.0838095711790745 -99 0.925934630337757 -99 -99 0.710062487850411 -99 1.20461756651454 -99 -99
-99 -99 -99 -99 -99 4.20427781458188 4.38564529173372 2.31433706312949 -99 -99
-99 -99 -99 -99 -99 0.249277354540117 -99 -99 -1.06746751897982 -99
2.12301505306712 -99 -99 -99 -99 -99 -99 2.76206193872419 -99 1.68942883177013
-99 -99 -99 -99 0.574719755021972 -99 -99 -99 -99 -99
1.53165179092106 -99 -99 -99 -0.855438578198475 -99 -99 -99 -2.72067037932864 -99
-2.03786812549784 -0.697001396647663 0.00525910281763942 -0.478708436473006 -99 -99 -0.960109503653896 -99 -99 0.7709185409357
-99 -99 -99 -99 0.471057876536497 -99 -99 -99 -99 0.404403607705599
0.435765538889175 -99 -99 -99 1.28817496719286 1.61232321647871 0.622036554433376 -99 1.46088182303931 -99
-99 -99 -99 -99 -99 -99 -99 2.82783478667672 1.89808843862597 -99
-0.46075391383628 1.31583128882362 1.04930958895248 -99 1.7611110512341 -0.185548809101623 -99 1.36626025012219 -99 0.0467935281258637
0.769322430836507 0.78356662691567 -1.50659395273721 -1.08478992106168 -0.335342604028839 -99 -99 -99 -99 -99
-99 -99 0.871086553435305 -99 -99 2.07714819788501 -99 1.49518577708653 -99 2.09360009276623
-0.286248076836957 -99 -99 -1.83964892819166 -99 -0.21474836498979 1.17063979306248 -0.685240077632015 -99 -99
-99 -99 -0.00163566339077459 -99 0.46903818114767 -99 1.69421791351962 -99 -0.824482701928926 -99
-99 0.868451991936447 -99 -1.36608621783843 -99 1.53205638144996 -99 -99 -99 -99
-99 0.660512278039757 -99 -99 2.85593012732134 -99 -99 -99 -99 1.93380790146659
-99 -0.219783299852772 -99 -99 -99 -99 -99 -99 -0.798661242443027 -99
-99 -99 -99 -99 2.18568768878915 2.22048764454642 2.87347845696316 4.46994239700469 -99 3.78225446833537
-99 -99 -99 -99 -99 -99 -0.453645572464864 -99 -99 -99
-99 -99 0.385196157239274 0.850214915905208 -99 -99 -99 -99 -99 0.229347290390819
-99 1.48157373760705 -99 -99 -99 -99 -99 -99 -99 3.53511634524972
-99 -99 -99 -99 1.98653593363878 -99 -99 -99 -99 -99
-99 -99 1.11997281136276 -99 -99 -99 -99 -99 -99 -99
0.654266326332029 -99 1.72226289442654 -99 -99 -99 -99 -99 -99 -99
1.5536807566075 -99 0.848903459339819 -99 0.254264748078966 0.241549194548893 -99 1.91480463334208 0.782506090374682 -99
-99 -99 -99 -99 -99 -99 -99 -99 1.13150703769617 -99
-99 2.65539426131468 -99 -99 0.253058374112513 -99 -99 -99 -99 -99
-99 -99 1.35134402814272 0.879910163425645 -99 -99 -99 -99 -99 -99
-99 -99 -1.05220755945272 -99 -1.67635446356105 -99 -99 -99 -99 -99
-99 1.20052836487145 -0.293120278628941 -99 1.13065201256567 -99 -99 -99 -99 -99
-99 -99 -0.520938498769162 -99 -99 -99 -99 -99 -99 -99
1.97212916789638 -99 -99 3.87839724480958 -99 -99 -99 1.72475340965094 -99 -99
-99 -99 -99 0.709992366879128 -99 -99 -99 0.455843951388111 -99 -99
-99 1.40245329421218 -99 -99 -99 -99 -99 -99 -99 1.69334175766346
-99 -99 -99 1.57463014287672 -99 -99 -99 -99 -99 0.69164201723669
-99 -99 -99 -99 -99 0.863099831404746 -99 -99 -99 -99
-99 1.44754224989319 0.174960762427408 0.762554909201861 1.05339742864404 -99 -99 -99 -99 -99
2.41116874816941 -99 -99 -99 -99 -99 -99 -99 1.51423898076327 -99
-99 -99 -99 -99 -99 -0.182107134566527 -99 -99 -99 -0.552226842074842
-99 -99 -99 -99 2.25154202965931 -99 3.82013467631437 -99 2.69553051923964 -99
0.336210742447935 3.07444697591011 -99 -99 -99 -99 -99 1.71199203930847 -99 -99
4.4855672545877 5.34007142223452 -99 -99 -99 5.40913027411417 -99 -99 4.70576583351294 3.99543043942992
-99 -99 -99 -99 -99 -99 -99 -99 -99 -99
-99 -99 -99 -99 3.53275161027777 -99 -99 -99 -99 -99
-99 1.04223031393819 -99 -99 -99 -99 -99 -99 -99 -99
-99 -99 -99 -99 -99 1.95986823604556 -99 2.79960893002402 -99 -99
-99 -99 -99 -99 1.69356699188331 0.366771956223011 -99 1.41519030341849 -99 -99
-99 -99 -99 -99 1.50588232376111 -99 -99 -99 -99 -99
-99 -0.333608740101487 2.8669251673207 -99 3.21279750771939 1.33228835560959 -99 -99 -99 -99
-99 0.83846682082843 -99 -99 -99 1.04870782789899 1.80184900475065 2.31572197618466 -99 -99
-99 -99 -99 -99 -99 -0.145479688489808 -99 -2.68444106645654 -99 -99
-2.20404900085254 -99 -99 -99 -99 -99 -99 -0.479561719263399 -99 -99
3.23865457514143 -99 -99 -99 2.33835754713947 -99 1.26722187018909 -99 -99 -99
3.86247646180079 -99 -99 1.33234496885539 1.73391468416567 -99 -99 -99 -99 -99
0.969847487892842 4.08576933594428 -99 -99 0.330187709652659 -99 -99 -99 -99 -99
1.22792559828721 0.146822060316491 2.43623775499584 -99 -99 -99 -99 -99 2.56364302798616 -99
2.04160103268892 -99 -99 -99 -99 -99 1.53318494809314 -99 -99 0.361406635205516
1.23142256738686 -99 2.41136043721875 -99 -99 -99 0.785102614014778 -99 -99 -99
0.437978748855395 -99 -99 -99 -99 -99 -99 -99 -99 -0.267460570331421
-0.518340165561806 -99 -99 -99 -99 -99 -1.62523952671595 0.797766465539608 -99 -99
1.05625650081683 0.768521613405777 -99 -99 0.582415083088278 -99 -99 -99 -99 1.48821504952265
-99 -0.147630343388327 -99 -99 -99 -99 -99 1.29320212247718 -99 -99
2.95055646220938 -99 2.16999094409987 -99 -99 -99 -99 2.19958459601457 -99 3.20681532691199
-0.531052746424948 1.40222527504119 -99 -99 -99 -0.442690769837657 -99 -99 -99 -99
-99 -99 -99 -99 1.47598750388506 0.694710098733315 1.09216838080921 -99 2.12614127467623 -99
-2.0449361328148 -1.49067413971223 -99 -99 -99 -3.37279186637884 -99 -99 -99 -99
-0.262273391013689 0.634338125161272 -1.67183191126168 -99 -1.61608151500373 -99 -99 -99 -1.49904695279421 -99
-99 -99 -99 -99 -99 -99 -99 -99 1.9754421125173 1.8388389234772
2.60283665708444 -99 -99 -99 -99 5.51742710429274 -99 -99 0.964600067205913 4.1149219406276
-99 0.908101404814297 -99 -99 -99 -99 -99 -99 1.27320056021782 -99
2.17338288002183 -99 -1.45204395615326 -99 -0.470520583330026 -99 -0.872896134944371 -0.835659993731343 -0.777645760981625 -99
-99 -0.276372736919663 -99 0.96777592542497 0.665832067797101 -99 -99 -99 -0.311781212326263 0.323320723159672
-99 -99 -99 1.8453655027106 -99 -99 -99 -99 -99 -99
-99 -1.61547643346884 -99 0.540662587950595 0.69761784517446 -99 -99 -99 -99 -99
-99 2.18965209979191 -99 -99 -99 -99 -99 -99 -99 -99
-99 -99 -99 1.93683252038776 1.51350625916808 -99 -99 -99 -99 -99
-0.0729145332466115 -0.29813869643817 1.50852081408447 -99 -99 -99 -1.14856887429334 -99 -99 1.8613706870259
-99 -99 -99 -99 2.56098242024354 -99 3.7113073765072 -99 -99 -99
-99 -99 -99 -99 2.82174472805093 -99 0.859643796259611 3.51296104113602 -99 -99
-99 -99 -99 -99 -99 -99 -99 -99 -99 -99
-99 -99 -99 -99 -99 -99 -99 -99 3.13931330574437 0.42339986131323
1.62808005362686 -99 1.98625352473654 3.86585082347678 -99 -99 -99 1.28801115670338 -99 -99
-99 -99 1.28938027261304 1.0407824016891 1.6475086341204 -99 -99 -99 -99 -99
-99 -99 -0.766457700499929 -99 -99 -99 -99 -99 -99 -99
-99 -99 -99 -99 -0.0781507004073012 -99 -0.099414765520649 -99 -0.754100747690353 -0.0358688240691112
-99 -99 0.812324188177693 -99 -99 -99 -99 -99 -0.712245978128797 -99
0.0456660293711285 -99 -99 2.81765437363381 -99 -99 -99 -99 -99 -99
-99 0.283928137479009 -1.35770224256876 -99 -0.932962658978187 -99 0.138002696007446 0.0904033803867507 -99 -99
-99 -99 4.56474119737475 3.41181275590225 3.13999643402232 -99 -99 -99 -99 3.16703837136818
-99 -0.0949954017802255 -99 -99 -99 -99 -0.949581367355108 -99 -99 -99
-99 -99 -99 2.64390823464258 -99 -99 -99 -99 -99 -99
-99 -99 -99 -99 -0.746897265592783 -99 -99 -99 -99 -99
-99 -99 -99 -99 -99 -99 -99 -0.311355939510127 -99 -99
-99 -1.15598833668439 -99 -99 -99 -0.477580713290883 -99 -99 -99 -99
0.957771915605898 -99 -1.61289357442655 -99 -0.9690451124293 -99 -99 0.4995299860544 0.238978803979659 -99
-99 -99 -99 1.32378985630556 -99 -99 -99 -99 -99 -99
-99 0.81993678784183 -99 -99 -99 1.75779626036706 3.68840576631067 -99 -99 2.27718294700735
-99 1.03372094903811 0.414559176729423 -99 -99 -99 -99 1.25882194982887 -99 -0.938211682060942
-99 -99 -99 -99 -0.337623714743359 0.187051843886337 -99 -99 1.39411434170406 -99
-99 -0.623072889974488 -99 -99 -99 -99 -99 -99 0.88699696245569 -99
-99 -99 -99 -0.00703178026590656 -99 -99 -99 1.46034764011745 -99 -99
-99 -99 -99 -99 -0.624918205391182 -0.825183877995267 -99 -0.375184266994752 -99 -99
-99 -99 -99 -99 -99 2.93115822443917 2.78497028809706 -99 -99 -99
-99 -99 -99 -99 -99 -99 2.25417219349367 0.810339635874809 -99 -1.70706142196672
-99 -99 -99 2.23103568501528 -1.31099007246416 2.53029145772295 -0.0463422897205568 -99 -99 -99
-99 -99 -99 -99 -99 -99 -99 1.50781861550947 -99 -99
-99 -99 -99 0.0332934072698029 -99 -99 -99 1.27123108509284 0.849402539470415 -99
-99 -99 -0.398536071460601 -99 -99 -99 -99 -99 -99 1.10583391483541
-99 -99 -99 -0.191292927189805 -99 -99 0.290138433632939 2.10150793861995 -99 -99
1.23162823056228 -99 -99 1.00620003977879 0.923242350607337 -99 -99 -99 -99 -99
-99 -99 0.912361676709784 -99 -99 -99 -99 -99 -99 2.72772881693966
-0.531261106416018 -99 -99 -99 -1.32022380106673 -99 -99 -99 -99 -99
-1.0390574524272 -99 -99 1.12307439282008 -99 -99 -99 -99 -99 -99
-99 -99 2.96388098838677 -99 -99 -99 -1.04885346755317 -99 -99 -99
-99 2.9131021469867 2.97083898215749 -99 -99 -99 2.77364736905455 4.36299106138403 -99 -99
-99 4.45563871033474 1.8884904440951 -99 -99 1.33803589714845 -99 -99 -99 3.47755401862844
-99 -99 -99 -0.537541534954118 -99 -99 -0.642605693557677 -99 -0.692282739616021 -99
-99 -99 -99 -99 -99 -99 0.488281071355682 -99 -0.482053367583489 -99
4.34885201863821 -99 -99 -99 4.85053927877364 -99 -99 -99 -99 3.17924519450787
-99 2.0170172893511 0.478460492197023 -99 1.15554087076082 -99 -99 -99 -99 -99
-0.550364807334992 -99 -99 1.77792852491545 -99 0.353452291213732 -99 -99 -99 -99
2.47460233506445 -99 -99 -99 -99 1.55151146938363 -99 -99 -99 -99
-99 -99 -99 0.323945167120063 2.26836647863528 -99 -99 -99 -99 -99
-99 3.40736818453487 2.84972656308515 0.644994821327688 -99 -99 0.653583771978824 2.2669004374643 -99 -99
-99 -99 -99 -99 -99 -99 -99 -99 -99 -99
-99 2.44250557706655 -99 -99 -99 -99 0.757663240338685 -99 -99 -99
-99 -99 -99 -99 -99 -99 -99 -99 -99 -99
-99 -1.1397427493124 -99 -99 -0.927069111806772 -99 -99 -99 -99 -99
-99 2.4424939400219 2.83565621363563 -99 -99 0.917138681121754 1.23719431238381 1.25907198175094 -99 -99
0.531293651665543 -99 -99 -99 1.68181597658215 -99 -99 2.32755847105676 1.50069031980004 0.548983443323479
3.57610872352029 -99 -99 -99 -99 -99 1.07194531122209 -99 -99 -99
-99 -99 -99 -99 -99 1.81951534665931 1.18826785138115 -99 1.64114413117758 -99
-99 -99 -2.01420352724094 -99 -99 -99 -99 -3.28820004107796 -99 -99
-99 -99 -99 -99 -99 3.34233763940189 -99 3.1956301785319 -99 -0.130658327297078
-99 -99 -99 -99 -99 -99 -99 -99 -99 0.715946677586411
0.589603097265325 -99 -99 -99 0.929409607541752 2.11464052793278 -99 -99 -99 -99
2.03124025856241 3.607115876434 -99 -99 -99 3.0168399906207 1.9335958093748 -99 2.48358161670989 -99
0.27983112816366 -99 -99 -99 -99 -99 -99 -99 -99 -99
-99 -99 -99 0.771797555312443 -99 -99 -99 -1.77975661726945 -2.72983125221808 -99
-99 -99 -99 -99 1.05792639331623 -99 -99 -99 -99 -99
-99 -1.90245495461523 -99 -99 -99 -99 -99 -99 -99 -99
-99 -99 -99 -99 5.46162848461501 -99 3.83705269436142 -99 -99 -99
-99 -99 -99 -0.98196273135453 -99 -99 -99 -99 1.43765919264488 -99
-99 -99 -99 -99 1.14182841704625 2.9169875905347 -99 -99 -99 -99
-99 -99 0.960639188245566 -99 -99 -99 -99 -99 -99 1.20543542758584
-99 -99 0.744849234974566 -99 -99 1.94162459119258 -99 -99 -99 -99
-99 -99 -99 2.26898943260047 -99 -99 -99 0.94044763306465 1.66203955749096 -99
-99 -99 2.95413688050436 -99 -99 2.24690606717787 -99 -99 2.31028122132927 -99
-99 -99 2.86230405955902 -99 -99 -99 -99 2.04353496690134 -99 -99
-99 -99 3.44604160020103 -99 -99 -99 -99 2.45327247602216 -99 -99
-99 -99 -99 -99 -99 -99 0.591638508499933 -99 -99 -99
-99 1.34627695039312 -99 -99 -99 -99 -1.24073337057327 -99 -99 -99
-99 -99 0.335866036715544 -99 0.225481909183603 -99 -99 -99 0.80786266064215 -99
1.30328750832784 -99 -99 -99 -99 -99 -99 -2.12310591574957 -99 -99
-0.945208018278126 -99 -99 -99 -99 -0.682323421694159 -99 -2.48597835621299 -99 -99
1.07045610356817 -99 -99 0.237442530827446 -99 -99 -0.346176415731393 -99 -99 -99
-99 1.28440761238842 -99 -99 -99 -99 -0.284444931188632 -99 -99 -99
-99 0.558511322518535 -99 -99 -99 -99 -99 -99 -99 -1.21818482023704
-99 -99 -99 0.170065393621468 -99 -99 -0.110243336327143 -99 -99 -99
-99 -99 2.737604903263 1.0085936471946 1.45482282394779 -99 -99 -99 -99 -99
-99 0.234481137779926 -99 -2.28812641176839 -99 -99 -99 -99 -99 -99
-99 2.6493626143389 -99 -99 -99 -99 -99 -99 -99 -99
-99 -99 2.55265916103656 -99 -99 -99 2.25745420741307 2.78550135404983 -99 -99
0.951032440298894 -99 1.69994716744348 -99 -99 -99 2.1562303329296 -99 -99 -99
-99 -99 1.24599136976919 -99 -99 -0.31255989512565 -99 -99 -99 1.36389033793732
-99 -99 -99 0.385657707935284 -0.57424784922409 -99 -99 -0.36149717795123 -0.107513868012557 0.361782565011826
-99 -99 -99 -99 -99 -99 -2.01186984439655 -99 -99 -99
-99 -99 -1.34594053525473 -99 -99 -99 1.09423526465732 -99 -99 0.0781347748157106
-99 1.77739260875164 1.21132617556646 2.21522643620095 -99 -99 -99 -99 -99 0.371369797753262
-99 -99 -99 2.31829625261859 -99 1.7823526894799 -99 2.35130082639068 -99 -99
-99 -99 -99 0.151206557994614 -99 -99 -99 -99 0.136935248085552 -99
-99 -99 -99 -99 -99 2.19360969989569 -99 -99 -99 2.3398376079492
-99 -99 -99 -99 -99 -99 -99 -99 -99 -99
-99 2.7693259435767 -99 -99 -99 -99 -99 -99 1.73192327802008 1.3556337753204
-99 -99 -99 -1.5320136165231 -99 -99 -99 0.869307895008294 -99 -99
-99 -99 -99 -99 -99 -99 1.61120035622071 1.64367490408367 -99 -99
-99 -99 -99 -99 -99 2.61938993976784 -99 -99 3.86055445282234 -99
-99 -99 -99 0.827389985371673 -99 -99 -99 -99 -99 -99
-99 -99 -99 -99 -99 0.539089248662657 -99 3.35471797830277 3.37047526185817 -99
-99 -99 0.403545361287256 -99 -99 1.53141815874661 1.13878261442256 -99 1.62522738305824 -99
-99 0.781651479020393 -99 -99 -99 -0.207211597673057 -99 2.0554784201736 -99 -99
-99 -99 -0.540611834804684 0.269128488384479 -99 0.101146798402375 -99 -99 -99 -99
-99 -99 -99 -99 1.90288713509675 -99 -99 -99 -99 1.73589353944874
-99 -0.193741279783113 -99 -99 -99 -99 -99 -99 -99 -99
0.46046151161682 -99 -99 -99 -99 0.143787598937447 -99 -99 0.474729873499457 -99
-99 -99 -99 -99 0.700970439905554 0.185350020341883 -99 -99 -99 -99
0.370419042776667 -99 -99 -99 -99 -99 -0.745687333517863 -99 -0.331595915881329 -99
-99 2.40591021989035 -99 -99 3.39326535213066 0.552752337420706 -99 -99 -99 -99
2.43062803040812 -99 -0.631216599841779 -99 -99 -99 2.24322011425285 -99 0.428499113299784 -99
3.62065468689632 -99 -99 0.0711648287832124 -99 -99 -99 -99 -99 -99
-99 -99 -99 -0.287112453221018 -99 -99 -1.10094244025066 -99 0.171543637343878 -99
-99 -99 -99 -99 2.59385515550586 -99 -99 -99 -99 -99
-99 -0.446337722978896 -99 -0.19724758022344 -0.431227389111923 -99 -99 -99 -99 -99
-99 -99 -99 -99 1.2001845973891 -99 -99 -99 -99 -99
-99 -99 -99 -99 -99 -1.41055622333522 -0.920554615825299 -0.122813886582825 0.44813913726721 -99
-99 -99 1.50826162233184 -99 -99 0.142950626714246 -99 -99 2.27325512019227 -99
-99 -99 -99 -99 -0.0432006118245523 -99 -99 -99 -99 -99
-99 -99 -99 -99 -99 -99 -99 -99 -99 -0.303737282021937
2.19217350825996 -99 -99 -99 -99 -99 -99 1.00806045000431 -99 -99
-99 -99 -99 -99 0.671037197401698 -99 -99 -99 -99 -99
-99 -99 -99 -99 -99 -99 2.25831091199095 -99 -99 -99
-99 -99 0.140008088453755 -99 -99 -99 0.876984487987011 -99 -99 -99
-99 -99 -99 -99 -99 -99 1.70820370116141 -99 -99 -0.0448051326384868
-99 -99 -99 -99 -99 -99 -99 -99 -99 -99
-99 -99 -99 -99 -99 -99 -99 -99 -99 -99
-99 -99 -99 -99 -99 -99 -99 2.14333221212473 0.744395888199507 -99
-99 1.46412634519773 -99 -99 -99 -99 -99 -99 -99 -99
-99 -99 -99 -99 -99 -99 -99 -99 -99 -99
-99 -99 -99 -99 -99 -99 -99 -99 -99 -99
-99 -99 -99 -99 -99 0.455892258752945 -99 -99 -99 2.52411055715999
0.47519157049662 -99 3.88791282405808 -99 -99 -99 -99 -99 0.407828976873391 -99
1.6611614045353 -99 -99 -99 -99 -99 -99 -99 -99 -99
-99 -99 -99 1.58133004072056 -99 0.255759563886736 -99 -99 -99 -99
-0.00217320182861824 -99 -99 -99 -99 -99 1.19047426810377 -99 -99 -99
1.7499868207583 -99 -99 -99 -99 0.825075369325574 -99 -0.0174295367299464 -99 -99
-99 -99 1.34151887601337 -99 0.849826512131857 -99 -99 -0.0710057448224932 0.418499216906438 -0.548501096845434
-0.351888064943462 -99 1.2474074620165 -99 -99 -99 -99 -99 0.364247266325512 -99
-99 -99 0.645415093028839 -99 -99 -99 -0.131854712034945 -99 0.23809546970872 -1.20024949687392
0.833244398000446 -99 0.430509794633686 -99 -0.578799516250384 -0.252120318459463 -99 -99 -99 -99
-99 2.04105365910038 -99 -99 -99 -99 -99 2.53647353049878 -99 0.618227794877509
-99 -99 -99 -0.145525597471464 -99 -99 -99 0.879070099974071 -99 -99
0.153511446508192 -99 -99 -99 0.443046938936283 -99 -99 -99 -99 0.997913980275911
-0.797544340721893 -99 -99 -99 -99 -99 -99 1.74371894088131 -99 -99
-99 -99 -99 -99 -99 3.55319595708764 0.960025087690246 1.96019653031643 3.99870982651866 -99
-99 -99 -99 2.62495241543027 -99 -99 2.65690336532241 -99 1.78290736559473 -99
2.0697413390264 -99 1.61983775436899 -99 1.12918556875432 1.57878353086071 -99 0.440449686086631 -99 -99
-99 -99 -99 1.61099463345533 -99 -99 -99 0.779617535132705 0.883462209128598 -99
-99 -99 1.03863733290286 -99 -99 -99 -99 -99 -99 -99
-99 -99 2.23955291485944 -99 -99 -99 -99 -99 -99 1.01814546210593
-99 -99 2.4753915151645 -99 -99 -99 -99 -99 -99 -99
-99 -99 -99 -99 -99 -99 -99 -99 -99 -99
-99 -99 2.59740362653225 3.99457924196419 -99 3.31050666961041 -99 -99 -99 2.01520761541351
1.10725207881121 1.91275263448477 -99 -99 2.24605735682169 -99 -99 -99 0.601538331664433 -99
0.756128564768444 -99 -0.275604044497912 1.33935126880331 -99 0.945163737437726 -99 -99 -99 -99
3.57437297734939 -99 -99 -99 -99 -99 -99 -99 -99 -99
-99 -99 -99 2.18277092220663 -99 -99 -99 2.05266407351328 -99 -99
-99 -99 -99 -99 -99 3.20762223920469 -99 -99 -99 -99
0.696664290782371 -99 -99 -99 -99 1.97991508597766 -99 -99 -99 -99
-99 -99 -99 -99 -1.74064538430145 -99 -1.12555402715254 -99 0.355596719456966 0.630187233166583
-99 -99 -99 -99 -99 -99 -99 -99 -99 1.25314916119295
-99 4.43257512162263 -99 -99 3.05414722178876 -99 -99 -99 -99 -99
-99 -99 -99 1.1989569189598 -99 1.74036582744608 0.0353947160879514 -99 -99 -99
3.71661502088752 -99 -99 -99 -99 -99 -99 -99 -99 -99
-99 1.27460158775722 -99 4.04600774157415 5.00549354046957 -99 -99 -99 1.14607899241248 -99
1.87243108126736 -99 -99 -99 -99 2.55124208466564 -99 -99 -99 -99
-99 -1.12327899482092 1.85925744295032 -99 -99 -99 -99 -99 -99 3.08823173063622
2.70562102832865 -99 -99 2.12383898553548 -99 2.25793066813422 4.85838631614934 -99 -99 -99
3.40180879886418 -99 -99 -99 -99 -99 1.61880225444362 -99 -99 -99
-99 -99 -99 -99 -99 -99 1.50916353395822 -99 -99 -99
-99 -1.8254545102413 -99 -99 -99 -0.155415499998402 -0.846221128421937 -99 -99 -99
-99 -99 -99 -99 2.06855262376474 -99 1.87738274347359 -99 -99 -99
1.47463064342063 -99 -99 -99 -99 -99 -99 -99 3.07687857825239 -0.875113814522826
-99 -99 -0.361347294349086 1.35555783872524 -99 -99 -99 -99 -99 -99
-99 -99 0.968418575761907 -99 -99 2.57813911525504 -99 -99 -99 -99
-99 -99 -99 -99 -99 0.0870959413026589 -99 -99 -99 -99
-99 1.56548953842609 -99 -99 -99 -99 -99 2.71395393910248 -99 1.03393851338197
-99 -99 -0.786960870461012 -99 -99 -0.69823133691494 -99 -1.06755589537068 -1.71841425545898 -99
-99 -99 2.87138820268311 -99 -99 -0.185751509861849 -0.100351381334304 -99 -99 -99
-99 -99 -99 -99 -99 -99 -99 -99 1.19648555089533 -99
-99 -0.312140050876721 -99 -99 0.466533335754448 -99 -99 -99 -0.0606772347413755 0.508329730704593
-99 -99 -99 -99 0.789493990994788 -99 2.35730493320757 -99 -99 -99
0.091314199023889 -99 -99 -99 -99 1.16826229965292 -99 -99 -99 1.84913584313979
-99 -99 -99 -99 -99 -99 -99 -99 -99 -99
-99 -99 -99 -0.176318758291586 -99 -99 -99 -99 0.360882369546109 -99
0.496827686248287 -99 -99 -0.182477211770686 -99 -1.25407199088459 -99 -99 -99 -0.482473315394836
-99 -99 -99 -2.72407270198115 -99 -99 1.23345061574917 -0.298649778992806 -99 -99
-99 -99 -99 1.63788349014575 0.864261580596999 1.56348291452818 -99 -99 -99 -99
-99 0.0502649279764945 0.0390783596392258 -99 -99 1.39676150233769 -99 -99 -99 -99
-99 -99 1.8972292635166 -99 -99 -99 3.35067288764532 -99 -99 -99
2.58647368020731 -99 1.98568554314786 -99 -99 2.86081983318148 -99 2.42571970806372 1.46717730868915 2.93048749153824
-99 -99 -99 -99 -99 -99 2.26462385041001 -0.133994824425964 -99 -99
-99 -99 -99 -99 -99 -99 0.700895660081233 -99 -99 1.57494607520284
-99 -99 2.34510293956218 -99 1.2767604945747 0.286518501055869 -99 3.64700085669492 1.46111000669277 -99
-99 -99 -99 -99 -99 -99 -99 -99 -99 -99
-99 -99 -99 0.828449932110159 -99 -99 -99 -2.01432607672189 -99 0.258794789598791
-99 -0.579756930126343 -99 0.300021460300321 -99 -99 -99 -99 -99 -99
-99 -99 -99 -99 0.180689513712157 -99 1.98039518199087 -0.145388324494462 1.49185071458217 -99
4.45955830305055 4.22476239431483 2.4626091606655 -99 -99 -99 -99 2.70238258647272 -99 -99
-99 -99 -99 -99 -99 -99 -99 1.02098264471457 -99 -99
-99 -99 -99 1.24874095295304 -0.129331621710493 -99 1.48141834748621 2.20782212657378 1.12976174429011 -1.6130824447198
-99 2.16339030555327 -99 2.52633671179355 2.71515907441223 3.98986137522802 -99 -99 -99 -99
-99 -99 -99 -99 -99 -99 -99 0.651981432390163 -99 -99
-99 -99 -99 -99 -99 -99 -99 1.19754201022253 -99 -99
-99 0.191255378784323 -99 -99 -99 -99 -99 -99 -99 -99
-99 -0.999998390277543 -99 -1.45890255197053 -99 -99 -99 -99 -99 -99
1.74729929917726 -99 -99 0.950816364093171 1.7240534055929 -99 -99 1.13664216087639 -99 0.42260504722282
-99 -99 -99 -99 -99 -99 -99 -99 -99 -99
-99 1.38946708955784 -99 -99 -99 -99 -1.08445212768018 -99 -99 -99
-99 -99 0.322393813097788 -99 -99 -99 -99 -99 -99 -99
-99 -99 0.890226794413574 -99 1.19659298476731 2.5030704122968 -99 -99 -99 0.277045129547978
-99 -99 -99 -99 -99 -99 -99 2.48987150250684 -99 2.53544692341218
-99 -0.344336011716272 -99 -99 -99 -99 -99 -99 -99 0.648687883532553
-99 -99 1.48014165172359 0.702565806859196 -99 -99 1.13653057028251 -99 -99 -99
-99 2.59408888196233 -99 2.33257063136048 -99 -99 -99 -99 3.08761923305663 -99
-99 -99 -99 0.818524467856505 -99 1.08467429231842 -99 -99 -0.374326758193595 -99
4.39834553771455 -99 -99 -99 0.925620686671993 3.29655318383364 0.581847300651362 -99 -99 2.08369216675647
-99 -99 1.34056395835503 -99 -99 -99 -99 0.74258475187564 -1.0626225335252 1.02088854642821
-99 2.18680907698847 -99 -99 -99 -99 -99 1.63549091023204 -99 -99
-99 -99 -99 -99 -0.444975879963643 0.334524848914588 -99 -0.73134056580814 -99 -99
2.04841902841403 -99 -99 -99 -0.694434584933617 -0.550273256289354 -99 -99 -0.801633474594829 -99
-99 -99 -99 -99 -99 -99 -99 -99 -99 -99
-99 -99 -99 -99 -99 -99 -99 -99 -99 -99
-99 -99 -99 -0.330716245963506 -99 -99 -99 -0.438650003409608 -99 -99
-99 -99 -99 -99 -99 -99 -1.49141845431169 0.513886754655616 -99 2.47225084302016
-99 -99 0.944630913635734 -99 -99 -99 -99 -99 -99 -99
-99 -99 0.127296360949456 -99 -99 -99 1.6690040119024 -99 -99 -99
-0.395759809910719 -99 -99 -99 -1.98473979277703 -99 -1.87228733248776 -0.885194124736275 -99 -0.773707814531494
2.45190476633965 -99 -99 -99 -99 1.91125383857102 -99 -99 -99 -99
-99 -99 -99 0.21415387301624 -99 -99 3.48529077686699 0.975861800444184 -99 -99
-99 -99 -99 -99 -99 -99 0.25543660943436 -99 -99 -99
0.45016119529248 -99 -99 -99 -99 -99 -99 -99 -99 -99
3.51670009606074 2.56108841125723 -99 -99 -99 -99 1.80135966548481 -99 -99 -99
-99 -99 0.830948946152549 -99 0.209723068510037 -99 -99 0.0798787356264211 -99 0.483238605164647
-99 -99 -99 0.903979035370202 2.67786158832087 -99 2.19545745127348 2.5303246491704 2.09866512170173 -99
-0.529904136521955 -99 -99 -99 -99 -99 -99 -99 -99 -99
0.476366313568579 -1.15676001932036 -99 -99 -99 1.10050113615088 -99 -99 -99 -99
-99 -99 4.48222413266502 3.05195750384651 -99 -99 2.42602800439241 2.70344612059008 -99 -99
-99 1.08278217498495 -99 1.88195123960248 -99 -99 2.31425532165378 -99 0.552526644454964 -99
-99 -99 -99 1.79309861466812 -99 -99 -99 -99 -99 -99
-99 -99 -99 -99 -99 -99 -99 -99 0.22602196479912 -99
-99 -99 -99 -99 -0.336362371957726 -99 -99 -99 -1.66450621511936 -99
-99 2.24536050232307 0.710645522730747 -99 -99 -99 -99 -99 -99 -99
-99 -99 0.0638761083338499 -99 -99 1.40846638200607 1.69137912190383 -99 1.19930350764948 -99
-99 0.684108261960221 0.961978886614253 -99 -99 -99 -99 -99 -99 1.36236572832862
-99 -1.79753367033277 -99 -1.78287124976523 -99 -99 -99 -99 -2.01394416304858 -99
-99 -99 -1.06503452690326 -99 1.68372308449153 1.81062080357435 -99 -99 -0.517465077951094 1.37857391231917
-99 -0.723670417627746 -99 -99 -99 -99 -99 -99 -0.0280750888425743 -99
1.00665703196115 -99 -99 -99 1.59175135673447 -99 -99 -99 0.947406390353508 -99
-99 -99 -99 -99 2.51966975556411 -99 -99 -99 -99 -99
-99 -99 -99 -99 -99 2.77176503374969 3.28737728061415 -99 -99 -99
-99 1.74855704115885 -99 -99 -99 1.21932241561631 -99 -99 -99 -99
-99 -99 -99 -99 0.27541767993595 -99 -99 -99 0.814308646267304 -99
-99 -99 -99 -99 -99 -0.93568669111851 -0.976826575324866 -99 -99 1.29397616564569
-99 -99 -99 -99 -99 1.80867706966049 -99 -99 -99 -99
-1.53398917084966 -99 -99 0.134754799589455 -99 -99 -0.860475180813267 -99 -99 -99
-99 -99 -99 -99 0.970656473671062 -99 -99 -99 -99 -99
1.73098644625026 -99 -99 -99 -99 1.18488217614552 -99 -99 -99 -99
-99 -0.452232879175163 0.577254421515126 -99 -99 -99 -0.595275154901572 -99 -99 -0.0773630984654026
-99 -99 -99 -99 -99 -99 2.96385773093807 -99 -99 -99
-99 -99 -99 -0.34665409947781 -99 -99 -99 -99 -99 -99
1.52094195594003 -99 -99 1.42225219070721 0.845154081933499 -99 -99 -99 -99 -0.428353703340896
-99 -99 -99 -99 -99 -99 -99 -99 1.87604936564624 -99
1.62122729223577 -99 -99 -99 -99 -99 -99 1.02344190937511 2.16261824532234 -99
0.260761114395077 -99 -99 -99 -99 -1.49535643799771 -99 -99 -99 -99
-99 -99 -99 -99 -99 1.44914196355272 -99 -99 -99 -99
-99 -99 1.96505547359286 -99 -99 -99 -99 -99 -99 -99
-99 2.73330840258224 -99 -99 -99 -99 -99 -99 -99 -99
0.276793646740368 -99 1.53969190631029 -99 -99 -99 1.58238602139105 2.50308692126012 1.86536115943999 -99
-99 -99 1.92147197997049 -99 -99 -99 -99 -99 3.11059619496024 2.50515390499325
-99 -99 -99 -99 -1.3475076468884 -99 -99 -99 -99 -0.20777174427579
-99 -99 -99 -99 1.94047743697344 -99 -99 -99 0.155366185072004 -99
-99 -99 2.84072269768193 -99 1.48293192363429 -99 -99 -99 2.89073479096408 -99
-99 -99 -99 -99 0.729157493707884 -99 0.278661328182712 -99 -99 -99
-99 1.66160298719068 -99 -99 -99 2.19259959946758 -99 -99 1.82725388312125 -99
-99 -99 -99 -99 -99 -2.04367274057186 -99 -99 -99 -99
0.485397490697437 -99 -99 -99 -99 2.78136128062201 -0.0809916046437493 -99 0.82055369732765 -99
2.49871775646152 -99 -99 -99 -99 -99 -99 -99 -99 -99
-99 -99 -99 -99 -99 1.7369078506015 1.70943653794153 0.491019805222242 1.03553948029799 -0.00618143717136865
-99 -99 0.948785503154487 -99 -99 2.06185473394383 -99 -99 -99 -99
1.92078425752182 -99 -99 0.459857933761078 -99 -99 -99 -99 -99 -99
-99 -99 -99 -99 -99 -99 -99 2.28850062070044 -99 -99
-99 -99 -99 -99 -99 -99 -99 -99 3.63232324388884 0.565515759084993
-99 -99 -99 -99 -99 1.14044334417862 -99 -99 -99 0.714908092805192
-99 -99 -99 -99 -99 -99 -99 -99 -99 -99
-99 -99 -99 -99 -99 0.382341309025979 0.57751472990632 -99 1.91939012478082 -99
-99 -99 -99 -99 -99 -99 3.22967230812445 -99 -99 -99
-99 0.139859769378923 -99 0.100648816362867 1.81951624515773 -99 -1.08417231769331 0.419991179030311 -99 0.124896548781088
0.775330959703489 -99 -99 -99 -99 -99 -99 -99 -99 -99
-99 0.637359551513933 2.31855171466167 -99 -99 -99 1.49202398415467 1.32178017649023 -99 -99
-99 0.0618659270529148 -99 -99 -99 -99 1.03199526208688 -0.322340788241698 0.806717933358254 -99
-99 -99 -99 -99 -0.0737797572549104 -99 -99 -99 -99 -99
-99 0.254282005000955 -99 -99 -99 -0.861445682823319 1.43927742657412 -99 -99 -99
-99 -99 -99 1.61508777701348 -99 -99 0.69461118737397 -99 -99 -99
3.53955091204423 2.00170901517006 -99 -99 0.933452782041165 -99 -99 -99 1.61313364439948 -99
-99 1.82348440435103 1.71455776464714 -99 1.01654861018585 -99 -99 1.60411545145884 1.34529472322173 -99
-99 -1.29347447356966 -99 -99 0.467026038462312 -99 -99 -0.207610806715928 -99 1.05833945971739
-99 -99 -99 -99 0.449528006197047 -0.530765149299712 -99 1.78938110253777 -0.0300716088222199 -99
-99 -99 -99 -99 -2.34928402507312 -1.60099551975857 -99 0.1811110650333 -99 -99
-99 0.562639002994973 -99 1.80008090324162 0.221053310381031 -99 -99 -99 -99 -99
-99 4.17059458380729 -99 -0.846122406358436 -99 -99 -99 -99 -99 0.466572745068984
-99 -99 -99 -99 2.24754691907076 1.07360118701326 -99 -0.569705933604398 -99 -99
-99 0.531277432349378 -99 -99 -99 0.261978462812183 -99 -99 -99 0.267221893098064
-99 0.329589092413346 -99 0.197874185771439 -0.487912895167164 -99 -99 -99 -99 -99
-99 1.81063219546865 -99 -99 -99 -99 0.588053032037031 0.733166886067668 -99 -99
-99 -0.671780710995455 -99 -99 1.03879843694138 -99 0.27324647530191 -99 1.36907753705239 -99
-99 -99 -99 2.36566351686743 -99 -99 1.43645257300506 -99 -99 -99
-99 -99 -99 -99 -99 -99 -99 -1.50110998866898 -99 -99
-99 -99 -99 1.99670741700216 -99 -99 -99 1.73373973424506 -0.130739341545469 -0.870032680808207
-99 -99 -99 -99 -99 -99 0.566744211975835 -99 -99 -99
-99 -99 -99 -99 -99 1.3588546053806 -99 -99 1.72931896326795 -99
-99 -99 -99 -99 -99 -99 -99 1.80985812688325 -99 -99
-0.088174520392214 1.80867042374321 -99 -99 1.96952442470896 -99 -99 -99 2.12734654705941 -99
-99 -99 -99 -99 0.927331462652745 -99 -0.277523760037405 -99 -99 0.0403012087115984
-99 -99 -99 -99 0.182552230429782 -99 0.356071221131089 1.55804665014087 0.756155263006625 -99
1.06612276264769 -99 -99 -99 -99 -99 -99 -99 -99 -99
0.793221197376861 3.79754839136584 0.996941489104685 -99 -99 -99 -99 -99 -99 1.86086890981627
-99 -99 -99 -99 -99 -0.930741453651181 -99 -99 -99 -99
-99 -0.368450784706553 -99 -99 -99 -99 -99 0.630587758877369 -99 -99
-99 -99 -99 -99 -99 -99 0.550891535653938 -99 -99 -99
-0.0101564219240895 -99 -99 -99 0.325832679888654 -99 -99 -99 2.18819305456517 -99
-99 -99 -99 -99 -99 -99 -99 -99 -99 -99
-99 -99 3.28636183344503 3.46836609751574 1.62971526284384 -99 -99 -99 -99 1.02672278197483
-99 -99 -99 0.441086657100247 -99 1.74110811767546 -99 -99 -99 -99
-99 -99 -99 -99 -99 -99 2.18798628565957 3.34887956921107 2.79058497732429 -99
-99 -99 1.43153269779368 -99 -99 -99 -99 -99 0.340254448526768 0.334804899091846
-99 0.534231036409905 -0.116511858211351 2.38785682882439 -99 -99 -99 1.54379789529953 -99 -99
-99 -0.780995399006451 -99 0.125686672506561 -99 1.49945005101612 0.291271272080752 -99 -99 -99
-99 -99 -1.19312314194736 -99 -99 0.967010066304268 -99 -99 -99 -99
1.01613776599171 -99 -99 0.759548995265024 0.192415674899597 -1.17391672591542 -99 -99 -99 1.55809322731624
-99 -99 -99 -99 -0.061679651098705 -99 -0.771265238916044 -99 -99 -99
-99 -99 -99 -99 -99 -99 -99 -99 -99 -0.898741339028627
-99 -99 -99 -99 -99 -99 -99 -99 -0.426046640795137 -99
-99 -99 -99 0.743754634101635 -0.656521360280641 0.319268782503186 -0.697423854817695 -99 -99 -99
-99 0.406503044297443 -99 0.660104217486067 -99 -99 -99 0.759878043424115 0.642103129534895 -99
-99 0.312819535363778 -99 1.31743614790927 -99 -99 -99 3.54434534547002 -99 -99
-1.06844831061836 -99 -99 -99 -99 -99 -99 -0.242016970022736 -99 -99
1.52621805158314 4.05477372702282 -99 0.334821950901355 -99 -99 1.82690767262805 2.56826818303727 -99 2.09773065981858
-99 -99 -99 -99 -99 -0.714987713577284 -99 -99 -99 -99
-99 -99 -99 -99 -99 -99 1.18698483708241 -0.515492166049389 -99 -1.57675530523505
-99 -99 -99 0.0174628711953076 -99 -99 -99 -99 -99 -99
-99 2.31573151488569 -99 -99 -99 -99 -99 -99 2.81809854448602 -99
-99 -99 -99 0.00627366769097637 -99 -0.00688267979119961 2.56593940006918 -1.15723069326316 -99 -99
0.249401658532455 -99 -99 0.401052931410059 -99 -99 -99 -99 -99 1.45075513053125
-99 1.90903241246343 -99 -99 1.43850146823496 -99 -99 -99 -99 2.40165611041464
-99 -99 -99 -99 -99 -1.83372198866346 -99 -99 -0.981543704382585 0.225329204458658
2.08251541203878 -99 3.26700732393313 0.698897367954121 -99 -99 -99 1.4929377295533 -99 2.40093163899367
1.25641117040749 -99 1.7909536070434 -99 -99 -99 1.29230547075714 -99 -99 1.12162960362924
-99 2.28764295982443 -99 2.57422731600635 -99 -99 -99 4.33459041357124 -99 -99
-99 -99 -99 -99 -99 -99 -99 -99 2.52529202974858 -99
-99 1.27460663912904 -99 -99 -0.584109737846609 -99 -99 0.0879795412106492 -99 -99
-99 -99 -99 3.35928386652971 0.811680600729336 -99 -99 0.741993097572433 -99 -99
-99 -0.934570825131553 -99 -99 -99 -99 -99 -99 -99 -99
-99 -99 -99 -99 -99 -99 -99 -99 -99 1.45342429123658
2.27034636424813 -99 -99 -99 1.68754210149012 -99 -99 -99 2.26331681378926 -99
-99 -0.878681305464887 -99 -1.26411011888864 -99 -99 1.47328620740462 -99 -99 -99
-99 -99 -99 -99 -99 -99 -99 -99 -99 2.57570793611859
-99 -99 0.121080295746064 0.909865910979711 -99 2.57841514506749 1.96465938647433 2.11143655826407 -99 -99
-99 -99 -99 -99 -99 1.92830908317993 0.631271980292094 2.06893016079023 -99 -99
0.509722450410379 2.72509220949842 -99 -99 -99 2.1297703061008 -99 -99 3.39907504830648 -99
1.20954578488705 -99 0.660996746856629 -99 -99 -99 -99 -99 -0.173834114262669 0.144547758421944
-99 -99 -99 -99 -99 0.454121612350504 -99 -99 -99 1.73215763059701
-99 1.18882968380546 2.10360786326492 -99 -99 -99 -99 -99 -99 0.446429593650705
-1.52828784767322 -99 -99 -99 -0.862411302566071 -99 -99 -99 -99 -99
-99 -1.41860578888794 -99 -99 -99 -99 -99 -99 -99 -99
1.00964254274197 -99 -0.482505411328352 0.0301345044957184 -0.255820060570288 -99 -99 -99 -99 -99
-99 -99 0.0328403461428294 -99 -0.767868463999111 -99 -99 -99 -0.708062094817976 -99
-99 0.713999798486197 -99 -0.696181737055837 -99 1.50998371350283 -99 -99 -99 -99
-99 -99 -99 3.48610128473385 -99 -99 -99 -99 -99 -99
-99 -99 -0.149686594264526 -99 -99 -99 -99 1.24630676621896 -99 0.328728796901107
2.65693766303106 -99 -99 -99 -99 0.68341510133349 -99 -99 -99 2.03208545097053
-99 0.855993235534255 -99 -99 -99 -0.208542979676088 -99 -99 -99 -99
-99 -99 -99 -99 -99 -99 -99 -99 -99 -99
-99 -99 1.9384647638005 -99 -99 -99 -99 -99 1.42049637461124 -99
-99 -99 -99 -99 3.34784788733115 -99 -99 -99 -99 0.876893240471425
-99 1.56555981318602 1.88323736001239 -99 2.34134334967832 -99 3.03927953360501 -99 0.556503268963106 0.928651648926567
-99 -99 -99 -99 1.7506886338693 -99 1.39607273739171 0.438109426469246 -99 -99
-99 -99 -99 1.33121261178012 -99 -99 -99 1.72879925376932 -99 -99
-99 -99 -99 1.02881458448377 -99 3.62311395661395 -99 -99 -99 3.4581025376833
1.95506255450444 1.31031279288048 -99 1.02784159497533 -99 -99 -99 -0.0959297658899583 2.64639479562426 -99
-99 -99 -99 -99 -99 -99 -99 1.86044359155625 0.301808663823011 -99
-99 -99 -99 -99 -99 1.59825083539174 -99 -99 -0.324403842904799 -99
1.42845571681672 -99 -99 2.43106846393292 0.373729619621854 -99 -99 -99 -99 0.253045091297485
-1.45771759329193 -0.381154588206787 -0.125480908201033 -99 -99 -99 -99 -99 -99 -99
0.417351977094867 -99 -99 0.943168375332927 -99 -99 -99 -99 -99 -99
-99 -99 -99 -1.52118755652954 -0.476799339914207 -99 -99 -99 -99 -99
-99 -99 1.97839522868415 -99 -99 -99 -99 -99 -99 -99
-99 -99 -99 -99 -99 0.125586607316474 0.808014150894546 -99 0.0103803432712728 -99
-99 -99 -99 -99 -99 -99 -99 -0.72622729901768 -99 -99
-99 -99 -99 -99 -99 -99 -99 -1.46154761501204 -99 -99
-99 1.17559921153255 0.194672770451121 -99 -99 1.19240862233906 -99 -99 -99 -99
-99 1.68577041421403 2.24999415444052 -99 -99 0.18530043258986 1.63772425749469 1.52432507263182 1.96311156727295 -99
-99 -99 -99 -99 -99 -99 -99 -99 -99 -99
-99 -99 -99 -99 -99 -99 -99 -99 -99 -99
-99 -99 -99 4.79163215297755 -99 -99 -99 0.298320295704831 2.50869599295395 -99
-99 1.58805182403894 -99 1.33823424793038 -99 -99 -99 3.15620793490732 -99 -99
-99 -99 -99 -99 0.830653746184618 -99 -99 -99 -99 -1.39144162869236
-99 -99 -99 2.79871488789623 -99 2.68023482796998 -99 -99 3.6691101268824 -99
-99 -99 -99 -99 -99 0.870044625695374 -99 -99 -99 -99
1.29911924963029 1.41084952939207 -99 -99 1.01047380510217 0.0248153072105805 -99 -99 -99 -99
-99 -99 -99 1.84631412369865 -99 2.20420641598404 0.447516259071645 -99 -99 1.89990465252366
0.231445494760545 -99 1.1747832259412 -99 -1.0324065739914 -99 -99 -99 -99 -99
-99 -99 3.85915410540952 -99 -99 -99 -99 1.23598441432659 -99 -99
-99 1.5239702702668 1.97014991418179 -99 2.10878596322275 -99 1.11249814623075 -99 -0.0751271667972115 -99
-99 1.12040385565254 -99 -99 -99 -99 -99 2.11367423980685 2.07409144563257 -99
-99 -99 1.32545863211665 -99 1.1404171011985 -99 -99 -99 2.28713276870293 -99
1.45042610518922 -99 -99 -99 -99 0.375178218858584 -99 -99 1.07920435446207 -99
-1.76738372563229 0.996069966836126 -0.642852082397032 -99 -99 -99 -99 -0.618944676266011 -99 0.124265045611388
0.991020481710944 -99 -99 -99 -99 -99 -99 -99 -99 -99
-99 1.29899375816834 -99 -99 -99 -99 -99 -99 -99 -99
2.12872828054134 -99 1.16839117954917 1.48120452382565 1.98039964553919 -99 -99 -99 2.97088135537428 -99
-99 -99 -99 -99 -99 -99 0.602973634530898 1.24003491269195 -0.0919976737420427 -99
1.13372390366706 -99 -99 -99 -99 -99 -99 -99 -99 -99
-99 -99 0.998009397359421 -99 1.74716455243461 -99 -99 -99 0.219672401845065 -99
-99 -0.00151688792764104 -0.618011981829247 -99 -99 -99 -99 -99 -99 -99
-99 -99 -99 -99 0.107470728161461 -99 -0.791475838768144 -99 -99 -99
0.81732631220123 -99 -99 -0.446448991516232 -1.90168673277533 -99 -99 -99 -99 -99
-99 -1.65628500457605 -0.801336897777416 -99 -0.542966684127809 -99 -1.6575194735925 -99 -99 0.238661489716106
-99 -0.10770237547114 -99 -99 0.668009063655506 -0.523649083729702 -99 -99 -99 1.02293460773946
-99 -99 -99 -99 -99 -99 -99 -99 -99 -99
-99 -99 -99 1.87160603480357 -99 -99 -99 0.325810043610613 -99 -99
-99 -99 -0.194162037081912 -99 -99 0.487461615206903 1.28808479001715 -99 -99 -99
2.18229122677722 -99 -99 2.96865654437797 -99 3.42146431790234 -99 -99 -99 -99
-99 -0.353205844596894 0.333997803886662 -99 -99 -99 -99 0.863469368714227 -1.65520025352645 -99
-99 -99 2.35309666324829 -99 -0.802565429764281 -99 -99 -99 -99 -99
-99 -99 -99 -99 -99 -99 -99 -99 -99 0.798914676595267
-99 -99 -99 -99 -99 -99 -99 -99 -1.43717339903345 -99
-99 -99 -99 -99 -99 -99 -99 -99 -99 -99
-99 -99 0.978342307399085 -99 -99 3.80789846009315 0.662586947629342 -99 -99 -99
-99 -1.36052226288303 -0.59750580879966 -99 -99 -99 0.109127565175768 -99 -99 -99
0.281345853987751 -99 -99 -99 2.01510360529438 -99 -99 -99 -99 1.29239328100893
-0.026145666790796 -99 -99 -99 -99 1.67757596750839 -99 -99 -99 -99
-1.10273260949697 -99 1.61906196252966 -0.952573277694485 -99 -0.739488135248372 -99 -99 -99 -99
-99 -99 -99 -99 -99 1.24685786811066 -99 -99 -99 -0.886466731678921
-99 -99 -99 -99 -99 -99 -99 -99 -99 -99
-99 -99 -99 -99 -99 -99 3.75556632469456 -99 3.12994942608632 -99
-99 -99 -99 -1.22203291999832 -2.81880020054847 -99 -99 -99 -1.6861903578287 -99
-99 -99 -99 -0.81518361487703 -99 -99 0.021494175789225 -0.604757461733499 -99 -99
-99 -99 -99 -99 -99 -99 -99 -0.146882318696747 -99 -99
-99 -99 0.883218415032337 0.458290072739396 -99 -99 1.12621793057045 -99 0.511013094332653 -99
-99 -99 -99 -99 -99 -99 -99 -99 -99 -99
-99 -99 -99 -1.1474203402257 -99 0.637631818602741 -99 -99 -99 -99
-99 -99 -99 -99 -99 1.62770716944902 -99 -99 -99 -99
1.04968960734406 2.50309317470674 -99 -99 -99 -99 -99 -99 -99 -99
-1.0047179870086 -99 -99 0.142044960472366 -99 -99 -99 -99 -99 -99
-99 1.95210458535637 -99 -99 -99 -99 -99 -99 3.01496415227112 -99
-99 1.66350532770004 -99 2.70529088746715 -99 3.11657357283957 -99 -99 -99 3.65074850294723
-0.639941502100705 -0.284745731380205 -99 -1.68373328513318 -1.50424739326512 -1.03365003707008 -99 -99 -99 -99
-99 -99 -99 0.80180939197565 -99 -99 -99 -99 -99 -99
-99 -99 -99 1.40807224396748 -99 -99 -99 -99 -99 -99
1.20096075566924 -99 0.0989749084089731 -99 -99 -99 -99 0.968701324712666 2.47817269952461 -99
-99 -99 -99 2.10672253317464 -99 -99 -99 -99 -99 -99
-99 -99 -99 -99 -99 -99 -99 -99 -99 -99
-99 -99 -99 -99 -0.904310489393024 -99 -99 -99 -99 0.083597963958977
-99 2.81322335595615 -99 -99 -99 3.3521377860699 0.902179460294493 -99 -99 -99
1.33179037580914 -99 -99 -0.73260630349104 -0.736400874906734 -99 -99 -99 -0.64920714306419 -99
-99 -99 3.19126415197243 -99 1.41246188309197 -99 -99 -99 -99 -99
-99 -99 -0.2713541709271 -99 -99 -99 -99 -99 -99 3.03317293649722
-99 -99 -99 -99 -99 -0.0513139705739569 -99 -99 -99 -0.266714104711973
-99 -99 -99 -99 -99 -99 -99 -99 0.0480596957905456 -99
-99 -99 -99 0.730727460256345 -99 -99 -99 1.57371588042825 1.06663293473363 -99
1.13353659487893 -99 -99 -99 -99 -99 1.13886146443475 -99 -99 2.39857148535915
-99 -99 -99 -99 -99 -99 -99 1.60876106407313 -99 -99
2.84880840064604 -99 -99 -99 -99 3.3573693552369 3.39310590486385 -99 1.05118471991005 2.73754725406419
-99 -0.496858029373608 -99 -99 -99 -99 -99 -99 0.390804562403052 -99
2.89120853608923 -99 -99 -99 3.94196722017799 -99 -99 -99 1.72475021584874 -99
-99 -99 -99 2.00631690742111 -99 -99 -99 -99 -99 -99
-99 -99 -99 -99 -99 1.20768030889014 -99 1.61461840534479 -99 -99
-99 -99 -99 -99 0.51971896229983 1.02693454397498 -99 -99 -99 -99
-99 -99 -99 -99 -99 -99 -99 0.52303103671099 0.151797346457619 -99
-99 -0.969070690080195 -1.47971457338256 -99 -0.420441139027026 -1.86741780751724 -99 -99 -99 -99
-99 2.50672136322763 -99 -99 -99 -99 -99 -99 2.43608863952164 3.43914548841642
-0.365663342387531 -99 -99 -1.08568235456487 -99 -99 -0.0104521590093889 -99 -99 -99
-0.180985987861247 -99 2.27894006305026 -99 -99 0.260974503877544 2.14474105036286 -99 -99 -99
-99 -99 -99 -99 0.0315234443146295 -99 -99 -99 -99 -99
-0.879973211686014 -99 -99 -99 -99 -99 -1.31545127653483 -99 -0.774796012752406 -99
-99 -99 1.45705433501343 -99 -99 -99 -99 -99 -99 -99
-99 2.56775660855317 -99 -0.701410979744472 2.11095039911402 -99 -99 0.90799933676214 -99 -99
-99 -99 -99 -99 -99 1.80624313873502 -99 -99 -99 1.49782286838884
-99 -99 0.0690671121131781 -99 -99 -99 -99 1.1312215761927 -99 0.986485292604157
1.30101169455258 3.75003723198669 -99 -99 2.77199614997252 1.16445068169765 1.6529076424643 -99 -99 -99
-99 -99 0.759684491045543 -99 -99 -99 -99 -99 1.90233213630537 -99
3.60274106505806 0.716292708480684 -99 2.33333294147219 -99 -99 -99 -99 -99 -99
-99 1.78231887302768 -99 -99 0.160676431260384 -1.45320640382328 -99 -99 -99 -99
-99 -99 -99 2.46288773425352 2.32272211010951 4.16861152467187 -99 -99 1.95304474678259 -99
-99 3.27015898247096 -99 -99 -99 -99 -99 -99 -99 2.53935022826165
-99 -1.28753915388775 0.566913120378374 -99 -99 -99 -99 -99 -99 -99
-99 -99 -99 1.74777859594514 -0.314424231142892 -99 -99 0.872128701438507 -99 -99
2.26828138542176 -99 0.603174727146104 1.4992474474046 -99 -99 -99 -99 -99 0.514492369751274
-99 -99 -0.0910881668368153 -99 -99 -99 -0.436649714229098 -99 -99 -99
-99 -99 -99 3.77932642677892 -99 -99 -99 -99 -99 3.37289371455471
-2.81888941528025 -0.533271590330325 -0.341786746872281 -99 -99 -99 -99 -2.1307818664941 -99 -99
-99 2.58816816536717 1.20590830586588 -99 1.07593561027708 -99 -99 -99 -99 0.346548110990816
-99 0.326140012757743 -99 0.557330479047661 -99 -99 -1.39543213854099 -99 -99 -99
2.51867095281925 1.05383655406019 2.00936789858668 -99 2.79678494068061 -99 -99 -99 -99 -99
2.18765352974101 -99 -99 -99 -99 -99 -99 -99 -99 2.74905337683759
-99 -99 0.517331915105953 -99 -99 -99 -99 -99 -99 -99
1.8763923864742 -99 -99 -99 -99 2.03494293886788 -99 -99 -99 -99
-99 0.0536003532175419 -99 -0.882469923515312 -99 -99 -99 -0.284223576167167 -99 -99
-99 -99 -0.0580299605810413 -99 -99 0.558112465804613 -99 0.269784430329574 1.17479088669013 -99
2.15388045075696 -99 -99 -99 -99 -99 1.14881499847379 -99 0.986894363277662 -99
-99 -99 -99 -99 2.37356016437434 0.476710137097446 -99 -99 -99 0.852470583046188
-99 -99 -99 -99 -99 -99 2.66591595644924 3.68586150706696 -99 -99
-2.20201118402603 -99 -99 -99 -99 -99 -99 -99 -99 -99
-99 -99 -99 1.35679388844024 -99 -99 -99 -99 -99 0.954373807784311
-99 1.89471083420823 -99 -99 -99 -99 -99 -1.82059538193774 -99 -0.301502496456176
-99 -99 -99 -0.361545462532692 -99 -99 -99 -99 -99 -0.312321740506182
-99 -99 -99 2.8444778248654 -99 2.70621106695804 -99 -99 -99 -99
-99 1.75428384646008 1.86265970882861 2.17312514298051 -99 -99 3.35433699350059 -99 -99 -99
-99 -99 -99 -99 -99 -99 0.679431842737886 -99 -99 -99
-99 -0.235863745103458 -99 -99 -99 -99 -99 -99 -99 -99
-99 1.5688401120947 -99 -99 -99 -99 -99 -99 -99 -99
-99 -99 -99 -99 1.74187162085989 -99 -99 1.61930845399992 -99 -99
-1.24046183239423 -99 -99 -3.20993104108559 -0.328232430944613 -99 -1.63102925528918 -99 -99 -99
-99 -99 -99 -99 -99 -99 -99 -99 0.75613268714231 0.509587688508121
2.71909818951734 2.82753478982469 -0.905118358772498 -99 1.72804881409699 0.880585044708374 -99 -99 -99 2.69883773815544
-99 -99 -0.722559296873889 1.27441201230291 1.39887672770028 1.64397972065729 -99 -99 -99 -99
-0.675526169592094 -99 1.1024956604597 -99 0.778964659124509 -99 -99 0.241280593025519 -99 -99
-99 -99 -99 -99 0.347138224684594 -99 -99 -99 -99 -99
-99 -99 -99 -99 -99 -99 -0.495448286496422 -99 -99 -99
-99 1.2034038842305 -99 -99 -99 -99 -99 -99 -99 -99
-99 -99 -99 -99 0.132314856327514 -99 -99 -99 -99 -99
-99 0.514793573699911 -99 -99 0.171916810228929 -99 -99 -99 -99 -99
-99 -99 -99 -99 -99 -0.148753133008043 -99 -99 -99 -99
-1.75244218158758 -99 -99 -2.43010343697595 -99 -99 -99 -99 -99 -99
-99 0.788626942132889 -99 -99 -99 -99 1.60889345388654 3.32681855331094 -99 2.64991609532407
-99 -99 -99 -99 -2.06254100805628 -0.808464146248655 -99 -1.33782099370342 -99 -99
-99 -99 -99 -99 -99 -99 0.928291175270599 -99 -99 -99
-99 -99 1.29583765267485 -99 -99 1.55063553914899 0.357701245037712 1.21616865359789 -99 -99
1.81655143844729 -99 -99 -99 -99 -99 -99 -99 1.56285421404798 -99
-99 -99 -99 -99 -99 0.0554488428561997 -0.702189223369945 -99 -99 -99
0.116848714581489 -99 -99 -99 -99 1.93368667980884 0.0428948707286124 -0.736719523964203 2.35224703527804 -99
3.72487683343759 1.83373809121586 1.55720674193685 -99 -99 1.74370100259472 -99 3.38026939172304 -99 -99
-99 -99 -99 -99 -99 -99 -99 2.60908087109116 -99 -99
-99 -99 -99 -99 -99 -99 -99 -99 -0.47585148259449 -99
-99 -99 -99 5.11888236910655 -99 -99 4.35131714254506 -99 -99 -99
2.42020673179134 -99 -99 -99 -99 -99 -99 -99 -99 -99
-99 -99 1.62704916064182 -99 -99 -99 -99 2.64495114484575 -99 1.17002248579151
-99 -99 0.240703192452821 -99 -99 -99 -99 -99 -0.48715088546099 -1.00477634154731
-99 -99 -99 -99 -99 -99 2.45578444952657 0.676963636472279 -99 1.16223916257822
-99 -99 -99 -99 1.23195756026792 4.55647286389551 1.02498209234286 3.40273779538218 -99 -99
2.2184169192202 -99 -99 -99 -99 1.94678702861494 -99 -99 0.363870634777032 -99
-99 -99 -99 -99 -99 1.14750815966966 -99 -99 -99 0.458088084722448
-99 -99 -99 -99 -0.769396699495902 -99 -99 -99 1.40968906029236 -99
1.33509046283846 -99 -99 -99 -99 -99 -99 -99 -99 3.00721032876844
1.08194311657746 -99 -99 -99 -99 2.3244012141359 -99 -99 -99 -99
-99 -99 -99 -99 -99 -99 -99 -99 -99 0.98565593735956
1.06381398118688 -99 -99 0.869821285733255 -99 0.563782927236118 -99 -99 -1.81887560168296 -99
-99 -99 -99 -1.18147034160638 -99 0.909413897215053 2.53116376428796 1.42262724938706 0.352224712125156 1.42890613207191
-99 -99 -99 -99 -99 -99 -99 -99 -99 1.1096932666343
-99 2.6349327929498 -99 2.04026475240816 -99 -99 -99 -99 -99 -99
2.31558858800359 -99 -99 -99 2.30305917999045 -99 -99 -99 -99 -99
-99 -99 -99 -99 0.6495013457242 -99 -99 -99 -99 -99
1.91043472198885 -0.301699675861623 -99 -99 -99 2.27752642043637 -99 -99 1.48806702606158 -99
-99 -99 -99 -99 1.05424267033927 -99 -1.60487319504165 0.343346599792481 -99 -99
3.79660937276703 2.64335071736377 -99 4.02171290859015 -99 -99 -99 -99 -99 -99
-99 -99 -99 1.62556048263363 -0.182075205760327 -99 -99 0.445023952081608 -99 -99
-99 -99 -99 -99 -99 0.501050634575717 -99 -0.229344444063978 -99 -99
-99 -0.603602892446382 0.333234322264052 -99 -99 -99 -99 1.21962319659545 -99 -99
-99 -99 -99 -0.668756581773114 -0.776730759270776 -99 -99 -99 -99 -99
0.600326581086062 -99 1.23169137990901 -99 -99 -99 -99 0.949420769859022 0.970231914830339 -99
-99 -99 5.01365110718071 -99 -99 0.973082202430793 -99 -99 -99 -99
-99 0.0671333394884022 -99 -99 -99 -99 -99 -99 -99 -1.55804907316537
-99 -99 -99 -99 -99 -99 -99 -99 -99 1.90543500968668
4.51660800676648 -99 -99 -99 -99 -99 -99 -99 -99 -99
-99 -0.411929327711646 -99 1.79668303633496 -99 2.36374431555491 0.5957881800214 1.89948387538233 2.23253244882106 1.85672385136092
2.56358796101217 -99 2.26918924897019 -99 -99 1.78264720588503 -99 -99 1.20687842079064 -99
-99 1.47826085857512 -99 -99 -99 -99 -99 -99 -99 -99
-99 -99 -99 0.733866866434289 -99 -99 -99 -99 -99 -99
-0.626423039189972 -99 -99 -99 -0.504525402988268 -99 -99 -99 0.488229676005753 -99
-99 1.25462874454862 -99 -99 1.10196936826341 -99 -99 -99 -99 -99
-99 -99 -99 -99 -99 -99 1.18604440485927 -99 -99 -99
-99 -99 -99 -1.23021074113364 -99 -99 -99 -99 -99 -99
1.17709640962646 -99 -99 -99 0.717273961721701 0.908256958836069 -99 -1.0657141504947 -99 -99
-99 -0.484745929685211 -99 -99 -1.42694630519858 -99 -1.68323085935632 -99 -99 -1.18845064393995
-99 2.23973027295274 -99 0.882998892616037 -99 -0.206036673624959 1.90816398594605 -99 0.984112127224922 2.95142251705011
-99 -99 -0.0256585850102282 -99 -99 -99 -99 -99 -99 1.57917154637167
-99 -99 -99 -99 -99 -99 -99 -99 -99 -99
-99 1.58447681999674 -99 -99 -99 -99 -99 -99 -99 0.516716445729767
-99 -99 3.66910194011721 2.70619718933141 -99 -99 4.52285313217232 -99 5.65844364582241 2.9796981733099
2.02083635450566 2.92862805194212 1.55944135548006 2.98321634581739 -99 -99 -99 1.36284044827502 -99 1.21139091153257
-99 -99 -99 -99 -99 -99 -99 -99 -99 2.32543115023089
-99 -99 -99 -99 -99 1.53333843067632 -99 2.84343072398291 -99 2.47898573988109
-99 -99 1.42202861174934 -99 -99 -99 -99 -99 -99 -99
-99 -99 -99 -0.125506919825338 -99 -0.647999504239628 -99 -99 -99 -99
1.32417029791977 -99 0.173481862937721 -99 -99 0.0866646240372519 -99 0.57213837188776 -99 -99
-99 -99 -99 -99 -99 -99 -99 -99 -99 0.855500761032699
2.91491975025732 -99 -99 -99 -99 1.228282265765 -99 -99 -99 -99
-99 -99 -99 0.930004775182078 -1.46198031619841 0.959994298361899 -99 -0.523565741504601 -99 -99
-99 -99 0.712716197283969 -99 0.894478037153395 -99 -99 -99 -99 -99
-99 -99 -99 -99 -99 -99 -99 -99 -99 -99
-99 -99 1.0711635337664 -99 -99 -99 -99 -99 -99 -99
1.96009178589577 -99 2.98429327155318 2.51164648663187 -99 -99 -99 2.11337582136024 -99 -99
-99 2.33662354628401 -99 -99 -99 0.440948769930078 -99 2.42130777365013 -99 -99
1.79139367167658 -99 -99 1.27842447103798 1.51179073736288 -99 -99 -0.983956224871369 -99 -99
-99 -99 -99 -99 -1.72768911413923 -99 -0.338135133316861 -2.46553373023503 0.387734482860887 -99
-99 -99 -99 -99 -99 -99 -99 -99 -99 -99
-99 -99 -99 -99 -99 -99 -99 2.73207513073501 -99 3.3363998657481
-99 -99 1.06746528176787 -99 -99 -0.316921866286836 -99 -99 -99 -99
-99 0.977622787451941 -99 -0.511298597460345 -99 -99 -99 -99 -99 -99
-99 -99 -99 -99 -99 -99 -99 0.34344328444253 -99 -99
-99 -99 -2.70177126583379 -1.47020817170425 -99 -2.64881867115824 -99 -3.19168848266117 -99 -99
-99 -99 -99 -0.462205896596848 -99 -0.569002849626233 1.09404411041902 -99 -99 -99
1.67308368412523 -99 -99 -99 -99 -99 -99 -99 -99 -99
-99 -99 -99 -99 -99 -99 -99 -99 -99 2.06378196777519
1.58440963218926 -99 0.463395768602822 -99 -99 -99 -99 -1.65550274907225 0.0708520413768526 0.786340524166541
1.01505910335455 -99 -99 -99 -99 -99 -99 -99 -99 0.865871364015389
3.11605061373101 -99 -99 -99 -99 4.76161526227455 2.85462157790615 -99 -99 -99
-99 -99 -99 -99 -99 1.56865232674098 -99 -99 -99 -99
-99 0.301951774877753 -99 -99 -99 1.65514282059193 -1.05769697698532 -99 1.17660754651092 -99
-99 1.2730567334224 -99 0.496257009713615 -99 0.960247199838334 2.00136777572325 0.812468160416769 -99 -99
-99 2.43913451093181 -99 -99 -99 -99 -99 -99 -99 -99
3.5712682585607 -99 1.36220823616573 -99 -99 -99 0.943937606233926 -99 -99 0.581172882230965
1.40760409340746 1.05362081149272 -99 -99 -99 -99 -99 -99 -99 -99
-99 3.74925043748344 -99 -99 -99 -99 -99 -99 -99 -99
-99 -99 -99 -99 -99 -99 -99 -99 -99 -99
-99 -99 -99 -99 -99 -99 -0.143113348605805 0.820906152497878 -99 -99
-99 -99 -99 -99 -99 -99 -99 -99 -99 -99
2.45697553163167 -99 -99 -99 -99 -99 3.42582934407445 3.15167166498965 -99 2.6088466390512
-99 -99 -99 -99 -99 -99 -99 -99 -99 -99
-99 -99 -99 -99 -0.449201813951727 -1.24696312164965 -99 -99 -99 -99
-99 -99 -99 -99 -99 0.950377024665045 -0.376052035558051 -99 -99 1.55391687192979
-99 -99 1.93844764917409 2.90859889929333 3.02288915202163 -99 -99 2.71838607035508 -99 -99
-99 -99 -0.206792224142526 1.51642084029607 -99 -99 -99 -99 -99 -99
-99 -99 -99 -0.00939173284082928 -99 -99 -99 -99 -99 2.57882315393139
2.08250093188502 -99 -99 -99 -99 2.47747033623909 -99 2.4630613744703 -99 -99
1.36978013665007 -99 -99 -99 -99 0.424739846489123 -99 -99 -99 0.143963513870258
-99 -99 -99 -99 -0.443438069314635 -99 -99 -1.01372424880738 -0.681977894944983 -99
0.917407804798294 -99 -99 -99 -99 -99 -99 1.80674266984715 -0.235737429060506 2.13447797205965
0.530350291632443 -99 -99 -99 2.20640198712556 0.193335133720152 -99 -99 -99 -99
-99 -99 -99 -99 1.58561456325947 -99 -99 -99 -0.821310996794061 -99
-1.04586278856847 -99 -99 -99 -99 -99 -99 -99 -1.30110654478154 0.328729231178635
-99 -99 -99 -0.570019626037093 -99 -99 -99 -99 -99 -99
-99 -99 -99 -99 -99 -99 -99 -99 -99 -99
-99 -99 -99 -99 -99 1.42036979464259 -99 -99 -0.564441251936926 -99
-99 -99 -99 3.66302683523239 -99 -99 -99 -99 -99 -99
1.70536747011704 -99 0.678189406535389 -99 -99 -99 -0.0778230858219142 -99 1.80216274278488 -99
-99 -99 1.719666031786 -99 -99 -99 3.83667474861681 -99 1.85802380507245 -99
-99 -99 -0.928432104335065 -99 -99 -1.82323581820026 -99 -0.874457705229043 -99 -99
-99 -99 -99 -0.448042961702202 -99 -99 -99 -99 -99 -0.416952975683353
-99 -99 -99 -99 -99 -99 -99 -99 -99 0.935040181518763
-99 -99 -99 -99 -99 -99 -99 -99 -99 -99
-99 2.17608098859179 2.02823125455203 -99 -99 -99 -99 2.78182984875282 1.1772218986796 -99
-99 -99 -0.0620579766172096 -99 -0.625718764754583 -0.352708027462058 -99 0.506229275505855 0.0709674021712096 -99
-99 -0.762029534982639 -99 -0.653394873529507 -99 -99 -0.332794206612656 -99 -99 -99
-99 -99 -99 -99 2.12383661889023 -99 0.99122239886642 -99 -99 -99
-99 -99 2.71793810847716 -99 -99 0.700073171072549 -99 -99 -99 -99
0.40086461832206 -99 -99 -99 -99 -99 -99 -99 -0.0158204863791305 -99
-99 -99 -99 -99 -99 -99 -99 3.41424456987375 -99 2.48566003626804
-99 0.962938658514578 1.32262626660952 -99 -99 -99 -99 -99 -99 -99
-99 -99 -99 -99 -99 -99 -99 -99 -99 -1.779371246242
-99 -99 -99 -99 -99 -99 -99 -99 -99 -99
0.32484570503895 0.711371424587796 -99 -99 -99 -99 -99 -99 3.22480631482399 -99
1.79543146060832 -99 1.33048933271657 -99 -99 -99 -99 -99 -99 -99
1.02629126462378 1.99838095419275 0.603416276452737 -99 -99 -99 1.26486560463622 0.175060013880218 -99 0.231479727181005
-99 -99 -99 1.49133892068723 -99 1.3339296621986 -99 -99 -99 2.87230330663322
-99 -99 1.00082735734028 2.122213591889 -99 -99 1.9207286758146 1.35059094853901 0.636103115623231 -99
-99 -99 -99 -99 0.0267332137604731 -99 -99 -1.02704236960897 -99 -99
-99 -99 -99 -99 -0.637367240721737 1.49521621975557 -99 -99 -99 -99
-99 1.61368638410595 -99 1.78109487364256 -99 2.47388294577416 -99 -99 1.59093965025757 -99
-99 -99 2.67549540185523 -99 -99 -99 0.756010492664691 -99 -99 -99
-99 -99 -0.859764822879518 -99 1.68607964669995 -99 -99 0.825648779609074 -99 -99
0.148584032375978 -99 -99 -99 1.10972597124344 0.0215276033870514 -99 -99 -99 -99
-99 -99 -99 -99 -99 -0.314590480876263 -99 1.60552584511973 -99 -99
-2.36699838807349 -99 -99 -99 -99 -99 -99 -99 -99 -99
-99 -99 -99 -99 -99 -99 0.530405357602847 -99 -99 1.73634907346546
1.32347249505021 -99 2.41100793166894 -0.616080335699713 -99 -99 -99 -99 -99 -99
-99 0.236116357378249 -99 -99 -99 -99 -99 -99 0.394593218880565 -99
0.547389938503719 -0.0291075373405081 -99 -99 -99 -99 0.0600469006003123 -99 0.634157620984671 -99
-99 -99 -99 -99 -99 -99 -99 -99 -99 -99
-99 2.49905627657071 0.488518238543951 -99 2.24698330131039 1.97232498697528 -99 -99 -99 1.80791354483509
0.889070943978165 -99 -99 0.552665274377011 -99 -99 -99 1.59688443532406 -99 -99
-99 -99 -99 -0.0115934334023922 -99 -99 -99 -99 -99 -99
-99 -99 -99 -99 -99 -99 -99 -99 -99 -99
-99 -99 -99 -99 -99 -99 -99 -99 -99 -99
-99 -99 -99 -99 -99 -99 0.026649215026548 -99 0.818443928446086 0.471132515483385
-99 -99 -99 -99 -99 -99 -99 -99 -99 -0.263114208880262
-99 -99 -99 0.749349894715551 -99 -99 -99 -99 -0.00343026650957667 -99
2.93702278780803 -99 -99 -99 2.81227972214023 -99 -99 -99 -99 -99
1.46089615437329 -2.19585443147838 -99 -99 -99 -99 -99 -99 -99 -99
-99 -99 -99 -1.15273697815405 0.624947972850029 1.97474305446738 -0.110757088668422 -99 -99 -99
1.8826563570198 -99 -99 -99 -99 -99 -99 -99 -99 -99
0.528582421059426 -99 1.99790628132412 -99 -99 -99 -99 -99 -99 -99
-99 -99 -99 -99 -99 -99 1.55706283879201 -99 2.3770379347851 -99
-0.683038023025684 -99 -99 2.3995378131612 -99 -1.04883226055576 -99 -1.54905539542735 -99 -0.627938331366928
-99 3.89553359121025 -99 -99 3.36190030346716 -99 -99 1.4275172054408 -99 -99
1.99121609942905 -99 -99 -99 0.510968180108091 -99 1.22529627757341 -99 -0.460285655161943 0.255650561043783
-99 -99 0.930947933040153 2.36293445867298 -99 -99 -99 1.51169323417185 -0.273220888779071 -99
-99 2.19132095932073 -99 -99 -99 -99 -99 -99 -99 1.65366055341464
-99 -99 -99 -99 -99 -99 1.3113784849456 0.823504885019273 2.63767946517401 -99
-99 -99 1.61329721327272 -99 -99 -99 -99 -1.44651732809688 -99 -99
2.66173312784768 -99 -99 -99 3.48958962377936 -99 -99 -99 -99 -99
1.57141663300366 -99 0.507280090451096 0.867171767723205 1.37524130005575 -99 -99 -99 0.728243041515356 -99
-99 0.750006494404389 2.23936637887703 -99 -99 -99 1.93974935875129 -99 -99 -99
0.963265678851394 -99 2.77563576974331 3.66547159729651 -99 3.03693268516411 -99 -99 -99 -99
-99 -99 -99 -99 1.43597991521419 -99 -99 -99 1.52148661043545 -99
0.636752587444066 -99 -99 -0.669582150570101 -99 -99 -99 -99 -2.02750174206581 -99
-99 -99 2.1635099686981 1.67582550850549 -99 1.42350656576509 -99 -99 -99 -99
-99 1.44501294456515 -99 2.53607973134034 -99 4.33429933649214 -99 -99 -99 -99
-99 -99 -99 -99 -99 -99 4.09170832003781 -99 -99 -99
0.651881253771319 -99 2.87382754750732 -99 -99 -99 1.81351719176578 -99 -99 -99
1.08812427391451 -99 -99 0.691767807825166 -99 -99 -99 -99 -99 -99
0.77861550690489 -99 -99 -99 -99 -99 -99 -99 -0.163671187819536 -99
-99 -99 -99 -99 2.0194323293901 -99 -99 -0.0283232904387913 -99 -99
-2.70452208952146 -1.42584430306391 -99 -0.935270639566988 -99 -99 -99 -99 -99 -99
0.556075332944075 -99 -99 -99 -99 -99 -99 -99 1.8971632994586 -99
-99 -99 -99 -99 -99 -99 -99 -99 -99 -99
-99 2.81211317526589 -99 -99 -99 -99 -99 -99 0.948106946658383 -99
1.00082896567157 -99 -99 -99 -99 1.28662786773329 -99 -99 -99 -99
2.86094775004322 -0.437809647125279 -0.194614088796692 -99 -99 -99 0.855829154191855 -99 0.601535781764872 -99
-99 0.652035144325573 -99 -99 -99 -99 -99 -99 -99 -99
1.34563360929633 -99 -99 -99 -99 -99 -99 -0.0542472187508736 -99 -99
-99 -99 -99 -0.357632275380157 -99 0.931486389620205 -99 -99 1.76393859808393 -99
-99 -99 -99 -99 -99 -99 -99 -99 -99 -99
-99 -99 -99 -99 -99 -0.892174131891461 -99 -99 -99 -99
-99 -99 -99 -99 0.966952567615933 -99 1.30950645864642 -99 -99 -99
-99 -99 -99 4.34076030504862 -99 -99 -99 -99 -99 -99
-0.736067920975481 -1.68437471743785 -0.449291171163527 -99 -1.46795390776232 -99 -99 -99 -99 -99
0.428959554216088 0.747735271536389 -99 -99 -99 -99 2.4861056000857 -99 -99 -99
-99 -99 -99 -99 -99 1.00961127572745 1.18545052961252 1.0015932866246 -99 -99
-99 -99 -99 -99 -99 -99 -99 -99 -99 -99
-99 1.87416355129822 -99 -99 -99 -99 -99 -99 -99 -99
-99 1.96436576727664 -99 -99 -99 -99 0.822269753492493 -99 0.613219972879356 -99
-99 -99 -99 1.79741924049146 -99 -99 -99 0.240967888688437 -0.709062980571144 -0.484688541778149
-99 3.29585962720895 -99 -99 1.77039170491329 -99 -99 -99 -99 -99
1.55017353763736 0.665920809596853 -99 -99 -99 -99 2.45551698984674 -99 0.998968103361661 -99
-99 -99 -99 -99 -99 -99 -99 -99 2.56859522258852 0.634505746194914
-99 -99 1.29803056003825 -99 -99 -99 -99 -99 2.70923790429651 -99
-99 -99 -99 -99 0.672942823632548 -99 -99 -99 -99 -99
-99 -99 -99 -99 0.803988157072217 0.607696172047573 -99 0.265878906108062 1.09393901151419 1.69774475934709
-0.143583317070546 -99 1.25979422601916 1.82968086230792 -99 -99 -99 -99 -99 -99
-99 -99 -99 -99 -99 -99 1.25086566390791 -99 -99 -99
1.23521005441093 -99 -1.99016400831069 -99 -1.45669700911218 -99 -99 -99 -99 -99
1.10911030728191 -99 -99 0.966236870950821 1.55534069922709 -99 3.09372951280586 -99 -99 -99
-99 -99 -99 2.40957761965392 -99 2.37834846495141 -99 -99 -99 -99
0.424009623435723 -99 0.667277650261178 -99 -99 -99 -99 -99 -99 -0.758859159132087
-99 -99 -99 -99 -99 -99 -99 -99 -99 2.72787725877016
-99 -99 -99 -99 -99 -99 -99 -99 -99 -99
-99 -99 1.16889817291468 -99 -0.332620294668817 -99 -99 -99 -99 -99
-99 -1.74227722896024 -99 -0.85296300566021 -0.282285425142357 -99 -99 0.0169640084463525 -99 -99
-99 -99 -1.17262816642158 -0.476638404174083 -99 -99 -99 -99 -99 0.697826916637798
-99 -0.271988303308114 -99 -99 -99 -99 -99 1.10016062697211 -99 -99
-99 1.64089704394178 -99 -99 2.00302976958688 -99 -99 -99 -99 -99
-99 -99 -99 1.05124909615432 -99 0.21713142356071 -99 -99 1.50223216633442 1.64668552658909
-99 -99 2.19062063942038 -99 3.35178969186328 -99 -99 -0.0851654340204793 0.753537847743255 -99
-0.0344322596678428 -99 -99 -99 -99 -99 0.359617445654198 -99 1.22634219924357 1.10133675994213
-99 -99 2.57283129196932 -99 0.774259296995361 -99 -99 -99 2.53899202946457 -99
1.29446777189741 1.98701792636739 -99 -99 -99 -99 2.36152473381295 4.2300254710403 -99 -99
1.92855234440168 -99 -0.297386801977174 2.21511342110342 -99 0.700875373062777 -99 -99 0.0333086275865568 -99
-99 1.03111294806492 -99 -99 -99 0.631281323014055 -99 -99 -99 -99
1.18769603496319 -99 -99 -99 -99 -99 -99 3.18543508662993 3.85709919677896 -99
-99 1.54431436674689 -99 -99 -99 -1.17926541259719 -99 0.911736520447656 -99 -99
-99 -99 -99 -2.85865322609732 0.396577393824648 -2.21410923931501 0.318271807414132 -99 -99 -99
-0.816192117904745 -99 -99 0.117317152102503 -99 -0.922850145341191 -99 -0.584983057297234 -99 1.24127110625459
-99 -99 -99 -99 -99 -99 0.245221073419171 -99 -99 -1.43608431345578
-99 -99 -99 -99 -99 -99 -99 -99 -99 -99
0.454094554557191 0.773825876991193 -99 -99 -99 -99 -1.24275155998815 -99 1.23794000180807 -99
-99 -0.432053363481752 -0.414819132361595 -99 -99 -99 -99 -99 -99 -99
-99 -99 -99 -99 -99 -99 -99 -99 -99 -99
-99 -99 -1.50358626346843 -99 -99 -99 0.123541088767388 -99 0.185328148328451 -99
-99 -99 1.03414897037575 -99 -99 -99 -99 -99 -99 -99
-0.933069318006155 -99 -99 -99 -99 -1.62084091519523 0.986798040344951 -99 -99 -99
-99 -99 -0.551682590036175 -99 0.471941001735143 1.69346806161617 -99 0.579643091972419 -99 1.41929819590499
-99 -99 -99 -99 -99 0.0764920761678968 -99 0.407828011129104 -99 -99
-99 -99 -99 -99 -99 -99 -99 -0.00328645331088051 -99 -99
-1.57186640015649 -99 -99 -99 -99 -99 -99 0.26184294031859 -99 -99
-99 -99 -99 -99 2.32334833110482 -99 -99 -99 -99 -99
1.35714348938356 -99 -99 -0.729961341243268 -99 -0.232569457939775 -99 -99 -99 -99
-0.0519402058098646 -99 -99 -1.3199488021706 -99 -99 -99 -99 -0.488456711725302 -99
-99 1.48666431395893 0.702026168384509 0.39881183557961 -0.473316654896534 -99 1.02426157231863 -99 -99 -99
0.726556367183699 -99 -99 -99 -99 -99 -99 -0.661446978062988 -99 -99
1.99339836880866 -99 -99 1.90629532234095 -99 -99 -99 3.30463502054507 2.62246047453647 -99
-99 -99 -99 -2.73107967679491 -99 -2.42822095075334 -1.86805136785106 -99 -2.46887250749407 -1.18505477296791
-99 -99 -99 -99 -99 -99 -99 -99 -99 -99
-99 -99 -99 1.92520198388664 2.86287018386556 2.17196280299367 2.167811559234 -99 -99 2.70200192380783
-2.78971512818061 -99 -99 -99 -1.89110406294959 -99 -99 -99 -99 -99
0.203257113821492 -99 -99 -99 -99 -99 -99 1.68415603037779 0.194785995155278 -99
-99 -99 -99 -99 -99 -99 -99 2.15502503827538 -99 3.0268637061544
-99 -99 -99 -99 -99 -99 -99 -99 1.44577888472191 -99
-99 -99 -1.87397470793428 -99 -99 -99 -99 -99 -99 -99
-99 -99 -99 -99 -99 -99 -99 -99 2.04722387368705 -99
0.282334191305212 1.8445149941606 -0.283681341257246 -99 -99 1.17768931643351 -99 -99 -99 -99
-99 2.71843189487508 -99 1.96691680118617 -99 -0.206660821613478 2.0933866225775 -99 -99 -99
-0.270593684318981 -0.78465466006474 -99 -99 -99 -99 -99 -99 -99 -1.03119225385365
-99 1.40202259294964 -99 -99 1.0073497659918 -1.0153124311697 2.07153762011061 -99 -99 -99
-99 -99 -99 -99 -99 -99 -99 -99 -99 -99
-99 2.68038694015536 -99 -99 -99 -99 -99 -99 -99 -99
-99 -99 2.41342141752959 -99 0.664116909234475 -99 -99 -99 2.45992686543743 -99
-99 -99 -0.568537392567931 -99 1.31780505696339 -99 0.571883449760978 -99 -99 -2.46233720909023
-99 0.101536804773915 -99 0.15616389962902 -99 -0.17747419449811 -0.248627854113136 -99 -99 -99
-1.40506312911656 -99 -99 -99 -99 -99 -99 -99 -1.2654035493578 -99
-99 -99 -99 -99 -99 -99 -99 -99 -99 0.859422614033983
-99 -99 -99 -99 -99 -99 1.08461188427022 1.67306873677525 -0.249396127214138 0.569043995972551
-99 -1.28591937996338 -0.630603858809905 -99 -2.69781009403404 -99 -99 -99 -1.26096569828209 -99
-99 -99 -99 -99 -99 -99 0.24082328863248 -99 -99 -99
-99 -99 4.25602622100117 -99 -99 -99 -99 -99 2.33111646929973 2.94500627937832
-99 -99 -99 -99 -99 -99 0.33406830658694 -99 -99 0.299398310149848
-99 -99 -99 -99 -99 -99 -99 -99 1.21347294190151 -99
-99 -99 -99 1.13741602427195 -99 -99 -99 -99 -99 -99
-99 -99 2.30378024659237 -99 -99 -99 -99 -99 -99 -99
-99 -99 -99 -99 -99 -99 -99 -99 -1.47182529806895 -99
-99 -99 -99 -99 -99 -99 -99 2.01985689099741 -99 2.81666560074895
-99 -99 -99 -99 -99 -99 -99 1.57975792033168 -99 -99
2.84982375319388 -99 -99 -99 -99 0.10549955718306 1.15869306598201 1.14820656666821 -99 -99
-99 -99 -99 -99 -99 -99 -99 -99 -0.0370645975510429 -99
1.16406811269525 -99 -99 0.583386043365921 -99 -99 -99 -99 -99 -99
-99 -0.752066280147811 1.06508642301159 -99 -99 -99 -0.784608204803064 0.352943025965417 -99 -99
-99 -99 -99 -99 1.73827162732604 -0.590839936724684 -99 -99 -99 -99
-99 0.836406676250078 2.00963882938825 -99 -99 1.28499913131378 0.869719056621828 -99 -99 -99
0.691872848521505 -99 -99 -99 -99 -99 -99 -99 -99 -99
-99 -99 -99 -99 -99 -99 -99 -99 2.87984121755767 1.31596293261189
-99 -0.553520273307737 -99 0.348462436018441 -99 0.0989367887944778 -99 -99 -2.44115354512964e-05 -99
-99 -99 -99 -99 0.84057839943356 -99 -99 -0.58684292086158 0.953905303441727 -99
-99 0.682452020226313 -99 -1.43146135153251 -99 -99 -99 -99 -99 -99
1.43132713499981 -0.543950616170195 -99 -99 -99 -99 -99 -99 -99 -99
