-99 1.3108594909408 -99 -99 -99 -99 1.85800873302989 -99 0.0860153947402676 -0.421948545838613
-99 -99 0.693718182538533 -99 -99 -99 -99 -99 2.57618600930705 -99
-99 -99 1.70184634786347 -99 -99 -99 -99 -99 1.18048258270221 -99
-99 -99 -99 -99 -99 -99 2.32157655124826 -99 -99 -99
-99 -99 -99 -99 -99 -99 -99 -99 -99 -99
-99 -99 -99 -99 0.43899332035822 1.97751855766009 -99 0.578059816769257 -99 -99
-99 -99 -99 -99 -99 -99 -99 -99 0.769638647236609 -99
-99 -99 -99 -1.04579585753171 -99 -99 -99 0.740327674648017 -99 -0.146281160213257
-99 -99 -99 -99 -99 3.12034326022407 -99 -99 -99 -99
-99 -99 -99 -1.42661600788888 -99 -1.70040570256992 -99 -99 -0.23157307824018 -99
0.769380091794603 -0.199947264772118 -99 -99 -99 -99 -99 -99 -99 -99
0.721423431214601 -99 -99 -99 0.217189606121071 -99 -99 -99 -99 -99
-99 1.53681903787867 -99 -99 -99 -99 0.0156409783935195 -99 2.08578660106272 -99
1.53535162356247 -99 1.61872620689372 -99 4.27723821687885 -99 2.77961684432216 -99 -99 -99
-99 -99 -99 1.3773758756432 -99 -99 -99 3.60681039987719 -99 -99
-99 -2.05984623992575 -99 -0.990072002804341 -99 -99 -99 -99 -99 -99
-1.43331425046141 -99 -99 -99 -99 -99 -99 -99 -99 -0.871558607195368
-99 -99 2.99818222908374 -99 1.66971943095147 -99 -99 -99 -99 1.61108165378994
-99 -99 1.95798847169391 -0.407319478784442 -99 -99 -99 -99 1.06970751738865 -99
-99 -99 -99 -99 -99 -99 -99 -99 -0.0859779362690889 -99
-99 2.25984774858346 3.91851270528192 -99 -99 -99 -99 -99 2.22674574805471 -99
-99 -0.0312046833524711 -99 -1.15120426251466 0.920417314484912 1.08871777048614 1.17656645482842 -99 -99 -99
0.72111018442746 -99 0.392166312553194 -99 -99 -0.236764086703195 -99 -99 -99 -99
-99 -99 1.49576943507862 -99 -1.16245812976417 -99 -99 -99 -1.05121276370364 0.734381816896761
-99 0.940799465606354 1.18826414050867 1.82280095448658 -99 -99 -99 -99 -99 1.33208492061785
-99 1.26271016389393 1.29182571702377 -99 -99 -99 0.634124505970141 -99 -99 -99
-99 -99 -99 -99 -99 -99 0.990685487486845 -99 -99 -99
1.53965874966988 -99 -1.51894426665079 -99 -99 -99 -99 -99 -99 -99
-99 -99 -99 -99 1.71488640311904 -99 3.34127482725769 1.3331245793745 -99 -99
-99 -99 -99 -99 -99 1.0102690760523 -99 1.23007183641783 -99 2.09901103822186
-99 -1.15679599375278 -99 -99 -99 -0.300260991312671 -0.358783890458908 -99 -99 -99
-99 0.148867195320705 -99 -99 -99 -99 -99 -99 1.31524867411539 -99
3.65062652574935 4.73482096674146 3.95253509132751 -99 -99 -99 -99 -99 4.24037434339959 -99
-99 -0.354412132479185 -99 -99 -99 -99 -99 -99 -0.729196114832908 -99
-99 -99 -99 -99 -99 -99 -99 -99 -99 -99
-99 -99 -99 2.57252155926646 -99 0.998278741311623 -99 -99 -99 -99
-99 -99 -99 -99 1.34133591213395 -99 -99 -99 -99 1.01348573749171
-99 -99 1.98847388405333 -99 -99 -99 -99 -99 -99 -99
-99 -99 -99 -99 -2.61963884466436 -99 -99 0.611205147341156 -99 -99
-99 -99 -99 -99 -99 -99 -99 1.98260899758644 -99 -99
1.32356469715242 0.540014353293456 -99 -99 -99 -99 -99 -99 -99 -99
0.473072841145923 -99 -99 -99 1.11552507197989 -99 -99 -99 -99 0.458162140835938
-99 -99 -99 0.746059504593223 0.491804118346745 3.30679772964308 0.641107175281681 -99 1.48943540130076 -99
-99 0.504352619668745 -99 -99 -99 -99 -99 -99 0.82763056566146 -0.139408448018005
-99 -99 0.941095896346681 1.19252811883576 0.265242593659697 1.00350542162517 -99 -1.49402404271004 -99 -99
-99 -99 -99 -99 1.54593089505915 -99 -99 1.5194434785233 -99 -99
-99 -99 -99 -99 1.14822789472319 -99 -99 -99 -99 -99
0.378878964464669 -99 -99 -99 -99 -99 -99 -99 -99 -99
-99 -99 -99 -99 2.44985075690195 -99 -99 -99 3.78792054664254 -99
-0.554689594380463 -99 -99 -0.79424638731736 -99 1.04935491366563 -99 -99 -99 -99
2.95976901367299 2.5295186856202 0.721284108851884 -99 2.40713090037257 -99 -99 -99 -99 0.744926805515117
-99 1.77986158097945 -99 -99 -99 -99 -99 -99 -99 -99
-99 1.47361338189304 -99 -99 -99 -99 -99 -99 -99 -99
-99 -99 -99 -99 -99 0.593475966509791 -99 1.00036914400858 -99 -99
2.16524124943661 -99 -1.35927828721045 -99 -99 -99 -99 0.850481753571023 -99 -99
0.131994587293229 -99 1.84711638224597 -99 -99 -99 -99 -99 -99 -99
-99 -99 0.478726375203872 1.49416538334606 -99 -99 -99 -99 1.8536435412352 -99
-99 -99 -99 -99 -99 1.37728119074727 -0.109103845422096 2.17571290074634 -99 -99
-99 -0.519586176372823 -99 -99 -99 -99 -99 -99 -99 -99
4.45917852658944 -99 -99 -99 -99 3.21618412504886 3.72056251524056 -99 3.39469691324164 2.66643844183728
0.0902650656730605 -99 -99 -99 1.39255053700328 -99 -99 -99 -99 -99
1.29052049771088 -99 -99 -99 -99 -99 -99 -99 -99 -99
-99 -99 0.435799322356702 0.682475576182462 2.11941923096127 -99 -99 -99 -99 -99
-99 -99 -99 -99 -99 -99 -99 -99 2.19262904117334 -99
-1.30128590019271 -0.527114278767837 -99 -99 -99 -99 -99 -99 -99 -99
-99 1.36473443854359 -99 2.12145115533015 3.55092085368502 -99 1.83692028052244 0.99192314035 0.911022229312546 1.83433090048613
1.12171404215586 -99 -99 -99 -99 -99 -99 0.878660376810301 -99 -99
-0.781982849622701 1.035399045641 -0.314894963367206 -99 -99 0.102018091398876 -99 -99 0.940426311791136 -99
0.338343891559409 -99 -99 -99 -99 -99 0.108937705811019 -99 -99 -99
1.7034430196536 -99 -99 -99 -99 -99 -99 -99 -99 -99
-0.414560047958868 -99 -99 -99 -99 -99 -99 -99 -99 -99
-99 -99 -0.785948176674202 -99 -99 -99 -99 0.303814112104315 1.42550719635265 -99
-99 2.0965013370904 -99 -99 1.04048426604218 -99 1.1729584457287 -99 -99 -99
-99 -99 -99 -99 -99 -99 -99 1.18377504347498 1.63187739940141 0.821997941115995
3.22679480477034 3.53973013913419 -99 4.16880214406648 -99 -99 -99 -99 -99 -99
1.303893843195 -99 -99 -99 -99 1.38011366088415 -99 0.163074315559781 -99 -99
-99 -99 -99 -99 -99 0.754872443998765 -99 -99 -99 -99
-0.659837145856281 -99 -99 -99 -99 -0.126159252043269 -99 0.0808312209405077 -99 -99
1.07657086079519 -99 -99 2.00235903846488 -99 2.57778628296601 -99 2.63051294278973 -99 -99
-99 -99 0.432565219160205 -99 -99 1.64959940022107 -99 -99 1.22649618811414 -99
0.376597761039346 -99 -99 4.40192980185627 -99 -99 -99 -99 -99 -99
-99 -99 -1.42241338702148 -99 -99 1.59935081267338 -99 0.574721313665036 0.920261098289796 -99
-99 -99 -99 0.802170185413671 -0.912933615829274 -99 -99 -99 -99 -99
0.768258467243706 -99 -0.205877393143449 1.56527209599457 -99 -99 -99 2.51454572525503 -99 -99
-99 2.11914423631956 -99 -99 -99 2.28232677760488 -99 -99 -99 0.880383712108395
-99 -99 -99 -99 2.22554688893928 -99 -99 -99 -99 -99
1.08897779957604 -99 -99 -99 2.22917011321845 1.42831303448534 3.37476788645454 -99 -99 -99
-99 -99 -99 -99 2.42394452843356 0.449139821954646 -1.40595393488883 -99 -99 -99
-99 -99 -99 -99 -99 -99 -99 3.22818889368101 -99 1.59309901797931
-99 -99 -99 1.51270957435895 -99 -99 -99 -99 -99 -99
0.437136949584021 -99 -99 2.29888289009429 1.64114175365531 1.84294583918136 0.193789392450259 -99 -99 0.423334117633017
-99 -99 -99 -99 -99 -99 0.685184418873964 -99 -0.961609325839106 -99
-99 1.99915398873503 -99 2.30243213231513 -99 -99 -99 -99 -99 0.982323597121686
-99 -99 0.945275936189451 -99 -99 -99 -99 -1.9420500775872 0.62488807477283 -99
2.52495832853466 -99 -99 -99 -99 -99 -99 -99 -99 2.41059310864415
1.76645170225174 -99 -99 -99 -99 1.56999790100705 0.781135169288772 -99 1.50387731070998 -99
2.33678948900545 -99 3.31800772638147 -99 2.51930847628864 -99 1.10781042389828 -99 -99 -99
-0.0604305883809775 -99 -0.612568902248464 -99 -99 -1.89480761659237 -99 -99 -99 -2.24975112383395
-99 -0.0444125880376904 -99 -99 0.61767207973736 0.489724377568557 -99 0.102724170063289 2.94439350847536 -99
2.18621020481852 -99 -99 -99 -99 -99 -99 -99 -99 -99
-99 -99 -99 -99 -99 2.15809414788523 -99 -99 -99 1.76263837125092
-99 -99 -99 -99 -99 -99 -99 -99 -99 -99
0.960767058910445 -99 -99 4.43645946732607 -99 -99 -99 1.83499139719852 -99 -99
-99 -99 0.632615852502129 -99 -99 -99 -99 -99 -99 -99
-99 2.34635947497053 2.27234014213731 -99 -99 -99 -99 -99 -99 3.4125350807428
-99 -99 -99 -99 -99 -99 1.61605305974706 -99 -99 -99
2.41174030649198 -99 -99 -99 -99 -99 -99 2.9512327382342 -99 -99
-99 -99 -99 -0.618603963705355 -99 -99 -99 -99 -99 -0.567047866696569
-99 0.473115686524907 -0.0461962323824083 -99 -99 -99 0.171198156861741 -99 1.2280470773409 1.57646042330551
-99 -99 4.05791133084449 1.06168505221431 2.76458977044885 -99 -99 -99 -99 1.44062381677994
-99 -99 -99 -99 -99 -99 -99 -99 -99 -99
-99 1.32329118106252 -99 -99 -1.22291760739139 -99 -99 -99 -99 -99
-99 0.316295702618058 -0.204986210899962 -99 -99 -99 -99 -99 -99 -99
2.22016458365658 -99 2.94994987652393 3.86171353696895 -99 3.50586745101977 3.20575571814985 2.42524840710907 -99 -99
-99 -99 0.770218212026622 -99 0.908041786030569 -99 -99 -99 0.321610321901641 -99
-99 -99 -99 -99 -99 -99 -99 0.911772115196809 -99 0.416783194945069
-99 -99 -99 -1.06594924581497 -99 0.596620829553164 -99 -99 -99 -99
-99 -99 -99 -99 0.874557313909277 0.221772086203718 1.03548030919343 -99 -99 -99
-99 1.08048645924618 -99 -99 -99 -99 1.26685175036864 2.15093134312053 2.00959050323832 -99
-99 1.26313166902673 -99 2.6990039408848 1.67980102918328 -99 -99 -99 -99 2.62948677872088
3.5709455661566 -99 -99 -99 -99 -99 -99 -99 -99 -99
-99 -99 0.242608651269894 1.36898363292334 -99 -99 -99 -99 -99 -99
-99 4.03900808383154 1.20241813285276 2.8841332809147 3.63501601481272 -99 2.17559517820025 -99 -99 -99
3.22244410268435 -99 2.70414496001293 -99 1.57114027229761 -99 -99 2.2162727610585 2.16558417507289 -99
-99 -99 -99 -99 -99 1.97126656338592 1.90939165175922 -99 -99 -99
-99 -99 -99 -0.8943545614514 -99 -99 1.27917966620211 -99 -99 -99
-99 3.07023341696775 1.20522766920733 -99 2.85639736095843 -99 -99 -99 2.53595785374186 -99
-99 -99 -99 -99 -99 1.5676531966231 -99 -99 -99 -99
-99 1.40377741923855 -99 -99 -99 -99 -99 -99 -99 -99
-99 -99 -99 -99 -99 -0.297423630239973 -99 1.30371916001108 -99 -99
-99 -99 0.707599849914514 -99 -99 -99 -99 -99 -99 -1.43558111292033
-99 -99 -99 -99 -99 -99 -99 -99 -99 -99
-99 -99 -99 -0.877460781254989 -99 -99 -99 -99 1.26881935275026 -99
3.38907466107153 -99 -99 -99 -99 -99 -99 -99 -99 3.05720802104884
-99 -99 -99 -99 -99 0.669021492553866 -99 -2.89729438419874 -0.767560107245889 0.21569014880446
-99 1.70358117520058 3.24424619842934 2.31917615347144 0.884253573726335 -99 -99 -99 -99 -99
-99 -99 -99 -99 -99 -99 2.46432543731772 -99 0.476752275819169 -99
-99 -99 -99 -99 -99 -99 0.786123860488299 0.748589321078244 0.355516388850989 -99
-99 -99 -99 0.355269566845321 -99 -99 -99 -99 -99 -99
-99 -99 -99 0.604420972252578 -99 1.79560715410836 -99 -99 -99 -99
-99 -99 1.45472915849191 -99 1.58392069194611 -99 2.41636261676585 2.28149868457071 -99 -99
-99 -99 -99 -99 -99 -99 -99 -99 -99 -99
-99 -99 -99 -99 -99 3.6730163940629 1.7131698072701 -99 -99 -99
-99 -99 -99 1.95316873772225 -99 -99 -99 1.38733836543276 1.48464373190331 -99
-99 -1.31913135652643 -99 -99 -99 -99 -99 1.2218143419763 -99 -99
-99 -99 -99 1.03344772760426 -99 1.66367954801232 -99 0.692378913983803 -99 -99
-99 -99 -99 -99 -99 -99 -0.576776691936113 -99 1.26549665596219 -99
-99 -99 -99 -99 1.36543912981738 -99 -99 -99 -99 -99
-99 -99 -99 0.459693326639082 -99 2.5987387154257 -99 -99 -99 -99
-99 2.21067530906752 -99 -99 3.00208560249041 -99 0.825271517419014 -99 -99 -99
-99 -99 -99 -99 -99 -99 0.125416973313058 1.00590970432784 -99 2.5096367073251
-99 -99 -99 -99 -99 -99 0.659807890473724 -99 0.345549104808127 -99
-99 -99 -0.130324688537141 -99 0.660691600577028 -0.167011714895677 -99 -99 -99 -1.60786230947497
-99 -99 2.39992874902725 -99 -99 -99 -99 3.37611943217722 -99 -99
-99 -99 -99 -99 -0.701109257847645 -99 -99 -99 -99 -99
-99 -99 -2.30114031382599 -99 -99 -99 -99 -99 -99 -99
-99 -99 1.07077562413681 -99 -99 2.02642111455445 -99 -99 -99 -99
-99 -99 -99 -99 -99 -99 -99 -99 0.520332437888716 -99
-99 -99 3.89327845234929 -99 -99 -99 1.06110365279956 -99 -99 -99
-99 -99 -99 -99 -99 -99 1.92536712072271 -99 -99 -99
-99 -99 -99 -99 -99 -99 -99 -99 -99 -0.0497577846815407
-99 -99 -99 -99 -99 -99 -99 -99 -99 -99
-99 -99 -99 -99 -99 -99 -99 1.74938900166119 -99 -99
-99 0.198246277888557 -99 -99 -99 -99 -99 -99 -99 1.24181429405259
-99 -99 3.19769432971589 -99 -99 -99 -99 -99 -99 -99
0.367205768760701 -99 -99 -99 -99 -99 -99 1.59549832807833 1.69607757172773 -99
-1.89509184120781 -99 -99 -99 -0.782279530420258 -2.05386644731596 -1.00633516193666 -99 -2.49948297739427 -99
-99 -99 -99 -99 1.33610252768616 -99 -99 -99 -99 3.59510583361874
-0.293928378454094 2.25346169975678 -99 0.684276344769162 -99 -99 -99 0.182019200724653 -99 -99
-99 -99 2.18730449219266 -99 -99 -99 1.78011767486099 -99 -99 -99
-99 -99 -99 1.66481821512879 -99 -99 -99 -99 -99 -99
-99 -99 1.12875822890281 2.0955843480202 -99 -99 -99 -99 1.65720516712136 1.88986827606545
-99 -99 -99 0.734913479452613 -99 0.661271582295147 -99 -99 -99 -99
2.78500892023809 3.6497269424504 -99 -99 3.0391751081464 -99 1.26253615621144 5.20120672693199 -99 -99
-99 2.79252566155111 -99 1.08101600253745 -99 -99 -99 -99 -99 -99
-99 -99 -99 -99 -99 -99 -99 0.652673118996065 -99 -99
-99 -99 -99 -0.628776711082113 -99 -99 -0.69931445221895 -99 -99 -99
2.48646066546381 -99 -99 -99 -99 1.90640085737065 -99 1.25090936750979 -99 1.56332521902349
-99 -99 0.416453993569565 -99 -99 -99 0.138871300143527 -99 -99 -99
2.19401317095906 -99 0.534865854947543 -99 -99 -99 -99 -0.308579019101123 -99 0.248146647744115
-99 -99 1.79533234343164 2.20341774822623 -99 -99 1.19742798418838 -99 -99 1.16832665042972
0.33033175866709 -99 0.849768854725431 -1.6495452909475 -99 -99 0.297491063991056 -99 -99 -99
-99 1.25015556588987 -99 -99 -99 -99 -99 -99 -99 -99
-99 -99 1.73615329330875 -99 -0.497467557582022 -99 -99 -99 -99 1.62194723459536
-99 -99 -99 1.24797860051561 -99 -99 -99 -99 -0.648902713316822 -99
1.28141984281603 -99 -99 -99 -99 -99 0.202541832780784 -99 -99 -99
-99 -99 -99 0.514770752341677 -99 -99 -99 -99 -0.232306773273574 -99
-99 -99 -99 0.84833882349193 -99 -99 -99 -99 -99 -99
-99 -99 -99 -99 -0.149792179667638 -0.321007986952216 -0.195108791797945 -99 -2.00743822506496 -99
-0.289062441723666 -99 -99 -99 -99 -99 -2.52148129429113 -99 -99 -99
-99 -99 -99 -99 -99 0.7269121705655 -99 -0.250249743777604 -99 -99
-99 -99 -0.473363613115535 -99 -99 -99 0.278364984147476 -99 0.861512155024025 0.273872762797763
-99 -99 -99 -99 -99 0.823070856816959 -99 -99 -1.52566315826991 -99
2.6431538340923 -99 -99 1.59144340792467 -99 3.80667225275241 -99 -99 -99 -99
2.03847583768061 -99 2.13390046776002 -99 1.52732646902887 3.16570829624436 -99 -99 -99 1.49110775295381
0.183545584930327 -99 -0.585236577590773 -99 -99 2.40740590915243 2.26413621903507 -99 -99 -99
-99 -99 -99 3.03114163668027 -99 1.10355919813432 -99 -99 2.09090960765048 -99
-99 -99 -99 -99 -99 -0.220322680939487 -99 -99 1.38645939501704 -99
-99 -99 -99 1.06516446728143 -99 -99 2.96109698025346 -99 0.906548026903171 -99
0.535854179698746 -99 3.07302262670668 -99 -99 0.499701261928437 -99 -99 -99 2.46311813043616
-99 -99 -99 -99 2.2020615872967 -0.875258267311768 -99 -99 -99 3.04197345188311
-99 -99 -99 -99 2.46241501270698 -99 -99 -99 -99 -99
-99 -99 -99 -99 -99 -0.630125228332283 2.52867097008228 -99 -99 -99
-99 -99 3.21552200704277 1.18840416618826 -99 1.79774041354459 -99 -99 -99 2.9860726166132
-99 -99 -99 -99 -99 0.438504733262858 -99 2.01700845348865 1.45184586661372 -99
-0.0405413825148653 -99 -99 -1.16583496128165 -99 -1.36587119945209 -99 -99 0.372720107859406 -1.35838348378651
-99 -99 -99 -99 -99 -99 -1.42863632952404 -99 -0.166431411294892 -99
-1.43862451142083 -99 -99 -99 -99 -99 -99 0.903498772862272 -0.411298299174299 -99
-99 -99 -0.0520981386913721 -99 -0.600230700163115 -99 -99 -99 -99 -99
-99 -99 -99 -99 -99 -99 2.09743551738154 -99 -99 -99
-99 -99 1.5484802083266 -99 -99 0.134804267489403 -99 -99 1.03283136017121 -99
-0.229424999147231 -3.52025396113559 -99 -99 -99 -99 -99 -99 -99 -3.05077763944651
2.28941124661324 0.878671403820173 -99 -99 -99 -99 -99 -99 -99 -99
-99 -99 -99 -99 -99 -99 -0.0648368114609095 -99 0.584810843817834 -99
-99 -99 -99 -99 -99 -99 -99 -99 -99 -99
-99 -99 -99 -99 -99 -0.264164762117239 -1.22531386050918 -99 -99 -99
-99 -99 -99 -99 -99 -99 -99 -99 -99 -99
-99 -99 -99 -99 -99 -99 -99 -99 2.73646537839349 1.35900541589485
-99 -1.82416144691503 -99 -99 -99 -0.0229341688207836 -99 -99 -0.63036251190029 0.743001570997435
-99 -99 -99 -99 -99 -99 -99 -99 -99 -99
-99 -99 1.89502524586205 1.59279385483901 -99 -99 -99 2.50173498373561 -99 -99
-99 -99 -99 -99 1.54207008572209 2.03448012452008 -99 -99 -99 1.82037785921228
-99 -99 -99 -99 0.717247154424954 -99 -99 -99 -99 -99
-99 -99 1.4031993616429 -99 -99 -99 -99 -99 -99 -99
-99 -99 -99 -99 -99 -99 -99 -99 -99 -99
1.58863850843962 0.337624568413116 -99 -99 -99 -99 0.314024258780207 1.61139277472915 -99 0.195871866863946
-99 -99 -99 -99 -99 -99 -99 -99 -99 -99
2.49484034572427 1.17230339425675 -99 -99 -99 -99 -99 -99 -99 -99
-99 0.01141510089589 -99 -99 -99 -99 -99 2.75392385086213 -99 4.04898210226808
-99 -99 -99 -99 -99 -0.770858953006816 2.22034576739585 -99 -99 -0.121759013716891
1.07542281034398 -99 -0.830729924872395 -99 -99 0.748057222024237 -99 -99 -99 -99
-99 2.20510730805924 -99 -99 -99 -99 -99 -99 -99 -99
-99 -99 3.51953828457213 -99 -99 3.06831503104186 -99 -99 -99 -99
-99 -99 -99 -99 -99 -99 -99 -99 1.64032276025917 -99
-99 0.453642310068555 -99 -99 0.330803045509553 -99 -99 -99 -99 -99
-99 -99 1.9248503714505 2.48359699735389 -99 -99 -99 -99 -99 -99
-99 -99 -99 -99 -99 -99 -99 -99 -99 -99
-99 -99 -99 -0.288455679967825 -99 -99 2.49288967819366 -99 -99 -99
1.169833696368 -99 -99 -99 -99 -99 -99 -0.26206969502759 0.42769210826936 -99
1.67385588197046 -99 -99 -99 -99 -99 -99 -99 -99 -99
-99 1.67351414780713 -99 3.33439732489978 -99 2.81320060725834 -99 -99 2.06040184456651 2.61584237035288
0.257727158498883 -99 -1.21690182501125 -99 -99 -99 -0.619797323434308 -99 1.77040815337692 -99
-99 -99 -99 -99 -99 -0.653932677209822 -0.890678955801865 -1.21972343365278 -99 -0.613762688433073
-99 -99 0.952055598175714 2.12785010359541 -99 1.87558884479478 -99 -99 -99 -99
-99 -99 -99 1.42226448122022 1.3000372232211 -0.478129179811006 -99 1.26371609719703 -99 -99
-99 -99 -99 -99 -99 -99 0.747486374594986 -99 -99 1.57516585290869
-99 2.42790980613804 -99 3.50399702023056 -99 -99 -99 -99 -99 -99
-99 -99 -99 1.3141233634616 1.99374136931435 -99 -99 -99 -99 -99
-99 -99 -99 -99 -99 -99 -99 -99 -99 2.66608531371477
2.02247071357684 1.95854100928528 1.93104695753173 -99 -99 -99 -99 0.563671874891017 -99 -99
-99 -99 -99 -99 -99 -99 -99 2.93640310234138 -99 -99
-99 -99 0.986536644963568 0.920922670816433 -99 -99 0.615484757546856 0.565557210776389 -99 -99
-99 1.67944634713295 -99 -99 -99 -99 -99 -99 -99 -99
-99 -99 -99 -99 -99 -99 -99 -99 -99 -99
-99 -99 2.66112469487755 -99 -99 -99 -99 -99 -99 -99
-99 -99 -99 0.898105545609097 -99 -99 -99 -99 -99 -99
-99 -99 -99 -99 -99 -99 -99 -99 -99 -99
-99 1.42144384810114 -99 -99 -99 -0.057004945351991 -99 -99 -99 -99
-99 0.80464666055939 -99 -99 -99 0.925948796749044 -99 -99 -99 -99
-99 -99 -99 -99 -99 -99 -99 -99 -99 -99
-99 0.466957403049715 -99 -99 -99 -99 -0.910959169593889 -99 -99 0.103111956929503
-99 0.54462752327939 -99 0.622519103418124 -99 -99 -99 1.20503987463549 -99 1.96458024016796
0.0382260123162036 -99 -99 -99 -99 -99 -99 2.37297126569938 -99 0.878333133952214
-99 -99 -99 -99 -99 0.222767126978278 -99 -99 -99 -99
-99 -99 0.87294417254724 -99 0.491038712236434 -99 -99 2.33032602543357 -99 1.57342837494255
-99 -99 -1.5937877679458 -99 -0.400470286414601 -0.380232837963666 -99 -99 -99 -99
-99 -99 -99 -99 -99 -99 0.815515065853838 -99 -99 -99
-99 -99 -99 -99 -99 -2.24391083345376 -99 -99 -0.643019702612061 -99
-99 -99 2.19732006841831 -99 -99 -99 -99 -99 -99 -99
0.910369896450642 -99 -99 -99 -99 -99 -99 -99 -99 0.673066547274942
-99 -99 -99 -99 -99 -99 -99 -99 2.32978148292779 -99
-99 -99 -99 -99 -99 1.36027500202627 -99 2.25208333898443 -99 -99
-1.35636510089214 -99 -99 -99 -99 -99 -99 -99 -99 -99
3.51324245581287 -99 -99 -99 3.56033080918691 2.26564897404319 -99 -99 -99 -99
-99 -1.40219335733244 -99 1.08298653121687 -99 2.16749099881673 -99 -99 0.0151392493069911 -99
-99 -1.04417874880583 -99 -99 -99 -1.03374233660916 -99 -99 -1.79686431734983 -99
-99 -99 0.335266258082518 -99 -99 -99 -99 0.41514657699025 -99 -99
-99 -99 -99 -99 0.149959331890988 -99 -99 -99 -0.151814195304758 -99
1.37235542740055 -99 3.09800061798619 -99 -99 1.94169774597477 -99 -99 -99 -99
1.64842359970098 0.857070360531641 -99 1.36710326204582 -99 -99 -99 1.55728644873809 -99 3.25988829814124
-99 -99 -99 -99 -99 -99 -99 -99 -99 -99
-99 -99 -99 -99 -99 0.355534037468595 -99 -0.40871888182487 -99 -99
-99 -99 -99 -99 -99 -99 -99 3.53031650491544 -99 -99
0.642018619655601 -99 -99 -99 -99 -99 -99 -99 -99 -99
-0.287774074894348 -0.597301829565079 -99 -99 -99 -99 -99 -99 -0.203551127082604 -99
-99 -2.75498381406257 0.280468093674351 -99 -99 -99 -99 -99 -99 -99
-99 -99 -99 -99 -99 2.2916472669322 -99 -99 -99 -99
-99 -99 1.86492707732224 -99 -99 -99 -99 0.894699641717324 -99 2.59039651632066
-99 -99 -99 -99 -99 -99 -99 0.565474838344535 -99 -99
-99 4.89415118128965 2.17292285981208 -99 -99 -99 -99 -99 -99 -99
-99 -99 -99 -99 -99 0.723683706703366 0.798828009225175 -99 -99 -99
-99 2.60358941044877 -99 -99 -99 3.36822349571033 -99 1.02905488927571 -99 -99
1.75576923350704 -99 0.994378784376937 -99 -99 -99 -99 -99 -99 -99
-99 -99 -99 -99 -99 -99 0.154128312546648 -99 -99 0.250411582961074
-99 -99 -99 -99 -0.173409327188137 -99 -99 1.37284153518082 -99 2.77061117132619
-99 -99 -99 -99 -99 -99 0.194241349144247 -0.0630390801649676 -99 0.775315929006751
-99 -99 4.84356629032721 -99 3.10750052019845 -99 -99 -99 -99 -99
-99 -99 -99 0.880815200721451 -99 -99 -99 -99 -99 -99
-99 -0.636347839704426 0.918643561678882 1.91458052739703 -99 -99 -99 -99 -99 -99
4.00272997308756 -99 3.55705315557509 0.779343437848433 -99 -99 1.5808643060842 2.05060884758532 -99 -99
-99 -99 -99 -99 -99 -99 -99 -99 -99 -1.62061209486711
-99 2.00590893012069 -99 -99 -99 2.47237553679195 3.32824637674057 -99 -99 -99
-99 -99 -99 -1.8874921093867 -0.781212431083295 -1.99747950186485 -99 -1.68936443159154 -1.33019847549419 -99
-99 1.55659954747103 -99 -99 0.878268143782922 -99 -99 0.808864490812934 -99 -99
-99 -99 -99 -99 -99 -99 -99 -0.167851480556195 -1.12085006031054 -99
0.157503331706031 -99 -99 -99 -99 -99 -0.142399048759322 -99 -99 -99
-99 -99 -99 -99 -99 -99 -99 -99 -99 0.65782079654131
-99 -1.30937996332943 -99 -0.182171380894462 -99 -0.119152333342451 -0.691624046176148 -99 -99 -99
-99 -99 -99 4.5460628875444 -99 -99 -99 -99 -99 3.09819659004848
-99 -99 -99 -99 3.16683298093305 -99 1.01928041905801 -99 -99 2.15663592364479
-99 3.13365220416788 1.10540394802509 0.401775371839022 2.4024107944633 -99 -99 -99 1.82968585385225 0.90193406458752
-99 0.997680172939341 -99 0.547987783972074 0.424540384110508 2.87584116933909 -99 -99 -99 -99
-99 -99 -99 -99 2.72724286176187 2.4596547166019 3.58827143117001 -99 -99 -99
-99 -99 3.89062457195207 2.70541094347623 -99 -99 2.17138314669996 -99 -99 -99
-99 -99 -99 2.12163606556054 0.500073377742372 -99 -99 -99 -99 -99
-99 3.09569174676347 -99 -99 -99 -99 -99 -99 -99 0.806899389158548
-99 -0.0778695256189332 1.58731968399545 -99 -99 -99 -99 -99 -99 -99
1.13775457433902 -99 -99 -99 -99 -99 -99 1.12358523974709 -99 -99
1.47196383321974 -99 -99 -99 -99 -99 -99 -99 -99 -99
-99 1.09877022549707 -99 -99 -99 -99 2.57179371001384 -99 -99 -99
-99 -99 -99 -0.474476739860698 -99 -99 -99 0.210792901971164 -99 -99
-99 -99 -99 -0.258676750466433 -99 -99 -99 -99 -99 0.0639716424557403
-99 1.7891851703305 -99 -99 -99 -99 -99 -99 -99 -0.429251351371224
-99 -99 -0.62343245368277 -1.72849130357348 -99 -99 -99 -99 -99 -99
-99 -99 -99 -99 -99 -99 0.177532657628417 -99 -99 -99
0.237044969993262 0.980238141900822 -99 0.550130507354794 -99 -0.213526188108414 -99 2.36939471260869 -99 -99
-0.514316139552701 -99 -99 -99 -99 1.29160547215929 -99 -99 -99 -99
-99 -99 -99 -99 -99 -99 -99 -99 -99 0.721334083361566
2.57100490766704 -99 2.13622726173061 -99 -99 -99 -99 0.528380344767141 2.0229713766917 -99
-99 3.78724932332569 -99 -99 -99 -99 2.09420030617649 -99 -99 -99
-99 -99 -99 -99 1.62425440609924 -99 -99 2.68722260086171 -99 -0.421214092995863
-99 -99 -99 -99 -99 0.717143720679242 -99 -99 2.18742231299682 -99
-99 -99 -99 1.27171630612128 0.771487928664332 -99 2.26846147343333 0.77947583349741 -99 2.99465820365861
-99 -99 -99 -99 -99 -99 -0.257326793403943 -99 -99 -99
-99 -0.0664827943575961 -99 -99 0.621151574439336 -99 -99 -0.313718511173702 -0.757845340183799 -99
-99 -99 -0.121864158687528 -99 -99 -99 0.310159369905542 -99 -99 -99
1.20190398410381 -99 -99 0.885720537006103 -99 -99 -99 -99 -99 2.82741732068379
-99 0.946494761801641 -99 -99 0.81188818658716 -99 -99 -0.242924772379252 -99 -99
-99 0.811668989261828 -99 -99 -99 -99 -99 -99 -99 -99
-0.971631005799545 -99 -99 -2.41568849361535 -1.03904207296313 -0.345946185216443 -99 -1.15731354783108 -1.62083664424536 -99
-99 -99 -99 -99 -99 -99 -1.05301972796615 -99 -0.45917563492167 -99
-99 -99 -99 -99 0.522191013123198 2.77949791277512 -99 -99 3.07497503637361 -99
-99 -99 3.82187409331355 -99 -99 -99 0.971299868170009 -99 4.0865760705507 -99
-99 -99 2.27574254904218 -99 -99 -99 -99 -99 -99 2.8134561957936
-99 0.875828592911623 -99 -99 -99 -99 -99 0.820786612844217 -99 -0.800148659562445
-1.34795297070256 -99 -0.315118964193073 0.231647640801109 -99 -99 -99 -99 -99 -99
-99 -99 -99 2.02011446672187 -99 -99 0.308406105406655 -99 0.607664111888178 -99
-99 -99 -99 -99 -99 -99 -99 -99 2.35408627230362 -99
-99 -99 -99 -99 1.28322874698647 -99 2.02358652481781 -99 -99 -99
-99 -99 -99 -0.781784231619391 0.50055242865889 -99 -99 -1.3389963449911 -0.862737279221198 -99
-99 -99 -99 -99 -99 -99 -99 3.00156894729657 -99 1.74187135527527
-0.0985326087593943 -99 1.1827054378438 -99 -99 -99 -99 -0.27231410192012 -0.200060593543095 -99
-99 -99 0.0829206983806183 0.0108432984770201 -99 -99 -99 -99 -99 -99
1.89978038011039 -99 2.13259003616683 3.09552395348296 -99 -99 -99 1.99173012391392 -99 -99
-99 -0.672616610386094 -99 -99 0.592866870333371 -99 -1.37662561299105 -99 -0.157503800658941 0.577831500241721
-1.1444146714808 -99 -99 -99 -99 -99 -99 -0.658166290318272 1.66768501089187 -99
-99 -99 -1.05990919495715 -99 -99 -99 1.1934493014453 -99 -1.47023292249865 -99
-99 -99 -99 -99 3.2543735656348 -99 -99 -99 2.15590613902508 -99
-99 -99 -99 -99 -99 -99 -99 -99 -99 -1.48721962509878
-0.110773970409728 -99 -99 0.0538126913407965 -99 -99 -0.285396046002383 -99 -99 -99
-99 -99 -99 -99 -1.60571632742122 -99 -99 -1.66400666535343 -99 -99
1.83739935653676 -99 2.67361690764654 -99 -99 -99 -99 -99 -99 2.38675707068088
3.45809903882205 -99 -99 -99 -99 0.438194875374143 -99 -99 -99 -99
-99 2.25782427353434 -99 -99 0.36705767256335 -0.0292226809434739 -0.262966313043838 -99 -99 -99
2.46100132389376 3.51394233191369 -99 2.44403601917319 -99 -99 -99 0.316543846701181 -99 -99
-99 0.909657047325186 -99 -99 -0.5232964737949 -99 -1.21292139384803 -99 -99 -99
-0.654020798601118 0.449438904853267 -99 -99 -1.04272474989227 -0.819226713388615 -99 -99 -99 1.44031404941609
-99 -99 -99 -99 -99 -99 0.299392333509024 -0.873923321920288 -99 -99
-99 -99 -99 -99 1.19046306292424 -0.110212162221322 -99 0.268748822025908 -99 -99
-99 -99 -99 -99 -99 -99 3.36095414563881 -99 -99 -99
-0.0117992644967564 1.85489040285149 -99 -99 -99 -99 2.86444925866175 0.481292636641885 -99 1.32454090519664
0.623785574920851 -99 -99 1.31996899736838 -99 -99 -99 -99 -99 -99
2.88611612870234 -99 -99 -99 -99 -99 -99 -99 -99 -99
1.26279749397236 -99 -99 -99 -99 0.307925258649659 -99 -99 -99 -99
3.20921061436268 -99 -99 -99 -99 -99 -99 0.0656222925458302 -99 -99
-99 -99 -99 -99 2.01515787243574 -99 -99 -99 -99 -0.264346000007883
-99 -99 -99 -99 1.88152713382474 -99 -99 -99 -99 -99
-99 -99 -99 -99 -99 -99 -99 -99 2.69748130060071 -99
-99 -99 -99 -99 -0.11027209881496 -99 -99 0.737004210091834 0.207478996546762 1.04552416001771
-99 5.0041310260979 -99 -99 -0.754312423539204 -99 1.42047802951724 -99 -99 -99
-99 -99 -99 -99 -1.62912543199804 -99 -99 -99 -99 -99
-99 2.31694001738394 -99 -99 -99 2.52148558496165 -99 2.35605132184111 -99 -99
-99 -99 -99 -99 -99 -99 -99 2.21928493966939 -99 -99
1.74141745412309 -99 0.380506447535661 -99 -99 -99 2.90956913800833 -99 -99 -99
-99 -99 -99 3.52156663825474 -99 -99 1.16808326663176 -99 -99 -99
-0.315707645409503 -99 -99 0.538670712379766 -99 -99 1.60415811667802 -99 -99 -99
-99 3.7887652451136 4.25969281814117 -99 -99 -99 -99 3.30038168117587 -99 2.21539341422919
-99 -99 -99 -99 -99 -99 -99 -99 -99 -99
-99 -99 -99 -99 -99 -99 -99 -99 -99 -99
-99 -99 -99 -99 -1.80394241465665 -1.08423706244573 -3.69651198893858 -99 -99 -99
-99 -0.00693610242071752 1.88885586172593 -99 -99 -1.41633820703007 -99 -99 -99 -99
0.899966875770339 -99 -99 -99 -99 -99 1.43567481558162 -99 -99 -99
-99 -99 -99 -99 -99 0.53758510561833 -99 -99 -99 -99
-99 -99 -0.505862807663881 -99 -1.92507656404696 -99 -99 -99 -99 -99
-99 -99 -99 -99 0.979378854114983 -99 0.644794853347257 2.56572161349581 -99 -99
-99 -99 -99 -99 -99 2.03712199123289 -99 -99 -99 -99
-99 0.805766682748409 -99 -99 -99 -99 1.5566036024007 0.346867490618919 -99 1.26413378239483
-99 -99 -99 -99 -99 0.143539579730472 -99 -99 -99 -99
-99 -99 -99 -99 -0.260991309789783 -99 -99 -99 -99 -0.842968701729511
0.10257198771427 -99 -99 -99 -99 -99 0.725518679991727 -99 -99 -99
-99 -99 -99 -99 -99 -1.48491248093433 -99 -99 -0.675951799893496 -99
2.00358522711973 0.853328510424699 -99 -99 -99 -99 -99 -99 -99 -99
-99 -99 -99 -0.365549372570236 -99 -99 -99 -99 -99 -99
-99 -99 -99 2.86720105095622 -99 1.42207583316377 -99 -99 2.74474519110039 -99
-2.08283321837429 -99 -99 -99 -99 -99 -1.38640380890765 -99 -99 1.10364766588884
-0.676949140156876 -99 -99 -99 -99 1.30620578790845 0.939162452863631 -99 -99 -99
3.85599464450601 -99 2.79953605618591 -99 -99 -99 -99 -99 -99 -99
-99 1.94101952208277 -99 -99 -99 -99 -99 -99 -99 -99
-99 -99 -99 -99 -99 -99 -99 -99 -99 -99
-99 -99 1.69853969875165 -99 2.06864901854172 1.78788622784371 1.90754669444845 -99 -99 1.63383609733849
-99 -99 0.273504640413232 -99 -99 -99 -99 -0.988059549591298 0.83570660437859 0.277892530893615
-99 -99 -99 2.93871876852276 -99 -99 2.05775504781205 -99 -99 -99
-99 -99 -99 0.012133265008504 0.90859696773575 -99 -99 1.2317373164093 0.70797671587066 -99
-99 -99 0.313441261663833 -0.836910836834681 -99 -99 -99 -99 -99 -99
1.97269026462003 -99 -99 -99 1.32401246546465 -99 2.82887181516523 -99 -99 -99
-99 2.43858001528152 -99 4.28343360803151 -99 -99 -99 -99 0.331611046988065 -99
-99 -99 -99 -99 -99 -99 -99 -99 -99 -99
-99 0.168327036772683 -99 -99 -99 -99 1.48165150636938 -99 -99 0.655635058951988
1.77239708145032 -99 -99 -99 -99 -99 -99 3.54194458031266 -99 -99
-99 -99 -99 -99 1.47972731964666 -99 -99 -99 -1.15094038770586 0.0238010714671626
-99 0.710915217388394 0.858590242805825 -99 1.29022169141288 -99 -99 -99 -99 -99
-99 -99 -99 -99 -99 -99 -99 0.617996848592306 -99 -99
-99 -99 1.82425877128421 -99 -99 1.22911300589744 -99 -99 -99 -99
-99 -99 -99 -99 -0.691377045468182 0.0442995959333842 -99 -99 0.880479875734166 0.502341713233261
-99 -99 -99 -99 -99 -99 1.47090482332453 -99 1.05246421945274 -99
-99 1.14322700461348 -99 -99 -99 -99 1.43344028600845 -99 -99 1.06973595655626
-99 -99 -99 -99 -99 -99 -99 -99 -99 -99
-99 -99 -99 -1.3996255586356 0.529537501836045 -99 -99 -99 -99 -0.798674749098906
-0.937052513411129 -99 -99 -0.933647430726668 -99 0.16118599185967 -99 -99 1.6742302916985 2.47038474567406
1.93944176767799 -99 -99 2.83369625824178 -99 -99 1.37588068778306 1.95224288386585 -99 -99
-99 -99 -99 -99 1.59383412482935 -99 -99 -99 -99 -99
-99 -99 -99 -99 0.612123873112193 2.2740027780544 -99 -99 -99 -99
-99 -99 -99 -99 -99 -99 0.147906460226554 -99 -99 -99
-99 -0.0932605118980698 -99 -99 -99 0.391519082670943 -99 -99 -99 -99
-99 -99 -99 0.608377567805216 1.52940811391323 -99 -99 -99 -0.845056912703389 -99
-99 -0.300477771625399 -99 -99 -99 -99 -1.09491513583578 -99 0.500713078694899 -99
-99 -99 -99 -99 -99 -99 -99 -99 1.57536629534836 -99
-99 -99 -99 -99 -99 -99 -99 1.62668032241441 0.0682208431975527 -99
-99 1.59003253670532 -99 0.210947640402057 -99 -99 -99 -99 -99 -99
-99 0.734652086260256 -99 -99 1.01491597591284 -99 0.825784167473749 -99 -99 -0.378228229257762
-99 0.293221283445689 -99 -99 -99 1.05585715899499 -99 -99 -99 -99
3.14685813151504 -99 -99 -99 -99 -99 -99 -99 -99 -99
4.20740190231283 -99 -99 -99 -99 -99 3.86233316520519 -99 -99 -99
-99 -99 -99 -0.627863265882445 1.39406407674426 -99 -99 -99 -99 -0.0162254706078766
-99 -99 -99 -99 -99 -99 -99 -99 0.918710141228644 -99
-99 -99 1.54286534664641 1.13741364789142 -99 -99 -99 -99 -99 -99
-99 -99 1.26790080934793 -99 -99 -99 -99 -99 -99 -99
-99 -99 0.816721822866264 0.479022134708423 -99 -99 -99 -99 -99 -99
-99 1.87672005302544 1.83250922919429 -0.527815107622549 -99 1.94378913278247 1.18532579253672 -99 -99 -99
-99 -99 -99 1.86837401759836 -99 -99 -99 -99 2.85409068487382 -99
-99 -99 -99 -99 -99 -99 0.914798052827 -99 -99 -99
-99 -99 -99 -99 -99 -99 -99 -99 -99 -99
-99 -99 -99 -99 2.86600313197874 -99 -99 2.87803247475836 -99 1.57637127408823
-99 1.21035101916945 -99 -99 -0.243521601385204 0.201070815611956 -99 -99 -0.661038683397671 -0.204839747921767
-0.615393531988921 -99 -99 -0.0464153859530188 -99 -99 0.502216515403159 -99 -99 -99
-99 -99 -99 -99 -99 -0.246974735245219 -99 -1.02714058506329 -99 -99
-99 -99 -99 -99 -99 0.0379925537923326 -99 -99 -99 -99
-99 -99 -99 -99 -99 -99 -99 -99 -99 -99
-99 -99 1.19308717701416 -99 -99 -99 -99 -99 -99 -99
1.09848905846735 -99 -99 -99 -99 -0.0878939377138888 -99 1.49277797207376 2.59267147554679 -99
0.817977244259995 -99 2.55131635366927 2.03640707940611 1.80471938204649 -99 -99 -99 -99 -99
-99 3.41602917033143 2.27927680627012 -99 -99 2.67822477864688 -99 -99 -99 -99
2.17644517416147 -99 -99 -99 -99 -99 -99 -99 -99 -99
-99 -99 -0.942501119421483 -99 -99 -99 -99 -99 -99 -99
-99 1.96995041363653 -99 -99 -99 -99 2.13181497744223 -99 -99 -99
-2.29143487673782 -99 -99 -99 -99 -99 -99 0.524240626138811 -99 -99
-99 -0.0513030792629749 -99 2.99921912313755 1.17662009108756 -99 0.0307888402370792 -99 -99 -99
-0.166972254303299 2.38504583474362 -99 -99 -99 -99 2.39734062588598 3.3740058067472 -99 -99
3.04824112037492 -99 -99 -99 -99 -99 -99 -99 -99 -99
0.356805501139859 -99 -1.63745735519444 -99 0.600940476057694 -99 -99 -99 -99 -99
-99 2.07308225724529 -99 0.273954321112811 -99 -99 0.984648302966999 -99 -99 -99
-99 -99 -99 -1.49444034895859 -99 -99 -0.172117010992613 1.46494693436645 -99 -0.765717352354897
-99 -99 -0.128508260843629 -99 0.40685035678758 -99 -99 -99 -99 -99
-99 -99 -99 -99 -99 -0.130398564142528 -99 1.70885482266414 -99 -99
-99 0.423913537511136 -99 -99 -99 1.8341432889836 -99 -99 -99 -99
1.28046719028308 -99 -99 -99 -99 -99 -0.868029717180143 -99 -99 -99
2.35286957933914 -99 -99 -99 -99 -99 -99 -99 2.03205681283881 -99
0.920483656965271 -99 -99 -1.21145873140345 -99 -99 -99 -99 -99 -99
-99 -99 -0.784180767448716 -99 -99 -99 -99 -99 -99 2.26127119645917
-99 -99 -0.520027023316179 -99 -99 -99 -99 -99 -99 -99
-99 -99 -99 0.095087196975705 -99 0.720793879635454 1.07386356916632 -99 -99 -99
2.26301380351709 -99 -99 -99 -99 -99 -99 1.37328323599687 -99 -99
-99 0.198428293384445 -99 -99 -99 -99 -0.279460242158666 -99 -99 -0.879928377176732
-99 3.34093964063789 -99 5.65325899459943 -99 -99 -99 -99 -99 -99
-99 -99 0.426536141655783 -99 -99 0.0566498343095477 -99 -99 -99 0.668180638960587
-99 -99 -99 -99 1.10965020931457 -99 -99 1.04401122389472 -99 -99
-99 -2.838245297487 -99 -99 -99 -99 -99 -99 -4.21540876109788 -99
0.584454124695443 -99 -99 -0.32674765206328 -99 -99 -99 -99 -99 -99
-99 -99 -99 -99 -99 -99 -99 -99 -99 -99
-99 -99 -99 -99 -99 -99 1.41658743532186 -99 -99 0.662776929749138
-99 -99 -99 -99 -1.14321414304202 -99 -0.540359411490478 -99 -99 0.445506239054136
-99 -99 -99 -99 1.17071212718707 -99 -99 -99 1.45714550639825 -99
-99 -99 2.24091671188549 -99 -99 -99 -99 -99 -99 2.69583104901965
-99 2.59608770755973 -99 -99 -99 1.17757700350563 -0.866594832354715 -99 -99 -99
-99 3.56156873953027 -99 -99 1.92741778170684 -99 -99 2.14869009814286 1.52470359000654 -99
-99 -99 2.95729526935484 -99 -99 -99 -99 -99 1.3835861834714 -99
-99 -99 -99 -99 -99 -99 -99 -99 -99 3.5915901100858
-0.987939648148313 -0.276280758102617 -99 -99 -99 1.11789305524517 -99 -99 0.447471236320647 -99
3.47168647672359 -99 2.38881573261101 -99 -99 1.64805630325208 -99 2.57013129840035 1.43964782446168 -99
-99 -1.72926978517667 -99 -2.11238738271671 -99 -1.00213718855718 -99 -99 -1.64973914613777 1.157568570926
-99 4.01702210531389 -99 -99 3.14240696573391 -99 -99 -99 -99 -99
-99 -99 0.06617561850661 1.19722256643074 -1.10900679355087 -99 -99 -99 -99 -99
-99 -99 1.8882493557449 -0.786312220096641 -99 -99 -99 -99 2.32359642777693 -99
-99 -99 -99 -99 -99 -99 -99 -99 0.578492103694805 1.73708760777947
-99 -99 -99 -99 -99 -99 5.12542294160842 -99 -99 -99
-99 -99 -99 -99 -99 -99 -99 -99 -99 -99
1.86980426956775 -99 -99 -99 -99 0.0155569293037398 -99 -99 -99 3.49105069807435
-99 -99 -99 -99 -99 -99 -1.40109780931249 -99 -99 -0.899477325069062
0.700708410858003 -99 -99 -99 -99 -99 -99 -99 -99 -99
2.46127080704763 -99 -99 0.467342360609551 2.49060493250825 -99 -99 -99 3.44192216167513 -99
-99 -99 0.683682164689708 -0.108605301111081 -99 -99 -99 -99 0.990585313159035 1.77320847823065
-99 -99 -99 -99 -99 -99 -99 -99 0.316210441388315 1.09722181565406
-99 -99 -99 -99 -99 -0.446763969579695 -99 3.31499790783867 3.63691679169094 -99
-99 -99 -99 -99 0.990626080314517 0.317131376225859 -99 -99 -99 -99
-99 -99 -99 -99 2.15212602770596 -99 1.81286064008754 2.46520849078413 -99 1.10227528891164
-99 -99 -99 -99 2.07260090839151 -99 -99 -99 -99 -99
0.50774486071549 -99 -99 1.27898853430271 -99 -99 -99 -99 -99 -99
-99 -99 -99 -99 -99 -99 -0.185572361924252 -99 -99 -99
-99 0.479391611862416 -99 -99 -99 0.374847687330974 -99 0.709364089111721 -99 1.29856491580395
-99 -99 -99 -99 -99 0.497039846222556 -99 -99 -99 -99
-99 -99 -99 0.28637989406369 -99 0.785368824184052 -99 1.34210922270593 -99 -99
-99 1.50059145198855 -99 1.91736596750374 0.746535341864653 -99 -99 0.574464135024719 -99 -99
-99 -0.840969183377101 -0.446089410351681 -0.0554089240925253 0.911810362086873 0.589972513055182 -99 1.45495828460416 -99 -0.81262644590491
-99 -0.77754002413125 -99 -99 -0.420626019039096 -99 -99 -99 0.405873192936071 -99
-99 -99 -99 -99 4.77291177514454 -99 -99 4.28780085340936 -99 -99
2.03408825022159 -99 -99 3.76311112158471 2.03855641255388 -99 -99 3.65192777612189 -99 -99
-99 1.1018837724816 1.11437363319667 -99 -99 -99 -99 -99 2.53334482026557 -99
-99 -99 -0.933028944052595 -99 -99 1.17657494694306 -99 -99 -99 -99
-99 -99 -99 -1.48448359851366 0.166524187540511 -2.79703252212095 -2.02918466002579 -99 -99 -99
-99 -99 -99 -0.226313764404143 -99 -99 -0.638236577077493 -99 -0.664599102128912 -0.251448122687457
-99 -99 2.28508256797821 2.35938130569887 -99 3.13171306772153 -99 -99 -99 -99
-99 -99 -99 -99 -99 -99 -99 -99 -99 1.14760718453934
-99 1.32287654609524 -99 -99 -99 -99 -99 -99 2.23041614402966 -99
-99 -99 1.24625644874535 -99 1.00286325977412 -99 -99 0.811021109602092 -99 -99
-99 -0.485101867481627 0.305562285865872 -99 -99 -99 0.156660206320131 -99 -99 -99
-99 -99 -99 2.05192210780218 -99 2.31532964511703 -99 0.958559824366253 -99 -99
-99 -99 -99 1.5988190775434 1.42220875026727 0.777763922543573 -99 1.78130478535608 3.39275025349211 -99
-99 -99 -99 -99 -99 -99 -99 -99 -99 -99
-0.624266894412453 -99 -99 -99 -99 0.126686977408532 -99 -99 0.631489401917834 -99
-99 -99 -99 -99 -99 -99 -99 -99 -99 -99
-99 -99 -99 -99 -99 -99 1.41475842956092 1.56760327824314 1.32380615785146 0.109517281076289
-0.387808746556768 -99 -99 -2.37162645632476 -99 -0.754755746782636 -99 -99 -99 -0.571153077429512
2.95140924671864 -99 -99 -99 -99 -99 -99 -99 -99 -99
-99 -99 1.61737979203582 -99 -99 -99 4.19200591222295 -99 -99 -99
-99 -99 -99 -99 -99 -99 -99 -99 -99 -99
-99 2.18152565429474 -99 -99 -99 -99 -99 -99 -99 -99
-99 -99 -99 -99 -99 -99 -99 -0.862488267670775 -99 -99
-99 -99 3.63723909723715 1.5093196740218 -99 -99 -99 2.6096502789189 -99 1.94525194820973
-99 -0.474429507691931 -99 -99 0.78964047186401 -99 0.164018751480339 -99 -99 -99
-99 -99 -99 -99 -1.03592766386356 -99 -99 -99 -0.225761263282165 2.58436497945214
-99 -99 -0.700580815861476 -99 -99 -99 -99 -99 -99 2.23164184046307
-99 -0.048580624103653 -99 -99 -99 -99 -99 -1.15928510242534 -99 -99
-99 -99 -99 -99 -99 -99 -99 -99 -99 -99
-0.389789640591847 -99 -99 0.0585886722738722 -99 -0.917360308230763 -99 -99 -99 0.807042896479467
-99 1.74956109726444 -99 1.18518569982687 -99 1.18246267256932 -99 -99 -99 -99
-99 -99 -99 -99 -99 -0.669887593233801 -99 -99 -99 -99
-99 2.41609697469359 2.43986964223437 -99 -99 -99 -99 2.94460712239863 -99 -99
-99 -99 -99 -99 -99 -99 -99 -99 5.45033587883944 2.38923552444295
-99 0.0612014875193091 1.14452093022584 -99 -99 -99 -99 -99 0.017129315404627 1.81163060611395
-99 -99 0.650228303096171 -0.636955362853512 -99 -99 -99 -99 -99 -99
-99 -99 -99 -99 -99 -1.61662671190455 -99 -99 -99 -99
-99 -99 0.508357804005343 -99 -99 -99 -99 -99 -99 -99
-99 -99 -99 -99 -99 -99 -99 -99 3.03850845897148 -99
-99 -99 -99 -99 -99 -0.423459653620976 -99 2.06299251544083 -99 -99
-99 -99 -99 0.969407127734625 -99 -99 -99 -99 -99 2.58171994471128
-0.283684714925173 -0.630751624079896 -99 -99 0.560268452180819 -99 1.54222956545865 -99 0.293167502121481 -99
-99 2.12753840521632 -99 -99 -99 -99 -99 -99 -99 -99
-99 3.88878998788456 -99 -99 2.61090016271597 -99 0.870753896123704 -99 -99 -99
1.11429563042382 0.453770887695784 -99 -99 -99 -99 -99 -99 -99 -99
1.74090042929042 -99 -0.122892848560157 -99 0.925489759660038 -99 -99 -99 -99 -99
-99 -99 -99 -99 -99 -99 -99 -99 -99 0.409328236772171
-99 -99 -99 -99 -0.0880684955806716 -99 0.0908420668652429 -99 -2.28825221997019 -99
-99 0.129136306406557 -99 -99 -99 2.97433832535237 -99 -99 -99 3.75380298953995
-99 3.36039606579702 -99 -99 -99 -99 -99 -99 -99 1.91851809371659
-99 -1.1761851557067 -99 -99 0.740362989339653 -99 -99 -0.759224429863308 -99 -99
-99 -99 0.0166243327182979 -99 -99 -99 0.321749401937154 -99 -99 -99
-99 1.72257196436944 -99 -99 -99 -99 -99 -99 -99 -99
1.38351671473875 2.55202385526575 -99 -99 -99 1.5521959928478 0.0474354149644404 0.753398918295849 -99 -99
0.535700366943196 -2.29855262916538 -99 -99 -99 -99 -99 -99 -99 -99
0.0601047775595542 -99 -99 0.952275644630904 -99 -99 0.166883147956519 -99 -99 -99
-99 -99 0.395815683497161 -99 -99 -99 -1.226091662471 1.51740286230698 -99 -99
2.54792596345075 -99 -99 2.43952019885744 -99 -99 -99 -99 1.03422732927398 -99
1.51827869591109 1.78608983369563 -99 -99 2.10183474146944 -99 -99 3.25666810698877 -99 -99
-99 -99 -0.595038646819359 -99 -99 2.62230640653878 -99 1.80235620278074 2.77541170103841 -99
-99 0.538446091976044 -0.34151327770109 -99 -99 -99 -99 -99 -99 0.384047891072513
-99 -99 0.678441337728095 -99 -99 2.37349599773006 -99 -99 -99 -99
-99 -99 -99 -99 -99 2.7658941313987 1.1441493964139 -99 -99 -99
-99 -99 -99 -99 -99 -99 -99 2.29568207779931 -99 -99
-99 -99 1.17336206327246 -99 -99 2.36192167738862 -99 0.583602369763531 0.552669645087228 -99
-99 3.60524282419065 -99 -99 -99 2.67007374553106 -99 -99 -99 -99
-99 0.813713442186706 1.77963586869789 -99 -99 -99 -99 0.887746402794093 -99 -99
-99 3.12760041853013 -99 -99 -99 0.390739945049966 -99 1.20870251427957 -99 -99
-99 -99 1.24192204858665 -99 -99 -99 -0.735635188346483 -0.398283294496509 -99 -99
-99 -99 -0.518012715540474 0.642886188759855 -99 -99 -1.43867530200416 -99 -99 -99
-1.15949631008132 -99 -99 -99 -99 -99 0.902998395332522 -99 -99 -99
-99 -99 -99 -99 -99 -99 -99 -99 -99 -99
0.584851312476353 -0.757755273917458 -0.911186422548167 2.05299571595151 -99 0.990262989502209 -99 -99 -99 -99
-99 -99 -0.366316349898398 -99 -99 -99 0.22951790779442 -99 -99 -99
-0.555463469791794 -99 1.27251411472464 1.40278744053751 -99 -99 -99 -99 -99 0.775608028272466
-99 -99 -0.624552266959645 -0.767949215633087 -99 -0.746850288458335 -99 0.266467630457741 -0.956799764585194 -99
-99 -99 -99 -99 -99 1.36581183158496 -99 2.72844862002945 -99 -99
-99 -99 -99 -99 -99 -99 -99 -99 0.750948201670279 -99
-99 -99 -99 3.55718557100026 -99 -99 2.20075754198189 -99 2.10607137606677 3.95712128830392
-99 -99 -99 -99 -99 1.16976260873519 -99 -99 -99 -99
-99 -99 -0.379266728150355 -99 -0.0947864773890208 -99 1.79106676306572 -99 -99 -99
-99 -99 1.14495547922724 -99 -99 -1.50147671011527 -0.790077685807864 1.40759079286511 -99 -99
-99 -99 -99 -99 -99 -99 -99 -99 -99 2.26857895171984
-99 -99 -99 -99 -0.260633917009371 2.09567604329215 -99 -99 0.137264125346137 -99
1.71114273787953 2.45736604859935 -99 -99 -99 -99 -99 -99 2.16902291619569 -99
0.855684869603034 -99 -99 -99 -99 0.71163165373135 -99 1.52939584870987 1.18211987040589 -99
-99 -99 1.02291867442256 -0.0166596769637355 -99 -99 -99 -99 -0.400864883156085 -99
-99 4.26037262644139 4.03495228545393 -99 -99 -99 4.01431938612328 -99 -99 -99
-99 -99 -99 0.632497894749438 -99 -99 -0.384016484960225 -0.298513637616829 -2.51940054081991 -99
-99 -1.34220334128154 -99 -99 0.346050590385773 -99 -99 -99 -99 -0.448411897374386
-99 -99 -99 -99 -99 -99 -99 -99 -99 -99
-99 1.2781496633552 -99 -99 -99 2.6832204859975 -99 -99 1.67456306207681 -0.151005021572301
-99 -99 -99 -99 -99 -99 -99 -99 -99 -99
-99 -99 -99 -99 0.83338926139947 1.61880374425585 -99 2.41637497704533 -99 -99
1.38278950034592 -99 -99 -99 -99 -99 -99 -99 1.68993321662223 -99
-99 -99 -99 -99 -99 1.26829814390898 -1.98151576077271 -99 -99 -1.42120183072666
-99 -99 -99 -99 -0.495823585343628 -99 1.42485909915506 -99 -99 1.36952778593106
-99 -99 -99 -99 -99 -99 -99 -99 -99 0.126038177018582
-99 -99 2.4041924411838 1.16747983329381 -99 -99 -99 -99 1.17832840340599 -99
-99 -1.03808359208536 -99 -99 -99 -99 -99 -99 -99 0.51416217026227
0.972352573394863 -99 -99 -0.473554639799775 -0.114375263515802 -99 -99 -99 -99 1.15224430349317
-99 -99 -99 -99 -99 -99 0.237775566015577 -99 -99 -99
-99 -99 -99 1.61767656760799 -99 -99 2.81497930813774 -99 -99 -99
-99 -99 -99 -99 -99 -99 -99 -99 -99 0.0774109869122483
-99 -99 1.49729208637927 -99 -99 -99 0.665991300316971 -99 -99 -99
-99 -99 -99 -99 -99 -99 -99 -99 -99 -99
-99 -99 -99 -2.56397817805365 -99 -1.10121060920052 -99 -99 -0.81227791946988 -99
-99 -99 -99 -99 -99 -0.598447449762418 -99 0.626921207253062 -99 -99
-99 -99 1.86868767906569 1.50868650277122 -99 -99 -99 -99 1.4844022852531 0.579900679039183
-99 -99 -99 -99 1.13647550870134 -99 0.804150579506858 -99 -99 -99
-99 -99 -0.207728542861838 -99 -99 -99 -99 -0.36702339846198 -99 -1.34965968927492
-99 -99 -99 0.0206438539143261 -99 -99 2.32058201926427 -99 -99 1.63230052198591
-99 -99 -99 -99 -99 3.08455167931869 1.57780441635828 -99 -99 -99
-99 -99 -99 -99 -99 -99 -99 -99 2.27857268455149 -99
-99 -99 0.328503595229151 -99 -99 -99 1.76889819673075 -99 -99 1.16753058587296
-99 -99 0.0748577091581488 0.369048172207616 0.938750217050146 -99 -99 -99 -99 4.01333116242501
-99 -99 -99 -99 -99 -99 -99 -99 -99 -99
1.4737961565849 -99 -99 1.9355793161228 -99 -99 -99 -99 -99 -99
1.82332933972876 -99 -99 3.44249107207835 -99 -99 -99 -99 -99 -99
0.659836239108148 -99 -99 -99 -99 -99 -99 -99 -99 -0.330353397518237
-99 -99 -99 -99 -99 -99 -99 -99 -99 -99
-99 -99 -99 -99 -99 -99 -99 -99 -99 -1.44980075814759
-99 -99 -99 -99 -99 -99 -99 -99 -0.553523925478333 -99
-99 -99 -99 -99 -99 -99 2.13654108473382 -99 -99 -99
-99 -99 -99 3.00651863218149 -99 -99 -99 -99 -99 -99
-99 -99 -99 -0.497693374564453 -99 -99 0.391919692023469 -0.428376180404436 -99 -99
-99 -1.22725351396935 -99 -99 -99 -99 -99 1.54240736398715 -99 -0.608653617554725
-99 -99 0.656602757075142 -99 -1.31354602237612 -99 -99 -99 -99 -99
-99 -99 -99 -99 -0.891228776374269 -99 -99 2.20551909450966 0.847617835968005 -99
-99 -99 -99 -99 -99 -99 -99 3.70144970916064 -99 -99
-99 -99 -99 5.71576839338063 -99 3.08978301047435 -99 3.78110275101447 -99 -99
0.646795370976639 -99 1.194147237025 -99 -99 -99 -99 -99 -99 -99
-99 -99 -99 0.528329605313867 -99 -99 -99 -99 1.6051179343229 0.264516392146003
-99 -99 2.88666573348483 -99 2.09442305463165 -99 -99 -99 -99 -99
-99 0.909893768492833 -99 -99 -99 -99 -99 -99 0.0621855068081887 -99
-99 -99 -99 -99 -0.930226958909206 -0.171818070201697 -99 -99 -99 -99
-99 -99 -99 -99 3.0822743591227 -99 -99 -99 -99 -99
2.26246402038123 2.40194917593088 -99 -99 -99 -99 -99 2.39534355249169 -99 -99
2.65954047021194 2.61458457155842 -99 -99 -99 -99 -99 -99 -99 1.94151869175175
-0.296434829146178 -99 -99 -99 -99 -99 -99 -99 1.05562479626248 2.57255757038516
-99 -99 -99 -99 -99 -99 -99 1.44486353629022 -99 -0.155614149841076
3.24198921976211 -99 -99 -99 2.5157041315633 -99 -99 -99 -99 -99
-99 -99 1.23231503754054 2.31442820374713 -99 -99 -99 1.65111046724282 -99 -99
-99 -99 -99 -99 -99 1.24205764004507 1.44996454234854 -99 -99 -99
-99 -99 3.20768757892468 -99 -99 -99 -99 -99 3.64485230579219 -99
-99 -0.342386640535342 -99 -99 -99 -1.7606842887895 -99 0.138862674696266 -99 -99
-99 -99 -99 -99 -99 -99 5.29757514133209 -99 -99 -99
-99 1.44836838019635 -99 -99 1.87960825564991 -99 -99 -99 0.662357731022658 -99
-99 -99 -99 -99 -99 -99 -99 -99 -99 -99
-99 -99 -99 1.17645709745101 -99 -1.94314343955368 0.583171621353549 1.47740368684005 -0.431053629695971 -99
-99 2.36517505238294 -99 -99 -99 2.38497318638546 -99 -99 -99 -99
-99 -99 2.08160643653876 -99 -99 -99 -99 2.22096634490749 -99 -99
-99 -99 -99 -99 -99 1.93212458054411 -99 -99 -99 -99
0.0720246071293702 -99 -99 -2.05965846729937 -99 -99 -99 -99 -99 -2.29523510378796
-99 -99 0.0497547848995391 -99 -99 -99 -99 -99 -99 0.610791946816997
-99 -99 2.40911847413844 -99 2.13527284433122 -99 -99 -99 -99 -99
-99 -99 -99 -99 -99 -99 -0.370478854689565 -99 -99 -99
-99 -99 -99 -99 -99 -99 0.383773205152597 -99 -99 -99
-99 0.455247606805469 -99 -99 2.34125604036155 -99 -99 -99 0.548090383671437 -99
-99 -1.31793862635233 -0.0232963663054377 -0.808885912994065 -99 -99 -2.79010964299079 0.982192633681911 -1.43084642567157 -99
-99 -99 -99 -99 -99 -99 -99 -99 1.40660091158038 -99
-99 -99 -99 2.25957197673082 -99 -99 -99 -99 -99 -99
-99 2.30524355655272 -99 -99 -99 -99 -99 1.97303908598402 -99 -99
3.29236000201979 0.658482600065236 -99 0.343084344643694 -99 1.22711625266021 -99 -99 -99 -99
-99 -99 -99 -99 -99 -99 2.16181658383622 3.40068353306373 -99 -99
-99 -99 -99 0.317767620867249 -99 -99 2.73240355436655 -99 -99 -99
-99 -1.23895661239994 -99 -99 -99 -99 3.07368566314439 -99 -99 3.75943476718457
-2.15068889241913 -99 -99 -99 -99 -99 -99 0.828271717496853 -99 -99
-99 -99 -99 0.239296318952751 -99 -99 -99 -99 -99 0.194988017533129
-0.119768274473961 -99 -2.40426137846197 -99 -99 -99 -99 -99 -0.587842428569719 -0.12914524152091
-99 -99 -99 -99 -99 -99 -99 -99 -2.28477671085861 -99
-99 0.615696577863047 -99 2.00755428519496 0.103107221222372 -99 -99 -99 -99 -99
-0.863521915098098 -99 -99 -99 -99 -99 -99 -99 -99 -99
-99 -99 -99 -99 0.555547886405458 1.77320465391705 -99 0.337423438362188 -0.750987549651674 -99
-99 1.44773744058968 -99 -99 -99 -99 1.66424358267608 -99 2.373825070217 -99
-0.8847047635173 -99 -99 -99 -99 0.617377487380762 -99 -0.207167043477729 -99 -99
0.817045106094374 0.555060567629917 -99 -99 -0.426704441376665 -99 -99 -1.21463773648831 -99 -99
2.26069269564394 -99 -99 -99 -99 -99 -99 1.16660558663941 2.2580541210695 -99
2.41038636588592 -99 -99 -99 -99 1.71799893180136 0.216357729898918 -99 0.101347603931908 -99
-99 -99 0.585521024373564 -99 -99 -99 1.70224313496317 -99 -99 -99
-99 0.460540204158251 -99 -99 -99 -99 -99 -99 -99 2.94931527114781
-99 -99 -99 -99 -99 -99 -99 -99 -99 -99
-99 -99 -99 -99 -99 -99 -0.505179836282926 -99 -99 -1.91300754554485
-99 -99 -99 -99 -99 -99 -1.66651987531614 -0.250825473889294 -99 -99
-99 -99 -99 -99 1.19153590738101 -99 1.75055179529613 -99 -99 -99
-99 1.89318603570091 -99 -99 1.18563020980418 -99 -99 -99 1.93773671415496 -99
-99 -0.330663791030908 -99 -0.987552166690995 -99 -99 -0.366747214880047 -99 0.0554621428884885 -99
-99 -99 4.86556036615766 -99 -99 -99 -99 -99 -99 -99
-99 -99 3.5661041083333 -99 -99 -99 -99 -99 -99 -99
3.33816586845008 -99 -99 -99 -99 2.49308061282184 -99 0.93404510665369 -99 -99
-99 -99 -99 -99 0.0845868271423712 -99 -99 0.758503881144524 -99 -99
-99 -99 -99 -99 -99 -99 -99 -99 -0.496021260789423 -1.45163097293657
-99 -99 2.25913239720244 -99 -99 -99 -99 -99 -99 -99
-99 -99 -99 -99 -99 -99 -99 0.546055042737271 -99 -99
-99 1.95363252216851 1.68634947428751 -99 -99 -99 0.934177097860204 -99 -99 -99
-99 -99 -99 -99 -99 -99 -99 -99 -99 -99
1.55296264602661 -99 3.92272724713515 -99 1.3606735519934 -99 -99 -99 -99 3.12803771430894
1.27905582336717 -99 -2.14441419558504 -99 -99 -99 -99 -99 -99 -99
-99 -99 -0.164661073564595 2.14172568409397 -99 -99 -99 3.9267785598554 2.80907771901883 -99
-99 -99 -99 -99 2.51253666919017 -99 -99 -99 -99 -99
-99 -99 -99 0.999582304305704 -99 -99 -99 1.10434346269888 -99 -99
-99 2.14073480546549 -99 -99 -99 1.91952272968662 -99 0.622260364704821 -99 -99
-99 -0.778311408617797 -99 -99 -99 -99 2.2674614987138 -99 0.304245784279083 -99
-99 2.00212480509507 -99 -99 -99 -99 2.65439658261116 -99 0.541991289382636 1.84337641384498
-99 -99 0.651220479703592 -99 -99 -99 -99 -99 -99 -99
-99 -99 -99 0.69736020629426 -99 1.39597200509205 -99 -99 0.75817225097998 -99
0.255605787055067 -99 0.622842436618814 -99 -99 2.95696026697382 -99 -99 -99 -99
-99 -99 -1.32500957286268 -0.885499500576518 -99 -99 -99 0.000632708158854856 1.03316042477791 -99
-99 -99 -99 -99 -99 -99 -99 -99 0.205082067074346 -99
-99 -99 1.79529547591849 -99 -99 -99 -99 -99 0.420678146843195 -99
3.22038743069009 2.49151295838613 -99 -99 -99 -99 -99 -99 3.05112959069955 -99
-99 -99 -99 0.456175000850464 1.6549435995278 -99 -99 0.483226865438349 -99 -99
1.18589055946558 -99 0.368905587393954 -99 -0.644073879564453 1.51699289679561 -99 0.470339753851999 -99 -99
-99 1.74891385019718 -99 -0.215610875806941 2.02915189334292 -99 -99 -99 -99 -99
-99 -0.854858014781462 -99 -99 -0.981254327271539 0.836616603164207 -99 -3.03669487524351 -99 -99
-99 -99 -99 -99 -99 -99 -99 0.826430923442703 -99 -99
-99 -99 -99 -99 -99 -99 -0.250152213002454 -99 -99 -99
-99 -99 -99 -99 -99 2.40683221656753 -99 1.23666910239553 -99 -99
-99 -99 -99 0.0806409395693914 -99 -99 -99 -99 -99 -99
1.43735645944023 -99 -99 0.841645894234857 -99 -99 -99 -99 -99 -99
0.647004376742269 -99 -99 -99 -99 1.77296526263625 2.20475238408329 -99 -99 -99
-99 -1.02363061378488 0.662489474644044 -99 -99 -99 -2.37581749791851 -99 -99 -99
-99 0.647222964974871 -99 -99 0.877232718276773 -99 -99 2.95755031009608 0.142976347681875 -99
-99 0.301204232334944 -99 -99 -99 -99 -0.0374945213159048 -99 -99 -99
-99 -99 -1.21267757458043 -99 -99 -0.212642473873496 0.123131818495797 -99 -99 -99
-99 -99 -0.300846224713956 -99 -99 1.18609872356305 -99 -99 -99 -99
0.476569051312505 -99 -99 -99 -99 -99 -99 -99 -99 0.23686425383216
-99 -99 -99 -99 -0.326538786182954 -99 -99 -99 0.698073737881729 -99
2.89191325277112 -99 2.1457110829834 -99 -99 -99 1.06171315248962 -99 -99 -99
-99 -99 -99 -99 2.53774803437769 -99 -99 -99 1.55699919897398 -99
-99 -99 3.32199300946748 -99 2.01273307099331 -99 -99 3.69786689609902 -99 1.05785553578467
-1.72397933414806 -99 -99 -99 -99 -99 -99 -99 -0.981018704902875 -99
3.93803410280137 3.06672102429116 -99 3.07121643885958 -99 2.26190734910268 -99 -99 -99 -99
-99 -99 -99 -99 -99 -99 0.772397437066325 -99 -99 -99
-99 -99 1.39926732300056 0.973115107107912 0.102713352219681 0.836732397601709 -99 -99 2.63144486567827 -99
-99 0.602692758895205 0.540395825312248 -99 -99 -99 1.34360869730093 -99 0.185839232720763 -99
-99 2.12241766101347 2.22157888483151 -99 -99 -99 -99 -99 -99 -99
-99 -99 2.3316324534457 -99 -99 -99 -99 -99 1.27097372598653 -99
-99 -0.199325707876204 2.8525695310143 -99 -99 -99 -99 -99 -99 -99
-99 2.62839657674842 -99 -99 -99 -99 -99 2.74804616166828 2.6272249802747 -99
-1.3616859421183 -99 -99 -99 -99 -99 -0.728641004576428 -99 -99 -0.630411698335598
-99 -99 -99 -99 1.85676521443207 0.158588877235095 0.557536594410367 -99 -0.310371235034012 -99
-99 -99 -99 0.57478422973817 -99 -99 -99 -0.0334366710539618 -99 -0.436904034406033
-99 -99 -99 -99 -99 -99 -99 1.18189773764135 0.296491100475917 -99
-99 1.11119659740013 -99 -99 2.34075633374888 -99 -99 -99 -99 -99
-0.680765715231512 0.84847397337413 -99 -99 -99 -99 1.63028601494906 -99 -99 0.498396115754055
2.53955654351944 -99 -99 -99 -99 4.02670133936968 -99 -99 -99 -99
-99 -99 -99 -99 1.18926588022652 -99 -0.0602837423493565 2.92576164310488 -99 1.69525019085
1.32661320220065 -99 -99 -99 -99 -99 1.66116312254292 0.713315498697232 0.925659895531039 -99
-99 -99 -99 -99 -99 -99 -99 -99 -99 -99
0.399585946387753 -99 -99 0.940295837672956 -99 -99 -99 -99 -99 -99
-0.750688958778083 -99 -99 -99 1.87774915200515 -99 -99 -99 -99 -99
-99 -99 -99 -99 -99 -99 -99 -99 -99 -99
-99 -99 -99 0.679269603305947 -99 -99 -99 -99 -99 -99
-99 -99 -99 2.37226553229455 -99 1.99468588421234 -99 -99 -99 2.4625645517445
-99 -99 -99 -99 0.265716238389179 -99 -99 -99 -99 1.85350935527643
-99 1.91368135793388 2.338153214936 -99 -99 -99 -99 2.62176005297015 -99 -99
-99 -99 -99 0.141311526358761 -99 -0.942808942021674 -99 -99 -99 -2.44515408671028
2.71492356901539 -99 -99 -99 -99 -99 -99 -99 -99 -99
-99 2.32942419184066 -99 -99 -99 -99 1.61563276882078 -99 -99 -99
-99 -99 -99 -99 1.9111272011095 -99 -99 3.78502170615371 -99 3.64134262771151
0.64567471361469 -99 -99 0.879998268688209 -99 -99 1.18483237887272 -99 -99 -99
-99 -99 -99 2.47223411915874 -99 -99 1.43050716045327 -99 -99 -99
-99 -99 2.04622696242635 -99 -99 -99 -99 -99 -99 3.69029493480273
-99 -99 -0.410145130490603 -0.220727587487664 -99 -99 -99 -99 0.492711421910439 1.17643088763074
-1.07647587125306 -99 -99 2.08507838235874 -99 -99 -99 -99 -99 -99
-99 -99 -99 2.43555360142966 2.30842395469191 2.12641279689722 1.77637862467746 2.4517774071801 -99 -99
-99 -99 -99 -99 2.16447762676651 -99 -99 -99 1.39423500577481 -99
-99 -99 1.50765877155649 0.693107634334547 -99 -99 -99 -99 -99 -99
-99 -99 -99 2.94771167177548 -99 -99 -99 2.85779714345238 -99 3.00469336998874
-99 -99 -99 -99 2.89894128298312 -99 -99 -99 -99 -99
-99 -99 -99 -99 -99 -99 -99 -99 -0.041228443623214 -2.00824910760849
-99 -99 -1.82654346980758 -0.57510178415848 -0.759240490686591 -99 -99 -1.17981620224522 -2.38240395903129 -99
-99 -99 -99 1.04563985425293 -99 -99 -99 -99 -99 -99
-99 -99 -99 -99 -0.230145530413082 -99 0.303763223934697 -99 -99 -99
-99 0.703038210531018 -99 -99 -0.316205270723844 -0.268821397081504 -99 -0.772910485501081 -99 -99
-99 -99 2.84508265426811 0.214285312681531 -99 -99 -99 -99 -99 1.49216972712504
-99 -99 -99 -99 2.14116831300487 -99 -99 1.97528457779534 2.3107627958465 -99
-99 -99 -1.35726917002602 -99 -1.47768125527951 -99 0.372009011923367 -99 -99 -99
-99 -99 -99 1.52875147454686 1.01822924607642 2.78539734984675 3.56153668461122 -99 1.37810500454604 -99
-99 -99 -1.07961478791787 -99 -1.87823903287714 -1.33478123223858 -99 0.471738970768994 -99 -99
-99 -0.00973584316865983 -99 0.733566588501796 -99 -99 -99 -99 -99 -99
-99 -1.22136454305596 -99 -1.3152049685987 -99 -99 -99 -0.470478835489903 -99 -99
-99 1.29316321122027 -99 2.44056658032547 -99 -99 -99 -99 -99 1.0730203297641
-99 -99 -99 -99 -99 -99 -99 -99 -99 1.71358810566867
-99 -99 -99 -99 0.389638015528105 -99 0.6313261853461 1.00335144173979 -99 -99
-99 -99 -99 -99 -99 -99 -0.0683043978600562 0.546329494107129 -99 -2.15339839615023
-99 -99 -99 -99 -99 -99 -99 0.187987273310566 1.73264618218178 -99
-99 -99 -99 -99 -99 -1.78779645157887 -99 -99 -99 -99
-99 -1.6091420721438 0.722792395308497 -99 0.0724321585153347 -99 -99 -99 2.15465172328989 2.33060021690638
-99 -99 -99 -99 0.875906196129176 -99 -0.24412062082497 -99 -99 -99
-99 -99 -99 -99 -99 -99 -99 -99 -99 -99
-99 -99 -99 -99 -99 1.17397782769357 -99 -99 -99 -99
-99 -99 0.903110587997181 -99 -99 -99 -0.130948974438322 -1.0731390967544 -99 -99
1.68684827187291 -99 2.93119639344531 3.16069790937799 -99 -99 0.355222262152467 -99 -99 1.79840753609298
-99 -99 -99 -2.66795659038082 -99 -99 -99 -99 -99 -99
-99 -99 -1.25089888033131 0.757730852727544 -1.45763529257197 -99 -99 -99 -99 -99
-99 -0.979051940684611 -99 -99 -0.991491214313795 -99 -99 -99 -99 -1.12187225705899
-0.0520058936112622 -99 0.90595535427095 -99 -99 -99 -99 -99 -99 -2.17549507257003
-99 2.32232792044014 1.43807660471168 1.53317974068366 -0.155780657858337 0.462362932076657 -99 -99 -99 -99
-99 -99 -99 -99 -99 0.444575139860574 -0.284670358868621 -99 -99 -99
-99 -0.67422080590417 -99 0.204082263802405 -99 -0.00834502194635034 -99 0.904983305731679 0.562857998216981 0.638311636143087
-99 -99 -99 0.748232173093654 -2.52588634531058 -99 -1.29792043105901 -99 -0.0809724046634228 -99
-99 -99 -99 1.20376278718454 -99 -99 -99 1.31082099042558 1.87637154658888 -99
-99 -99 -99 -99 2.71240834767608 -99 -99 -99 -99 2.56424064220678
-99 -99 1.70385090350375 -99 -99 1.75215780417824 -99 -99 -99 -99
-0.252156161411701 -99 -99 -99 -99 -99 -99 2.32456293329074 -99 -99
0.520745217044255 -99 -99 -0.199536432930945 1.26196656930809 0.562368249110632 -99 -99 -0.331767723673596 -99
-99 -99 -99 -99 -0.0357103633382856 -99 -99 -99 -99 1.59680572938702
-99 -99 -99 -99 -99 -99 -99 -99 -99 -99
-99 -99 -99 0.00804742397179159 -99 -99 -99 -0.937891724268196 -99 -99
-99 -99 -99 -99 -99 1.32884342801417 -99 -0.197494986483633 -99 -99
-99 -99 -0.327777194082374 -99 -99 -99 -99 0.380762723481573 -99 -99
-99 -0.234436827168687 -0.170054289901528 1.45647309241979 -99 -99 -99 -1.3881994022641 -99 -99
-99 -99 -99 -99 0.524622755539531 2.04387862287505 -99 -99 -99 -99
-0.0842740119209087 -99 -99 0.887648032609329 -99 -99 -99 1.18876084142353 -99 0.927502856434791
-99 1.46622790147756 -99 -99 2.11265192579688 -99 -99 1.94410027036707 2.82348568471365 -99
-99 -99 -99 2.85330275068218 -99 -99 2.6045982069375 -99 -99 -99
-99 -99 -99 -99 -99 -99 -99 -99 -99 -99
-99 -99 -99 -99 -99 -99 -99 -99 -99 -99
2.0853261417364 4.36841425495496 -99 -99 -99 -99 -99 -99 2.22811307604374 -99
-99 -99 -99 4.11181958884042 -99 -99 2.53391247577708 -99 -99 -99
-99 0.12512776089056 1.12425095750056 0.177951647062592 3.22477820009568 1.72639449178591 -99 0.967743034521536 -99 -99
-99 -0.288269739016787 -99 0.0120301386929037 1.33225186751948 -99 -99 -99 -99 -99
-1.58432624054517 0.0363426671018906 -99 -99 -99 -99 -99 -99 -99 -99
-99 1.34653254250102 -99 -0.165096075645802 -99 -99 -99 0.0242504511072316 -0.797306097286843 -0.885139998805902
-99 -99 -99 -99 3.14656241512528 -99 0.784616765958852 -99 -99 -99
-99 -99 -99 -99 -99 -1.61913747558884 -99 -99 -99 -99
1.60234361943126 -99 -99 -99 -99 2.39774186191491 -99 -99 -99 0.863506445599591
1.43900479281743 -1.15400044392836 -99 -99 0.61860261820258 0.618064354463516 1.62536074494527 0.943266609165569 -99 0.696900129237196
2.7796586199047 -99 -99 -99 -99 -99 -99 -99 -99 -99
0.587155193719423 0.75940808949579 -99 1.35191389224318 0.85412502812364 -99 -99 2.02571106752452 -99 -99
0.783814349770554 -99 -0.698214632658945 0.23890632931228 -99 -99 -99 -99 -99 -99
1.21922484451921 -99 -0.527401738546913 -99 -99 -99 -99 1.6653995042491 -99 -99
-99 0.8249889696645 -99 0.419674898371958 2.0220396414329 -99 -99 0.348435762046152 -99 1.62856340337739
-99 -99 -99 4.0541209533598 -99 -0.290442675816754 -99 -99 0.0501360492092661 -99
-99 3.34954930626555 -99 1.86687381851297 -0.490681342274801 2.15724470760854 -99 -99 -99 1.3357971414156
-99 -99 -99 2.74532475430165 1.89032436647774 -99 -99 -99 1.16771793150213 -99
-99 -99 1.37338246754968 -99 -99 -99 -99 3.98498299971224 -99 -99
-99 -99 -99 -99 -99 -99 -99 -99 -99 -99
-99 -99 -99 -99 -3.02800786181315 -99 -99 -99 -99 -99
-99 -2.13988276089925 -99 -99 -99 -99 -99 -0.730658900283508 1.91358229222429 -99
-99 -99 -99 -99 -99 -99 -99 -99 -99 -99
0.273910691849119 -99 -99 1.13510373727267 -99 -99 1.57199565822422 -99 1.42502607451588 -99
-99 -99 -99 -0.346217213519104 -99 -99 -99 -99 -99 3.38708358526435
-99 -99 -99 -99 -99 -99 -99 -99 -99 -99
-99 0.682600309567039 -99 2.91447064703625 -99 -99 -99 -99 -99 -99
-99 -0.720864711881399 -99 -99 -99 -99 -99 0.612157493751551 -99 -99
-99 -99 -99 -99 -99 -99 -99 -99 -99 -99
0.206516736531986 -0.974124755516919 -99 -99 -99 -99 -99 -99 -99 -99
-99 1.59806921841603 -99 -99 1.66594711696541 1.67481963657915 3.53686830422041 1.83846100842903 -99 -99
-99 -99 -1.72865213701706 -0.631047236080296 -99 -99 -99 0.571459370402139 -99 -2.69813504460452
-1.42990358604977 -99 -0.0673217564895017 -99 -99 -99 -99 -99 -99 -99
-99 -99 -99 -99 -99 -99 -99 -99 -99 -99
-0.50445737071973 0.868765905382093 -99 2.46296120578609 0.354748700551218 -99 -99 -99 0.743473881590037 -99
-99 -99 0.390896699960391 -99 -99 -99 -99 -99 -99 -99
-99 -99 -99 0.0769498718955712 -99 -99 -99 -99 -99 -99
-99 -99 -99 0.302710187591516 -99 0.276647722316251 -0.193309224972643 -99 -99 -99
-99 -99 -99 -99 -99 -99 -99 3.16147791391515 0.558080867584603 -99
-99 -99 2.60960446446055 -99 -99 2.23479735664106 -99 -99 -99 -0.848299155080604
-99 -99 -99 0.607116991390243 -99 -99 -99 -99 -99 -99
-99 -99 -99 -99 0.338356277503886 -99 -99 -0.0714758054185201 0.92733647582936 -99
2.13942054386626 -99 -99 -99 -99 -99 -99 -99 -99 -99
-99 -99 -99 -99 2.06724481348126 2.25841373967317 -99 0.871661396691197 -99 -99
4.46319134253798 -99 -99 -99 -99 -99 -99 -99 -99 -99
-99 -99 -99 -99 -99 1.28849673884873 1.12627515360146 0.622456063041932 -99 -99
-99 2.64304771177822 -99 -99 3.2069127398633 -99 -99 -99 -99 -99
-99 -99 1.32709010758904 -99 -99 -99 -99 1.72761717026705 -99 -99
0.556008785703426 -99 -99 -99 -99 0.49466853639828 -99 -99 1.11154231549649 -99
2.09565930687619 -99 -99 -99 -99 -99 -99 -99 -99 -99
-99 -99 -99 2.92230518608286 2.68008749094383 -99 -99 -99 -99 -99
-2.05987019870246 -99 -99 -99 -99 -1.65059296351304 -99 -99 -99 -99
-99 -99 -99 2.27883211033631 -99 -99 -99 -99 1.29911415947679 2.02209493087775
-99 1.73693385553608 -99 1.48971064082448 0.89482758043552 -99 -99 0.184635904109187 0.802571794550995 -99
2.34064820815177 2.30716833893799 2.15154564456494 1.76845588754139 2.43062245389755 -99 2.6216262360865 -99 -99 -99
3.04860814099398 2.11451865617862 -99 -99 2.44336851748599 -99 -99 -99 -99 -99
-99 -99 -99 -99 0.183946773717387 -99 -0.719945875289456 -99 -99 -99
-99 0.908094919978998 1.10003948358009 1.61202583697719 -99 -99 0.72599304622002 0.901057136021889 2.74393644545828 -99
-99 -99 -99 -99 2.54154442355649 1.19594315874844 -99 -99 -99 -99
2.02292316324896 -99 1.73588785040233 -99 -99 -99 -99 -99 -99 -99
-99 -99 -99 1.30281855706859 -99 -0.0290507189220621 -99 -99 -99 -99
-99 -99 -99 -99 -99 -99 -2.94481323916063 -99 -99 -2.41881610277591
-2.93189327421167 -99 -99 -1.88514294731025 -99 -2.17631969929528 -99 -99 -1.8205360437224 -99
-99 -99 -99 -99 -99 -99 -99 -99 -99 -99
-99 -99 -99 0.845018955996392 2.08569437777668 -99 -99 -99 -99 -99
-99 -99 2.50329713207933 -99 -99 -99 -99 -99 1.29554883958113 1.68895312734608
-99 -99 -99 -99 4.45168397866545 -99 -99 -99 -99 1.71488805320873
-99 -99 -99 0.261071192866265 1.29416499493629 -99 -99 -99 -99 -99
2.70138594325901 -99 -99 2.05931194259586 -99 -99 -99 2.00131903488844 -99 -99
-99 -99 -99 -99 -99 -99 -99 0.39364895474653 -99 -99
-99 -99 -99 -99 1.25232220819639 -1.21453552289152 -2.0519398015561 0.469645621218417 -99 -99
-99 -99 -99 -99 -99 -99 -99 -99 -99 -99
-99 -99 -99 0.851271502261231 -99 -99 -99 -0.24980620521936 -99 -99
-99 -99 0.611468203015775 -99 -99 -99 -99 -0.44592183403315 -99 1.01364800944012
-99 -99 0.309134248089755 -99 -99 -99 -99 -99 -99 -99
-99 -99 -99 -0.781988796418653 -99 -99 -99 -99 1.17483344148486 -99
-99 -99 -99 -99 -2.84343613202627 -99 -99 -99 -99 -99
0.370300705920265 -99 -99 -1.00799280497577 -99 1.15310574480508 -0.55828812995597 -99 -99 -0.267600338999408
1.75887390333083 1.45083635295398 -99 -99 -99 -99 -99 -99 -99 -99
-99 -99 -99 -99 -99 -99 -99 -99 0.843827536812324 -99
-99 -99 -99 -99 1.44460144998601 -99 -99 -99 -99 -99
-99 -1.23772768930244 -99 0.96261198166428 2.11978406577068 -99 -99 -99 -99 2.949889456981
0.617313029275478 -99 -99 2.07881153570487 -99 -99 2.29067812329049 -99 -99 2.70194744366533
-99 -99 -0.560935064781839 -99 -0.39737974324817 -99 -99 0.0808111760669044 -99 -99
-99 -99 -99 -99 0.511647364345983 -99 -99 -99 -99 -0.0647389487610233
-99 -99 -99 2.46749994618056 -99 -99 1.72193862637165 -99 -99 -99
2.24162284798028 -0.75881581431705 -99 -99 -99 -99 -99 0.00666795085373206 -99 -99
-99 -99 -99 -99 0.535815224416045 -99 0.440755114017914 -99 -99 -99
-99 1.71265253598471 -99 -99 -1.0800617467004 -99 -99 0.499326887157615 -99 -99
-99 1.20288001614646 -99 -99 -99 1.123116341661 -99 -99 2.66043230870848 -99
-99 0.406424767386525 -99 -99 -99 -99 -99 -99 -99 -99
-99 -0.120906251044626 0.00612870815339983 -0.964979498978614 -99 1.06565532467848 0.439536703154206 0.906822478122588 0.892436707577203 -99
-99 0.387579854054591 -99 -99 -0.489387709051614 -99 -99 -99 -99 -99
-99 -99 2.94626900776407 -99 -99 -99 -99 2.18842575404089 -99 -99
-99 -99 -99 -99 -99 -99 -99 -99 -99 -2.21627867878036
-99 -99 -99 -99 -99 -99 0.31038406785882 0.184767025667975 -99 -99
-99 -99 2.40591690797081 -99 -99 -99 -99 -99 -99 -99
-99 -99 0.245721481689141 -99 -99 -99 -99 1.21830834630713 0.711107806173335 -99
-99 -99 0.332778454324583 -99 -99 -99 -99 -99 -99 -99
-99 -99 -99 -99 -99 -99 -99 2.5370736515147 2.117981396714 1.97205135324802
-99 -99 0.493727788433896 -99 -99 -99 -99 -99 -99 -99
-99 -99 -99 -99 1.01881937056919 -99 -99 -99 -99 -0.427499427445498
-99 -99 -99 -99 -99 -99 -99 2.90507567317185 -99 -99
-99 -99 -0.327315104688265 -99 -1.58763914997231 -99 -99 -0.0751550070502027 -1.6645846389508 -0.266639406441998
-99 -99 -99 -99 -99 -99 2.22037028387118 -99 -99 -99
-99 -99 -99 1.26077157932375 -99 -99 1.57458258647358 -99 -99 -99
-99 -99 -99 -99 -99 -99 1.41253029194553 -99 -99 -99
-99 -99 1.34824332136634 -99 -99 -99 -99 -99 -99 -99
2.41299873913528 -99 -99 -99 0.449171848051792 -99 -99 -99 -99 -99
-99 -1.19126350341022 -99 -99 -99 -99 -1.80457626885307 -99 -0.994025164904515 -99
-99 -99 -99 -99 -99 -99 -99 -99 0.441839082687959 -99
2.44071428727353 -99 4.88756564561343 -99 -99 -99 -99 2.2026534566356 -99 -99
-99 2.9578690045924 -99 1.29204549641469 -99 -99 -99 2.28974955737972 -99 -99
-99 -99 -99 -99 -99 -99 -99 -99 1.998670676282 -99
-99 -99 -99 -99 -99 -99 -99 -99 1.48658026306852 -99
-99 -99 0.487377713355184 -99 -99 -99 1.99006309255388 -99 -99 -99
-99 -99 -0.168396031175347 0.959755014981957 2.19904230276779 1.64964986048345 -99 -0.0915133426531523 -99 -99
-99 -99 -0.914335690803931 -99 -0.0841649502492325 -99 -99 -99 -99 -99
-99 1.77185811214986 -99 -99 -99 -99 -99 -99 -99 1.10438540111015
-99 0.988951814274432 -99 -99 -99 -99 -99 -99 -99 -99
-99 -99 -99 -99 -99 0.343960234950955 -99 -99 -99 -99
1.86120462066613 1.34320248677017 -99 -99 -99 -99 -99 2.46084674152308 -99 -99
-0.322020278094936 -99 -99 -99 2.44484572210188 -99 -99 -99 -99 -99
-99 1.34798376525456 1.12056521464762 -99 -99 1.58879038828203 -99 -99 -99 0.643064620966105
-99 -99 0.898204305258891 -99 2.29684197403846 2.43847063272221 1.78645862486154 -99 -99 3.21738669517336
-99 -99 -99 -99 -99 -99 -99 -1.1045879510332 -99 -1.82017827256375
0.72693831073622 -99 1.71372918530896 -99 0.0349573691359392 1.56182213512374 -99 0.856302752434965 -99 2.8418309752855
-99 -99 -99 2.45461335755147 1.71460443511873 -99 -99 -99 -99 -99
2.3749606993331 -99 -99 -99 1.50450596699118 -99 -99 0.738297097921437 -99 -99
0.366081115378661 -99 -99 -99 -99 1.24543510620041 0.0954081063952267 -99 0.791296218968501 2.79983766484024
-99 -99 -99 0.4931863199846 1.63228839765066 -99 -99 1.68367376573722 -99 -99
-0.892566140610797 -99 0.221526046253025 -2.27838305628038 -99 -99 -99 -99 2.43856505419701 -99
-99 -99 -99 1.86064648687277 -0.768953175987574 0.268330822475089 -99 -99 -99 -99
-0.335645570643401 0.31221749176398 -99 -1.41944057361332 -99 -99 0.977355165038172 -99 -99 -99
0.373980871816349 -0.165166344995061 -99 -99 -99 -99 -99 -0.241302123788321 -99 -99
-99 -99 -99 0.0266978636385492 -99 -99 -99 -99 -99 -99
-99 -99 -99 -99 -99 -99 -99 1.49219695691657 1.71972814981952 -99
-1.27356109705042 -99 -99 0.934852290932727 -99 -99 -99 -99 0.57299525624258 -99
-99 -99 -99 2.54537938570107 -99 -99 -99 -99 -99 -99
-99 1.50935191134444 2.30999927365646 -99 2.31772769718436 -99 0.66162946088666 1.93079851530521 -99 -99
-1.93286061002704 -0.540969897074285 -99 -99 2.19013775999696 -99 -1.21653432565915 -99 -99 -99
-99 1.99937246254743 -99 -99 -99 -99 2.1918308333096 -99 -99 -99
-99 -99 -99 -99 -99 -99 -99 -99 -99 -99
1.5211929701204 0.782398797806817 -99 -99 1.17109136619577 -99 -99 1.07386983898878 -99 1.8394854256026
-99 -99 2.49921047313318 -99 4.01893479489058 -99 -99 1.10935574019617 2.7816796885565 -99
-99 -99 -0.312349247233177 -2.18779610803969 -99 1.18155088054126 -99 -99 -99 -99
-99 0.0586495988210578 -99 -99 -99 -99 -99 -99 -99 -0.697839053183086
0.894632124830317 -99 -99 -99 -0.102818433768269 -99 -99 -0.544244070651531 -99 -99
-99 -99 0.687842255588787 -99 -99 0.705463477445199 -99 -99 2.33371753501424 -99
0.647578468064963 -1.18480156394856 -99 -99 -0.377208170973486 -99 0.641957363260438 -99 -99 -99
-99 -99 2.66638639995352 -99 -99 -99 0.501211847149439 -99 -99 -99
-1.68315945133182 -99 -99 -99 -99 -99 -2.30205849049013 -1.42697571361226 -99 -3.15558929956033
-99 -99 3.43337772825046 -99 -99 -99 -99 -99 4.80295354703367 -99
1.82007769236896 -99 0.244845526028894 0.939824369645679 -99 -99 -99 -99 -99 -99
-99 1.72436164046723 -99 4.13146020444425 -99 2.76735257690246 -99 -99 -99 3.05366609199871
-99 -99 -99 -99 -99 -1.93900963475955 0.785841715449751 -99 -99 -99
