0.642007002597353 3.02366314258806 -99 -99 -99 -99 -99 -99 0.060193769775837 1.81912842983908
0.715775730078326 -99 0.750957655223335 -99 -99 -99 -99 -99 -99 -99
-99 -99 -99 -99 -99 -99 -99 -99 -99 2.87389614323384
-99 -0.317226156043526 -99 -99 -99 -99 0.606710454324963 -99 -99 -1.01451112208767
-99 -99 2.01541638891039 1.49890053413266 1.01067191251102 -99 -99 2.79609860900187 -99 -99
-99 -99 -1.58579778038606 -99 -99 -99 -99 -0.922276920375895 -99 -99
-99 -99 -99 -99 -99 2.47624128289488 -99 -99 -99 -99
-99 -99 -99 -99 -0.641885184719214 0.50055581352651 -99 -99 0.231499464312217 -99
-0.312824478871878 -99 -99 0.927058399265751 -99 -99 -99 -99 -99 -99
-99 -99 -99 -99 0.558026053168262 -99 -99 2.45020031440029 -99 1.45985132910206
-99 3.27700016702041 -99 -99 -99 -99 -99 -0.208389629261538 -99 -99
-2.70495257376749 -99 -99 -99 -99 -99 -99 -1.22085140761361 -99 -99
-99 -99 -99 -99 1.69903486505071 -99 2.07456864670046 -99 -99 0.735023388861302
-99 1.97395498120199 -99 -99 1.13515919141243 0.867600574482618 -0.77376070992604 -99 -99 -99
-99 -99 -99 -99 -99 -99 -99 -99 -99 3.72892340539661
-99 1.4824365857884 2.04817733855565 -99 -99 -99 -99 -99 -99 -99
1.42134400770821 -99 -99 -99 -99 -99 2.05207940469493 -99 2.18782237730229 -99
-99 -99 -99 -99 -99 -99 -99 -99 -99 2.93798602568004
-99 -99 -99 -99 -99 -99 -99 -99 -99 -99
-99 1.28652555158282 -99 -0.0928826735318522 1.65730542071441 2.55495560933641 -99 -99 -99 -99
-99 -99 -99 -0.899158691271647 -99 -0.700108615635157 -99 -99 -2.05156995608747 -99
-99 -99 -0.297511401251819 -99 1.18576124923173 -99 1.06144551785672 0.482058667376228 -0.836526001648224 -99
-0.220029919722902 -99 1.10781083685206 -99 0.968187212413905 0.564762189253446 -99 -99 -99 -0.325788102668994
-99 -99 -99 -99 -99 1.58701595845345 -99 -99 -99 1.12456469298669
2.100571128935 1.7361917244665 -99 -99 0.86954550462838 -99 -99 -99 -99 -99
2.30993493338761 -99 -99 0.395759176754916 -99 -0.20710912425579 -99 -99 -99 -99
-99 -99 -99 -99 -99 -99 -99 -99 1.73992510298243 -99
-99 -1.94821337373457 -99 -99 -99 -99 -99 -99 -99 -99
-99 -99 1.92056629634925 -99 -99 -99 -99 -99 2.34547506503279 -99
-99 -99 -99 -99 -99 -0.451755361085618 -99 3.03880001576605 -99 -99
-99 -99 -99 -99 -0.683991026250305 -99 -99 -99 -99 -99
0.996722705442721 -99 -99 -99 3.06001114906906 -99 1.28376201402558 -99 -99 -99
-0.801156996552093 -99 -99 -99 -99 -99 -0.0620446621522452 -99 -99 -99
-99 -99 -99 2.8748877348151 -99 -99 -99 1.98605846349741 -99 -99
-99 -99 -99 -99 -99 -99 -99 -99 -99 -99
-0.536088515178418 -99 -99 -99 -99 0.177536370391223 -99 -99 -99 -99
0.133441174858317 -99 -99 -99 -99 -99 -99 -99 -99 2.21714610080664
-99 -99 -99 -99 -99 -99 -99 -99 -99 -99
-99 -99 2.58309272698311 -99 -99 -99 1.42415210955224 -99 -99 0.509303875247275
-99 -99 -99 -99 -99 -99 -99 -99 -99 -99
1.86967805592158 -99 2.7634759040474 2.91410776210993 1.68236530468719 1.35980636586075 -99 -99 -99 -0.440397868614013
-0.674716753562846 -99 -0.129166470805939 -0.978395414973644 -0.629353792371319 -99 -99 -99 -99 -0.509188708749675
-99 2.87607041413843 -99 -99 1.28834756369763 0.532299311581612 -99 1.49182578550536 -99 -99
-99 -99 -99 1.02350534892978 -99 -99 -99 -99 -99 -99
2.83889109807527 -99 -99 -99 -99 -99 -99 -99 -99 -99
-1.92046996389712 -2.08595135052357 -99 -99 -99 -99 -99 -99 -99 -0.719085916875305
-99 -99 1.05843316360659 1.9759354450227 -99 -0.241038080725818 -99 -99 -99 -99
0.79163852323227 -99 -99 -99 -99 -99 -99 -99 -99 1.01688002211063
-99 1.52215770403502 -99 -99 1.52600067670983 -99 -99 -99 3.06044558301808 1.58671639554501
-99 1.12267703046533 0.048617833142128 -99 0.89685679207334 -99 -99 0.385473061012012 -99 -99
-99 -99 -99 -99 1.70073361521742 -99 1.22952083365083 -99 2.11200054860607 -99
-99 -99 -99 -99 -99 -99 -99 -99 -99 -99
-99 -99 0.99876016122338 -99 -99 -99 -99 -99 -0.856697092795839 -99
-99 -99 -99 2.73942101446541 1.22316957958794 -99 -99 -99 -99 2.65421655467856
-0.101022781690714 -99 -99 -99 -1.12472654706931 -99 -99 -99 -99 0.172082379414515
-99 -1.10380170312462 -99 -99 -99 -99 -99 -99 0.417770629839962 0.9972582428096
-99 -99 -0.197370326968639 -99 -1.40745184006364 -99 -1.45990267564905 -99 -99 -99
-99 -99 -99 0.08776433533664 -0.0956986170427165 -99 1.41980930424313 -99 -99 -99
-99 -99 -99 -99 -99 0.157454784151101 -99 1.59209198732427 3.68418224803677 -99
-99 -99 1.0968210491812 -99 -99 -0.492180898694127 -99 -99 -99 -99
-99 -99 -99 -0.518199099428618 -99 -0.127181792720509 -99 2.74978455523501 -99 -99
-99 -99 -99 -99 1.27102142195604 -99 -99 -99 -99 -0.295276634188576
-99 0.242061965255983 -99 -99 -99 -0.653424760183818 -99 -99 -99 -99
-99 -99 3.07213444787873 2.34605228019963 0.766003162885774 -99 -99 1.25118647540006 -99 -99
-99 3.13107699437057 -99 -99 -99 -99 0.818859830649529 -99 -99 -99
-99 0.817046073411539 -99 -99 -0.949642727711779 0.888912943548016 -99 0.862938910474029 4.09919260016303 -99
-99 -99 0.147152883651829 0.507176155439648 -99 -99 -99 -99 0.725158331324453 -99
-99 -0.9474402335518 -99 -99 1.52421506191546 -99 2.10846074943829 -99 -99 -99
-99 0.529077895601928 -99 0.0708055197224093 -99 0.793830264796177 -99 -99 -99 -99
-99 -99 1.23894662730318 1.24957329695346 -99 -99 -99 1.37267171523829 -99 1.74315303159604
-99 -0.884345692973778 0.414247682130229 -99 -99 -99 1.69158066081762 -99 -99 0.16158982911648
-99 -99 0.740909619290035 -99 -99 -99 -99 -99 -0.863659188342569 -99
-99 0.151903634092894 -99 -99 -99 -99 -0.428310859886338 -99 -99 -99
-99 -99 -99 0.501899939998365 -99 0.540306616847332 -99 -99 -99 -99
-0.477361196270952 -99 -99 0.479036840959815 -99 -99 -99 -99 -99 -99
-0.661879934527383 -99 -99 -99 -99 -99 -99 -99 1.49004490805435 1.51575533429623
1.24584330331344 0.709426781294658 -99 0.979402028596553 -99 -99 2.64333587685861 -99 1.91092473282053 -99
-99 2.9243314438828 -99 -99 0.847814368722359 -99 -99 2.72455195327685 -99 1.91941692689696
1.03881919346988 -99 -99 -99 -99 -99 -99 -99 1.29063708329707 -0.643017746580033
-99 -99 3.50099814336884 -99 -99 -99 2.90856658413213 -99 -99 -99
-99 -99 0.98192089350519 -99 -99 -99 -99 -99 -99 -1.35021880455145
-99 -99 -99 -99 -99 -99 -99 -1.03798499455134 -99 -99
-99 -99 -99 -99 0.91644669462924 -99 -99 0.924485832698305 -99 -99
-99 -99 -99 -99 -99 0.410286749874494 -99 -99 -99 -99
-99 -99 1.38518730207814 0.641502436833307 -99 -99 -99 -99 -99 1.7300851782408
-99 -99 -99 1.17232244158599 -99 -99 -99 -99 -99 -99
-99 0.527227358144567 3.62867645430137 2.36240294851252 1.78988384988855 -99 -99 -99 2.10374170601074 -99
-99 -99 3.81835326721089 3.76517107396086 1.45426127968721 3.05938946809743 2.79060973735627 -99 1.77175065779035 -99
-99 -99 -99 -99 -99 -99 -99 -99 -99 -99
-99 -99 0.576273939605139 0.578553224452223 -99 1.76113969677609 -99 -99 0.623557643604533 -99
-99 1.53734940659338 -99 -99 -99 -99 -99 -99 -0.782166420212236 -99
0.407874812165078 -99 -99 -99 -99 -99 -2.05701646982469 -99 -99 -0.730885052043214
1.96356089104824 -99 0.471124676010644 -99 -99 -99 -99 -99 -99 1.36069274401691
-99 -99 -99 -99 -99 -99 -99 1.44959033276502 -99 -99
1.86307096791296 -99 -99 -99 -99 -99 0.815616991041136 -99 -99 -99
4.09098588172527 -99 -99 -99 3.22976842630197 -99 -99 -99 2.41652795421697 -99
3.06714654253602 -99 -99 -99 -0.148773325796201 1.53405335282814 -99 -99 -99 -99
-99 -99 -99 -99 -99 -99 -99 0.0264876255346512 -99 -99
-0.251928278541004 -99 -99 -99 -99 -99 -99 -99 -2.65659920897683 -99
0.479832531698876 -99 -99 -0.141732581485043 -99 0.900665780094775 -99 -99 -99 -99
-0.256199084470936 -99 -99 0.457700164785304 -99 -99 -99 -99 -99 1.22679197536684
-99 -99 -99 -99 0.306192319689074 -99 -99 -1.28467544106169 -99 -99
-99 -99 -99 -99 -0.333639266395714 -99 -99 1.78628106913172 2.10390717589648 -99
3.71753133680982 -99 -99 -99 -99 -99 3.75610185021524 -99 1.61224721275661 0.325284800432559
-99 -99 -99 -99 -99 0.25980395843995 -99 -99 -99 -99
-99 -1.30529294601415 -99 0.571059644231997 -99 -0.0318258647308012 -99 -99 -0.735039961481 -1.97145427807161
0.42832050168257 -99 -99 -99 2.50586174560047 -99 2.81700559241776 2.43617863041984 -99 -99
-99 -99 0.887450196697462 -99 -99 -99 1.73576825512872 -99 1.66049741275762 1.7191348413297
-99 -0.718561948076305 -1.08866842014181 -0.221028159924389 0.0738595343785646 -99 -99 -99 -99 -99
-99 -99 -99 -99 -0.0795646108411316 -99 -1.26773629470368 -0.678820462591735 -2.49885452720475 -99
-99 4.74167556133219 -99 -99 -99 1.70275573160479 4.00036463975895 -99 -99 -99
-99 1.7522834621069 -99 -99 -99 -0.00836173810361451 -99 -99 -99 1.30875504091043
2.27218653406019 -99 -99 -99 -99 1.87048377135378 -99 -99 -99 5.95971041317405
-99 -99 0.609092127718903 -99 -99 -99 -99 -0.541803406898173 -99 -99
0.779025241435285 0.997726890161656 -99 -99 2.97808898620539 -99 -99 0.726286272434757 0.465811648188843 1.70705209341806
-0.640466120006197 -99 -1.45192763512077 0.843291057128786 -99 -0.368557913007483 -3.45581695891024 -99 -99 -99
-99 -99 -99 -99 0.481725248222023 -99 -99 2.23173955780647 -99 -99
-0.329329601478801 1.47225982741112 1.88305141757241 -99 -99 -99 1.47902263436986 -99 -99 -99
-99 -99 -99 -99 2.4427434192881 -99 -99 -99 -99 -99
-99 0.342477429086521 -99 -99 -99 -99 -99 -99 -99 -99
-99 -99 -99 -99 -99 -99 -99 -99 1.83446765345078 -99
1.98995743435561 0.663775214471195 -99 -99 -99 -99 -99 -99 -99 -99
-99 0.426900236903204 -99 -99 -1.19609600429653 -99 -99 0.873059591481406 -0.0799790479847271 -99
-99 -99 -99 -99 -99 -99 -99 -99 0.0615595675944594 -99
2.72897967021351 1.62073756580284 1.12955121297481 -99 -99 -99 -99 -99 -99 -99
-99 0.118784491565975 -99 -99 -99 -99 -99 -99 -99 -99
-99 -99 -99 -99 -99 -99 -99 1.4352862910776 -99 -99
-1.71395682639271 -99 -99 -99 -99 -99 -99 -99 -99 -99
-99 -99 0.761157662094665 -99 -99 -0.279211745157508 -99 -99 -99 -99
-99 -99 -99 -99 2.53220598569168 -99 -99 1.9265724547382 -99 -99
-99 0.914846805018633 -99 0.256392914381437 0.334153632376131 -99 -99 -99 1.54123306971925 0.175869636430566
-99 -1.03730872219733 -0.621474606080214 -1.70604888299136 -99 -99 -99 -99 -99 0.767905238514148
-99 2.81249423263664 -99 -99 -99 -99 0.310358071583818 -99 -99 -99
-99 -99 -99 -99 0.80799762323834 -99 -99 -99 -99 -99
1.46032280551369 0.747950833130317 -99 0.765651865034732 -99 1.2560719385276 2.39316305150047 -99 -99 -99
-99 -99 -99 0.823236118838364 -99 1.53895920757466 -99 -0.138055830499866 -2.01808630568756 0.374413261198759
-99 -99 -99 -99 -99 -99 -99 1.98179595160063 -99 -99
-0.958779385188383 -99 -99 -1.30005423457385 -99 -99 0.346061088548541 -99 -99 -99
-99 -0.352680994078332 -99 -99 -99 -99 0.00701723681871724 -99 -99 -99
-99 -99 0.811244137499449 -99 -99 -99 0.00128205394872183 -0.315101887624615 -99 0.276269357814746
-99 -99 -99 -99 -99 -99 -99 -99 1.42101773632037 3.91120977212913
-99 -99 -99 1.18685446860384 -99 -99 -99 -99 -99 -99
-99 -1.28964924336137 0.55902648983874 1.96465138549307 -99 -99 -99 -99 -99 -99
0.498810572170572 -99 0.76755018110302 -99 1.54289745423488 -99 1.21067127229244 -99 1.96801643772364 -99
-99 -99 -99 0.257944441529488 -0.25280868881308 -99 -99 -99 -99 1.81728606845161
-99 -99 -99 -0.413159283982778 1.85429059555117 3.25490840761648 -99 -99 -99 -99
-99 -0.0609823439739285 -99 -99 0.950527210482107 0.248922256295072 -99 -99 -99 0.975533182769766
-99 -99 -99 -99 -99 -99 2.63385399917628 -99 2.2588993206768 -99
1.27398767872119 -99 -99 -99 2.93333104959838 -99 -99 -99 -99 -99
-99 -99 -99 -99 -99 -99 -99 -99 -99 -99
-99 -99 2.82051081790328 -99 0.870869863368654 -99 -99 -99 2.89234917682747 -99
-99 1.71869881730818 -99 -99 -99 -99 3.89251765155475 -99 -99 -99
-99 -99 1.68175955553172 -99 -99 -99 -99 -99 1.6320235122664 -99
0.935400788220234 -99 -99 -99 -99 -99 0.47645803348435 -99 -99 1.12052787211806
-99 -99 -99 1.18812088262475 -99 -1.04209755162767 -99 -99 -99 -99
-99 -99 0.410533888562225 -99 0.672409476616144 -99 -99 -99 -99 -99
-99 2.91037372423863 1.35499840569482 -99 0.15059246887079 -99 -99 -99 4.09784511177119 -99
-99 -99 -99 0.521224892282916 -99 -99 -99 -99 0.228716341987579 -99
-99 -99 -99 -99 4.03624191037492 -99 -99 -99 -99 -99
-99 -99 -99 0.950134158728024 0.631095792617629 -99 -99 -99 -99 -99
-99 0.417813084622364 -99 -99 -99 0.0300181624876302 -99 -99 0.799948653684018 -99
-99 -99 -1.12180255742044 -99 -99 0.406120234999885 -99 -2.70915701541186 -99 0.771817472680828
-99 -99 -1.78269454027248 -99 -99 -99 -99 -99 0.742379340022153 -99
-99 -99 -99 2.57388973445179 -99 -99 -99 -99 -99 3.36746954857537
-99 -99 -99 2.86450438067409 -99 -99 -99 -99 -99 2.60074847451971
0.280928288478548 0.199585551463276 -0.22056739361116 -99 -99 0.328778659784867 1.83360736616972 -99 -99 -99
-99 -0.12536964838481 -99 0.585128121973067 -99 -99 1.75344508966128 -99 1.51021174152368 -99
-99 5.69155483924208 -99 2.17156320484918 1.97922491519993 1.66770969455736 -99 -99 -99 -99
-99 -99 -99 -99 -99 -99 -99 -99 -99 -0.19188309790971
-99 0.479956293770266 -99 -99 1.53021953762822 0.609995725551421 1.97625136964791 -99 -99 -99
-99 -99 -99 -99 -99 -99 -99 -99 -99 3.3985013219603
-99 -99 -99 1.22016202519365 -99 -99 -99 -99 -99 -99
-99 -99 0.144929584240193 -99 -99 -2.21012553930043 -1.99157973877153 -0.039058175050251 -99 -1.94202530434721
-99 -99 -99 -99 1.77048849903353 -99 -99 -99 -99 -99
-99 0.434496011935715 -99 -99 -99 -99 -99 -99 -99 -99
-99 -99 0.588247145588556 -99 -99 -99 -99 -99 -99 -99
-99 2.95804220820566 -99 -99 1.17343552314865 -99 -99 -99 -99 2.81258636648014
-99 -99 2.62316512714302 1.81706582758551 2.30423600618808 -99 -99 -99 -99 -99
-99 -99 -99 -99 -99 -99 -99 0.887637894112963 -99 -99
-99 2.06623505952778 -99 -99 1.82500120294457 -99 -99 3.37837386886702 -99 1.403846988135
-99 0.23423104454052 -99 0.544837840867988 -99 -99 -0.151474880444443 -99 -0.436550462812045 -99
-99 1.7958939778948 2.26578634760798 0.870500096164038 -99 -99 0.13293351651781 -99 -99 -99
-99 -0.368683631542116 -99 -99 -99 -99 -99 0.587390182929188 -99 1.49222632396945
-99 -99 1.01568776615072 -99 -99 -99 -99 0.340537000239987 1.0690390223422 -99
-0.957308371740728 -99 -99 -99 -0.153030524198793 -99 -99 -99 -99 -99
-99 -99 -99 -99 -0.69657813437503 -99 -99 -99 -99 -99
-99 1.71668161805009 -99 -0.234668112401071 -99 0.307255367523569 -99 -99 -99 -99
2.13579902829356 -99 2.75539759172956 -99 -99 -99 -99 -99 -99 -99
-99 -99 -1.7515187708916 -1.79232635872675 -1.3066407569982 -99 -99 -99 -99 -99
-99 -99 -99 -99 -99 0.620701497694138 -99 -99 -99 -99
-99 -99 -99 -99 -99 -99 -99 -99 -99 -99
-99 -99 -99 -99 -99 -99 -99 -99 -99 -99
-99 -99 -99 -99 -99 -99 -99 0.867658846134129 1.62623774857615 -0.794757916242028
-99 -99 -99 -99 -99 -99 -2.27830411376199 -99 -99 -0.0881736732799685
-99 -99 -99 -99 1.13902846445753 -99 -99 -99 0.313686836234824 0.821042746216476
-99 -99 1.10499872679421 4.18083650407291 -99 -99 -99 3.49876218545801 -99 2.75786807427618
-99 -99 2.47326588712103 -99 -0.45157137272998 -99 -99 -1.05545781964284 -99 -99
-99 -99 -99 -99 -99 -99 -99 -99 -99 1.3151687666295
-99 -99 -99 -99 -99 -99 -99 -99 -99 -99
-99 -99 -99 -99 -99 2.58928283480698 -99 -99 -99 -99
-99 -99 -99 -99 -99 -0.299792556163752 -99 -99 -99 -99
-99 1.81212340366072 -99 -99 2.96185051461299 -99 2.68862581270012 1.61081330945521 -99 1.60372535375529
-99 -99 -99 -99 -99 -99 0.64633108063732 0.930914751203262 0.973580098310602 -99
-99 -0.0354824846102981 -99 0.688023345437212 -99 -99 -99 -99 -99 -99
-99 -99 1.24735817057839 -99 -99 0.391599640008866 -99 -99 1.37577946873858 -99
-99 -99 0.263363307061361 -99 -99 -99 1.80020364304892 -0.319060697603905 -99 -99
-99 -99 3.1560188697215 -99 -99 -99 -99 -99 -99 1.19378703885934
-99 -99 -99 -99 -99 -99 1.18368815552593 -99 -99 1.52859386900564
-99 -1.54010557767525 -99 -99 2.14384871756578 -99 -0.321309280975594 -99 1.74322630237896 -99
2.31892737144461 -99 -99 0.959094126937734 -99 1.78230752050784 -99 1.89523274883807 -99 -99
-99 1.04370976315919 -99 -99 1.05510124601426 -99 2.95201915507158 -99 -99 -99
-99 -99 -99 -99 -99 -99 -99 -99 2.7084488620502 -99
-99 -99 -99 -99 -99 -99 -99 -0.602642157523788 -99 -99
-99 -0.785293775060948 -99 -99 -99 -99 -99 1.20384499989045 -99 -99
-1.02596133643081 -99 -99 -99 -99 -99 -99 -2.65707806319075 -99 -99
1.00116833173657 -99 -99 -99 -99 -99 -99 -99 -99 0.334722544152723
-99 -99 -99 -99 -99 -99 -99 -99 -99 1.64977634574009
-99 -99 -99 -99 -0.338159027510588 -99 -99 -99 2.58776026190082 0.974470533296408
-99 -99 -99 -99 -99 -99 -99 3.84077923376191 -99 -99
-99 -99 -99 2.04725311966406 -99 -99 -99 -99 -99 -99
-99 -99 -99 -99 -99 -99 -99 -3.01170358323867 -0.834386782030636 -99
-99 -99 -99 -99 -99 -99 -99 -99 -99 -99
-99 1.9388960221748 -99 -99 -99 -99 -99 -99 -99 2.20508475022313
-99 -99 -99 -99 -99 -99 -99 -99 -99 -99
-99 -99 -1.57986362497533 -99 -99 -99 -99 -99 -99 -99
-99 0.467537868692775 -99 0.426480428953447 -99 -99 -99 -99 -99 -99
-99 -2.3222456837978 -2.51790865168654 -99 -1.19029184467964 -99 -99 -99 -1.16050946134579 -99
-99 -0.412149086280609 -99 -99 -99 -99 -99 1.80618457081363 -99 -99
-99 -0.363062906420669 0.832264489828036 0.887434725768459 -1.29250043187773 0.728093485831201 -99 -99 0.242315018631772 1.53914198577273
-0.777693918067596 -99 -99 -99 -99 -99 -99 -99 -99 -99
-99 -99 -99 1.47288424659539 -99 -99 -99 -99 -99 -99
1.0140615143383 -99 -99 -99 1.18864239170654 -99 -99 1.39243581386089 -99 -99
-99 -99 0.853214273035841 -99 -99 -99 -99 -99 0.354686994990053 -2.19623803038123
-99 -99 -99 -99 -99 -99 0.707773433154047 0.768470175069448 0.178828155584526 -99
-99 -99 -99 0.736644081180591 -99 -99 -99 -1.27778437400118 -99 -1.20703522134388
0.138612892806269 -0.00272183521998315 -99 -99 -99 -99 0.755732181655581 -99 -99 -99
-99 -99 -99 -99 2.66803153685485 1.80693459733649 -99 -99 1.23967215960516 -99
3.91763933140986 -99 -99 -99 -99 -99 -99 -99 -99 -99
1.39952097574509 -99 -99 -99 1.33947750464414 -99 -99 -99 -99 -99
-99 1.14588791128747 1.48736761407351 2.44624562254235 0.34512786698719 2.35416878070968 -99 -99 2.31853344317512 2.99620392432781
-99 -99 -99 2.69826827627865 -99 -99 -99 -99 3.73488715547668 -99
-99 -99 0.183254227670997 -99 -99 -99 -99 -0.209415223054034 1.2052957777375 -99
-0.312071272322145 -99 -0.176794425399001 -99 -99 0.626743845771769 -99 -99 -99 -99
-99 2.52115247868593 -99 0.440173347237365 -0.303895589219001 -99 -99 -99 -99 -99
-99 -0.838406352324148 -99 -99 0.754136356261024 -99 -99 -99 -99 1.14068709667654
-99 -99 0.694236446783643 -99 -99 0.392941071864238 -99 -99 0.897929018645417 -99
-0.283368935691227 -99 -99 -99 -99 -99 -99 -99 -99 -99
-99 -99 -99 -99 -1.00115043858751 -99 -99 0.379113725782243 -99 -99
-99 -99 -99 -1.55536264618397 -99 -99 -99 -99 0.132339352202171 -99
3.58342401056412 -99 -99 -99 -99 -99 -99 -99 0.287411246894999 -99
-1.28674497159963 -99 -1.45875733536087 -99 -99 -99 -0.954677980967813 -99 -0.191746984804706 -99
-99 -99 0.85540635858414 -99 -0.036708889050767 0.778001674649191 1.96372521029022 -99 1.28352765715737 -99
-1.45469639795749 -99 -0.018985401799855 -99 -99 -99 -99 -99 1.19959124826995 -99
1.32528556241469 -99 -99 -99 -99 1.42265060846327 -1.28393362298922 -99 -99 -99
-99 -99 -99 -99 -99 -99 -99 -99 2.28168422850398 -99
-99 -0.293615254924275 -99 -99 -99 -99 -0.773996530896344 -99 -99 -1.20286674869461
0.646723483656447 0.681128489952784 -99 -99 -99 -99 -99 -99 2.88994904378958 2.6562681430146
0.151666041005882 -99 -99 -99 1.72405343200652 -99 -0.322311706544251 -0.627717489883798 -99 -99
1.96548539269812 -99 -99 -0.655375493111963 -99 -99 -99 -99 -99 -99
-99 -99 -99 -99 -99 -99 -99 2.50212207809661 -99 -99
-99 0.8076301635676 -99 -99 -99 -99 -99 -99 -99 -0.665731495265914
-99 -99 -99 -99 -99 0.45539771406904 -99 -99 -99 -1.43456292970034
-99 0.0415241027454087 -99 0.115535288221914 -99 -99 -1.73543672837234 1.17588750345387 -99 -99
-99 -99 2.86896562089203 -99 -99 -99 -99 3.99614748655183 -99 -99
0.625872666819508 0.863381435034198 -99 -99 -99 1.73403792369667 1.3506592406755 0.598411816469094 -99 -99
1.42195173372882 -99 -99 1.03003141681672 -99 -99 -0.485392332757504 -99 -99 -99
-99 -99 -99 -99 -99 -99 -99 0.288061330216544 -99 -99
-99 -99 -99 -99 -99 0.632216374948364 -99 -99 -99 -99
-99 -99 -99 1.92306034782206 2.26740971084886 -99 1.3852864714253 -99 -99 -99
-99 -99 -99 3.05781496728649 -99 -99 -99 -99 2.76239303070454 1.54068395908728
-99 0.277435084540156 -99 0.0302387818357219 -99 -99 -1.42746851207947 -99 -99 -99
-99 -99 -99 -99 -99 -99 -99 -0.235131397188485 -99 -99
-0.229037581829752 -99 -99 -99 -99 -99 -1.5959386625861 -99 -99 -99
1.78853604662525 -99 -99 -99 -99 1.55740278897035 -99 -99 -99 -99
-99 2.78550202627198 -99 -99 0.785599512374607 -99 -99 -99 0.231615413516721 -99
-99 -99 -99 -99 -99 -99 2.47879222237062 -99 -99 -99
-99 -99 -99 -0.356358520418211 -99 -99 0.132413951737637 -99 -99 -99
-99 -99 -99 -99 -99 -99 -99 3.12875812717574 -99 -99
-99 -99 0.507768270938331 -99 -99 -99 1.06118731573752 -99 -99 -99
-99 -99 -99 -99 -99 -99 -99 -99 -99 -99
-99 -99 -99 -99 -99 1.56969772152334 -99 -99 4.4433463005194 -99
-99 -99 -99 -99 -99 -99 -0.25436733429576 -99 -99 -99
-99 -99 -99 -99 -99 -99 1.46215523630485 -99 -99 1.37578842159203
-99 -99 2.90990578229639 1.23204083261958 0.611680611661044 -99 -99 -99 2.1949933198911 1.65036636451562
1.97850201173154 -99 0.0763251984380577 -99 -99 2.7782949875063 2.09119315889167 -99 -99 1.89480204290408
-99 -99 -99 -99 1.41039096560013 -99 -99 -99 -99 -99
-99 -99 -99 -99 -99 -0.134734203719256 -99 -99 -0.0924529576239028 -99
-99 -0.507637644949997 -99 -99 -99 -99 -99 -99 -99 -99
-99 -99 -99 2.36038989498695 -99 -99 -99 -99 -99 -99
-1.29634673413126 -0.925251389509997 -99 -99 -99 -99 0.854220293828222 -99 0.734212408866485 -99
-99 -99 -99 0.56374191938283 -99 -99 -99 -0.498600128535483 -99 -99
-99 -0.262758331787362 -99 1.01404901234908 -99 -99 2.40209213659609 1.9440538970788 -99 -99
-1.84552336344062 -99 -99 0.111280593476498 -0.196451872724202 -99 -99 -99 -99 -0.771122283293124
1.06307861737491 -99 -99 -99 -99 -99 -99 -99 -99 -99
-99 -0.665237998158456 -99 -99 -99 -99 -99 -0.67776502995973 -1.59216008206542 -1.69853089684423
-99 -99 -99 -99 -99 0.63266689955664 1.58992197515438 -99 -99 -99
-99 1.4895715448548 -99 -99 -99 -99 -99 1.98166917172607 -99 -99
-99 -99 -99 1.85009195375277 -0.224183195754333 -99 -99 -0.821607038176126 -99 -99
1.99058987992014 1.07854236853144 -99 -99 -0.305812273032052 -99 -99 -99 -99 -99
-99 -99 1.09082925644288 2.13676808674299 -99 -99 -99 -99 -99 1.18436963485213
1.22887511973431 -99 0.466959746480157 -99 -99 -99 -99 -99 -99 -99
-99 -99 -99 -99 -99 -99 -99 -99 -99 3.70083950569145
0.0109157909849465 -99 -99 -99 -0.1964701389606 -99 -99 -99 -99 -99
-99 -99 -99 1.51988889956346 -99 2.5010084711857 -99 4.47817190924313 2.39581371420224 4.52405387500095
-99 1.12110002207455 -99 -99 -99 -99 1.13156544087497 1.12446257064774 -99 -99
-99 -99 -99 -99 -99 -99 -99 -99 -99 -99
-99 -99 -99 -99 -99 -99 1.97244436510889 1.02155644829219 -99 -99
-99 -99 -99 0.893154961691343 -99 -99 2.45354908846457 2.50599831020581 -99 1.7992102215939
-99 -99 -99 -99 0.125912114973068 -99 -99 -99 -99 -99
-99 -99 -99 -99 1.33413673035148 2.51672467096824 -0.452712398478646 -99 -99 2.05146255316684
-99 -99 -99 -99 -99 -99 -99 -99 -99 -99
-99 -99 -99 -99 -99 -1.23233012063656 -2.11448464140712 0.286125135545432 -99 -99
0.626960539785146 0.669857605935479 2.91916812342182 -99 -99 -99 -99 0.792710462154519 -99 -99
-99 -1.05556222461142 -99 0.886533544852961 -99 -0.485424745586233 -0.0203518579881985 0.173269524319113 -99 -99
-99 -99 -99 -99 -99 -99 -99 -99 2.9385072212017 -99
0.596823957000729 -99 -99 -99 -99 -99 -99 0.0827314693796619 -99 0.029727288683101
-99 -99 -1.57813027512963 -1.06658337827741 -99 -99 -99 -99 -99 -99
-99 -99 0.490884565493805 -99 0.417230998451208 0.817280143324323 -99 -99 -99 -99
-99 -99 1.27157668013957 0.889763317884058 -99 -99 -99 -99 -99 -99
-99 -99 -99 -99 -99 -99 -99 -99 -99 0.536173740557581
-99 -99 0.991993835322342 2.6421420499081 -99 -99 -99 -1.26242802665657 2.40534760451762 -99
-99 -99 -99 1.82253743177799 -99 -99 0.865335411485908 -99 -99 -99
-99 -99 -99 -99 -99 -0.273226663380643 -99 0.531894048763072 0.524100915291302 -99
-99 -99 -99 -0.258689074226707 -99 0.178640911348143 -99 0.0186920453856353 1.65016923802915 -99
-99 -99 -99 -99 -99 -99 -99 -99 0.562360833105837 0.595451130531179
0.869146572146177 -99 -99 -1.12150402596761 -99 -99 -99 -99 -99 -99
-99 -99 2.52190074774098 -99 1.94093839894245 -99 0.122814369484888 -99 2.35036738260283 -99
-99 3.35939391284378 -99 -99 1.8319738976552 -99 -99 -99 -99 -99
-99 -99 -99 -99 1.94883370214439 1.82101924293908 -99 0.849581066018558 -99 -99
-99 -99 -99 0.543627872725425 -99 -99 -99 -99 -99 -99
-99 -99 -99 -99 -99 -99 -99 -99 -99 -99
0.373632273794339 -99 -99 -99 -99 -99 -99 -99 -0.904071282173344 0.565181718940762
-99 2.2729704431865 0.83971970430298 -99 1.44603192018518 1.13399299155565 -99 0.779061058035407 -99 -99
-99 -99 -99 -99 -99 0.121348460482287 2.41001853265817 -99 2.13715720826623 -99
0.489143683901122 -99 3.2812401584963 -99 -99 -99 -99 -99 -99 -99
-99 -99 -99 -99 -99 -99 -99 -99 -99 -99
-99 -99 -99 -0.859705873656236 -99 -99 -99 -99 -0.587183322862807 -99
2.38450724363795 -99 -99 1.99284589385461 -99 -99 -99 2.62922388911681 0.0316945481059038 1.22105019749612
-99 -99 -99 -99 -99 -99 -99 0.670418806378986 -0.792475874770286 -99
-99 -99 -1.68677534194452 -99 -99 -0.407744631128553 -99 -0.480046154949162 -99 -0.745325560039669
1.24616926019232 -99 1.30406343969022 3.41790322247498 1.98048509834054 -99 -99 -99 -99 -99
-99 -0.264787986849089 -99 -99 -99 1.13900951002049 -99 -99 -99 0.40432020708776
-99 2.39870725279221 1.00206775826013 -99 -99 -99 -99 -99 -99 -99
-99 0.411453407871185 -99 -99 -99 -99 -99 0.782188183676755 -99 -99
2.00142590121622 -99 -99 -99 -99 -99 2.58808949291291 -99 -99 -99
-99 -99 -99 0.897841750419895 -99 -99 -99 -99 -99 -99
1.20682444589814 -99 -99 -99 -99 0.618630822722869 -0.0483153275244397 -99 0.944417642158598 1.20682488189013
-1.91674322252051 -1.02268096623589 -0.896684395273074 -0.544129237276619 -1.20628523429241 -99 -99 -99 -99 -99
-99 4.01853508129629 -99 -99 2.92753155901301 2.49814972650479 -99 -99 -99 -99
-99 -99 -99 -99 -0.6142576642492 0.269546482848852 2.13779294086113 0.819516214255374 -1.42619323880017 -99
-99 -99 -99 -99 2.14306490460187 2.30284119686304 1.45706823038064 -99 -99 0.969707010304663
-99 -99 -99 -99 -99 -1.39774242242161 -99 -99 -99 -99
-0.121367233630838 -99 -99 -99 0.396517533497622 0.174676239376356 1.1811074674581 -99 -99 -99
-99 -99 -99 0.891465365101587 -99 -99 1.44124595819964 -99 -99 -99
1.62393482925698 -99 0.585979172442252 -99 -99 -99 -99 -99 -99 -99
-99 -99 -99 -99 -0.158931051174577 2.26442013245036 -99 -99 -99 -99
-99 -99 0.713224286790805 -99 -99 -99 -99 -99 -99 1.63093329003483
0.0729930886394408 -99 0.851671734538699 -0.796243243235271 -99 -99 0.177927340857994 0.284979631356326 -99 -99
-99 -1.81684395545248 -99 -99 -1.12332959169283 1.73598816420221 0.43117934222007 -0.188912325855062 -99 -99
-99 1.73597871417928 -99 2.5050494901474 -99 2.17445898300558 1.62037220701965 -99 -99 -99
-99 -99 -99 -99 -1.93503608716433 -99 -99 -99 -99 -99
-99 -99 -0.659366312526233 1.79495191271703 -0.196716358181186 -99 -99 -99 -99 -0.568235224081707
-99 -99 -99 -99 -99 2.00879557200007 -99 0.712711536926737 0.180790665636917 1.64975098386313
0.864086611510819 0.139709362732935 -99 -0.145123204989081 -0.324056515649497 1.57493802146512 -0.351634029641827 -99 -0.90533709888566 -0.10411718670456
-99 -99 -99 -99 -0.480799938137271 0.0941835382855088 -99 -99 -99 -1.01233305906054
-99 -99 -99 -99 1.18273345131923 -99 -99 -99 -99 -99
-99 -0.0487799269995564 -99 -99 -99 0.5300962906638 -99 -0.841618544435062 -99 -99
-99 1.04246926537258 -99 -99 -99 -99 -99 -99 -99 -99
-99 -99 -99 -99 -99 -99 -99 -99 -99 -99
-99 -99 -99 -99 -99 -99 -99 -99 -99 -99
-99 -99 -99 2.61154579991966 -99 -99 -99 -99 -99 -99
-99 3.40559823767187 1.24887328041508 -99 -99 2.17004690115287 -99 -99 -99 -99
-99 -99 -99 -99 -99 -99 -99 -99 -99 -99
-99 -99 0.58047353489049 -99 0.0635494315850393 -99 -99 -99 -99 -99
-99 -99 -99 -99 2.81405278064161 -99 1.79079131740992 -99 0.826839182070098 -99
2.6693335943545 2.85385591190786 -99 -99 -99 1.01452631770969 1.25834663394482 -99 -99 -99
-99 -99 -99 -99 -99 -99 -99 -99 -99 -99
-2.33615230541061 -0.960280782663942 -99 -99 -99 -99 -99 -99 -1.25074971864506 -99
-99 2.25928780123457 1.44135953402394 1.21979929728949 -99 1.32525428236275 1.05477340094134 -99 2.18376972845406 -99
-99 -99 -99 -99 -99 -0.53864960898351 -0.319399147874625 0.496829574230012 -99 -99
1.13194998356302 -99 -99 -99 -99 -99 -99 -99 0.951260951731871 -99
-99 -99 -99 -99 -99 0.878965747743356 -99 -99 -99 -99
-99 -99 -1.09185254940454 -99 -99 -99 -99 -99 -99 -99
-99 -99 -99 -99 -99 -99 2.16254537312354 -99 0.041309348957945 -99
1.26488142017354 0.185624633220448 -99 -99 -99 2.99942869080445 -99 0.771696993366163 0.609118010965931 -99
1.2345163905551 -1.30538754039387 -99 -99 -99 -99 -99 0.374139991581911 -99 -99
0.568128367241213 -99 3.25361330375909 2.49599952052031 -99 -99 -99 -99 -99 3.45881123747207
-99 3.55048059889859 -99 -99 -99 -99 -99 -99 -99 3.16357434350403
0.970435175689627 -99 -99 -99 -99 -99 -99 -99 -99 -99
-99 -99 1.62000150763313 0.937239733413314 -99 -99 0.603891218398481 -99 -99 -99
-99 -99 2.16502242029441 -99 -99 -99 -99 -99 -99 -99
-99 -0.534877723158501 -99 -99 2.85046718268931 -99 -99 -99 -0.303457048021219 -0.168257417350739
-99 -99 -99 -99 2.21109100856035 -99 -99 1.24057544274121 1.24952550057569 2.79516584301621
1.78036200656817 -99 -99 -99 -99 3.30427522804917 -99 0.46480985634975 0.686319339439387 -99
1.71590645921989 0.944877270009913 -99 1.15203091675147 1.64216432459533 -99 -99 -99 -99 -99
-99 -99 -99 -99 -99 1.46499940306734 -99 -99 -99 -99
-99 1.37144036514991 -99 -0.0136708996856729 -99 -99 -99 -99 -99 -99
3.8105385935739 3.84112047124412 -99 -99 1.21179230345105 -99 -99 -99 -99 -99
1.85494399447246 -99 -99 -99 -99 -99 0.921507737346239 -99 -99 0.379321902179957
-99 -99 -99 -99 -99 0.142463834706658 -99 1.14141693651728 -99 -99
-99 -99 -99 -99 -99 -99 -99 -99 2.6632693711152 3.43173423358313
2.1862926421494 -99 -99 1.66440117335332 1.24026750144853 1.88575993192353 -99 -99 -99 -99
-99 -99 1.69545094801752 0.989318513410689 -99 -99 -99 -99 -99 1.67028815885411
-99 -99 -99 1.86761745858365 -99 -99 -99 -99 1.32967443833554 -99
1.36995079996749 -99 -0.55453722658126 -0.958703484988398 -0.817944774528189 1.15782142461579 -99 -99 -99 -0.206932345537567
2.51853481425027 0.308720356311378 -99 -99 -99 -99 -99 -99 0.717803955027742 -99
-99 -99 -99 2.74766431026211 -99 -99 0.809519161754326 2.34484374693442 1.96084421914536 -99
-99 -0.379313623191389 2.76215977639565 -99 -99 -99 -99 -99 2.37033545979381 2.55276884171835
-99 0.109756446664755 -0.288090553905751 -99 -99 -99 -99 -99 -99 -99
-99 -99 -99 -99 -99 -99 -99 -99 -99 -99
-99 2.57572437555196 -99 -99 -99 0.00865072902884023 -99 -99 -99 -99
-99 -99 2.74673761995597 -99 -99 -99 -99 -99 -99 -99
-99 -99 3.38051675767058 -99 -99 -0.364977598849163 -99 -99 -99 -99
-99 -99 -99 -99 -99 -99 -99 0.640537783039355 -99 -99
-99 -99 -99 -99 -99 -99 0.652505771764632 1.31975747182027 1.29957943494034 -99
-99 -99 -99 -99 -99 -99 -99 -99 -99 -99
-99 -99 -0.875626849415687 -0.409974839261967 -99 -99 -99 -99 -99 -99
-99 1.64730467228195 -99 -99 -99 1.18561056760521 3.03115410689683 -99 -99 -99
1.42185406498773 -99 1.96965434904883 -99 -99 -99 -99 -99 0.71628585035323 -0.698501526618134
0.915474323091067 -99 -99 -99 -99 -99 0.557388808291003 -99 -99 -99
-99 -99 -99 0.0779824963537028 -99 -99 -99 -99 -99 -99
-99 -0.346791332195865 -99 0.840968957976343 -99 -99 -99 -99 -99 -99
0.766811439484221 1.42775944096574 -99 -99 -99 -99 -99 -99 -99 -99
-99 -99 -99 -99 1.9126371554207 -1.31171319702034 -99 -99 -99 -99
-99 -99 -99 -99 -99 -99 -99 -99 -99 -99
-99 0.478200571224751 -99 -99 -0.498312128685329 0.259881934701412 -99 -0.908460217500184 -99 -99
-99 -99 -99 -99 -99 -99 -99 -99 -99 -99
-99 -99 -99 1.49544484526963 3.21176852271967 -99 -99 -99 -99 -99
-99 1.22543520955228 -99 -99 -99 -99 -99 -99 -99 -99
-1.07069635581092 -99 -99 -99 -99 -99 -99 -99 -99 -1.7360338959013
-99 -99 -99 -99 3.43647696908293 -99 -99 -99 -99 -99
-99 -99 -99 2.19149349342655 0.496951277871085 -99 -99 -99 -99 1.26802453646229
-99 -99 -99 -99 -99 -99 -99 -99 -99 -99
1.75749556549384 -99 1.99449622858744 -99 -99 -99 -99 -99 -99 -99
-99 2.90516076150118 -99 -99 -99 -99 1.79783780604246 -99 -99 2.98264572881638
-99 -99 -99 -99 0.33199112334481 0.44257844562253 -99 -99 -99 -0.676826104634661
-99 1.87241486583839 -99 0.605409965163952 -99 -99 -99 1.61717266799106 -99 -99
-99 -99 -99 -99 3.51569281581202 -99 -99 3.28354703069856 -99 1.94801833468505
-99 -99 3.72880176522036 -99 1.35944783063322 -99 2.47152089994272 -99 1.631134088934 1.79397949739458
-99 -99 -99 -99 -99 -99 1.84559051529726 -99 -99 -99
-99 -99 -99 2.55873019723191 -99 -99 -99 -99 -99 -99
-99 -1.66883256163454 -1.76184090812316 -99 0.399371156934501 -99 -99 -99 -99 -1.09571171565826
-99 -99 -99 -99 0.774785389580873 -99 -99 0.138919606891767 -0.0276141860274632 -99
-99 0.798862684593724 -99 2.76868663413067 -99 -99 -99 0.34613616277035 -99 -99
-99 -99 2.29016046338739 2.23378463706223 -99 -99 -99 -99 -99 -99
-99 1.27418892316551 -99 -99 -99 0.841119785538608 -99 -99 -99 -99
-99 -99 -99 -99 1.94665111814822 1.84354884880933 2.0043437984043 -99 -99 -99
-99 -99 -99 -99 -99 -99 1.56693546333776 -99 -99 -99
-99 -99 1.79369897545898 -99 2.7083575055367 -99 2.96211531260189 -99 -99 3.32649313634236
1.89339682315672 -99 -99 -99 -99 -99 -99 -99 -99 -99
-99 -99 -99 -99 -99 -99 -99 -99 -99 0.0678534004997761
-99 -99 0.122288358210159 2.23838956798042 -99 -99 -99 -99 2.90137492093079 -99
-99 -99 0.471974748971609 -99 -99 -0.554598988393488 -99 -99 0.888812024141477 2.64368442874315
0.103549449592322 -99 -99 0.420228859741261 -99 -99 -99 -99 -99 -99
-99 -0.500603550625035 1.58364627676937 2.36999290293292 2.19543842932027 -99 1.64728305816273 -99 -99 -99
1.81491000470924 -99 -99 -99 -99 -99 -99 -99 3.00814562484179 -99
-99 -99 -99 0.834213184867764 1.1118246272441 -99 -99 -99 -99 -99
-99 -99 -99 -99 -99 -99 -1.61008964094423 -99 -99 1.8572351515481
-99 -99 0.233678215025289 2.89030520846625 -99 -99 2.45194198729301 -99 2.62015463307916 -99
-99 0.72371541314164 -99 1.13454279415572 2.16350118444132 -99 -99 2.53125355441698 1.67091403270357 -99
-99 -99 -99 -99 -99 -99 -99 -99 -99 -99
-99 -99 -99 -99 -99 -99 -99 -99 -99 -99
2.07555458915902 -99 1.98246030119705 -99 -99 -99 -99 -99 -99 -99
-99 -0.350402303551651 -99 -99 -99 -99 0.319829228459481 0.663240712146437 -99 -99
1.01003383725571 -99 -99 -99 -99 -99 -99 0.160889671736788 -0.505329639371778 0.234314452477577
-99 -99 2.17795959194147 -99 -99 -99 -99 -99 -99 -99
-99 -99 -99 -99 -99 -99 -0.265560177020958 -99 0.0767621779095953 -99
2.94600997024431 -99 -99 3.00534609340471 5.13266795442725 -99 -99 1.93142287785317 -99 3.74999845143509
-99 -99 -99 -99 -99 -99 -99 -99 -99 -99
0.398801510902239 -99 -99 -0.338572796159796 -99 -99 -0.33381226203047 -99 0.757400497369376 0.752203109304612
3.1172263232046 -99 -99 -99 2.79019490314941 -99 2.3868539976331 -99 -99 3.20071789731346
-99 -99 -99 -99 -0.50438632316727 2.08260755959589 -99 -99 -99 -99
-99 -99 -99 -99 -99 -99 0.220395774463576 -99 -99 -99
-0.515562801592459 -99 -99 -99 1.9400748852694 -1.57183959594029 -99 -99 -0.262063752289897 -99
-99 -99 -99 -99 3.09385289909595 -99 -99 -99 -99 -99
1.02567680543394 -99 -99 -99 -99 0.983349943138375 -99 -99 1.5519755084904 -99
-99 -99 -99 -99 -99 -1.22298433773641 -99 -99 -99 -99
-99 0.512034536618396 0.218989770564216 -99 -99 -99 1.94701557064263 -1.59913658141284 -99 -99
-99 0.235520936484457 -0.541744936048716 -99 -99 -99 -1.15113188862412 -99 0.593445561650053 -99
-99 0.250290723517173 -99 -99 -99 -99 1.0118383470838 -99 -99 1.50925475467446
-99 -99 -99 -99 -99 -99 -99 -99 -99 0.5003700648204
-99 -99 -99 -99 -99 -99 0.809220247808851 -99 3.90671975313359 -99
-99 -99 -99 3.53756074756112 -99 -99 -99 -99 -99 -99
-0.57085977555756 -99 -99 -99 -99 -99 -0.816079967033306 -99 -99 -99
-99 -99 -99 0.762775495382542 -99 0.239760984755546 -99 -99 -99 -0.648323099538423
-99 -99 -99 0.968433999651481 -0.0904147090900342 0.902979671400104 -99 2.02121719414804 0.0153913629577802 -99
-99 -99 -99 -99 -99 -99 -99 -99 -0.807662399705471 -99
-99 -2.28569299988472 -99 -99 -99 -0.624023101469796 -99 -99 -99 -99
1.77287801896468 -99 -99 -99 0.233010446768493 0.229595016764363 1.27054072817573 -99 -99 -99
4.07036140690531 -99 -99 -99 1.94652102547776 -99 0.68118829161796 1.72697297871772 -99 -99
-99 2.3426144243192 1.6844039287817 -99 -99 -99 -99 -99 -99 0.323486206826351
-99 -99 -99 0.509251837100678 -99 -0.911755730310539 -99 -99 -0.979385073284829 -99
1.07074621651862 -99 0.456368504296061 -99 -99 -99 -99 0.405190038587079 -99 -99
-99 -99 -99 -99 0.867148071200972 -99 2.0719523108652 2.61444860050422 -0.00869366815596262 -99
-99 -99 -99 -99 -99 1.7469048907649 -1.29337341573968 0.117927739574998 -2.00859609429037 -99
-99 -99 0.854140172973675 -99 1.76473847414622 -99 -99 -99 -99 -0.704374214871439
-99 -99 -99 -99 -99 -99 0.416841677125946 -99 -99 -99
-0.242538713933612 0.287724292350556 1.07714240395207 -99 -99 0.129137092201501 -99 -99 -99 -99
1.03702646135114 -99 -99 -99 -99 -99 -99 -99 1.45762890056237 -99
1.1592554018483 -99 3.10527486788612 -99 -99 -99 -99 -99 -99 -99
-99 -99 -99 1.60057720844014 3.47933644535033 -99 2.50405937898229 -99 -99 -99
-99 -99 1.75061084308944 1.63318639390704 -99 -99 -99 -99 -99 -0.0339186051011888
2.63497968686129 -99 -99 -99 -99 -99 2.3019313385588 -99 -99 2.91901095517316
0.694780919724312 -99 -99 -99 -99 -99 -99 1.0841196486961 -99 -99
2.33230302817115 -99 -99 1.32634502819912 -99 1.42065084426362 -99 -99 -99 -99
-99 -1.85308305506428 -99 0.0478635893367058 -99 -99 -1.50556171894984 -1.82306674351867 -99 -99
0.708371322552506 -99 -99 -99 -99 1.76677680442275 -99 -0.203518600790467 -99 -99
-99 0.481895771415242 -99 -99 -99 -99 1.9498733099915 -99 -99 -99
-99 2.26160253715141 -99 -99 2.13375643126713 -99 -99 -99 1.69282087971855 -99
0.441218052405071 -99 -0.950391126747303 -99 -99 -99 -99 -99 2.18051922938321 -99
0.183830604878545 0.0261101480545957 1.85303227503206 -99 -99 -99 -99 -99 -99 -99
-99 -99 0.447658851387482 -99 -99 -0.76119951459171 -99 -99 -0.185330134353748 -99
-99 -99 -99 -99 -99 -99 -99 -99 -99 -99
-99 2.17665078919296 -99 -99 -99 2.97112596947528 -0.269260683060399 -99 -99 -99
-99 -99 -99 -99 2.13730524819193 -99 -99 -99 -99 -99
-99 -99 -99 -99 0.49230819334707 2.1009281260335 -99 -99 -99 -99
0.336798821886492 -99 -0.920561706785266 -99 0.225729972905725 -99 -99 -0.0807262131757822 -0.129645502098391 -1.14340619791448
-99 -99 -99 -99 -99 -99 -99 -99 -99 1.71996079274329
-99 2.94948761576641 -99 -99 -99 -99 -99 -99 -99 0.254950942281704
-99 -99 -99 -99 -99 -99 -99 2.25141302990174 -99 -99
1.11074807420481 1.05829110298973 1.86109945202392 -99 -99 -99 1.31154762767309 -99 -99 -99
-0.700502984931241 -99 -99 -1.86037914895922 -99 -0.594865282515523 -99 0.3209565369584 -99 -99
-99 -99 -99 -99 -99 -99 -99 -99 -99 -99
-99 1.69895456961404 -99 -99 4.1214621798167 2.73594432012772 -99 -99 -99 -99
3.86830356666132 2.33633936127544 -99 -99 -99 -99 -99 -99 -99 -99
-99 -99 -99 -99 -0.904565660052951 -99 -99 0.54255175169399 -99 -99
-99 -99 -99 -99 -99 -99 -99 -99 -99 0.578295122995267
-99 2.19410797415868 -99 -99 2.05866216984075 -99 -99 -99 3.42242664830951 2.04830724646233
-99 0.876989906904214 -99 -99 -99 -99 -99 -99 -99 -99
-99 -99 0.860768241635014 -99 0.671400502087847 -99 -99 -99 -99 -99
-99 -99 -99 -99 0.766560492733658 -99 -99 -99 0.310499165223108 0.607146251258737
0.152402773684542 -99 -99 1.47431688440841 -99 -99 -99 -99 -0.681884226930127 2.95172428488112
-99 -99 -99 -99 -99 -1.11151306187717 -99 -99 -99 -99
-99 -99 -99 -99 -0.89671558307459 -99 -99 -99 -99 -99
-99 -99 -99 -99 -99 -99 -99 -99 -99 -99
0.444222064322667 -99 -99 -99 -99 -99 -99 -99 -99 -99
-99 -0.883430238359932 -99 -99 -99 -99 -99 -99 -99 -99
-99 -99 -99 -99 -99 -99 -99 -99 -99 -99
1.87572566250265 -99 -99 -99 3.81158708289518 2.63792034039468 3.20412015017718 -99 -99 -99
-99 -99 -1.79905725808151 -0.885057771241793 -0.215329944656653 -99 0.425018221654363 -99 -99 -99
-99 -99 2.26683711754937 4.10004473752706 -99 -99 0.119287065062419 3.37164259191451 -99 -99
4.06154874883207 -99 -99 -99 -99 -99 -99 -99 3.93059662742237 4.43251724743058
-99 -2.02747046930417 -0.346691346783854 -99 -99 -99 -0.389723579269085 -99 0.145518175803602 -1.12159507271619
-99 -99 -99 -99 -99 -99 -99 -0.283870248613269 -99 -99
-99 -99 -99 -99 -99 -99 1.63062118264079 -99 -99 0.380239493292536
-99 -99 -99 -99 -99 -99 -99 -99 -99 0.247385502013868
-99 -99 -99 -99 -99 -99 -99 2.02833836983125 -99 -99
-99 -99 0.608162561071329 -99 -99 -99 -0.321038407289773 -99 -0.49282742608082 -2.59211974967396
-99 3.20485119098814 -99 -99 -99 -99 -99 -99 -99 -99
-99 -99 -99 2.5460224325629 2.45564390148078 -99 -99 1.31187645816687 -99 -99
-99 -0.147795988924516 -99 2.7493639054174 -99 -99 -99 0.922541587101874 -99 -99
-0.277877462402134 -99 1.67968696495435 -99 0.605231392926064 2.5952093823938 1.07781565560517 -99 -99 0.705515545173168
-99 -99 -99 -99 1.63648473071729 -99 -99 0.552814940203818 -99 -99
-0.377318520731521 -99 -99 -99 -99 -1.74813358161138 -99 -1.2474541493873 -99 -99
-99 -99 -99 -99 -99 -99 -99 0.884911619515272 -99 -99
-99 -99 -99 -99 -0.0812058072794255 -99 -99 -99 -99 -99
-99 -99 -99 -99 -99 -99 2.20394665897097 -99 -99 -99
-99 -99 -99 0.72094214244605 -99 -99 -99 -99 -99 -99
-99 -99 -99 -99 -99 -1.48283705304376 -99 -99 -99 -99
-99 -99 -99 -99 -99 -99 1.16116605675488 -99 -99 0.907934254646952
-99 -99 -99 -99 -99 -99 -99 -99 -0.732809136117701 -99
-99 -99 -99 -99 -0.868522515361071 -2.23520867043096 -99 -99 -99 -99
-99 -99 -99 -99 -1.06355915049828 -99 -99 0.45424587884005 0.727157428042385 -99
-99 -0.933536033064037 -0.269437726901621 -0.733958124097983 0.708842454257777 -99 -99 -99 2.45640452086746 -99
-99 0.290912105745901 -0.380158403591219 -99 -99 -99 -99 -99 -99 -99
-99 -99 2.65404817938864 -99 -99 -99 -99 -99 0.874078257053909 -99
-99 -99 1.03160224663322 -99 -99 -99 -99 -99 -99 -99
-99 -99 2.36727674201485 -99 -0.647590907755109 -99 -99 -99 -99 -99
-99 -0.524535753535923 -99 -99 -99 -99 -1.40245327483366 -99 -99 -2.20723706776927
-99 0.0271228607407757 -99 -99 -99 -99 -99 -99 -99 -99
-99 1.7044268612152 -99 -99 -0.934719918392912 -99 -99 -99 -99 -99
-99 -99 -99 -99 -99 -99 -99 -99 -99 -99
-99 -0.127232170574778 0.812889626938166 -99 -99 -99 -99 -99 -0.137184393053085 -99
1.92364269181927 -99 -99 -99 -99 -99 -99 -99 -99 1.62718822375099
-99 0.490218671476966 -99 -99 -99 -99 -99 -99 -99 -99
-99 -0.335668502608591 -99 -99 -99 -1.53163571111978 -99 -99 -99 -0.685241704181887
-99 2.91227165967179 -99 -99 -99 -99 0.415681242195973 -99 1.61974047909372 -99
-99 0.0957241267957499 -99 -99 1.14520704118158 -99 2.23245491638158 -99 -99 1.97598681909361
-0.883243799196716 -99 -99 -99 -99 0.542471177990013 -99 -99 -99 -99
-99 -0.268190938069713 -99 -99 -0.434411393023847 -0.038558941042613 -99 -99 -99 -99
-99 -99 -99 -99 -99 -0.251668691044273 -99 -99 -99 -99
2.91503727910285 -99 -99 -99 2.11775133592412 -99 3.26119624882965 -99 -99 2.11909638511946
0.307677464895829 0.783084340088619 -99 -99 2.67459313620253 -99 1.33237210466467 -99 -0.139170465524997 -99
-99 -99 -99 -99 -99 -99 -1.05459670857254 -99 1.45643075473907 -99
-99 3.11541978639332 0.609440221977408 -0.34670456920176 -99 -99 2.35777695300827 0.588569299794235 -99 0.802634902482903
-99 0.963340296986352 -99 -99 -99 0.123847091577161 -99 -99 -0.362980986683522 0.856918398654152
-99 0.862868457190887 -99 0.553421158075506 -99 -99 1.20502368134517 0.0549610198698074 -99 -99
3.57404150994626 -99 -99 -99 2.10207616780319 3.55342197990292 -99 -99 -99 -99
-99 -99 -99 -99 1.51236210008264 -99 -99 -99 -99 -99
-99 -99 -99 0.302079683104943 -99 -99 -99 -99 -99 -99
-99 -99 -99 -99 -99 0.205792404714419 -99 -99 -99 -99
-99 -99 -99 -99 -99 -99 -99 -99 0.659619450162625 -99
-99 1.68742601708037 -99 2.48815030800629 1.30176196130467 1.05463921743307 -99 -99 -99 -0.100861089054449
-99 -0.233795742082901 -99 -99 -1.67421560226326 -1.52692938525564 -99 -99 -99 -99
-99 -99 -99 -99 -99 -99 -99 -99 -99 1.79046061028988
-99 -99 -99 -0.31912779429973 -99 -99 -0.220731860678074 -99 1.39189458313414 -99
-99 -99 -99 -99 1.70074445425174 2.17580129857242 -99 -99 3.04091751224593 -99
-0.246770421794494 -99 2.02506523366354 -99 1.65190938638851 -99 1.36040476771724 -99 -99 -99
-0.306818884006282 -99 -1.01588369382235 -99 -99 -99 1.50781119303915 -99 -99 -99
-99 -99 -99 0.798865459251653 -99 -1.00098210007177 -0.608826993280777 -99 -1.37087884360409 -99
1.08390941622863 -99 3.05458118234737 -99 2.40654943208579 -99 2.75085627575668 -99 -99 -99
-99 -99 -99 1.74041848616034 -99 -99 -0.656072322265218 -99 -99 -0.0941088658967155
-99 -99 -99 -99 -99 1.61631220052443 -99 -99 -99 -99
-99 -99 -99 -99 -99 -99 0.57178742274146 -99 -99 -99
-99 -99 -99 -99 -99 -99 -99 1.18170594507747 -99 -99
-99 -99 -99 -99 -99 0.966099349977057 0.105364040882706 -99 0.582936712115568 -99
-99 -99 -99 2.17489419974005 -99 -99 -99 -99 -99 -99
-99 -99 1.23893153455846 -99 3.07993142625063 -99 2.14151718178824 -99 -99 -99
0.187037472520534 -99 0.557053264572917 -0.980505696238213 -99 -99 -99 -99 -0.10040989043523 -99
-0.62627389102799 -99 -99 -1.50738807291901 -99 -99 -99 -99 -99 1.21064215692236
-99 0.0946911874112617 -99 -99 -99 -99 -99 -99 -99 -99
-99 -99 -99 -99 -99 -99 -99 0.451895672746912 -99 -99
-99 -99 0.718159470789984 -99 -0.401660770364485 -99 -1.69389305453974 -99 -99 -99
-0.969365804760079 -99 -99 -99 -99 -0.0474104080815501 -99 -99 -99 0.184067153956867
-99 1.41160743306285 -99 -99 -99 -99 -99 -99 -99 -99
1.64707123773468 -99 -99 -99 -99 -99 2.40437252776389 -99 1.72048043027922 2.85568659199568
-0.542700980345533 -99 -1.54511687457646 -99 -99 -99 -1.08791980434949 -99 -99 -99
-99 -99 0.2933030099142 -99 -99 -99 -99 -99 -99 2.24790430992778
-0.697416748173066 -99 -1.39347887028939 -99 -0.957436645046978 -99 -99 -99 -99 -99
0.227812402559411 -99 -99 1.96809577705093 -99 -99 1.85613321558663 -99 -99 -99
2.85232344834282 -99 3.49354795018023 3.16935568544637 -99 -99 -99 -99 -99 -99
-99 -99 -99 -99 -99 -99 -2.49836151014456 -99 -99 -0.842651045532748
-99 -0.247101891329066 -99 -0.414197233161768 -99 -99 1.32843474883523 -99 -99 -99
-0.0518864935133039 -99 -99 -99 -99 3.1019841546243 -99 -99 -99 0.250669582322744
-99 -99 -99 -99 -99 2.67074085056746 -99 -0.536403966615087 -99 -99
-99 -99 -99 -99 -99 -99 -99 -99 -99 -99
-99 -99 -99 -99 -99 1.46305587857255 -99 -99 -99 1.41771284127499
-99 3.47098957341743 -99 -99 -99 3.32763160297411 -99 -99 -99 -99
2.05940827050695 -99 -99 -99 -99 0.9678472830807 -99 2.04852674631593 -99 -99
-99 -99 -99 -99 -99 -0.384290699840452 -99 2.9093323227426 -99 0.602475311563318
0.520980605294032 -0.432725499742372 -0.28572580381276 -99 -99 -99 -99 0.436166269220656 -99 -99
0.715716333970928 -99 -99 -99 -99 -99 0.635572673019142 -99 -99 -99
-99 -99 -99 -99 0.0449386426437114 -99 -3.14698911769198 -99 -99 -99
-99 -99 0.489119270444724 -99 -99 -99 -0.693910850750048 -99 -0.148159186582385 -99
1.52568602543943 -99 -99 -99 -99 -99 0.740670077013883 -99 -99 -99
-0.109832923999182 -1.25117569070284 -99 -1.02099387246356 -99 -99 -99 -99 -99 -2.11550015224342
-99 -99 -99 -99 -99 1.18201540934229 -99 -99 -99 -99
-99 1.92457616869637 -99 -99 1.21005940323203 0.638215004374484 -99 3.40940485475221 -99 -99
-99 2.13418222007062 -99 -99 3.00565970091995 1.66870881133506 -99 -99 -99 -99
-1.63107507450633 -99 -99 -99 -99 -99 -99 0.330600189483125 -99 -99
-99 -99 -99 -99 -99 -99 -99 -99 -99 -99
-99 -99 3.26752394939909 -99 -99 -99 -99 -99 -99 -99
-99 -99 -99 -99 -99 0.797537410355651 -99 -99 -99 -99
-99 -99 -99 -99 -99 -99 -99 -99 -99 -99
-99 -99 -99 -99 -99 2.13539760239062 -99 -99 -99 -99
-99 -99 -99 -99 -99 -99 -99 4.17367175197956 -99 -99
-99 -99 2.94899879044415 2.039206111152 0.604300914296953 2.81067013307954 -99 -99 0.562147771231052 -99
0.296866629490421 -99 -99 2.11504291935616 -99 -0.960427207441343 -99 -99 -99 -99
-99 3.25859244554053 -99 -99 2.57432335202288 -99 -99 -99 -99 -99
-99 -99 -99 3.31705519778923 -99 -99 -99 -99 -99 -99
-99 -99 1.81344351215634 -99 2.33341816880102 -99 2.92439140514856 -99 -99 -99
0.0780649946418612 -0.476580155965562 0.432551546560507 1.13515428687603 3.49780526724151 -0.296650735698072 0.0892164827668037 -99 -0.943124356919433 -99
-99 0.845537861872282 -0.537932929826449 -99 -99 2.79968643489324 -99 -99 -99 -99
-99 -99 -99 -99 -99 0.458395483396579 -99 -99 -99 -99
-99 -99 0.659700140297851 -99 -99 -99 -99 -99 -99 -99
-99 -99 1.54093024966641 -0.0334967584566623 -99 -99 0.993770184684917 -99 -99 -99
-99 -99 -99 -99 -99 -99 -99 -99 -99 -99
-99 -99 0.375496170682552 -99 -99 -99 -99 -99 3.13635673339588 2.12008241125683
-99 -99 -99 0.540488946016929 -99 -99 -0.26530314419006 0.75141002788679 -99 -99
-99 4.0189980022117 -99 -99 -99 -99 3.66923793836104 -99 2.59085833433744 -99
-99 -99 2.25424668058763 -99 -99 -99 2.74321448973788 -99 1.12354558202136 -99
4.0627703691145 4.01613433427872 -99 1.36649347245757 -99 3.60235134611272 -99 -99 0.616687421249793 -99
-99 -99 -99 1.57673080108567 -99 -99 -99 -99 1.20330665308678 -99
-99 -99 -99 -99 -99 -99 -99 -99 -99 -99
-99 -99 -99 -99 -99 -99 -99 -99 -99 2.7997674203067
-99 2.54883969728102 -99 3.32654770583115 -99 -99 0.746985788654452 2.79038185701433 -99 0.418533853244239
-99 1.76545878141861 -99 -99 -99 -99 2.42245110915452 1.51341625291592 2.44588832513498 -99
-99 -99 -0.990585417496214 -99 -99 -99 -99 -1.07247247128624 0.0929839204220424 -99
-99 -0.276105614316857 0.13853920465233 -99 -1.66669238152782 -99 -99 -99 -99 -99
-99 -99 -99 1.98451507390177 3.92584770076752 -99 -99 -99 -99 -99
-99 -99 -99 -99 -99 0.396944732167375 0.784417756319539 -99 -99 -99
-99 -99 -99 -99 -99 -99 -99 -2.29514356172679 -99 -0.201208310044416
-99 -99 -99 3.09284514664505 -99 -99 -99 -99 -99 -99
-99 -99 1.37234925099371 -99 -99 1.42685339042726 -99 -99 -99 -99
-99 -1.02430995378689 -2.30649340044379 -99 -99 0.247081564535502 -99 -99 -99 -99
-99 -99 -99 -99 -99 -99 2.44948300746829 -99 0.380290220405992 -99
-99 1.31815108785912 -0.78171460978478 -99 -99 -99 -99 -99 -99 -99
-99 1.55995567320146 -99 2.91510848946033 -99 -99 -99 -99 -99 2.73893526962824
-99 -99 -1.23012819712348 -99 1.50942575408577 -99 -99 -99 -99 -99
-99 -99 -0.467518959580559 -99 -99 0.173603978126057 0.70244100485123 -99 -99 -99
0.845634380310604 -99 -99 -99 -99 -99 -99 2.54170869502378 -99 0.316340522991887
-99 -99 -99 1.78273139905537 -99 -99 -99 -99 -99 -99
-99 -99 0.129724142535547 -99 -99 -99 -99 -99 -99 0.825350253072728
2.16376505321293 -99 -99 -99 1.68836933938918 0.250145835920318 -99 -99 -99 -99
-99 -99 -99 -99 -99 -99 -99 -99 -99 -99
-99 1.45889626603882 -99 -99 -99 -1.51233660748499 -99 -99 0.832457654535314 -99
-99 -99 -99 -99 -99 -99 -99 -99 -99 -99
-99 -99 -99 -99 -99 -99 -99 2.0801581709899 2.80502753856662 -99
-99 -99 -99 -99 -99 -0.528526698721243 -99 -99 1.72342100911144 -99
-99 -99 -99 -99 3.1617844005141 -99 -99 5.00526324411514 -99 -99
-99 -99 -99 -99 -99 1.55949449770495 -99 -99 -99 -99
0.747689615736704 -0.475771427864934 -99 -99 -99 -99 -99 -99 -99 -99
-99 -0.942001418638476 -99 -99 -99 -99 -99 -99 -99 -99
-99 -99 -99 -99 -99 -99 -99 0.536682799144209 -99 1.08462153070966
-99 -99 -99 -99 -99 -99 -99 -99 -99 -99
2.71448081116958 -99 -99 -99 -99 -99 -99 -99 -99 -99
-99 -99 -0.0520002124664263 -99 -99 -99 -99 -99 -99 0.762035691955695
3.15763893407103 1.22892585394672 -99 -99 -99 -99 -99 -99 -99 -99
-99 -0.161527659752526 0.362354492282589 0.428008467574099 0.073787688857565 -99 -99 -99 -99 -99
-99 -99 -99 -99 -99 -1.71501112896811 -99 2.01043688086446 -99 -99
-99 -99 -99 -99 -99 -0.440468377245009 -99 -99 -0.671671498990394 -99
-99 -99 -99 -99 -1.42157040655192 -99 1.53369344973969 -99 -99 -99
-99 -1.18420593926877 -99 -99 -0.0823313929533824 -99 -99 -1.16265122175125 -99 -99
-99 -99 1.78192877121968 1.12148135211353 -99 -99 -99 -99 -99 -99
-99 -99 -99 -99 -99 -99 -99 -99 -99 -99
1.65004021949399 2.3984116775984 0.705272263702981 -99 -99 -0.0222355863917525 -99 -99 -99 -99
-99 -99 -0.439417717649811 -99 -99 -99 -99 -99 -99 -99
-99 -99 -99 -99 -99 0.575236600755964 -99 -0.124225672585268 -99 -99
-99 -99 -99 -99 -99 -99 -99 -99 -99 -99
-99 -99 -99 2.45886014872418 3.04505647967955 -99 -99 -99 4.98205520982021 -99
-99 0.642145206707144 -99 -0.542271343354712 -99 -99 -99 -99 -99 -99
-99 -99 -99 1.38153521696124 2.57693720092115 -99 2.00017161409984 -99 -99 0.398580171784607
-99 0.430728174695878 -99 0.813921919699715 0.612356767422088 -0.191125735149843 1.23238130935734 -99 -99 -99
-99 -99 -0.44717344892877 -99 -99 -99 0.773590311626231 -99 -99 -99
2.2906285144847 -99 -99 -99 -99 -99 -99 -99 -99 -99
-99 -99 0.392964068794233 -99 -99 1.63470406096563 -99 -99 0.798049283824058 -99
-99 -99 -99 -99 -99 -99 -99 -99 -99 -99
-99 2.64847532376184 -99 1.79330422763477 -99 -99 -99 -99 -99 1.58372667470071
-99 -99 -99 -99 -99 -99 -99 -0.802922927356293 -99 -99
-99 1.7756745342115 -99 1.18462695084937 -99 -99 0.474904692328486 -99 -99 -99
-99 -99 -99 -99 -99 -0.262381811320075 1.09997750514649 -0.102432390799064 0.459623926039049 -99
-99 -0.504384311733771 -99 -99 -99 -99 0.538241776899136 -99 1.86419828331998 -99
-99 -99 1.56203446605357 -99 -0.0705601858031448 -0.81663487032812 -99 0.795503513489332 -99 -99
-99 -99 -99 -99 -99 2.35024228278623 -99 -99 -99 -99
-99 1.05772148295254 -99 1.30829731668412 1.27008708066514 -99 -99 -99 1.85008105391392 2.5359484572766
-99 -99 -99 -99 1.73289013171257 -99 -0.475075064208932 -99 0.708715462555492 -99
1.89969112216636 -99 -99 -99 -99 -99 -99 -99 -99 -99
-99 -99 -99 1.72856614552525 -99 -99 -99 -99 -99 -99
-99 1.51714324151088 -99 0.552402187372319 -99 -99 -99 -99 1.41096816498271 -1.44109818028463
0.629722002828119 -99 1.16244954407007 -0.154466806985879 -99 -99 -99 -99 -99 -99
-99 2.16701412661299 -99 2.22538988751321 1.38889090507786 2.87213577647651 -99 -99 -2.1145315649511 -99
-0.508192781277292 -99 -99 -99 0.924841471640446 1.06112155084872 -99 -99 -99 -99
-0.0235932949044453 -99 -1.45718318992874 -99 0.152087549935536 -99 -99 2.45589683569384 -99 -99
-99 -99 -99 -99 -99 -99 -99 -99 -99 -99
-99 -99 -99 -99 0.0872020461124637 -0.177759743176459 0.137726980836565 1.75776820818222 -99 0.581358451127281
0.429923668900258 -99 -99 -99 -99 0.73337606772915 -99 -99 -99 -99
-99 -99 -99 -99 -99 1.21348925140959 -99 1.17282217262286 -99 -99
-99 -99 -99 -99 -99 -99 -99 -99 1.22327514978026 2.3417866933826
-99 -99 3.84154763781244 -99 2.29669292383061 -99 -99 -99 1.65916940494236 2.41688163340997
-99 -99 -99 -99 -99 -0.483451534801698 -99 0.069747850339155 -99 -99
-99 2.25926811706966 -99 -99 2.10072311436443 -0.42479679650263 1.84276739321865 1.5448806666105 -99 -99
-0.446421040173896 -0.139363047359332 -99 0.493408285078408 -99 -99 0.886625118450592 -99 -99 -99
-99 -99 -99 1.49803623212718 -99 -99 -99 -99 -99 -99
-99 -99 -99 -0.47459308916834 -99 -99 -99 -99 -99 -99
-99 -99 -99 -99 -99 -99 2.69051868243091 -99 -99 -99
-99 -99 -99 -99 -99 -99 0.744944464619486 -99 -99 -0.531297546215636
-99 -99 -99 -0.202868695322637 -99 -0.38308464247778 0.123041921769595 -99 -0.569724906794623 -99
-99 -99 0.956199060445932 -99 1.22289048249269 1.87257860613743 -0.953390027755171 -99 1.66907594576831 -99
-0.631965319892033 -99 -0.383180086379171 -99 1.07470761099566 1.65798142446233 -99 -99 -99 -99
-99 -99 -99 -99 -99 -99 0.665571857456469 -99 1.53831171087054 -99
0.462992103803472 -99 -99 -99 -99 -99 -99 -3.473813398287 -99 -99
-99 -99 -0.660659838540055 -0.326941276387238 -99 -1.57313869509495 -99 -99 -99 0.0430122958375878
-99 -99 2.07731175284439 -99 -99 4.60303959100075 -99 -99 -99 2.14937167720529
-99 -99 2.0641686591857 -99 -99 -99 -99 -99 -99 -99
-99 -99 -99 -99 -0.410267379981001 -0.698510117431649 -99 -99 -99 -99
-99 0.0855447663079349 -99 -99 1.85168607292374 -99 0.691906569710039 -99 -99 -99
-99 -99 -99 -99 -99 -99 -0.0634345485851462 2.7555788839421 -99 2.06528361525472
-99 -99 1.65496499584321 3.53238002722562 3.31489507990685 -99 -99 -99 2.73149491102872 -99
-99 -99 -99 -99 -99 2.50266072918808 3.33430796313013 -99 2.90742068112448 -99
2.81576386222502 -99 2.34632262207073 -99 -99 1.43233407542024 -99 -99 -99 2.77441096874413
-99 0.611771977649275 -99 2.07040457947177 -99 1.63822724634828 0.614735217019218 -99 -99 -99
-99 -99 1.63761935913062 -99 -99 1.47018058888607 -99 -99 -99 -99
-99 1.47843038037242 -99 -99 -99 -99 -99 1.46018043503688 -99 -99
-99 -99 -99 -99 -99 -99 -99 -99 -99 -99
-99 -99 -99 -99 2.18328026879025 3.12025050116711 -99 3.71183457070805 -99 -99
1.95891824714088 -99 -99 1.4901453649939 -99 1.57864224081177 2.46315025992713 -99 -99 -99
-99 1.53873998530602 -99 -99 -99 -99 -99 -99 -99 2.61137725072917
0.879024875576615 -99 0.724238499500133 -99 -99 -99 -99 -99 -99 -99
-99 -99 -99 -99 0.899519371121493 -99 -99 -99 -99 -99
-99 0.240739395854158 -99 -99 -99 -99 -99 1.93619863893676 -99 -99
-99 2.34455896405383 -99 -99 2.86296947632405 -99 1.12178305798829 1.66981467228698 -99 -99
-99 -99 -99 -99 -0.527119810954719 -99 -99 -99 -99 -99
0.877714553633316 0.689022056404834 -99 -99 -99 -99 1.07526984062686 0.778342672594316 -99 -99
1.34305026635475 -99 -99 -99 -99 1.42333821327715 -99 -0.112655558640575 -99 1.83102974028347
3.35217461805665 -99 -99 -99 -99 2.87397819640181 -99 -99 -99 -99
-99 -99 -99 -99 -99 -99 -99 -99 -99 -99
1.82791008443953 -99 -99 0.735546207470659 -99 -99 -99 2.9171479048675 0.542770009527472 -99
-99 -99 0.363318641888945 -0.938765794412358 -99 -99 -1.47162225930655 -0.676143454103685 -2.24420753422782 -99
-99 -99 0.886876971964567 0.243462199021072 -99 -99 -99 -99 -99 0.573777957275587
-99 -99 -99 -99 1.6910096743192 -99 -99 -99 -99 2.27758387589107
1.16038308704239 0.359387852535773 -99 -0.139502245175174 1.45749142867272 0.690383615678195 -99 1.75904117795642 -99 -99
-99 1.50992181851911 -99 -99 -99 -99 -99 -99 -99 -99
-99 -99 1.97732602125024 -99 -99 -99 -99 -99 -99 -99
-99 -99 3.0278296513395 -99 -99 -99 4.27280290088215 -99 -99 -99
-99 -1.10069246053001 -99 -0.488246424525674 -99 -99 -99 -99 -99 -99
-0.518071984356355 -0.169399492107849 -99 -99 -99 0.799823700562128 -99 -99 -99 0.0310249970990581
-99 -99 -99 -99 -99 -99 -2.05950546218301 -99 -0.510769529391625 -99
-99 1.72618685219788 -99 2.23303088048508 -99 -99 -99 -99 -99 -99
-99 -99 0.0361017960049037 -99 -99 -99 1.12601405261503 1.47418562033831 0.734112566204761 -99
-99 -0.459776331578671 -99 0.611053561295633 -99 -99 0.48268990611454 -99 -99 -99
-99 -99 -99 -99 -99 -99 1.07846007902029 -99 2.96244876109141 0.0430257644718848
-99 -99 -99 1.28485123527401 -99 1.27610655869471 -99 0.957695089819686 -99 -99
0.901796566173852 -99 0.63286564598875 -1.00893743625251 -99 -99 -99 -99 -99 -99
-1.52271955911978 -99 -99 -99 -99 -99 -99 0.507672698160352 -99 -99
-99 -99 -99 -99 -99 -99 1.96730839221426 -99 -99 -99
-99 -99 -99 -99 -99 -99 -99 -99 -99 -99
-99 0.716339653863708 1.7968679414115 -99 -99 1.5922036154752 -99 -99 -99 -99
-99 2.03595771260459 -99 -99 -99 -99 -99 -99 -99 -99
-99 -99 -99 2.14412644127706 -99 -99 0.900704521665576 -99 -99 -99
2.76413537745791 -99 1.31177125746966 -99 -0.220729119421033 -99 -99 -99 -99 -99
-99 -99 -99 2.33053917418871 -99 0.111726707969449 -99 1.49022814173803 -99 0.0301413420889336
-99 -99 -99 -99 -99 -99 -99 2.4594870618183 -99 -99
-99 -99 -99 -99 -99 -99 1.8201932782436 -99 -99 -99
-99 -99 -99 -99 -99 -99 -1.24919110132283 -99 -99 -99
-99 -99 -99 -99 -99 -99 -99 -99 0.279409141042519 1.40838958603882
-99 -99 -99 0.156550521833217 -99 -99 -99 -0.218183871813328 -99 -99
-99 -99 -99 -99 -99 -99 -99 3.13338115309556 -99 -99
-99 -0.772707435114312 0.391712522777365 -99 -99 -99 -99 -99 2.45781105420859 -99
-99 -99 -99 0.746050891505053 0.89751894156493 -99 -99 -99 -99 -99
1.50574747303248 1.57850483771249 -99 -99 -99 -99 -99 -99 2.35307267461372 1.42365059293758
-0.829719193957014 -99 -1.38627130119537 -99 -99 -99 -99 -99 -99 -99
1.58212291452078 1.75375485731113 -99 -99 -99 -99 -99 -99 0.611485093555276 -99
-99 -99 0.181944936857698 -0.494324836356548 -99 -99 -99 1.39033454297592 -0.0622692718313598 -99
-99 -99 -99 -99 -99 -99 -99 -99 -99 -0.239044668927367
-99 -99 -99 -99 1.94072756278728 -0.436070180705863 -99 -99 -99 -99
1.60885021023204 2.43251550574822 -99 2.03722768892142 -99 3.25593869967571 -99 3.49789951860745 -99 3.21974701198814
-99 -2.1986143793029 -99 3.05762016433607 1.8338924733793 -99 1.8490278508511 -99 0.269983465393334 -99
-1.27414997484523 0.464838795007266 0.614777475659902 -99 -99 -99 -99 1.58071950697471 -99 -99
-99 -0.426541308840444 -99 0.165099155122743 -99 -99 -99 -99 0.152623580909887 -99
-99 -99 2.28627066804754 -99 2.08776105008224 1.13163091027654 1.98849368185755 0.478296000616932 -99 -99
-99 -99 1.15044770494673 -99 -99 -99 -0.385442807544581 -99 -99 -99
-99 -99 -99 -99 -99 -99 -99 -99 -99 0.246322786754631
2.86507886690247 -99 -99 -99 -99 -99 -99 -99 -99 0.532019541267606
-99 -99 -99 -99 -99 3.65201727952114 2.08683759332799 -99 -99 -99
1.84265493239497 -99 -99 -99 0.482795833539214 -2.15581221448256 -0.695581383155618 -99 -99 -99
-0.629543042833493 -1.10937775359951 0.126937197336357 -99 -99 -0.739527782124937 -99 -0.294579361674629 -99 -99
-99 -99 1.13819769128555 -99 -0.0330195236045858 -99 -0.0346563753421536 -99 -99 -0.0107005423907083
-99 0.93937813988982 -99 -99 -99 0.938576444267108 -99 -99 -99 2.0181621421016
2.61406453241327 -99 2.08849582952423 2.68201949814597 -99 -99 2.74142164153881 -99 -99 -99
3.71308988816958 -99 -99 -99 0.8254024996315 -99 2.42493189566449 -99 -99 -99
-99 -0.197092689134671 1.32176094823958 -99 -99 -99 -99 0.181039351470438 -99 0.116062383024568
2.08569900596928 3.58587883860692 -99 -99 -99 1.98573786451236 4.67511267594812 -99 -99 -99
-99 -99 1.37179504364837 -99 -99 1.92036394840829 -99 -99 -99 -99
-99 -99 -99 -99 -99 -99 -99 -99 -99 -99
-99 -99 3.2286681157137 -99 -99 3.10803819772226 -99 -99 -99 -99
-99 -99 -99 -99 -0.135273496192996 0.312459642086127 -99 -99 -99 -0.25652045911331
1.26514626134495 -99 0.175391949242761 -99 1.14384662388295 0.0830551690301204 -99 -99 -99 -99
4.13816028968652 5.1768456119287 -99 4.43072620699169 -99 -99 -99 -99 -99 3.06506295478753
0.702513950059227 -99 -99 0.70701508112813 0.133538956841417 -99 -99 -0.241653543175353 0.229439399838068 -0.0580748137931069
-99 0.369918276013649 -99 -99 -99 -99 -99 -99 -0.293917805518525 0.126531935752382
-99 -99 2.6092061152132 -99 -99 -99 1.27180469040406 0.895533443838583 2.4864732144035 -99
-99 -99 0.415009034613436 -99 -99 1.0246788516495 -99 -99 0.954374009313832 0.238501288595055
-99 -99 -99 -99 -99 -99 2.60404678370491 -99 -99 3.43964436373237
-99 1.72739023995075 -99 0.965845616251859 -99 -99 -99 0.939629780085733 -99 -99
-99 -99 0.15486148316888 -99 -99 -99 -1.71249578664743 -0.308682803557952 0.283779884956856 -99
-99 -0.626674340513481 -99 -99 -99 -0.144066774626577 0.0254657334122681 -1.17985922959721 -99 -99
-99 -99 2.14207356306851 -99 -99 2.15204687442557 -99 -99 -99 -99
-99 1.30044330159493 -99 3.38110582676783 0.207315428374897 -99 -99 -99 -99 -99
-99 -99 -99 -99 -99 -99 -99 2.25548068689012 4.02182321603701 2.18578815896521
-99 -99 -99 2.7461903908681 -99 -99 -0.764553598960655 -99 -99 -99
-99 -99 -99 2.62742064153038 -99 -99 -99 -99 -99 2.33519959719639
-99 -99 0.326721351858071 0.422638265624341 -99 -99 -99 0.186734515117731 -99 1.09987772308849
-99 -99 0.215712461269477 -99 -99 -99 -99 -99 -99 -99
1.02033991217475 -99 -99 -99 -99 3.22783577840408 -99 -99 -99 -99
-99 -99 3.43563258358824 -99 4.55950713178378 4.25370060410192 -99 -99 -99 3.59457962889898
-99 -99 -99 -99 -99 -1.15499461639914 -99 -99 -99 -99
-99 -99 -0.220939631311046 -99 0.143063192538432 -99 -99 0.0471033062720168 -99 -99
0.611132929825677 1.57135575670976 -99 -99 -99 -99 1.66630784307153 -99 -99 -99
-99 -99 -99 -99 -99 -99 1.36905558965016 -99 -99 0.475061626789742
-99 0.422613364992836 -99 -99 -99 0.628854072446979 -99 2.4013154368326 -99 -0.467230664712818
0.776141313006875 -99 -99 -99 -99 -99 -99 -99 -99 -99
-99 -99 -99 -99 1.40598286202144 -99 -99 -99 -99 0.615854337762753
-99 -99 -99 0.51010777477128 -99 -99 -99 -2.0099405749147 -99 -99
-99 -99 2.09739688170865 -99 -99 -99 1.26900231807009 1.12051838865003 1.370950900738 -99
-99 -99 -99 -99 -99 -99 -99 -99 1.34996544299284 2.59192560713557
-99 -99 -99 -0.328133018717678 -99 -99 -99 -99 -99 -99
-99 -99 2.45495501070534 -99 -99 -99 -99 -99 1.89871227546015 -99
-99 1.25316594285973 -99 -99 -99 -99 -99 -99 -99 -99
-99 1.62145575669397 -99 -99 -99 -99 -99 -99 -99 0.572149592509714
-99 -99 -99 1.41496572398106 0.107723974771792 -99 -99 -99 2.1339667145044 1.32905612366342
-99 -99 1.87657007662432 -99 2.44846623462532 -99 -99 -99 1.86952851925253 3.53845051317226
-1.1769542272565 -99 -2.09499661731107 -99 -99 -99 -99 0.485480277469469 -99 -0.700031947554557
-1.5316630192358 -1.01665867060179 -99 -99 -99 -99 -99 -1.17335509629163 -0.582514436471822 -99
0.474355814451733 -99 -99 -99 -99 -99 -99 -99 2.01206817321454 -99
1.28515657490785 0.721230964052721 -99 -99 -99 -99 0.878296009701902 -99 3.08904347140925 -99
-99 -99 -99 -99 -1.85105513066333 -99 -99 -0.852768024493631 -0.491593342355425 -99
-99 1.19681802419914 -99 -99 -99 -99 1.57790065353421 -99 2.67526742479466 -99
-99 1.02953872734959 -99 -99 -99 -99 -0.247896700999407 -99 -99 -99
-99 -99 -0.0343667958716165 -99 -99 -99 -99 -99 0.424711486883682 -99
-99 -99 -99 -99 -99 1.10594648202316 -99 -99 -99 -99
1.32187107510818 -0.71699416519049 1.77705022255891 2.12818432589521 -99 -99 -99 -99 2.23502535275021 1.13413306679562
-99 2.8253173380727 -99 -99 -99 0.324546423121679 -99 -99 0.783024749318659 -99
1.23162450836946 0.718697477887091 -99 -99 3.08015349761295 3.5626421242096 -99 -99 3.84656976959418 -99
-2.36996519727969 -99 -99 -99 -99 -0.78051321678192 -99 -99 -99 -99
-99 -99 -99 -99 -99 -99 -99 2.70836282978442 -99 -99
-99 -99 -99 -99 -99 -99 -99 -99 -99 -99
-99 -99 -99 -99 1.97584845863942 -99 2.33673067388465 1.61504636802162 -99 3.57757721468889
-99 -99 -99 -99 1.63367244230629 -99 -99 1.86409427613534 -99 -99
-99 -99 -99 -99 -99 1.91797799153816 -99 -99 -99 -99
-99 -99 -99 -99 -99 -99 -99 -99 -99 1.79398749095046
-99 -99 -99 -99 -99 0.668762705039065 -99 1.01348104602924 -99 -99
-99 -99 -99 -99 1.61973517593278 -99 2.19842327197931 3.31140597064093 0.810815140872724 -99
-99 -99 -0.865390472563771 -99 -99 -99 -99 -0.504076961186676 -99 -99
1.37696862754763 -99 -99 -99 -99 -99 -99 2.10694742796699 -99 -99
-99 -99 -99 -99 -99 -99 -99 1.08671082234052 2.00880364956874 -99
-99 -99 -99 -99 -99 -99 -99 -99 -99 -99
0.642406171992895 -99 -99 -99 -99 2.16764395592322 -99 -99 -99 -99
1.2780603104779 0.51142291414209 3.08087531944552 -99 -99 -99 -99 -99 -99 -99
-99 -99 -99 -99 -99 -99 -99 0.208201943671939 -99 1.33135247875561
-1.01339575657314 -99 -99 -99 -99 -99 -99 -99 -99 -99
-99 1.17460697576237 -99 -99 -99 0.726789001733887 0.238777240797375 -99 -99 -99
-99 -99 -99 -0.619638793947287 -99 -99 -99 -99 -99 -99
-99 -99 2.59480113859464 2.66700343437968 -99 -99 -99 -99 -99 -99
0.700436782508289 -99 -99 -99 3.1948116943915 4.009083655579 1.97747371457445 -99 -99 -99
0.582076943470095 -99 -99 1.0152756800165 -99 -99 -99 1.66350917103971 -99 0.790300954994363
2.71589646236567 -99 -99 -99 3.40315235610906 -99 -99 -99 -99 2.47653902406331
-99 0.452869585753764 1.4742768229154 -99 -99 -99 -99 -99 1.73072911308823 -99
2.25415392328126 -99 3.45173229303323 -99 2.82243097647464 1.56935146501378 -99 3.75922094539154 -99 -99
-99 -99 0.786893872365461 -99 -99 -99 -99 -99 -0.212073894771217 -99
-99 -99 -99 -99 -99 -99 -99 1.42149065638658 2.47655434796537 -99
-99 -99 0.195421412266811 -99 0.999070796279519 -99 1.3339214747891 -99 -99 -99
-99 2.08848517867768 -99 -99 -99 0.905302982411916 -99 1.33675849336581 -99 -99
-99 -99 -99 -99 1.6725514935399 0.413324005063088 -99 -99 -99 -0.0524064102267758
-99 -99 -99 -99 -99 -1.18753018801511 -99 -99 -99 -99
-99 0.310581548787592 -0.756415991791784 -99 -99 -1.41154915785774 -0.465023098756035 -99 -99 -0.914925889902771
1.84246475996912 -99 0.571941096008349 -99 -99 -99 -99 -99 2.22973016211987 -99
0.0719677024059248 1.16874314579789 -99 1.22869537043501 -99 -99 -99 -99 -99 -99
-99 -99 -99 -0.443001016986782 -99 -99 -99 -99 0.522493609894494 -99
-99 -99 -99 -99 -99 -99 -99 -99 1.51608878536437 -0.328901413489789
-99 -99 -99 -99 -99 -99 3.92336220505164 -99 -99 3.37559895702384
-99 -99 -99 1.78378753768436 -99 2.03084753133047 3.68578772418604 -99 -99 -99
-99 -99 -99 -99 -99 -99 -99 -99 -99 2.24540314613495
-99 -99 2.10637177243058 0.706292207930809 -99 -99 -99 -99 -99 -99
-99 -99 -99 3.04266957384079 -99 -99 -99 -99 -99 -99
-99 -99 -99 -99 1.45134512856999 -99 -99 -99 -99 -99
-99 -99 -99 0.234279811345797 1.69677600193147 -99 3.00943927164623 -99 -99 1.20890536827126
-99 1.71093808617044 -99 -99 1.56719967335655 2.44816065573465 -99 -99 1.71965367689033 0.107320351609915
0.244327443550589 -99 0.94812051306492 -99 1.78815940685747 -99 -99 0.803325103746657 0.950999629640001 -99
-99 1.19493713999682 -99 -99 -99 -99 -99 -99 -99 -99
-99 -99 -99 -99 0.0998176933249812 -99 -99 -99 -99 -99
3.59981436180147 -99 -99 3.58492760847228 4.88993164110061 -99 -99 -99 4.36335252141565 -99
-99 -0.241139131389524 -99 -99 -99 -99 1.42101739950023 -99 -99 1.4820936180084
0.663086823166125 -99 -99 -0.383119474555271 -99 -99 -99 -99 -99 -99
1.82348649930506 -0.962633397744561 -99 -99 -99 -99 -99 -99 0.112821504948397 -99
-99 -99 -99 -99 -99 -99 -99 -99 -99 -99
-99 -99 -99 -99 0.454715103878666 -99 -99 -99 -99 0.757031252675586
-99 2.306952438737 -99 -99 -0.283976688897667 0.359956515387081 -99 -99 -99 -99
-99 -1.54940901355552 -99 -99 -99 -0.135366613775674 -99 2.44390628057192 -0.805038154941571 -99
-99 -99 -99 -99 -99 -99 -99 -99 -99 2.77811362490415
0.756173592853717 -99 -0.905688950243521 -99 2.12465011832912 -99 -99 -99 -99 -99
0.0651420047606976 2.40227213074998 -99 -99 -99 -99 -99 -99 0.706040869833124 -99
-99 -99 -99 -0.855627336078254 -99 -99 -99 -2.26488278119258 -2.61412749752049 -99
-99 1.89415340050252 -99 -99 -99 -99 -99 -99 -99 2.84692955514861
-99 -99 -99 -99 -99 -99 -99 -99 -99 -99
-99 -99 0.907847882801498 2.8959728793735 -99 -99 -99 -99 1.18399075170761 -99
-99 -99 -99 -99 -99 -99 -99 -99 -99 -99
-99 -99 -99 -99 -99 -99 0.859558979395219 -99 -99 -99
-99 -99 -99 -99 -99 -99 -99 -99 -99 -99
-99 -99 -0.50252494022534 -0.813758733704623 0.0370780155082445 -0.95583817172095 -99 -0.0730631128407186 -99 -99
-99 -99 -99 -99 1.39610428140372 -99 -99 0.0157455055028226 1.44501672430086 -99
-99 -99 -99 -99 -99 -99 -99 -99 -99 0.688397634250995
-99 -99 -99 -99 0.898761056501437 -99 -99 -99 -99 0.144795312001501
-99 -99 -99 -99 -99 -99 1.68807623192386 -99 -99 -99
0.489233595668876 -99 -99 -99 -99 -99 -99 -99 -99 -99
-99 -99 -99 -99 -99 1.83843501190419 2.22163777525364 -99 -99 -99
-99 -99 -99 -99 -99 -99 -99 1.08264417822408 -99 -99
-99 -99 -99 -99 -99 -99 -99 -99 2.90423610103991 2.57265691472006
-99 -99 -99 -99 -99 -99 -99 -99 -99 -99
-99 -99 -99 4.8456675724871 -99 -99 -99 -99 -99 2.79781117743412
-99 -99 -99 -99 -99 1.1936441890419 -99 -99 -99 -99
1.94717083817513 -99 -99 -99 -99 -99 -99 -99 -99 -99
0.712549244381185 1.50034398410386 -0.591710652284832 -99 -99 -99 -99 -99 1.83090038263043 -99
-99 -99 -99 -99 -99 -99 1.27246588149692 -99 -0.000457862098943718 0.487198217401887
0.0932673099708109 -99 0.972444234938678 -99 -99 -99 -99 -99 -99 0.683584763245279
-99 -99 -99 -99 -99 -99 0.193216890341071 1.19669934844014 -99 -99
1.49681672724205 1.03385515005688 -99 -99 -99 -99 -99 -99 -99 -99
-1.30927764121335 -99 -99 -99 -99 -0.0341623020287332 -1.15061125548715 -99 -99 -99
-99 -99 -99 -99 -99 -99 -99 -99 -99 1.35031666763075
-99 -99 -99 -99 2.51455112757796 -99 -99 -99 -99 -99
-99 1.33198338341505 2.77617144936038 -99 -99 1.2357749921914 -99 -99 3.38591272205939 -99
1.71233681064104 -99 -99 0.0237082810750299 -99 -99 0.469123691328069 -99 -0.228125620097201 -99
0.156281873749938 2.17457652400186 -99 -99 -99 -99 -99 -99 -99 -99
-0.0673932746045465 1.15264998378069 -99 -99 -99 -99 -99 -99 1.8539611469917 -99
-99 -99 -99 -99 0.593063332236828 -1.37692328516368 -99 -99 -99 -99
-99 -99 -99 -99 -99 -99 -99 -99 -99 -99
-99 -99 -99 -99 -99 -0.429467033292018 -99 -99 -99 -99
3.09731635002512 -99 -99 -99 -99 2.77391336194495 -99 -99 -99 1.97776627752769
-1.35283387737773 -99 -0.263063019273389 -99 -0.157460288372891 -99 -99 -99 -99 -99
-99 -99 -99 -99 -99 -99 -99 -99 -99 -99
-99 -99 -99 0.546676724571495 -99 -0.637934115930289 -99 -99 -99 -99
-99 0.133410775895535 -99 -1.0049619591149 -99 -99 -99 -99 -99 -99
-99 1.12652658208775 1.77700644379273 1.31372790451298 -99 1.03562865033257 -99 -99 -99 -99
-99 -99 -99 -99 -99 2.58872900531415 -99 3.18265401990333 4.53299074130125 1.20682752967969
1.63837868014649 -99 -99 -99 -99 1.13227985227908 -99 -99 -99 4.33301846465569
-99 -99 -99 2.26866820380629 3.10370166387592 -99 -99 -99 -99 -99
1.18025263700838 1.47246099012625 2.08350507976113 -99 -99 -99 2.51420157508584 2.90089125793358 -99 -0.387320039686405
-99 -99 -99 -99 -99 3.16166132644224 -99 -99 -99 2.36860997699694
-99 -99 1.52478785571052 3.11465667619934 -99 0.976681910378712 -99 -99 2.12273787495463 -99
-99 -99 -99 -99 1.24132335069917 -99 -99 -99 -99 -99
-99 -99 -99 -99 -99 -99 -99 1.4926687905571 -99 -99
-99 3.94036240491335 -99 -99 -99 4.04564529570843 2.94246942910256 -99 2.36606856258108 5.16786109773203
-99 -0.901861385059825 2.12053219358317 -99 -99 -99 -0.0174243127254901 -0.497448264594885 -99 -99
-99 1.71489983631347 -99 -99 -99 2.39131079297641 -99 -99 -99 -99
1.60149046152549 -99 -0.511017589192262 2.4981924446741 -99 -99 0.324162516505308 -99 -99 -99
0.515498139786678 -99 -99 1.52359840024489 -99 1.79269242540459 -99 -99 -0.0654437417094236 1.55738172501504
1.60298954098021 1.54366071268482 -99 -99 -99 -99 1.07995058152958 -99 -99 -99
-99 -99 -99 -99 -99 -0.600115466794988 -99 -99 -99 -99
1.43460086571591 -99 -99 -99 -99 -99 -99 -99 -99 -99
-99 -1.86094084259028 1.48428475066465 0.552198585853011 -99 -99 0.735914792510721 -99 -99 -99
-99 -99 -99 -99 2.31753718033191 -99 -99 -99 -99 -99
