0.610081881466196 0.797658139776656 -99 -1.0553158138549 0.122973954455805 -99 -99 2.06160091012524 0.145896832547786 -99
-0.484083197804118 -99 -99 0.279370209299319 -99 -99 -99 1.5787242191012 -99 -0.0887371058194608
0.839002308948245 -99 -99 -99 0.456039515475644 0.683101456625861 -99 2.62407177321378 1.32001390113846 -99
-99 -99 1.70516225252566 -99 1.08525484679754 -99 -99 1.67483268162392 -99 -0.139691812103064
-99 -99 -99 -99 -2.36426872034442 -99 -99 -99 -99 -99
2.56925636995899 -99 -99 1.88322175317693 -99 -99 -99 -99 -99 -99
-99 -99 -99 -99 -99 -99 -99 -99 -99 -99
1.86132199272398 -99 -99 -99 -99 -99 -99 1.89976982335863 -99 -99
-99 0.473242549151609 -99 -99 -99 -99 -99 -99 -99 -99
-1.10677304187464 -0.857483293072917 -99 -99 -99 0.876458857859977 -99 0.379356392984943 -99 -99
-99 -99 2.29031330100148 -99 -99 -99 -99 -99 -99 -99
-99 -99 0.801494734756862 -99 -99 -99 -1.77543706071191 -99 -99 -1.55318492373207
0.557800882531491 -99 -99 1.5201004151283 -99 -99 0.654248722269445 -99 -99 -99
-99 -99 -99 -99 -99 -99 -99 2.31563677459745 0.979012908119287 -99
-99 -99 4.77849724931064 1.00948983018529 -99 -99 3.89949567187653 3.40745967460177 5.10413559912867 -99
-0.093071003703773 -99 -0.0923454397490393 -99 -99 -99 0.55494675636483 -99 -99 -99
0.110756258388783 0.534221267820566 -99 0.693349811561462 -99 1.04844282607537 -99 -99 -99 -99
-99 -99 -99 0.242097319540713 -99 -99 -99 -1.38298279839887 -99 -99
-0.0448229573527481 -99 -99 -99 -99 1.48709757400373 -99 -0.251120824310641 -99 -99
-99 -99 1.4358636748693 -1.16559115813787 -99 -99 3.16847491294451 -99 -99 -99
-0.864390611358032 -99 -99 -99 -99 -99 -1.7153958781076 -99 -2.08212668060186 -99
1.37932360543737 -99 -99 -99 1.21204521887105 -99 -99 -99 -99 -99
-99 -99 -1.36254711601744 1.5040677945474 -99 -99 0.762884455089883 0.833355613545347 -99 -99
-99 -99 -99 -99 -99 -99 -99 1.47691147203462 1.95641551278362 -99
-99 1.05659418143759 -99 -99 -99 -99 0.0639463446990143 -99 -99 -0.611963472522191
0.0105100673679971 -99 -99 -99 -1.32338094505569 -99 -0.301055161732226 -99 -99 0.840383336480139
1.09985204025172 -99 -99 -99 -99 -99 1.98404637107833 -99 -99 -0.820005050707621
-99 -99 -99 -99 -99 -99 -99 -99 -0.14760230955408 -99
-99 -99 -99 0.733270818225086 -99 -99 0.0981161729587897 0.336417739495326 -0.764523514058091 -1.81368214536499
-99 -0.0562549949374858 2.63895821820657 -99 -99 -99 -99 -99 -99 -99
-99 -99 -99 -2.08932236529325 1.43364862007328 -99 -0.371444768219735 -99 -99 -99
-99 -99 -99 -99 2.31910802263843 -99 1.95634392145109 0.207421272970416 -99 -99
3.05292297314524 1.04799453559661 -99 -99 2.13230912328677 -99 -99 -99 -99 1.95053508926938
-99 1.47508575256095 -99 -99 -99 -99 1.00972609480616 0.695381114475752 -99 -99
0.815131088149146 -99 -99 -99 1.18022020728067 -99 -99 -99 -99 0.143911303662798
-0.930327496930752 -99 -99 -99 -99 -99 -99 -99 -0.88337464885031 1.63374961465654
-99 -99 -99 -99 -99 2.27582843339858 -99 -99 2.93155732624101 -99
1.35957279761148 -99 -99 -99 -99 -99 -0.326615201262096 -99 -99 -99
-99 -99 -99 -99 -99 -99 -99 1.83519648247898 1.85727825088712 0.792453641293298
-99 -99 1.85235003481894 0.702896215827958 -99 1.22269917557994 -99 -99 -99 -99
-0.114252931752233 -99 -99 -99 -99 -99 -0.0497200736188079 -0.406286084212226 -99 -0.0385017364512381
-0.0532932345476269 -99 -99 1.33306256874591 -99 -99 -99 -0.800456441034246 -99 -99
-99 -99 -99 -99 -99 3.29071503470316 -99 1.80929893353964 -99 -99
-99 -99 -99 -99 -99 -99 1.08908906432306 -99 -99 -99
-99 -99 -1.83318521905905 -99 -0.429987347240384 -99 -99 -99 -99 -99
-99 -99 -99 0.67167201337033 -99 0.525515092532986 -99 0.342143566178528 -99 -99
-99 -99 -99 2.90823710023816 -99 -99 -99 -99 1.36237740114821 -99
-99 -99 -99 -99 -99 1.96753011669 -99 -99 -99 -99
-99 2.29403560127532 -99 -99 -99 -99 -99 2.38280874466302 3.36141782983577 -99
-99 -99 -99 -99 -0.559663969302424 -0.00435987589797193 -99 -0.0368290947865277 -99 -99
-99 0.320823231297812 -99 -99 1.25894057470424 -99 -99 -1.3460642162748 -0.564479058133646 -99
2.10883111647023 -99 2.28297158052559 -99 1.01489253881517 -99 0.702718569031578 -99 -99 -99
-99 -99 2.71918952583082 -99 -99 -99 -99 -99 -99 3.19000623899157
-99 -0.0677720702360893 -99 -99 1.72434900977948 0.602379421754404 -99 -99 -99 -99
1.76033228332575 -99 2.61431328131412 -99 -99 -99 -99 2.68636666248797 -99 -99
-99 -99 -0.926376724682904 -1.73432650794394 -99 1.80184528200947 0.143249882779014 -99 -99 -99
-99 -99 -99 -99 -99 -99 0.286643084239965 -99 -99 -99
2.11495128112917 -99 -99 -99 -99 -99 2.39280367044236 -99 -99 -99
-99 -99 -99 -99 -99 -99 -99 -99 -99 -99
-1.23669717040274 -99 -1.68576989052926 -99 0.0590814930108797 -99 -99 -99 -99 -99
-99 -1.8901719580172 -99 0.820940683940366 -0.428358919181223 -99 -99 -99 -99 0.99177553021542
-99 -99 -99 -99 -99 0.746594418230755 -99 -99 -1.00178034573117 -99
-99 -99 -99 -99 -0.0618082187180351 -99 0.128777364089956 -0.0135565881415407 -99 1.54790257725521
-99 -99 -99 -99 -99 -99 -99 -99 -99 -99
-99 -2.03474968941555 -99 -99 -99 -99 -99 0.882087455402031 -99 -99
-99 -99 -99 -99 -99 -99 -99 -99 -99 -99
-99 -99 -99 -0.128269687001799 -1.06841956558292 -99 -99 -99 -99 -99
-99 2.38492817898923 1.65464234882202 3.097217790886 -99 0.484801776992436 -99 0.359502554951688 0.199093570575983 -99
-99 -99 -99 -99 -99 -99 1.44888152810325 -99 -99 -99
-99 -99 0.682273177492608 -99 -99 -99 -99 -99 -99 -99
1.63198742277005 0.989632587922609 -99 -99 -99 -99 -99 0.937801453268539 -99 -99
-99 -1.10592266134792 -99 0.325874079524217 -99 0.499297045988369 -99 -99 -99 -99
-99 -99 -99 -99 -99 -99 -99 -1.63400230331701 -99 -99
0.118293545563393 -99 1.26343762883164 -99 -99 1.24259329715114 -0.606532719116128 -99 -99 0.774956546334477
-99 -99 -99 -99 -99 -99 -99 -99 0.282215834353409 -99
-99 -99 -99 -99 -99 -99 -99 -99 -0.610802288932613 -99
-99 -99 -99 -99 -99 -1.53816363730522 -99 -99 -99 1.01254915677876
-99 4.10688699064775 -99 -99 -99 -99 -99 -99 -99 3.32371208056764
-99 -99 -99 -99 -99 1.787009847138 -0.266826159259717 0.736931626587219 -99 -99
-99 -99 0.869852054134272 -99 -99 -99 -99 0.790419850950659 -99 -0.837732204598119
-99 2.11599366146531 -99 -99 -99 0.264543689031349 -99 -99 2.02195074399634 -99
-99 0.0278498491266742 -99 -99 2.15379455274951 2.21395168473972 -99 -99 -99 -99
0.179684056715367 0.861642255955198 -99 -99 -99 -99 -99 -99 -99 -99
1.57244120470456 -99 0.957041917074218 2.72913821640629 -99 -99 1.37473475642335 0.197705514195445 2.67849780122977 -99
-99 -99 2.78918416831467 -99 3.6084693029275 2.55329264594023 -99 -99 -99 -99
-99 -99 -99 -0.392880372468163 -99 -0.784611681421571 1.33000281702944 -99 1.03858377595212 -99
-99 -99 -99 3.64722561783797 -99 -99 -99 -99 0.860251895537823 -99
-99 -99 -99 -99 2.13939279512106 2.96863845608337 -99 1.05065789620167 -99 2.38508785169835
0.361498671720197 -99 -3.00040300121531 -99 -99 -99 -99 -99 -99 -0.735121324156347
1.28157788467227 -99 -99 -99 -99 -99 2.51648088866372 -99 -99 2.74385311300114
-99 0.00295670295423367 0.354629975759402 -99 -99 -99 0.497888382596317 0.00977716039799503 -99 -99
-99 2.30463878728177 1.15077477354675 -99 1.47540810475479 0.878117727263342 -99 -99 -99 -99
-99 -1.32404886359156 -3.24585155522522 -99 -99 -99 -0.217154415172497 -0.244895193867282 -99 -99
0.660267832697256 -99 -99 -99 -99 -99 -99 0.74983288590921 -99 -0.396344193241445
-99 -99 -99 -99 -1.16704234510637 -99 -99 -99 -99 -99
-99 -99 -99 -99 -99 -99 3.24227638888373 4.96781494635181 -99 3.15142463678118
-99 -0.862536450337207 0.456258105843995 -99 -99 -99 -99 -99 2.15232238304742 -99
-99 -99 -99 2.19556649640887 -99 -99 -99 -99 -99 -99
-99 4.14710021376188 -0.183591007368726 -99 -99 -99 1.53082383053283 1.17146350930703 -99 2.39578817312485
-99 -99 -99 -99 2.03804722995476 -99 -99 -99 -99 -99
-0.442379507123652 0.112685127238164 -99 -99 -99 -99 -0.829996328762576 -99 -99 -99
-99 -99 0.742958281044069 -99 -99 -99 -99 -99 -99 -99
-99 -99 -99 -99 -99 -99 0.638651317231007 -99 -99 -99
-99 -99 -99 -99 0.52231396733001 -99 -0.55886939261949 -99 -0.216370533875156 -99
-99 0.982228124101636 1.12849893079452 -99 0.505753599510843 -99 -99 1.89543676263026 -99 2.99952295381046
-99 -99 -99 -99 -99 -99 -99 -99 -99 0.34299501355087
-99 -0.525373318271574 -99 -99 -99 -99 0.13613754238906 -99 1.21453342709596 -99
-0.676878842874468 -99 -99 -99 -99 -99 -0.164681368268381 -99 0.0271807311648216 -99
-99 -99 -0.156270340593486 0.586789275254569 -99 -99 2.41017685227536 -99 -99 -99
2.13832991895152 -99 -99 -99 0.302033804550615 -99 -99 -99 -99 -99
-1.46613578916641 -99 0.574422559538185 -99 -99 0.466400868911675 -99 -99 -0.520977711060168 -2.51506289334851
-0.360212353167484 -99 -99 0.372907683329427 -99 -99 -99 -99 -99 -99
-99 -99 -99 -99 -0.168046883722904 -99 -99 -99 0.666227470396254 -0.497592081582633
-99 -99 -99 0.652280355903888 -99 -99 -99 -99 -99 -99
0.950945375616235 -99 -99 -99 -99 -99 2.13370032613347 -99 1.27669686540849 2.99643348663169
0.612256539216254 -99 0.743049725047789 -99 -99 -99 -99 -99 -99 -1.07741002988505
-99 -99 -99 -99 -99 -99 -99 -99 -99 -99
-99 -99 -99 -99 5.56423659024331 -99 -99 3.13747947918254 -99 -99
-99 -99 0.495262225541894 -99 -99 -99 -0.387351835786679 -99 -99 -99
-99 1.90080957486644 0.757521419249259 -99 -99 -99 -99 -99 1.30393774794746 -99
-99 0.43511873522577 -99 -0.980282543567769 -99 -99 -99 2.4946649951357 -99 -99
-99 -0.0905497772391899 -99 -99 -99 0.547013999815292 -99 -99 0.377852548411946 -99
1.39775080910497 -99 1.68732369126557 -99 -99 -99 -99 -99 1.43473331641548 0.237535469867424
-99 -0.161245210605944 -99 -99 -99 -99 -99 -99 -99 -99
-99 2.74587706641031 4.04085229366563 -99 -99 -99 -99 -99 -99 -99
0.43238368441805 -99 -99 -99 3.10261471759347 -99 -99 -99 -99 -99
-99 -0.319597390294534 -0.0965282156282334 -99 -0.687391968284983 -99 -99 -99 -99 -99
-99 -99 -99 -99 -99 -1.36318531121373 -99 -99 -99 -99
-99 3.13874385004588 -99 3.08546854065272 2.90567314483013 -99 -99 3.62446428020559 -99 2.89988876042112
-99 -99 -99 3.65282095047731 -99 1.88846756600325 2.280589714011 2.79839393651138 -99 -99
-99 -1.10071015119272 -99 -99 -99 -99 -99 0.227300882782512 -99 -99
-99 -99 1.11282649225 -99 -99 -99 -0.807436647495739 -99 -99 -99
2.66398651817621 -99 -99 -99 -99 -99 -99 -99 4.66964072338247 -99
-99 -99 -99 -99 -99 -99 -1.31060212251991 -99 -99 -99
-99 -99 -99 -99 -99 -99 1.98711475424979 -99 -99 -99
-99 2.37532904975424 -99 -99 2.33002478399045 -99 0.293684395597538 -99 -99 -99
-99 3.13554995847467 -99 -99 -99 -99 -99 2.38823629582439 -99 -99
-99 1.40172573827998 1.50019242239313 -99 1.31699406582476 -99 -99 -99 0.546036218785039 -99
-0.086797065170064 0.1055198847154 1.33493728121455 -99 -99 -99 1.00328473725664 -99 2.50649926536938 -99
2.5983058768714 -99 -99 2.70049418008793 2.23199806992489 -99 -99 -99 -99 -99
-99 -0.212566230686706 -99 -99 -99 -99 -99 -1.07407581924998 -99 -99
1.09041058939283 -99 -99 -99 0.874849270141561 -99 -99 1.0261126364657 1.81343620192602 -99
-99 -99 -99 -99 1.12028473283066 0.904593355273779 -99 0.785017574182384 -99 0.380940950967479
-99 -99 -99 -99 -99 -99 -99 -99 -99 -99
-99 -99 1.47292139801657 -99 -99 -99 -99 -99 2.07718841726139 -0.621627230194064
-99 -99 -99 -99 -99 -99 -99 -99 -99 -99
-99 0.912397563889801 -99 -99 0.508473044223442 -99 -99 -99 0.722771700559625 -99
-99 -99 -99 -99 -99 1.00531264369394 -99 -99 -0.45015132979765 -99
-99 -0.127407635410112 -0.694883275912772 -99 -99 -1.02612094271592 -99 -99 2.67128965325042 -99
-0.908570509753337 1.03310251761035 -99 2.02090166450139 -99 -1.26110835099555 -99 -99 0.703505161947629 -99
-99 -99 3.33396286150007 -99 -99 -99 1.45123720382114 -99 -99 -99
-99 -99 -99 -99 -99 -99 -99 -0.00449187634919967 -99 -99
-99 -99 -99 -99 -99 -99 -99 -99 -99 3.41932801669847
-99 -99 -99 -99 -99 -99 -99 -99 -99 -99
-99 3.25600515126578 -99 -99 -99 -99 -99 -99 -99 -99
-99 -99 -0.736028128045058 -99 -99 -99 -99 -99 0.415668976768716 -0.424615976954498
-99 -99 -99 -0.954039689161726 -1.16058110230042 -99 -99 -99 -99 -99
-99 -99 -99 -99 -99 -99 0.135424505957859 -99 -99 1.8757762863677
-99 -99 0.643291996571089 1.52491609560404 -99 -99 -99 -99 -99 -99
-99 -0.300746729513767 -99 -99 -99 -99 -99 -99 -1.02141165815468 -99
-99 -99 -99 1.06766935761635 -99 -99 -99 -99 2.25405324258991 -99
-99 -99 -99 -99 -99 -99 1.15222534826739 -99 1.92675362964642 -99
-99 -99 -99 0.946401277850311 -99 -99 -99 -99 -99 -99
-99 1.2271523655286 -99 -99 -99 -99 -99 1.01359989237996 -99 -99
-99 -99 -1.5602402826686 -99 -99 1.45616163705747 -99 -1.56492021092945 -99 0.0889661907461817
0.768348125899991 1.22522625557551 1.22066011837936 -99 -99 -0.0199087282627204 -99 -99 -99 -99
1.58198154976509 -99 -99 -99 -99 1.79054035450912 -99 -99 -99 -99
2.4007053418122 -99 -99 -99 3.02100452298347 -99 -99 -99 -99 -99
-99 4.98017048193204 -99 -99 -99 -99 -99 -99 1.91169650808634 -99
-99 -99 -99 -99 -99 -99 -99 -99 -99 -99
-99 -99 1.5224304891891 -99 -99 -99 0.173842220633811 1.01654061312119 -0.16143439589268 -99
-99 -99 2.24110801292343 2.13296155828168 1.57287680589293 -99 -99 3.24454964678083 -99 -99
1.16679169402046 -99 -99 -99 -99 4.00339065796063 -99 -99 -99 -99
-99 -99 -99 -99 -99 2.33517441778245 -0.5264842582576 -99 0.23746371230825 -99
-99 -99 -99 -99 -99 -99 -99 -99 -0.0893963840072296 -99
1.6966917125608 -99 -99 -99 -99 -0.0786762961762619 -99 -99 -99 -99
2.67431766597554 -99 0.989709016554506 -99 -99 -99 -1.20399229644924 -99 -1.51323933370443 0.0295736864008325
-99 3.0290039649395 -99 -99 -99 -99 -99 -99 -99 -99
-0.293076876375987 -99 -99 -99 -99 -99 -99 -0.00290560469380141 -99 -99
1.92824576824286 -99 0.14769114399113 -99 -99 -99 -99 -99 -99 -99
-99 -99 -99 -99 -99 -99 -99 -99 -99 -0.26343676290064
2.57809234147043 -99 -99 1.26286858769655 1.58444233267538 -1.07021383977515 -99 -99 1.5978214147573 -99
-99 -99 -99 -99 -99 -99 1.9697698881627 -99 4.32323416916206 -99
-99 -99 -99 1.23913586444162 -99 -99 -99 0.963602526550707 -99 1.56531816895242
-99 -99 0.71071434169216 2.24357720900556 -99 0.846593036466904 1.4587675355082 -99 -99 1.83865501928475
-99 0.143589871662904 -99 -99 -99 -1.03561794940155 -99 1.83674312508227 0.709360092379614 -99
-99 -99 -99 2.85118924361869 -99 3.70379042939049 2.03125099301772 -99 3.88942757250713 -99
0.811621047456234 -99 0.138441878001634 2.2153343473885 -99 -99 -99 -99 -99 -99
-99 -99 -99 -99 -99 -99 -99 -99 1.50594320807404 -99
-99 2.53926400894464 -99 -99 0.961357370349307 -99 -99 -99 -99 -99
-99 1.73091379278241 0.753812299031253 -99 1.32195300053124 -99 -99 -99 -99 -99
-99 -99 1.18733279780976 1.43516667120865 -99 -99 -99 -99 -99 -99
-0.894308699716902 -99 1.55338482789826 -99 -99 -99 -99 -99 -99 1.8764887119661
-99 -99 -99 -99 0.307262274747239 -99 -1.50721216924735 0.879084839435214 -0.387945806166094 -99
-99 -99 -99 -99 -1.16398721685173 -99 -99 -99 -1.9575312256427 -2.24427846939254
-99 -1.43969002425941 -99 -99 -99 1.03704635595749 0.144343230532446 -99 -99 0.104412446720518
-99 -99 -99 -99 -99 0.0358219379449553 -99 -0.651800860618797 0.226936188840885 -99
-99 -99 -99 -99 -99 -99 1.25289954482852 -99 -99 -99
-99 1.20561780874311 -99 -99 -99 -99 -1.16923577930959 -99 -0.844983593484856 -99
-99 -99 -99 -99 -99 2.88198558305353 -99 -99 0.706403953809174 -99
-99 -99 -99 -99 -99 -99 2.97530298739146 -99 -99 1.20415157820314
-99 -99 1.26512565816888 -99 -99 -99 -99 -99 -99 1.36574140363218
-99 -99 1.35849013750222 -99 -99 -99 0.155517498189668 -99 1.5166591841452 -99
-99 -99 0.137038356310903 -99 -99 -99 -99 -99 -99 -99
-99 -99 -99 -99 -99 -99 0.0974332012744176 -99 -99 -99
-99 -0.673868302356286 -99 -99 -99 -99 -99 -99 -99 -99
-99 -99 -99 -99 -99 -99 -0.276292250588457 -99 1.57703571224765 -99
-99 -99 -99 -0.398096073208466 -99 1.54805751582723 -99 -99 -99 -99
-99 -99 -99 2.00275753324062 -99 -99 -99 -99 -99 -99
-99 1.27089915050888 -0.28918680420146 3.96454398589679 -99 -99 -99 -99 -99 -99
-99 0.871486738424268 -99 1.06316497172401 -99 -99 -99 -99 -99 -99
2.4242080821176 2.14635916423605 -99 -99 -99 -99 -99 -99 -99 -99
-99 -99 -99 -99 -99 -99 -99 -99 -99 -99
2.88392106538633 -99 -99 -99 -99 -99 -99 -99 -99 3.52654628743123
-99 -99 -0.0623564181422409 -99 -99 -99 0.748923795071894 -99 -99 -99
-99 -99 -99 -99 -99 -99 -99 2.33163644292816 0.968090015720851 -99
4.33410153794484 -99 -99 -99 -99 3.2854627428256 2.50305501989984 -99 -99 -99
-99 -99 -0.288570736635781 -99 -99 -99 -0.403405475142454 0.768206506733851 -99 -99
-99 -99 -99 -99 -99 -99 1.99168575327275 1.6963592226007 2.32885318889298 -99
-99 -99 -99 -2.78736374816863 -99 -99 -99 -99 -99 -1.49709529182266
0.788044936971019 0.494795326492498 -99 -99 1.16849198514272 -0.438721796777275 -99 -99 -99 0.373366377246573
-0.0771254861477342 -1.09886346863013 -99 -99 -99 -99 -99 -99 -99 0.48304998192082
-0.35683290143773 -99 -99 -99 -99 -99 -99 0.939129902096387 0.119564626315474 0.428932054989352
-99 3.88437513797115 -99 1.16973691423965 -99 -99 2.32826264634956 1.25660193454904 -99 -99
-99 -99 1.16442041841448 -99 -99 -99 -99 -99 -99 -99
-99 0.534689595656395 -99 -99 -99 -99 -99 -99 0.0117135547391523 -99
-0.851165498518335 -99 -99 -99 -0.010979225108628 0.171698515958133 -99 -99 -99 -99
-99 -99 -99 0.375044865468808 -99 -99 -99 -0.0999933023859232 -99 -99
-99 -99 -99 -99 -99 -99 -99 -99 -99 1.70220765350097
-99 -99 -99 -99 -99 -0.541445152277397 -1.79973316193279 -99 -99 -99
-99 -2.23183448018812 -99 -0.530788378886386 -3.30243391897367 -99 -1.8620902291731 -99 -99 -99
-99 -99 -99 -99 0.307958443124972 -0.779670413339293 -99 -0.429314968624374 -1.3379900261494 -99
-99 -99 -99 -99 -99 -99 -99 -99 -99 -99
-99 -99 -99 -99 -99 -99 -99 -99 -99 -99
-99 -99 -99 -99 -99 0.45987358161857 -99 -0.28970417146581 -99 -99
1.08951079887923 -99 -99 -99 2.1184751158608 -99 3.80256982505997 -99 -99 1.40992904380023
-99 3.18033157948492 0.979114307708103 -99 4.56276715901534 3.28622665947642 -99 3.33347962775974 -99 -99
1.0102819648716 -99 -99 -99 1.6218756755776 -99 -99 -99 -99 -99
-99 -99 -99 -99 0.724443069447623 -99 -99 -99 -0.54399413862815 -99
-99 -99 -99 -99 -99 -99 -99 -99 -99 -99
-99 -99 -99 -99 1.62418875214478 -99 2.79919063791127 -99 2.96301763978487 3.84438655896478
-99 -99 -99 -99 -99 1.73767048241414 -99 -99 -99 -99
0.864775247778879 -99 -99 1.47009823272847 -99 -99 -99 -99 -99 -0.241594771913096
-99 -2.26216214733388 -2.39939656203578 -1.60622141459262 -1.06868302919115 -99 -99 -99 -99 -2.78943898668542
-99 -99 2.22229507820959 -99 -99 2.30359865327248 0.889758252556279 2.74516978988575 -99 1.35394416044115
-99 -99 -99 -99 -99 -99 -99 -99 -99 -0.58895766379084
-99 -99 -99 -99 -99 0.744003046495536 -99 -99 -99 -99
-99 -99 1.69571027147323 -99 -99 -99 3.03312959050827 -99 -99 -99
-99 -99 -99 -99 -99 -99 -99 -99 -99 -99
-99 -99 -99 -99 -99 -99 0.581843386802382 0.253838646679773 -99 -99
-99 -99 -99 2.47663563109168 -99 2.90322860518608 -99 -99 -99 -99
-99 1.26752434018286 -99 -1.29427525907812 -99 -99 -99 -99 -99 2.64560154384343
1.91197543261021 -99 -99 -99 -99 -99 -99 2.65407260551887 -99 -99
-99 -99 2.28730809375386 0.563167568103772 -99 -99 -99 -99 1.74966557486305 -99
-99 -99 -99 -0.296154510476535 -3.61535422910528 -99 -0.0387038159057727 -99 -1.10984970990195 -99
-1.83487429639775 -2.27034936369502 -99 -99 -1.8161714815172 -1.69336287103791 -2.17758808997931 -1.90280293950399 -1.20188080197216 -99
-99 -99 -99 -99 -99 -99 -99 0.778817784088211 -99 -99
-99 -99 1.21129482118073 -99 0.713045823906185 -99 -99 -99 -99 -99
-99 -99 -99 -99 1.79654452670245 0.514965062136976 0.196830401595102 -99 -99 -99
-0.165753462971673 -0.801303118525116 -99 -99 -99 -99 -99 -99 -99 -99
-99 -99 0.535706159077887 -99 -99 -99 -99 1.8328766613517 -99 -99
-99 0.315896321365543 -99 -99 -0.39099132644684 -99 -99 -99 0.32285085477013 -99
3.34357967366263 -99 -99 -99 2.92564249462685 3.26774278145657 -99 -99 -99 -99
2.20109535886346 0.0215720160071541 -99 1.98978739155288 -99 -99 -99 0.0983724386363554 2.90584399858267 2.70246067351001
-99 -99 2.43701527894207 -99 -99 -99 -99 -99 -99 -99
-99 -99 -99 -99 -99 -99 -99 2.5372554589898 0.971341103406655 -99
3.60792539551258 -99 -99 5.2254149809527 4.02414079674777 4.86916184651787 -99 1.82580286820128 5.39974131124575 -99
-99 -1.75692300473154 0.176417370220208 -2.16235627539022 -3.27699870321385 -99 -99 -99 -99 -99
-99 -99 -99 -99 -99 -99 -99 -99 -99 0.825797649629363
-99 1.31551395369406 -99 -99 -99 1.2177647019454 -0.125603786365679 -99 -99 -99
-99 -99 1.66888005796108 -99 -99 1.92917236468853 -99 -99 -99 -99
1.96610884156218 -99 -99 -99 1.26789240965835 -99 -99 -99 -99 -99
3.09270372126851 -99 1.43002953827623 -99 -99 -99 -99 2.5224578193799 -99 -99
-99 -99 -99 -99 -99 2.57267424643795 1.8677111452364 -99 -99 -99
-99 -99 1.85627470350468 -99 -99 -99 -99 -99 -99 2.55357999119709
-99 -99 -99 -99 -99 1.57003137897088 -99 0.643515087432143 -99 -99
-0.870590749822578 -99 -99 -99 -99 -99 -99 -99 -99 1.02743394259459
2.94171313642479 -99 -99 -99 -99 -99 3.33790151684787 -99 -99 -99
-99 -99 -99 -99 -99 -99 -4.15013610950914 -99 -99 -99
-99 -99 -99 -99 -99 2.56821708845995 -99 -99 -99 -99
-1.87234956598489 0.188691118072876 -99 -99 -99 -99 -0.0195967154476422 -99 -99 -99
-99 -99 0.966108751010046 -99 0.052965653244792 -0.316711033036905 -0.513352505357682 -99 -99 -99
-99 -99 -99 3.17330772023176 1.2737285426248 -99 -99 -99 -99 -99
-99 -99 1.49971892214812 -99 0.826235851202663 -99 -99 1.93028157762552 -99 -99
1.08939506687619 -99 1.43411791541317 -99 -99 -99 -99 2.04804080827042 -99 -99
-99 -99 -99 -0.507994972907999 1.85281646411819 -99 0.656031964205444 -99 -99 -99
-99 -99 -99 -99 -99 -99 -99 -99 -99 -99
-0.237035907863218 1.08243218259303 -99 -99 -99 -0.814386274483367 -99 0.00351798097380862 -99 2.11547187110333
-99 -99 -99 -0.831736886255388 -99 -99 -99 -99 -0.0764736523495282 -99
-0.935023941920756 -99 -99 -99 -99 -99 -99 -99 -99 -99
-99 -99 -99 -99 0.416464413271628 -99 -99 -99 -99 -99
-99 -99 -99 -99 -99 3.5042857487745 -99 3.14364669021891 -99 -99
-99 -99 -99 -99 -99 -99 -99 -99 -1.57863592977145 -99
-99 -99 -99 -99 -99 -99 -99 -99 -99 -99
0.235887540759628 -99 0.693569190313821 -99 -99 -99 -99 -99 -1.86649733790592 -99
-99 -99 -99 -99 -1.01601833320864 -99 -0.449277585453461 -99 -99 -0.780029520133127
-99 3.53274708063991 3.39343446751815 4.14469914557353 4.52121218608427 -99 -99 3.66565115415408 4.49036757891209 -99
-99 -99 2.51030289207493 -99 -99 -99 -99 -99 -99 -99
-99 -99 -99 -99 -99 1.3280724282118 -99 4.1007930339811 -99 -99
1.59766474250064 -99 -99 -99 -99 1.54621873695823 -99 -99 -99 1.86598570475207
-99 -99 -99 -99 2.83644638736391 1.25199445298567 2.42057099971027 -99 -99 -99
1.02021478022391 0.763408402274876 2.12847850920228 -99 -99 0.156833180997789 -99 -99 -99 -99
-99 -99 -99 -99 -99 -99 0.729976966311775 3.03212089857185 1.14241623061527 -99
-99 -0.412601470245302 -99 -99 -1.0865535262734 -99 -99 -99 -99 0.00233290946633036
-99 -99 1.49047855530919 -99 -99 0.233755065567622 -1.59596727097825 -99 -99 -99
-99 -99 -99 -99 -99 -99 -99 -99 -99 -99
-99 -99 -99 -99 -99 -99 1.7058267589759 -99 -99 2.14316246849926
-0.951763375630761 1.04232579815181 -99 0.0526203013222255 -99 0.544840936677389 0.114219343993266 -99 -99 -99
-99 -99 -99 -99 -99 -99 -99 0.783496819776905 -99 -99
-99 -99 -99 -99 -99 -99 -99 -99 -99 -99
-99 -99 -99 -99 2.15178282907384 0.505524101449836 -99 -99 -99 -99
3.11172554974112 2.5142278484336 2.09090135053364 0.858680006345379 4.09257622120506 -99 -99 -99 -99 -99
-99 -99 -99 -99 1.89444136804982 -99 -99 -99 3.57682193801446 -99
2.07952054992221 -99 0.85616610686042 -99 -99 1.45996222092005 -99 0.699773788253364 -99 -99
0.96255841178138 -99 -99 -99 -99 -99 -0.418313225885909 -99 -99 -99
-99 -99 0.834796562141133 -99 0.334193058801808 -99 -99 -99 -99 -99
-99 -99 -99 -99 -99 -99 -99 -99 -99 -99
-99 -99 -99 -99 -99 -99 1.82432571611799 -99 -99 -99
-99 -99 -99 3.14699291168453 -99 -99 -99 -99 -99 1.07662953519045
4.6563226196967 3.13397441426642 -99 1.86938419894972 3.28959257247133 -99 -99 2.75754493170101 -99 -99
-99 4.35340019533164 -99 3.99396801225051 -99 -99 -99 -99 4.20032417352308 -99
-99 -99 -99 -99 -99 -99 -99 1.36191190543946 1.60832287804586 -99
-99 -99 -99 -99 -99 -99 -99 -99 -99 -99
-99 0.168848204163396 0.168056541029278 -99 -99 1.63084683276024 1.81413157941892 -99 -99 -99
-99 -99 -99 -0.187985472268861 -99 -99 -99 -99 -99 -99
-99 -99 -99 -99 -99 -99 -99 -99 0.877218728298948 -99
-99 -99 -99 -99 -99 -99 -99 -99 -99 -99
-99 -99 -99 -99 -99 -99 -99 -99 -99 -99
-99 -99 -99 1.66626170079583 -99 -99 -99 2.02974444118817 0.781830417202182 -99
-99 1.26059197260065 1.31044370037618 0.884229388268077 -99 -99 -99 -99 -99 -0.821428545701265
-99 2.08905020462308 -99 -99 -99 -99 1.67319568736104 0.724088877057721 -99 -99
1.31282741692113 -99 -99 2.68195446891793 -99 -99 -99 -99 1.47621263603043 2.36875302352887
-99 -99 -99 -99 -99 -0.167440045085711 -99 -99 -99 -99
-99 -99 -99 -99 -99 -99 -99 -99 -99 -99
-99 0.744705382553171 -99 0.00542525221334922 -99 -99 -0.897269444324756 0.655634783628783 -99 2.34329256077661
0.168025563747239 -99 0.777415900741517 -99 2.07297895164147 -99 -99 -99 -99 -99
-99 1.93829662254191 0.617609371575929 -0.167298427942846 -99 -99 0.698657868621332 -99 -99 -99
1.24947190395324 -99 -99 -99 -99 1.88762504679956 -99 -99 -99 1.66492331159848
-99 1.51620063976855 -99 -99 -99 -99 -99 -99 -99 -99
-99 -99 -99 -99 -99 0.664209515568126 -0.158549143837101 -99 0.0398906474808026 -99
-99 -99 -1.65412248870701 0.429904037358957 -1.98193340164842 -99 0.0119237145164426 -0.350887355195036 -99 -0.326400671963749
-99 -99 -99 -99 2.5687334423647 -99 -99 -99 -99 -99
-99 -99 -99 -99 -99 -99 0.398108545688253 -99 -99 -0.239180890623252
-99 -99 -99 1.51825148354601 -99 -99 -99 -99 -99 -99
-99 -99 -99 -99 3.29577995463525 -99 -99 4.04757697160027 -99 3.84317600590082
0.576309084560686 -99 -99 0.324020119463965 -99 0.338447727780339 -99 -99 -99 -99
1.3462583000386 -0.160589330810952 -99 -99 -99 0.478385044070865 -99 -99 -99 -99
-99 -99 -99 -99 2.81740542496029 3.1133962983981 -99 -99 -99 -99
-99 -99 -99 -99 1.71486857045815 1.32567097354076 0.879587183912251 -99 -99 -99
1.35602921735795 -99 0.305570634709991 -99 -99 2.1355350288899 -99 -99 -99 1.39499723908671
-0.71964510204763 -99 -1.11048995042191 0.751247052168139 -99 -99 -99 -99 -0.446085960120406 -99
-99 -99 -99 -0.147091400150766 -99 0.615444940222553 -99 -99 -99 -99
-99 -99 -99 -99 -99 -99 0.798558012961792 -1.55701082059954 -99 -99
-99 -99 -99 -99 0.956388063584601 2.61422538900538 -99 1.55899961537246 -99 -99
-99 -99 -99 -99 -99 3.44588311847434 -99 -99 1.89285089552073 -99
-99 -99 -99 -99 -99 -0.446718824614989 -0.062552807959755 -99 1.96544711248906 -99
-1.33706790058946 -99 -99 1.72294110456984 -99 -99 -99 -99 -99 -99
-99 -99 -0.7046377219138 0.934255869413487 -99 -0.682555711693158 -99 -0.672878627212097 -99 -1.2359014382121
-99 -99 -2.3139471667005 -99 -0.50124346939851 -99 -99 -99 -1.08446924153269 -99
-99 2.24097752123815 -99 -99 3.28152905762275 -99 -99 -99 -99 -0.488836607977645
-99 -99 -99 -99 -99 -99 0.472735284141156 -99 -99 -99
-0.934973051642242 -99 1.18814611018372 1.11885401788907 -99 -99 -1.29348064759331 -99 -99 0.163430919648284
-99 -99 -99 -99 -99 -99 1.73114794433793 -99 1.36995381821644 -99
-99 -1.33044724188589 -99 -99 0.416364982765951 -0.80022867708935 -99 -99 -99 -99
-99 -99 -99 -99 -99 -99 -99 -0.722244087009243 -99 -99
-99 -99 -99 -99 3.29954686131476 -99 1.6045135706894 -99 1.15293937657384 -99
1.75172873391101 0.712179632571265 -99 -99 -99 1.0700443741644 -99 0.426658187387376 -99 1.98844503559547
3.14441350691548 -99 0.799505476701466 -99 -99 0.898023024201321 -99 0.567316712085745 -99 1.67171348934425
-99 1.20613853369355 -99 -99 -99 -99 -99 -99 -99 -99
-99 -0.0156093690096424 -99 -99 -99 -99 0.466393567610001 -0.0755118416140732 -99 -99
2.39079061304553 4.30845180458611 -99 1.77787562301509 -99 -99 -99 1.44240334621818 -99 -99
-99 -0.372389835944869 -99 -99 -99 0.970928851490223 -99 -99 -99 -99
0.253139654560447 -99 -99 -99 -99 -99 -99 -99 -99 -99
3.24316288640791 2.03596973627292 -99 -99 -99 -99 -99 1.17008139145938 -99 -99
-99 -99 -99 -99 -99 -99 -99 0.775969889589634 -99 -99
-99 -99 1.57572216300862 -99 -99 -99 0.0721844734514532 -99 -99 0.29712326868408
0.758051539604386 2.07654635598693 -0.254552975755079 -99 -99 -99 2.10432025678559 1.57442960750443 -99 -99
-99 -99 -99 1.54043570561148 -99 -99 -99 -0.233859202584142 -99 -99
1.64538309944066 -99 0.519795056096079 -99 -99 -99 -0.728645596618588 -99 -99 -99
-99 -99 -99 1.75997977607106 0.0724332322656469 -99 -99 1.81121443309153 -99 1.64775144548324
-99 -99 -99 -99 0.333217110385558 -99 -99 -99 -99 -99
-2.24508595921926 -2.12977393361431 -99 -1.3344427926643 0.114316503942765 -99 -99 -99 -99 -99
-99 0.500966069867326 -99 -1.33405795585946 -99 -99 0.30001698309728 0.0173598189396742 -99 -99
-99 0.45607968741426 0.732818987852359 -99 1.01605724484549 -99 -99 2.01099293713105 -99 0.412593268384764
2.36159903061028 2.10671894954989 4.32863702327353 -99 4.01725186507898 -99 -99 3.64720914467364 -99 -99
-99 -99 -99 1.20134316511824 -99 2.37460631896603 -99 2.39464095492357 1.20765157304826 -99
-99 -99 -99 0.869049159070189 -99 -99 -99 -99 -99 -99
-99 1.21408021976323 -99 -99 -99 0.312961333764269 -99 -99 -99 1.86709787951341
-0.690334301491921 -99 -1.76451755899522 -99 -1.44056002928509 -99 -0.255252265221037 -99 1.78237824846977 -99
0.154204548537496 -99 -0.107545745720692 -99 -99 -99 -99 -99 -99 -99
-99 -99 0.0658185954432915 -99 -99 -99 -99 -99 -99 0.163906050872529
0.435054203647401 -99 0.990550509985385 -99 0.414908769633329 -99 -99 -99 -99 -99
-99 -99 0.502561822896284 -99 -99 -99 -99 -99 -99 1.36964054046785
-99 -99 -99 -99 -99 -99 -99 -0.578778555934656 -99 -99
2.73396615281601 -99 -99 1.54459096055484 -99 -99 1.87040906003782 -99 1.6892750074178 -99
-99 -99 -99 -1.19948259330013 -0.211031142409684 -99 -99 -99 -99 0.152277283520826
-99 -99 -99 -99 -99 -99 -99 1.10544961645937 -99 -0.532139078881148
-99 -99 -99 -99 -99 -99 -99 -99 -99 -99
0.449923294013237 -99 -99 -99 1.42257213720234 -99 -99 1.7188845418765 -99 1.79459058247809
-99 1.55378858503746 -99 -99 -99 -99 -99 3.01196936511313 -99 -99
-0.186819182441356 -99 -0.193727803096686 -99 -99 -99 0.830562031385934 -99 -99 0.945742583835551
-99 -99 -99 -99 -99 -99 -99 -99 -99 -99
-99 -99 -99 -99 -99 -99 -99 -99 2.40806026857056 -99
-99 -99 -99 -0.27362991467125 1.4337154411202 -99 -99 0.580507997358627 -99 -99
-99 3.84338474623752 -99 -99 1.58194572102525 -99 0.907586607204571 2.75946034384459 -99 4.82561905997481
-99 -99 0.98405287226889 -0.882977542117423 0.0529135818337491 -99 -99 -99 -99 -99
-99 -99 -0.0133246544285632 2.94297202346199 2.38374933145128 -99 -99 1.68380588666886 -99 -99
-99 -99 -99 1.28144547052469 1.71639387976225 -99 -99 0.173647835075344 -99 -99
-0.983897581840008 -99 -99 -99 -99 1.51432362657293 -1.7254701795194 -99 -99 -99
-99 -99 -99 -99 1.79769712274103 -99 -99 -99 -99 -99
1.22344727643018 2.34049092156279 1.16269388542507 -99 -99 1.84493592899543 2.8004114058961 -99 1.65122410656608 -99
-99 -99 -99 -99 -1.08855467566003 -99 -99 -99 -99 -99
-99 1.99499710755009 -99 -99 1.06960217257886 -99 -99 -99 -99 -99
0.109811348883469 0.791848308745511 -99 -99 -99 -99 1.19655834758982 1.07516806797327 -99 -99
-99 -99 0.160025122871071 2.5381679539177 2.23954294282273 -99 -99 -99 2.48419598025043 1.69129090002602
-0.315263799307453 -99 -99 -99 0.173902458789984 -99 -99 -99 1.34999729925803 -99
-99 -99 -99 -99 -99 -99 -99 -99 0.766237767076217 -99
-99 -99 -99 -99 -99 -99 -99 2.40366635152413 -99 -99
-99 0.716794553904142 -99 -0.967492741854963 -99 -99 -99 -99 0.487467583933666 -0.917336788465458
-99 1.99581023474093 -99 2.74427674577331 -99 -99 1.217437137911 -99 -99 -99
-99 -99 -99 2.93166099346286 -99 -99 -99 -99 -99 -99
-99 0.16775588389331 -99 -99 -99 -0.0661624287618985 -99 -1.83344456400407 -0.881493284659807 -99
-2.10109964045438 -99 -99 -99 -99 -99 -99 -99 -99 -99
1.81772312187623 -99 -99 -99 -99 -99 2.32051949307491 -99 -99 -99
-99 -99 -99 -99 -0.897724287614834 0.107722341350752 -99 -99 -99 0.0801314466404858
-99 -99 -99 -1.03526717836203 -99 -99 1.01557456359982 1.31828607292841 -99 1.00048516982452
0.610340548224215 -99 -99 -99 -99 0.91879997122011 -99 -99 -99 -99
-99 -99 -99 -99 -99 -0.764391769430027 -0.541362452737953 -99 -99 -99
0.0668890957569406 -99 -99 -99 -99 -99 0.277106876125044 -99 -99 -99
-99 -99 1.4904408465095 -99 -99 -99 -99 -99 -99 -99
1.37808643406402 -99 -99 -99 -99 1.83462164927464 -99 1.71584881476871 -99 -99
-99 -99 -99 -99 -2.66975023278703 -99 -99 -0.759023349090942 -99 0.588406940562632
1.44774224728516 -99 -99 -99 -99 -99 -99 0.368478314310064 -99 -99
-99 0.497873531031941 -99 -99 -99 -0.4316920046323 -99 -99 -99 0.810559562745265
1.18564933574784 -99 -99 2.2257463324911 -99 -99 1.63927275283149 2.12542010412204 -99 1.93062212996215
3.36687028075931 -99 -99 -99 1.13319498875089 -99 -99 -99 -99 3.40688780555383
-99 -99 -99 -99 -99 -99 1.50241523871947 2.00785864795666 -99 -99
-99 -99 -0.444575042788169 -99 0.547044232998559 -99 -99 -99 -1.33125857028806 -99
0.819406178438618 1.53911825598424 -99 -99 -99 1.88667333338952 -99 -99 -99 -99
-99 -99 0.64620584148861 -99 1.20682596321309 -99 -99 -99 -99 -99
-99 -99 -99 -99 -99 -99 -99 0.974590059350571 -99 -0.445666368211407
-99 -99 -99 2.58462653261601 -99 -99 -99 -99 -99 -99
-99 -99 -99 -99 -99 -99 0.374308165161347 -99 -99 -99
-99 -99 -99 -1.21038107733058 -99 -99 -99 -99 -99 -99
-99 -99 -99 -99 -99 -99 -99 -99 -99 -0.368789130729497
1.22223376253806 3.74685606802621 -99 -99 -99 3.23391733913461 -99 -99 -99 4.07631248471772
-99 -99 0.560550448194347 -99 1.706783360568 -99 -99 -99 -99 -99
1.35065041474136 -99 -99 0.452641893828178 -0.734174886323395 2.73571409857786 -99 2.95873500082392 -99 -99
-0.516629763816669 -99 -99 -99 -99 -0.310695924653056 -0.21685337519401 -99 -99 -1.48925474779453
-99 1.42431963952258 -99 -99 -99 -99 -99 -99 -0.281412899946399 -99
-99 -99 -99 -0.930686239907387 -99 -99 -99 -99 -99 -99
1.48818959716994 2.477212157023 -99 -99 3.08248282643102 -99 -99 2.3735455960604 2.89370552955128 -99
-99 -99 -99 -99 -99 -99 -0.300933004453334 -99 -99 -99
-99 -99 -99 -99 -99 -99 -99 0.55218980995479 -99 1.81749336315161
-99 3.10060348596911 -99 -99 -99 -99 1.37572521599141 0.75602524531741 -99 -99
-1.57687551044342 -99 0.593269603642833 0.752993291144904 -99 -99 -0.462948891987873 -99 -99 -99
2.11079769860379 -99 -99 -99 -99 -99 -99 -99 1.69175269744493 -99
-99 -99 -99 1.50203999199258 2.51675294750827 0.46411046297701 -99 -99 -99 -99
-99 -99 -99 -99 -99 0.509146360153906 2.00605535381182 -99 -99 -99
-99 -99 -99 -99 -99 -99 -99 1.69435070213052 -99 -99
-99 2.01443526554006 -99 -99 -99 2.2328362126865 -99 -99 -99 -99
1.2109757323778 0.690954774448535 -99 0.739663822821113 -99 -99 -99 -99 -99 2.29695546135049
-99 -99 -99 -99 -99 0.160209090748743 -99 -99 -0.359322781166519 -99
-99 -99 -99 -99 -99 -99 -0.392947824172688 -99 -99 -99
-99 -99 -99 2.17816893046738 -99 0.00865487116205865 0.87085515937316 -99 -99 -99
1.09128671990933 -99 -99 -0.410066851841821 -0.100699740743751 -99 1.19669885810239 2.07823252196285 -99 -99
-99 -99 -99 -99 1.73221378215781 0.676630080498881 -99 -99 -99 -99
-99 -99 -99 -99 -99 -99 0.545168267111287 -99 -99 -99
-99 -99 -99 -99 -99 -99 -99 -99 -99 -99
1.42359866918642 -99 -99 -99 -99 -99 1.56225224710826 -99 -99 -99
-99 -99 -99 -99 -99 -99 -99 -99 -99 -99
-99 -99 -99 -99 -99 -99 -99 -99 -99 -99
-99 -99 -99 0.856862040142174 0.430107624927258 -99 -99 -99 -99 -99
-99 -99 2.12264736365468 -99 -99 1.00992622156146 -0.000578008688152831 -99 -99 -99
-1.72305124505769 -99 -99 0.13102514398412 0.128918649566956 -99 -99 -0.570833939638477 0.227324016523021 -99
-99 -99 -99 -99 -99 -99 0.237014240175237 -99 -1.90815219013327 -99
-99 0.856507818813593 -99 1.95087359490683 -99 -99 1.19261670950974 -0.719030916190558 -99 -99
-99 -99 -99 2.0224815908962 -99 -99 -99 -99 -99 -1.05311365606006
-99 -99 1.49127601432005 -99 -99 0.560451967704675 -99 -99 -99 -99
-99 -99 -99 -99 2.27329846179563 -99 0.469315696831698 -99 1.1125412176318 0.677061207376671
-0.554046674830277 -99 -99 -99 -1.94749997210256 -99 -99 -99 -99 -99
-99 1.07159317524776 -99 -99 -99 -99 -99 0.22316216168696 -99 1.05047651437472
2.11034905927825 -99 -99 -99 -99 2.34807637868911 -99 -99 -99 -99
-99 -99 -99 -99 -99 -99 -99 -99 -99 -99
-99 -1.67202129424766 -99 -0.289674309738148 -99 -99 -99 -99 -99 -99
-99 -99 -99 -99 -99 -99 -99 -99 -99 -99
-1.2190460365002 -99 -99 -99 -99 -99 -99 -99 -0.527994608331718 -99
-99 0.71661007396386 -99 -99 0.663890449105539 -99 -99 0.79711261031353 -99 -99
-99 -99 -99 -99 -99 -99 -0.917091069251913 -1.10320059219404 0.328359152183062 -99
-99 -99 0.679483585419767 -99 -99 -0.00745327616519198 -99 -99 -99 -0.579431386010414
-99 -99 -99 -99 -99 -99 -99 -99 -99 -99
1.30665388176182 -0.480633828859141 -99 -99 -99 2.56353504843121 -99 -99 -99 -99
-99 -99 -99 -0.0771891396921509 -99 -99 0.925652510855011 3.04931715597679 1.43044558049836 -99
1.77329275766217 -99 -99 0.988654049884347 -99 -99 -99 -99 -99 -99
-99 -99 1.04291493325831 1.59631462388965 2.98312687646268 -99 -0.258501227429755 -99 -99 -99
-99 0.809572360476429 -99 -99 -99 -99 -99 1.01601808309647 2.42625751788769 -99
-99 -99 -99 -99 -99 -99 -99 -99 2.33557699892572 0.292455997382038
-99 -99 -99 1.73621074900637 -99 -99 -99 -99 -99 -99
-99 -0.671302779815343 -99 0.731592865684639 -1.01892843763221 -99 -1.82508910124971 -99 -99 -99
-99 -99 -99 -99 0.706950159073362 3.01873841035118 -99 3.68301450416312 -99 -99
-99 -99 1.86779415196075 -99 -99 -99 -0.00614632448426389 0.968498808497692 -99 -99
0.338999890832331 -99 -0.228217125424112 -99 -99 -99 -1.47985124902725 -2.07915240027317 -99 -1.95243593883994
-0.100662830866836 -99 -99 -99 -99 -99 2.25384801910847 -99 1.72149210025311 0.840171661346244
-99 -99 -99 -99 0.732205249737126 -99 -99 -99 -99 -99
-99 -99 -99 0.478002838167163 0.885937236688293 -0.872686505335639 -99 -0.777826679817212 -99 -0.95952125392211
-99 -99 -0.249647358658017 -99 -99 2.15467667127595 -99 -99 -0.360377844416224 -99
-99 -99 -99 -99 -99 -99 -99 -0.430871645648147 -99 0.72687727859767
1.74297625431123 1.19917992053091 -1.74542946180991 -99 0.763131338031794 -99 -1.9801636268079 -99 -99 -0.227351821985966
-99 0.131122105124594 -99 -99 -99 -99 -0.316896546928628 -0.392325266568795 -99 -1.07613780231083
-99 -99 -0.0210584672361223 -99 1.0943845636671 -99 -99 -99 -99 -99
-99 -99 -99 0.164799774278048 -99 -99 -0.406591747345508 -99 -99 -99
-99 -99 -99 -99 0.705693537149749 -99 -99 -99 -99 -99
-99 0.981087676236846 2.82739853008962 0.429876100507853 0.00556025941809146 -99 -99 -99 -2.62811112804196 -99
-99 -99 -99 -99 -99 -99 -0.839503526175521 -99 -99 -99
-99 -0.910896881791108 0.295913982941521 1.14996961064845 -99 -99 -0.374853574324557 -99 -99 -99
0.987545274711594 0.788451971905643 -99 -0.404565930556116 1.91325060130685 -99 -99 -99 -99 -99
-99 -99 1.83791706844344 -99 -99 -99 -99 2.46892037445076 2.18228854864079 0.798091491298209
0.626452901456562 -99 -99 -99 0.754283462603836 -99 -99 -99 -99 -99
-99 -99 1.77663630155156 -99 -99 -99 -99 1.81899678349713 -99 -99
-99 -99 -99 -99 -99 -99 -2.61570060302057 0.756912198364527 -99 0.615105636730715
3.44914434329342 -99 -99 3.50898818631521 -99 2.10073011758004 -99 -99 -99 -99
-99 -99 -99 -99 -99 -99 -99 2.24833727968097 -99 -99
-99 -99 -99 -99 -99 -99 -99 -99 -99 -99
-99 -99 0.759250281695266 -99 1.99055398596977 -99 -99 -99 -99 3.05205654465647
-99 0.397277156164003 2.39603554294255 -99 -99 -99 -0.645556928950206 -99 -99 -1.73247071085309
-99 -99 -99 -99 -99 -99 -99 -99 -99 -99
1.21352658727119 -99 -99 -99 -99 -99 -99 -99 -99 -99
1.08133722650578 -99 2.75925353010881 1.39970616598779 1.42152437379423 -99 -99 -99 -99 -99
0.632577745015105 -99 -99 -99 1.40147672797395 -99 -99 -99 -99 -99
0.479260286709942 2.09054440305931 -99 -99 -99 0.936848545466402 1.44007700149323 -99 -99 -99
-99 -99 -99 -99 -99 -99 -99 -99 -99 -99
-99 -99 -99 -99 -99 -99 -99 0.137436308019889 -99 -0.268074848850599
-99 -99 0.798852893471151 0.951751609959629 -99 -99 -99 -0.694437272777898 -99 -99
-99 -99 -99 -99 -1.53836801126164 -99 -99 -99 -99 -99
-1.16832870830217 -99 -99 -99 -99 -99 -99 -99 -99 -99
-99 -0.213893811465178 -99 -99 -0.304595496804756 -99 -99 -99 -99 -99
0.843587563937266 -99 -99 -99 1.34611493261326 -99 -99 0.0230230727166789 -0.787457585021039 0.851227490262814
-99 0.864873795019211 -99 0.538743533039226 -99 -99 -99 -99 2.17986343787591 -99
-99 -99 0.606583743712564 -99 -0.205106110010382 -99 -99 -99 -99 -99
-99 -99 -2.22314897847363 -99 -99 -99 -99 -99 -99 -1.18295857976415
-99 -99 -99 -99 -0.577651147561438 -99 -99 2.1010447238641 -99 -99
2.3164439653979 -99 -99 -99 -99 -99 1.13467142503781 2.490773706464 -99 -99
1.63750439219733 -99 -99 -99 -99 -1.48320604798973 -99 1.11712355361845 -99 -99
-99 -99 -99 -99 -99 1.20775975139598 -99 -99 -99 3.16229710498814
-99 -99 -99 -99 1.353373595249 -99 1.56722391858876 -99 -99 -99
-99 -99 -99 -99 -99 -99 -99 -99 -99 -0.619983732476098
-99 -99 -99 1.30460843776754 -99 -99 2.09894260018238 -99 -99 -99
0.677013315841449 -99 -99 -99 -99 -99 -99 -99 -0.0275641983506436 -99
-99 -99 -99 2.35286534757662 0.91503421202928 -99 -99 -99 -99 -99
1.23992723824384 1.43191923558277 -99 1.43067037186568 -99 -99 -99 -99 -99 3.26231627662338
-99 -99 -99 -99 -99 2.71750413896628 -99 -99 -99 2.74849483762013
-99 -99 -99 -99 1.81244625666566 0.146350396321914 -99 -99 -99 1.39347711027314
3.93649542823706 -99 -99 3.7015817034354 -99 -99 -99 -99 1.74444191772111 2.45876122334164
-99 0.676639504474418 2.53376770057087 -99 1.82453004342412 -99 -99 -99 -99 -99
-99 -99 -0.0912534817460613 -99 -99 -99 -99 -99 -99 -99
-99 -99 -99 -99 -99 1.48608833261251 -99 -99 -99 -99
-99 -99 -99 -99 -99 -99 -99 -99 -99 -99
2.56207583809668 -99 1.18824990100278 -99 -99 -99 -99 2.05191188856471 -99 -99
0.463846893025312 -99 -99 -99 -99 -99 2.08183316231895 -99 -99 -99
2.25068855328078 -99 -99 -99 2.06516543295474 3.73378661811651 -99 1.95236169442843 -99 1.69962494885361
-99 -99 -99 0.0207888699465606 -99 -99 -99 -99 -99 0.443906859213917
-99 -99 1.04842961603222 1.03032454618057 -99 -99 -99 -99 -99 -99
-0.470153599440015 -99 -99 -1.79109494861659 -99 -0.148344190251037 -99 -99 -99 -99
-99 -99 -99 -99 -99 -99 -99 -99 -99 -99
2.6531464402817 -99 -99 -99 1.71151872697679 -99 -99 -99 -99 -99
-99 -99 -99 -99 -99 -99 -99 -2.55698138427997 -1.81986554869008 -99
-99 -99 -99 -99 -99 -99 -99 -99 -99 -99
2.33301944205166 -99 -99 1.1756457443195 2.70732549433719 -99 2.49881867578558 -99 2.26905996459788 0.4499667407373
-99 -0.688898491442468 -99 -1.19602669175304 -99 -99 -99 0.931469720682465 1.20945118814731 -99
-99 -99 -99 -99 1.40478631112621 -99 2.24263271898839 -99 -99 -99
-1.78951764435516 -99 -99 -0.20558552534577 -0.116506317979877 -0.59485994061559 -99 0.240579538598204 0.172775803593389 -99
-99 -99 -99 -99 -99 -99 1.76537777657973 -99 -99 -99
1.16541684279634 -99 -99 -99 -99 -99 -99 0.652708858543009 -99 -99
-99 1.29976576683039 -99 -99 -99 -99 -99 2.31366853636288 0.351816568092918 -1.36398471163263
-99 -99 -99 -99 -99 -99 -99 -99 -99 -99
-99 -99 -99 -99 1.79171882490865 3.33938284724668 2.1899670550328 -99 -99 3.39396475087836
-99 -99 -99 -99 -99 -99 -99 -99 -99 -0.568035065465134
-99 2.61069119679954 -99 -99 -99 -99 -99 -99 -99 2.53836336988249
0.207484400713495 -99 -99 -99 -99 -99 -99 1.50693044259088 0.176953334926963 -99
-99 -99 -99 -99 -99 -99 -99 -99 -99 -99
0.317112631052861 -99 -0.230852970421094 -99 -99 -99 -99 2.0374345897554 -99 0.725975274305358
-99 0.0894433114830571 -99 -99 -99 -99 -99 -99 1.68057289236362 -99
-99 -99 -99 3.25687349016654 -99 1.25488860328812 2.41856861540286 -99 -99 -99
-99 -0.896231909576069 -99 -99 -99 -99 -99 0.548408466238556 0.592487172904326 -99
-99 -99 -99 -99 -99 -99 -99 -99 -99 1.20087201546942
-99 -99 -99 -99 -99 -99 -99 -99 0.385869955123695 -99
-99 -99 -99 -99 -99 -99 -99 -99 -99 -0.595549143427031
-99 -99 2.33250981275857 -99 -99 -99 -99 -99 2.16332236054993 -99
1.29986224046599 -99 -99 -99 -99 2.06970135999788 -99 2.13924607917721 2.40363692776603 -99
-99 1.22527826296973 -99 -99 -99 -99 -99 -99 -99 0.00043966118863592
-99 -99 -99 -99 -99 -0.776833267251337 -0.109546306945562 -99 -1.50697975965099 -99
-0.378729451443796 2.69028191602554 -99 -99 -99 -99 -99 2.27226594642729 -99 -99
-99 -99 4.73892143962665 -99 -99 -99 -99 -99 -99 -99
-99 -99 -99 1.40336160195537 0.880564758580122 -99 -99 -99 -99 -99
-99 -99 -99 0.911560844231969 -99 -99 -99 0.0259331054307219 -99 -99
-99 -99 -99 -0.195004367216593 -0.959684615327836 -99 -99 -1.90474451899657 -99 -0.601696336536227
-99 4.53750340417388 -99 -99 1.26736336267458 -99 -99 -99 -99 -99
-99 -99 -99 -99 -99 -0.765113474722969 -99 -99 -99 -99
-99 -99 -99 -99 0.831174568339068 1.09199939546936 -99 -99 -99 -99
-99 3.44987031238065 1.59588518698329 -99 -99 -99 -99 -99 -99 -99
0.153402776624102 -99 -99 -0.1084038291557 0.0963199036190908 1.49052039474767 2.52632847947195 -99 1.59544316845324 -99
-99 2.67828112870982 -99 -99 -99 3.55791954911094 -99 3.63217451985399 -99 -99
-99 -99 -99 -99 -99 -99 -99 -99 -99 3.22448538067208
-99 -99 -99 -99 -99 -99 -99 2.71793421031556 0.796287408774344 -99
0.782319752704386 0.237215063712717 -99 -99 -99 -99 -99 1.10654776614255 1.14511029011901 -1.50689050443923
-99 -99 1.37858460779254 -99 -99 2.99790193093292 -99 -99 -99 -99
-99 -99 -99 -99 -99 -99 1.75004179425921 -99 -99 -99
0.212746373095903 0.771224248901441 -99 0.532797397103272 -0.32071526607333 -99 -99 1.84769370512491 -99 -99
-99 1.65334214316884 1.73576269945468 -99 -99 -99 -99 -99 -99 1.34216373727751
2.54427395515057 1.78168131541789 -99 -99 -99 -99 -99 -99 -99 -99
-0.389070752389793 -99 -1.244897913792 -99 -99 -1.05447937820616 -99 -99 -99 -99
-99 2.18626740114632 -99 -99 -99 -99 1.60117978591989 -99 -99 -99
-99 -99 -99 -99 2.18299312078217 -99 -99 0.636681165180023 1.83663649516026 -99
-99 -99 -99 -99 0.680552281456532 -99 0.576927367533855 -99 -99 -99
-99 -99 0.236655278235529 -99 -99 -99 -99 -99 -99 -99
-99 0.193421137987265 -99 -99 -0.425795904485613 -99 0.472466028547822 -99 -99 -99
-99 -99 -99 -99 -99 -99 -99 -99 -99 -99
-99 -99 -99 -99 -99 -0.216903132389772 1.89237840931501 -99 -99 0.974377049742378
1.60587168107062 -99 -99 -99 -99 -99 -99 -99 -99 -99
-99 -99 -99 -99 -99 -99 -99 1.32507190387969 0.81040096022442 -99
-99 -99 -99 2.82495218522944 -99 -99 -99 2.22786428758754 2.32296763942004 -99
-99 -99 -99 -99 3.66684703800386 3.30403860637052 -99 -99 -99 -99
0.927419869735593 -0.52276226840567 0.749089985001379 -99 -99 0.229537174570448 -99 1.35692087429815 -99 -99
-99 -99 1.50467817616255 -0.182085668186529 -99 -99 -99 -99 -99 -99
-99 -99 -99 -99 -0.714269949824143 0.600933487925887 -99 -99 -99 -99
-99 -99 -99 0.157177256902441 -99 -99 -99 -99 2.08617993879196 -99
0.00763641823246164 -99 -99 -99 -99 -99 -99 -99 0.955944733354169 -99
-99 0.817887662685823 -99 -99 -99 -99 1.8086638652984 -99 -99 -99
-99 -99 1.64137909294587 -99 -99 -99 -99 -99 -99 -99
-99 -99 -99 1.643541717175 -99 -99 -99 -99 -99 -99
-99 -99 -99 -0.103239311347167 -99 0.344180113038597 -99 -99 -99 -99
-99 1.92361080285718 -99 -99 -99 -99 -99 -99 -99 0.871079709454354
-99 -99 -99 -99 -99 -99 -99 -99 -99 -99
-99 -99 2.29767697162021 -99 -99 -99 -99 -99 -99 -99
1.88831102644259 -99 -99 -99 -99 1.69315769265877 -99 -99 -99 -99
-99 -99 -99 -99 -99 -99 -99 -99 -99 -1.24652326370569
-99 -99 -99 -99 -99 -99 1.68425408656644 -99 -99 1.56129578416392
-99 -99 -99 -99 -99 -99 -99 0.759113106099262 -99 -99
-99 -99 -99 -99 -99 -99 -99 -99 -99 -99
-99 -99 -99 0.635390777343542 1.43157756890364 -99 -99 -99 1.1620574081473 1.39556301292707
-99 -99 -99 1.3614177503021 -99 -99 1.09932593553309 -99 -99 -99
-0.458797012395678 -99 -99 -99 -99 -99 -99 -99 -0.520182219740093 -99
-99 -99 -99 -99 -99 -99 -99 3.21252732534903 -99 -99
-99 -99 -99 -99 -99 -99 -99 -99 -99 -99
-99 -99 -99 -99 -99 -99 -99 -99 -99 1.5157417974453
-99 -0.244178563567189 -99 -99 -99 -99 -99 -0.576248735578626 -99 -99
0.563091897691144 0.203360139326909 -99 -99 -99 -99 -99 -99 -99 -99
1.51965088838744 3.81359258201902 -99 2.87204720396661 -99 -99 -99 -99 -99 -99
-99 1.64307504760752 -99 -99 1.92473726291106 -99 1.38895048025616 -99 -99 0.175433183906319
-99 -99 0.88797098801543 -99 -99 -99 0.293815564216971 0.465816857856988 -99 -99
-0.322737108713956 -0.696545640641939 -99 1.897178253669 -1.01008115195209 -99 -3.21822211841111 -99 -99 -99
-99 -99 3.59165442498756 -99 -99 -99 -99 -99 -99 -99
1.24662778208624 -0.263453204190307 -99 -0.730704672399247 -99 -99 -99 0.350842044680129 0.729872322629641 -99
-99 -99 -99 -99 -2.07740008499697 -99 -99 -99 -99 -99
-99 -99 -99 1.20033617650384 -99 -0.506066698199712 -99 -99 -99 -99
-99 1.50566711151185 -99 0.700772840249443 -99 -99 -99 -99 1.04810240141578 -99
-99 0.518169706391975 -99 2.19860938410857 -99 3.45679411286481 -99 -99 -99 -99
-99 2.28583459515669 2.11724989264297 -99 -99 -99 -99 -99 1.77957552337917 -99
-99 2.44710462553002 4.10624087136119 -99 -99 -99 0.813179289008201 1.84299015171121 1.53641725127373 2.20191021814472
-99 1.80842992350066 -99 -0.644858387891575 2.48219493229572 -99 -99 -99 -99 -99
-99 -99 -99 -99 0.62220775028948 -99 -99 1.48701536472438 -99 -99
-99 -99 -99 -99 -99 -99 -99 0.284614419502657 -99 -0.907939613297404
0.13195014778333 -99 -99 -99 -99 -99 -99 0.403621448026456 -99 -99
-99 1.15032326398231 -99 -99 -99 -99 -99 -99 -99 -99
1.57351010766783 -99 -99 -99 -0.110648370484393 -99 -99 -99 2.83863386578039 -99
-99 -99 -99 -99 -0.679056111896825 -99 -99 -99 -99 -99
-99 -99 -99 -99 0.678690465491389 -99 -99 -99 -99 -99
-99 2.54133942106457 -99 -99 -99 -99 -99 -99 -99 -99
-99 -99 -99 -99 0.704537149573061 -99 0.221732457229002 -99 0.0680594514023356 -99
-99 -0.464712090325223 -99 -99 -99 0.0204284884215656 -99 -99 -99 -99
-99 0.982142885354734 -99 0.10847929303308 -99 -99 -99 -99 -99 -99
0.0163661804096668 2.08345734754623 2.86632036548004 -99 -99 -99 1.2891499857714 0.0946652275987032 0.501072610226267 2.43303251178419
-99 -99 -99 -0.68563597089681 0.316000644081758 2.76459370390908 -99 -99 2.0481719772924 -99
1.12420326730541 2.51385261006436 -99 -99 -99 -99 -99 -99 2.26761043352321 -99
-99 -99 -99 -99 -99 -0.190175187108792 -99 -99 -99 -99
0.583886788076343 -99 -99 -99 -99 -99 -99 -99 -99 -99
-99 -99 -99 -99 0.729624509534666 2.19960104488617 -99 -99 -99 -99
-99 -99 -99 -99 -99 -99 1.07971543943504 -99 -99 1.1795541290265
-99 0.347445745415639 0.146588644114164 -99 -99 2.11913344542537 -99 -99 -99 -0.0187956836195267
-99 -99 -99 -99 -99 -99 -99 -99 2.19853145016411 -99
-99 -99 3.74487770223355 4.36974612534566 -99 -99 -99 -99 -99 2.56507357525276
-99 -99 -99 -99 -99 -99 -99 -99 -99 3.62042764696137
-1.1486468354009 -2.03229075210306 -99 -99 -0.223107575086759 -99 -99 -99 -99 -1.62364983061362
-99 -99 -99 -99 1.4247000193601 -99 0.186284610342953 3.50356617309182 -99 -99
-99 -0.990444180819339 2.27858988205643 -99 -99 -99 1.61093497073469 -99 -99 -99
-99 2.4232611653109 0.0731201850744014 -99 -99 0.156609752614838 2.93791686056699 2.6050661239743 -99 -99
-99 2.9440380771849 0.908178038857564 -99 -99 2.19245103702373 2.03781579493076 -99 -99 -99
-99 -0.817697754681061 -0.483310845839199 -99 -99 -99 -0.479144402021186 -99 -99 -0.163656603145445
-1.34769735502544 0.976328932782417 -99 -99 -99 -99 -99 1.35250501339242 -99 -99
-99 -0.317376022046053 -99 1.46774927211845 1.14928277051623 -99 -99 -99 -99 -0.906044600373485
-99 2.09434174928107 -99 -99 -99 -99 2.11898676417183 -99 2.06147115325076 2.53307695175111
3.55172645156049 -99 -99 2.14651688574051 -99 -99 -99 -0.323398510126331 -99 2.41989172109029
0.781718691793348 -99 1.90082755974539 -99 -99 -99 -99 -99 0.871026770415208 -99
0.914009705523338 -99 -99 -99 -99 -99 0.657639729271956 2.58790295517746 2.09515307417521 -99
-99 -99 -99 -99 -99 -99 -99 -99 2.9190185144329 -99
-99 0.637888912746379 -0.103351491479144 -99 0.134209723548393 2.22127266320435 -99 -99 0.986843370725298 -99
-99 2.99063618285174 3.09993690230252 -99 -99 2.52794141363397 -99 4.45287948614757 -99 -99
-99 0.594363204720092 0.111103308767778 -0.037155958978798 -99 1.0100756749591 -99 1.55267806789753 -99 -99
-99 -99 -99 0.877348242163065 -0.601595669217975 -99 -99 -99 -99 -1.32213240819752
1.26783571055666 0.481730670558397 -99 1.30069501654522 -99 -99 -99 -99 1.13238904334535 1.96938557072967
-99 0.609975704150281 -0.690231293671136 -99 -99 -1.17234025932301 -99 -0.765463193063689 -99 -99
-99 -99 -99 -99 -99 -99 -99 -99 -99 -99
1.69120605537491 -99 -99 -99 -99 -99 -99 -99 -99 -99
-99 -0.145942834931278 -99 -99 -99 -0.353974182895585 -99 -99 -99 -0.160469072875842
-99 -0.482062041427678 1.18244725009551 -99 -99 1.66811501089231 0.516850964487668 -99 1.27972376464386 -99
-99 -99 0.577018691173922 -99 2.86870742005668 -99 -99 1.11982850887677 -99 -99
-99 -99 -99 0.425877191228009 -99 -99 -99 -99 -99 1.74049138806177
1.9463095547205 -99 -99 -99 -99 -99 -99 1.8556597502588 -99 -99
-99 -99 1.50483537682609 -99 1.47983450692648 -99 -99 -1.15705074082275 -99 1.59352345547505
-99 0.0835285517199201 -99 -99 -99 -99 -99 2.08699545486806 -99 -99
3.88164861290997 3.79557701196746 -99 -99 -99 -99 -99 -99 -99 -99
-99 -99 -0.663282303526106 -99 -99 -99 -99 -99 -99 -99
-99 1.77933127992481 -99 -99 0.0201044147022182 -99 -99 0.200244535117178 -99 -99
-0.0015024780204822 -99 -0.0985729485661133 1.15514873298052 -99 -99 0.609363139299498 -99 -99 -99
-99 -99 -0.074776459320733 -99 -99 0.0366212893250021 -99 -1.09570612181004 -99 -99
-99 -99 -99 -99 -99 -99 0.556229165265338 -99 -99 -99
4.3022173677077 3.31363057683144 -99 -99 4.30761751676102 3.57717387845213 -99 -99 -99 -99
-99 1.06751551448118 0.662846263005418 1.12268317022072 -99 -99 -99 -99 0.365339009711726 2.46797134754795
-99 -99 -99 -99 1.3684256786922 -99 -99 -99 -99 0.149307414671895
-99 -99 -99 -99 -99 -99 -99 -99 -99 -99
-99 -99 1.36272822864742 -99 0.894653620761999 -99 -99 -99 0.351476844161094 -99
-99 -99 -99 0.439401426348276 -99 -99 -99 -99 -99 -99
1.16506834441605 -99 -1.20950377804674 -99 -99 -99 -99 -1.15346448493841 -99 -99
1.49460143756991 -1.30793947252111 -99 -99 -99 -99 -99 -0.192538035445944 -99 -99
1.86937823319859 -99 -99 1.90860219825664 -99 0.660209104500261 -99 -99 1.85284604302184 -99
-99 -99 0.565417262789299 -99 -99 -99 -99 -99 -99 -0.312791878184619
-99 -99 -99 0.931354477189094 -99 -99 -99 0.747645705580722 -99 3.80900595681306
3.01785129892915 2.46184219746475 -99 -99 3.48309675470082 -99 -99 -99 -99 -99
-99 1.00320751493443 -99 -99 -0.921300081257727 -0.305322398265378 -99 -99 -99 -99
-99 -99 -99 -99 -99 1.54710540819796 1.97136336446731 1.77096094196099 -99 -99
4.98955583802204 -99 -99 2.11780966023378 3.37732605208917 -99 -99 3.59872749377133 -99 -99
-99 3.32541366014842 -99 -99 -99 -99 -99 -99 -99 -99
1.43621474295857 -99 -99 -99 -99 -99 0.33366999635049 1.33656632400864 -0.432017837355624 -99
-0.808559455832952 0.889857124285363 -0.0809278346628994 -99 -0.321348108713693 -99 -99 -99 -99 -99
-99 -99 -99 -99 -99 -99 -99 -99 -99 -0.464668774671912
-99 -99 -99 -99 -99 0.0598975479634524 -99 -1.43790215459598 -99 -99
2.39647183358818 -99 -99 -99 -99 -99 3.41067204663237 -99 -99 -99
-99 -99 -99 -99 -99 -99 -99 -99 -99 -99
1.56560105295328 -99 -99 -99 -99 -99 0.413436575033874 -99 -99 -99
-99 -99 -99 -99 -99 -99 -99 -99 -99 -99
0.948027852137815 -99 1.5464701691378 -99 1.79763903288265 -99 -99 -99 -99 0.200161368950761
0.0650777937649125 0.676529149560877 -99 -1.43522376724175 -99 -99 -99 -99 0.15210022503136 0.810912282551372
-99 0.153840135820271 1.5022930692137 0.584354311040806 -99 -0.0966297831716723 -99 -99 -99 -99
-99 -99 -99 -99 -1.07568205128221 -99 -99 -99 -99 -99
-99 3.44250506572293 2.06919785904535 -99 -99 3.3528448350928 -99 -99 1.52566159303241 -99
-99 -99 -99 -99 -99 -99 -99 -99 -99 -99
-99 -99 -99 -99 -99 -99 -99 -99 -99 -0.591214437651089
-99 -99 -99 -99 -99 -99 1.69297579506647 -99 1.2396048882518 -99
-99 -99 -99 0.215929665778911 -99 -99 -99 -99 -99 0.537737870649991
-99 -99 -1.69915818417238 -99 0.812333445349213 -99 -99 -99 -99 -99
1.03158890855568 -99 1.7492625917764 -99 -99 1.25038087589416 1.84014390545513 -99 1.47792107656422 -99
-99 -99 -99 -99 1.0631595722736 -99 -99 -99 -99 -99
-99 1.59239641224221 2.3226855467157 -99 -99 -99 1.10505488254021 -99 -0.0240606766888143 -99
-99 -99 -99 -99 -99 -99 -99 -99 -99 -99
-99 -99 -99 -99 -99 -99 -99 -99 0.216068036669596 -99
-99 -99 -99 -99 -3.20460895285329 -0.688707323285334 -99 -99 -99 -99
-99 -99 1.282892430207 -99 -99 -99 -99 1.51186738400357 -99 -99
-99 -99 -99 2.38562395540269 -99 -99 -99 -99 -99 -99
-99 -99 -99 -99 -99 -0.0958125180811127 -99 -99 -99 -99
0.968443729007063 -99 2.12324161642094 -0.282661183447096 -99 2.18634608260153 -99 1.87841679115304 -99 -99
-99 -99 1.97994901752678 -99 0.791821055332503 -99 -99 -99 -99 -99
-99 3.93362218760282 -99 1.48419201020365 -99 -99 -99 -99 3.20709847533464 -99
-99 -99 -99 2.40864032869152 -99 -99 -99 -99 2.09261818750695 -99
-99 -0.927346428180096 0.305281456563429 -99 -99 -0.0558763159366202 -99 -99 -99 -99
-99 0.227412361424772 -99 -99 -99 -1.29089552415522 -99 -99 -99 1.80915767089884
0.399632893955908 -1.20008349366608 -99 1.02825813747976 -99 1.52370266343505 -99 -99 -99 -99
-99 -99 -99 -99 -99 -99 1.46688114247755 -99 -99 -99
-99 -99 -99 1.63302477572194 -99 -99 -99 -99 -99 -99
-99 1.26770626016135 -99 -99 -99 -99 -99 -99 0.937647506363052 -99
-99 5.42933559148979 5.55616351319867 -99 3.71428813543878 -99 3.26312780167151 -99 -99 -99
-99 -99 -99 0.102718093664949 -99 0.111680916983522 -99 1.4201882720306 -99 -99
-3.11525568083794 -99 -99 -99 -99 -99 -99 -99 -99 -99
-99 -99 -99 -99 -99 -99 -0.465520635825221 2.20564351622395 -99 -99
-99 -99 -99 -99 -99 -99 -99 -99 -0.491567402996759 -99
-99 -99 -99 2.23724012275554 -99 -99 1.41044484620122 -99 -99 2.10439276758033
-99 -99 -99 -99 -99 -99 -99 -99 -99 -99
-99 -99 -99 -99 -0.790312088736182 0.947094446162114 -99 -99 -99 -99
-99 -99 -99 -99 0.526022878773823 2.64543421021939 -0.249131891334899 -0.599940089416092 -99 -99
-99 -99 -99 -0.489848043954382 -1.24338441125143 -99 -99 -1.3161399064298 -1.02919098172176 -99
-99 -99 2.50867134074073 -99 -99 -99 -99 -99 -99 -99
-99 1.20471380626722 -99 -0.213590879523694 -99 -99 -99 -99 -99 -99
-99 -99 -99 -99 -99 -99 3.57587451606818 -99 -99 1.9185561933051
1.95479762839457 -99 -99 3.40884881817973 -99 -99 -99 -99 -99 -99
-99 -0.634736633723819 -0.587925150780791 -99 0.0703381900133534 -99 -99 -99 -99 1.7877855316621
1.11535431091156 -99 -99 2.70384663821054 -99 -99 0.146135513317977 -99 -99 -0.0329492018134458
-99 -99 -99 2.96994670668093 -99 -99 -99 2.33902338273572 -99 -99
-99 1.5261219359555 -99 -99 -99 -99 -99 -99 -99 -99
-99 -99 0.30579089757646 -1.05772983648072 -99 -99 -99 -99 -1.11638911705247 -99
1.287108521438 -99 -99 -99 -99 -99 -99 -99 -99 -99
-99 1.3200754749221 -99 -99 -99 1.61472680721219 -99 -99 -99 1.29755698550163
0.587743095735688 -1.11997057546315 -99 -99 -99 -99 -99 -99 -1.09427442957579 -99
-1.10367931115097 -0.593592334528095 -99 -99 -99 -99 -2.49525188449517 -99 -99 -99
-99 -99 2.17489666293859 2.09263966884837 -99 -99 -99 -99 3.69972210341028 2.56545533868836
-99 -99 -99 -99 -99 -99 -99 2.28765312725884 -99 -99
1.16032132818394 -99 1.88777814696398 2.12481277884125 -99 -99 -99 -99 -99 -99
-99 -99 -99 -99 0.982710930569347 -99 -99 -99 -99 -99
-99 -99 -99 -99 -99 -99 -99 1.17206124845635 -99 -99
-99 2.84806161202926 -99 3.00169236922573 2.31511951776102 2.56008118957694 -99 -99 -99 -99
-99 -99 -99 -99 -99 -99 -99 0.648863243142935 -99 -0.86323495028296
-99 -99 -99 -99 -99 -99 -99 0.619869767904399 -99 -99
0.922305449173362 -99 1.16167465686627 -99 -99 -1.55912888879423 -99 -99 -99 -0.955817620935426
-99 -99 -0.171906397599017 -99 1.78223982547675 -99 -99 -99 -99 -99
-99 -99 -99 -99 -99 -99 0.0947866966134663 -99 -99 -99
1.15112237986292 -99 -99 -99 -99 -99 -99 4.08189284920681 -99 2.13499247071937
-99 -99 -99 -99 -99 -99 4.41586737377112 -99 5.11295251901645 -99
-99 -99 -1.19637375416808 -0.222778099114596 -99 -99 -99 -99 -1.11565635889945 -99
-99 -99 1.68845029597134 -99 -99 -99 -99 0.0132873862662237 -99 -99
-99 -99 -99 -99 -99 -99 -99 -99 -99 -99
-99 -99 -99 0.163523641469518 -99 -99 -99 -99 -99 -99
-99 -99 -99 -99 -99 -99 -99 -0.121378626565495 -99 -99
-99 -99 -99 -99 -99 -99 -99 -99 -99 0.52632910085586
-99 -99 0.160944096833201 -99 -99 2.05411716025557 0.821547131059225 -99 -99 -99
2.1363146281169 -99 0.0861263977781781 2.13486051137924 -99 -99 -99 2.00225630091382 -99 -99
-99 0.759181578711018 -99 -99 0.0289865383381327 -99 -99 -99 -99 -0.927324762859229
-99 -99 -99 -99 -99 -99 -99 -99 -99 -99
-99 -99 -99 -99 -0.739266448216741 -99 0.0440188175635454 -99 -99 -99
-99 -99 -99 1.26855196042014 -99 -99 -99 -99 -99 -99
-99 -99 -99 0.290897971488904 -99 1.01232624126994 -99 -99 -99 1.20011012237746
-99 -99 0.846683123448666 -99 -99 2.13258081669803 -99 -0.044817322988232 -99 -99
0.0480946496303655 2.09819786517186 -99 0.00422030938161733 -99 -99 -99 2.24564150727123 2.4739323542728 -99
-99 -99 0.000180961973730187 -99 -99 -99 -99 1.79200420722189 -99 -99
0.283848878585898 -99 -99 -99 -0.194230164817286 -99 -99 -99 -99 -99
-99 -99 -99 -99 2.16035995168158 -99 -99 0.376424803314665 -99 -99
-99 -99 -99 -99 -99 0.15827682545787 -0.103689452755734 -0.188202993182657 -99 -0.110847621824213
-99 -99 4.85361524919483 -99 -99 -99 -99 -99 -99 -99
-99 2.93574030054601 -99 -99 2.95748828545337 -99 2.60517940832994 -99 -99 1.82095831402417
-99 -99 -99 -99 -1.95341740155288 -99 -0.960851308178958 -99 -99 0.538984750873075
-99 -99 -99 -99 -99 -99 -99 -99 -99 -99
-99 -99 -99 -99 1.89919155333776 -99 3.88160365650413 -99 -99 -99
-99 -99 -99 -0.129774149592203 -99 -99 -99 -99 -99 -99
2.82099770740658 0.959441039807895 -99 0.540486458543041 -99 -99 -99 -99 -99 -99
-99 -99 0.580358721089389 1.04059378076525 -99 -99 -99 -99 -0.740933837070021 -99
-99 2.37078142296914 -99 -99 2.30832953156945 3.77891852927467 -99 2.59994617681709 2.61136831694666 -99
-99 -99 -99 1.21258350202089 -99 1.51622190640099 -99 -99 -99 -99
-99 -99 -99 3.15453226936143 3.519443250977 2.17400583289172 1.7350366927345 3.45230044969851 -99 -99
-99 -99 -99 -0.170838040078678 1.2845355308949 1.98646408599393 -99 -99 2.39811628587445 1.8934593516949
-99 -99 -99 -99 -99 2.46288698030106 2.52342813255615 -99 2.61149125717171 -99
0.557254996936663 -99 -1.66097113699465 -99 0.469787252339122 -99 -99 0.186369097423699 -99 -99
-99 -99 -99 -2.14547155393464 -99 -99 -99 -99 0.825603719951825 -99
-99 1.33401627172067 -99 -99 -99 3.79062345131483 -99 1.00849688297124 1.75062199161135 -99
-99 0.798206406717596 -99 -99 -99 -99 -99 -99 -99 0.47053728807596
-99 0.182345407551954 -99 -99 1.34233606690296 2.95098716622798 -99 -99 1.33027798429241 -99
-99 -99 1.35465775448523 -99 1.03094752588043 -99 -99 -99 -99 -99
-99 -99 -99 -99 -99 -99 -99 -99 -99 5.57941122285054
-99 0.565857801611211 -99 1.58614393630403 0.230171527433192 0.17626704716646 -99 -0.183234021834628 -99 -99
-99 -99 -99 -99 -99 -99 -99 -99 -99 -99
-99 -99 1.36849497162515 -99 0.153474978429718 1.82929436834664 -99 1.45167396100422 -99 -99
1.74435669369491 -99 -99 -99 -99 -99 -99 -99 -99 2.67958769423512
2.50409449443946 2.91804889058193 -99 1.10434122145121 -99 1.21334082213699 -99 -99 -99 0.62065609357834
-99 -99 0.249111037205315 2.36528847997387 -99 -99 -99 -99 -99 -99
0.203405749187351 -99 -99 -1.93427854680554 -99 -99 0.537387805917407 -99 -99 -99
2.55962941466789 -99 -99 -99 2.66220177786466 -99 1.10547046744172 -99 -99 -99
-99 -99 -99 -99 -99 -99 0.837383657805093 -99 -99 -99
0.306861609331986 -99 1.14185778520766 -99 0.191068592167809 -99 -99 -99 -0.00990510460778893 -99
-99 -99 -99 -99 -1.61668065615206 -99 -99 -99 -99 -99
-99 -99 -99 -99 -99 -99 -99 0.222934226651521 -99 -99
1.88267788170181 0.542770526840899 -99 -99 -99 -99 -99 -99 -99 1.84287187132058
1.52790302067406 -99 -99 -99 -99 0.625766964247015 -99 1.01395984664862 -99 -99
3.02849020235518 -99 -99 -99 -99 3.41738633671899 -99 -99 -99 -99
-0.995480527695607 1.00504971328762 -99 -99 2.45789759772529 -99 -99 1.51870909020368 -99 -99
0.596321041500143 -99 -99 2.26527587482486 3.46151086394512 -99 1.12682962653575 -99 -99 3.0745148562139
-99 -99 -99 -99 -99 0.0266375487306766 -99 -99 -99 0.0891010898813522
1.79994216310212 -99 1.87603407000106 -99 -99 -99 -99 -99 -99 4.32227359353123
1.089902566097 -99 -99 -99 -99 -99 0.99995734470133 1.82489495598441 1.35529381772234 -99
-99 -99 0.756607336656244 -99 -99 -2.29474084498 0.14408674141675 -99 -99 -99
0.281855520372679 -99 -0.163157009950013 -99 0.270233679786674 -2.52383449072475 -99 -99 -99 -99
-99 -99 -99 2.60224518989415 -99 -99 -99 -99 -99 -99
-99 -99 -99 -99 -99 -99 -99 5.61323152761133 -99 -99
-99 -99 -99 -99 -99 -99 -99 -99 -99 -99
2.04643897009042 -99 -99 0.00575367662586368 -99 -99 -99 -99 -0.194511066379603 -99
-99 -99 -1.20213975428603 -99 -99 -99 -99 -0.997831281400432 -99 -99
-99 1.93049032437843 -99 -99 3.71663253284642 -99 -99 -99 2.0772008490807 -99
-0.677659954345052 -99 -99 -2.64052627917782 -99 -99 -99 -99 -99 -0.772794923480092
-99 -99 0.538327119609677 -99 -99 -99 -99 -99 -99 -99
3.84558392885016 -99 1.43026248896199 -99 -99 -99 -99 -99 -99 -99
-99 -99 -99 -99 -99 -99 -99 -99 0.722136479855013 2.39241327973053
-99 -99 -99 -99 -99 -99 -99 -99 -99 1.48599773558049
-99 0.723969854498445 -99 -99 1.62929235740718 -99 -99 1.04723621265601 -99 1.60029461609388
-99 -99 -99 -99 -99 -99 -99 -99 -99 -99
-99 1.19215889318531 -99 -99 4.01171251239233 -99 2.44337724553508 -99 0.281073874539992 -99
-99 -99 -99 3.03944907445193 -99 -99 2.34680731975474 -99 -99 2.74509411083921
-99 -99 -99 -99 -99 -99 -99 0.468297418408945 3.27212755684988 -99
-99 -99 -99 -99 0.683368376733927 -99 1.58029192279005 0.864653846473118 -99 -99
-99 3.11980233549009 -99 -99 -99 -99 -99 -99 -99 2.87479376111615
-99 1.84504777184403 -99 -0.799088214322882 -99 0.0401204696786862 -99 -99 0.972263010336514 -99
-99 1.67357205401073 -99 1.14916267436108 -99 -99 -1.14390363478726 0.271726067199438 -99 -99
-99 -99 -99 -99 -99 -99 -99 -99 -99 1.32628330143812
-99 -99 -99 0.440845580110456 -99 -99 -99 -0.606650345070363 -99 -99
-99 -99 -99 -99 -99 -99 -99 -99 -99 -99
-99 -99 -99 -99 0.142915386691322 0.470260926143682 -99 -99 -99 -99
-99 -99 -99 -99 -99 -99 -99 -99 -99 -99
-99 -99 -99 -99 -99 -99 2.84645957377591 2.11180956523631 3.0090112949653 -99
-99 -99 -99 -99 -99 -99 -99 -0.013229467500707 0.0376534079068536 -0.184749321252407
0.861243932995864 -99 -99 -99 -99 -99 -99 -99 -99 -99
1.31979777227319 -99 -99 -99 -99 -99 2.52032473189126 2.39472464037839 -99 -99
-99 -99 -99 -99 -99 -0.433059956716626 -99 -99 -99 0.521475507258488
-99 -99 -99 -99 -99 -99 -99 -99 -99 -99
-99 1.5398205211773 -99 -99 -99 -99 -99 -99 2.51919760552358 -99
-99 -99 -99 -99 0.56489782747375 -99 -99 -99 -99 -99
-99 -99 -99 2.98595965487424 -99 -99 -0.399875736461262 0.116066951011311 -99 -99
3.32520774469683 2.4064710525967 -99 -99 -99 1.61734456581216 -99 -99 -99 2.12957827142713
-99 -99 0.367513520275506 3.03788510457492 -99 -99 -99 -1.14920493541333 -99 -99
1.20838514615004 -99 -99 -99 -99 -99 -99 -99 1.89845006258686 1.39620799073698
2.1104444411286 -99 3.1698205131226 -99 -99 -99 3.25405437019877 3.66863491256496 -99 -99
0.187168740722547 1.56645066814335 -99 -99 -99 -99 -99 -99 -99 -99
2.27388246400432 -99 -99 2.21061838569148 -99 -99 -99 -99 -99 -99
0.609455152778976 -99 1.42569454616991 -99 1.67328026236749 2.1553973784127 1.39440348382511 -99 -99 -99
-99 -0.271176739678097 0.214836382091597 -99 -1.17061089755776 -99 -99 1.80176895020652 -99 -99
-99 -99 -99 -99 -99 1.02808648365594 -99 0.824576750731558 -99 3.35340976227567
-99 -99 -99 -99 -1.45273892392652 -99 1.08536914977724 -99 -99 -99
-99 -99 -99 -99 1.58691126489044 -99 0.0332618967432607 -0.332394219699474 -0.536061481308681 1.59574681244072
-99 -99 -99 -99 -99 -99 -99 -99 -1.44982064803482 1.21261609318342
-99 -99 -99 -99 0.168254520016181 -99 -99 -99 -99 -99
-99 2.73592410483578 -99 3.48731072260342 -99 -99 -99 -0.141425766888154 0.772242311099421 -99
0.955739518480947 -99 -99 -99 -99 0.426964456096891 -99 0.133659587635563 -99 -99
-99 -99 -99 0.793385527996135 -99 -99 -99 -99 -99 1.9432119553132
-0.334848542502676 -0.115490798637822 -99 -99 -99 -99 -2.01680887863955 -99 0.117999644646712 -99
-99 -99 -99 -99 -99 0.482672649253823 1.93415267715212 -99 -99 -99
-99 -99 -0.142918150238212 -99 -99 -99 -99 -99 -99 -0.316685293016104
-0.429555936380841 -99 -99 -99 -1.48458752865604 -99 -99 -99 -99 -99
-99 -99 -99 3.82536792735912 -99 -99 -99 -99 2.01719730938147 4.08972588540564
-99 -99 -99 -99 -99 -99 -99 -99 -99 -0.309180345277893
1.08007597613959 -0.759847904409863 -99 -99 -99 -99 1.06484984423432 -99 -99 1.80799342293081
-99 3.08831571175069 -99 2.52649973089928 -99 -99 1.04768349462263 -99 -99 -99
-0.263906619134124 1.10758259315158 -99 -99 -99 -0.171096139267617 -99 -99 -99 -99
-0.327799793629469 -99 -1.28151951999811 -1.89273516358913 1.77417588556944 -99 -99 -99 -99 -99
2.77360249437151 -99 -99 -99 -99 -99 -99 -99 -99 -99
0.818062074510559 -0.863184634171139 -99 -0.00378579046443805 -99 -99 -99 -99 -99 -99
-99 -99 -99 -99 -99 -99 -99 -99 -1.84215021062338 -99
-99 -99 1.92669754915358 0.874471780201012 0.199400638832895 -99 -99 -99 -99 0.16371557195724
-99 -99 -99 -99 -99 -99 -99 -99 -99 -99
-99 0.714506308686079 -99 -99 -99 -99 1.52541925602038 2.88471149628111 -1.77856245675837 0.230280109192003
-99 1.32680223874842 1.4729694865257 0.377657462036837 -99 -99 -99 -99 -99 -99
-99 -99 -99 -99 -99 -99 2.7409672859968 -99 2.24411140936178 -99
-99 -99 -99 -99 -99 -99 -99 -99 -0.151707336320053 3.18950272380255
1.88668584002883 -99 -99 0.453600152381764 -99 1.43562181856993 -99 -99 0.890237147175342 2.41208152210745
-99 -99 -99 2.47887438945921 -99 3.6091291276743 -99 -99 -99 -99
-99 1.89964142276141 0.204984695109114 -99 -99 2.37194028754847 1.61384767787196 -99 -99 2.52997849219407
-99 -99 -99 -99 -99 -99 -99 -99 1.72017124068388 -99
-99 -1.78257456879329 -99 -99 -99 -99 -99 -99 -99 -99
2.05777468033614 -99 -99 1.54395592099846 0.226826575420094 1.9665913374838 0.84549001229471 -99 -0.241440163808821 -0.0400243891485348
-99 -1.21087181963081 0.0665166379455175 -99 -1.56438032429572 -99 -99 -99 -99 -99
2.51078866755171 -99 -99 -99 -0.0140476097103124 2.07432910182551 -99 -99 -99 -99
-99 -99 0.76975738310139 -99 -99 -99 -99 -99 0.319702015880566 -99
-99 -99 1.44642681821398 -99 -99 -99 -99 -99 -99 -99
-99 0.00488365475386265 -99 -0.0869818799469357 -99 0.57846335484824 -99 -99 -99 -99
-99 -99 -99 0.113994714716103 -99 1.77750828217663 -99 -99 -99 -99
-0.566679548510439 -99 0.380734048669756 -99 -99 -99 -99 -99 -99 -99
-99 -99 -99 1.00365739539739 -99 -1.0582237456394 -99 -99 -99 -99
-99 -99 -99 -99 1.46328511182358 -99 0.19313651510604 1.37737703851134 -99 -99
-99 0.294128169402636 -99 2.72339256885445 -99 -99 -99 -99 -99 -99
-99 -1.49278586032119 -99 -99 -99 -99 -99 -99 -99 -99
-99 -99 -99 -99 2.01176383241057 -99 -99 -99 -99 -99
-0.776218254730068 -99 -99 -99 -99 -99 -99 -99 -99 -99
-99 -99 1.6004791394623 -99 1.32440714949276 1.90809247337074 -99 -99 2.64185062999241 1.27896880154281
-99 -99 -0.625983573524235 -99 -99 1.11039651081003 1.3188986644213 -99 1.65287637043577 -99
-99 -0.420914217191208 -99 -99 -99 -99 -99 -99 -99 -99
-99 0.613467751386019 2.4679998685611 -99 2.34048676810383 -99 1.75664313435645 -99 -99 -99
-99 -99 -99 -99 -99 -99 -99 -99 -99 -99
-99 -99 2.27268427691876 -99 2.6698222467576 -99 1.42709259814772 -99 -99 -99
-99 -99 -99 -99 -99 -99 3.1680427672924 2.77928355182574 -99 -99
-99 -99 -99 1.35784739107934 -99 2.18708442198091 -99 -99 -0.612865851493157 -99
-99 -99 -99 -99 -99 -99 -99 -99 -99 -99
-99 -99 -99 -99 -99 -99 2.48692720011704 3.80864616438301 -99 -99
1.54748030216237 2.05059496393232 -99 0.725975516717921 -99 -99 -99 -99 -99 -99
-99 -99 -99 -99 -99 -99 -99 -99 -99 -99
-99 -99 -0.0113421198407768 -99 -99 -99 -99 1.45779101301272 -99 0.909591756017704
-99 -99 1.06376573569182 -99 1.25583757249554 -99 -99 -99 -99 -99
2.54756743068566 -0.669732914162412 -99 -99 0.131920081885751 -99 -99 -99 -99 -99
-99 -99 0.98760855942876 -99 -99 -99 -99 -99 -99 -99
-99 -99 -99 -0.321126318990093 -99 -99 -99 0.286242274033487 -99 -99
-99 1.83121441503881 -99 0.389411425455707 -99 -99 -99 -99 -99 -99
1.74552343648721 0.88645290153357 -99 -99 0.52743005259239 -99 -99 -99 -99 -99
-99 -99 -99 -99 -99 2.11073400562395 -99 1.29942028433493 -99 -99
-99 -99 -99 -99 0.247081243746558 0.226711124025523 -99 -99 -99 -99
-99 -1.1810365407747 -0.0746584301984978 -99 -99 -99 -99 -99 -99 0.269096001273185
-99 -99 1.04784999166262 1.74472212982251 -99 0.749141472573598 -99 -99 -99 -0.685695075084316
-99 -99 -99 -0.204488224611965 -99 -99 -99 -99 -99 -99
-99 -99 0.412271595128826 0.487329489349056 -99 -99 -99 -99 0.376026451184688 1.00263732603709
-99 -99 -99 0.584126930639182 -99 -99 -1.35060535106065 -99 -99 -99
-99 -99 0.126219016893648 -1.69561676347881 -99 -99 -99 0.57507661376751 -99 -1.28438877336871
-99 -99 -99 2.49474035193946 -99 -99 1.21748935591736 -99 0.747472740837257 -99
-99 -99 1.58424101349275 -99 -99 0.0365187349693562 -99 -99 0.438495079520562 0.179817862033631
-99 -99 -99 1.3102788732861 -99 -99 -99 -99 1.77293626214999 2.21954209072108
-99 1.18679199715358 -99 -99 -99 0.890528526479685 1.82289384002609 -99 -99 -99
0.61152688730053 -99 -99 -0.515712911271767 -99 -99 -99 -99 -99 -99
-99 -99 -99 -99 -99 -99 -99 -99 -99 0.33776499679968
2.26542011656919 -99 -0.0383681872525912 -99 -99 -99 -99 -99 0.776885233767858 -99
-99 -99 1.98382474119917 2.44557447259802 2.11988058094783 -99 3.57082413868721 -99 -99 -99
-99 -99 -99 -99 -99 -99 -99 -99 0.683005162813808 -99
0.757976717097501 -99 -99 -99 0.764408620318227 -99 -99 -99 2.08338453677549 -99
0.752966141285146 -99 0.160906294472352 2.1229343925179 -99 1.69501261273177 -99 -99 -99 -99
-99 1.05957745673543 -99 -99 -99 -99 1.03691563756275 -99 -99 -99
-99 -99 -0.920860632358387 -99 -1.26704443617236 -99 -99 -99 0.385855082872931 -99
2.3845887082876 -99 -99 -99 -1.11419696037228 -99 -99 -99 -99 -99
-99 -99 -99 -99 -99 -99 0.747147734258691 -99 2.25098270502481 -99
1.3005804172678 -99 -99 1.16589335198132 1.42090271798042 -99 1.26123462040357 1.49140320117111 -99 -99
-99 -0.488718088758348 -1.04863383039208 -99 -0.332891350872799 -99 -0.518875830353614 -1.61803619500514 -99 -99
-99 0.0126422364393359 0.807282620968759 -99 1.36766731178227 -99 -99 -99 -99 -99
-0.57088058718279 -99 -99 -99 -99 0.137012787614487 0.496880231677941 -99 0.697177635746179 -99
