-99 -99 -99 1.70881943930624 -0.731883586177326 -99 2.83588651763379 -99 2.06908528775846 1.67928726006644
-99 -99 -99 -99 -99 0.154449056822816 -99 -2.14555815883627 -99 -99
-99 -99 -99 -99 -99 1.45585627716209 2.60261898113813 -99 -99 -99
-99 0.94863323837934 -99 -99 0.555601208150253 -99 -99 -99 -99 -99
-99 -99 -0.388083604833602 -99 -99 -99 1.609106962133 -99 -99 -99
-99 -99 -99 -99 -99 -99 -99 -99 0.464036895490516 -99
-99 -99 -99 -99 -99 -99 -99 -99 1.67312033775558 0.324971782144285
-0.506644503706207 -99 -1.56633998069983 -99 -99 0.671835989379515 -99 -99 0.369856632025362 -99
-99 2.08963442200249 2.23783628872245 -99 1.28176104702314 3.47372432162712 -99 3.14774552401561 2.47499511576452 -99
-99 -99 -99 -99 1.95208131678954 -0.0331417014547024 -99 -99 -0.145167499544436 -99
-99 -99 -99 -99 -99 2.10984056863101 -99 -99 -99 3.45308144937731
-99 -99 -99 -99 -99 1.01628666498509 -99 -0.1489516869062 -99 -99
-99 1.17838071353382 -99 -99 -99 -99 2.7260048471358 -99 2.88715936257803 3.22546919432815
2.95589180450916 -99 -99 -99 -99 -99 -99 0.302994212775256 1.25111022037936 0.0552640185301365
-0.231158553209715 1.0594384183795 -0.645781226733205 -99 -99 -99 -99 0.569720222493283 -99 -99
-99 -99 -99 -99 -99 1.33286053748197 0.818354060158647 1.72269029764315 -0.134353158421954 -99
0.274184629080579 -3.57861524196851 -99 -99 -0.15644235625295 -99 -99 -99 -99 -99
-99 -99 -99 -99 0.53001272098025 -99 2.42153020867724 -99 -99 -99
-99 -99 -99 -99 -99 -99 -99 -99 2.16091436024101 -99
-99 -99 -99 -99 -0.477572818967018 -99 0.153079843709331 -99 -99 -99
-99 0.603745059513778 -99 2.33970569546644 2.95791452781778 2.72369867190003 -99 -99 -99 -99
-99 -99 -99 -99 -99 -99 -99 -99 -99 -99
-99 1.11482047059003 -0.673912434694375 -99 -99 0.096168803722268 -99 0.310003351227241 -99 -99
-99 -99 -99 -0.0248689375145639 -0.234976405732084 -99 -99 -0.667256725790516 -99 1.16298388334827
-99 2.34190552307162 -99 -99 -99 -99 1.77042089959152 1.14968470092901 2.56677222461361 1.522707064107
-99 -99 -99 3.32192826922284 -99 1.48340306931958 4.21476319329527 4.17000401638619 -99 2.04764208930971
0.570576166652648 -99 -99 -99 1.25770322392481 -99 -99 -99 -99 -99
-99 -99 2.28844974797101 -99 -99 2.8285354420832 -99 -99 -99 -99
-99 0.162000784621663 -0.108257466885822 -99 -99 -99 -99 -99 -99 -99
-99 -99 -99 -99 -99 -99 -99 -99 0.274459230728699 -99
1.28908299196954 -99 -99 -99 -99 -99 -99 -99 -99 -99
1.51190355389716 -99 0.0860171180226452 -99 -99 -99 -99 0.421878280064571 -99 -99
-99 -99 -99 -0.595731387517958 -99 -99 -99 -99 -0.829226581031554 -99
-0.185395812579517 -99 -99 -99 -99 1.41837033286417 -99 -99 -99 -99
-99 -99 -99 4.37290869040938 -99 -99 -99 2.85718601517105 -99 3.23793969484887
-99 -99 -99 -99 -99 0.917383474778681 -99 -99 -1.14511019045422 -99
-99 -99 -99 2.49804179578962 -99 -99 0.655462316854955 -0.350660330378674 -99 -99
-99 -99 -99 -99 -99 -99 -99 -99 -99 -99
-99 -0.774728200394526 -99 -1.91626693058808 -99 0.0195283450220699 -99 -99 -99 -99
-99 -99 -99 -0.35756161204989 -99 -1.99764101661901 3.41615786306234 -99 -99 -99
-99 -99 -99 1.44127806658154 -99 -1.70221002696653 -99 -99 -0.210387954475867 1.8258835600671
-99 2.31135633949042 -99 -99 2.08968391622149 -99 2.22193999002654 -99 -99 -99
-99 -99 -99 -99 -1.38412900269036 -99 -99 -0.215222291062196 -99 -99
-99 -99 -99 -99 -99 -99 0.0793163477359905 -99 -99 -0.901165723670959
-1.24655127521655 -99 -0.34888727089356 -99 -99 -99 -99 -99 -99 -1.87239811438677
-99 1.43658044845011 -99 -99 2.10852715665194 -99 -99 4.75490497615057 -99 3.53211661095956
-99 -99 3.24868878511316 -99 2.35084510476603 -99 -99 -99 -99 -99
2.3948998789681 1.77477442693801 1.85441154112554 -99 2.32067253945255 -99 3.03723923239492 -99 -99 -99
-99 -99 -99 -99 -99 -99 -99 -99 -99 -99
-99 -99 2.70536613848836 -99 1.79736032337776 -99 -99 -99 -99 -99
-99 -99 1.46847024431351 -99 -99 -99 -99 -99 -99 1.17954193623846
-99 -99 -99 -99 0.617699066290826 -99 -99 -99 -99 -99
-99 -99 -99 -99 1.05225830785279 0.835325908285337 -99 -99 0.533689172888535 -99
-99 -99 -99 -99 -99 -99 -99 -99 -99 -99
-99 0.723250020024428 -99 -99 -99 1.9909099086521 -99 -0.662218488798821 2.34147280662757 1.33157752961885
-99 -99 -99 -99 -99 -99 0.137274888078859 -99 -99 -99
-99 -99 -99 -99 -99 -99 -99 -99 -99 -99
-99 -99 -99 -99 -99 -1.19917626309223 -99 -99 -99 -99
1.11717406397193 0.873188044094682 1.77415753862495 -99 -99 -99 -99 0.906082575795209 -99 -99
-2.51373371255559 -99 -99 -2.33264338707914 -2.34346768892108 -99 -0.408510772976826 -99 -99 -2.65133836391626
-99 -99 -99 -99 -99 -99 -99 -99 3.23166266250615 -99
-99 -99 -99 1.00880138308024 -99 -99 -99 -99 1.42898249956371 -99
-99 -99 -99 -99 -99 2.41023001203979 -99 -99 -99 -99
-99 -99 2.38628680788304 -99 -99 -99 -99 -99 -99 0.62577398562828
-99 1.17966608327239 -99 -99 -99 -99 -99 -99 -99 -99
-99 -99 -99 2.45595795180413 -99 0.39830985514204 2.96816136671323 -99 -99 -99
1.38256575246929 -99 1.95061566592333 -99 -99 1.04187995825733 2.37500187032984 1.7484759306007 -99 1.73092032286743
-99 -99 1.14548490994737 -99 -99 -99 -99 -99 -99 -99
-99 -99 -99 -99 -0.929136806451616 -99 -99 -99 -99 -0.468076601736204
0.7196926466446 -99 -99 -99 -99 -99 1.26559901268175 1.22358445528102 0.258875155457433 -99
-99 0.895643037988242 -99 -99 -99 -99 1.17099391205654 -99 -99 2.31106298191178
-99 -99 -99 -99 -99 -99 1.35885567316053 -99 -99 2.40863529251271
1.93799234041006 2.50071021731941 2.97033780166249 -99 -99 0.647183197196675 -99 -99 2.42396180132911 -99
-99 -99 -99 2.73270730270986 -99 1.51629294448849 -99 -99 -99 -99
-99 1.5292351997975 -99 1.79414000234004 -99 -99 -99 -99 -99 -99
-99 2.22764772322432 1.35896571908685 -99 -99 2.56675249672262 -99 -99 -99 2.21425598687767
-99 -99 0.408044299371086 -0.244231227839779 -99 0.326893181535858 -2.37110798868995 -99 -99 -99
-99 -99 -99 -99 -99 -99 -99 -99 -99 3.99779415794856
-99 -99 -99 -99 -99 -99 -99 -99 -99 -99
-99 -99 1.04792160595129 -99 0.962469358692183 1.56904887501076 -99 -99 -99 0.70767743500722
-99 -99 -99 -0.873869648633798 -0.222732605247341 -99 -1.41430911310853 1.06478564865384 -99 -99
-99 -99 2.33851107409231 -99 -99 -99 -99 0.351941186099145 0.303032911789765 -99
-99 0.655788988629762 -99 -99 -99 0.91378282504235 -99 0.316810679786644 -99 -99
-99 1.47760310096582 3.12697962065829 -99 -99 -99 -99 -99 -99 -99
0.157598157364113 -99 -99 -99 -99 -99 -99 -3.80880067790454 -99 -99
-99 -99 -99 6.48312458631442 -99 3.06080949548492 -99 -99 -99 -99
-99 -99 -99 -99 -99 1.76642875359546 -99 0.927168612926363 -99 1.24237626155979
2.01920609494184 -99 -99 -99 -0.271167401188492 0.692660907226537 0.838316474982315 2.91559774483901 -99 1.10514467910846
-99 -99 -0.177366790353445 -99 1.91098033153872 -99 2.56286352466542 -99 -0.340108169440231 -99
1.85092437763301 -99 1.08591807630653 -99 -99 -99 -99 -99 -99 -99
1.35098237695147 -99 -99 -99 -99 -99 -99 -99 -99 -99
-0.236606081244576 -99 -99 -99 -99 -99 0.0113520965746828 -99 -99 -99
2.57266460900687 0.18026118132401 -1.02701226451736 -99 1.86826707608186 -99 2.24757590889197 3.22193030731482 -99 -99
-99 -0.145494191313582 0.398508103731632 -99 -99 -99 -99 -99 -2.80808907931143 -99
-99 -99 2.1109187831101 0.305029592602395 -99 -99 -99 -99 -99 -99
-99 1.69371688661738 2.39845213957434 -99 -99 2.0734922389384 2.87784003775572 -99 -99 4.01130484927597
-99 -99 -99 -99 -99 -99 1.4460469894764 2.57488314256168 0.73093368660754 -99
-99 0.703643959318438 -99 -1.35065552552094 -99 -99 -99 -99 -99 -99
-99 -1.18862009654918 -99 -0.453806235433249 -99 -99 -99 -99 -99 -99
-99 -99 -99 -99 -99 -99 -99 -99 -99 -99
0.82719193016535 -0.150272012419364 -99 -99 -99 -0.939063291122519 -99 -99 -99 -99
-99 1.37046693857724 -99 -99 1.43468614967874 1.27744716121698 -99 -99 -99 1.88714677173246
-99 -0.57899329617812 -99 -99 -99 -99 1.78246245691242 1.37282481222149 -99 -99
-99 -99 -99 -99 -99 2.18386515495365 0.102633713150869 -99 -0.312193488715259 -99
1.38928531088664 -99 -99 -99 1.42682272134398 -99 -99 -99 2.00594332709143 -99
-99 -0.856184992454808 -99 -99 -99 2.79633577532127 -99 -0.0268788887934595 -99 -99
-99 -99 2.26288639951959 2.32273747433822 -99 -99 -99 -99 -99 -99
-99 -99 -99 -99 2.06544549595581 -99 -99 1.43428169720215 -99 0.882208748750589
-99 0.800213287329788 -99 -99 -99 -0.371275876697529 -99 -99 1.08061400196617 -99
-99 -99 -99 -99 -99 -99 -99 -99 2.0267235308513 -99
1.03085303507231 -99 -99 2.11592825669736 -99 -99 -99 -99 -99 0.285934705033394
-99 4.28985122563139 -99 -99 -99 -99 -99 -99 -99 2.6881370356116
1.46570127341956 -99 -99 -99 -99 0.436835099355403 -1.13394648918235 -99 -0.219840006076613 -99
-99 -99 1.05334446399774 -99 -99 -0.0924926105528698 -99 0.134372501123553 -99 -99
-99 -0.323036252774771 -99 -0.414775003221035 -99 -99 -99 -99 -99 -99
2.9055732377894 1.87726713519023 -99 -99 -99 2.89385038622321 -99 -99 -99 -99
0.290269716654404 -99 0.919087180809038 -99 1.59274990700108 -99 -99 -99 -99 -99
0.575441900969847 -99 -99 -99 -99 -99 -99 1.7209800712985 -99 -99
-99 -99 -2.17281575323451 -99 -99 -99 1.5808395604954 -99 -99 0.128522166708639
-99 -99 -99 -99 -99 -99 -99 2.72768260367815 -99 -99
-99 -99 -99 -99 -99 -99 -99 1.97868107606639 -99 -99
-99 1.94394966143349 -99 -99 -99 1.16019097952135 -99 -99 -99 -99
-99 -99 -99 -99 -99 1.72776027321909 2.63309195502818 -99 0.138036304221657 3.83979908871311
3.9301151818914 -99 -99 -99 -99 -99 -99 -99 2.88853890024621 0.0125431656747848
-99 1.34551096099513 -99 -99 -99 -99 -99 -99 -99 -99
-99 2.1697860786138 0.872735276287547 -99 -99 -99 2.30253229992123 -99 -0.131217458908642 -99
1.28599796798141 -99 3.21588448843867 -99 -99 -99 -99 1.38888172724027 -99 -0.300647858661016
-99 -99 -99 -99 -99 1.58382641369868 -99 -99 -0.297832380486614 -99
-99 -0.796931336264751 0.685172863789441 -99 0.226580449696596 -99 -1.98351724507807 -1.23713506804207 -99 -99
-99 1.45426739182096 -99 -99 -99 -99 -99 -99 -99 -99
-99 -99 -99 -0.745776092705988 -99 3.35325137415557 -99 -99 -99 1.56421859423853
-99 0.695210548399771 -99 -99 -99 -99 2.31125510418869 -99 -99 -99
1.95502294560378 -99 -99 -99 1.6300161883098 -99 1.138804084899 -99 -99 -99
-99 -99 -99 -99 -99 0.0132940917192885 -99 -99 0.566531551018182 1.12745845143254
-99 2.0853813369032 -0.672893698907479 2.06525393878398 -99 -99 -99 -99 -99 1.89841701330658
-99 1.59800533240243 2.22584536610151 -99 -99 -99 -99 -99 -99 -99
-99 -99 -99 -99 0.157609688128836 2.46968795370718 -99 1.49853437274474 -99 -99
-99 -99 -99 -99 -99 -99 -99 1.41717746475407 -99 -99
-99 -99 1.11592916661848 -99 -99 -99 -99 1.97555529468324 2.9101423476569 -99
-99 -99 -99 -99 -99 -99 -99 1.66056860084031 -99 -99
-99 -0.0752833452104933 -1.72534353004654 -99 -99 -99 -99 -99 -99 -99
-99 1.92109926037803 -99 -99 2.99141003764417 -99 -99 -99 -99 2.49278611896946
-99 -99 -99 1.8168992176313 0.00295583662939491 -99 -99 -99 -0.623933242756162 -99
0.00452953441866322 -99 -99 -99 -99 -99 -99 -99 0.374583683181211 -99
-99 -0.129917851033604 2.2184797896597 -99 -99 -99 -99 -99 -99 0.981228659949898
-99 -99 2.40603651601875 0.510019727044233 -99 -99 -99 -99 -99 1.83212477071196
-99 -99 -99 -99 -99 -99 1.94162375026477 -1.09427034818388 1.20957203252219 -99
-99 2.29198738365148 -99 -99 -99 -99 -99 -0.123487601606332 -99 -99
-99 -99 -99 -99 -99 -1.99159137245807 -99 -1.33206439020826 -99 -99
0.214565123355931 -99 -99 -99 -99 -0.293266504339807 -99 -99 -99 -99
-99 2.74706249811249 -99 1.8340285720146 -99 3.50045455494024 -99 -99 -99 -99
-99 -99 -99 -99 -99 -99 0.554765102924937 -99 -99 -99
-99 -99 0.390388631463186 -99 -99 -99 -99 -99 -99 -99
-99 -99 -99 -99 -0.408144500266993 -0.368110500954929 -0.0155814460804737 -99 -99 -99
-99 -99 -99 -99 -99 -99 -99 -99 -99 -99
-99 0.328714169469547 0.745302516329499 -99 -99 -99 -99 -99 -99 -99
-99 0.640732915436393 -99 -99 -99 -1.73990074274965 -99 -99 -99 1.65223552921272
-99 -99 -99 -99 -99 -99 -99 -99 -99 -99
-99 -99 -3.43544142779389 -0.198643472200737 -99 -99 -99 -99 -99 -99
0.512128580043346 -0.372434738689848 -99 -1.81852912619472 1.30203215799749 -99 -99 -1.11534110330534 -99 -99
-99 -99 -99 -99 -99 -99 1.95971916679333 -99 -99 -99
-99 -2.92302309741684 -99 -99 0.0151538280142947 -99 -99 -99 -99 -99
-99 -99 -99 2.18218590039391 -99 -99 -99 -99 -99 -99
1.96124371562205 -99 0.217285819953421 -99 -99 1.01562680440112 0.381524909928343 -99 -99 2.00009747221286
-99 2.76304135495907 -99 -99 -99 -99 -99 -99 -99 -99
-99 -99 -99 -99 0.606021273947673 -99 1.84583401217653 -99 -99 -99
-99 -99 -99 -99 -99 -99 -99 4.07164977411328 -99 -99
-99 -99 2.23016689411967 -99 -99 -99 -99 -99 -99 -99
1.66252731756393 0.837452787520888 1.17543779473432 2.63335566516429 -99 -99 -99 -99 -99 1.44303768663986
-99 -99 -99 -99 -99 -99 2.46288172459659 -99 -99 3.35992558951762
-99 0.435385686080582 1.94941988675885 0.590339444465225 -99 -99 1.23385394619469 -99 -99 -99
-99 -99 -99 -99 -99 -99 -99 -99 -99 1.08071849141246
-99 -99 -99 -99 -99 0.502331585419214 -99 -99 -99 -99
0.77481114154058 -99 -99 -0.587465910744899 -99 -99 -99 -99 2.49517992913211 -99
-0.224576919869639 -0.160433510374071 -99 -99 -99 -99 -99 -99 -99 -99
-99 -99 -99 -99 -99 -99 -99 -99 -99 -99
-99 -99 -99 -1.66294390610248 -99 -99 0.00150099511389989 -99 -99 -99
-99 -99 -99 -99 -99 -99 -99 -99 -99 -99
-99 -99 -99 -99 -99 -99 -99 -99 -99 -99
-0.743568777916417 -99 -99 -1.51678664881164 -99 -99 -99 -0.106908893337523 -99 -99
-0.744845485328591 -99 -99 1.23887984463309 -99 -99 1.22069572915156 -99 -0.137675561869507 -99
-99 -0.745909739164009 -99 -99 -99 -0.105572760946421 -99 -99 -99 -99
-2.70700521558442 -99 -99 -99 -1.46991792880209 -2.02171279238257 -3.3433576657153 -99 -99 -99
-99 -99 -99 3.13554291750588 2.31296285634022 3.3545505932249 -99 -99 2.8730850384033 -99
-99 -99 -99 -99 3.14280842751749 -99 0.486000346547088 -99 -99 -99
1.02391095141939 -99 -99 -99 -99 -99 -99 -99 -99 -99
1.33282514506784 -99 2.85299222833973 -99 -99 -99 2.12637647174703 -99 2.64564133616298 1.79844584732243
-99 -99 -99 -99 -99 -99 -99 -99 -99 -99
-99 -99 0.857974503325337 -99 -99 1.65892196619107 -99 2.45007970080952 -99 1.81148345261799
-99 -99 -99 -99 -99 -99 -99 -99 -99 -99
-99 -99 -99 -99 -99 -99 -1.15234158178901 -1.6282122975685 -99 -99
-1.29445102224018 -99 -99 -99 -1.27147043113079 -99 -99 -99 -99 -99
-99 1.32320116473086 0.517493637966726 -99 0.947146160936783 1.52780041839052 -99 -99 -99 -99
-0.403283931844175 -99 2.93878720596819 -99 -99 -99 -99 -99 -99 -99
-99 -99 -99 -99 -0.652220662596725 -99 -99 2.07746340111489 -99 -99
-99 -99 -0.312504910228762 1.58709587993717 -0.498960678304196 -99 -99 -99 -99 -0.992827246027177
-99 -99 0.968170104842824 2.49041144379907 -99 0.0895672688078166 -99 1.97583067943114 1.41207985819795 -99
1.80315988707693 1.76361990593722 -99 -99 -99 -99 -99 -99 -99 -0.580080246945969
-99 2.30512576255156 -99 -99 -99 -99 -99 3.15482475443652 -0.128348643121118 -99
-99 1.56383950675871 -99 -99 0.989034878247844 2.35267008173721 -99 -99 -99 3.6203491363719
1.68878052087731 -99 -99 -99 -99 -99 -99 -99 -99 -99
0.724221915023032 1.15046664148686 -99 -99 -99 -99 -1.46406847352342 1.25913658761408 -99 -99
-99 -0.734257016821623 -3.8014117042297 0.891691824149516 0.691539330514092 -99 -99 -99 0.397807638515058 -99
-99 -1.52864769723998 -99 -99 -99 -99 -99 -99 -99 1.60027527869619
0.843128778921071 -99 -99 -99 2.42066031121794 -99 -99 -99 -99 -99
-99 2.39614717392745 -99 -99 -99 -99 -99 0.650889625506146 0.513399484506314 -99
-99 -99 -0.181615157334156 -99 -99 -99 -99 0.72449460869651 -99 -99
-99 -1.60839972009534 -99 -3.65228161653129 -99 -99 -1.59215777083032 -99 -99 -99
-99 -1.35487376996001 -99 -99 -99 -99 -99 -99 -99 -99
-99 0.931309917103624 0.852211085310547 -99 -0.1860286864676 -99 -99 -99 -99 -99
1.66995619324172 -99 -99 0.134518111088868 -99 -99 -99 -99 -99 1.16232098390727
-99 -99 -99 1.19038462343526 -99 -99 -99 -99 -99 -99
-99 -99 -1.0358926084751 -99 1.13083607050625 -99 -99 -99 0.678905348178572 -1.54840543739709
1.79211232996896 -99 -99 -99 -99 -0.33363387191618 -99 -99 -99 -0.0986804919609685
0.23245962898845 -99 -99 -99 -0.402733407241715 -99 -99 -99 -1.04972372858178 0.437546787401469
2.40778460626783 1.54445046690222 -99 -99 -99 2.49495095574029 -99 0.029620429671719 -99 -99
-99 2.02797585341809 -99 -99 2.779756119353 1.29733436771123 -99 -99 -99 -99
0.840109387731251 -99 -99 -99 -99 -99 -99 1.10365326536981 0.978432287365939 -99
-99 -99 -99 -99 -99 1.3879676329968 -99 1.03226530561057 -99 1.66429278245786
-99 -99 -99 -99 0.634716606188557 -99 0.544786515583547 -99 -99 -99
-99 -99 -99 -99 -99 -99 1.50740824176606 -99 -99 -99
-99 0.872195382856293 -0.74146207036259 -99 -99 -0.0252327596911928 -99 1.18158424533806 -99 -99
-0.751115415815135 -99 -99 -99 -2.08553491972678 -99 -99 -99 -99 0.0585566465201052
-99 -99 -99 -99 -99 -99 -0.0884631643526606 -99 -99 -2.57846461389733
0.0347458870664321 -99 -99 -99 -99 -99 -99 1.19721773838286 -99 -99
-99 -99 -99 -99 -99 -99 -99 2.3361037517585 -99 0.781129370216284
-99 -99 -99 -99 0.493848236383388 -99 0.592111703202607 -99 -99 -99
-0.750943394567457 -99 -99 -99 -99 -99 -99 -99 -99 -99
-99 1.71063861332118 -99 3.63124575259241 -99 -99 -99 -99 -99 -99
-99 1.81551476495269 1.59705819871656 2.83067052849424 2.55265017514703 -99 2.57522927418787 -99 -99 -99
-99 -99 -99 1.34839693239084 -99 -0.468626354984636 0.613704329143387 -99 -99 -99
-99 -99 2.65262345440285 -99 -99 -99 -99 -99 -99 1.71580604276654
-99 -99 -99 -99 -99 -99 -99 -99 2.31318957522832 -99
-99 -99 -99 -99 -99 -99 -99 0.92559691000728 -99 -99
-99 2.28353047323755 -99 -1.22379305022756 -99 -99 -99 1.25558948224737 -99 -99
-99 -99 -99 -99 -0.286589871215898 -99 -99 -99 -99 -99
-99 0.696561380489081 3.20968049316892 -99 0.44295231004514 -99 -99 2.69192997354229 -99 -99
-99 1.44885612324413 -99 -99 2.20558111314658 -99 -99 1.11280662536282 -99 -99
2.89190963914391 -99 -99 1.06265546747132 0.658692815889006 2.9083307047232 -99 -99 -99 -99
1.78810096194176 -99 -99 -99 -99 -99 -99 -99 -99 -99
-99 -99 -99 -99 -99 -99 -99 -99 -99 -99
-99 -99 -99 -99 -0.148818194327507 -99 0.157394791290036 -0.839749048432082 0.524712899162842 -99
-99 -99 -99 -0.658761288578148 -99 -99 -99 -1.44078184931985 -99 -99
-99 1.40011384913486 -0.148987490139185 -99 -99 -99 -0.171858351920822 -99 -99 -99
-99 -99 -99 -99 0.931213055073509 0.279405625508533 -99 0.97479752131269 0.296258921063934 -99
3.09996273806025 -99 3.38174366560804 -99 -99 2.13774021941519 -99 2.27637431827769 3.65111085860304 -99
-99 -99 -99 -99 -99 -99 -99 1.69075046678659 2.59876001669906 -99
-99 -99 1.07561912889695 -99 -99 -99 -99 -99 -99 0.380498192817182
-99 -99 -99 -99 -99 -99 2.91245937584068 -99 -99 -99
-99 -99 3.4104831493486 -99 -99 -99 -99 -99 -99 -99
-99 -99 -99 -99 -99 -99 -99 -99 -99 -99
-99 -99 -99 2.9681146227106 -99 -99 -99 -99 -99 -99
-99 1.6604464425241 -99 -99 -99 1.75301330166191 -99 -99 1.40146884186364 1.59156432096257
1.86747254359442 -99 -99 2.45391227631886 -99 1.33933849064466 2.12402551340648 -99 -99 -99
-99 -99 0.81622657053255 -99 -99 -99 -99 1.71357241417421 -99 -99
-99 -99 -99 -99 -99 -99 -99 -99 -99 -99
-99 -99 -99 -99 -99 0.599797841001002 -1.13740716123756 -99 1.21120780237992 -99
-0.533821562386009 -99 1.03756172644091 -99 -99 -99 -99 0.545568239263385 -99 -99
-99 -99 0.521060574159122 0.495068919223357 -0.0946609119912354 0.167716134343806 -99 -99 -99 -99
-99 -3.07843341931868 0.0338620722982668 -1.49591260101095 -99 -99 -99 -99 -99 -99
-99 -99 3.25653727936233 -99 1.97551083073876 -99 -99 -99 1.93797777516951 1.60480967730689
-99 -99 2.11001519702804 -99 -99 -99 -99 -99 -1.03117484566699 -99
-99 -1.23868430369255 -99 0.625575544335705 0.183156445621195 -1.17497748849713 -99 -0.535842703012867 -99 -1.16732282117294
-99 -99 -99 -99 -99 -99 -99 -99 -0.127107256991698 -99
0.79584231244971 0.884261331341723 -99 -99 -99 0.982061381008859 -99 -99 -99 -99
-99 -99 -99 -99 -99 -99 -1.0569798650168 -99 1.41776083865846 -99
-99 2.58006092702494 -99 -99 -99 -99 -99 1.98969541517319 -99 -99
-0.333047532154335 -99 -99 -99 -99 -99 -1.55392915007697 -99 -99 -99
-99 -99 -0.699551325876602 0.481230160968508 -99 1.98526779293188 -99 0.300470799848456 -0.0292879748276698 -99
-99 -99 2.82138003278003 -99 2.53049163954859 0.669810152115547 1.4031265197784 1.4492781922409 -99 1.62110142759357
-99 -99 -99 0.699726734489571 -99 -99 -99 2.38343113909748 -99 -99
-99 -99 -99 -99 -99 -99 -99 -99 2.35536815818949 3.01558386718722
-99 -99 -0.283536221258638 -99 -99 -99 -0.531336753466799 -99 -0.48193881802427 -99
3.49948562159037 -99 -99 -99 -99 2.01833207044721 -99 -99 2.13373671911434 -99
-99 -99 -99 -99 -1.91384444131608 -1.77196592334305 -99 -99 -1.92442699175966 -99
0.580707309860915 1.73224432320607 -99 -99 -99 -99 -99 -99 -1.7580911364933 -99
-99 -99 -99 -99 -0.159545531739831 -99 -99 -99 1.62395114490391 -99
-99 -99 -99 -1.70373655027753 -99 -99 -99 -99 -99 -99
-99 -99 -99 0.91287770950848 -99 -99 -99 -99 -0.0265907274314674 -99
-0.051610350970984 -99 -99 -99 -99 -99 -99 -99 -99 -99
-99 -99 -99 -0.190338084032369 -99 -99 -99 -99 -99 -1.35617224871345
-99 -99 0.204471422745348 -99 -99 -0.00194745866954116 -99 -99 -99 -99
-1.38500154862013 -99 -99 -99 -0.71621621555321 -99 0.0229572392692559 -99 -99 -1.67245419135228
-99 -99 -99 -99 -99 2.30051099413686 -99 -0.143451772485677 -99 -99
-99 -99 -99 -99 0.160490144954216 -99 1.42071603433992 -99 2.10142630801144 -99
-99 0.531749719562402 -99 -99 -0.717299237433779 -99 3.54125337850762 -99 0.860063181304173 -99
-99 -99 -99 -99 1.84294535764654 -99 -99 -99 -99 -99
2.90915090307599 -99 -99 -99 -99 3.68006554734878 -99 -99 2.41532300914091 -99
-99 -99 -99 -99 -99 -99 0.556548502915239 2.35689691787156 -99 -99
-99 -99 -99 -0.652950514689464 0.279585559912098 -99 -99 -99 -99 -99
-99 -99 0.612608007542943 -99 -99 -99 -99 -99 -99 1.94096748947756
1.64724808597008 -99 -99 -99 -99 -99 -0.602633592707231 -99 0.0921350530925712 -99
-99 -99 -99 -99 -99 -99 0.221896228466681 -99 -99 -99
-0.297306485072286 -99 1.43130401445971 -99 -0.218979669524167 -99 -99 -99 -99 -99
-99 -99 0.738356712122902 -99 2.24901935508244 -99 1.67575077878033 -99 -99 2.1056531320376
-99 -99 -99 -0.65171646230324 -99 -99 -99 -99 -99 2.63339633306802
-99 -99 -99 -99 -99 -99 -99 -99 -99 0.167266697506478
-99 -99 -99 1.38158814183348 -99 -99 -99 1.26986645004785 -99 -99
-99 -99 -99 -99 -99 1.47570147191008 -99 -99 -0.87228216516824 -99
-3.09178313058178 -99 -99 -99 -99 -99 -99 -99 -99 -99
-99 -99 -99 3.93711758395683 -99 -99 -99 -99 4.82104830514252 -99
-99 -99 4.58840859666669 -99 -99 -99 -99 -99 -99 -99
-99 -99 -99 -99 -99 -99 1.30998473098327 -99 -99 -99
-99 -99 -0.276523517920711 -0.118127770464155 0.163930929181645 -0.297510026797161 -99 -99 -99 -99
-99 -99 -99 0.968205664154802 -99 -99 -99 -99 -99 -99
-99 -99 -99 -99 -99 -99 -99 -99 -99 -99
2.09624171515295 1.38757993258157 1.68771525556739 1.03820371746732 0.042986734163583 1.44370514332881 -99 -99 -99 -99
-99 2.34208539418612 -99 -99 -99 2.18842283148314 1.52773333637528 2.33106254608191 -99 -99
2.08726556560323 -99 -99 -99 -99 -99 -99 -99 -99 1.1344382135512
-99 -99 1.61364728054634 -99 -99 1.67579483544708 1.36081542830928 -99 -99 -99
-99 -99 -99 -99 -99 -99 -99 -99 0.821386212495035 -99
-99 3.80629823686774 -99 -99 -99 -99 -99 -99 -99 3.3784922218948
-2.65564702407664 -99 -99 -99 -99 -0.484660011945229 -99 -99 -0.727736929361828 -99
-99 -99 -99 3.52293688849173 -99 -99 -99 -99 -99 -99
-2.03307127730585 -0.759672319792416 -99 -99 -99 0.0782642175978309 -99 -1.0652007172101 -99 -99
-99 -99 -99 -99 -1.46193966414059 -0.706930386082847 -99 -99 -99 -99
-99 1.71353501317809 -99 -99 -99 -99 -99 -99 -99 -99
2.39896160182467 2.45308832024274 0.547459641646897 -99 -99 -99 1.45863678678012 -99 -99 -99
-99 -99 3.98393737887919 2.34345246209496 -99 2.77911346424139 -99 -99 -99 -99
-0.131075759484333 -99 0.864233325806256 -99 -99 -99 -99 -99 -99 -99
-99 -99 -99 -0.540405200924208 -99 -99 -99 -99 -99 -99
-0.701904712106414 0.24728373654617 -99 -99 -99 -99 -99 -99 -99 0.0722238554022988
-99 -99 -99 -99 -99 -99 -99 -99 -99 -99
-99 -99 -99 0.281934771228537 -99 -0.348816064958695 -99 0.246656224450337 1.92470095104044 -99
0.815456127714108 -99 -99 -99 -99 -99 -99 -0.0906335363862198 -99 0.682595159316757
-99 -99 -99 -99 -99 -99 -99 -99 3.44524483027684 -99
-99 -99 -99 -99 3.190916803994 -99 -99 -99 -99 -99
-99 -99 -99 -99 -0.843847735539352 0.488612448976546 -99 -99 -1.02139847261682 -99
2.08458126585091 -99 -99 -99 -99 -99 0.100586108139704 -99 -99 -99
-99 -99 -99 -99 -99 -99 -0.231413580348034 -99 -99 -99
-99 -99 -0.705144971774402 -99 -99 -99 -99 -99 -99 -99
0.530522550066708 -99 -99 -99 -99 -99 0.474882463095122 -99 2.05746089764959 -99
-99 -99 3.397661747831 -0.178711151292807 0.940100580815249 -99 1.55618941051823 -99 -99 -99
-99 -99 -99 -99 -99 -99 -0.0483281051804876 -99 0.981174256982535 -99
-99 0.641829358046042 -99 1.5723645556123 1.72073372297287 0.994044112156204 3.35498808707836 -99 2.56923286078957 -99
-99 -99 1.00423272793398 0.849541471627875 -99 -99 -99 1.44228908057737 -99 -99
-99 -0.00716798780400851 -99 -99 -99 -0.159955181676336 -0.0641218001853012 -99 -1.10097606573331 -99
0.0444280072349601 -99 -1.85474743747646 -99 -99 -99 -99 -99 -99 -99
-99 -99 -99 -99 -99 -99 -99 -99 -1.12163842408395 0.413230608816405
-99 -99 0.129429171614559 -99 -99 -99 -99 -99 -99 0.00115251004246719
-99 -99 -99 -99 -99 -99 -99 -99 1.65848999179079 2.67817373613053
-0.867374696867022 -99 1.22639220729944 -99 -99 -99 2.07124888613409 -99 -99 -99
-99 2.78217645869487 -99 0.87230481784859 -99 -99 -99 1.44413525958135 -99 -99
-99 -99 -0.386766950591207 -99 -99 -99 -99 -99 -99 -1.16628094430844
-99 -99 -99 -99 -99 -99 -99 -99 0.693409224973484 -99
-99 -99 -99 -99 -99 -99 -99 -99 -99 -1.11417060134782
-99 -99 -99 -99 2.19111847761395 -99 -99 2.89886633116086 3.06094400209876 -99
-99 0.729813382625774 -99 -99 1.16273885408876 -99 1.42818829112089 0.314318236984417 -99 -99
-99 -1.08957403638317 -99 -99 -99 -99 -99 -99 -99 -99
-99 -99 -99 -1.21340575155243 -99 -99 0.836214107422802 0.414490230568701 0.283544488936684 -99
-99 -99 -99 -99 -99 -99 -99 -99 -99 -99
-99 -0.964479189897215 -99 -99 -99 -99 0.848168400513424 -99 2.24651506416373 -99
-99 -99 -99 0.104129369015864 -99 0.49589976652247 -99 -99 -99 -99
-99 -99 -99 -99 -99 -99 -99 -99 -99 0.221585477163178
-99 2.54681590308245 -99 -99 -99 2.50377203916274 -99 -99 -99 -99
0.814836419419087 -0.0573227031278833 -99 1.31514499306365 1.27182535405245 2.67636509131249 -99 -99 0.246536571529716 -99
-99 -99 3.49164499842914 -99 4.01833610058325 3.56103752048289 1.69802843954063 -99 3.67117878941182 1.47891239357301
-99 -99 -99 -99 -99 2.35725442225756 -99 -99 -99 -99
-99 -99 4.76383201587969 -99 -99 -99 -99 3.47744799782906 2.82797586047675 3.1740830914111
-99 2.87924764331449 -99 2.2083530740342 -99 -99 2.7812658559449 -99 -99 -99
-99 -99 -99 -99 -99 -99 -99 -99 -99 -99
-2.20963754999115 -99 -99 -99 -99 -1.88196183164889 -99 -99 -1.34469881347265 -99
-99 -99 -99 1.21917936766307 -99 -99 1.21195900411607 -99 1.64075407496701 -99
-99 -99 0.747756574592666 0.520528902187291 -99 -99 0.584467584362293 -99 -99 -99
-0.406742320033838 -99 -99 -99 -99 -0.0823390658354837 -0.52476058322186 -99 -99 -99
-99 1.08249600039958 -99 -99 -99 -99 0.746197971066002 -99 -0.383635809706034 -99
-99 1.87150648900238 0.852827882085893 -99 -99 2.23872185144579 -99 2.18539924800616 -99 0.0204405152714469
-99 -99 -99 -99 -99 -99 -99 -99 -99 -99
-99 0.524145241381512 -99 -99 1.91327200743941 0.707021424235316 -99 -99 -99 -99
0.228785365020699 1.21723354693236 -99 1.45441601280266 -99 -99 -99 -99 -99 -99
1.54307343739739 -99 -99 -99 -99 -99 -99 -99 -99 -1.65386965062963
-99 -99 -0.1664311444008 -99 -99 -99 1.06745888205947 -99 -99 0.0240713438228343
-99 -99 1.3834612423176 -99 -99 -99 -99 -99 0.739363038869845 -99
-99 1.27243977229702 2.23600788590566 -99 -0.351311523101575 -99 -99 -99 0.696624298882274 -99
-0.361690494059804 -99 -99 -99 0.611059498157808 -99 -99 -99 -99 -99
-99 -0.49963504355582 -1.1792433273075 -99 -99 -99 -2.42369538567715 -99 -99 -1.53624600047556
-99 -99 -99 0.0585996854269611 -99 -99 -99 -99 -99 -99
-99 -99 -99 -99 -1.11367732290002 -99 -99 -99 -1.53133336068978 -99
-99 -99 -99 -99 -99 -99 -99 -99 -0.0307255661365582 -99
-99 -99 -99 -99 -99 -99 -99 1.36410304121439 -99 -99
2.31372594610018 -99 -99 2.52638281641917 -99 -99 -99 -99 1.7470758359877 -99
-99 -99 -99 -99 -99 -99 1.21164830207648 -99 1.80925637382473 -99
-99 0.553929115319352 -99 -99 -99 -99 -99 -99 -99 -99
-0.230401947447056 -99 -99 -99 -99 -99 1.87016399155139 -99 -99 -99
-99 -99 -99 -99 -99 -99 -99 -99 2.68330087092021 -99
-99 -99 -99 -99 -99 -0.88632275681903 -99 -99 -99 -99
3.69481508110101 -99 -99 -99 -99 1.9493045369479 3.35232312217022 0.138060350942099 -99 1.70596826130954
-99 -99 -99 -99 -0.317330184433947 -99 0.356727086487572 -99 -99 -99
-99 -99 -99 -99 -99 -99 -99 -99 -99 0.630102185849244
0.705696098592731 1.05165976810925 -99 -99 2.26879303164233 -99 -99 -0.0127055722849279 -99 -99
-99 -99 -99 -99 -99 -99 -99 -99 -99 -99
-99 -99 -99 -99 -99 -99 -99 -99 -99 -99
-99 2.06697626572011 -99 -99 -0.508392880756513 -99 -99 -99 -99 -99
1.23804915107707 -99 -99 -99 2.5589493386413 -99 -99 -99 -99 -99
-99 -99 -99 2.96855390690314 -99 3.06636317185897 -99 -99 -99 -99
-99 -99 -99 1.69916372087002 4.42925701309875 -99 -99 -99 -99 -99
-99 -99 1.33987831459622 -99 -99 -99 -99 -99 -99 -99
1.58651681638301 -99 -99 -99 -99 -99 -99 -99 0.806512056002615 -99
1.76796618489154 -99 1.69139865083153 -99 -99 -99 -99 -99 -99 -99
1.34611554215685 1.75289236691016 0.761824595923335 2.67365240764261 1.75493813067787 -99 3.27380324989997 -99 2.4322647480047 -99
-99 -99 3.7357250731561 -99 -99 3.18667209845333 -99 1.35956717135628 -99 -99
4.07401533375602 -99 1.19787709174238 -99 -99 -99 -99 -99 2.27759668594374 -99
-99 -99 -99 -99 -99 -99 -99 -99 -99 -99
-99 -99 3.07017747574622 -99 -99 -99 -99 -99 1.21951327765918 -99
-99 -99 -99 -99 1.95900915976085 -99 -99 -99 2.58467702818009 -99
1.07484971096342 -99 0.148789538694412 -99 -99 -0.464659366132032 -99 -0.853582608626653 -99 -99
-99 -99 -99 -99 -0.207382591421495 -99 -0.926542522590512 -0.356808315975109 -99 -99
-99 0.211587788679995 -99 0.285943429227744 -99 -99 -99 1.33012900983976 -99 -99
-99 -99 -99 -99 0.542659737359418 -99 -99 -0.0314401574137559 -99 1.44804718222264
-99 -99 -99 -99 -99 -99 -99 -99 -99 -99
-99 -99 1.80442676735732 -99 -0.924706243788455 -99 -99 -99 -99 -99
0.988088371708416 1.78254370308408 -99 -99 -99 -99 -99 -99 -99 -99
-99 -99 -99 -99 -1.34025253520661 -0.340652671887318 -99 -99 -99 -99
5.10482207521562 -99 -99 -99 4.6258444092673 -99 -99 3.10890349343787 3.51684868889806 -99
-99 -99 -99 -99 -99 -99 -99 -99 -0.0970718901459071 -99
0.00988641200220308 -99 -99 -99 -99 -99 -99 0.592899924415964 1.10094634403467 -99
-99 1.62181975676053 -99 -0.868858807651663 -99 -99 -99 -99 -0.0866794955087005 -99
-99 -99 -99 -99 -99 -0.061314678725813 -99 -99 -99 -99
-99 -99 -99 -99 -99 -99 -99 -99 -99 1.20684787915519
1.87101504819662 -99 -99 -99 -99 -99 -99 -99 -99 -99
-99 -99 1.31763639420166 -99 -99 -99 -99 0.673893627423271 -99 -99
-99 -99 0.583978809331795 -0.209499056843961 -0.219546270672942 -99 -0.894850648247899 -0.817882804689181 -99 -99
-99 -99 -0.0222437357387062 0.0217271264485976 -99 1.63487722574437 -99 -99 -99 -99
2.77168902771882 2.44971598809039 1.74908138214167 -0.0106680152554859 -99 -99 0.518071445924958 -99 -99 -99
0.705438953371512 0.726094122393511 1.80735189516758 -99 2.07352859886969 -99 1.59959432397229 -99 -99 -99
-99 -99 2.05584211056002 -99 -99 -99 -99 -99 -99 -99
-99 -2.7887300437965 -0.118901127696876 -99 -1.68434306436287 0.223599015019133 -99 -99 -99 -99
-99 -99 -99 -99 -99 -99 -99 3.25171693879607 2.33626968938458 -99
-99 -99 -99 -99 -99 -99 -99 -99 -99 -99
-99 -99 -99 -99 -99 -99 -1.15794330992391 -99 -99 -99
-99 -99 2.20199777260229 -99 -99 -99 1.03504791814969 -99 -99 -99
0.904374210032529 -99 -99 2.1601581767814 -99 1.02091119976163 -99 -99 -99 -99
2.21882094669876 -99 -99 -99 -99 -99 -99 2.03093935011048 1.59927469804641 -99
1.73667602751463 -1.25287343296825 -99 -99 -99 -99 -99 -99 1.3392864904743 -1.02814273160471
0.1448587824688 -99 -99 2.1689778970779 -99 -99 -99 -99 -99 1.4032957298885
1.61205191711079 -99 -99 -99 -0.0286297945022771 -1.47742858410655 -99 1.1950486677456 -99 -99
-99 -99 -99 -99 3.03540074206584 -99 -99 -99 3.02942779025056 -99
-99 -99 -99 -99 -99 1.12547144075463 -99 0.584929106330411 -99 -0.566805385714131
-99 -99 -99 -99 -99 -99 1.1778804663988 3.71394828286984 -99 -0.720538936792929
-99 -99 1.07017945579788 -99 -99 -99 -99 -99 -99 0.0193768155445032
-99 -1.06012330889183 -99 -99 -99 -99 -99 -99 -1.5798795207302 -99
-99 -99 -99 -99 -99 -99 -99 -99 0.573737641249053 -99
-99 -99 -99 -99 -99 -99 -99 0.256881180389232 -99 -99
-99 -99 3.02693886055843 1.32007837565904 -99 1.1630192352896 -99 1.47364717998688 -99 -99
2.21816425696384 0.861070344083725 -99 -99 -99 -99 -99 -99 1.86409976125348 -99
-99 -99 -99 -99 -99 1.5149321367562 -99 0.848073572789495 -99 -99
-99 -99 -99 -99 1.0076157950551 -99 -99 -99 -99 -99
-99 -99 0.417550990283975 -99 -99 -99 -99 -99 -99 1.64195264516884
-99 -99 -99 -99 -99 -99 -99 -99 -99 -0.732264192482487
-99 -99 -99 0.795729013883684 -99 -99 1.52496096597708 -99 -99 -99
-99 -99 -99 -99 2.37803525342118 2.32223304951567 -0.848419619591949 -99 -99 2.55395080640306
-99 -99 -99 -99 -99 -99 0.0839259652911367 -99 -99 -99
-99 -99 2.42627985617141 -99 -99 -99 2.17433924024967 -99 -99 -99
-0.830911617490328 -99 -99 -99 -99 -99 -99 -99 -99 -99
-99 0.398480151727239 1.55299834691433 -99 -99 -99 0.824554931874834 -99 -99 -99
1.41443677222754 -99 -99 -99 -99 -99 -99 2.20651652745979 -99 2.50245248351876
-99 -99 -99 -0.177160867558853 0.761530094500249 -99 -99 -99 1.0243682135429 -99
-99 0.390869362808005 1.73847777801722 -99 -99 1.49772910796821 -99 -99 -99 2.08069115843699
1.21671838029153 -99 -99 -99 -99 -99 -99 3.19338628675864 -99 0.458534473779614
-99 -99 -99 -99 -99 0.967868188614432 0.416328053194867 -99 0.340083196755294 -99
-1.12742306274997 0.137453805400029 -99 -99 -0.197088134309411 -99 -99 -0.159130007430744 -99 -99
1.88053603388684 -99 1.38729915185353 2.33251740796744 1.42826376244219 -99 -99 2.17514577859483 -99 -99
2.13229898699134 -99 0.175581749401291 -99 -99 2.14066400398697 -99 -99 -99 2.10211974473953
-99 3.27702590160894 -99 -99 -99 2.25744293476168 -99 -99 -99 2.93008302371393
-99 -99 -99 -99 -99 -99 -0.129726800127602 -99 -99 -99
-99 -99 -99 -99 -99 -99 -99 -99 -99 -99
-99 -99 -0.418642465176464 -99 -99 -99 -99 -99 -99 0.223785320672035
-99 -99 -99 1.76239437139623 1.26993993411847 -99 -99 1.04282081877939 -99 -99
-99 -99 -99 -99 0.920272348299166 -99 -99 -99 0.0848288688041992 -99
-99 -99 -99 -99 -99 -99 -99 -99 -99 1.77777153248546
-0.758407551252094 -99 -99 -99 -99 -99 -99 -99 -99 -1.64943159759476
-99 -99 -99 2.65555260059095 2.35175166595935 0.190354267993164 -99 -0.130470894107643 -99 -99
-0.528679310331202 -99 -99 -99 -99 -99 -99 -99 -99 0.469521915282784
-99 -99 -99 -99 1.79390159209709 -99 -99 -99 -99 -99
-99 -99 -99 -99 -99 -99 -99 -99 -99 -99
-99 -99 0.340487657271158 -99 -99 -99 -0.6074092755107 -99 -99 -0.302573750083475
-99 -99 -99 -99 -99 -99 -99 -99 -99 -99
-99 -99 -99 4.00485556166405 -99 -99 -99 -99 -99 -99
-99 -99 -99 -99 0.0582641063451902 -99 -99 -99 -99 -0.995084078744713
-99 -99 -99 -99 -99 -99 2.3334825174689 1.00546406548026 -99 -99
-99 -99 1.42962712078791 -0.894502968176444 1.24683242498973 -99 0.382635625355049 -99 -0.695166373870084 0.456865869858188
-99 -99 -99 -99 -99 1.42462074526587 -99 0.691056792342788 1.99753698907947 -99
1.99835381889681 -99 -99 -99 -99 1.33430338430112 0.207457993343097 -99 -99 -99
-0.0323081297476191 -99 -99 -99 -99 -0.734430158833254 -99 2.29521478007985 -99 -99
-2.21170433449845 -99 -99 -99 -99 -99 1.57493385980049 -99 -99 -0.78357120002868
-99 -99 -99 -99 -99 -99 -99 -99 -99 2.76944337294787
-99 0.968967107223776 -99 -99 -99 -99 -99 -99 -99 -99
-99 -99 -99 0.545191965749476 1.7962236946624 4.67821914078983 -99 -99 -99 -99
-99 -99 -99 -99 -99 -0.0823972842541916 -99 2.69186730255544 -99 -99
-99 -99 -99 1.37800083983625 -99 -99 -99 0.9542128082808 0.904094773104388 -99
-99 -99 0.496725176197185 1.37902597717534 -0.213995976822154 3.41380661010386 -99 -99 1.53288327148434 -99
-0.913310561013736 -99 -99 -99 -99 -99 -99 -99 -99 -99
-99 -99 -99 4.72084236896622 -99 -99 -99 2.56464991255197 -99 -99
-99 -99 -99 1.04400645215303 -99 -99 0.914746461897344 -99 -99 1.09085145823635
-99 -99 2.26019036789726 0.470999446107875 0.444389973256239 -99 -99 -0.586480471500157 -99 -99
-99 -99 -99 -99 -99 -99 -99 -1.12808488894956 -99 -99
-99 -99 -99 -99 -99 -99 -99 -99 1.51908873130869 -99
-0.393718195586518 -0.0220204994824786 -99 -99 -1.23887629018506 -99 -99 -99 -1.41156382448265 -99
-99 -99 -99 -99 -99 -99 -99 -99 -99 -99
2.22319998374778 -99 -99 -99 -99 -99 -99 -99 3.99120898362021 -99
-99 -99 -99 -99 -99 -99 -99 -99 -99 -99
1.70542059957718 -99 -99 -99 -99 -99 2.09402847764057 -99 -99 -99
-99 0.584144472938752 0.543592448690452 -99 -99 -0.363276279112761 -99 -99 -99 1.49187787117328
-0.0171475110236938 -99 0.138571162134398 -99 -99 -99 -99 -99 -99 -99
1.8848986848229 -99 4.21053376957164 -99 -99 -99 -99 -99 -99 -99
-99 -99 -99 -1.01312339221581 -99 -0.446637749252642 -99 1.17660794596895 -99 -99
-0.0240158822491587 2.69824777659959 -99 -99 -99 -99 -99 -99 -99 2.25723581713214
-99 0.654698414614906 -1.17162049977084 -99 -99 -99 0.501836786595591 -99 -99 -99
3.07121510492206 -99 0.892126175731067 2.83069089465263 -99 4.46918052111772 -99 -99 1.73254674670095 0.868930415311483
-99 -99 0.586088967778735 -99 -99 -99 -99 -99 1.61698334831766 0.179383850575022
1.67787564921554 -99 0.761337933922525 -99 -99 -99 -1.48819410269819 -99 -99 -0.264793711277573
-99 -99 -99 -99 -99 -99 1.28031805586043 -99 1.96699779228438 -99
0.258928804244504 -99 -99 -0.715297857270054 -99 -99 -99 0.221351336430171 -99 -99
-99 -99 -99 -1.72466484611224 -99 -99 -99 -1.2285802423195 -99 -1.01905208651454
-1.39877145456802 -99 -99 -99 -99 -99 0.880600610978465 -99 -99 -99
2.91274863127898 -99 2.61934417255583 -99 -99 -99 -99 2.61579888043477 -99 -99
-99 -99 -99 -99 -99 -99 0.555709905108449 -99 -99 -99
-99 -0.428413678215723 -99 -99 -99 -99 -99 -99 -99 -99
-99 0.511673557050851 -99 -99 -99 -99 -99 -0.382788821506903 -99 -99
-99 2.98593450320003 -99 -99 -99 -99 -99 -99 -99 -99
-99 -99 0.555168353293147 -99 -99 -99 -99 1.07776105881216 -99 -99
-99 -99 -99 0.749567581186222 -99 -99 -99 2.08855114593292 -99 -99
-99 -99 -99 -99 2.28678308494631 -99 -99 -99 -99 -99
-99 -99 0.367799819744512 -99 -99 0.869969150510409 -99 0.316573852332199 -99 1.6448251658816
-99 -99 0.734750392686304 0.922363211786458 -99 -99 1.7386930401612 -99 -99 0.345966996706736
-99 -99 -0.271431495440035 -99 1.74751819483886 -99 -99 -99 -0.0674221256282299 0.458038838616625
1.20976439486759 -99 -99 1.58622585298038 -99 -99 -99 -99 -99 -99
-99 1.29888069630894 -99 -99 -99 -99 -99 -99 -99 -99
-99 -99 -99 3.80556784715435 2.67209848868675 -99 -99 0.815063494267116 -99 1.33071721114784
-99 -99 -99 0.604124464819144 1.91964238302678 -99 -99 1.84447621148133 -99 -99
-99 0.667399004075078 -99 -99 -99 -99 0.806192793829822 -99 -99 -99
-99 -99 -99 -99 1.47088782920795 -99 -99 -99 -99 -99
-99 -99 2.86077502465573 -99 -99 -99 3.0009161608027 -99 -99 3.40882458479431
1.44726581101569 -99 -99 -99 -99 -99 -99 -99 -99 -99
-99 -99 -99 -99 -99 -99 -99 -99 0.954181248886756 -99
-99 -99 -99 -99 -99 -99 -99 -99 -99 -99
-0.103794854883088 -99 -99 -99 -99 -99 -99 -99 -99 0.19041584745015
-3.31194566339459 -99 -99 -99 -99 -99 -99 -99 -0.136844920078076 -0.835446420229341
-0.198683795931568 -99 0.314955332748077 -99 -1.23205253191732 -99 -0.750556929393128 -99 -99 -99
-99 -99 -99 1.26372396077049 -99 -99 -99 -99 -99 2.45539824820341
-99 -99 -99 -99 -99 -2.46427994979489 -99 -99 -99 -99
-99 -99 2.08293509420859 -99 0.673144958955751 -99 -99 -99 -99 -99
-99 -99 -99 -99 -99 -99 -99 -99 -99 -99
-99 -1.1601435965657 -0.491571186765997 -99 -99 -99 -99 -99 -99 -99
-0.382941885368304 -99 -99 -99 -99 -99 -99 -99 -99 -99
0.890216361341634 -99 -99 1.65852981709108 -99 1.07827082625213 -1.44556911503402 -99 -99 -99
-99 -99 -99 -99 1.94154831451117 2.09898666810286 -99 -99 -99 0.524156270369022
-99 -99 -99 3.32067393137425 -99 -99 -99 -99 0.858256875888251 -99
-99 -99 -99 -99 2.53589568760353 0.354868848050071 1.95339228873307 -99 -99 -99
2.06089854222548 -99 -99 -99 -99 -99 -99 0.151981543183811 2.79537499513142 2.14808341062859
-99 -99 -99 -99 2.01164156197087 -99 -99 2.14419241786938 -99 -99
-99 -99 -99 -99 -99 -99 1.16840805179921 1.72926081226329 -99 -99
-99 -99 -99 -99 -99 -0.151494040613041 -99 -99 -1.16782286041843 -99
-99 1.61916804268549 -99 -99 1.5323582939952 -99 -99 -99 2.50103774385176 1.94812160816321
-99 -99 2.85523610434444 -99 -99 -99 0.905146691987735 -0.402917717375937 -99 -99
-99 -0.486411548075824 -99 -99 -99 -99 -99 -99 -99 -99
-99 -99 -0.874312177072977 -99 -99 -1.64949267594913 -99 0.00382240892295216 -0.903175397997577 -99
-99 -99 -99 -99 -99 -99 -99 -99 -99 -99
-99 1.72026727992357 1.87180200406552 3.08220809618404 -99 -99 -99 -99 -99 2.3861622171483
-99 -99 -0.728329207798042 1.86054000582686 -99 -99 -99 -99 -99 -99
-99 1.42283813092777 -99 1.70870585103989 -99 -99 1.72656444492896 -99 -99 -99
-99 -99 -99 -99 -99 -99 0.732918455655676 1.12902245567558 -99 1.24831075520789
-99 -99 -99 1.57501785329788 2.52204719025158 -99 -99 2.02038586376517 -99 -99
-99 -99 0.297561189443941 -99 -99 0.766414908547173 -99 0.292152864646371 -99 0.688582103720002
-99 -99 -99 1.46723250219502 -99 -0.29976791170847 -99 -99 -99 -99
-99 -99 1.8401101629037 -99 -99 -99 -99 -99 1.80814500817408 1.53719183658458
-99 1.42982399809464 2.39208881837321 1.96042685038801 -99 -99 -99 -99 -99 -99
1.28738854997275 -99 -99 -99 -99 -99 -99 -99 -99 -99
-99 -99 -99 3.67795647543576 -99 -99 -99 -99 -99 -99
-99 -99 -99 1.50874076110194 -99 -99 -99 -99 -99 -99
-99 -99 -99 -2.83937515534222 -99 -99 -99 -0.57623613947306 -99 -99
1.55522103583406 -99 -99 -99 -99 -0.23667675638492 -99 -99 -0.87277002795904 -99
-99 -99 -99 -99 -99 -0.547938380530032 2.9126472401849 -99 -99 -99
-0.139434476176504 1.77480287200163 -99 -99 1.08322467640587 -0.0395411291033243 -99 -99 1.67697008323044 1.675139098283
-99 2.26015558595854 -99 -99 -99 -99 -99 0.731575980573858 -99 -99
-99 -99 -99 -99 -99 -99 -99 -99 -99 -99
-99 0.314471506089519 -99 1.12486648328208 -99 -2.6066596031994 -99 -99 -1.87888875140449 1.78805278377694
-99 -99 -99 2.82834015021178 1.10924666830399 -99 0.427980826692679 -99 -99 -99
2.00809133713737 -99 -99 -99 1.32879902980113 -99 0.729837838994574 -99 -99 -99
1.19067466503934 -99 -99 -99 1.31884714963052 -99 3.30796634758775 -99 -99 1.18614803426656
-99 -1.50506462713819 -1.15290258832866 -99 -99 -99 -99 -99 -99 -99
-99 -99 -99 -99 -99 -99 -99 0.423739775856269 -99 -99
-99 -99 -99 -99 -0.873844509811177 -99 -99 -99 -99 0.158766363647404
-99 -99 -99 -99 -99 -99 -99 -99 -99 -99
-99 -0.308577164186915 1.58686842637846 -99 -99 -99 -99 -99 2.01720301887173 -99
-0.0680532795998816 1.04863904870269 -99 -99 0.500637696426672 -99 -99 -99 2.00191174401471 -99
-99 0.229461506883846 -99 -99 -99 -99 -99 -99 -99 -99
-99 -99 -99 -99 -99 -0.45545361217482 -99 -99 -99 -99
-99 -99 -0.733506645749118 -0.924648683676391 -0.464735098031897 0.0895695571655243 -99 -99 -99 -99
-99 -99 -99 0.347545675975333 -99 -99 -99 -99 -99 -99
-99 -99 -99 0.065882835894589 -99 -99 -99 -99 -99 -99
-99 -99 -99 -99 1.38217140312301 -99 -99 -99 -99 3.56201487961802
-99 -99 -99 -99 -0.0867833809654397 -99 -99 -99 -99 -99
-0.081516704281299 -0.361897746585093 -99 -99 -99 -99 -99 -99 0.147076587047668 -0.777860696306753
-99 2.1525825359546 -99 -0.693224674157146 -99 -99 -99 -99 -99 0.0473618506336058
0.597893714560891 -99 1.31802591863219 -99 -99 -99 -0.18894743551786 -99 -0.512104597652434 -99
-99 0.945819277112138 -99 -99 -99 -99 0.152830270039309 -99 2.92477218354669 -99
-99 -99 -99 -99 -99 0.963446820509205 -99 -99 -99 -99
-99 2.30961405242832 -99 -99 -99 -99 -99 -99 -99 0.51807480275893
0.572726186176917 -99 1.74920911769392 -99 -99 1.43043250012077 2.03566925773036 -99 -99 -99
-99 -99 -99 -99 -99 -99 -0.0421807276038213 -99 -99 -99
-99 -99 0.421136605098908 -99 -99 0.541396491886804 -99 -99 -99 0.58732823421149
-99 0.852108230730459 -0.50828851857446 -99 -99 -99 -99 -99 -99 -99
-99 -99 -99 -99 0.893506154067508 -99 -99 -99 -99 0.837779502368183
-99 1.81405895769281 3.09252298854276 1.73922287932853 -99 -99 3.05375369355958 -99 -99 -99
-99 1.75462862905526 -99 -99 -99 -99 -99 -99 1.13331075904346 -99
-99 -1.06531754736218 -99 -99 2.14371848162872 -99 -99 -99 -99 -99
-99 0.263359154186241 -99 -99 -99 -99 0.679380516089548 -99 -99 1.33046151484046
-99 -99 -99 0.484773921858626 -99 -99 -99 -99 0.795710032304578 -99
-99 -99 -99 -99 -99 -99 -99 -99 -99 -99
-99 1.92095964172192 -99 -99 -99 -99 -99 -99 1.51758914115206 -99
-99 -99 2.39152688534036 1.96134722751105 -99 1.61888039873343 -99 -99 -99 -99
1.46190863438892 -99 -99 0.660158992960167 -99 -99 -99 -99 0.126278247458433 -99
-99 -99 -99 -99 -99 -99 -0.370544478241058 -99 -99 -0.010555786285122
-99 -99 -99 -99 -99 -99 -99 -99 1.28088226575431 -99
-0.103003008876636 2.59087517590956 -99 -99 -99 2.42352176342689 -99 -99 -99 -99
2.14543479532894 -99 2.05988606339178 -99 -99 -99 -99 -99 -0.697237178592858 0.790969901830399
-99 -99 -99 -99 -99 -99 -99 1.99700590342008 1.45966065576056 -99
-99 -99 -99 -99 -0.813425598038628 -0.868039557451047 -99 -99 -99 -99
-99 -99 -99 0.567742806937754 -0.915463498529669 0.551153395701628 0.176459786705707 -99 1.30678575757749 -99
-99 0.997052269255032 -99 -99 -99 -99 -99 -99 -99 -99
1.97795914146724 -99 -99 -99 -99 -99 -99 0.970330536434639 -99 -99
-99 -99 -0.0467579443316164 -99 -99 -99 -99 -99 -99 -99
-99 1.1327727905883 -99 1.55113171479898 -99 -99 -99 -99 0.698061513105249 -99
-99 -99 -99 -99 -99 -99 -99 -99 -99 -99
0.648372171188807 -99 -99 -99 -99 -99 1.32226740367932 0.255424859417912 -99 -99
0.595686242100425 -99 -99 -99 -99 -99 -0.116345856565593 -99 -99 -0.248287955174168
0.637349934315979 0.970920393998371 -0.262519369070708 -99 -99 -99 -99 -99 -99 -99
1.83379698507452 -99 -99 1.79694655928267 -99 -99 -99 -99 2.06812245672786 -99
0.541557981345231 2.48754200352934 4.21791012297438 -99 0.673912158209016 -99 -99 -99 -99 -99
-99 -99 -99 -99 -99 -99 -99 -99 2.09635766843038 -99
0.461250799709708 -99 -99 -99 0.128485144942818 -99 -99 -99 1.49580541069325 -99
-99 -99 0.660923148230545 -99 -99 0.428823934407482 -99 -99 -99 -99
-99 -99 -0.991601663672345 -99 -99 -99 2.1889174472664 -99 -99 -0.72488084280042
-99 -99 1.55780121737363 -99 -99 -99 1.41652202114843 -99 0.860313082001059 -99
-99 -0.0568727021597328 -99 -99 -99 -99 0.817960477917508 -99 -99 -99
1.14586495646111 -99 -99 -99 1.59805344903939 -99 -99 -99 -99 -0.433456702932253
-99 -99 -99 -99 -99 -99 -99 3.45092705548529 1.27691744858441 -99
3.47228579927414 -99 -99 -99 2.07376364085717 -99 -99 -99 -99 3.10529933553635
-99 -99 -99 -99 -99 -99 -99 -99 -99 -99
-99 -99 -99 1.7305986824478 0.616290224411753 -99 2.79079222628433 -99 -99 1.80967004541562
-99 -99 -99 -99 0.545385635400671 0.471824686050426 -99 2.19550410162978 -99 -99
-99 -99 0.857508429267908 -99 -99 -99 -0.0476483529269889 2.60166843218647 -99 -99
-99 -99 -99 -99 -99 -99 -99 -99 -99 -99
-99 -99 1.21280000553541 -99 -99 -99 -99 -99 -99 -99
-99 -99 -99 -99 -99 -99 -99 -99 -99 -1.3260226862727
-99 -99 -99 -99 2.66081156367491 -99 -99 -99 -99 -99
2.38096942692202 -99 -99 0.803887875649376 -1.98012882381028 -99 2.0565111814993 -99 -99 -99
-0.479651114743937 -99 0.924609654672269 3.65089618643095 1.36762409612475 -99 -99 0.00152060589996128 -99 0.753690346872416
-99 -99 -99 -99 -99 -99 -99 -99 1.82231681459547 -99
-99 -99 -99 -99 -99 -99 -99 -99 -99 -99
-99 -1.3343185319017 -99 -99 -99 -99 -99 -99 -1.14361257404346 1.83166664488688
-99 -99 -99 -99 -99 -99 -99 -99 -99 -99
-99 2.5201433369171 -99 -99 -99 -99 -99 0.615931811963416 0.486652248826116 -99
-99 3.87325285985794 3.60457073763086 2.17317333677724 -99 -99 -99 -99 4.30461530573215 2.01215858755397
-0.245771938990416 -1.98581522454771 -99 0.330394043932688 -99 -99 -99 -99 -99 -99
-99 -99 2.65886113502767 -99 0.643666684827707 -99 -99 -99 -99 -99
0.76278470105575 0.440175407512459 -99 -0.113990776502576 1.4435804053372 -99 -99 1.63033883697539 -99 -99
-99 1.38497542088308 -99 0.0918901891090236 -99 -99 -99 -99 -99 -99
-99 -99 -99 -99 -99 -99 -99 3.01534913490069 -99 -99
-99 -99 -99 -99 1.37226102487753 -99 -99 -99 -99 -99
-0.769984767570667 -99 -99 -99 -0.219124567536878 -1.04248701398584 -99 -99 -99 -99
-99 -99 -99 -99 -99 -99 -99 1.51691440634966 -99 1.28276546724641
-99 0.55339102658086 -99 -99 -0.147428662066245 -99 -99 1.06601890545964 1.4925999050799 -99
-99 -99 2.01825480116285 -99 -99 -99 -99 -99 -99 3.9005063930142
-99 -99 -99 -99 -99 3.38779617957141 -99 2.40909243598609 -99 0.785305024280906
2.03317616441035 -99 -99 -99 3.2390322955587 -99 -99 -99 0.14446385840205 -99
-99 -99 -99 -99 -0.364392934443849 -99 -99 -99 -99 1.4928195967437
-99 -99 -99 -99 -99 -99 -99 -0.347252785396037 -99 -99
1.23007328263934 -99 -99 1.1444200524964 -1.10916358852095 -99 -99 1.72079877460337 -99 -99
3.24826534556051 -99 -99 -0.014560479051299 -99 -99 -0.100273217859998 -99 -99 -99
-99 -99 -99 0.757346681561943 -99 -99 -99 5.29949378368616 2.50150593954294 -99
-99 -99 -99 -99 -99 3.10578541581535 -99 0.676908936722352 -99 0.225503571298941
0.921222903702894 -99 -99 0.194092913674741 1.75160767848489 -0.117099292670135 -99 1.50178384244447 0.18387211814296 -99
-99 0.951176028278417 -99 -99 -99 1.00803459161652 -0.318696024547917 -99 -0.176844434302485 -99
-99 -99 -99 -99 -99 1.39041667339544 -99 -99 0.40626357662419 -99
1.34427952849422 -99 -99 -99 -99 -99 -99 -99 -99 1.0553263783216
-99 -99 2.50688189163248 -99 -99 -99 -99 -99 0.423278170694006 -99
-99 -99 -99 -99 -99 -99 -99 -0.0518546510828612 -99 -99
2.0109715211916 -99 -99 -99 -99 1.13662671187175 -99 -99 0.748432237951984 -99
-99 0.418136690269868 -0.255577463954799 -99 -99 -0.380009408471816 1.03490945099522 -99 -99 -99
-99 -99 -99 -99 -99 -99 -99 -99 2.26829922923102 -99
-99 -99 -99 0.534719606715359 -99 -99 -99 -99 -99 -99
-99 0.418086335056184 -99 -99 -0.384178881705098 -99 -0.695749618014155 -99 -1.60398804617722 -99
-99 -99 -99 -99 -99 -99 -99 -99 -0.925404889340704 -99
-99 -99 -99 -99 -99 -99 2.28619078166113 1.47399049705576 -99 -99
-99 -99 -99 -99 -99 -99 1.06053421601987 -99 -99 -99
-99 -0.657958336798352 -2.04520900007772 -99 -99 -99 -2.58111020385222 -99 -99 -1.37207613915533
-99 -99 2.0338860414411 -99 -99 2.12233253348239 -99 -99 1.86982193421429 -0.0129669383711537
-99 -99 -99 2.63934335909747 0.234470177017321 -99 -99 -99 1.80546329693877 -99
0.0777224101643763 -99 -99 -99 -99 -99 -1.87791333167677 -99 -99 0.1264372339754
-99 -99 -99 -99 -99 0.271528010348931 -99 -99 -99 -99
-99 5.05516978771243 2.72349398976792 -99 2.88017308237037 -99 -99 2.16376838635382 -99 -99
-1.39682125194245 -99 -99 -99 -99 -99 -99 -99 -99 -99
1.20521866025572 -99 -99 -99 -99 -99 0.333235419192345 -99 -99 -99
-99 -99 -99 -99 -99 -99 -99 -99 -99 3.02348155734528
-99 -99 -99 0.590932788212431 2.61508827733135 -99 -99 1.79418164480601 0.261883499402069 -99
-2.00418184849067 -1.08495038565087 -99 -99 -1.91321443555987 -99 -99 -99 -0.950173861867373 -99
-0.405755211562768 -99 -99 -99 -99 -99 -99 -0.792395042124468 -99 0.839457157669309
1.8540737079664 -99 -99 -99 -99 0.703856814161959 -99 1.16895734660251 -99 2.70248467934301
-99 -99 -99 -99 -99 -99 -99 0.187062349855643 -99 -99
-99 1.2703983575639 -99 -1.17265463152437 -99 0.532483599180371 -99 -99 0.365306585098031 -99
-99 -99 2.32079326683226 1.85028307333257 -99 -99 -99 -99 -99 1.14854300692725
-99 -99 -99 2.29672155264892 1.25433563687445 -99 -99 -99 3.06287898272569 3.44121965887381
-99 -0.640747074944602 -99 -0.849691719733186 -1.37078778155724 -99 -2.57146996421779 -2.72507322160389 -99 -99
-99 -99 -99 -99 0.747958854275108 -99 -99 -99 -99 0.246621893143023
2.2393516059769 -99 -99 4.42079432313618 -99 -99 -99 -99 2.47484452746412 -99
-99 -99 -99 -99 -99 3.61672055953574 -99 -99 -99 -99
-99 3.29916961354976 -99 -99 4.31249276113914 2.14975637280422 -99 -99 -99 -99
-99 0.271565711037382 -99 -99 -99 -99 -99 -99 -99 -99
-99 -99 -99 0.622970913436769 1.37130582863749 -99 -0.992949614541333 -0.204275843019059 -99 -99
-99 -99 -99 -99 -99 -99 -0.533365024130755 -99 -99 -99
-99 0.277467678049072 -99 -99 -99 -99 -1.13691380826636 0.375468986966664 -99 1.45636428832981
-99 -99 -99 -1.08996417224745 -99 -1.82751418129908 -99 -99 -99 -99
-99 -99 -99 -99 2.4894399997075 -99 -99 -99 -99 -99
-99 -99 -99 0.408553170608688 1.5194220628825 -1.40208436298651 -99 -99 -1.16245721055348 -99
-99 -99 -99 -99 -99 -99 -99 -99 0.42629588193427 -0.536693227478531
-99 -99 -99 -1.02408023610213 -99 -99 -99 0.703824146814432 -99 1.18770234683613
1.12333084643266 -0.0699047433988538 0.150664946868191 -99 1.22050993225021 -99 -99 -99 -99 1.05429423446459
-99 -99 -99 1.94982150239095 -99 -0.162931421525047 1.50533516012267 -99 -99 -99
-99 -99 -99 -99 -99 -99 -99 -99 -99 -99
-99 -99 -99 1.43324617133133 1.1062044489628 -99 -99 -0.291293420889449 -0.212187296739496 -99
-99 -99 -99 1.35950894688488 -99 -99 -99 -99 -99 -99
-99 -99 -99 -99 -99 -99 -99 2.5222639593103 -99 3.37497705856442
0.792203593952918 -99 -99 -99 -99 -0.498580202149896 -99 -99 0.0249011523209896 -99
2.8517069774365 -99 -99 -99 2.70719772542145 -99 -99 1.83355729049084 -99 -99
-99 -99 -99 -99 -0.66214645452937 1.89226206840763 -99 -99 -99 -99
4.43548306373147 -99 -99 -99 -99 3.650686144411 5.08139491584495 2.67167468796285 -99 -99
-99 -99 -99 0.130401146862785 0.292888088875216 -99 0.979919659622175 2.05781053801837 -99 -99
-99 -99 -1.9138188815857 -99 -99 -2.17729438650921 -99 -99 -0.829493632251294 -0.533488444487884
-99 -99 1.27888384824156 -99 -99 -99 -99 -99 -99 1.52227994275538
-99 -99 -99 -99 -99 -99 -99 -99 -99 -99
-99 -99 -99 -99 -99 -99 -99 -99 -99 -99
-99 -99 -99 -1.44772980747992 -99 -99 -99 -99 -99 -99
-99 -99 -99 -99 -99 -99 -99 -99 -99 -99
-99 1.48279160019187 -99 -99 -99 -99 -99 1.00344935142218 1.63889943462973 1.19555273978036
-99 -99 -2.32538681007785 -99 -99 -99 -99 -99 -99 -99
-99 -99 -99 2.20655958727251 -0.352379832489437 -99 -99 -99 -99 -99
2.14923388332833 -99 -99 -99 0.801538759314981 -99 0.75598189635503 -99 -99 -99
-99 -99 -99 -99 -99 -99 -99 1.68882937195013 -99 -99
-99 -99 2.05089998779609 -0.27862030264785 -99 -1.2749163153611 -99 0.588833285276784 0.517011505504213 -99
-99 -99 -99 -99 -99 -99 -99 -99 2.50307746524322 -99
-99 0.69253368705691 0.37082565902603 0.211195840641337 -99 -99 -99 0.319875883321381 -0.976452883475841 0.845955752070957
-99 -99 -99 -99 -99 -99 -99 -99 -99 -99
-99 -99 -99 -99 -99 -99 -99 -99 -99 -0.544102579881054
-99 -99 -99 -99 -99 -99 -99 -99 -99 -99
-99 -99 -99 1.80735603189187 -99 -99 -99 -99 -99 -99
0.359372166090141 -99 -99 -99 -99 -99 -99 1.74550526272793 -99 -99
2.66518690718649 -99 4.23424826106426 -99 -99 -99 3.05357540784992 2.66251877594634 -99 3.21830108428709
-99 -99 0.971665000067709 -99 -99 -99 -99 -99 -99 -99
-99 -99 -99 -99 -99 -99 -99 -99 -99 -99
-99 -99 -99 -99 -99 -99 0.0859736293536283 -0.0631462819957862 -99 -99
3.21651539942467 -99 -99 2.58487515116019 -99 0.245882493953784 0.810666199284959 -99 -99 -99
2.76796381272585 1.46048416213454 -99 2.98765907281371 -99 -99 -99 -99 -99 2.43620382420973
0.989912850557914 -99 -99 -99 -99 0.381783473953417 -99 -99 0.44200378424557 -99
-99 -99 -99 -99 1.14203152520698 -99 -99 -99 -99 -99
0.245734109912422 -99 1.0680818843851 -99 -99 -99 -99 -99 -99 -99
-99 -99 2.04690695335537 -99 2.74870110932575 -99 -99 3.55574719554381 -99 -99
-99 2.72350343340906 -99 3.06564977767416 -99 0.885849849845472 -99 2.44961613131978 -99 -99
-2.39019486983775 -99 -99 -99 -99 -99 -1.34466948266277 -0.88136032634863 -1.06338991809109 -0.972077075263256
-99 -99 -99 -99 -99 1.20466483956391 -99 3.69902503395502 1.5353896200618 -99
-99 -99 -99 -99 -99 -99 -99 -0.151870619142752 0.478509382580128 -99
-99 1.37651729162425 -99 1.71362323450267 -99 -99 2.38048139789017 0.613830269495842 -99 -99
1.16447579735021 1.74146467609761 2.2967730316049 -0.268768588329928 -99 1.29872666822459 -99 -99 -99 -99
-99 -99 -0.668465287653815 -0.194242566681972 -0.708574766158649 -99 -99 -99 0.482097329928074 0.8860273387824
-99 -99 -99 -99 -99 -99 -99 -99 -99 -99
-99 -99 -99 -99 -99 -99 -99 -99 -2.34005666046172 -99
-99 -0.34299893056952 -99 -99 -99 -99 -0.576672188287217 -99 -99 -99
-99 1.89239019812303 -99 -99 -99 -99 -99 -99 -99 -99
-99 -99 1.09671917834455 -99 -99 -99 -99 -99 -99 -99
-99 -99 3.38335225684866 -99 -99 -99 -99 -99 2.02770842858723 -99
-99 -99 -99 1.96647931842656 -99 -99 -99 -99 -99 -99
-1.00622922661094 -99 -99 0.0785114031644305 -1.50167713472363 -99 -99 -99 -99 0.337662970915249
-99 -0.232824815346179 -0.839515549215879 -0.439222526515628 -99 1.24681681059343 -0.111374627098884 -0.418692322084426 1.25117680778713 -99
-99 1.91251744342683 -99 -99 -99 -99 -99 -99 -99 -99
-99 -99 -99 -99 -99 -99 -99 1.348130901482 -99 1.71679635537149
-99 -99 -99 -99 -99 -99 -99 -99 -99 -99
1.18893537887951 -99 2.66273747741041 -99 -99 -99 -99 -99 1.13647918380539 -99
-99 -99 -99 -99 -99 -99 -99 -99 -99 -99
-99 -99 -99 -0.45794493268584 -99 -99 -99 1.40592664888827 0.625959589978377 -99
-99 -99 -99 -99 -99 -99 -99 -99 1.95442043411678 -99
-99 -99 1.04892143198099 0.058141082052672 -99 -99 -0.657224763792915 -99 -99 -99
-99 -99 -99 1.11922768408453 -99 -0.787403843817252 -99 -99 -99 -99
1.61090973357296 -99 -99 -99 -99 4.18477616680996 -99 -99 -99 -99
-99 -99 -99 -1.21659380820681 -99 -99 -99 -99 -0.941986894570671 -99
-99 -99 -0.392340725642423 -0.372794138499627 -99 -99 -99 -99 -99 -99
-99 1.39842567917383 0.1501111794209 -99 -99 0.339860274859219 -99 -99 -99 -99
3.19811664910087 -99 -99 -99 -99 -99 -99 2.21269013264368 -1.33431085424441 -99
-99 -99 -99 4.03864198910178 -99 3.54683279486777 -99 -99 -99 -99
-99 -99 -99 -99 -99 -99 -99 -99 -99 1.04541383629005
-0.113251367302204 0.40042766951828 -0.178727304973219 -99 1.25328815282383 -99 0.656528978421099 -99 -99 0.210407991497286
-99 -99 -99 -99 -99 -99 -99 -99 1.85458692076688 0.854967789462586
-99 -99 -99 -99 -99 -99 -99 -99 1.87678693431186 1.02788027709734
-99 -99 -99 0.412531350228721 -99 -99 -99 0.278272893486607 -99 -99
-99 -99 -99 -0.581130945535878 -99 0.666529822749923 -0.307313187329713 -99 -99 -99
-99 0.457142645187542 -99 1.54754682591602 -99 -99 -99 -99 -99 -99
-99 0.132943317205038 0.194586281594352 -99 -99 0.582255067813303 -99 0.290432015185765 -99 -99
1.03050234797819 -99 -99 0.78254924773212 -99 -99 -0.14942863645775 -99 -99 -99
-99 1.66934389462932 -0.665413857502159 3.52075338825204 0.708116087495903 -99 -99 -99 -99 -99
-99 -99 -99 -99 -99 -99 -99 -99 -99 3.15615662052892
-99 -99 -99 -99 -99 1.88360293912903 -99 -99 -99 1.91220909568849
-99 -99 -99 -99 -99 -99 -99 1.04148324264151 1.69031093360437 -99
-99 -99 0.0141506007725727 -99 -99 -99 -99 -99 0.84077998960468 -99
-99 2.87137480477261 -99 -1.19111211045463 -99 -99 -99 -99 -99 -99
-1.44562439594043 -99 -99 -99 -99 -99 2.84008414864292 -99 -99 1.86979170784944
-0.0700469822384988 -99 -99 -99 -0.718157666477651 -99 -99 -99 -99 -99
-99 -99 -99 -99 -99 -99 -99 -99 -99 -99
-99 -99 2.28372978657441 -99 2.75818476696175 0.813422539671924 -99 -99 -99 -99
-99 -99 -99 -99 -99 -99 -2.24065665424209 -1.50598292439767 -99 -2.07075272780966
1.39075825811004 2.69848757794321 -99 1.88133963530422 -99 -99 -99 0.943434040862446 -99 -99
-99 -99 1.98201363426825 2.03087419689238 -99 3.3173425579987 -99 -99 1.39263788786115 -99
3.1193185721872 2.58507851838039 -99 1.69146173270957 3.07570040433292 -99 3.37335337587644 -99 -99 -99
-99 -99 -99 -99 -99 -99 0.796531878331697 -99 0.815040183856528 -99
0.43234477806512 -99 1.70468421952635 -99 -99 -99 -99 -99 3.40822039658248 -99
0.908904635035113 -99 -99 3.66734330360701 -99 -99 4.3188881052621 -99 -99 -99
-99 0.66450894852643 -99 -0.734145562618486 -2.8129091360611 -0.338372534991181 -99 -99 -99 -99
-99 -99 -99 -99 -99 1.2584914966457 -99 2.41743422837262 -99 -99
-99 -99 2.51777373329623 -99 -99 -99 -99 1.80286848695582 3.74431552044662 2.10661766132908
-99 -99 -99 -99 -99 -99 -99 -0.0230893861186778 -99 -0.110618489453159
-99 -99 -99 -99 -99 -99 -99 -99 -99 -1.66827537741884
-99 0.503610483651104 -99 -99 -99 -99 -99 0.267871716318135 -99 1.80967033282011
-99 -99 -99 0.727567542041695 -99 -99 -99 -99 0.830738759534733 -99
-99 -99 -99 -99 1.5081819930641 -99 -99 -99 -0.201743332877354 -99
-1.55963665672838 -99 -99 -99 -99 -2.5689679106406 -99 -99 -99 -99
1.09815402365436 -99 -99 -99 -99 -99 -99 -99 -99 -99
-99 -99 -99 -99 -99 -99 -99 1.74463639634008 -99 -99
-99 0.110181541868874 -99 -99 -99 -99 -99 -99 -99 -99
-99 -99 -0.846940391877976 -99 -99 -99 -99 -99 -1.30042152463096 -99
-99 1.30075786374699 -99 1.6094883249064 -99 1.16697552730683 -99 -99 -99 -99
-99 -99 -99 -0.113759609593012 0.949945099461703 -99 -99 -0.884959306167629 -99 -99
-99 -99 -99 -99 -99 1.27516326904119 3.1827210536712 0.255825050604614 1.60880462338431 -99
-99 1.19626313060543 1.75409595405191 2.39222433205876 -99 -99 -99 1.36221363272939 -99 -99
-99 -99 -99 -99 -99 -1.65733515482409 -99 -99 -1.52972218132173 0.647330565323934
-99 -99 -99 2.14595612572052 -99 -99 -99 -99 1.73095649399665 -0.0909513727222819
-99 -99 3.81911310141398 -99 -99 -99 -99 -99 2.09456864307822 -99
-99 -99 -0.537253110349784 0.217486100093873 0.816216010074748 -99 -99 -99 -99 -0.763573600056775
-99 2.86286298271865 -99 -99 -99 2.54076243140896 3.14512709049267 2.16951168966963 -99 1.64533255361126
2.49142398081976 -99 -99 -99 -99 0.981727609449159 -99 -99 3.26857352487365 -99
-99 -99 -99 1.70115935844712 -99 -99 -99 -99 -99 -0.544712058645908
-99 -99 -99 -99 -99 0.72106917377361 -99 -99 -99 -99
-99 -99 -99 -99 0.296702496803936 -99 -99 0.791947904198627 -99 -99
1.94896723110799 -99 1.76888192068808 -99 -99 -99 -99 2.54893851148044 -99 -99
-99 -99 1.23962857172287 -99 -99 -99 1.2911856806253 0.0967908770428395 -99 -99
-99 -99 -99 -99 -99 -99 -99 -99 -99 -99
-99 -99 3.17091272992955 -99 -99 -99 -99 -99 -99 -99
2.28055904044106 2.15170261116971 -99 -99 1.55032628802549 -99 2.021744079968 -99 -99 -99
1.29425465285925 -99 -99 -0.307633481455652 1.96929831370043 -99 -99 -99 -99 2.37516487454351
-99 -99 -99 -99 -99 -0.17553465301959 -99 -99 -99 -99
-99 -99 0.460133350862126 1.04852327861033 -99 2.12541903924655 -99 -99 -99 -99
1.84045954998839 -99 -99 -99 -99 -99 2.0711617542376 -99 -99 -99
-99 2.5900992803624 -99 -99 1.10170828576592 1.66803054862735 -99 -99 -99 -99
-99 -99 -99 -99 -0.794648787374302 -99 -99 0.536177648513547 -1.82224104415063 -1.56066391488512
-99 -99 0.0959530531107402 -99 -99 -99 1.51115244086361 -99 1.06503074971823 1.73546619866309
-99 -99 -99 -99 -99 -99 -0.239326070266452 -99 -99 -99
0.599925676015837 -99 3.23749608779326 -0.342204103241723 2.75916558213715 2.56132775601164 -99 -99 -99 -99
2.12546112620931 -99 -99 -99 1.62759953007446 -99 -99 -99 -99 2.80926352461443
0.0543580637658606 -99 -99 -99 -99 -99 1.66421254908052 -99 -99 1.45354753682857
-99 -99 -99 -99 2.95077090554608 -99 -99 2.03755924997359 -99 -99
-99 -99 -99 -99 -99 -99 -99 -99 -0.154469407226806 -99
-99 -0.956101589999669 0.246977358697146 -0.468567697754568 -99 -0.797287253101366 -99 2.24678535089636 -0.380988197602613 -99
-99 -99 -99 -99 -99 1.42879728397157 -99 -99 -99 -99
-99 -99 2.03805766462124 -99 -99 -99 -99 -99 0.994946026884193 -99
-99 -99 -99 -99 1.86806780649681 -99 0.473251459430054 -99 -99 1.78210097370577
2.94388472705784 -99 -99 -99 4.9217087662264 -99 3.43841354115214 -99 -99 4.40792839717487
-99 -99 -0.099689772772197 -99 1.32507331503462 0.964405648678737 -99 -99 -99 -99
1.37052854335033 -99 0.852613674809494 -99 1.93365467030701 -99 -99 0.319083887019272 -99 -99
-99 -99 -99 -99 4.77062890111857 -99 2.03226479920788 -99 -99 -99
-99 0.334660665090962 -99 -99 -99 -0.109227334236913 -99 -99 -99 -99
-99 -99 -99 -99 -99 -0.858184415292172 -99 -99 1.31978483224556 -99
-99 -99 -99 -99 -1.02303239777046 -99 0.799272963696766 -99 -99 -99
-99 0.343270257196453 -99 -99 -99 -1.40529680614105 -99 -99 -99 -99
0.0519941664925332 -99 -99 -99 -99 -99 -99 -99 -99 -99
-99 -99 -99 -99 -2.01955815757885 -1.81188527717033 -3.36901925630126 -99 -99 -99
-99 -99 -99 -99 -99 -99 -99 0.420576577158104 -99 0.658155911176629
-99 -99 -99 -99 -99 -99 -99 2.51224895632809 -99 -99
-99 -99 -99 -99 -99 -99 -99 -99 -99 -99
2.5315539354046 -99 -99 -99 -99 -99 -99 -99 -99 -99
-99 -99 -99 -99 -99 -99 -99 -99 0.728856517638299 -99
-99 -99 0.368444094868843 -99 -99 -99 -99 -99 -99 -99
-99 1.41359819541127 -99 -99 -99 -99 -99 -99 -99 -99
-99 -99 -99 -99 -0.872423991863302 -99 -99 -99 -99 -99
-99 -99 0.698232457416282 -99 -99 -99 -99 -99 -99 -99
-99 -99 -99 -99 -99 -99 -99 3.29173685103557 0.209944997697307 1.31607467450556
-99 -99 -99 -99 1.77807301673447 -99 -99 2.93956626201175 -99 -99
-99 -99 -99 -99 -99 0.982764279688498 -99 -99 -0.792450261992036 1.59797129231281
-99 -99 -99 -99 -99 0.687338935909064 -99 -99 -99 -99
0.112316120800263 -99 -99 -99 -99 -1.5366865705705 -99 -99 -99 -99
-99 0.0874188911449119 3.68802342466061 -99 -99 -99 -99 1.24422295906943 -99 -99
-99 -99 2.25037269159878 -99 -99 -99 -99 -99 -99 -99
-99 -99 -99 -99 -99 -99 -99 0.538124249796897 -0.256921503977166 1.09120410662135
-2.29994702676177 -0.344501471308454 -99 -99 0.848921912286285 -1.47880666960318 -99 -99 2.0487098193101 -99
-99 -99 0.0948793183498581 -99 -99 -99 -0.539276084787325 -0.951431320643388 -99 -99
-99 -1.9274263007296 -1.10204403377279 -99 -99 -99 -99 0.402029249156577 -2.04455384128757 -99
-99 -0.892721625321278 -99 -99 -99 -99 -99 -99 -99 0.973752814278072
-99 -99 -99 -99 -0.945481230771603 -99 -99 -99 -99 -99
-99 -99 -99 -99 -99 -99 -99 -99 -99 -99
0.0721278390546576 -99 -99 -99 -99 -99 -99 -99 -99 -99
2.4314168700251 -99 -99 -99 -99 -0.334264016487886 -99 -99 -99 -99
-99 -99 -99 -99 -99 -99 0.708610184676994 1.07602673063946 -99 -99
-99 -99 -99 1.06725591647684 -99 0.30117170843718 -0.246826872588363 -99 -99 -99
-99 -99 -99 -99 2.86166574179381 -0.808372180813189 -99 -0.234090044113334 1.48936915930806 -99
-99 -99 -99 -99 -99 1.22363907910504 1.08441443916944 -99 2.35098376429117 -99
-99 -99 -99 -99 -99 -99 -99 -3.11846134947612 -99 0.381112281037558
-99 -99 -99 -99 -99 -99 -99 2.34090322123222 -99 -99
-99 -99 1.96749028204513 -99 1.67882769304255 0.635282407427755 -99 2.35948620551514 1.10816179988032 -99
-99 -99 -99 -99 -99 -99 -99 -99 -99 2.65649956782338
-99 -99 -0.51412866637365 -99 -0.771728000189652 -0.914888664607578 -99 -99 -0.0983256660609608 -99
1.88193544410526 -99 2.2690786950618 0.915527347375089 -99 0.106154571430838 -99 0.774872537624578 -99 -99
-1.77497659518144 -0.323845457618767 -99 -99 -99 -99 -99 -99 -99 0.783197280667222
-99 -99 -99 -99 -99 -99 -99 -99 -99 1.76938910555497
-99 -1.05157593631414 -99 -99 -99 1.8792380980208 -99 -99 -99 -99
-99 -0.6481985255613 -99 1.14049279545616 -99 -99 -99 -99 -99 -99
-99 -99 -99 -0.520833650483951 -99 -99 -99 1.93088922493211 1.87598797951079 -99
-99 -99 -99 -1.12727112104709 -99 -1.14629189799276 -99 -99 0.58997564125349 -99
-1.07640879163797 -99 -99 -0.379873972836761 -99 -99 -99 -99 -99 -99
-99 -99 2.91875373999862 -99 0.503721317890801 -99 -99 -99 -99 -99
2.19274813662735 -99 -99 -99 -99 0.18904336957049 -99 0.706619131054617 -99 -99
-99 0.0575797268194286 -99 -99 -99 -99 -0.587784764587744 -99 -99 -99
-99 -99 -99 1.3925361127398 -99 -99 -99 -99 1.04528217950071 -99
-99 0.124228903596852 -1.14038404319184 0.583733157203878 -0.866155440904812 -99 -99 -2.45291232037903 -99 -99
0.369780916938206 -99 1.29488945046855 -99 -99 1.32831261232786 -99 -99 -99 -99
-99 -99 -99 -99 1.69004751199456 -99 2.97174761081372 -99 -99 2.11800383038861
-99 -99 -99 0.872532929520912 -99 -99 3.22376711702122 -99 -99 -99
-99 -99 2.29861371013061 2.58291376166869 -99 -99 1.68082358100933 -99 -99 -99
-99 0.419110730102419 -99 -0.526047906535081 -99 -99 -99 -0.537425089397828 -0.621795323238559 -99
-99 -99 -99 -99 2.86362988035302 2.21933257266496 -99 0.748831458724377 -99 -99
-99 -99 -99 -99 -0.536048331661876 -99 1.09030198938696 -99 -99 0.183449353722126
-99 -99 -99 -99 -99 -99 -99 -99 -99 -99
-0.179204895185095 -99 0.118488651856571 -99 0.470506515697964 -99 2.23153157626381 -99 -1.49449941545035 -99
-99 -0.175412366567321 -99 2.60178132632988 -99 -99 -99 -0.508766845515258 -99 -99
-99 -99 -99 -99 2.45163541954141 -99 -99 -99 -99 1.30572194483686
-99 -99 1.3989307739843 -99 -99 -99 0.579998502804363 -99 -99 -99
1.81866434196442 -99 -99 2.54488741770528 -99 -99 -99 -99 -99 -99
3.6853226388511 -99 2.16053263277974 -99 -99 -99 -99 -99 -99 -99
-99 -99 -99 -0.805552192395063 -99 -99 2.48400941275405 -99 3.11056477905105 -99
-99 -99 -99 -0.0637627682561135 -99 -0.0586516981747078 -99 -99 -99 -99
-99 -99 -99 -99 -99 -99 -99 -99 -99 -99
-99 -99 -99 -99 5.91511086394822 -99 -99 5.30077725102952 -99 -99
0.107754722591578 -99 -99 -99 -99 -99 -99 -99 -99 1.94175108438185
1.91237474502663 -99 -0.238517552633483 1.97112355725947 -99 -99 -99 -99 -99 -99
-99 0.50779433183551 0.334074872464728 -99 -99 -99 -99 0.974700876537413 -0.0309359909711993 -99
2.3823243341622 -99 -99 -99 2.44099530740749 -99 0.584762532716482 -99 1.06967553634817 1.27029090412618
-99 -99 -0.567001736970416 -2.07475798270344 -99 -99 -99 0.38377809392439 -99 -99
-99 -99 -99 -99 0.520149390621051 -99 -99 -99 -99 -99
-99 -99 -1.10498709730058 -99 -99 -99 -99 -99 -99 -0.972667391923883
-99 -99 -99 2.35667610923539 -99 -2.01338713227214 -99 -99 -99 -0.217357569605143
-99 -99 -99 -99 -99 -99 -99 -0.0609376746479444 -99 1.11337692865149
-0.112460939221079 -99 0.63134896171972 -99 -99 -99 -99 -99 -99 1.51044338736303
-99 0.196714562665986 -99 -99 -99 -0.934785960378621 -99 -0.438949924841431 -99 -99
0.533809839240871 -0.10473836601627 -99 0.02471772957647 -99 1.1352361568941 -99 -0.668004971572832 -99 0.480180885684021
-99 -99 -99 -99 -99 -99 -99 -99 -99 -99
1.25343692940792 -99 -99 -99 -99 -99 -99 -99 -99 2.92171517765776
-1.45906581739502 -1.2488409408576 -99 -99 -99 -99 -99 -99 -99 -99
-99 -99 1.67176543643484 -99 -99 -99 1.18908576100784 -0.59588678005645 -99 -99
2.05598443445534 -99 -99 2.92038469380892 -99 -99 -99 -99 -99 -99
-99 -99 1.04357857452626 -0.437218521017656 -99 -0.425428495128356 -99 -99 -0.327348453766975 -99
-99 -99 -99 -99 -99 2.61352020894204 -99 -99 -99 -99
-99 -99 -99 1.20445152636594 -99 -99 1.31442838916786 -99 3.25161130070843 0.790100017573775
-99 1.12130215872414 -99 -99 -99 -99 2.29356743548043 -99 -99 -99
1.64021977977284 2.52452389014029 -99 -99 0.752673324943588 -99 -99 -99 -99 -99
-99 -99 -99 -99 -99 -99 -99 -99 2.07326221468163 3.82408004629186
0.858688363568197 -99 -99 1.40872090566084 -0.122298386733701 1.17496631783485 -99 -99 -99 -0.000979026396375815
-99 -99 -99 -99 -99 3.44687541755465 2.36408250375818 -99 -99 -99
0.461658298052724 -99 -99 -99 -99 -99 -99 -99 -99 -99
0.388745281254124 -99 -99 -99 0.212982502856596 -99 -99 1.59731315472326 -99 -99
-99 3.04978058800769 -99 -99 2.93459340183021 -99 -99 -99 -99 3.12724431185267
-99 -99 -99 -99 2.78876566177225 2.12392520176832 -99 -99 -99 -99
-99 -0.415339045336542 -99 -99 -99 -99 0.939703266249319 -99 0.17277536355516 -99
-99 -99 -99 1.05534838363943 2.24949733250675 -99 2.84760628586612 -99 -99 -99
-99 1.76738669748049 -99 1.91862079908098 -99 -99 -99 -99 -99 -99
-99 2.7207199510012 -99 -99 -99 2.44403502771166 0.564375743380621 -99 -99 -99
-1.12265160086249 -99 -99 -99 -99 -99 -1.06221156147116 2.06911021812651 -99 -99
-99 0.755408376154671 -99 -99 -99 -99 -99 -99 -99 -99
0.0401732811542366 -99 -0.221209456427693 2.72059573941126 -99 -99 0.611722061062799 -99 -99 -99
-99 4.01653780115356 -99 3.14830255172874 1.13191582698853 -99 -99 -99 -0.506149927517134 -99
-99 -99 1.93762741108329 -99 -99 -99 -99 2.14365094571556 -99 -99
-99 1.11855667445937 -0.0836242192716139 -99 -99 1.34035408504086 -99 0.369337026263994 -99 -99
-99 3.54396137413178 -99 -99 -99 -99 0.634872246507174 -99 -99 -99
-99 -99 -99 -99 -99 0.281982368243226 -99 -99 -99 -99
-2.08903510161545 -99 -99 -99 -99 -99 -99 -99 -99 -0.0959885355250101
-99 -99 -99 -99 -99 -99 2.90525290584669 -99 -99 -99
-99 -99 -99 -1.02732105393922 -99 -99 -0.511107400613878 -99 -0.0876982058494706 -99
-99 -99 -99 -99 -99 -99 -0.0194294930947823 -99 -99 -99
-99 -99 3.15804274389436 -99 -99 -99 -99 -99 -99 -99
2.14189401608608 -0.270207842299616 -99 -99 -99 2.02396341733302 -99 1.53996241307067 -0.139970173015854 -99
-99 2.4348516002006 1.02971013898838 -0.232844127534027 2.56597974170502 -99 -99 -99 -99 -99
-99 -99 -99 -99 1.09824297759706 -99 0.444521082434502 -99 -99 -99
-99 -99 -99 -99 -99 -99 -99 0.282889137876892 -99 -99
1.65066208908289 -99 -99 3.39252884880016 -99 -99 -99 -99 -99 0.999200140468766
-99 -99 -99 -0.922160258069927 -99 -99 0.0676414007932399 -99 -99 -99
-99 -99 -99 -99 -99 -99 2.16660849890419 1.37939650298074 -99 -99
-99 1.64474617727747 -0.348932683180072 -0.785514925691308 -99 -99 -99 -99 -99 -99
-99 -99 2.82354766859237 -99 1.26626667259681 1.48844389003919 -99 -99 -99 0.840590956010639
-99 -99 -99 0.216386604601648 -99 -99 -99 -99 -0.249325339569655 -99
-99 2.26617788948011 2.32905823866495 1.30775918580213 -99 -99 -99 -99 -99 -99
-99 -99 -99 -99 -99 -99 1.34746010916995 -99 -99 -99
-99 -99 -99 -99 -99 1.22994027851468 -99 -99 -99 -99
-99 -99 -99 -99 -99 -99 -99 -99 -99 -99
-99 1.88837916217875 -99 -99 1.8454957562355 2.30728058682734 -99 2.45985713939492 2.08404416148422 -99
0.387459801206389 -99 -99 -99 -99 -99 -99 0.661030482898859 1.76991806036789 0.785679847370806
