-0.296008262218385 -99 0.081340531118086 -99 -99 -0.541065451609711 -99 -99 -99 -99
-99 -99 -99 -99 1.9273284370475 2.74836803525963 -99 -99 -99 -99
-99 -99 -99 -99 -99 -99 -99 -0.321047683324598 -99 -99
-99 0.509007563753904 -99 -99 0.98880006040688 -99 -99 -99 -99 -99
-99 -99 1.2840821478495 -99 -99 2.81225922505928 -99 -99 -99 -99
-99 -99 -99 -99 -99 -99 -99 -99 -99 0.0125490187471294
-99 -99 3.45473271567719 -99 -99 -99 -99 1.48329906479613 -99 -99
-99 -99 -99 -0.913348394048443 -0.580432166883745 -99 0.437224625842945 -99 -99 -99
-99 -99 -99 -99 -99 -99 -99 -99 -99 -99
-99 -99 1.30980925601539 1.56941467667138 -99 -99 -99 -99 -99 -99
-99 -99 -99 -99 2.1496668575104 0.536820356136915 2.20556211123909 -99 -99 -99
2.41256057750646 -99 -99 0.220022641417916 -99 -99 -99 -99 -99 -99
-0.759465029300745 -99 -99 1.67807020621076 -99 -99 -99 -99 -99 -99
-99 3.01309893539884 1.38344399799235 -99 -99 -99 -99 -99 -99 -99
-99 -99 -99 -99 -2.50167762717945 -99 -99 -2.56313813109903 -99 -99
1.53727303375129 -99 -99 -99 -99 -99 -99 -99 -99 -99
3.31368376056891 -99 -99 -99 -99 -99 -99 -0.535498256760109 -99 -99
0.189773468844103 0.0270747968835718 2.11662887522799 -99 -99 -99 -99 -99 -99 -99
0.36135219447358 -99 -99 -99 -99 -99 -99 -99 -0.27687924991733 -99
-99 -99 -99 -99 -99 1.84598720785098 0.245256945997892 -99 -99 1.12394343850046
-99 -99 -99 -99 2.45714290415398 -99 0.554796222119469 1.96820575663088 -99 -99
-99 -99 -99 -99 -0.436514645626973 -99 -99 -1.2252707559394 -99 1.65055229588579
-99 -99 -99 -1.98452581922794 -99 -99 -99 -0.166547810751731 -0.561171966152991 -99
-99 -99 1.55747906217516 -99 0.00498564245213406 -99 -99 -99 2.08456231895058 1.26807580585875
-99 -99 -99 -99 -99 -99 0.303206367957527 -99 -99 -99
-99 2.79974350776245 2.15419250135254 -99 2.1212950795066 1.64069104870923 2.61803782690463 -99 -99 -99
-99 3.64286712145431 2.02609968565058 -99 3.02408013178322 -99 -99 -99 -99 2.24426918834622
-99 0.47017397808538 -99 -99 -99 -99 -99 -99 -99 -99
1.00596183294976 1.49592791971933 0.716252385207539 -99 -99 2.54474841436049 -99 -99 -99 -99
-99 -99 -99 -99 -99 1.5476841881927 -99 -99 -99 -99
-99 -99 2.70778865634739 1.0601364172696 -99 -99 -99 -0.460799962176669 -0.240770123140732 -99
-99 -0.326247638294836 -99 -99 -99 -99 -99 -99 0.338980085246335 -99
-99 -99 -99 -99 -99 -99 -99 -99 -99 -99
-99 -99 -0.537533658371136 -0.271319048618541 -99 -99 -99 -0.353236522688608 -1.29206996723235 -99
-99 1.45075086820166 1.63958552949616 0.838769477652606 0.386765799421823 -99 2.45743211467578 -99 -99 -99
-99 -99 -99 -99 -99 -99 -99 -99 -99 -99
-99 -99 0.114146769202706 -99 -99 -99 0.837847862898597 -99 -0.401526881264989 -99
-99 -99 -99 3.70473881288487 -99 -99 -99 0.786020705940876 -1.2371944336276 -99
-99 -99 -99 -99 2.55715546501235 -99 -99 -99 1.75446378031255 -99
-99 -99 -99 -99 -99 -99 -1.16128757397777 -0.937106273197738 -0.642281585253076 -1.325392258404
-99 0.61917404883058 0.356223134365652 -99 -99 -99 -99 -99 -99 -99
2.74859214921644 0.143865705550592 -99 -99 -99 -99 -99 -99 2.94088281722116 -99
-99 -0.880387183251005 -99 -99 -99 -99 -99 -99 -99 -99
-99 -99 -99 -0.759477792961643 -0.344034434035765 -99 -99 -99 -99 1.19063655407922
-99 -99 -99 -99 0.563465559112019 -99 0.410183619014059 -99 0.385528861465047 -99
-99 -99 1.41404639999673 -99 0.354542121196097 -99 -99 1.14727053837992 -99 -99
1.23048117151369 -99 2.69142577278987 -99 1.63802653467932 0.525072878444448 0.598990269647701 1.31730756495642 -99 -99
-99 -99 -99 -99 1.59900237121695 -99 -99 -99 -99 -99
-99 0.37865418438706 -99 -99 0.696580943019285 -99 -99 -0.152079310673765 -99 -99
-99 1.62483058159153 -99 -99 1.96940749549885 2.02925602135231 -99 -99 1.45024240994557 -99
0.867774803750119 0.646304845671989 0.185722774624554 -1.1133584859256 -0.811161358450557 -99 -99 -99 -0.0145016965610665 -99
0.892313654396446 -99 -99 -99 -99 -99 -99 -99 1.07801737372746 -99
-99 0.401171619912128 1.7352398593349 -99 -99 -99 -99 -99 -99 -99
-99 -99 -99 -99 -99 -99 -99 -0.867280312517025 -99 -99
2.39587244948346 -99 -99 -99 -99 -99 0.991955304143238 -99 -99 -99
-99 0.951073044914024 -99 -99 -99 -99 -99 -99 -99 -0.0564372055566231
0.86408336988459 -99 -99 -99 -99 -99 -99 -99 -99 -99
-99 -99 1.70935372588098 -99 -99 -99 -99 -99 2.56464479920504 -99
0.731747720883748 -99 -99 -99 1.50123688497625 -99 -99 0.623496726887149 -99 -99
-99 -99 -99 -0.116965221086204 -99 -99 -99 -99 1.75263559989159 -99
-99 -99 2.63780905047424 -99 -99 -99 -99 -99 -99 1.16491890788664
-99 -99 -99 -99 -99 -99 -99 2.24476409478541 -99 -99
-99 -99 -1.33080058287587 -1.27392640614925 -99 -99 -2.05458191007929 0.0450212928862861 -2.91700624715653 -99
-99 -99 -99 -99 -0.448303072012577 -99 -0.0364760602606664 -99 -99 -99
2.36250210315951 -99 -99 -99 1.63457777400582 -99 0.867015842533855 -99 -99 -99
-99 -99 -99 -99 -99 -99 0.290886428190481 -99 1.32974741071714 -99
-99 -99 -99 -0.756256215075229 -99 -99 3.17105412697742 -99 -99 1.9463976545609
-99 -99 -99 0.304016535363689 0.126970758652477 -99 -99 -99 -99 -99
-99 -99 -99 -99 -99 -99 -99 -99 2.75986400180984 -99
-99 -99 -99 1.06903574259928 -99 -99 -99 -99 -99 -99
1.27586341595997 -99 -99 3.43313694061639 -99 -99 -99 -99 -99 -99
0.55290609398945 -99 -99 -99 -1.40904944130309 0.686466791187941 -99 -1.58340364835315 -99 -99
-99 -99 -99 -99 0.410545603222988 -99 -99 -99 2.39077110568624 -99
-99 -99 -99 -99 -99 -99 -99 -0.0785876274583499 -99 -99
-99 -99 -99 -99 -99 -99 -99 -99 -99 -99
-99 -99 -99 -99 2.78208853451298 -99 -99 -99 1.6680375549743 0.97814916229189
0.585188535092229 0.712002146072087 -0.154671211854934 -99 -99 -99 -99 -99 -99 0.982394984559211
-99 -99 -99 -99 -99 -99 -99 -99 -99 -99
-99 -99 -1.9528925800097 -0.839769985892088 -0.67073726929348 -99 -99 -99 -99 -99
-0.373993888389413 -99 -99 -99 -99 -99 -99 -99 -99 -99
1.44914679972898 -99 0.46511821158629 1.70027829012802 -99 4.55431187027232 -99 1.82158710004578 0.738230408650297 -99
-99 -99 -99 -99 -99 0.311806752653078 -99 -99 -99 -99
-99 0.737429222319361 -99 2.78823049490604 0.017014236401918 -99 -99 -99 -99 1.04618078527906
-99 -99 -99 -99 -2.59884428660684 0.405681760358528 -99 -99 -99 -99
-99 -1.38273552991145 -99 -99 -99 -99 -99 -2.40053052256201 -99 -99
-99 -99 0.864361690726871 -99 -99 0.755499364520078 -99 -99 -0.879562761955163 -99
-99 -99 -99 -99 -99 -99 -99 -99 -99 -1.17192057794672
2.23443113296672 -99 -99 -99 -99 1.07049484679353 -0.72599017644121 -99 -99 -99
-99 -99 -99 -99 1.04960596304998 1.61407677969481 -99 -99 -99 -99
-99 1.17413012887794 -99 -99 -99 -99 -99 -99 -99 -99
-99 -99 -99 -99 -99 -99 -99 -0.0825074941200952 -99 -99
-99 -99 -99 -99 -99 -99 -99 -99 -99 -99
-99 -99 -99 2.8856938621597 -99 -99 -99 2.41190947042516 -99 2.41835744798519
1.49437072979202 -99 -99 -99 0.0889582071622084 -99 -99 -99 -0.171194501016201 -99
-99 1.11320676074839 -99 -99 -99 -99 -99 -99 -99 -99
-99 -99 1.50711412523559 -99 1.22143438577317 -99 0.223814451048465 -99 0.583574056951999 -99
-99 -99 -99 -99 -99 -99 -99 -99 -99 -99
-99 -99 -99 -99 -99 -99 -99 0.303423764404595 -99 -99
-99 -0.687247129209229 -99 -99 -0.297376037197744 -99 -99 0.0964471502740901 -99 -99
-99 -99 -99 -99 -99 -99 -99 -99 -99 -99
-99 -99 1.99319620566533 0.874814325625786 -99 1.6050780692631 -99 -99 2.80086702225426 -99
1.00462123987377 -99 1.90727864204981 -99 -99 -99 -99 -99 -1.61724197541414 -0.289692025650409
-99 2.0397549311737 -99 -99 -99 -99 -99 -99 -99 -99
-99 -99 -0.709425963877023 -99 -0.880064557743435 -99 -0.214040383181404 -99 -99 -99
-99 4.97189201880979 2.18001711046087 -99 -99 1.97265521605598 -99 -99 1.86355925876128 -99
-99 2.56071881650861 -99 0.228248701877313 -99 -99 -99 -99 -99 -99
-99 0.24577709164585 0.13328663766727 0.393170415416537 -99 1.18405460725832 -99 -0.306937905376042 -99 -99
-99 -99 -99 -99 1.52279000350284 -99 -99 -99 -99 -99
2.28639058318703 -99 -99 -99 -99 -99 1.6056617791415 -99 -99 -99
-99 0.860684405955166 -99 -99 -99 -99 -99 -99 -99 0.241129654632859
-99 -99 -99 3.75103581286714 -99 -99 -99 -99 2.43462138285043 -99
-99 -99 -99 3.29486340210274 -99 -99 -99 -99 2.46652846384638 -99
-99 0.784334657407165 -99 -99 2.59732795714525 -99 -99 -99 2.2954303401715 -99
1.28537824227283 -99 -99 -99 -99 -99 4.52044228537589 -99 -99 -99
-99 -99 -99 -99 -99 -99 -99 -99 -99 -99
1.73856449449623 -99 -99 -99 -99 -99 -99 -99 -99 -99
-99 -99 1.75015037646132 -99 -0.880729078164255 -99 -99 -99 -99 -99
0.825030443598192 -99 -99 -99 -99 -99 -99 -0.742803374787085 -1.20973686051567 -99
-99 -99 -99 -99 -99 -0.999892285743512 -99 -99 -1.85290122371236 -99
-99 -99 -99 -99 -99 -99 -99 -99 -99 -99
-99 -99 -99 -99 -99 -99 -99 -99 0.0992695468462769 -99
2.51586877543129 -99 -99 1.17809594113885 0.837221120675315 1.24640610125717 -99 -99 -99 -99
-99 -99 -99 -99 -99 -99 -99 -99 -99 -1.29056934858908
-99 -99 -99 -99 -99 0.187362188087013 0.612775730283035 -99 -99 -99
-99 -99 -99 1.11854522163269 -99 -99 0.272379359737334 -99 -99 1.49732219916999
0.624068724848268 -99 -0.821717802652735 -99 2.62704916731974 -0.430788506393809 -99 -99 -99 -99
-0.662844089018487 -99 -99 -99 -99 -99 -99 -99 -99 -99
0.305550515867008 -99 -99 -99 0.575775462398496 -0.615407359623725 -99 -99 -1.72073497203628 -99
-99 -99 -99 -99 -0.0343049872775101 -99 -99 -99 -99 0.884893314930115
-99 -99 -99 -99 -99 -99 2.13753579883419 -99 1.21944418793778 -99
-99 -99 -99 -1.83907175635748 -99 -99 -99 -0.462474082216824 -99 -99
-0.0664146665532548 1.07645712222525 -99 -99 -99 -99 -99 -99 -99 -99
-99 0.00602841310452207 -99 -99 -99 -99 -2.95356356813369 -99 -99 -99
-99 -99 -99 -99 -99 -99 -99 -99 1.09724487952908 0.430924675834858
0.818228509879416 -99 -99 -99 -99 -0.00979056296278524 -99 0.0844179664381313 -99 -99
-1.38116736083022 -99 -99 1.26873067605885 0.0263752272881008 0.388147291263818 -99 -99 -1.31722958212708 0.430013135875988
-99 -99 -99 -99 -99 -99 -99 -99 -99 -99
-3.27317674396503 -0.993649324896111 -2.11588706900787 -2.24027634966655 -0.951647394116482 -99 -2.27300523265481 -99 -2.11181997607156 -1.69068020062956
-99 -99 -99 -0.980013988613333 2.48418145438349 -99 -99 0.624384893953079 -99 2.61220776504093
1.60974152530775 -99 -99 -99 -99 -99 -99 -99 -99 0.840749444069883
-99 -99 0.667453973837058 -99 -99 -99 -99 -99 -99 -99
-99 2.340549513489 0.713984181338281 -99 -99 3.35993941048615 -99 0.706647087045463 -99 1.63784501706974
-99 -99 -99 0.555682146232634 -99 -99 0.0297278296313082 -99 -99 -99
-99 -0.140666936911002 -99 -99 -99 -99 0.296671929101045 -99 -99 -99
-0.230583583589562 -99 1.84584908692639 -99 2.07790641917165 0.871172380882022 -1.17368643195297 0.234054504336405 2.14394886633957 -99
-0.0656248868666922 -99 -99 -99 -99 -99 -99 -99 -99 -99
-99 2.0697396571731 -99 -99 -99 2.20066110348806 3.19206424901285 -99 2.70050979847473 -99
-0.0985863017028401 -99 2.4611161369444 -99 -99 -99 -99 -99 -99 -99
-99 -0.0475777849570642 -99 -99 0.623331867264139 1.65601591139802 -99 -99 -99 -99
-99 -99 -99 1.49875267066239 -99 -99 -99 -99 -99 -99
-99 1.81717122776119 -99 -0.623058341544506 -99 -99 -99 -99 -99 -1.01182743096935
-99 2.90976217759451 -99 3.14769065465902 -99 -99 3.72827778130545 2.38713332254626 -99 -99
0.549993049966943 -99 -99 1.1919002123044 -99 -99 0.864380953626002 -99 -99 1.22708221507311
-99 -99 -99 -99 -99 -99 -99 -99 -99 -99
2.62090626455008 -99 -99 -99 -99 -99 2.92356812109181 -99 -99 2.66449864042035
-99 -99 -0.135172581971362 -99 -99 -99 -99 1.07061422989101 -99 -99
-99 -0.560198875870422 -99 -99 -99 -99 -99 -99 -99 -0.0497065092913123
-99 -99 1.60624944312843 -99 -99 1.25101399759301 -99 -99 -99 -99
-99 -99 2.25398746732182 2.78103856409112 -99 -99 1.93747767095126 2.75610737348935 -99 1.75341602872918
-0.0537326299759457 -99 -0.686198938514754 2.20766940982973 -99 -99 -99 -99 -99 -99
-99 -99 1.10358396595022 -99 -1.38187067941601 -99 -99 -99 -99 -99
-99 -99 -99 1.39470778263873 -99 -99 -99 -99 -99 -99
-99 -99 2.22054301917643 1.79300763000597 -99 -99 -99 -0.222977223218169 -99 -99
-99 -99 -99 0.479374275735728 -99 -99 1.37053759255517 -99 -99 -99
1.81259016563537 -99 -99 -99 -99 -99 -99 0.89926241982361 1.37012463372328 -99
-99 2.22304131883019 -99 2.26137782071641 -99 -99 -99 -99 0.646171760732191 -99
-99 -99 2.3032402561215 -99 -99 -99 0.444157119073861 -99 2.38319368907281 -99
1.45302731715204 -99 -99 2.53745021735509 -99 -99 -99 0.667656468852197 -99 3.39492997944797
-99 -0.207270029875412 1.76766615555707 -99 -99 2.26505950533025 -99 -99 -99 0.364446157179121
-99 -99 -99 -99 -99 -1.80502447359505 -99 -99 -99 -1.13868015738307
-99 -99 -99 -99 -99 2.41848186167332 1.04767329884502 -99 -99 -99
-99 -99 2.53610781719735 -99 -99 -99 -99 -99 3.43849271805226 -99
-99 -99 -99 -99 -99 -99 -99 1.0280447076831 0.737119034128442 -99
-99 -99 -99 -99 1.20023202870214 -99 -99 -99 -99 -99
-99 -99 -99 -99 -99 -99 -99 4.51733942670526 -99 4.99984763833076
-99 -99 -99 0.74589750364842 -99 -99 -99 -99 -99 -99
-99 -99 -99 1.98148246469119 -99 -99 -99 1.67166138446698 -99 -99
-0.214716184116712 -99 0.398509518538618 -99 -99 -99 -99 -99 -99 -99
0.616057045715257 2.38245547359864 -99 -99 -99 -99 -99 0.0207177895695523 -99 -99
-99 -99 1.71997940589446 -99 -99 -99 -99 -99 2.34328484312413 -99
-99 -99 1.04327934424845 0.27956534346287 -99 -0.304992165247655 -99 1.17388795859627 -0.180936286923592 -99
2.64410944368394 -99 -99 -99 -99 -99 -99 0.508183076348393 -99 1.32506754664838
-99 1.43778738771135 -99 0.512723295078965 -1.48481012613103 -99 -99 -99 -99 1.04629726828407
-1.38779766240612 0.562311931015139 -99 -99 -99 -99 2.55256287628184 -99 -99 0.524009188843975
-99 -99 -99 -99 -99 -99 -99 0.679045903483529 -99 -99
-99 -99 1.08267721938829 -1.01246893295265 -99 -99 -99 -99 -99 -99
-0.82566762014445 -99 -99 -99 -99 -99 -99 -99 -99 -99
-99 1.01592022574089 1.29582818456138 -99 -99 -99 0.835862658679679 -99 1.95109129988745 -99
-99 -99 1.36779318212673 -99 -99 -99 -99 -99 -99 -1.43300989313579
-99 -99 -99 -99 -99 1.71740262615856 -99 1.31852041062855 3.00837573338706 -99
-99 -99 2.53908023908234 -99 -0.107894603924119 -99 3.42689894398683 -99 -99 -0.380771161138767
3.51647109732718 -99 -99 -0.0801864851676561 -99 -99 -99 3.65096317455527 -99 -99
-99 -99 -99 -99 -99 -99 0.743278511662821 -99 -99 -99
1.54206784458035 -99 -99 -99 -99 -99 -99 -99 3.45671128248838 -99
-99 -99 -99 -99 -99 -99 -99 4.44509224826768 -99 1.03465452344661
-99 -99 -99 -99 -99 -99 -99 -99 -99 0.497504484917204
-99 -99 -99 -99 -99 -99 -99 -99 -99 -99
1.44745135336049 1.38704841164791 -99 -99 -99 -99 -99 -99 -99 -99
-99 -99 -99 -99 -99 -99 1.46580586239788 -99 1.93528186839749 -99
-99 -99 -99 0.860742995968822 -99 -99 -1.45916620031315 -99 -99 -99
1.35390298763546 -99 -99 -99 -99 -99 0.20934995923089 -99 -99 0.231667577264699
-99 -99 2.81076803029475 -99 -99 -99 -99 -99 -99 -99
-99 -99 -99 -99 0.298924357167311 -99 -99 -0.187249084045036 -99 -99
-99 -99 -99 -99 -0.591907972925186 -99 -99 -99 -99 -99
-99 -99 -99 3.08472666772613 4.47418211822266 -99 1.75578544969878 -0.0245736984768619 -99 -99
-99 -99 -99 -99 -99 -99 -99 -99 -99 2.5016072787148
-99 -99 -99 -99 -99 -99 -99 -99 2.45631560030839 -99
0.4795785471195 -99 -99 -99 1.01410470784456 -99 -99 -99 -99 -99
-0.322974934281241 -99 1.35624965448047 -0.450365984926269 1.44839195467552 -99 -0.117860767859556 1.03296296408537 -99 -99
-99 -1.55701256339033 -99 -99 -99 -1.75354004486913 -99 -1.82348507849095 -99 -99
-99 -99 -99 -99 -99 -99 -99 -99 -99 2.45820201947944
-1.62452782838757 -99 -1.5127521119208 -99 -99 -99 -99 -99 -99 0.90025779237677
-99 -99 -99 -99 1.11565073277101 -99 -99 -99 -99 -99
-99 -0.400682845914265 -99 -99 -99 -99 -99 -1.79931236136794 -99 -99
-99 -99 0.621648470913241 -99 0.760458905795948 0.145237939563431 1.48160621882769 -0.319700015174417 -1.35890869427672 -99
-0.696675702411405 -1.0811534320143 -99 -99 -99 -0.520162353244061 -99 -99 -99 -99
-99 -99 -99 -99 -99 -99 -99 -99 -0.124486635249566 -99
-99 -99 -99 -99 -99 1.65191849770623 1.82298402112102 1.46947836791735 -99 -99
-99 -99 -99 -99 -99 -99 -99 -99 -99 -99
-99 -99 -99 -99 -99 -99 -99 -99 5.18601398737398 -99
-99 -99 -99 -99 -99 -99 -99 1.17775449903042 -99 -99
-99 -99 -99 0.43752982172831 -99 -99 -99 -99 0.402143756912077 0.827329290099994
-99 -99 -99 -99 -99 -99 -99 -99 -99 -99
-99 -99 -99 -0.0736859490140214 -99 0.344688163288739 0.919905400666855 -99 -99 -99
-99 0.486354315376014 -99 -99 -99 -99 -99 -99 -0.450717496000201 -99
-99 0.623654853251226 -99 -99 -99 -99 -0.108401099481164 -99 -99 0.511321566606503
-99 -99 -99 -1.20400150575532 -0.794703677977501 -99 -0.28650156160083 -99 -99 -99
-99 -99 -99 -99 -99 -99 -99 -99 -99 -99
-99 2.30047750604516 -99 -99 -99 -99 2.61325634168755 -99 -99 -99
1.83820483704871 -99 -99 -99 -1.10663578730701 -99 -99 -99 -99 -99
-99 -99 -99 -99 -99 -99 -99 0.444029701248503 -99 -99
-99 -99 -99 -99 -99 -0.0935914972517813 -99 -99 -99 -0.501222518127345
-99 2.8997122730872 -99 -99 -99 1.8689987155697 1.59767490411761 -99 0.879232980684496 0.73678473716408
-99 -99 1.77409995688347 2.37844437119626 -99 -99 -99 -99 -99 -99
-99 2.62753728279885 -99 -99 -99 1.09344267338279 -99 0.273746300094742 -99 -0.685740284893561
-99 -99 1.32163384015395 1.40857990565972 -99 -0.526861394729605 -99 -99 -99 -99
0.254292055088992 1.19287987508683 -99 -99 -99 1.36704969262597 -99 -99 1.1208729774887 -99
-99 -99 -99 -99 -99 -99 1.66722584247126 -99 -99 0.496989856594825
-99 -99 3.02298771876485 -99 -99 -99 -99 -99 -99 -99
-99 1.43058334756977 -99 -99 0.996876054997872 -99 1.62868164783581 -99 -99 -99
-99 -99 -99 -99 1.03617621834582 -99 -99 3.24766311646901 -99 -99
-99 -99 -99 1.31829342591895 -99 -99 -99 -99 1.30984972738721 -0.223311652828798
-2.66837350645257 -99 -99 -99 -99 -99 -1.22549800059793 -99 -0.969021133299946 -99
-99 -99 -1.35621652334368 -99 -99 -99 -99 -99 0.354556667972644 -99
-99 -99 -99 -99 -99 -99 0.171984996861009 -99 -99 -99
-99 -99 -99 -0.000256209346112035 -99 -99 -99 -99 -99 -99
-99 -99 -99 -99 -99 -99 -99 -1.25400931597213 -99 1.57159675413764
2.31010233307181 -99 -99 -99 0.331694109976067 -99 -99 -99 -99 -99
-99 -99 -99 0.335145456401847 -99 -99 -99 -99 -99 -99
-99 -99 -99 0.2898678426392 -99 -99 -99 -99 1.2528912571627 -99
-99 -99 2.57835758098044 -99 2.05192899260595 -99 -99 -99 -99 -99
-99 -99 -99 -99 -99 -99 -2.01710697377609 -99 -0.154542164403624 -99
0.272885144859227 1.54234407360103 -99 -99 -99 2.49266823828581 1.38192095115532 -99 -99 -99
-99 -99 -99 -99 -99 -99 -99 1.25529475134204 -1.03377116423101 1.13077688396448
-99 -99 -99 2.20206924440141 -99 -99 -99 -99 2.26084358826417 -99
-99 -1.02098048341184 -99 -99 -99 -99 -99 -99 -99 -99
-99 -99 0.508246262100039 2.35560119369736 -99 1.69182627623481 -99 1.50126027813369 1.47057223595242 -99
-99 -99 -99 -99 1.74427232296237 -99 -99 1.79209577472562 -99 -99
-99 -99 -99 -99 -99 -99 -99 2.39707495160214 -99 -99
-99 1.76829524156898 -99 -99 -99 -99 -99 -99 -99 1.58010669868877
-99 -99 -99 1.45855972674746 -99 -99 -99 -99 -99 -99
1.00916607963816 -99 -99 -99 -99 3.21179942906605 -99 -99 -99 -99
-99 -99 -99 -99 -99 -99 -99 -99 -99 -99
-99 -99 -99 1.27172321735285 -99 -99 2.48296278552916 -99 2.57972322508693 -99
-99 -0.226845716557839 -99 -99 -99 -99 1.09598731336064 -99 -99 -99
-99 -99 -99 2.55649269503652 -99 -99 -99 -99 -99 -99
-99 1.93438561229589 -99 -99 -99 -99 -99 0.347103919988496 -0.0383473653695603 -99
-99 -99 1.3749296288249 2.78262734184061 -99 -99 3.76692300975357 -99 2.53670750091597 1.90016309702513
-99 1.15119455079633 -99 -99 -99 0.630773192588391 0.326513492189762 -99 -99 0.525416968638976
-99 -99 -99 -99 -99 -99 -99 0.873158136294623 2.18096455398538 2.741229700595
-0.481640329137894 -0.151814515800343 -99 -99 -99 -99 -99 0.144321754278028 -99 -0.224765194188703
-99 2.20911732208569 -99 -99 -99 3.08292878341755 -99 0.798572189104535 1.14048521936568 -99
-99 -99 -99 -99 2.33329577203595 -99 1.63597107632964 0.98369061039395 -99 -99
-99 -99 -99 -99 0.822539338658472 -99 -99 -99 1.96133063863583 -99
-0.167202739160788 -99 -99 0.760765302939462 -99 -99 0.470476522308866 -99 -99 -99
-99 -99 2.02449320966691 2.65871754914788 -99 -99 -99 -99 -99 -99
-99 2.56396309729425 0.226859750490853 1.47858042815233 -99 -99 -99 -99 1.52568563353438 -99
-99 2.3729546343927 -99 -99 -99 -99 -99 2.43141071138618 -99 -99
-99 -99 -99 -99 -99 -99 -99 -99 1.56737822126446 -99
1.17099375705373 -99 -99 1.64234641880386 -99 2.00730978850071 1.09774366673981 -99 -99 -99
-99 -99 -99 0.153547213103298 -99 2.11696612129724 -99 1.54431712665786 -99 -0.489826072106977
1.06325688957595 -99 -99 -99 3.44667559931176 -99 1.28277975282307 0.288055120709327 -99 -99
-99 -99 -99 -99 -99 -99 -99 -99 2.07122110864716 -99
2.57110158700408 -0.0901411323030665 -99 -99 -99 -0.931280997503825 -99 0.791862485161597 -99 -99
-99 -99 -99 -99 -99 -99 -0.37658428726692 -99 -0.938888261851972 -99
-99 1.06479531638783 0.384842694488734 -99 1.04826220092618 -99 -99 -99 -99 2.88109597537115
-99 -99 0.808954183901283 -99 1.35220723844893 -99 0.765437389760691 0.0399868045843764 0.52800996734265 -99
-1.05693134635512 0.806526754004198 -99 -99 -99 1.77380816572477 -99 -99 -99 -99
-99 -99 1.54964968209659 -99 -99 -99 -99 -99 -99 -99
-99 -99 -99 -99 -99 -99 1.46021303820063 -99 -99 0.694398635908088
2.45706663111064 -99 -99 -99 -99 1.64832753105839 -99 1.1196645693683 -99 -99
-99 -99 1.07314335698287 -99 -99 -99 0.865273611771871 -99 2.08573006338021 -99
-99 -99 -99 -99 -99 -99 -99 -99 -99 -99
0.702709374123575 -99 -99 -99 -99 -99 -99 3.35630689627665 -99 -99
-99 -99 -99 0.932112994574474 -99 -99 -99 -99 -99 -99
1.78010666124129 -99 -99 3.22811506231441 -99 2.00842444283845 -99 3.99525558873963 -99 -99
-99 3.25262741460804 -99 -99 1.82387498925641 -99 -99 0.33562856277214 -99 -99
-99 -99 -99 -1.48198337595701 -99 -99 -99 -99 -0.487465594475287 -99
3.39260356371861 2.46224823093777 1.36743062991377 1.71711322292391 -99 -99 -99 -99 -99 0.115660039828147
-99 0.268001207810433 -99 -99 -99 -99 -99 -99 -99 1.77078677549756
0.938874508030285 0.396706021463095 -99 2.27364471080394 -99 -99 0.242291958537601 -99 -99 -99
-99 -99 -99 -99 -99 -99 -99 1.56051350452168 -99 -99
-99 -99 -99 -0.0629741352586035 -99 -99 -99 -99 -99 -99
-99 -99 -99 -99 -99 -99 -99 -99 -99 -99
-99 2.02497639712562 1.36442668560557 -99 1.52802340508067 -99 -99 -99 -99 -99
1.96596645895895 -99 -99 -99 0.0239662124812559 -99 -99 -99 -99 -99
-99 -99 0.119159016479152 0.0904636871361473 -99 -99 -0.18746943676839 -99 -99 -99
-99 0.800974547339005 1.57731005322792 -99 -99 -99 0.966075856462891 -99 -99 -99
-99 0.731130719013243 -99 -99 -99 0.0969579091812734 0.152118434212534 -99 1.01227799558557 -99
-99 -99 -99 -99 -99 0.794501128754526 -0.15897152233837 -99 -99 -99
-99 -99 -99 -99 -1.3640808285549 -99 -99 -99 -99 -0.150867891709289
-99 -99 0.712072427229943 1.04762086701602 -99 0.544236996411488 -0.224908781031517 -99 -99 -99
-99 -99 -99 -99 0.157688041087953 -99 -99 -99 -99 -99
-99 -99 -99 -99 -99 1.02518555134278 2.21772946542467 -99 -99 -99
-99 -99 -99 -99 -99 -99 -99 -99 -99 -99
-99 -0.980047265651165 -99 -99 -99 -99 -99 1.20990387855219 -99 -99
-99 0.613516483474255 -99 -99 0.785616593110886 -0.362470685131601 -99 -0.423550404563791 -99 -99
-99 -99 -99 -99 -99 0.732268924792914 -99 -99 1.25150489525794 2.1188421987071
-99 -99 -99 0.454777793640203 -99 -99 -99 -99 0.905057850047988 -99
-99 0.286638749323589 -99 0.369400966900139 -99 -99 -99 -99 -99 -99
-99 -99 0.486378081229826 -99 -99 -99 -99 2.20837881363834 -99 0.884384267055907
0.401665055421349 -99 -99 2.84005369014714 -99 -99 -0.109939690063299 -99 -99 -99
-99 -99 0.0160752564379484 0.232639269858396 0.859587796157342 -99 -99 -99 -99 0.010168931183883
-99 -1.79166602483793 -99 -99 -99 -1.29910999714253 0.259017579556644 -99 -99 -99
-99 0.630304082735502 0.240970157395502 -99 -99 -99 -99 -99 -99 1.51405546405285
-99 -0.565249853908962 1.50801600146798 -99 -99 -99 1.43854366218509 -99 1.04907643803115 -99
2.43895513070181 2.25408455476385 2.31401175869067 -99 -99 3.44158351855269 -99 -99 0.675584203457095 0.803495374411025
0.633497133959106 -99 1.2486114048012 -99 -99 -99 -99 -99 -99 -99
0.946045630989702 -99 -99 -99 -99 -99 -99 -99 1.51108156587812 1.64180607271017
-99 -99 -99 -99 -99 -0.153561514573387 -99 0.65635875621253 -99 -99
-99 -99 0.0837482321596338 -99 -99 -99 0.12918196048719 0.499262682206445 -99 -0.372746453561913
2.84445751189857 -99 -99 -99 1.13560043668207 -99 -99 -99 -99 -99
-99 1.40520349287839 -99 -99 -99 1.65556965941475 -99 -99 0.285042522927952 -99
-2.35861182303094 -99 -2.0943347976647 -99 -99 -99 -1.02644367453723 -1.28254882509488 -99 -99
-99 -99 -99 -99 0.50603687695875 -99 -99 -99 -99 -99
-99 -99 -0.0757049654693762 0.915505240925516 -99 -99 -99 -99 0.603496087694143 -99
-99 -99 -99 -99 -99 -99 1.35305639717446 -99 -99 -99
0.877440009330726 -0.735128406940238 -99 -99 -99 -99 -99 -99 0.369557204412852 -99
-99 -99 -99 -99 -99 -99 -99 -99 -99 -99
-0.426475211817569 -99 -99 -99 -99 -99 -99 -1.9464166229915 -99 -99
-99 -99 -99 -99 -99 -99 -0.975900371555215 -1.57741578973933 -1.0323939822949 -99
-99 1.71718404684551 -99 -99 -99 2.28830203876186 -99 -1.74072640666071 1.62126479761752 -99
0.156044317231472 -99 -0.71586773530196 -0.707520202731263 -99 -99 -99 -99 -99 0.171143418981237
-99 -99 -99 -99 -99 -99 -99 -99 0.477435447890284 -99
-99 -99 1.17670263854434 -99 -99 -99 -99 -99 -99 -99
-99 1.12268480582372 -99 -99 -99 -99 3.14787607108606 -99 -99 -99
1.33294068213613 -99 2.12978049805114 -99 -99 -99 -99 -99 -99 -99
-99 0.320149665161494 -99 -0.247622594651194 -99 -99 -99 -1.62846436367618 -99 -99
2.53689170353411 -99 -99 -99 2.70955577580608 -99 -99 -99 -99 -99
0.838955338883343 -99 -99 -99 -99 -99 -0.245524666486072 -99 -99 -99
-99 -99 -99 -99 -99 -99 -99 -99 -99 1.85604689094646
-99 -99 1.98352129409895 0.368185654911836 -99 -99 -99 -99 -99 0.245629823255206
-99 -0.22082100015988 -99 -99 -99 -99 1.62271182886024 -99 -99 0.304258318749054
-99 -1.17707756319197 1.66850841613704 -99 -99 -99 -99 0.803326338124169 -1.00543991463599 1.78664471441152
-99 -99 -99 -99 -99 1.03606830009668 -99 -99 -99 -99
-99 2.95666950507748 -99 -99 2.72704029322286 -99 -99 -99 -99 2.44064918872805
-99 -0.479566685238734 -99 -99 -99 -99 -99 -99 1.4633343952037 0.321338242072225
-99 -99 -1.12334825130365 -99 -99 -99 -99 -1.71399523265421 -99 -99
-99 3.65092175231527 -99 -99 -99 -99 -99 -99 -99 -99
-99 -1.09500004381246 -99 -99 -99 -99 -99 -99 -99 -99
-99 -99 2.36521497996077 -99 -99 -99 -99 1.02536441827036 -99 -99
-99 -99 -99 1.37733152620222 -99 -99 -99 -99 -99 0.647154047665961
-99 -99 -99 -99 -0.481646009483189 -0.180655074022992 -0.0241316905045277 -99 0.523536619962864 -99
-99 1.78548642193655 -99 2.52415564566029 -99 2.94400047464317 -99 -99 -99 -99
-99 -99 -99 -99 -99 -99 0.143937806202018 -99 -99 -99
1.71908137782036 0.322937319932671 -99 -99 1.95218666324384 -99 3.06267537120256 -99 -99 -99
-99 -99 -99 -2.04810102744034 -99 -99 -99 -99 -99 -1.40072610072446
-99 -99 -99 -99 -0.355669281647366 -99 -99 1.25470872381781 -99 -99
-99 -99 -99 1.94843070856167 0.569054132765336 1.15133609701951 -99 -2.03197243547835 -99 -99
-99 -99 -99 1.39627011325285 -99 -99 0.908562135499211 -99 -99 0.0188251735628149
0.563163866741209 1.16320004919945 -99 1.47127999072317 -1.87359354477481 -99 -99 1.39298429296969 -99 -99
-99 -99 0.48217493727189 -99 -99 -99 3.04256253295686 -99 -99 -99
3.31957596389149 -99 -99 -99 -99 -99 -99 -99 -99 -99
-99 -99 -99 -99 -99 -99 1.35107550881454 -99 0.36359708195091 -99
-99 -0.570151872378334 2.21190006038849 0.0191173066340746 0.104248302801132 -99 -99 1.49142539055184 -99 -99
-0.671178352106592 -99 -99 -99 -99 1.87139904549755 -99 -99 -99 -99
-99 -99 -99 -99 -99 0.280419772492693 2.23147438972139 -99 0.30323678850317 -99
-99 -99 -99 -99 -99 -99 -99 -99 -99 -99
2.3684800553541 -99 -99 -99 -99 1.31751326253151 -99 -99 -99 -99
-99 -99 3.8298381253146 -99 2.70120950354825 -99 2.02689408489892 -99 2.10768768657157 3.22667202476577
-99 0.686840480232248 -99 -99 0.427996804330623 0.091090712622004 -99 -99 -99 -99
-99 -99 1.46204220132083 -99 -99 -99 -99 -99 -99 -99
-99 -99 -99 -99 -99 -99 3.03772863126247 -99 -99 -99
-99 -99 -99 -99 -99 -99 -0.3127323496877 -99 -99 -99
-0.140177180344103 -1.19728217013695 -0.381056599529974 -99 -99 -99 -99 -99 0.111099629498902 -99
-99 -99 -0.0520943765125976 -0.259242518154741 -0.635606005590399 -99 -99 -99 -99 -99
-99 -99 2.53156782419369 -99 -99 -99 -99 -99 -99 -99
-99 -99 -99 -99 -99 -99 1.84653698310002 -0.208296812043137 -99 -99
1.09388124643856 -99 0.343233545330989 -99 -0.510530355886917 -99 -99 -99 -99 -99
2.80665376420585 -1.07732367522141 -99 -99 2.87384378130424 3.51380449742756 -99 -99 -99 -99
-99 -99 -99 2.29181775201456 -99 -99 -99 -99 -99 -99
0.784259273229554 1.16942262457437 -99 -99 -99 -99 -99 0.499964040497338 -99 -99
-99 -99 -99 -99 -99 -99 -99 -0.512087204064028 0.733713597107553 -99
0.794572205965799 0.462394255909872 -99 -99 3.15064729727869 -99 -99 1.55230877807742 -99 -99
-99 -99 -99 -99 -99 -99 -99 3.48093878008113 -99 -99
-99 -99 -99 3.71046461843818 -99 3.70148753596606 -99 -99 -99 -99
-0.612352291387587 -99 -1.44113145096589 -1.00617817870902 -0.394779469197026 -99 -1.9140210400091 -99 -99 -99
-99 -99 -99 -99 -99 -99 -99 -99 -99 -99
-99 1.08770170107725 -99 1.65147537633678 -99 1.2679987057649 2.22108185706334 0.942738169056375 1.93784859883494 -99
-99 -99 1.61588026524122 -99 -99 -99 -99 -99 -99 -99
4.44817311654074 -99 -99 -99 -99 -99 2.89317168940714 -99 -99 3.0229328450701
-0.168897399354317 -99 -99 -99 -99 -99 -99 -1.30466920895688 -0.74418349244108 -99
-99 -99 -99 -99 -99 -99 -99 -99 -99 -99
-99 -99 -99 -99 -99 -99 -99 -1.31122226119901 -99 -99
-0.587932706891758 -99 -99 -99 -0.728572816883073 -99 -99 -99 -99 -99
-99 -99 -99 -99 -99 -99 -99 -99 -99 -99
1.05955558215345 -99 -99 1.3644190507822 -99 -99 -99 1.83369828881882 -0.625092629262609 3.05529526744487
-99 -99 -0.942192136569423 -99 -99 -99 -99 -99 -99 -99
0.496838443759387 -99 -99 0.969209109303722 -99 -99 -99 -99 -99 3.81703409327044
-99 1.64393078054296 -99 -99 -99 0.764357761866002 -99 -99 1.84837657893149 -99
-99 -99 -99 -99 -99 -99 -99 -99 -99 2.20429089238637
-99 -99 -99 -99 -99 -99 -99 -1.81677488773635 -99 -99
-99 -0.689783870350344 -99 -99 -99 -99 -99 -0.195275097323423 -99 -99
0.202067368072013 -99 -99 -99 0.669713160834617 -99 -99 -99 -99 -99
-99 -99 2.93592912449679 -99 -99 -99 1.12788035136024 -99 -99 -99
-99 -99 -99 -99 -99 -99 -99 -99 -99 -99
-99 -99 -99 -99 -99 -99 -99 2.01245436583906 -99 1.92989478817175
-99 -99 -99 -2.36462209039359 -1.66820045132096 -99 -99 -99 -99 -0.302328549224314
-99 -99 -99 -99 -99 -99 -99 -99 -99 2.25492409610036
-99 -99 -99 -99 -99 -99 -99 -99 -99 -99
-99 -0.201304727217438 -99 1.74309262879125 -99 0.737824411810476 1.08263508741616 -99 -99 -99
-99 -99 -0.715632139902493 -99 -99 -99 -99 -99 -99 -99
4.35664001600926 -99 -99 -99 -99 4.6092475817185 -99 3.85017408144026 -99 -99
-99 -99 -99 1.32996368166437 -0.552899858267348 -99 -99 -99 -99 -99
-99 -99 -99 -99 3.01734960170497 3.28912261195039 -99 -99 -99 -99
1.88165728640013 1.98381048185128 -99 -99 -99 -99 -0.980000021270158 -99 -99 0.303027177414429
-0.167488773031436 0.194931411117386 -99 -0.697739346220226 -99 -99 -99 -99 -99 -99
-99 -99 -99 1.10514517772058 -99 -99 0.760857701762485 -99 -99 1.32274415236043
-0.184194786590343 -0.194809656353224 -1.53437790343247 -99 -99 -99 -99 -0.356434425598525 -0.109449479762596 -0.266442540857165
-99 -99 0.443471361242573 -99 -99 -99 0.727753210175204 -99 -99 0.764467196861201
-99 0.893679513433828 -99 -1.00419444090511 -99 -99 -99 -99 -99 -99
-99 -99 -99 -99 -99 -99 -99 -0.409462615261475 -99 -99
-1.66169955686634 -99 -99 0.684907099439225 0.913541447912552 1.21184323987988 -99 -99 -99 -99
-99 -99 -99 2.84517546556189 2.17004020919202 -99 -99 1.69760301390006 -99 -99
-99 -99 0.797253217138157 -99 3.59582656132106 -99 1.80961281271486 -99 -99 2.66176334672782
-99 -1.21714447808404 -99 -99 -99 -99 -99 -99 1.0633070837555 0.238844855360306
-0.0732049910561059 -99 -99 -99 -99 -99 -99 -0.199429618161445 -99 -99
-99 -0.00382087279008858 -99 -99 0.776403286888773 -1.412176865555 -0.229176559519796 -99 -99 -99
-0.377178293745632 2.53748584040221 -99 -99 1.52720965878709 -99 0.150671285366241 -99 -99 -99
0.692474866449927 -99 0.246958312337013 1.20281021846293 1.54507447664412 -99 -99 -99 -99 -99
-99 0.880680231679908 1.41947402560312 -99 -99 -0.760378479612525 -99 -99 -99 -99
-99 -99 -99 -99 -0.955569157477557 -99 -99 -99 -99 -99
-99 -99 -0.862190844995021 -99 -0.830984450133064 -99 -99 -0.418683814767639 -99 -99
-1.14378745343697 -99 -99 1.33165808989431 -99 1.89844090117831 -99 -99 -99 -99
-99 -99 -99 0.655449687504911 -99 -99 -99 -99 -99 -99
-99 0.615111805139675 0.39296216519375 -99 -99 0.32957936683904 -99 -99 -99 -0.362568241917053
-99 1.91106270353122 -99 -99 -99 -99 -99 -99 -99 2.06999659903664
-99 -99 -99 -99 -99 -99 -99 2.90058744313028 -99 -99
-99 -99 -99 -99 -99 -99 2.91877143667867 -99 -99 -99
-99 0.472516032240192 -99 -99 0.826214864559899 -99 -99 0.318263734403479 -99 -0.703057924473701
-99 1.7587046661171 1.32048376950859 -99 1.20172730110511 -99 -99 -99 2.96305881371377 -99
-99 -99 4.15533094494803 3.85451016784703 3.28487121578527 -99 -99 -99 -99 2.45416864964714
0.18272354199053 -99 -99 -99 -99 -99 -99 -99 -99 -99
-99 -99 -99 3.46634617419481 -99 3.03761767932826 -99 -99 -99 2.70498179589548
0.492147892977044 -99 -0.0222543687834673 -99 -99 -99 -99 -99 -99 -99
-99 -99 -99 -99 -99 -99 -99 -99 -99 -99
0.0885201883211699 -0.304875975981869 -99 -99 -99 -1.20866886689702 0.177663832540257 -99 -99 -99
2.18978674320615 -99 0.46527833254728 -99 -99 -99 -99 -99 0.378987444559648 2.65574658585415
-99 -99 -99 -0.526622234780874 -99 0.738662579436811 -99 -99 -99 0.295578099486153
-99 -99 -0.0294622670356126 0.93255222644106 -0.265573764018181 -99 -99 -99 -0.772333565319111 -99
-99 -99 -99 0.824535081917701 -99 -99 -99 2.24664689774719 -99 -99
-99 -99 0.396120993072087 -99 -99 -99 -1.78998665849287 -99 -99 -0.220038040218764
-99 -99 -99 -99 -99 -99 -99 -99 -99 -99
-0.642093392124356 2.65642977679095 -99 -99 -99 -99 -99 -99 0.991832613990298 -99
0.655904168849175 2.49392094500326 -99 -99 -99 -99 -99 -99 -99 -99
-99 -99 -99 -99 -99 -99 -99 0.0539907869623176 0.949913148557226 0.618594989398704
-99 -99 -99 -99 -99 -99 -99 0.349759142043012 -99 -0.59345950551354
-1.62509038932882 -99 -99 -99 -99 -99 -99 -99 -99 -99
-99 -99 -99 -99 -99 -99 -99 -99 -99 -99
-99 -99 -2.2081543206912 -99 -99 -99 -99 -99 -99 1.63527627707352
2.42792888667325 -99 2.30027451338366 -99 1.96111990009373 -99 -99 -99 2.424888025051 -99
-99 -0.266763287153603 -99 0.00924743935645533 -99 1.41712079461984 -99 -99 -0.0223717463921183 -99
-99 -99 -99 -99 -99 -99 -99 -99 -99 -0.0761783600975829
-99 -99 -99 1.76738505609399 -99 -99 1.1256102554605 -99 -99 -99
-99 -99 -0.482266312006568 -99 2.2798867773161 -99 -99 -99 0.267621482592114 -99
1.77416805914091 -99 -99 -99 -0.253823190848931 1.05770277931885 -99 -99 -99 -2.42857898808182
3.98118591689264 -99 -99 -99 -99 -99 -99 -99 1.72802087323611 -99
-99 -99 -99 -0.665613530354713 -99 -99 2.01777554740068 -0.0410533152546964 -99 0.471286708423987
-99 -99 -99 -99 -99 -99 -99 0.272682672212076 -99 -0.271476234307434
-99 -99 -99 -99 0.7421848480043 -99 -99 -99 -1.1704468295775 -99
-99 -99 -99 1.66170613383759 -99 -99 -99 2.50661876851318 -99 -99
-0.227990308327393 -99 0.0197747594378451 -99 -99 -99 1.71120847155317 1.5285898451814 -99 -99
-99 -99 -99 -99 -99 -99 2.3198983955093 -99 -99 -99
0.0324859428496558 -99 -99 -99 0.771258995322201 -99 -99 1.57485338977819 -99 -99
-99 -99 3.47162103377338 0.595247789383233 -99 -99 -99 -99 1.24773300017776 -99
-99 -99 3.14071094177157 -99 2.07483416362248 -99 -99 -99 -99 -99
-99 -99 -99 -99 -99 -99 -99 -99 -0.740742100666543 0.946608916088216
-99 -99 -99 -99 -99 -99 -99 -99 0.787500827192486 -99
0.4444292067774 -99 -99 0.967832176087818 -99 -99 -99 -99 -99 -99
-0.21817631356259 -99 -99 0.437088042554082 -99 -99 -99 -99 -99 -99
-99 0.750296824512896 -99 -99 -99 -99 -99 -99 -99 -99
3.23066215526716 -99 -99 2.01908652175178 3.0753477056449 -99 -99 -99 -99 -99
1.81228343524975 -99 -99 -99 -99 -99 -99 0.600321618442541 -99 -0.171020973847097
-99 -99 -99 3.2014244340712 -99 -99 0.280770164037117 -99 2.80189115449473 -99
-99 -99 -99 -99 -99 -99 -99 -99 -99 -99
-99 -99 -99 -99 -99 1.35604003925484 -99 2.5162625343603 4.11299120534589 2.13209031845725
-99 1.0498492249776 -99 -99 -99 1.46704256180562 0.834593005838748 -99 -99 -99
-99 -99 0.80441684027526 -99 -99 1.78369135244854 -99 -99 2.59606154253169 2.13159358555487
-99 -99 -99 -99 1.96720147651777 -0.457208663325309 1.75834929772719 1.67494709074838 1.7451925909882 -99
-99 0.260542382971511 -99 -99 -99 -99 1.33286096534409 1.56310791424065 -99 -99
-99 -99 -99 -99 -99 -99 -99 -99 -99 -99
-99 -99 -2.78474806518928 -2.05901734229214 -99 -99 -1.1005872796875 -99 -99 -99
-0.103368168197593 -99 -99 -99 -99 1.7729902183495 -99 -99 -99 -99
-99 -99 0.67013833379395 -99 -99 -99 -99 -99 -99 -99
-99 -99 -99 1.2271960682394 -99 -99 -99 -99 -0.429672368955885 -99
-99 -99 2.49887865544584 -99 -99 3.73321605380698 -99 -99 -99 1.9708693360656
-99 -99 0.420584168662269 -99 -99 -99 -99 -99 -99 -99
2.78279785564694 3.64183870456648 -99 1.75341320482461 -99 -99 -99 1.71236350972281 -99 -99
-99 -99 -99 -99 -99 0.882896882513976 0.424517283693064 -99 1.63025549418778 -99
0.340144045230735 -99 -99 1.87625151283351 -99 -99 -99 -99 -99 -99
-99 -99 -99 -99 -99 -99 1.47198749408706 -99 -99 0.569750114313635
-99 -99 -99 1.93809573907043 -99 -99 1.35631200425419 -99 -99 0.808937883059247
2.37579399545538 2.70318222414835 -99 -99 2.8953778105552 0.114155832606158 1.66949352444427 -99 -99 -0.634967427535958
-99 -99 -99 -99 -99 3.32496021179083 0.608082641393191 -99 -99 -99
0.971647782725996 -99 0.797354040005549 -99 -99 0.455509277824519 -99 -99 -99 -99
3.57699277324135 -99 -99 2.42672309588394 -99 -99 -99 -99 -99 -99
-99 -99 -99 -99 -99 -99 -99 -99 -99 -99
-99 -99 -99 -99 -99 -99 -99 -99 -99 -99
-99 -99 -99 -99 -99 -99 -99 -99 -99 -99
1.60381532613069 -99 0.533333603571424 2.82729937600869 -99 -99 0.2798793540485 -99 -99 -99
4.09605695210698 2.03489284371985 -99 -99 -99 -99 -99 -99 -99 -99
-99 0.470712185620306 -99 -99 -99 -1.15281607125847 -99 -99 -99 -99
1.58878847518932 2.01320882315597 -99 -99 -99 0.661430645356652 0.945502562070187 -99 -99 -99
-99 -99 -99 -99 1.32706610305961 0.872101696293753 -99 0.825465056237285 -99 -0.0115856223783308
-99 5.36865414561931 -99 3.89175862234154 -99 -99 5.4794787358243 -99 -99 -99
-0.43214708732344 0.762832400310592 -99 -0.868998763836409 0.337503614379571 -99 -0.52398195084935 -99 -99 -99
-99 2.94644265550705 -99 -99 -99 -99 -99 -99 1.51770081000186 -99
1.86995002599744 -99 -99 -99 1.49256627029961 1.62460982382393 1.32611018744218 -1.29896148775453 -99 -99
-99 -99 -99 -99 -99 -99 -99 0.063981337125304 1.06853201073878 -99
-99 -99 -99 1.67576326149273 -99 -99 -99 1.51956664334182 -99 2.13174756711784
-99 -99 -99 -99 0.232896131169927 -99 -99 -99 -99 2.33129551100256
-99 -0.881741487789365 -99 -99 -99 -99 -99 -99 -99 -99
-99 0.821629178238521 -99 1.19948604169986 2.14553506685162 -1.13507726543488 -99 2.52365485809696 0.754253997634228 -99
0.153305402968315 -99 -99 -99 -99 -99 -99 -99 -99 -99
-99 0.751741224359999 -99 1.90944280603998 0.65362898290027 -99 -99 -99 -99 0.0607792422184221
-99 -0.292274601491388 -99 -99 -99 -99 -99 -99 -99 -99
-99 -99 2.5171668766717 -99 2.18883591518083 1.59085657199704 -99 2.525916577484 -99 -99
1.79280722536232 -99 -99 -99 -99 -99 -99 -99 -99 -99
-99 2.28477352467627 -99 1.91569249366607 -99 1.60752874243315 -99 -99 2.57175854818431 -99
-99 -99 -99 -99 -99 -99 -99 -99 -99 -99
-99 -99 2.48623561658405 -99 -99 1.45800808207248 -99 -99 1.9349878882826 -99
1.86060972018233 1.73650026530148 2.09234831985166 -99 -99 -99 -99 1.46007533297932 -99 -99
-99 -99 -1.63522470403421 -99 -99 -99 -99 -0.0789589881747763 0.465968415549373 -0.790602565880282
-99 -99 -99 -1.2311112407751 -99 -1.1133521645358 -0.711065371854593 -99 -99 -99
1.42324296958203 -99 -0.88956840537559 -1.25551387120267 -99 -99 -1.10384879004922 -99 -99 -99
-99 1.68663931068414 -99 3.14298060327118 -99 -99 -99 -99 -99 -99
-99 3.08424153851204 3.17908012845601 -99 1.4970186775251 -99 4.00428577354662 -99 -99 -99
-99 -99 -99 -99 2.65925126209943 -99 -99 -99 -99 3.07541135014504
1.83369616266482 -99 -99 2.1826256749993 -99 -99 0.961262966781982 -99 -99 -99
-99 -99 2.46302895388364 0.474153884490858 -99 -99 -99 1.91784545310173 -99 -99
-99 0.355084585910918 -99 -99 0.93502154358209 -99 -99 1.01090588162054 -99 -99
-99 -0.00384139797993521 1.69667966503572 -99 3.01144924796744 3.19870507769262 -99 1.42568008383553 -99 -99
-99 -1.34247945472386 -99 -99 0.420373886972794 -99 -99 -99 -99 -99
-1.98445495454854 -0.910468918817829 -99 -99 -99 -99 -99 -99 -99 -2.15497720331403
-99 -99 -0.0154859827469309 -99 2.3153959517618 -99 -99 1.41968669113241 0.0560281971457459 -99
-99 1.43527887608986 -99 -99 -99 -99 2.98262080521525 0.981098878571728 -99 -99
-99 -99 -99 -99 1.86191811957366 1.68985294828839 1.45129914836084 -99 -99 -99
-99 -99 -99 0.64425068849958 -0.993612421130333 -99 -99 0.382736455093887 -99 -99
-99 1.092253242843 -99 -99 -99 -99 -99 -99 -99 -1.33484865720048
-99 2.46877681797007 1.7465548960915 -99 -99 -99 -99 -99 2.6755212548595 -99
-1.18297202803157 -0.923544722864888 -99 -99 -99 -99 -99 -99 -99 -99
-99 -99 1.68262048872155 -99 2.39411916585493 2.60284468553427 -99 -99 -99 -99
-99 -99 -99 -99 -99 0.400998350719605 -99 0.464470169248347 0.561669137214252 3.01986449356425
-99 -99 -99 -99 -99 -99 -99 -99 -99 -99
-0.383074100547542 -99 -99 -99 -99 -99 -0.712597883830559 -1.07502284158608 -99 -99
-99 -99 -99 -99 -99 -99 -99 -99 -99 -99
-99 -99 -99 -99 -99 -99 -99 -0.0580665490741257 -99 -99
-0.387483419977104 -99 -99 -99 1.90858453417539 -99 -0.966952286828433 0.626277968055827 -99 1.07661914669463
-99 -99 -99 0.62822744374254 -99 -99 0.445189788720213 -99 -99 -99
-99 -99 -99 -99 -99 0.150811995491889 -99 -99 -99 0.338177157245132
-99 -99 -99 -99 -99 -99 -99 -99 -99 -99
-99 0.857336318110538 -99 -99 -99 -99 1.61513515293281 -99 2.02349121487268 -99
-99 -99 -99 0.795478657119604 -99 -99 -99 -99 -99 0.271420301545459
1.28283951291929 -99 -99 -99 -0.0901282200394191 -0.0471773129021966 -99 -99 0.761222530765466 -99
-99 0.335689769431594 -99 -99 0.140352074841864 1.45042378080657 1.85727091947558 1.39655475755965 3.6319015943951 -99
-99 -99 -99 -99 -99 1.56451822675166 -99 -99 -99 -99
-99 -99 -99 -99 -99 -99 -0.21509167016227 -99 -99 -99
-99 -99 -99 1.49255973950813 1.81525310109111 -99 2.90410115797354 -99 1.56464957485733 -99
-99 -99 0.956272227505058 -99 -99 3.3473059573157 -99 -99 -99 -99
-99 -99 -99 -99 -99 -99 -99 0.223380244874249 -99 -99
-0.496173180385167 -99 -1.14816912920901 -1.1809668828688 -99 -99 -0.72628179358845 -0.740213318026437 -0.265749633817274 -99
-99 -99 -99 -99 -99 -99 -0.605299534855337 -99 -99 -99
-99 -0.378940515052786 -99 -99 -99 -99 -99 -99 -99 -99
-99 1.09395167101414 -99 -99 -99 -99 0.24343234429463 -99 -99 -99
-99 -99 -99 -0.834576972079464 -99 0.685964249120126 -99 -99 -99 -99
-99 1.87227520144054 -99 -99 -99 1.46245132674939 -99 -99 -99 -99
-99 -99 1.78119536386141 -99 -99 -99 -99 -0.864864074816033 -99 -99
-99 -99 -99 -99 -99 -99 -0.312687535887644 0.926636286593381 -99 1.1064124027086
-99 -99 3.34474514035499 -99 -99 3.48652574364758 -99 -99 -99 -99
-99 -99 0.240815859958697 -99 0.642843868294399 -99 -99 -99 -99 -99
4.35458043740932 4.22444071899695 -99 1.44911974040408 -99 -99 -99 -99 -99 -99
-99 -99 -99 -99 -99 -99 -99 -99 0.241180187223181 1.15496468419615
-99 -99 -99 -99 -99 -99 -0.106810044622039 1.57157291858557 -99 1.06006313238698
-99 -99 -0.704665072057884 -99 -99 -99 -99 -99 -99 -99
-99 1.89795794364019 -99 -99 -99 0.238694647661233 1.04505023755124 0.305403222689352 -99 -99
1.6572306996214 -99 -99 -99 -99 -99 1.31543570450147 -99 0.227825556662612 -99
-99 0.889981032256193 0.255109530115073 -99 -99 2.35683037666856 -99 -99 -99 2.12945224298882
-99 1.93112340987541 -99 -99 -99 -99 -99 -0.195677575788751 -99 -99
3.81537901200108 2.00516320677956 -99 -99 -99 -99 3.68270783937266 -99 -99 -99
-99 -99 0.446732155266151 2.1696464685882 2.01133032819056 -99 -99 -99 -99 -99
-99 -99 -99 1.62996278263707 0.255337281980711 -99 2.87113543593739 1.10271780893093 -99 -99
-99 -99 -99 -99 0.176702090505486 -0.413861497662916 -99 -99 -2.334037983481 -99
-99 -2.10230470063084 -99 -99 -99 -99 1.65885389516399 0.550855787631129 -99 -99
3.36680397458452 -99 -99 -99 -99 0.679527883659238 -99 -99 -99 -99
-99 -99 -99 1.74124871766004 -99 -99 -99 -99 -99 3.67302202404098
-0.220805537152759 -99 -99 -0.570345565197479 -99 -99 -99 -99 -99 -99
-99 -99 -99 -1.99730959631531 -99 -99 -99 -99 -99 -0.237159789695214
-99 0.953124957452027 -1.11583465665749 0.834997474620655 2.02580704501147 -99 0.723727247885059 -99 2.11130342858669 -99
-99 -99 -99 -99 2.13973941198592 -99 -99 -99 -99 -99
0.228433947579941 0.522249038960328 -0.850887256149668 -0.714361731909274 -99 -99 -99 -99 -99 -0.947467058416052
-99 -99 0.226042600594945 -99 -99 -99 -99 -99 -99 -99
-99 -99 -99 0.473619552644088 1.82513490582997 -99 -99 -99 -99 -99
-99 -99 1.84324339750087 -99 -99 0.938267690106605 -99 -99 -99 -0.499225592139356
-99 -99 -99 3.33953716544319 1.60641017632803 -99 -99 -99 -99 -99
-99 -99 0.74229776324251 1.29188805661025 -99 -99 3.06108275093789 -99 -99 -99
1.29703098069663 -0.622571959386109 -1.56538410551319 -99 -99 -99 -99 -99 -99 -99
-99 -99 0.988699929157669 -0.658969710721074 -99 2.46630296061284 -99 -99 0.136527652188465 -99
-99 1.77343413575367 -99 -99 -99 -99 2.59184847945181 1.95834152492456 -99 -99
-99 -99 -99 -99 -99 -99 -99 -99 2.87962754834897 4.2829048859293
-99 -99 -99 0.527675628721744 -99 -99 1.11883495249681 -99 -0.327814737918708 -99
0.00124818412736971 -99 -99 1.5190272173839 -99 1.50793193178722 -99 -99 -99 -99
-99 -99 0.815228456120984 2.20712821282194 -99 0.684287092145917 -99 -99 -0.75659947073397 -99
1.47939773783043 -99 -99 -99 3.67180024322592 -99 1.72840417412291 -99 -99 -99
-99 0.445862544802778 -99 -99 -99 -99 -99 -99 1.87324863953404 -99
-99 -0.448565488524458 -99 0.398069782272748 1.7050991616322 -99 -99 -99 -99 -99
-99 0.384611039514193 -99 0.165519997939695 0.428262733021526 -99 -99 2.2319934032643 1.54182523527992 -99
-99 -99 1.38927855207034 -99 1.35080141982725 -99 -99 -99 -99 -99
-99 1.49666796259087 -99 -99 -99 -99 -99 -99 -99 -99
-99 -99 -99 -1.67784975616427 -0.970662635196627 -99 -99 -99 -99 0.622036316329239
-99 -99 1.49206971635917 -99 0.26096111281678 -99 2.03842249306157 0.811775257914332 -99 -99
-99 -99 -99 -99 -99 -99 -99 -99 -99 -99
-99 -99 -99 -99 -99 2.24829974227885 -99 -99 -99 -99
-99 -99 2.70928362750339 -99 -99 -99 -99 -99 -99 -99
-99 1.72501853811 -99 1.47601218211371 -99 -99 -99 -99 -99 -99
-99 -99 -99 -99 -0.931113340760215 0.539401459087913 -99 -99 -99 -99
0.312342090639656 -99 -99 1.08109200799549 -99 -99 -99 1.22961671548766 -99 1.52339892409351
-99 -99 -99 -99 -99 2.67112119809141 2.89982914935357 -99 -99 -99
-99 -99 -99 -99 -99 -99 -99 -99 -99 -99
-99 -99 -99 1.83620790416677 -99 -99 3.8927099260355 2.83074401656598 -99 -99
-99 -99 -1.99774085578836 -99 -99 -99 -0.15872935038039 -99 -99 -0.349752631083589
-99 -99 -99 1.32946440861956 -99 -99 3.152810604291 -99 0.995459132834056 3.83753035883903
0.513894599855505 -99 3.04407127627074 -99 -99 -99 -99 -99 -99 3.01446459288207
-99 -99 -99 -99 2.05891497650871 -99 -99 3.81687177307897 -99 4.73747854129689
3.50451000990207 -99 2.02353926129239 -99 -99 -99 2.71386882430992 -99 1.38820421293658 -99
-99 -99 -99 -99 -99 -99 1.13709182465851 -99 -99 -99
-99 -99 0.53751519633071 2.20031167356763 -99 -99 -99 -99 -99 -99
-99 -99 -99 -99 -99 1.80417079111173 -99 -99 3.05030319039686 -99
-2.16637188250474 -99 -99 -1.65117490163838 -99 -99 -99 -99 -2.91911270408933 -1.1351592452845
2.25370055042955 -99 -99 -99 -99 3.1772368079096 -99 -99 -99 -99
-99 -99 -99 -99 -99 2.2909797601086 -99 -99 -99 -0.946673040616351
-99 -99 -99 -99 -99 -99 -99 -99 -99 -99
-99 -99 -99 -99 -99 -99 -99 2.67389782559839 0.897405367222268 -99
-99 1.65590238037852 -99 -99 1.01248894652239 -99 1.39748672879865 2.67296370228308 2.00127693906587 2.50439839319416
-99 -99 -99 -99 -99 -99 -99 -99 -99 -99
-99 1.00356170273318 0.644693252190441 -99 -99 -99 -99 2.39309633576257 -99 -99
-99 0.0930532773313455 1.08533614955556 -99 -0.0688317920817423 0.635261506224973 -99 -99 -99 -99
1.09597837012879 -99 -99 -0.0961862849821815 -99 -99 0.360259643139688 -99 -99 -99
-99 -99 -99 -0.512627522263209 -99 -99 -99 -99 -0.115435272858043 -99
-99 -99 -99 -99 -99 -99 -99 -99 -99 0.253680374122707
-99 1.93407891622053 -99 4.68630214548346 -99 -99 -99 -99 -99 2.01992770946679
-99 0.338690484623583 -99 -99 0.655510963756981 -99 -99 -99 0.310265901600077 -99
-99 -99 -99 -99 -99 -99 -99 -99 -99 -99
-99 -99 0.873923674652245 -99 -99 1.63881392745323 0.682630407440555 3.09740505481652 1.9681800293739 3.59795210290899
-0.513673942291859 -99 -99 -99 0.463603390753365 -99 -99 0.963505840827889 -99 0.961892954485273
-99 -0.564610416596413 -99 -0.723884278366513 -99 1.99795130974925 -0.104384334524827 -99 -99 -99
-99 -99 -99 -99 -99 0.855758717234021 -99 -99 -99 -99
-99 0.977225223012193 -99 -99 -99 -99 -99 -1.66253556696701 -99 0.736375283922887
-99 -99 2.54055854683288 3.41549334762342 -99 1.80431490783293 3.05257550259698 1.33150304374048 -99 2.85205086682073
-99 -99 -99 -99 -99 -99 0.579627997338072 -0.0262846818266946 -99 -99
-99 -99 -99 -99 -99 -99 -99 -99 -99 -99
-99 -99 -99 -99 -99 -99 1.12186282193037 0.899297032540582 -99 -99
-99 -1.11764252586237 -99 -99 -99 -99 -99 0.595841639741117 -99 -99
-99 -99 -99 -99 -0.357782793627174 -99 -0.621717970066704 -99 1.55739099132994 -99
-99 -99 -0.627119454109474 -99 -99 -99 -99 -99 -99 -99
1.02596895376467 -99 -99 -99 -99 -99 -99 -99 1.20022124804756 -99
2.40832288461965 -99 -99 1.25441733007862 1.34707908777546 1.36395738691192 -99 -99 0.627449260128077 -99
-99 -99 -99 0.492664960862239 -99 -99 -99 -99 -99 2.70476620157596
-99 -99 -99 -99 -1.12316441135789 -99 -99 -99 0.0350382364206979 -99
-99 -99 -99 -99 -0.9219709755247 -99 0.784539120662578 0.406324528806388 -99 -99
-99 -99 -99 -99 -99 1.02015897452579 -99 1.85171915169256 -99 1.04781052275867
-1.75886685788743 -99 -99 0.264947923143538 -99 -99 -0.986133105672033 -99 0.51766111205259 -0.733928730860148
-99 -0.300423200733934 -99 -99 -99 -99 -2.00984213832334 0.0395712632974617 -99 -99
-99 0.765573203849132 -99 1.99931046682517 -99 3.4960149510201 1.28255835323272 -99 -99 -99
-99 1.47990631761234 -99 -99 -99 -99 -99 -99 -99 -99
-99 -99 -99 -99 -99 -99 -99 -99 -99 -99
-99 1.35449859125757 -99 -99 -99 -99 -0.240262981231563 -99 0.656538771232653 -99
-99 -99 -99 -99 -99 -99 -99 2.81153585173573 -99 -99
-99 -99 -0.0785831290834946 -99 -99 -99 -99 0.346030284696228 0.156211658795081 1.27751273092788
0.70811317179804 -99 -99 0.3647629841771 -99 -0.963548611707208 -99 -99 -99 -99
-99 -99 3.19517252499372 1.0747526525268 1.66261470433789 -99 1.50709675824247 0.818740490809798 -99 -99
-99 0.784447349328802 -99 -99 -99 2.85047012525348 -99 -99 2.67381926372513 -99
-99 -99 -99 -99 -99 -99 -99 -99 1.67516346742725 3.91893322160798
-99 -99 -99 -99 2.15721188650265 -99 -99 0.900976858201293 -99 -99
-99 -99 -99 -99 -99 -99 -99 1.63577550687881 -99 -99
2.61734107919652 -99 -99 -99 -99 -99 -0.134651299740205 -99 -99 -99
-99 -99 1.1660887050099 -99 -99 -99 -99 -99 -99 -99
-99 -99 -99 -99 -99 0.974899082967105 -99 -99 -99 -99
0.208910411188128 -99 -99 -99 -99 -99 1.60470215094354 -99 -99 -99
-99 -99 -99 -99 -99 -0.607433773577133 -99 1.9015200245247 -0.109747774880419 -99
-99 -99 -99 -99 -99 -1.32434363139311 -99 -99 -99 -99
-99 -99 -99 -99 -99 -99 -99 -99 -99 -99
-99 0.161109935361471 -1.56509519057635 -99 -99 -99 -99 -99 -0.256767840907068 -99
-99 1.02691862130775 -99 0.89491548054662 -99 -99 1.0065519538494 -99 -99 -99
-99 -0.0184542862594901 -99 -99 -99 -99 -99 -99 -99 -99
0.46425415921081 -99 -99 -99 -99 2.71105124916152 -99 -99 -99 -99
-99 -99 -99 -0.113550087575782 -99 -99 -99 -0.735478916447681 -0.177655263976874 -99
-99 1.09142757047666 -99 3.01680997088835 -99 -99 -99 -99 -99 -99
-99 -99 -99 -99 1.3732897599259 -99 -0.314608453407431 -99 -99 -99
-99 -99 -99 1.44540526003783 -99 -99 -99 -99 -99 0.36993718309373
-99 -99 1.66803336876387 0.84829408530667 -99 -99 -99 -99 -99 2.54315822453337
-99 -99 -99 -99 -99 -99 -99 0.100160978038784 1.13800307817678 -99
-99 -99 0.0859867609772529 -99 -99 -99 -99 -99 -99 -99
-99 -0.0990363191618162 -99 -99 -99 -99 -99 -99 -2.20389978582741 -99
-99 -99 1.840642632655 -99 -99 -99 3.64501590067239 -99 -99 -99
-99 -99 -99 -99 -99 0.686949634230009 -99 0.414816042150656 -99 -99
-99 1.0994698617917 -99 -99 -99 -99 -99 -99 -99 -99
-99 -99 -99 -99 -99 -99 -99 0.579267443044811 -99 -99
-99 -99 -99 -99 1.68920888616866 -99 -99 1.6652561594384 -99 1.91352927179299
3.53108299153531 -99 -99 2.54453224982381 -99 -99 1.5090019238908 -99 -99 -99
-99 -99 -99 1.98866594064984 -99 -99 -99 -99 -99 -99
-0.418860505610448 -99 1.05217369276253 -99 -99 -99 -99 -99 -99 -99
0.376022473085185 -99 -99 0.620331492899061 -99 -99 -99 -99 -99 -99
-99 -99 1.38021574795004 1.2836449668488 -99 -99 -99 -99 -99 -99
0.742111427108477 -99 -99 0.430050185283103 -99 -99 -99 -99 -99 1.63504544406329
-99 -99 2.15030224589886 -99 -99 -99 -99 -99 0.332280754586449 -99
-99 2.30056439031021 -99 -99 -99 2.84916654780745 -99 1.49110549464587 1.66178007481872 -99
-99 -99 -99 -99 -99 -99 1.65140636879681 -99 -99 -99
-99 -99 0.0257950475060802 -99 -99 -99 -0.794577782831899 -99 -99 -99
-99 -99 -99 -99 0.986025848918667 -99 -99 -99 -99 -99
-99 -99 -99 -99 -99 3.03840706389988 -99 -99 -99 0.808254614506313
-99 -99 -99 -99 -99 -99 -99 2.72691209581022 -99 -99
0.726171828009962 -99 -99 -99 -99 1.59371016340662 -99 -99 -99 1.54093312872717
3.28066766674924 -99 -99 -99 2.28289063062813 -99 -99 -99 -99 -99
-99 -99 -99 -99 -99 -99 -99 0.165805437727971 -99 -99
2.10326695331512 1.47284387160921 -99 -99 -99 -99 -99 -99 -99 0.936983459897903
-99 -99 -99 -99 -99 -99 2.43107065028277 -99 -99 -99
-99 -99 1.88984641968662 -99 1.38904958720247 -99 2.22836374882993 -99 -99 -99
-99 -99 -99 -99 -99 0.0313106749010474 2.6431154051789 -99 -99 -99
-99 -99 -0.363039286222881 -99 -99 -99 -99 -0.511160289847605 -99 -99
2.6731012681137 -99 -2.06933979951671 -99 1.17264704938769 -0.359899868611649 -99 1.05143029102792 0.56810212132691 2.63605037584009
-99 -1.17260108597807 -99 -99 -99 -99 -99 -99 0.437181129444568 -0.0218265823029
-99 -99 -99 -99 -99 1.61949547027886 -99 -99 -99 -0.603603804747339
-99 1.40258198100942 -99 -99 -99 -99 -99 0.748923698312495 -99 0.829657011242126
-99 -99 -99 -99 -99 -99 -99 -99 -99 -99
-99 1.41541170890437 -99 -99 -99 -99 -99 -99 -99 -99
1.85116393504326 -99 0.981214617180309 -99 1.5962378981113 -99 -99 -99 -99 -99
0.316922537098952 -99 -99 2.72796387844484 -99 -99 2.73316513296989 -99 -99 -0.975104964819655
-99 -99 -99 -99 -99 1.66159961013794 -99 -99 -99 -99
-99 -99 -99 -99 -99 -99 -99 -99 -99 -99
2.24292573129778 -99 1.13027428624028 -99 1.80740116020982 -99 -99 2.29938968082656 -99 -99
-99 -99 -99 -99 -99 -99 -99 -99 -99 -99
1.61469286124463 -99 -99 -0.803460659922438 -99 -99 -99 0.867675847369896 -99 -99
1.04797171718623 -99 -99 -99 -99 -99 -99 -99 -99 -99
-99 -99 -99 -99 -99 -0.875216931572045 -99 -99 3.10431326328651 -99
-99 -99 -99 -99 -0.00603228320327109 -99 -99 0.8751923465252 1.23915502386879 0.353418218198753
-99 -99 -99 -99 -99 -99 -99 -99 -99 -99
-99 -99 -99 -99 -99 -99 -99 5.1443184375998 4.19328060342 -99
-99 -99 -99 -99 -99 -99 -99 -99 -99 -99
-99 1.83614079391704 0.912217065611623 -99 -99 -0.63244184557811 0.730272483334407 -99 1.57029848448448 -99
-99 -99 1.48605418381771 -0.588693589735086 2.04275575925611 -99 1.166513760375 -99 -99 -99
-99 0.43483829943231 -99 -99 -99 -99 3.55326067937767 -99 -1.32150557724386 -99
-99 -1.03487713687146 1.36900130048882 -99 -99 -99 -0.164256155086411 -99 0.209473013219006 -99
2.05018368188894 -99 -99 -99 -0.765497339260821 -99 -99 -99 -99 -99
-99 -99 -1.36082451381861 -99 -99 -99 -99 -99 -99 -99
-99 -1.58969471630259 -99 -99 -99 -99 -99 -99 -99 -99
-99 0.633116786099414 -99 -99 -99 -99 0.877801638529073 1.44928123303659 -99 -99
-99 -99 -1.92965115144313 -99 1.18773594373045 0.691048835609117 -99 -99 -99 -0.643904173434235
-99 1.37978709622661 -99 1.5294647381834 -99 -0.355972422829372 -99 -99 -99 -99
-99 -99 -99 -99 -99 -0.384772713734886 0.596123212276051 -99 1.07307627098194 -99
-99 -99 -99 -99 0.919549222068063 1.41625089550715 -99 -99 -99 -99
-99 -99 -99 -99 -99 -99 -99 0.788992391611877 -99 -99
-99 2.90107405801889 -99 -99 -99 -99 -99 -99 1.85844221227264 -99
-99 -99 -99 2.28516494662367 -99 -99 -99 -99 -99 -99
1.06954392050051 -99 -99 -99 -99 -0.58430806547194 -99 -99 -99 -99
-99 -99 -99 3.29722397465376 -99 -99 -99 -99 0.054108959755793 -99
-99 -99 -99 -99 -99 1.38346216713685 -99 -99 -99 0.582686649184887
-2.40479192671694 -99 -1.25613702435956 -99 -1.08815534471482 -99 -99 -99 -1.12271687116124 -99
-99 -99 -99 -99 -99 -99 -99 -99 -99 -99
0.422026112027509 -99 -99 -0.160349055482954 -99 -99 -99 -99 -99 -99
-99 -99 -99 -99 -99 -99 -99 2.70527047197282 -99 -99
-99 -99 -99 -99 -99 -99 -99 -99 -99 -99
-0.342878273110438 0.712983095181967 0.949980771359346 0.165573174024186 -99 -99 1.23401850151573 -99 -99 -99
-99 -99 -0.811166626267833 -99 0.495047365976886 -1.80683478998109 -1.9521277607078 -99 -99 -99
-99 -0.463647583097614 -99 -99 -99 -99 -0.850679616093382 -99 -99 -99
-99 -99 -99 -99 1.14041584640885 -99 -99 -99 0.569407416257947 -99
-99 -99 -99 -99 -99 -0.0690353574493947 -99 -99 -0.0844928605457531 -99
-0.311750714188412 -99 -99 -99 0.965801755469416 -0.00764065229088762 0.511426984390868 -99 -99 -99
-99 -99 -99 -99 -99 -99 1.76481023528004 -99 -99 -99
-99 -99 -99 0.0249204121785787 -99 -99 -99 -0.370436303352458 -99 -0.238370581406163
-99 -99 2.96142195707424 -99 -99 -99 -99 -99 -99 -99
-99 -99 -99 -99 -99 -99 -99 -99 -99 -99
2.94744471865299 -99 -99 2.13272662283262 2.08441920005752 -99 -99 -99 2.95522481508846 -99
-99 -99 2.02355380277807 -99 -99 -99 -99 -99 -0.804371415391977 -99
-99 -99 -99 -99 -99 -99 -99 -99 -0.155551821295092 -1.71254078200343
2.10075148528401 -99 -99 -99 3.41166960366382 -99 3.47323797357011 -99 -99 -99
-99 -0.89092657128638 -99 -99 -99 0.445273255759173 -0.389054168450767 -99 0.851948456529619 -0.29118233726023
-99 -99 -99 -99 1.30901208101772 -99 -99 -99 -99 -99
-99 -99 -99 2.3284931940907 -99 2.59547322930673 -99 -99 3.71287467333048 -99
1.74865494060833 -99 -99 -99 -99 -99 -99 -99 -99 -99
0.985287350811791 -99 2.59382322978295 -99 -99 -99 -99 1.22206721184788 -99 -99
0.142621023310538 -99 -99 -99 -99 -99 -99 -99 -2.0488415658538 -99
-99 -99 1.24144437207189 -99 0.461127189604468 -99 0.64619286344368 -99 -99 -99
-99 -99 -99 -99 -99 0.179152071498511 -99 -99 -0.378833358574717 -99
0.86746287135245 0.739358978374645 -99 1.0527382312529 -99 -99 -99 -99 -99 -99
-99 -99 1.5909255437623 -99 0.416985104724841 -99 -99 -99 -99 -99
-99 -99 -99 -99 -99 -99 -99 -99 -99 -99
2.42588944520425 -99 -99 -99 3.08239305476522 -99 -99 4.59579134993372 1.12916407013269 3.01633882423664
-99 -99 -0.447261047074729 -1.54616503872986 -99 -99 -1.66308554560232 -99 -99 -99
-99 -0.270796165388244 -99 -99 -99 -99 -0.930889412373074 -99 -99 -99
-99 -99 -99 -99 1.43081653952629 -99 0.216427758155161 -99 -99 -99
-99 -99 -99 0.616703090850888 -99 1.17419952929478 -99 -99 -99 -99
-99 -99 -99 -99 1.05396829542083 -99 -99 -99 -99 3.31247684990335
-0.95439583978632 -0.466494090460876 -0.190672273336348 -99 -99 -99 -99 -99 0.831299423067648 -99
-99 -99 2.92807317762533 -99 1.05647951823671 -99 -99 1.56843259811111 -99 -99
-99 -99 -99 -99 -99 -99 -99 -99 -99 2.31740598824918
-99 -99 -99 2.26604419360931 3.38100830806511 -99 -99 -99 -99 1.00307328263088
-99 2.37297422095675 -99 0.597597790127211 -99 2.67061995248658 -99 -99 -99 -99
-99 -99 -99 0.556922305773767 -99 -99 -99 -99 -99 1.25857901556183
-99 -99 -99 2.0427332406553 -99 -99 -99 -99 1.40201041456619 -99
-99 1.67026046353048 -99 1.85076674376843 -0.352790840987902 -99 -99 1.65373033911892 -99 -99
-99 -99 -99 -99 -0.40543981715162 -99 -99 -0.350389182296893 -99 -99
-99 1.76599129692416 -99 -99 -99 1.51091177159494 -99 -99 -99 -99
0.293853724115573 -99 -99 1.61623147932811 -99 -99 -99 -99 -99 -99
-99 -99 3.49446277528843 -99 -99 -99 -99 -99 -99 -99
-99 -99 -99 -99 -99 3.17949435537273 -99 -99 -99 -99
0.254832306938027 -99 -99 -99 -99 -99 -99 -99 -99 -99
-99 -99 -99 -99 -99 -99 -99 -99 -99 -99
4.36673275559156 -99 -99 -99 1.72970088397622 -99 -99 -99 -99 3.21760534124563
0.829509862236916 1.87955324131568 -99 -99 -99 2.07962555502742 1.0240419725045 -99 0.651114277318692 0.556935268589797
-99 -99 -99 -99 -99 -99 -99 0.636155384615276 -99 -99
-99 -99 -1.69191327359186 -0.682361748306579 -99 -99 -99 -0.579988541158912 -1.50095126251283 0.199308982741496
-99 -99 -99 -99 -0.14759608874309 -1.93089544390609 -99 -0.149387852149578 -0.925310682378367 -1.42640705500744
-99 -99 -99 -99 -99 -99 -99 -99 -99 -99
-99 -99 1.64745772289718 -99 -99 -99 -99 -99 -99 -99
-99 -99 -99 -99 -99 -99 -99 1.73250086280922 -99 -0.290514584272838
-99 -99 -99 -99 -99 -99 -99 -99 -0.818707279667839 -99
-99 -99 -99 -99 -0.256582054060775 -99 -0.869663773028909 -99 -99 -99
-99 -99 -99 -99 -0.677201485920114 -99 -99 -0.87224637568931 -99 -99
-0.239982870451438 -99 -99 -99 -99 0.286521295634558 1.00414867896446 -0.113589995362202 1.05153600490436 -1.31052750189973
-99 -99 -99 -99 -99 4.20535289306546 -99 -99 -99 -99
-99 1.90443580458676 -99 -99 -99 -99 -99 -99 -0.658668024145418 -99
-0.763514978645544 -99 -99 -99 -99 -99 -99 0.573100922506674 -99 -99
-99 -99 -99 -99 -99 0.708896450188007 2.17578123237587 3.09921569357646 1.79949109905301 -99
3.46467420036684 -99 -99 2.85432756458305 -99 -99 -1.26572678815867 -99 1.77645172348574 -99
2.42448141282056 -99 -99 -99 -99 -99 -99 -99 -99 -99
-99 2.92102425267865 -99 -99 -99 4.46704466829507 -99 -99 -99 -99
-99 -99 -99 1.50987413815844 -0.508989305083908 -99 -99 -99 0.566100216026948 -99
-99 0.392655742141239 -99 -99 1.61545297558596 -99 -99 1.11241513902261 -99 -99
-99 -99 -99 -1.27552364849424 -99 -99 -99 0.657858862571991 -99 -99
-99 -99 3.76149035253838 -99 -99 -99 3.25035096828092 -99 -99 -99
2.92187945166678 2.25023357120286 -99 -99 -99 -99 -99 -99 -99 -99
1.52233767711671 -99 -99 -0.704910763342985 0.0429408911738257 -1.16827824279563 -99 -99 1.90268416240774 -99
-99 -99 -99 1.23129449359142 -99 -99 -99 -99 -99 2.26827036346491
-99 -99 -99 -3.39774034811326 -99 -99 -99 -99 -99 -0.707689159154843
-99 -99 4.32834260506746 -99 -99 3.28181208331264 -99 -99 -99 -99
0.702827934419332 -0.241773006966512 0.384588680502221 -99 -99 0.648878518431717 -99 -0.766587049705639 -99 -0.103746081663852
-99 -99 -99 -99 -99 -99 -99 -99 -99 -99
-99 -99 -99 2.41038804808595 -99 -99 0.873621831931054 -99 -99 -99
-99 -99 -99 -99 4.46755714694819 -99 -99 -99 4.42749440362957 -99
0.401517917943263 -99 -99 2.83095615185847 -99 -99 -99 -99 -99 -99
-99 0.900751486262078 -99 1.95338127238466 -1.10928149568227 -0.0204352139450374 -99 -99 -99 1.01367361888988
0.0820925684344076 -99 -99 -99 -99 -99 -99 -99 -99 0.442871598760686
4.28837177383387 0.339889921418573 -99 -99 -99 1.50735793625732 -99 1.03702518030849 0.936292781991987 -99
-99 -99 -99 -99 -0.482004952886642 -99 1.09010865604253 -99 -99 -99
3.05634336074449 -99 -99 2.55166814482757 -99 -99 -99 -99 -99 -99
-99 -99 -99 -99 -99 -99 -99 -99 -99 -99
-99 1.11004154758696 -99 -99 -99 -99 -99 -0.127981840093633 -99 -99
-99 -99 -99 1.14214821157508 1.43015779477883 2.02973848309031 -99 -99 0.832586461161768 1.53474106267846
-99 0.861110327892241 -2.20507980728479 -99 -99 -99 -99 1.29243950616552 -99 -99
1.36384297392108 -99 -99 3.08133743195456 -99 -99 -99 -99 -99 -99
0.843704288202242 2.17458374073566 -99 -99 -99 -99 -99 -99 -0.0469177971308992 -99
-99 -3.21380524389485 -99 -99 -99 -99 -99 -0.769490664081367 -99 -99
-99 3.90091408602791 1.97774677601568 -99 -99 -99 0.327669129133599 -99 -99 -99
-99 -99 -99 -99 -99 -99 -99 -99 0.0724171519541968 -99
1.19713994151048 -99 -99 -99 -99 -99 -99 -99 -99 -99
-99 1.30869185708828 -1.23090568011485 -99 -99 -99 -99 -99 -99 3.70603800965164
-99 -99 -99 -99 -99 -99 -99 -99 -0.598071754610503 -99
2.80861536484802 1.46986741128839 2.58289877894611 -99 -99 1.94386218930566 -99 -99 -99 1.16602787676727
-99 -1.71113596557611 0.938906311189363 0.206551410429145 0.580484260555838 0.491184655508733 -99 -99 -0.0607352250970477 -99
-99 1.60868256897669 -99 -99 -99 -99 1.97912515753164 -99 -99 -99
-99 -99 -99 -99 3.01741165406774 -99 -99 -99 -99 -99
-99 0.374005098097655 -99 0.579860302782806 -99 -99 -0.310030157923966 -99 0.623504315292992 -99
0.250758598235242 -99 -99 -99 -99 -99 -99 -0.42877980938261 -99 -99
-99 -99 -99 -99 -99 -99 2.43623821641501 -99 -99 2.05518648027741
-99 -99 -99 -99 -99 -99 -99 -99 -99 -99
-99 1.11708709672085 3.01587706142644 -99 -99 -99 -99 -99 -99 -99
-99 -99 -99 -99 -99 -99 -99 -0.0366542154753555 -99 -99
-99 -99 -99 -1.10089770832319 -99 -99 -99 -99 -0.636843166185552 -99
-99 -99 -99 0.801976756216188 -99 2.32306300059931 -99 -99 -99 0.176461167782836
-99 -99 2.39716883377683 -99 -99 -99 2.74033929373759 1.30967609886103 -99 -0.418694645649147
-99 -99 0.220687313393377 -99 -99 -99 -99 -99 1.77535305653575 -99
-99 -99 1.45280599425489 -99 0.659572169404138 0.399762373691008 1.25760722257997 -99 1.99091075942723 -0.424821302211391
-99 -99 -99 -99 -99 -99 -99 -99 2.69589128672019 -99
-99 -99 4.0367297231474 -99 -99 -99 -99 3.23688267239035 -99 -99
-0.179447758061929 0.701497071996777 2.68117798451937 1.6832112697903 3.4463019765233 2.43631900453471 1.65408392780193 4.21060054793258 -99 -99
-99 1.17204359184108 -99 -99 -99 -99 -99 -99 -0.771004144294064 -99
-99 -99 1.38410182681733 -99 -99 0.200983583642266 -99 -99 -99 0.433283875046439
2.27269147144155 -99 -99 1.78822363910821 -99 -99 -99 -99 0.160361223571374 2.15621182752133
-99 -99 -99 -99 -99 -99 -99 -99 -99 -99
-99 2.62396206201737 -99 -99 -99 -99 -99 -99 -99 -99
-99 0.770196925458071 -1.12848260199829 -99 -99 -99 -99 -0.645409301475184 -99 -99
-99 -99 -99 0.242512793320948 -99 -99 -99 -99 -99 -99
-99 -99 -99 -99 -99 -99 0.240492137194633 -99 -99 -99
-99 -99 -99 -99 -0.204211339068375 -99 3.11145787613791 -99 -99 -99
-99 -99 -2.29973618822969 -99 -99 -99 -99 -99 -99 -99
-99 2.45448890037231 -99 -99 -99 -99 -99 -99 -99 -99
2.02657484150349 -99 -99 -99 -99 2.70548823625943 -99 -99 -99 4.63620721111868
-99 0.190014407554846 -99 -99 0.391861553711204 -99 -99 -99 -99 -99
4.77614926515997 -99 -99 -99 -99 -99 -99 -99 4.74019285827414 -99
5.14312908224455 -99 -99 -99 -99 -99 3.23049294304531 -99 -99 -99
-99 -99 -99 -99 -99 -99 -99 2.84772032531231 -99 -99
-99 -99 -99 0.490421501484581 -99 -99 -99 -99 -99 -99
-99 -99 -99 -1.91280370513104 -99 -99 -99 -99 -99 -0.419057861053296
-0.532290684285465 -99 -1.03338019045514 -99 -99 -99 -99 -99 -99 -99
-99 -99 -99 -99 2.0310061857782 -99 1.79598613379043 -99 -99 2.14983364360181
-99 -99 -99 -99 -99 -99 -99 -99 -99 -99
0.537153436498766 -99 -99 -99 -99 -99 0.740274676724773 1.44547854723772 -99 -99
-99 -99 -99 -99 -99 -99 -99 -99 -99 -99
-99 -99 -99 -99 -99 -99 -99 -99 2.5298405357472 2.50275153551407
-99 -99 2.55997676009559 -99 -99 -99 -99 -99 -99 0.665935318626811
-0.091521978923387 -0.601663700744376 0.882347076328601 -99 -99 -99 -99 -99 1.11615797126317 -99
-99 -0.720790029991747 2.25643730682822 -99 -99 -99 -99 -99 -99 -99
-99 2.44160291616995 0.539870278170337 -99 -99 -99 -99 -99 -99 -99
-99 -99 -99 0.360114645432894 -99 -99 -99 -0.428397634817866 -99 -99
-0.226629498436073 2.42586575917839 -99 -99 0.734927057517078 -99 -99 0.652206372622136 0.370949125460227 0.660536355667261
-99 0.848377595912378 -99 1.37690757277979 -99 -99 -99 -99 0.519790427627492 -99
-99 2.8907904018002 -99 -99 -99 -99 -99 -99 -99 -99
-99 -99 -0.0416379408951868 1.33580466354659 -99 -99 0.0202598443601729 -99 1.60598768132515 -99
0.859116124204483 -99 -99 -99 -99 -99 -99 -0.159271801464536 0.99333142705979 -99
-99 -0.580452782798995 -99 -99 -99 -99 -99 -99 -99 -99
-99 -99 3.39797222267292 -99 2.60115302570009 1.78874879670844 -99 -99 -99 -99
-99 -99 -99 -99 -99 -99 -99 -99 -99 -0.278277872468465
-99 -99 -0.453196257548004 -99 -0.773806891770617 -99 -99 -99 -1.23350663695822 -99
1.19582089013365 0.123630078845103 -99 -99 -99 0.675971119242238 2.41206126695695 1.00490341828602 0.347660964858165 -99
-99 0.166236441267541 -99 -99 0.710487080603687 -99 -99 -0.525808734406642 -99 -99
-99 -99 -99 -99 -99 -99 2.49180207347901 1.0180691237878 -99 0.924589224715936
-99 -99 -99 -99 -99 -99 -99 -99 -99 -99
-99 1.5306075832432 -99 -99 -99 -99 -99 -99 0.0238617164572623 -99
-99 -99 -99 2.13750413282104 -99 1.65017342310636 -99 -99 -99 -99
-99 -99 -99 -99 -1.57984073251794 -99 -0.761263061488134 -99 -99 -99
-99 -99 -0.141609766054771 -99 0.147106524753977 1.58331814533106 -99 -0.823590547866893 -99 -99
-99 -99 -99 -99 -99 -99 -99 -99 -99 -99
-99 -99 -99 -99 -99 1.95762015023654 -99 -99 0.347277675545726 -99
-99 -99 1.030934871363 -99 -99 -99 -99 -99 -99 -99
1.79023173175844 2.49633786140805 -99 -99 -99 -99 -99 -99 -99 1.14937066320648
2.13601487904596 0.161071342737723 -99 -99 -99 -99 -99 -99 -99 -99
-99 0.568294629601529 -0.192037588377082 -99 -0.113357058820072 0.276816073342744 1.41014767396943 0.69281189004492 -99 -99
-99 1.59479862474752 2.0945893892494 -99 -99 0.244438593188136 -99 -99 -99 -99
-99 -99 -1.0630726194638 -99 -99 -99 -99 -99 -99 -99
-99 -99 1.28690634160377 1.43469192862575 -99 -99 -99 -99 -99 -99
-99 -99 -99 -99 -99 -99 -99 0.682419850683961 -99 -99
-99 -99 -99 -99 3.12371922260162 -99 0.359532616733511 -99 -99 -99
-99 -99 -99 -99 -99 -99 0.351204420114175 2.08836493452986 -99 -99
-99 -99 -99 -99 -99 2.12200778336625 -99 -99 -99 0.177536559602377
-99 -99 -99 -99 -99 -0.533820617299951 -99 1.73860925350612 -99 -99
-99 -99 -99 -99 2.50890667682126 0.127947514468936 -99 -99 1.03976687121864 -99
-99 0.0589471383409194 -99 -99 -99 -99 -99 -0.459652390343839 -99 -99
-99 -99 -99 -99 2.75996399322579 2.34958796869116 -99 0.660228000847525 -99 -99
-99 -99 -99 -99 -99 1.22827934151978 -99 1.80621204963657 1.74391557275728 -99
-99 -0.100726848289429 -99 -99 -1.63166092577863 -99 -99 -0.961816669710873 -99 -2.62508478727964
-99 -0.481127740395835 -99 -99 -99 -99 -99 -99 -99 -99
-99 -99 -99 -1.30562849447195 -99 1.30801745334253 -99 -99 -99 0.739385699746876
-99 -99 -99 -99 -99 -99 -99 -99 -99 -99
2.31166973160805 -99 -99 -99 -99 1.79795673329457 -99 -99 -99 1.14042361919338
0.910959413187756 -99 0.600352476552803 1.17941047077959 -99 0.160599049560901 -1.16723640115113 1.05054243702029 -99 1.90563234682915
1.53877540177306 -99 -99 -99 -99 -99 2.00160986757042 -99 -99 -99
-99 -0.836431353014407 -99 -99 -99 -99 -99 -0.0643791517440135 1.30706541012804 -0.314068322912558
-99 0.423858186684887 -99 -99 -99 -99 -99 -99 0.897522014229287 -99
-99 -99 -99 -99 -0.166878392713639 -2.29502507906085 -99 -99 -99 -99
-99 -99 -99 2.15332622297785 -99 -99 -99 0.939652751404552 -99 -99
-99 1.07114750845329 -99 -99 -99 -0.0652809199930735 -99 -99 -0.976265810740552 -99
-99 -99 -99 1.69976510553465 -99 -99 -99 -99 -99 -99
-99 -99 -99 -99 -99 -0.471302953312702 1.28528967916483 -99 -99 -99
-99 -99 -99 -99 -99 -99 -99 -99 -99 0.304079348452255
-99 -0.415697174106824 -99 -99 0.478463007141257 1.393130948254 -99 0.165977979027894 0.624196687196309 -99
-99 -99 -99 -99 -1.05334415769164 -99 -99 1.35340094105266 -1.68498383059764 -99
-99 0.74299889436497 -99 -99 -99 -99 -99 -99 -99 -0.494600246123037
-99 -99 -99 2.54963703953423 -99 -99 -99 -99 -99 -99
-99 0.168347387506277 -99 -99 2.48168977755251 -99 -99 -99 -99 -0.165989004483907
-99 -99 -99 -99 1.47760606010552 -99 -1.93613384845499 -99 0.592708630723437 -99
-99 -99 -99 -99 -99 -1.61045699393447 -99 -99 0.370852403107943 -99
-99 -99 -99 -99 1.29223200494704 2.86758109874755 -99 -99 -99 -99
3.62202614760807 -99 -99 3.15564725543478 1.05343099796399 -99 1.31254725713413 0.933301991811251 -99 -99
-99 2.1276452607425 1.57662880869742 3.46451831514951 1.18983186649484 -99 -99 -99 2.15637270025752 -99
-99 -99 -99 -99 -99 -99 2.86491776171539 2.96190659077885 3.22219870348448 -99
0.811894350954878 0.479501850912955 -99 -99 -99 -99 -99 -99 2.46455646770691 -99
-99 -0.674533482164035 -99 -99 -99 -1.43499845846704 -99 -99 -99 -0.451638574073284
-0.930152423835492 -99 -99 1.69725654945166 -99 -99 -1.32872695565731 -99 -99 -99
-99 -99 -99 -99 0.603205768865809 -99 -99 -99 -99 -99
-0.410117642705073 -1.57282441509748 -99 -2.68232502411444 -99 -1.6737003268845 -99 -99 -99 -2.76660113537318
1.90996172210737 -99 -99 0.785815804724869 -99 -99 -99 -99 -99 -99
-99 -99 0.355345931484271 -99 -99 -99 -99 -99 -99 -99
-99 -99 -99 2.72828338920385 -99 -99 -99 -99 -99 -99
-99 -0.674028861439969 -99 0.558774309430994 -99 -99 -99 -99 0.0342070294197073 -99
-99 -99 -99 -99 -99 -99 -99 -99 -0.0425893162077768 -99
-99 -99 2.7252354092487 1.79226580920741 -99 -99 1.45377674965592 -99 -99 -99
-99 -99 -99 -99 -99 -99 -0.622422570711363 2.15723384555485 -0.254344192103933 -99
-99 -0.488197401569773 -99 -2.1172488042607 -99 -99 -99 -1.22408452475932 -99 -99
-99 -1.09733950245578 -99 -0.88030552175618 -0.454899131497067 -99 -99 -1.08079388170847 -2.21761827647444 -99
-99 -99 -99 -99 1.50065755859492 0.851108360415079 -99 -99 -99 -99
