-99 -99 -0.660273580334246 0.722247125168043 -1.79303471138517 0.129057267473016 -99 -0.672557510511737 -0.592530195217455 -99
-99 -99 -99 -99 -99 -99 1.8329778283689 5.02931221939494 -99 -99
-99 -99 0.456831425410342 -99 -99 -99 -99 -99 -99 2.14782827781037
-99 -99 -1.00290299209604 -99 -99 -99 -0.948520475430989 -99 -99 -99
2.2174591248391 -99 -99 -99 -99 -99 -99 -99 -0.981941641765777 1.07306072088758
-99 -99 -99 -99 -99 -0.182338446214763 -99 -99 -99 -99
-99 -99 -99 -99 -99 -99 -99 -99 -99 -99
-99 0.829991818519559 -99 2.79260081512612 -99 -99 -99 -99 3.86682586534529 -99
-0.423422705779399 -99 -2.16510934189674 -99 -99 -99 -99 -99 -99 -99
-99 2.77262962297542 -99 -99 2.11308113755419 -99 -99 -99 -99 -99
-99 -99 -99 -99 3.728456549534 -99 4.16957847539185 -99 -99 -99
-99 -99 -0.757349667180849 -99 -99 -99 -99 -99 -99 -99
-99 -99 -99 -99 -0.0291363870963566 -99 -99 -99 -99 -99
-99 -3.48340601731628 -99 -2.77196230229667 -99 -1.93197152622309 -99 -1.55330082283706 -99 -99
-99 2.33366962546428 -99 -99 -0.781268901462084 -99 -99 1.94760128204147 -99 -99
-0.0314163219399626 -99 -99 1.35760804279035 -99 -99 -99 -99 -99 -99
-99 2.00182739091967 -99 2.96223183873942 -99 -99 -99 -99 -99 2.56519621938727
-99 -99 -99 -99 -99 -99 -99 -99 -99 -99
-99 -99 -99 -99 -99 -99 0.58129815745391 1.94151194100787 -99 -99
-99 0.0157728558068012 0.579318494942085 -99 -99 -99 -99 -99 -1.13767033853387 -99
-99 -99 -99 -99 1.49793853797884 1.67472474902777 1.104762445865 -99 3.15846556226495 -99
1.00752495545375 2.06464668959025 -99 -99 -99 -99 -99 -99 0.487582344528448 -99
-99 -99 -99 -99 -99 -99 3.39211247489326 -99 2.19515713776645 1.28487057987362
-99 -99 -99 -99 -99 -99 2.10820553437838 -99 0.742408671678182 0.822112033762312
-99 -99 -99 0.590618226010197 -99 -99 -99 -99 0.106118943134518 -99
-99 -2.54352286952402 -0.577539294903874 -99 -2.57073379518315 -99 -99 -99 -99 -99
-99 -99 -99 -99 -99 -99 -99 -99 -0.547969742493713 0.00768098798405104
0.277412335331997 -99 -99 -99 -99 -99 -99 1.90249040080155 -99 -99
-99 -99 -99 -0.317298427704961 -99 -99 -99 -99 -99 -99
-99 2.83067775173879 -0.24346505522083 -99 1.25764546634086 -99 -99 -99 3.92965267752449 -99
-99 -99 -99 -99 -99 -99 3.37940120828771 -99 -99 4.22567783052538
-99 -99 -99 2.50198004978091 -99 -99 -99 -99 -99 -99
1.13444823091092 -99 -99 -99 -0.482147900123441 -99 -1.88566558456484 -99 -99 -99
-99 -99 -99 -99 -99 2.46080816763412 -99 -99 -99 -99
-99 -99 -99 -99 -99 -99 1.75989814109784 -99 -99 -99
-99 -99 0.492201278149305 -99 -99 1.42903794972828 -99 -99 -99 -99
-99 -99 -99 -99 -99 1.21410208931313 -99 -99 -99 -99
-99 4.26485927514409 -99 -99 -99 -99 -99 -99 -99 -99
-99 -99 -99 -99 -99 -99 -99 -99 -99 -99
-99 -99 -99 -1.35532543570172 0.245134026660255 -99 -99 -99 -99 -0.924798502810376
0.281069229149084 -99 -99 -99 3.0207590590699 -99 -99 -99 -0.296928066516005 -0.517563179103339
-99 -99 -99 -99 1.77392061100939 -99 -99 2.45308275688207 1.67670554379581 -99
-99 -99 -99 -99 2.39336723534779 -99 -99 1.0688938606932 1.99266701821704 -99
2.22981364229781 -99 -99 -99 -99 -99 -99 -99 -99 2.56312834524019
3.16506788710997 -99 1.15758854987046 0.525802528863515 -99 1.64978444182064 -99 -99 -99 0.253301100619119
-99 3.07067973333385 -99 -99 -99 -99 2.91721049933191 -99 -99 -99
1.37617275893641 -99 1.69195243661578 -99 -99 -99 -99 -99 4.09107538183278 -99
-99 -99 4.4338053302153 -99 3.12712878189665 2.58625999086015 -99 -99 -99 -99
-99 1.18425726225788 -99 -99 1.39456284214041 2.12640465094539 -99 -99 -99 2.32808870453749
-99 -99 -99 0.775764948017659 -99 -99 -99 -99 -99 -99
-99 -99 1.91734024882508 -99 2.90308795961616 -99 -99 -99 -99 -99
-99 -99 -99 1.36606660491873 -99 -99 -99 -99 1.66940927077649 -99
-99 -99 -99 -99 -99 -99 -99 -99 -99 0.734467527589821
-99 -99 -1.30343897229435 -99 -99 -99 -1.24595165112555 -3.49810929894024 -99 -99
-99 -99 0.162571163832666 0.435502170688179 -2.32289151175819 -99 -1.21862196468166 -99 -1.1375696642757 -99
-99 -99 -99 2.23433577179944 1.22321382094781 -99 -99 3.93963907448607 3.01222723255558 -99
-99 -99 -99 0.535627898111479 -99 -99 -99 -99 -99 -99
-99 -1.29229758918285 -99 -99 -1.3772756635554 -99 -99 -99 -99 -99
-99 -99 2.60508527163207 3.71588512970662 -99 -99 -99 -99 2.08536123819157 3.90749521021685
-99 -99 0.437601638712019 -99 -99 -99 3.05115634927676 2.18552148998028 -99 0.162926510379926
-99 -99 -99 -99 -99 -99 1.42932705224213 -99 -99 -99
-99 -99 -99 -99 2.99686658932123 -99 0.415530800406787 -99 -99 -99
-99 -99 -99 0.452157915449244 -99 -99 -99 -99 -99 -99
-2.56968860933859 -99 -99 -99 0.327016790467696 -99 -99 -99 -1.6726135304702 -99
-0.0207399369824512 -99 -99 0.123359191187203 -99 -99 -99 -99 0.861250452613625 -99
-99 -99 -99 -99 -99 -99 -99 -1.56264016625921 -99 -99
-99 -0.678772820497145 -99 -99 -99 1.26234088116202 -99 -99 -99 -99
-99 -99 -99 0.695338101145489 -0.014285342635737 -99 -99 -99 3.24419799226316 -99
2.45615812223306 -99 -99 -99 -99 -99 -99 -99 -99 -99
-99 -99 -99 -99 -99 -99 -99 -99 -99 -99
-99 1.25389047315561 1.94716577006859 -99 2.10934599138523 -99 -99 -99 -99 2.18543144726763
1.68116999527293 -99 -99 0.63790083149337 -99 1.74797559383227 -99 -99 1.98871327206737 -99
-99 -99 -99 -0.259089597255924 -99 -99 -99 -99 -99 -99
-99 3.19857067339448 -99 -99 -99 -99 -99 -99 2.12946457690297 -99
-99 -99 -99 -99 -99 1.49891227618599 0.69533899435668 0.0882087866673334 -99 -99
2.77770268717156 2.96152595909022 -99 -99 2.41058030860666 2.80275092700206 -99 -99 -99 -99
-99 3.69400093104578 -99 -99 2.36815740716587 -99 -99 -99 -99 -99
-99 -99 -99 -99 -99 2.54799894390063 -99 -99 -99 -99
-99 -99 0.851555344416233 0.464573400903513 -99 -99 -99 -99 -99 -99
-99 0.316317517902236 -99 -99 -99 -1.15319966206338 -99 -99 -99 -99
-99 -0.59412231036677 -99 -99 -99 -99 -99 -99 -99 -99
-1.32740093618396 0.388660014936056 -1.15703091975636 -99 -99 -99 -99 0.40495960375664 -99 0.238091676975414
-99 -99 -99 -99 -99 -99 -99 -99 -99 -99
-99 -99 -99 0.174700725695761 -99 -99 2.58739656154716 -99 -0.251254300325584 2.232967646262
-99 -99 -99 -99 -99 0.995184835420922 -99 -99 -0.301155089848851 -99
-99 -99 -99 2.26417441489492 -99 -99 -99 -99 -99 3.23986846054835
-99 -99 -99 -99 2.83944542279887 -99 1.95733689486924 -99 -99 -99
-99 1.6552323391954 0.845288192066644 0.47351167656989 -99 0.284176273400497 -99 -99 -99 -99
-99 -99 -99 -99 1.18412782958362 3.49634908601614 -99 -99 -99 -99
0.412635747715627 0.272916860738765 -99 -99 -99 -99 -99 -99 1.07591322109614 -99
-99 -99 -99 -99 -99 -99 -99 -99 -99 1.58589542034653
-99 -2.1497372258279 -99 -99 -99 -99 -99 -99 -99 -99
-99 -99 -99 -99 -99 -99 -99 -99 -99 5.47879010704848
-99 -99 -99 -0.962314461946403 0.698313175365897 -99 -99 -99 -99 -99
-99 -99 -99 -0.365091659114968 -99 -99 -99 -0.883776715399085 -99 -99
-99 -99 -99 -99 -99 0.34038204116092 0.763647711161691 1.5259818855772 -99 -99
1.77770110847694 0.769766526733131 1.12658183005222 -99 -0.296646872090238 0.261189110036886 -99 -99 -99 -99
-99 -0.11014655693781 -99 -99 -0.0863541588696997 -99 -99 -99 -99 -99
-99 2.51352534922667 -99 2.98498858355171 -99 3.06259288266975 -99 0.600656232453192 -99 -99
-99 0.220355063853817 -99 -99 -99 -99 -99 -1.53349015262598 -99 -0.0174299679830936
-99 -99 -99 -99 0.898644202098737 -99 -99 -99 -99 1.51689775874323
-99 -99 -99 -99 -99 -99 1.83482449430503 2.60171100968835 -99 -99
-99 -99 -99 -99 -99 -99 3.37120423518108 -99 -99 -99
-99 -99 -99 -99 -99 -99 -0.702293239816655 -99 -99 -99
-99 0.311335147356156 -99 -99 1.7950686521463 -99 -99 -99 -99 1.36551183463856
-99 -99 3.4028636752475 6.25201358966922 0.548684756583396 -99 3.20302720370961 -99 -99 -99
-99 -99 -99 -0.328469854933032 -99 -99 -99 -99 -99 -99
-99 -99 -99 1.95322008774349 -0.296558353889191 -99 -99 0.0976037152242378 -99 -99
1.90483380822922 -99 -99 -99 -99 -99 -99 -99 -99 -99
0.676254636399141 -99 0.132411439690269 -99 -99 -99 -99 -99 -99 1.38132402953276
-99 -99 0.704735768416211 -99 1.15785486652537 2.75771439372553 1.31350028164385 -99 -99 -99
-99 -99 -99 -99 -99 2.50962938366847 -99 -99 1.44678387066131 2.21620891881952
-99 -99 2.60199440386307 -99 -99 -99 -99 -99 -99 3.65638042147619
-99 -99 -99 3.32070536793313 2.60063442179219 -99 2.65794000523984 -99 1.12314156081787 2.74472587239873
-99 -99 -99 -99 -99 2.71756277818834 -99 2.65493939564273 -99 -99
-99 -99 -99 -99 -99 -99 -99 -0.393619064484483 -99 -99
-99 -99 -99 -99 -99 -99 0.62646574455055 -99 -99 -0.431676152575004
-99 -99 -99 -99 -99 -99 -99 -99 2.28461666562961 -99
2.50036558432167 -99 3.26336483155404 -99 -99 2.00853615617644 -99 1.61414293041418 -0.595268115809968 2.24093809622375
-99 -99 -99 1.36814418871077 -99 -99 -99 -99 -99 -99
-99 -99 -99 -99 -99 -99 -99 -99 -1.30643431672125 -1.37651306053065
-99 -99 -0.968200663418596 0.63174945096043 -99 -99 -99 -99 -99 -99
4.03329179508056 2.22571420800333 -99 -99 -99 3.28590470507521 -99 -99 -99 2.20569808186185
-2.45194243114817 -1.82193497339264 -99 -99 -99 -1.54876958077078 -99 0.100618241422169 -99 -99
1.83070236388175 -99 -99 -99 -99 -99 1.73972286823583 -99 -99 -99
0.118410286149996 -99 -99 -99 -99 -99 -1.00306676378372 -99 -99 -99
-99 -99 -99 -99 2.05500138212647 -99 1.87031118269505 -99 -99 -99
-99 0.206701620704847 2.97070209960825 -99 -99 -99 -99 -99 -99 -99
1.22490545426174 -0.99799621491475 -99 0.46321118014536 -0.967794995716214 -1.05079172430969 -0.680972638096475 -99 -99 -99
1.10766669338798 0.120499989010972 -99 -99 -99 -99 -99 -99 -99 -99
-99 -99 -99 -99 -99 -99 1.97034307767302 -99 -99 1.35646083956772
-99 -99 0.964032793182814 -99 0.954654297839471 -99 -99 -99 2.59589423612676 -99
-99 -99 -99 -99 -99 -99 -99 -99 -0.279349477068385 -1.23528502729135
-99 0.766081182293789 -99 -99 0.648487704739073 -99 -99 -99 -99 -99
-99 -99 -99 -99 -99 0.850519787671438 -99 -99 1.76558065641756 -99
-99 -0.293867911407986 -99 0.470550936585076 -99 -0.437692815779395 -99 -1.59899499662028 -99 -0.28857326162035
-99 -99 0.615556602493376 0.264786400863059 -99 0.0775934145177204 -99 -99 1.86107493170872 -99
-99 -99 3.51120071886522 -99 3.00703062536083 -99 -99 -99 -99 -99
1.5231526231466 2.33382341071654 1.30664293748729 -99 3.1507709814985 -99 -99 -99 -99 0.135248985348559
-99 -99 -99 -99 -99 -0.89995269719314 -0.290319354873372 -99 -99 -99
0.744118073226415 -99 -99 -99 -99 -99 -99 -99 -99 1.2070894808273
-99 -99 0.698595103984094 -99 -99 -99 -99 -99 -99 -99
-99 -99 -99 -99 -99 -99 -99 2.38186571018833 -99 2.32019676443567
-99 -99 -99 1.07891708934772 -99 0.865435401763833 -99 -99 -99 -99
-99 -99 -99 -99 -99 -99 -99 -99 -99 -99
-99 -99 -1.25568819629198 -0.578137046945669 -99 -1.48060906830878 -99 -99 -99 -99
0.492883635429597 -99 2.45307659882074 0.106743733606733 0.810631175397308 -99 0.635896226079083 -0.307728102192566 -99 -99
-99 -99 -99 -99 -99 0.391154737536178 -99 -1.75821876054257 0.585947132761313 -99
0.690360750260086 -99 -99 0.0634239637608593 -99 -99 -99 -99 -99 -99
-99 0.0698983542884687 -99 1.35962322900937 -99 -99 -99 -99 -99 1.24309167056897
-99 -0.920186495437932 -99 -99 -99 -99 -99 -99 -99 -99
-99 -99 -99 -99 -99 -99 -99 -99 0.225641708615842 -1.51681867789176
-99 -99 0.945486071715254 -99 -99 -99 -99 -99 0.981722952188003 -99
-99 -99 -99 -99 -99 2.30401604468145 -99 -99 -99 0.203644312717424
-99 -99 1.06313208065307 -99 -99 -99 -99 -99 -99 -99
1.23496725421417 4.23385943695671 1.96049703486463 1.08265246550184 -99 -99 -99 -99 3.5360457643693 -99
-2.16151698053491 -99 -99 0.391930436276107 -99 0.243312043725705 -99 -0.343759794529366 0.170144224667212 -0.184845639614125
-99 -99 0.720183059917366 -99 -99 -99 -99 -99 -0.234679039055866 -0.637946595942675
0.613032786115703 -99 -99 2.1194683517196 -99 1.05064483502568 -99 -99 0.674085945447961 -99
-99 1.06421011333646 -99 1.67922657002823 -99 3.29729417015919 -99 -99 -99 -99
0.659090031628527 -99 -99 -99 -99 -99 -99 1.92799790325375 -99 -99
1.44105037151533 -99 -99 -99 -99 -99 -99 -99 -99 0.834871048040108
-99 -99 0.0583272165865369 -99 -99 -99 -99 -99 -99 2.13889609937299
-99 -99 -99 -99 -99 -99 -99 -99 -99 0.250568424576641
-0.0203245508471614 1.05595235921223 -99 -99 -99 0.7663756338917 -99 -99 -99 -99
-99 0.552818620653863 -99 -99 -99 -99 -99 -99 -99 2.31093291963614
-99 -99 0.742504736567184 0.154626946198067 -99 -99 -99 -1.53828902179157 -99 -99
-99 -99 -99 -99 3.34436006568235 -99 -99 -99 -99 -99
-99 -99 -99 0.711608440336706 -99 -99 -99 -99 -99 -99
2.008126151382 -99 -0.432267872649607 -99 -99 -99 -99 -99 2.3451679099756 -0.166076324683989
-99 -99 -99 -0.804925758425487 -99 -99 -99 -1.51240279418271 -99 -99
-99 -99 -99 1.52180871781514 -99 -99 -99 1.62602080119237 0.306985614624972 -99
4.00256074157342 -99 2.10054923006527 -99 -99 -99 -99 -99 2.22832078792818 -99
-99 -99 -99 -99 0.71860124232479 -99 0.281076037687458 -99 2.06232766295926 -99
-99 -99 -99 -99 -99 -99 -99 0.53626150354406 -99 1.78110018957192
-99 0.305319663482461 -99 -99 0.316254184118002 -99 -99 -0.901962787371087 -99 -99
-99 -99 0.785796660835584 -99 -99 -99 0.267867260501685 -99 -99 -99
-99 1.48935091366695 -99 -99 -99 -99 -99 -99 -99 2.11429734536241
-99 -99 -99 -99 -99 0.197672895911402 0.0917775139624812 1.22338350230775 -99 -99
-0.0627611326510431 2.18059974992016 -99 -99 -99 -99 -99 -99 -99 -99
-99 -99 -99 -99 -99 -99 -99 -99 -99 -99
-99 -99 -99 -99 -99 -99 -99 -99 0.228842747397993 -99
-99 1.30530922946675 -99 -99 -99 -99 -99 -99 -99 -99
2.65637522134055 -99 0.569055049143268 -99 -99 -99 -99 2.03904041413383 2.11562458382479 -99
1.59866595663463 -99 0.868933474397503 -99 -99 1.08533807225181 -99 -99 -99 -99
-99 1.83232726089617 1.47681414366531 -99 -99 -99 -99 -99 -99 2.18368140995526
-99 -99 0.901876800538227 0.792879511710433 1.48986908233397 2.28269850106905 -99 0.356608697658293 -99 -99
-99 -99 -99 3.91515967015069 1.9990140867655 -99 -99 -99 -99 -99
-99 -99 0.782724755303573 -99 1.63066282103428 1.30039175238842 -99 -99 2.22371769070442 -99
2.79884841291437 -99 -99 -99 1.27523048749882 -99 -99 -99 1.7621317532809 2.13858050343833
-99 -99 -99 1.23484650593233 -99 -99 -99 -99 -99 -99
-99 -99 -99 -99 -99 -99 -99 -99 -99 -99
-99 0.280862124723231 -0.666722021156329 -99 -99 -99 -1.46873441359791 -99 -99 -2.00276755473145
-99 -99 -99 -99 -99 -99 -99 -99 -99 -99
-99 -99 -99 -99 -99 -99 -99 -99 -99 0.813327516926149
-0.00869941624612403 -99 2.32769182091673 -99 -99 1.4820067575051 -99 -99 -99 -99
-99 0.582015688467864 -99 -99 -99 0.577026483576315 -99 -99 -0.537742752435397 -99
-99 -99 -99 -0.363049584071589 0.892332629181487 -99 0.453904867102432 0.751184717281343 -99 -99
-99 -99 -99 -99 -99 -99 -99 -99 -99 -99
-99 3.54539793712369 4.06311939135791 2.29746685932244 -99 -99 -99 -99 -99 -99
-1.52759337824344 -99 -99 -99 -99 -99 -99 -99 -3.42590790850968 -99
-0.0847621215231484 1.5193050220905 -99 1.40030752322868 -99 0.355105932792789 2.22947341571412 0.703495603880167 -99 -99
-2.9183420443142 -99 -99 -99 -99 -1.02058252859568 -99 -99 -99 -99
-0.180988627583399 -99 -99 -99 0.828992454949541 -99 -0.0342531869424458 -99 -99 -0.973341470387169
-99 -99 -99 -99 -99 3.25522758871947 -99 2.01759921372862 -99 -99
-0.273895711071541 1.56493899600684 -99 0.0630874731909505 -99 0.940615452654323 -99 -99 -99 -99
0.513037184350333 0.357272185519955 -99 -99 -99 -99 -99 -99 -99 -99
-99 -99 -99 -99 -99 0.625386957212141 -99 -99 -99 -99
-99 -99 -99 -99 -99 -99 -99 -99 0.284337547701642 -99
-99 -99 -99 -99 -99 -99 -99 -99 -99 -99
-99 -99 -99 -99 -99 -99 -99 -99 -99 0.329869010537152
-99 0.381391266765708 -99 -99 -99 -99 -99 -99 -1.01126510640339 -99
-99 -99 -99 -99 -99 0.40866541346562 -99 -99 2.97577803530481 1.44871105465491
-99 -99 -99 -99 -2.24861416306996 -99 -99 -99 -99 -99
-99 -99 -99 -2.07136734243599 -99 -1.04266227093537 0.568268909875628 -99 -0.925141273409792 -99
2.69186780399215 -99 -99 0.679352173437054 1.6320665900724 -99 -99 -99 2.75064458250618 2.77652674848479
-99 -99 -99 2.52362936580281 -99 -99 1.56128348635039 2.6782867639896 -99 0.0221130673545187
0.827907011223872 -99 -99 -99 -99 -99 -99 -99 -99 -99
-99 -99 1.40254200948251 -99 2.00905796694072 -99 2.18261894441754 -99 -99 -99
-99 -99 -99 -99 -99 -99 2.30831103638147 -99 -99 2.14467729569682
-2.42904400040562 -99 -3.17211688207149 -99 -99 -2.10786930813615 -99 -99 -99 -2.48410107861255
-99 -99 -99 -1.34363094087851 -99 -99 -2.56522032705534 -1.06202630558178 -99 -99
-99 -99 -99 0.336398072137321 -99 -99 -99 -1.28126238741403 -99 -99
-99 -99 -0.119856781188953 -99 -99 -99 -99 -1.42567709065204 -99 -99
1.37627460455555 0.849400172360211 -99 -99 -99 -99 -99 -99 0.333159728686638 -99
0.311610408795451 1.04422119946537 -99 -99 -99 -99 -99 -99 -99 -0.580410529701952
-99 -99 -99 -99 -99 -99 -99 -99 -99 1.38645231390901
-99 -99 -99 1.31243917414138 -99 -99 -99 -99 -99 1.43957744262714
-99 -99 -99 -99 1.10926443084291 -99 -99 -99 1.43959680876879 -99
-99 -99 -99 -99 -99 -99 -99 -1.91420129489701 -99 -99
-99 0.802636773857428 -99 -1.109707030838 -99 -99 -99 -99 1.70290133290847 -99
-99 -99 -99 -99 -99 -99 1.49542376879881 -99 -99 -99
-99 -99 2.61430717668659 -99 2.88007213534684 0.722015754559948 -99 2.09377325676676 1.2287972484791 -99
0.440528106503876 -99 -99 -99 -99 -99 -0.627067350666321 -99 -1.89498503700521 -99
-99 -99 -99 -99 -2.27271234934913 -99 -99 -99 -99 -99
0.526422022401461 -99 -99 -99 -99 -99 -0.37415236153875 -99 -99 -99
-0.0767375694368719 -99 -99 -99 -99 -99 -1.99223395840799 -99 -99 -99
-99 -99 -99 -99 -99 -99 -99 -99 -99 -99
-0.339323023621449 -99 -99 -99 -99 -99 -99 -99 -0.460320496689697 -99
-99 -99 -99 -99 -99 -99 -0.383680512926432 -99 -99 -99
-99 -99 -99 -99 -99 3.60240672492673 -99 1.08679919650554 -99 -0.292049542908371
-99 -99 -99 -99 -99 -99 -99 2.28434441952102 -99 1.90300901576905
-99 -99 0.397754961049099 -99 -99 2.44137169687428 -99 -99 -0.357579804476116 -99
-99 -99 -99 -99 3.61029882485589 -99 -99 4.41252865984235 -99 -99
-99 -99 -99 1.89898237204688 -99 -99 1.59377196721384 -99 -99 -99
1.1725823233308 -99 2.26386108568769 0.938734691200527 -99 0.166243803406045 -99 -99 -99 -99
-99 -99 -99 4.31947290483408 -99 -99 1.8240748589804 -99 2.40904066975297 -99
-99 -99 -99 1.51249612571007 -99 -99 -99 -99 5.23051017919525 -99
-99 1.81494441107075 -99 -99 2.59188802368836 -99 -99 -99 -99 1.3951845790755
-99 -99 0.771471644190421 -99 -99 -99 -99 -99 -99 -99
-99 -99 -99 -99 2.20346800300081 2.58956614436296 -99 -99 -99 1.55602158036604
-99 0.750061188875396 -0.31867246656999 -99 -99 2.056663386447 -99 0.813972587421775 1.21531626726603 -99
-99 -99 -99 -99 -99 -99 -99 3.28396180154464 4.89942388830212 -99
-99 2.26603907987119 -99 -99 -99 -99 -99 1.66869756674394 -99 -99
-0.934586300004019 -0.631420456649269 -99 0.13258964858517 -99 -99 -99 -99 -1.42393922738175 -99
-99 -99 0.00796485790155921 -99 -99 -99 -99 3.02754970213379 -99 -99
-99 -0.449966476302665 -99 -99 -99 -99 -0.340112639054774 -99 -99 -99
-99 -99 0.34033077049435 -99 -99 -99 -99 -99 0.741861060430569 -99
1.31395783575528 -99 -99 -99 -99 -99 -99 -99 2.35777227435963 -99
-99 1.69051513024263 2.99456965730052 -99 -99 1.39574229339024 -99 -99 3.11866810789251 -99
-99 -99 -99 -99 -99 -99 0.713168898123502 -99 2.517341097384 -99
-99 2.54928611026076 -99 -99 -99 2.18107376255319 -99 -99 -99 -99
-99 -99 3.85889335048822 -99 -99 6.22936671176061 1.85613708644037 -99 -99 -99
-1.02043950932868 -99 -99 -99 -0.558776483493407 -99 -99 -1.20557172889317 -99 -99
-99 -99 -99 -99 -99 -99 -99 -99 -99 -99
1.81250981231018 -99 -99 -99 -99 -99 -99 -99 -99 -99
-99 -99 1.00668816588959 -99 -99 -99 -99 -99 -99 -99
-99 -99 -99 0.604656199500915 -99 -99 -99 0.73938395315891 -99 3.19454922844319
-99 -99 1.10871056512806 -1.60612879504392 0.837407388344311 -99 -99 -99 -99 -99
-99 1.06583653445202 3.37281325069661 2.00077177490117 -99 -99 -99 -99 -99 -99
-99 -99 -99 -99 -99 -99 -99 2.77275693927001 2.05524716379578 -99
3.01031655057111 -99 -99 -99 -99 2.72487054032938 -99 -99 -99 3.6597474556713
-99 -99 -99 1.4417145261906 -99 -99 3.32498376854416 0.909228643100575 2.29400470454723 -99
-99 -99 -0.366194040969445 -1.05603344894982 -99 -99 -99 -1.25848961454003 -99 -2.04211381480263
-99 0.723049963307262 -99 -99 -99 -99 1.62640923308988 -99 -99 -99
0.334683522625126 -99 -99 -99 1.08329838381012 0.246038210636785 2.83436157390339 -99 1.70400358904031 -99
-99 -99 -99 0.108288142457187 -99 -99 -99 1.2737196075599 -99 -99
-99 -99 -99 -99 -99 -99 -99 -99 -99 -99
-99 -99 -0.537253453359216 -99 -99 -99 -99 -99 0.23983085195134 -99
-99 0.146144219779842 -99 1.82500572237182 -99 -99 -99 2.2581906639885 -99 -99
-99 -99 -99 -99 2.22306975179049 2.10830537459515 -99 -99 -99 0.815157438636445
-99 -99 1.74676803620987 -99 -99 2.63171487217875 -99 1.41443324824324 -99 1.36454045641442
-99 -99 -99 -99 -99 1.09272224425876 -99 -99 1.4309539775147 0.0304400602483871
-99 -99 -99 1.10751535866242 -99 -99 -99 -99 -99 -99
-99 -99 -99 2.00400285837256 -99 -99 -99 1.97014218222189 -99 -99
1.2782561972482 -99 -99 1.91408951127449 -99 -99 1.71212471177362 -99 -99 -99
-0.484097184618906 -99 -99 -99 -99 1.93321939923349 -99 2.151124443872 -99 -99
-99 -0.141167891486394 -99 -99 -99 -99 -99 0.0152827665806581 -99 1.63497036171093
-99 -99 2.25418897607445 -99 1.83200523721473 -99 0.948448599160232 -99 -99 -99
-99 -99 -99 -99 -99 -99 -99 -99 -99 -99
0.755732329874642 -99 2.17708979084095 -99 -99 1.73471676450414 -99 -0.76168839844945 2.82279667813346 -99
-99 -99 -99 -99 -99 -99 1.29279999331327 -99 -99 -99
-99 -99 -2.1684170884392 -99 -99 -99 -99 -99 -3.00113104326384 -99
-99 -99 -99 0.657356586683576 -99 -99 -99 -99 1.19190590701152 -99
-99 -99 -99 -99 -99 0.831804971766985 1.83198740687403 -99 -0.0346170173628164 -99
-99 -99 0.0953299471734397 -99 -99 -99 -99 -99 -99 -99
-99 -99 0.452922400899492 -99 -99 -99 -99 0.552279525010485 0.787476172074049 -99
-99 -99 -99 2.36101045348044 -99 -99 1.59761652656837 2.19477449967969 -99 -99
-99 -1.00867321109781 -0.183966969709147 -99 -99 -99 -99 -99 -1.29752462283016 -99
-99 -99 -99 -99 0.107640821951568 -99 -99 -1.0038914802213 -99 -99
-99 -99 -99 -99 -99 -99 -99 -99 -99 2.59074688798146
-99 -99 -99 1.3521163468917 -99 -99 -99 -99 0.914769914152203 -99
-99 -99 -99 -99 -99 -99 -99 -99 -99 2.12464296784556
4.60561736639439 -99 -99 -99 -99 1.32382282615562 -99 -99 -99 -99
-99 -99 0.840369060119439 -1.30148036117057 -99 -99 -99 1.84326561543171 -99 -99
0.180353154586441 -99 -99 -99 1.16060199225323 -99 -99 -99 -99 -99
-99 -99 -99 1.48945573877978 2.87231654636484 -99 -99 3.1016054184971 -99 -99
-99 -99 -99 -99 -0.289773964556394 -99 -99 -99 -99 -99
-99 -99 -0.387335294064393 0.293868618439394 -2.21576995055926 -99 -99 -99 -1.06868595098045 -99
-99 -99 -99 -99 -99 -99 -99 -99 -99 -99
0.968422176204192 -99 1.15251296977885 -99 -99 -99 -99 -99 -99 1.95064855509434
-99 -99 -99 -0.567311794823233 -99 -99 -99 -99 -1.43920334403525 -99
3.38168430326014 -99 1.26878123191111 -99 -99 -99 1.98861880639353 -99 -99 -99
-99 -99 -99 -99 -99 -99 1.43091022574223 0.756107965553428 -99 2.37845091620793
-99 0.653714090712043 -99 1.28881643542122 -99 -99 -99 -99 -99 1.70373088928046
-99 0.660594446450109 -99 -99 -99 -99 -99 -99 -0.581647100006465 -99
-99 -99 -99 -99 1.46448669191709 -99 -99 -0.333643313042579 1.02347019156267 2.08718316387981
-99 -99 -99 -99 -99 -99 -99 2.46824024184787 2.08169353216182 1.53221644164118
-99 1.96739196648518 0.041812069728425 -99 1.51737953618933 -99 -99 -99 2.72967375763149 -99
-99 2.6659930717714 -99 1.96645541060689 -0.55087869494234 1.98833491983968 -99 -99 -99 -0.0338970511565346
-99 -99 -99 -99 -99 1.09505779363691 -99 -99 -99 -99
-99 -99 -99 4.45673061280166 1.19975275987437 -99 1.45553847775746 -99 -99 -99
1.04965939812103 -99 -99 -99 -99 -99 -99 0.988216490502251 -99 0.640796454785809
-99 -99 -99 0.63020501376702 -99 -99 -99 -99 -99 -2.36385704068656
-99 -99 -99 -99 2.77265783022623 -99 -99 -99 1.77242252816439 -99
-99 -99 -99 -99 -99 -99 -99 1.74626857903808 -99 -99
-99 -99 -0.399180196734978 0.525632016647291 -99 -99 0.616306277623162 -99 -99 -99
-99 -99 -99 1.4872972264395 -99 -99 1.42249842809148 -99 -99 -99
-99 -99 -99 -99 -0.682055064136643 -99 -99 1.50925516688834 -99 -99
0.466042029860307 -99 -99 -99 -99 -99 -99 -99 -1.3794617890624 0.64258579986462
1.97149624047668 -99 -99 0.606964211909946 -99 -99 -99 -99 -99 -99
-99 -99 -99 -99 -99 0.991740097317024 -99 -99 -99 -99
-99 -99 -99 1.80394144208767 -0.0508064778320598 -0.428010944711568 -99 -99 0.101494339305228 -99
-99 -99 -99 -99 -99 -99 1.76263585860046 -99 -99 -99
-99 -99 -99 -99 0.384134125383949 -99 1.57951557247703 2.567671636681 -99 -99
-99 -99 -99 -99 -99 -99 -99 -1.19081729223518 -99 -99
2.78103847079456 -99 -99 -99 -99 -99 -99 -99 3.05453152009352 -99
-99 -99 -99 1.28991300831321 -99 -99 -99 3.33108743212398 -99 2.22241187240219
-99 -99 -99 -99 1.03414195818518 -99 1.10327876509609 -99 1.9404306692987 1.53866111783867
-99 -1.76415093502207 -99 -99 -99 -99 0.640994095112514 -99 -99 -99
-99 1.61969973458939 -99 -99 -99 4.39658919347673 -99 -99 2.46558345995838 -99
-99 -99 0.417459853714383 -99 -99 -99 -99 -99 -0.134757542295761 -99
-99 -1.4157495574618 -1.16051185882337 -99 -99 -0.839112230820253 0.194459688308231 -99 -1.97747263934059 -99
-99 -99 -99 -0.700291864848965 -99 -99 -99 -99 -99 -99
-99 -99 -99 -99 -99 1.40066497041735 -99 -99 -99 2.11843210394826
-2.12007176787502 -99 0.924108866711698 -99 -99 -99 0.15251708965685 -99 0.474476086168266 -99
-99 -99 1.71279553799686 -99 1.37100280059774 -99 2.06129312875417 -99 -99 -99
2.81723823899413 2.16893324508354 -99 -99 -99 -99 2.95582236171659 -99 -99 2.47199458991445
-99 -99 -99 -99 -99 2.15697316401453 2.10036918326038 -99 -99 -99
-99 -99 0.997262957485791 -99 -99 -99 -99 -99 2.84924742158104 0.820480887369048
-99 -99 -99 2.16502001107985 -99 -99 -99 2.22137260092685 1.09270794783222 -99
-99 -99 -99 -99 2.54250847276044 -99 -99 -99 0.896818164059507 -99
-99 -99 2.73545984201355 -99 -99 -99 -99 -99 -99 -0.998667511113606
2.95429722799134 1.76325132100374 -99 -99 -99 -99 3.00164607840844 -99 -99 -99
-99 -99 -99 -0.0836428544833907 -99 -1.3398579937983 -99 0.45478424876785 -99 -99
0.635706969716866 -99 -99 1.21886114932492 -99 -99 -99 -99 -99 -99
-99 -99 -99 -99 1.52131925293638 -99 3.65939369403354 -99 -99 -99
0.804400077983396 0.998679688887644 -99 1.00047299461284 0.942406567354852 -99 2.83393495067617 -99 -99 -99
-99 -99 -99 -99 -99 -99 0.0813326767527688 0.647778523159251 -99 -99
2.70443595971982 -99 2.35308555877024 -99 -99 -99 2.1737259756405 -99 -99 -99
-99 -99 -99 -99 -99 -99 3.09375703334823 0.953096352124841 -99 -99
0.430969262089832 -99 1.36468198296626 0.851308885166659 1.15333665098833 -99 1.02066141929676 0.259714037112108 -99 -99
-99 -99 -99 -99 -99 2.22991956616738 -99 -99 -99 -99
0.574642848923357 3.0018860665437 -99 -99 -99 -99 -0.807766047071546 2.11789753526434 0.480753435436344 -99
-99 -99 -99 -99 -99 -99 2.49807963083143 -99 -99 -99
-99 -99 -99 -99 -99 -2.26877164765078 -99 -99 -0.753253812020177 -99
-99 0.243476932929588 -99 -0.122140685086405 -99 -99 -99 -99 -99 -99
-1.04892260447593 1.55723785527102 -99 -99 -99 -99 -99 -99 -0.49989290628097 -0.441006632177065
-99 -99 -99 -99 2.35125389434938 -99 -99 -99 0.756529802319283 2.48856409928559
1.72899566555967 -99 0.360179683414984 -0.664942302823404 -0.650371377366803 -99 -99 -99 -99 0.828402359545473
-99 1.13425668490072 2.36417141504623 -99 1.03894839164146 -99 -99 -99 -99 -99
-99 0.533812677722122 -99 -99 -99 2.31396149400996 -99 -99 -99 0.312655312406339
-99 -99 -99 -99 -99 -99 -99 -99 -99 -99
-99 -99 -0.887538122177313 -99 -99 -99 -99 0.626486190374802 -99 -99
-99 1.00881663480181 1.58627741993323 -99 -99 0.78681096075977 -99 -99 -99 0.671608714873308
2.11818023160191 -99 -99 -99 -99 -99 -99 -99 2.29915425166659 -99
0.27889111785009 -99 -99 -99 -1.8554161250354 -99 -99 -99 -99 -99
2.85866412188669 -99 3.30289824345978 -99 -99 1.96230573697165 -99 -99 -99 -99
-1.74211729556166 -99 0.179380339512262 -99 -99 -99 -99 -1.52354469001268 -99 -99
-99 -99 -2.1621503640719 0.913932632680293 -99 -99 -0.0483867466621968 -1.63032268836308 -99 -99
-99 -99 -99 -0.0450572420681059 -99 -99 1.01893390700276 -0.689500711325188 -99 1.76353541268303
2.76409085093325 -99 1.01152255523078 -99 -0.094519292951228 -99 -99 -99 -99 -99
-99 -99 -99 -99 -99 0.0173914535087436 -99 -99 -0.0316511110087425 -99
-99 -99 -99 -99 -99 -99 -99 1.73978498909313 -0.862388089931875 -99
-99 -99 -99 -99 -0.426604103610869 -99 -99 -99 1.38955699404507 -99
-99 -99 -99 3.11474284553825 -99 -99 0.608571313115848 -99 -99 -99
-99 -99 -99 -99 -99 -99 1.47853429980461 -99 -99 -99
4.6929565196124 -99 -99 -99 -99 -99 -99 -99 1.50374577976301 -99
-99 0.509389021079157 -99 -99 -1.15967796617166 -99 -99 -99 -99 -99
-99 -99 -99 -99 -99 -99 -99 -99 -99 -99
-99 -99 -99 -99 -99 -99 -99 -99 -99 -99
-99 -99 -99 -99 -99 -99 -99 -99 -99 -99
-99 -99 1.25053828058641 -99 -99 -99 -99 -99 -99 -0.0323990826047154
-99 -1.43050207928495 -99 -99 -99 -0.772972742199703 -99 -99 -99 -99
-99 -99 -99 -99 -99 -99 -99 -99 -99 -99
-99 -99 -99 -99 -99 -99 -99 -99 -99 -99
-99 -99 -99 -99 -99 -99 -99 0.11589965245387 -99 -99
-99 -99 -1.10956442978649 -99 -0.713920917906854 -99 -99 -99 -1.0132867076977 -99
2.50718542984022 -99 2.26581157801485 1.35712917033135 0.442678336179499 -99 -99 1.85733052682085 -99 -99
-99 -99 -99 -99 0.67294607994462 -99 -99 1.24014277139497 -99 -99
-99 -99 -99 -99 -0.30310483841912 -99 1.69253216298025 -1.1714977585954 -99 0.764638894709785
-99 -99 0.87751906968022 0.155709628094934 -99 -99 -99 -99 -99 -99
-99 -99 -99 0.882120622131479 -99 1.38296030948667 -99 -99 -99 -99
-99 -99 -99 -99 -0.559193826763623 3.36555733629581 -99 -99 -99 -99
3.76050921577757 -99 -1.01164425119738 -99 2.38068843847075 -99 -99 -99 -99 -99
-99 0.315684123176969 -99 0.0671095827380601 -99 -99 0.171497178615399 -99 -99 -0.605426488232628
-0.853508863446109 -99 -99 -99 -99 -99 -99 0.756566471449555 -99 -99
-99 2.86150757131538 -99 1.19790675766078 -99 -99 -99 -99 -99 -99
0.373388099418962 -99 -0.445816361171657 -99 -99 -99 -99 -0.859968844549839 -99 -99
-99 1.48015072654296 -99 2.10117694834315 -99 -99 -99 -99 -0.21416078396374 -0.0702820455941611
-99 -99 -99 -99 -99 -99 -99 -99 -99 -99
-99 -0.350751575289971 -99 -99 2.35970987855665 -99 -99 -99 -99 -0.618415269797577
-99 0.833800071346171 -99 -99 -99 -99 -0.477064916450381 -99 -99 -99
-99 0.293463837341695 -99 0.894398644636441 -99 1.39330601451238 -99 -99 -99 -99
-99 -1.34501175877569 -2.14531947988612 -99 -3.65965318836178 -99 -1.82641761385565 -99 0.334149539833076 -99
-99 -99 -0.116350237329343 -99 2.76673110385658 -99 -99 0.992658328191708 -99 -99
-99 -99 -99 -99 -99 -99 -99 -99 -99 -0.843163106675226
1.73336423659864 -99 -99 -99 -99 -99 -99 -99 -99 1.66086599352216
-99 -99 0.753882221202533 -0.134297437252341 -99 0.148973239243767 -99 -99 0.0686051148859458 -99
-99 0.673994025821253 -99 -99 -99 -99 -99 -99 1.90264440698453 0.450817401942455
2.20520277380432 -99 1.08344074283846 -99 -99 1.21989041216791 -99 2.31495443337581 -99 -99
-99 -99 -99 2.11029939769615 -99 -99 1.82917281536618 -99 -99 -99
-99 -0.185952571979283 -99 -99 -99 1.04531941181192 -99 -99 -99 -99
-99 -99 -99 2.51065362268318 -99 -99 -99 -99 -99 -99
-1.0175294340605 -99 -99 -99 -99 -0.0318754084546136 -99 1.73846403955713 -99 -99
2.81584557787923 -99 -99 1.32379005242085 -99 -99 -99 -99 -99 -99
-99 -99 -99 -99 -99 -99 0.355780127461642 0.617199668816661 -99 1.83687661457091
-99 -99 -99 -99 -99 -99 -99 -0.0259478217820377 -99 -99
-99 -99 -99 -99 -99 -99 -99 -99 -99 -99
-99 -99 -99 -99 -99 -99 -99 -99 -99 -99
2.5018829549572 -99 -99 3.12163360560426 2.823305048167 -99 -99 -99 -99 -99
-99 -99 1.77292890235407 -99 -99 -99 -99 -99 -99 -99
-99 -99 -99 -99 -99 2.26200727450384 -99 -99 -99 -99
-99 -0.34556153635772 -99 -99 -99 -99 -99 -99 -99 -99
-99 0.193684414865613 -99 0.524049485482253 0.524854004104832 0.798418354777686 -99 -99 1.40662158280137 -99
-99 -99 -0.272092325899514 -99 1.59113189687131 0.332569164800981 -99 0.875679054045327 -99 -99
-0.468761575816934 -99 -99 -99 -99 -99 2.29557438097115 -99 -99 -0.163942042343854
-99 -99 -99 -99 -99 -99 -99 -99 1.14282619655792 -99
-99 -99 1.8164911659403 -99 2.7358702186078 1.22734928015411 3.6451992387002 0.766399776275985 2.44284297341795 2.80522828160618
3.00742041229137 -0.21960473471676 -99 -99 0.72157743411969 -99 0.688318913804365 -99 -99 -99
-99 -99 -99 -99 -99 0.625986834369959 -0.905124275664003 -99 -2.40218886199667 -99
1.71013601134071 -99 -99 -99 -99 -99 0.135061831100869 -99 -99 -99
-1.77707293731465 -99 0.77364589988789 -99 -99 -99 -0.0256573202266983 -99 -99 -99
-99 -99 -99 -99 -0.147633604612473 -0.0414878594038577 0.676491017734047 -99 -99 -99
1.35091795835802 -99 -99 -99 -99 -99 -99 -99 -99 -99
-99 -99 -99 -0.677634189722672 1.55913654863868 -99 -99 -99 -99 -99
-99 -99 -99 -99 -0.143149944658398 0.436194496412321 0.596991253803277 -0.465961243923827 -99 -0.239274958716845
-99 -99 -99 -99 -99 1.69631543277331 -99 -99 0.699625331201131 1.83286554814076
-99 -99 -99 -99 0.174617680361503 -99 -99 -99 -0.993874485780156 2.61748875146951
-99 -99 1.79551883536498 -99 -99 -99 -99 2.63246508298492 -99 -99
1.39189923015718 -99 -99 -99 -99 -99 1.40954842920078 -99 -99 -99
-99 -99 -99 -99 -1.04772896445407 0.400675446593521 -99 -99 -99 -99
-99 -99 -99 -99 -99 -99 -99 -99 1.44116091208644 -99
-99 -99 -99 -99 -99 -99 -99 -99 -99 -0.656959777641864
-99 -99 -99 -99 -99 2.16480668785679 1.71509265941185 -99 -99 -99
-99 1.15227351764907 -99 -99 -99 -99 0.715680521818415 -99 -99 -99
-99 -0.401700178059495 -99 -2.47678971152246 -99 -99 -99 -99 -99 -99
-99 -99 -99 -0.138325212272882 0.140456216597235 -99 2.46932292885065 -99 -99 0.666432654788592
-2.24375068839673 -99 0.554652654289627 -99 -99 -99 -99 -99 -99 -99
-99 -99 -99 -99 0.998584343966648 -99 -99 -99 -99 -1.00134395472189
1.60976946776061 0.228316597438694 -0.44136172283109 1.4814177251411 -99 -99 -0.377528437312491 -99 -99 -99
-99 -99 -99 -99 -99 -99 -99 -99 -99 0.474165402102234
-99 -99 -99 -99 1.12294152168032 -99 3.27335809514226 -99 -99 2.76528990844783
-99 -99 -99 -99 -0.816212043340924 -99 -99 -99 -99 0.150532436188832
-99 1.26103110478389 -99 -99 -99 -99 -99 -99 -99 -99
-99 -99 -99 -99 0.393275727715786 -2.0353357008539 -0.564243264544436 -2.15995361652357 -99 -99
-99 -99 2.44477823257602 -99 1.75133540940195 -99 2.93015790150428 -99 -99 -99
-99 -99 -99 -99 -99 -99 3.29007795995808 -99 -99 -99
-99 -99 -99 -99 -99 -99 -0.219742095058152 -99 -99 -99
-99 -99 -99 0.236745538452747 -99 -99 -99 -99 -99 -99
-99 -0.700394532915496 -99 -99 -99 -99 -99 -99 1.01290827015758 -99
0.197514393051595 -99 -99 -99 1.40896130332521 0.390513680601671 -99 -0.317410720500829 -99 -99
-99 -99 -1.08175051892577 -99 -99 -99 -99 -99 -99 -99
-99 -99 -99 -99 -99 -99 -0.70226408851315 -99 -99 -99
1.25120648668938 -99 -99 -99 2.50855558552868 -99 -99 -99 -99 -99
0.750946436254717 1.89903686915438 -99 2.10144843312183 -99 -99 1.87536436799267 -99 -99 3.15587784546485
-99 -99 -99 -99 -99 1.7345658061771 -0.773399763676282 -99 -0.479735630560746 -2.36089883365556
-99 -99 -99 -99 -99 -99 4.00723919940355 -99 -99 -99
-99 2.87826930865069 -99 -99 -99 -99 -99 1.46536697661425 -99 3.25312379400945
-99 -99 -99 1.57627103780201 -99 1.51745822696423 -0.302131728651535 -99 -99 -99
-99 -99 -99 -0.170646672389001 2.15784787160428 -99 -99 -99 -99 0.700739249267346
-99 -99 -99 -99 -99 -99 0.254577470441314 -99 -99 -99
-99 1.31280236560344 0.692221952923585 0.450388389932998 -99 -99 2.30034110679118 -99 -99 -99
-99 -99 -99 -99 -99 -99 0.915410920017997 -99 -99 1.49037944261426
-99 -99 1.35690600233995 -99 -99 -99 -99 -99 3.34232719326724 -99
-99 -0.426600083545441 -99 -99 -99 -99 -99 1.09399579669452 -99 -0.699055561162021
-99 -99 -99 1.54856699882365 -99 -99 -99 -0.528979705135336 -99 -0.103073700503711
-99 -0.171678787167689 -99 -99 -99 0.866039501005563 -99 -0.487327208455653 -99 -99
-99 0.797361474021066 -99 -99 -99 -1.17154015422897 -99 1.78420118984547 -99 -99
-99 -99 -99 -99 -99 -99 1.50436002803004 -99 -99 -99
-99 -99 -99 -99 -99 -0.130335722721659 -99 -99 -99 -99
2.14553045916728 1.21430861444287 -99 -99 -99 -99 -99 -99 -99 -99
1.35565494647887 -99 -99 -99 -99 -99 -99 1.17573764395019 -99 -99
-99 -99 -99 -99 -99 1.98558404428537 1.47424068443494 -99 -99 -99
-1.78518362958935 -99 -99 -99 -99 0.253945817936227 -99 -99 -0.476900557291902 -99
-99 4.01577912233749 -99 -99 -99 -99 -99 -99 -99 -99
-99 -0.264301141293685 -99 -99 -99 0.5684194828011 1.15623371143623 -99 -99 -99
-99 -99 -99 -99 -99 -99 -99 -99 -99 2.18977161715389
-99 -99 2.42721232879403 -99 -99 0.607660462758362 -99 -99 -0.36195677238795 -99
-99 -99 -99 2.08238999261145 0.716736257806082 0.922230843564847 1.28690358200025 -99 0.288096555890206 -99
-0.670094584028567 -99 -1.01137435324631 -1.52873083961213 -99 -0.923360940428228 -99 -99 -99 -0.570707107760487
-99 -99 -99 -99 -99 -99 -99 -99 -99 -99
-99 -99 -99 -99 -99 -99 -99 -99 0.928288621490457 2.52245062734715
-99 -0.811593665801045 -99 -99 -99 -99 -99 -99 -99 -99
-99 -99 -99 -99 -99 1.27587954084172 -99 -99 -99 -99
-99 1.63315913452494 -99 -99 -99 -99 -99 -99 0.620679786423671 -99
-99 -99 -99 -99 -99 -99 -99 -99 -99 -0.772803669063551
-99 -99 -99 -99 -99 -0.194453558669329 -99 0.629171626589104 -99 -99
-99 -99 -99 -99 1.72458525620536 -99 -99 -99 -99 -99
-1.21591752865574 1.51755696766142 -99 -99 -99 -99 -99 -99 -0.191149454042519 0.633143437595253
-99 -99 1.27652570012927 3.03360240095299 -99 -99 0.910713291289809 1.38438033622619 -99 -99
3.49119724127838 -99 -99 -99 -99 -99 -99 2.81516853745551 -99 -99
-99 -99 -99 -99 -99 -99 -99 -99 -99 1.11992673902914
-99 -99 -99 -99 -99 -99 -99 1.99589566242961 -99 -99
1.22945979192213 0.422959739758427 -99 -99 -99 -99 -99 -99 0.366187522167888 -99
0.243422837930356 -99 -99 0.660309293615004 -99 -99 -99 -99 -99 -99
-99 -99 -99 -99 -99 -99 -99 -99 -0.0520665174563155 -99
-99 -99 1.77006643622672 -99 1.51343299291383 -99 -99 -99 -99 -99
-99 -99 -99 -99 -99 2.17395431253285 -99 -99 -99 1.57202220893621
-99 -99 1.27786778848777 -99 1.54693923692136 -0.0629576218732939 -99 -99 -99 -99
-99 -0.1640536246449 2.01338031700783 -99 -1.45564182234973 -99 -99 -0.368837513357043 -99 -99
-99 -99 -99 -99 -99 -99 -99 4.18609395880066 -99 -99
-99 -99 0.0925161973104773 -99 -99 -99 -99 -99 -0.360147546463329 -99
-99 -99 -99 -99 -99 -0.326524953046114 0.114178179250159 -99 -99 -99
-99 -99 -99 -99 -99 -99 -99 0.177165157903202 -99 0.806466048469772
3.30800052729557 -99 -99 -99 -99 -99 0.569848241178019 -99 -99 3.40545640497337
-99 -99 -99 0.945970128468302 1.3312909078379 -99 -99 -0.64067923739934 -99 -99
1.96861447939793 -99 -99 -99 -99 -99 1.99225947566503 -99 -99 -99
0.629940207507288 -99 1.23174732271746 -99 -99 2.20982054588894 0.781918684585173 -99 -99 -99
-99 -99 -99 -99 -99 1.18030258717527 2.27466418819097 -99 -99 2.48863350710596
-99 -99 -99 -99 -0.794960163590999 -99 -99 1.28537031376811 -99 -0.385702205930269
-1.20012426030838 -99 -1.41467066290489 -99 -99 0.0545198109367976 -0.512555848749544 -99 -99 -99
-99 -99 2.17978808443344 -99 -99 -0.152072000677897 -99 -99 -99 -99
-99 -99 -99 -99 -99 2.37515003660878 -99 -99 -99 -99
-99 -99 -99 -99 -99 -99 -99 -99 -99 -99
-99 3.2253058822845 -99 -99 0.818142316127192 -99 -99 -99 -99 -99
-99 -99 -99 -99 0.803995215903297 -99 -99 -99 -99 1.76252246528434
-99 -99 -99 0.478118403264461 -99 -99 0.444369672748718 -99 -99 2.01104225782876
-99 -99 -99 -99 1.83601611495627 -99 -99 -99 0.870491386970566 1.40779980567537
-99 -99 -99 -99 1.12633864401341 -99 -99 0.140387113791161 -99 -99
0.0592718647778609 -99 -99 0.819748273937397 -99 -99 -99 -99 -99 -99
0.318841748155185 -99 -0.0314267387334828 -99 -99 -99 -99 -1.3073042783171 0.739085264878074 -99
-99 -99 -99 -99 -0.434331459301448 -99 -99 -99 2.29042941175426 2.64508661201032
-99 -99 -99 -99 1.68164506398605 -99 -99 1.73787493507163 -99 -99
-99 -99 -99 -99 3.69753193488788 -99 -99 -99 -99 -99
0.272639568047932 -99 -99 -99 -99 -99 -99 -99 -99 -99
-99 -99 1.07875542805107 -99 -99 2.05831997828916 -99 -99 1.44651407195502 -99
-99 0.805452598919131 -0.358938413748783 1.63919455567898 -99 -99 -99 0.999702985158593 -99 1.02462877795939
-99 -99 0.558298474813215 -99 -99 -99 -99 1.76787035327046 1.08948730043607 -99
-99 2.96739316138398 3.74275261372183 -99 -99 1.17788970098461 2.4137366431556 -99 -99 1.40480699665373
-99 -99 0.211878415476712 -99 -99 -99 -99 -99 -99 -99
3.03141829687172 1.94465958392704 0.789165946912407 0.635960625919398 -99 1.99305787635206 0.885581852270812 -99 -99 1.42427770317734
-99 -99 -99 -99 -99 -99 -99 -99 -99 -1.23981172681975
-99 -99 2.37116462926961 -99 -99 -99 2.07354508368819 -99 2.08671099554879 -99
1.42337182898047 0.506216945804621 1.98173099343419 -99 -99 2.44875166856167 -99 -99 1.56735338318777 -99
1.90882623527722 -99 -99 -99 -99 2.37148507232975 -99 -99 3.4919386092961 -99
3.25578644481744 2.50826062862847 -99 -99 1.31372203197719 -99 0.76705040360355 -99 -99 -99
-99 1.81284273982949 -99 -99 -99 0.103372791145824 -99 -99 -99 -1.09430432301746
-99 -99 0.353215696359706 -99 1.57976603964834 -99 -99 1.8313400751358 -99 -99
-99 -99 0.568587334797689 0.62648440920553 -99 -99 -99 -99 -99 -99
-99 -99 -99 1.5784464869073 0.0538896341997351 -99 -99 -99 -99 2.69458178982719
-99 0.0612966946997161 -99 -99 -99 -99 -99 -99 -99 -99
-99 -0.426368363294226 -99 0.855508116197755 1.65094875532927 -0.138279026959924 -99 -99 -99 -99
-99 -99 -99 -99 -99 -99 -99 -99 -99 2.49492253666579
-99 -99 -99 0.669565984606725 -99 -0.815848555249558 0.501190980027003 -99 -99 -99
-99 -1.50271450845684 -99 -99 -99 -99 -99 0.650448963803336 -99 -99
-99 -99 -1.23822005314281 -99 -99 -99 -99 -99 -99 -99
0.0446311386984989 -99 -99 -99 -99 -99 -99 -99 -99 -99
-99 1.18192449687435 -99 -99 0.749295271653377 -99 2.12363438583262 -99 -99 -99
-99 -99 -99 -99 -99 -99 -99 2.88539172693127 3.36433372973693 -99
-99 -99 -99 -99 -99 -99 -99 -99 -0.0418099674807173 -99
-99 -99 -99 -99 -99 -99 -99 -99 -99 -99
-99 -99 -99 0.0434544183205681 -99 -99 -99 -99 -99 -99
-99 -99 0.260000462438787 -99 -99 -99 -1.25371382333682 -99 -99 -99
-1.84961719969038 -99 -0.730232721970096 -99 -0.0659004312672389 -99 -1.86038362314986 -99 -0.830273085993107 -1.2685343376015
-99 -99 -99 -99 -99 -99 -99 5.0193156738283 -99 -99
-99 -99 -99 0.941528695535367 -99 -99 -99 -99 -99 -99
-99 -99 -99 -99 -99 -99 1.80410741130918 -99 -99 0.934272766394628
-99 -99 3.08509352898701 -99 0.749522346866675 1.58112618082268 -99 -99 -99 1.33172502850279
-99 2.33068586794123 0.931465718761372 1.17970133730477 1.95924603201499 -99 -99 -99 -99 2.18014402823268
-99 -99 -99 -99 -99 2.77639372976692 1.93547965042095 -99 0.75719891979651 -99
-99 -99 -99 -99 3.23863123597706 -99 -99 -99 2.41432870858791 1.32068476868766
-99 1.1516932357309 -99 -99 -99 -99 -99 -99 1.11426337122295 -99
-99 -99 -99 -99 0.306083057056308 -99 -99 0.265907320635856 -99 -99
-99 -99 -99 -99 -99 -0.94868988062111 0.266756199536404 0.591966538147274 -99 -99
1.01244353773507 -99 -99 -99 -99 -99 -99 -99 -99 -99
0.666100633617202 -99 -99 -99 0.397268537227144 -99 -99 2.48386681687641 -99 -99
-99 -99 -99 -99 -99 0.857812916399951 -99 -99 -99 -99
-99 -99 -99 -99 -99 0.0440862032140606 -99 -99 -99 -99
-99 -99 0.120945493601352 -0.975104368783416 -99 -99 -99 -99 -99 0.0819674619086257
-99 -0.00196061301646999 0.876288640642278 -99 -99 -99 -99 -99 -99 -99
-99 2.57268988719945 0.240511727740586 -99 -99 2.85068988963729 -0.56287604619321 -99 1.37457288970245 -99
-99 2.4989275209744 -99 -99 -99 1.14413249219111 -99 -99 -99 -99
-99 -99 -99 2.00717708867976 -99 -99 -99 2.16037105331231 1.52660495117397 -99
-99 -99 1.10640368047397 -99 0.597120908298647 -99 1.4228879995604 -99 -99 -1.34253806281916
-99 1.78262621677255 0.220423182539369 -99 -99 -99 -99 1.98590940047558 -99 -0.683769495194945
2.21783948679072 -99 -99 0.355739840317351 -99 -99 -99 0.0705361411768967 -99 -99
1.85775867693539 -99 -99 -99 -99 -99 -99 -99 -99 3.10818386896448
-99 -99 -99 -99 -99 -99 -99 -99 -99 -99
-0.772115503085759 -1.24013802078219 -99 -99 -99 -99 -99 -99 -99 -99
-0.359808533054641 -99 -99 -99 0.563015393762919 -99 -99 -99 -99 -99
-99 -99 1.98685600613709 4.01987705662987 -99 1.75899572431331 -99 -99 -99 1.68079520849198
-0.511212157258342 -99 -99 -0.0403956079417216 -99 -99 -99 -99 -99 -99
-99 -99 -1.12383547747166 -99 -99 -99 -99 -0.7986384960818 -99 -99
1.05831767932375 2.0957871210987 -99 -99 1.84811694409702 -99 -99 -99 2.40636458243458 -99
-99 -99 -99 -0.117086268766908 -99 -99 -0.175955654919915 -99 -99 -99
-99 -99 -99 -99 1.55726871942591 -99 -99 -99 1.74907117463195 -99
-99 -99 -99 2.19540587258282 -99 -99 -99 2.04568819724921 -99 -99
-99 -99 0.251741224857374 0.468844646068806 0.933117922337067 -99 -99 -99 -99 2.00055067508133
-99 -99 -99 -99 -99 2.86589958146517 -99 -99 -99 1.77587401454151
1.07983732723326 -99 -0.807961660282369 2.02902723002031 -99 -99 1.24164224676804 -99 -99 -99
-99 -99 0.970696306747069 -99 -99 1.18490259028159 -99 -99 -99 0.221091730601898
-99 -99 -99 -0.350254347233459 -99 -99 -99 -99 1.67062196453112 -99
-99 2.39670437675416 1.74930029623764 2.01408514462377 2.73709530503732 -99 -99 -99 -0.657960840349995 -99
-99 -99 1.45390656326734 -99 -99 -99 -99 -99 -99 -99
-99 0.530031821434228 -99 -0.0367627584037957 -99 -0.700705219661318 -99 -99 -99 -99
1.96743221848372 -0.553230774248783 -99 -99 -99 -99 -99 -99 -99 -99
2.61884462326334 -99 -0.49401827218833 -99 -99 -99 -99 -99 -99 -99
-99 -99 -99 -99 1.19011385804729 -0.438460906207318 -99 -99 -99 -99
-99 0.69545372457818 -99 -99 -99 -99 -99 -99 -99 -99
-99 -99 -99 -99 -99 -99 -0.843552202730076 -99 -99 -99
-99 -99 -99 -99 -99 1.73501475792309 -99 -99 -99 -99
-99 0.386826186649747 -99 -99 -99 -99 1.83552512486147 -99 -99 -99
3.56956049321846 -99 -99 -99 -99 2.67179821604036 -99 3.21880849480475 -99 -99
0.81216720090188 -99 -99 -99 -99 -99 -99 -99 -99 -99
-99 -99 -99 -99 -99 -99 -99 -99 -99 -99
-99 -99 -99 -99 -99 -99 -99 -99 -0.773783326767354 -99
-99 -99 -0.168395567987611 -99 -99 -99 0.235038439442483 -99 -99 -0.0596550463877141
-99 -99 -99 4.40309893974248 -99 -99 -99 -99 -99 -99
-99 -99 -99 -99 -99 -99 -99 -99 -0.55237009209533 -99
1.80603424112675 3.01152364474312 -99 -99 -99 3.89973644365341 -99 0.802869761064849 -99 2.00886427280663
0.27311889660452 -99 -99 -99 -99 0.267753193828959 -99 -1.17624877764359 -99 -99
-99 -99 -99 -0.0468950895653493 1.97689689601024 0.304633651294572 1.56789649443914 -99 -99 0.499679661539066
3.25034857301562 -99 -99 0.43486926024495 -99 -99 -99 -99 1.65289264574941 1.81819580653268
0.899388902901543 -99 -99 1.57802492018996 -99 -99 -99 -99 -99 -99
-99 1.66026203440397 -99 -99 -99 0.767565733954343 -0.00344384912280904 -99 -99 -99
-1.64465630115464 -99 -99 0.588460381378356 1.67167313379943 -99 -99 1.5246631145398 -99 -99
0.114944769268694 -99 -99 1.99526240682675 -99 1.7600074698783 -99 -99 0.502787506575867 -99
2.06571102007094 -2.34080296021082 0.115796877973874 0.508534988655083 -99 -99 -99 -99 1.55694671708459 -99
-99 -99 1.88025778226578 -99 -99 -99 -99 0.651431682084833 -99 -99
-99 -1.35015876339014 1.71911522423023 -99 1.67288653275761 -99 -99 -99 -99 -99
-99 -3.3519791549157 0.0982919360972935 -99 -99 -99 -99 -99 -99 -99
-99 -99 -99 0.266939828161774 -0.0627575128500875 -99 0.361337649891539 -99 -99 -99
-99 -99 -99 -99 -99 0.41512499320967 -99 0.893991693958485 -99 -99
-99 -99 -1.89474695821739 -99 -99 -99 -99 -99 -99 -99
1.46131046075119 0.848297777787073 -99 -99 -99 -99 -99 -99 -99 -99
-99 1.226814778488 0.866570114804203 -99 -99 -99 -99 -99 -99 -99
-0.854055708076293 -99 0.298429046553464 -99 0.47631838961265 -99 1.60212033306177 -99 0.481509123834955 -99
-99 -99 -99 -0.874409980425539 -99 -99 -99 -2.73966042694229 -99 -99
-99 -99 -99 5.92421523183712 4.5543003939912 -99 -99 -99 -99 -99
-99 -0.921440788170828 0.996279878717312 -99 1.41956612013387 -99 -99 -99 -99 3.22119788882409
-99 0.793043165942892 -99 1.68353614312056 -99 -99 -99 1.37172107704667 1.24784153339773 -99
-0.545849140534276 -0.145095520500796 -99 -99 -99 -99 -99 -99 -99 -99
-99 -0.88411714015936 -99 -0.78455436882947 -99 -99 -99 -99 -1.45005574639484 -99
-99 -99 -99 -99 -99 1.86630747829483 2.11914929161292 -99 -99 -99
-99 -99 -99 -99 -99 -99 2.49069523020351 -99 -99 -99
-99 2.43388720587829 -99 -99 -99 1.95286806002057 0.126791200555592 -99 -0.434830389883277 0.463431816230983
-99 -99 3.27021369850518 1.26619516752424 0.0869818580432435 1.02214426919179 -0.127630773960582 -99 -99 2.5613939065502
3.42686623391496 -99 -99 -99 -99 -2.31632246755396 -99 1.69380710918888 -99 -99
0.0107953752004107 1.00953188728402 0.419319086945032 0.367087568689963 -99 1.35490240281238 -99 -99 -99 -99
-99 -0.339805404198376 -99 -1.0775637493789 1.15465300485042 -99 -99 -99 -99 2.35643146691498
2.04102354502028 -99 1.4699841761881 2.41653048450501 -99 2.149293915734 -99 0.244853639490093 -99 2.56366976825753
-99 1.51026358117393 -99 -99 -0.365331093465307 0.453488225160308 -99 -99 0.962757460511608 2.79578205335533
-99 0.152437229849214 2.94449466994645 -99 2.92825885000853 -99 0.845242136579487 0.406789211038539 -99 -99
0.313509107131017 -99 -99 -99 -99 -99 -99 -99 -0.579590191366905 -99
-99 1.06260194263092 -99 -99 -99 -99 -0.85592482603402 1.46062387195961 -99 -99
-99 -99 0.0043487689036168 -0.204100414028421 3.65881854102318 -99 1.5354367348649 -99 2.10331979408448 -99
1.76684119593429 -99 -99 -99 -99 -99 0.767872017112253 -99 0.787730952479707 -0.418108804721949
-99 -99 -99 -0.470970552938366 1.03843228671364 -99 -99 -99 -99 -99
-99 -99 1.42315627400898 -99 -99 -99 -99 -99 -99 -99
1.15731729200107 2.16231350725591 -99 -99 -99 -99 -99 -99 -99 -99
1.05466949529928 0.168809413231511 0.101991498013259 -99 -1.01458220354564 -99 -99 -99 -99 -0.146672754551378
2.58897575462079 2.14484746283452 -99 -99 -99 -99 3.39316797567025 -99 4.21159461341398 3.18927168175377
1.37700692894619 -99 1.0623882561081 -99 2.56418249758562 -99 -99 -99 -99 -99
0.106582025796311 -99 -99 -99 -99 -99 -99 -99 -99 -99
-99 -99 -99 -99 -99 1.77581294013444 -99 -99 -99 -99
-2.04977425612576 -99 -99 -99 -99 -99 -99 -99 -99 -99
-99 -99 1.13492886612286 -99 3.63133140035003 -99 -99 -99 -99 2.76684506503987
-99 -99 -99 -99 1.10146021450924 -99 -99 -99 0.128299708365159 -99
1.08347186034342 2.27767521869592 -99 -99 -99 -99 -0.132154707948004 -99 -99 -99
-99 -99 -99 2.10687586518778 1.97839388058643 -99 0.290764883937195 -99 -99 -99
-99 -99 -99 -0.536350018478633 -99 -99 -99 0.377146273714872 -99 -1.26042232997733
-99 -99 -99 0.739057760389156 -0.505532382114909 0.708046301683915 -99 -99 0.688524114358738 -0.170634460857666
-99 -99 -0.225636840433303 -99 1.72026980808954 -99 -99 -99 0.245000920394292 -99
0.0207743780623323 -99 -99 -99 -99 -99 -99 -99 1.75298376064494 2.84542915813596
-99 -99 -99 -99 -99 -99 -0.427697662357052 -99 -0.382599643369311 -99
2.47160900830341 -99 -99 3.39566136110181 -99 -99 -99 -99 -99 -99
-99 -99 -99 -99 -99 1.14882930229508 -99 -99 -99 -99
0.28145542273388 -99 -2.10132248843276 -0.638240896958042 -99 0.864455131545093 -99 -99 -99 -99
-99 -99 1.37406034424205 -99 -99 -99 -99 -99 -99 -99
-99 3.14789038720097 1.38027685551518 -99 -99 0.88873672585281 -99 1.81886929316452 3.36767460054823 -99
-99 -99 -99 -99 -99 -99 -99 -99 -99 2.37573053990936
-99 -99 -99 -99 0.0197283907372359 -99 -99 -99 -99 -99
-99 1.39484084627441 -99 0.54122203682285 -99 -99 0.579819144199803 -0.208638357554849 -99 -99
-99 -99 -99 -99 -99 -99 -99 -99 -99 -99
-99 -0.211204538672375 -99 -99 -0.214250660219955 -99 -99 -99 -99 0.953054632922867
1.35887551121707 -99 0.822468544336548 -99 -99 -99 1.77433996582048 1.41150229057369 2.77505832785024 2.20897817757962
-99 0.00613191682130054 1.08964348617018 -0.6082463081378 0.870723888301535 -99 -99 0.586019251678861 -99 -99
-99 -99 -99 -99 -99 -99 -99 -99 2.58864317632006 -99
-0.0114098543747629 3.50198269815287 0.829706181812324 -99 -99 -99 -99 -99 1.09573246580631 -99
-99 0.691782139345676 -99 -99 -99 -99 1.38710679671898 -99 -99 -99
-99 -99 -99 -99 -99 -99 0.820395199286804 -99 2.43679552168088 -99
-99 -99 -99 -99 -99 -99 1.07138973658666 -0.304470334317078 -99 0.60877411471991
-99 -99 -99 -0.774744307449541 -99 -1.75924618041882 -99 -99 -99 -99
-99 0.595512683658008 -99 -99 -99 -99 1.07460943715646 -99 -99 -99
-1.87940163939987 -99 -99 0.0792933908169821 -99 -99 -99 -99 -99 -99
1.20477697758426 2.24113648544011 0.999167281552962 -99 -99 -99 0.689815986105731 -99 -99 -99
2.15640628393266 -99 -99 -99 -99 -99 -99 -99 -99 3.91455067352302
-99 -99 1.16659166672251 -99 -99 1.38013114148591 -99 -99 -99 -99
-0.0213722577939806 -99 -99 -99 -99 -99 -99 -99 1.29690128395366 -99
-99 -99 1.39487748179409 -99 -99 2.87363458735384 -99 -99 -99 -99
-99 -99 -99 -1.62475926408966 -99 -99 -99 -99 -99 -99
-99 -99 -99 -99 -99 -99 -99 -0.0632143097928086 -99 -99
-99 -99 -99 -99 -99 0.948180484458141 -99 0.897642513195544 -99 -99
-99 -99 -99 -99 -99 -99 1.61902464338637 -99 -99 2.44552182980191
-99 -99 -99 -99 -99 -99 -99 -99 0.123315416420463 -99
-99 -99 3.03325842691391 2.47461149563509 -99 0.695880796981655 0.528023755020781 -99 -99 -99
2.76932961565605 -99 -99 2.91950380376025 -99 0.405583087384663 -99 -99 -99 1.97880220670118
-99 -99 -99 -0.932922994831024 -0.368080142202663 -99 -1.39916066823355 0.842793320996795 -99 -0.965897131117494
-99 0.581141208180078 1.88262191541649 -99 -99 -99 -99 -99 -99 -99
-99 -99 -99 0.56876495378059 -99 -99 -99 -99 -99 -99
-99 -0.235433073240142 -99 0.695411128954345 -99 0.126071727240658 1.24318933135033 -99 0.116741568865539 -99
-99 -99 0.928168215086471 0.418507957502378 0.42120595320046 0.185920064515546 -99 -99 -99 -99
-99 -99 -0.159086689830621 -99 -99 -99 -99 -99 -1.38064953699099 -99
1.34583135002543 -99 -99 -99 1.93853555562527 -99 -99 -99 -99 -99
-99 -99 -99 -99 -99 -99 -99 -0.438675103155873 -99 -99
-99 2.25249165182615 -99 -99 1.99254982711544 3.02026367923124 -99 1.2035476790043 -99 2.36103411673113
-99 -0.231530171739953 -0.103405151268944 -99 -99 -99 -99 -99 -99 0.750709163023281
-99 -99 1.63806314877376 -99 -99 -99 -99 -99 -99 0.529318597182017
-99 -99 -99 -99 -99 -0.164291317906774 -99 -99 -2.3364751971259 -99
-99 -0.840712536813358 -99 -99 -99 -99 -99 0.927571068138697 -99 -99
-99 -99 -99 -99 -99 -99 -99 0.886302504446796 -99 3.49927244509964
-99 -99 -99 -99 -99 -99 -99 -99 1.65586707205051 -99
-99 -99 -99 -99 1.78906092042751 -99 -99 -99 -99 1.96646599899068
0.6473772369337 -99 -99 -99 -99 -99 -99 -99 -99 -99
-0.285666391971993 -99 -0.491684327382222 -0.611613044905889 -99 1.22747985472359 -99 0.164576124641097 -99 -99
-99 1.6279156392083 -99 -99 -99 -99 -99 1.72560298100967 -99 -99
0.886413690847193 -99 -99 1.39852527721064 -99 -99 -99 -99 -99 -99
-0.556294162226014 -99 -1.24673522704621 -99 0.298112729877742 -0.838332735360643 -99 0.766978345027207 -99 -99
-0.00833441385676315 -99 0.705957059988433 -99 -99 -99 -99 -99 -99 -99
-99 1.83808413752635 -99 -99 -99 -99 -99 -0.610008474078211 -99 -99
1.69066067961259 -99 -99 1.58782096052209 0.55139570886982 -99 -99 -99 -99 -99
0.490646047063181 -99 -99 0.589046937622491 -99 -99 -99 -99 3.05546306788645 -99
2.03212448087078 -99 -99 5.29752121431954 -99 -99 -99 4.45926552861312 -99 -99
1.44660412648291 -99 2.85436601634666 -99 -99 -99 -99 1.64074842621772 -99 -99
-99 -99 -99 -99 2.70321799372536 1.09988783972633 -99 -99 -99 -99
-99 -99 -99 -99 1.09255296836827 1.8630816838506 -99 -99 3.3338570630817 -99
-99 -99 -99 -99 0.556657000965987 -99 -99 -99 -99 0.843656694709769
-99 -99 -99 -99 0.740728412898437 -99 -99 -99 -99 -99
-2.58006165063344 -99 -99 -1.76664582761549 -99 -99 -99 -99 -99 -99
-99 3.21769124289334 -99 3.0846263051369 -99 -99 -99 0.406554952979679 2.36896440501481 -99
-99 -99 -99 -99 -99 -99 0.0812993873398289 2.20278979843273 -99 -99
0.384634382952049 0.338296965229308 -99 -99 -99 1.08357692628043 1.10224600039546 -99 -99 -99
-99 1.93876529342028 0.29330544400797 -99 -99 -99 -99 0.435400377704483 0.361478452922262 0.47827913790237
1.8826179881523 -99 -99 2.7645435384126 -99 -99 1.62117219096219 2.75538507026517 -99 -99
2.26910466643761 -99 -99 -99 -99 -99 1.93093608627631 -99 -99 -99
-99 -99 -99 -99 -99 -99 -99 1.10494890216751 0.724804137372997 -0.319263581265354
0.695543044539335 0.705473459240924 -99 -99 2.04969708517734 -99 -99 -99 -99 -99
-99 -99 1.36701142506408 -99 -99 1.04316704142887 -99 -99 -99 -99
-99 1.16858732546652 -99 -99 3.13091528535695 1.22649727146621 -99 -99 -99 3.28905085377478
-99 -99 -99 -99 -99 -99 -99 -99 -99 2.4915428140165
-99 -99 -99 -99 -99 -99 -99 -99 -0.409834368407832 -1.14733488350576
2.10004610596016 -99 -99 -99 -99 -99 -99 -99 2.25486560382128 -99
-0.707331858171795 -99 -99 -99 -99 -99 -0.00925914198292732 -99 -99 -99
-99 2.51991123511808 1.28735794394378 2.93707794364001 -99 -99 -99 1.64182658239484 -99 -99
1.81388226106202 -99 -99 -99 3.17231655148232 -99 5.51328915700411 2.02224535431956 -99 -99
-99 1.92183419785598 -99 -99 -99 -99 -99 -99 -99 -99
-99 2.11538966750477 -99 -99 -99 -99 -99 -99 -99 -99
-99 -99 -99 -99 2.01961844112022 -99 -99 -99 -99 -99
-99 -99 -99 2.93599642019803 -99 -99 -99 -99 -99 -99
-99 -99 -99 1.43340179521232 0.794091856862363 -99 -99 -99 -99 1.26630923400614
-99 2.23812592116652 -99 0.635316454134932 -99 -99 1.63715529336458 2.86348047955431 -99 -99
-99 -99 -99 -99 -99 -99 -99 -99 2.94260860324605 1.28222562621705
0.55130205004728 1.00544461266231 -99 -99 -99 -99 -99 -0.590068432332314 -99 -99
-99 -99 -99 -99 -99 -99 -99 1.54546359445518 0.902465890480832 -99
-99 -99 -99 -99 0.901027345472671 -99 1.49038662747654 0.393661814920213 -99 -99
2.65364928606367 -99 -99 -99 -99 -99 1.84347504181455 3.50686015452169 -99 -99
0.220608594962558 -99 -99 -1.27914560051159 -99 -99 -99 0.417285575360037 -0.177228232087723 -99
-99 -99 -99 -99 -99 1.34159602870288 -99 -99 -99 -99
-99 0.76404487534647 -99 -99 -99 -99 -99 -99 -99 -99
-0.546496749186069 -0.26114293306381 -99 -99 0.0351210118323413 -99 -99 -99 -99 -99
-99 2.50732295331152 -99 -99 -99 -99 -99 -99 0.215403420260426 -0.805214860898165
-99 -99 0.520190094516317 -99 -99 -0.327525388169412 -99 -99 -99 -99
-99 -99 -99 0.257376125692525 0.42040397927678 -99 -99 1.73386421922934 -1.50857098586542 -99
-99 -99 -99 -99 -99 -99 -99 -99 -99 -99
-99 -99 -99 -1.83879294224696 -99 -99 -99 -99 1.12344133972582 -99
-99 -99 2.58884637172862 -99 -99 -99 -99 2.72731097138061 -99 -99
-99 2.45987047471514 -99 -99 -99 -99 1.58472574600885 -99 -99 3.225358618658
0.0325473436315911 -99 -99 -99 -99 1.74664370235774 -99 -99 -99 -99
-99 -99 -99 -99 -99 -99 -99 -99 -0.294021244124314 -99
-99 1.81661200479516 -99 -99 -99 -99 -99 -99 -99 -99
2.05611835271656 -99 -99 -99 -99 -99 -99 -99 -0.791256320952422 2.59751334806265
2.61964270577831 -99 -99 2.38166753854018 -99 -99 -99 -99 -99 3.03049499248945
-99 -99 -99 -99 -99 -99 -99 -99 -99 2.33106792620502
-99 -99 -99 -99 -99 0.445595643317482 -99 2.86718900708805 -99 3.14587117429349
-99 -99 -0.374386665598417 -99 0.0318239828376867 -99 0.172105587010043 -99 -99 0.367116689523817
-99 -99 -99 2.60682526597971 -99 -99 -99 -99 -99 -99
-99 -99 -99 -99 -99 -99 0.569534344698545 -99 -99 -99
-99 -99 -99 -99 -99 -99 -99 -99 -99 1.45557942773295
-99 0.827995122662862 -99 -99 -99 -99 -99 -99 -99 2.70372931147363
-99 4.41476901859294 4.72392483788776 3.01344380724798 -99 -99 -99 -99 -99 -99
-99 -99 -99 -99 -99 -99 -99 -99 -99 -99
-99 -99 -99 -99 -99 -99 -99 -99 1.44827984259108 1.4910293401919
-99 2.26933337699751 -99 1.45741739409313 4.26131478988439 -99 2.05787759044057 -99 -0.295906016832774 -99
4.35262679642292 -99 -99 -99 -99 -99 -99 -99 -99 3.70515993435161
-99 -0.130471540060206 -0.814180937003907 -99 -99 -99 -99 -99 -99 2.20060308006484
-99 -99 -99 -99 -99 -99 2.95865279807562 -99 0.455480967993622 -99
-99 -99 -99 -99 -99 -99 -99 -99 -0.828069108070658 -0.858830166390865
-99 -99 3.20792416433684 -99 -99 -99 -99 -99 1.84658616055525 -99
-99 -99 -99 -99 -99 -99 -99 -99 -99 -99
-0.659154499956883 -99 -99 -99 -99 -99 -99 -99 -99 -99
-99 -99 2.39435369697022 -99 -99 -99 -99 -99 -99 -99
2.81570141942771 1.33023656346099 -99 -99 -99 1.30329494282501 -99 -99 -99 -99
0.0625298015983313 -99 -99 -99 -99 -99 -99 -99 -0.158104432331252 -99
-99 -99 -99 -99 -99 -99 -99 -99 -99 -99
-99 -99 -99 -99 -99 -99 -99 -99 -99 -99
-99 -99 -99 -99 0.23005216046539 -99 -99 -99 0.909080460509422 0.8679681758997
-99 -99 -99 -99 -99 1.93789597563689 0.841612772157881 -99 0.909165198279565 -99
-2.73655903131691 -99 -1.5163392793045 -99 -99 -99 -99 -3.63553647829314 -99 -99
-99 -99 -99 -0.0999676837521977 -99 -99 1.64331409422106 -99 -99 -99
-99 1.68057694012433 -99 2.00546716285449 0.763778062918261 2.77706112154494 -99 2.09699942140802 -99 -99
-99 1.76929791580433 -99 -0.311244220109042 -99 -99 -99 -99 -99 -99
0.314523371002049 -99 -99 2.12529888015083 -99 1.0606639658695 -99 -99 -99 -99
-99 0.656638993580278 -99 -99 -99 -99 -99 0.62245345250327 -99 -99
-99 -99 -1.05164155007661 -99 -99 -99 -99 -0.551357466126878 -1.00402727532069 -99
-99 -99 0.133368146546753 -99 -99 1.78979849044273 -99 -99 0.923606833870269 -0.900133511159158
-99 2.59650897457675 -99 -99 -99 -99 -99 -99 0.680086840175696 -99
-99 -99 0.277110181041934 -99 -99 -99 -99 -99 -99 1.50758496230412
-99 -99 -99 -99 -99 -99 -0.908042654733151 -99 -99 -99
-99 -99 -99 -99 -99 2.56032734787385 -99 -99 -99 -99
-99 -99 2.05686238282334 -99 -99 -99 1.97726079018602 -99 -99 -99
-0.996328888483175 -99 -99 -99 -99 -0.733895886809351 0.734755249939646 -99 -99 -99
4.35882970217121 1.96861483961969 -99 -99 -99 -99 -99 -99 1.20192651732644 2.56573398136057
3.24574887699598 -99 2.63270286156203 1.7397830471966 -99 -99 -99 -99 2.88657957836066 2.15128746302037
0.210911673492344 -99 0.962156541101581 -99 -99 -99 -99 -99 -99 -99
-99 -99 -99 -99 -99 -99 -99 -99 -99 -99
-99 -99 -99 -99 3.7015664211048 -99 -99 -99 -99 -99
-99 -99 2.44516236629358 3.03295429152886 1.91083915441597 2.27623724451953 2.09474706085722 2.77972890554505 -99 -99
-99 -99 -99 -99 -99 -99 1.77454409758105 -99 -99 -99
-99 -99 -99 -99 -99 -99 -99 -99 -99 -99
1.26505318362649 -99 2.92501601828225 -99 -99 -99 -99 2.73545314696546 -99 -99
-99 2.596631511259 1.9725087883795 -99 -99 2.94345403851296 2.52636997931718 -99 1.15036479342621 -99
-99 -99 -99 2.80424472950001 1.66614407486922 -99 0.112651024864875 0.575963690689368 -99 -99
-99 2.31124757254075 1.67013712353828 0.80156608836393 -99 -99 -99 -99 -99 -99
-99 -99 -99 0.763997761182371 0.225624504581886 -99 -99 -99 -99 -99
-99 -99 1.70169313074584 -99 2.96228853356129 -99 -99 2.64583151186607 -99 -99
-99 -99 -99 -1.15371279798302 1.55239778198222 -99 -99 -99 0.767736140600532 -99
-99 -99 -99 -99 -99 -99 -99 -99 -99 -99
2.51302879683924 0.329986834984833 2.19249492045448 -99 3.18052357778041 -99 -99 -99 -99 -99
1.61423596030171 -99 -99 -99 -99 -99 1.91901734768677 -99 1.57351318007581 -99
-99 -99 -1.50061032673226 -99 -0.798047243982368 0.108226015512672 -0.743119622300391 -99 -99 -99
-99 -0.629479793512387 -99 -99 -99 0.341941675035829 -99 -1.4418288306334 -99 -99
-99 2.49183624946721 -99 -99 -99 -99 -99 -99 -99 -99
0.459107025480748 -99 -99 -99 -99 -99 -99 -99 -99 -99
-99 -99 -1.04784348270463 -99 -99 -99 -99 -99 -99 -99
-0.61012812562022 -0.301010760465196 -99 -99 -99 -99 -99 -99 -99 2.12599366966776
2.21120141944114 -99 -99 -99 -99 1.01697251718848 1.37631378674972 1.16267497196802 -99 -99
-99 -99 -99 -99 -99 1.58797443553786 -99 -99 2.55509496723476 0.814656654383098
-0.656204316002697 -99 -99 -99 -99 2.35730418018591 -99 -99 0.342178116393022 -99
-99 -99 -99 -99 -99 -99 -99 -99 -99 -99
-99 3.23874532358118 1.55655878714385 -99 -99 3.94078533549358 -99 -99 -99 -99
1.84207527201339 3.02621865893069 -99 -99 -99 -99 -99 -99 3.13489863177649 -99
1.51245493900983 0.747178967555373 -99 -99 -99 2.68386448964375 -99 -99 -99 -99
4.29997907147489 -99 -99 -99 -99 -99 -99 -99 -99 -99
-99 0.567199130753905 -1.36098817425051 -99 -99 -99 2.52480637592259 -99 2.51359859065449 -0.243526741202051
-99 -99 -99 -99 0.494674864401389 -99 -99 -99 -0.749189815954236 2.31990757241446
-99 -99 -99 -99 -99 -99 -99 -99 -99 1.67408125355565
-99 -99 -99 -99 -99 -99 -99 -99 -2.28793505667875 -99
0.462197130771213 -99 -99 -99 -99 -99 -99 -99 2.53323764385264 -99
1.68646404394683 -99 -99 -99 1.54736177749048 -99 1.28653451896502 -99 -99 0.582425649392157
-99 5.67766643614824 -99 -99 -99 1.47919085690448 -99 -99 -99 -99
-99 -99 2.77928388853374 -99 -99 -99 -99 -99 0.922437532674592 -99
2.89634665107226 -99 -99 -99 -99 2.75916069397819 -99 -99 -99 -99
-99 -99 -99 -99 -99 -99 -99 -99 -99 -99
-99 -99 -99 -99 -99 -99 -99 -99 -99 -2.06584915618225
-99 -99 -99 -99 -99 -99 -0.116170534298482 -99 -99 2.02453109788089
-99 -99 -99 1.58933924618807 -99 -0.863711511816874 -99 -99 -99 -99
-99 -99 2.36752834863905 -99 -99 -99 2.21841769341029 -99 -99 -99
-99 -99 2.93902687743637 -99 1.88883649919332 -99 -99 3.94468320257863 0.819945981154927 -99
0.964040670767055 -99 -99 2.35259145600243 -99 0.783143097398351 0.980747685477605 -99 -99 1.17287591627938
-99 1.2758161856037 -99 -99 -99 -0.0777553158362414 -0.0956613070216745 -99 -99 -99
-99 -99 0.711365090988836 -99 -99 -99 1.73696731040604 -99 -99 -99
1.52592937606022 -0.651276917751507 -99 0.927676134781215 -99 -99 -99 -99 -99 -99
-99 2.50699556561683 -99 -99 4.13072273857099 0.753305082920249 -99 -99 3.16007972722222 -99
-0.909972249018176 -1.03357814033148 -99 -99 -99 -99 -99 -99 0.00678963358585105 -99
-99 -99 -99 -99 -99 -99 -99 -99 -99 -99
-99 -99 -99 -99 -99 -99 -99 3.00115107920483 -99 1.53740153056112
-99 -99 -99 -99 -99 -99 -99 3.25114294428324 2.30056236263378 -99
-99 0.0418008025911148 -99 -99 -99 -0.626243829247999 1.25313115515815 -0.144944169672689 -0.102810424808529 -99
-99 -99 -99 -99 -99 -99 1.08471157488617 -99 -0.113241030870448 -99
-99 -99 -99 -99 -99 -0.0823422094075217 -99 -99 -99 -1.11991537653267
-99 -99 -99 -99 -99 -99 -99 -99 -99 -99
-99 -99 -99 -99 -99 -0.804157553519245 -99 -99 0.659593839019616 -0.34122240199137
1.75926154387508 -99 -99 -99 -99 -99 -99 -99 -99 -99
0.849974149191498 -99 -99 -99 -99 -99 -99 -99 -99 -99
-99 -3.15343333697487 -0.779732597070013 -99 0.765832360718573 1.11232427037938 -99 -99 -99 -0.181165303673969
-99 -99 -99 -99 -99 0.916106706072939 -99 -99 -99 -99
-99 3.07272011525672 1.4902188765994 -99 1.2068757946169 -99 1.95019349343379 1.14601716608863 -99 -99
-99 -1.28733049113326 0.704523745160039 -99 -99 1.52091439160457 -99 0.982018046361156 -99 -99
-99 -99 -99 -99 -99 0.550570150265365 -99 0.411548111694634 -1.04506028711752 -99
-99 -99 -99 -99 -99 -99 -0.608445029994029 -99 -99 -99
-99 -99 -99 -99 -99 -99 -99 -99 0.984838097270893 2.36034402397804
-99 -99 -99 -99 -99 -99 0.417636301392134 -99 -99 0.911109766564862
-99 -99 0.323324014844338 -99 -99 -99 -99 -99 -99 -99
-99 -99 -99 -99 -99 -99 -99 -99 2.7447347451038 -99
-99 -99 -99 -99 -0.365981634609321 -99 -99 -99 -99 -99
-99 -99 -99 -99 -99 -99 -99 -99 -0.106027962029382 -99
-99 -99 0.989709943990668 -99 -99 -99 -99 -99 -99 -99
-99 -99 -0.360622212094234 -1.95244643179318 0.149962525875755 -99 -99 -99 -99 -99
-99 -99 -99 -99 3.03052141560404 -99 -99 -99 0.445721785311156 -99
-99 0.185198685923948 -99 -99 -99 -99 -99 -99 -99 -99
-99 -99 -99 -99 -99 -99 -99 2.32177159831956 -99 -99
-99 -99 -99 -99 -99 -99 0.620506749730979 1.50946648330656 -99 2.17623665215982
-99 -99 0.462950107265357 -99 -99 1.58895033759756 2.33884425323311 -99 1.1109396729196 -99
-99 -99 -0.741163393562829 -99 -99 -99 0.988570752634179 -99 -99 0.602754383678039
-99 -99 -99 -99 -99 -99 -99 -99 -99 -99
0.811100424261317 -99 -99 -99 -99 1.13647276020751 -99 0.831642255903775 -99 -99
-99 -99 -99 1.68737510186604 -99 -99 2.00028630697831 -99 -99 -99
-99 -99 -0.0601359106911525 -99 -99 -99 -99 -99 -99 -99
-99 -99 1.58073722145257 -99 0.977766840107804 -99 -99 -99 -99 -99
-99 -99 0.790334408806155 -99 -99 -99 -99 -99 -99 -99
-99 1.68710325613698 2.92298276659081 -99 -99 -99 2.18150565299585 2.06972725874631 2.70048701991015 -99
0.211036493036514 -99 -99 -1.54688803008034 -1.23061497964179 0.967115269989444 -99 -99 -99 -99
-1.00536517057921 -99 -99 -99 -99 -99 -99 -0.39664640159721 -99 -99
-2.57496767915689 -99 -99 -99 -99 -99 -99 -99 0.610489554402277 -99
-99 -0.189055497212358 -99 -99 -99 -99 -99 -99 0.576766275224423 -99
-99 -1.72573066344773 -99 -99 -1.02380276203332 -99 -0.301787061761413 -99 -99 -99
-99 1.76725171964276 -99 1.03707627008439 -99 -99 1.58978363826921 -99 -99 -99
-99 -99 -99 -99 -99 -99 1.10242401376964 -99 -99 1.29520299390172
0.341331626921274 -99 -99 -99 -99 -99 -99 -0.492894788785278 -99 -99
-99 -99 -99 -99 -99 -99 -99 -99 -99 -99
-99 -99 -99 -99 -99 1.4870030917395 -99 -99 -99 -99
1.49995994664237 -99 -99 1.60472121464192 -99 -99 -99 1.07515844379715 2.27668433906159 -99
-99 -99 -99 -99 -99 2.40789605155733 1.85006578307872 -99 -99 -99
-99 -99 -99 -99 -99 -99 -99 -99 -99 1.94145771008832
-99 2.47323209168088 4.77715350664104 3.82966475625576 2.06802658832017 3.95045132259619 3.12994434061778 -99 -99 -99
-99 -99 1.85088947851459 1.21153206736214 -99 -99 -99 -99 2.0929095208468 1.48607837640405
-99 -99 -99 -99 -99 -99 -99 -99 -99 -99
1.68736624581321 -99 -99 -99 -99 -99 0.546577036872452 -99 -99 -99
-99 -99 -99 1.43117816330279 -0.639304467512569 2.2146108066945 -99 0.737620258896246 -99 1.68854468533166
-99 1.16725833808212 -99 -99 -99 -99 -99 -99 -99 -99
-1.4808374990401 -99 -99 -0.333829615307726 1.00307327858493 -99 -99 -99 -99 -99
0.86026605892804 -99 -99 -99 1.09569316997763 -99 -0.890756196570738 -99 -99 0.573681741549715
1.48786480213646 -99 -0.115863854285183 0.330793611935485 -99 -99 -99 -99 -99 -99
-99 -99 -99 -99 0.0830600350475442 -3.21434343012886 -99 -99 -99 -99
-99 -99 -99 -99 -99 -99 -99 -99 -99 -99
-99 2.23863024897789 -99 -99 2.5313901228761 -99 -99 -99 -99 0.921051324520025
3.14541765837601 -99 3.60452496018024 -99 1.97887556020193 -99 -99 -99 -99 -99
-0.116790819589247 -99 1.13079383953063 -99 -99 -99 -99 -99 -99 -0.0543116394945578
1.84863353304142 -99 -99 -99 1.86994235805627 -0.913856992396501 -99 -99 -99 -99
-99 -99 -99 -99 -99 -99 -99 -99 -99 -99
1.9087981803453 0.991994465466639 -99 1.99807552457613 2.30371632027052 -99 -99 -99 -99 -99
-99 -99 -99 -99 1.27777611472602 -99 -99 0.814860238735758 -99 -99
-99 -99 -99 -99 2.10517301303176 -99 1.32580366702174 -99 -99 -99
-99 -99 -99 -99 -99 -99 -99 -99 2.27155728528389 -99
3.4038768396537 3.08490520193559 1.82717175872447 -99 -0.196680694893029 -99 -99 -0.512894627364987 -99 1.76913839362918
1.64246079720184 1.74819254348016 -99 -99 -99 -99 -99 -99 0.239456289313065 -99
-99 -99 -99 -99 -99 -99 -99 -99 -99 -99
0.260173270107832 -99 -99 -99 -99 -99 -1.19629399615898 -99 -99 -99
-99 -0.347168532679648 0.930871699178759 0.978259570873228 -99 0.660543358241334 -99 -0.9725389684145 -0.925543251167611 -99
-99 -99 -99 -99 -99 0.643494368405007 -99 0.891982441305184 -99 -99
-99 -99 -99 -99 1.4959308554883 -99 -99 -99 -99 0.873081283682287
-0.202235937829424 -99 -99 -99 -99 -99 -99 -99 -0.191102157743729 -99
-99 -99 2.09544515090136 2.03333803404741 1.61310743172813 -0.0710333602904585 -99 -99 -99 -99
-99 -99 1.69707988156234 -99 -99 -99 -99 -99 -99 -99
-99 -99 -99 -99 -0.061241608310957 -99 -99 -99 -99 -99
-99 -99 -99 -99 -99 -99 1.01228939076123 -99 -99 -99
-99 -99 -99 -99 -99 -99 -99 -99 -99 -99
-99 -99 -99 -99 -99 -99 -99 -99 -99 -99
-99 -99 0.844464958917136 -99 5.30783750957572 -99 2.91129617128372 -99 -99 -99
-99 -99 -99 -99 -99 -99 -99 -99 -99 -99
-99 -99 -1.05202573239868 -99 -99 -99 0.574897540161599 -99 -99 -1.48817494595046
0.921729849117767 0.363139076216553 -0.567642284292728 -99 -99 0.549542129209822 -99 -99 -99 0.539754139542918
-99 -99 3.0234915394282 1.36924543988682 -99 -99 1.70788671840192 -99 -99 1.0888459625169
-99 -1.21781445298707 -99 -99 -99 0.585697305941207 -2.17282911152976 -99 -99 -2.15766185173231
-99 -99 -99 -99 -99 1.77627896672762 -99 1.90266874140539 -99 -1.84553599139826
-99 -99 2.61085381521702 1.31672697786862 -99 -99 -99 -99 2.23418977084616 -99
-99 3.90284591575386 -99 3.26247965682775 -99 -99 2.69371560804098 -99 -99 -99
2.93860376363799 -99 3.12384818958625 -99 -99 2.62412601112842 -99 -99 -99 -99
-99 -99 -99 -99 -99 -99 -99 -99 -99 -99
-99 -0.133117754757091 -0.33918555531889 -99 -99 -99 0.479878675286624 -99 -99 -99
-99 -0.248283109247387 -0.561339077186571 -99 -0.0275109659644059 -99 -99 -99 -99 -99
-99 -0.695368703614763 0.0620916045275367 -99 -99 -99 -99 0.990579515148076 -99 -1.17777594531793
-99 -99 -99 -99 -99 -99 -99 -99 -99 -99
-99 -99 -0.170992702414625 -99 -99 -99 -99 -99 -99 -99
2.34026430709025 -99 -99 3.233631817449 -99 -99 -99 2.10828143680413 0.985406310832108 -99
-99 -99 2.9583564421844 3.40271025778782 -99 -99 -99 0.998236479472019 -99 -99
2.76823704551525 -99 -99 1.80132426936777 -99 -99 -99 -99 -99 -99
-99 -99 -99 -99 -99 -99 -99 -99 -99 -99
1.60792689984134 -99 -99 -99 2.30963701416838 -0.0267934484028658 -99 -99 -99 1.00060030660783
1.42270774858324 -99 1.91228839738196 -99 -99 0.61646879581122 -99 -99 -99 -99
-99 -99 -99 3.21666419657777 -99 -0.494598066754341 -99 0.177976811142061 -99 -99
-1.31794843044591 -99 -99 -99 -99 -99 -99 -99 0.380207971067068 -99
3.64304206510757 -99 -99 -99 -99 -99 -99 0.341131143757427 -99 -99
-99 -99 -99 -1.54030685829437 -99 -99 0.227506854235905 2.23009863510383 -99 -99
0.70494632486301 0.454811707604811 -99 -99 -99 -99 -99 -99 -99 -99
-99 2.05560143059559 -99 3.1386667610465 2.61404223264558 -99 3.30903169764429 -99 -99 0.809630061584191
-99 -99 -99 -99 -99 1.55310135904723 -0.504713477801748 -99 0.20674524902647 -99
-99 -99 -99 -0.036908176834261 1.84870056039068 1.56195944532347 -99 -99 -99 3.18660827982793
-99 -99 -99 -99 0.736076523599975 -99 -99 -1.25950596298064 -99 -99
