-99 -99 -99 -99 -99 -99 -99 -99 -99 -99
0.493046892032139 0.808930337194808 -99 -99 -99 -99 -99 -99 -0.31595018234323 -99
-99 -99 -99 -99 -99 -0.142752009630392 -99 -99 0.404085070408743 -99
-99 -99 -2.03552938222956 -99 -99 -99 -99 -99 -99 -99
-99 -99 -99 -99 -99 1.10223993913903 -0.127994731117574 -99 -99 -99
-99 2.10544178158638 -99 -99 -99 1.84657786920434 -0.544485972681064 -99 -99 1.12557474544937
-99 -99 -99 -0.0956661471275531 -1.78674060003326 -99 -99 -99 -99 -99
-99 -99 -99 -99 2.16453364094876 -99 0.590650691401215 -99 -99 -99
-2.02944896333594 -99 -99 0.0988151338350953 -99 -99 -99 -99 -99 0.0385709153267531
-99 -99 -99 -99 -99 -99 -99 -99 2.34502878772212 3.10645508177946
-99 -99 -99 0.871528916793538 -99 -99 -99 -99 -99 -99
-99 -99 1.20511718934743 -99 -99 -99 -99 1.4869263849374 -0.477409724574828 -99
-99 -99 -0.134425454299475 -99 -99 -99 -99 -0.934544673800692 2.1255973357803 0.410677580611964
-99 -99 -0.104078731694346 0.848901643388633 -0.261143356318386 -99 -99 -99 -99 -99
-99 -99 -99 -99 -0.17390985391564 -99 -99 0.783255703396869 -99 0.0357037115032603
-99 -99 2.033390791923 -99 -99 -99 -99 -99 -99 -99
-99 1.61383071082267 2.6348011610826 -99 -99 -99 -99 -99 -99 -99
0.661275477202607 0.0540953005283347 -99 -99 -99 -99 -99 -99 0.808664390200945 -99
-99 -99 -99 -99 1.94825661008635 4.06765809112314 -99 -99 -99 2.7447909868286
-99 -99 -99 -0.575696007386014 0.915245816288312 -0.340427548465197 1.34044100834805 -0.123377594682843 -99 -99
-99 -99 -99 -99 -99 -99 -99 -99 -99 -99
-99 -99 -1.39690929138076 -99 -99 -99 0.413175856889844 -99 -99 -1.0144731768324
0.437519325525921 -99 1.78494258498236 -99 -99 -99 -99 -99 -99 -99
-99 -99 -99 -99 1.00952008306116 -99 -99 -99 -99 -99
-99 -99 0.262171497221014 -99 -99 -99 -99 -0.0332167841102737 -99 -99
-99 -0.875337321937457 -99 -99 -2.2280646286351 -99 -99 -99 -99 -99
-1.23760794483548 -99 -99 -99 -99 -99 -99 -99 -99 -99
-99 -99 -99 -99 -99 -99 -99 -0.154263517895518 -99 -99
0.0669055614504843 -0.425185040533796 -99 -0.616015357196831 -99 -99 -0.258831910824631 0.504645852299932 -99 -0.318937938196938
-99 -0.352168937871343 -99 -99 -99 -99 -99 -0.0675035949141525 -99 -99
-99 -99 1.46890704539581 -99 -99 -99 0.328765461142868 1.04157645634418 -99 -99
1.37779888047194 -99 -99 -0.59974885815328 -99 -99 -99 -1.77409450988636 -99 -99
-99 -99 -99 -99 3.90771969018461 -99 3.49262344725968 -99 -99 2.18913136725067
-99 -99 -99 -99 0.989670742306221 -99 0.628941177701385 -99 2.17631885192273 -99
-99 -99 -99 -99 -99 -2.15131510568406 -1.47493153711621 -99 0.378273624254601 -99
-99 -99 -99 -99 -99 -99 -99 -99 -99 -99
-99 1.03471900915237 -99 0.646189376571485 -99 1.11708150738938 -99 -99 -99 -99
-99 1.22670416603244 -99 1.3101526168539 -99 1.55940241560069 -99 -99 -99 -99
-99 0.118070869644598 -99 -99 -99 2.21527014623655 -99 2.50649735202119 -99 0.611299708654662
-99 -0.12608014898989 -99 -99 -99 -99 -0.62669065093341 -99 -99 -99
-99 -99 -99 -99 1.34382109746038 -99 -99 -99 -99 -99
-99 -99 -99 2.59300355945566 1.22137914132143 -99 -99 -99 -99 -99
-99 -99 0.913186331762617 -99 -99 -99 -99 -99 0.136807081132389 0.649119877633806
-99 -99 -0.465689839198407 -99 -99 -0.561045801576848 -99 -99 0.0178575398389866 -99
-99 1.81657760184715 -99 -99 -99 1.61508207394594 -99 -99 -99 -99
-99 -99 -99 2.1031922072841 -0.985742800997183 -99 -99 -99 -99 -99
-99 1.88347482217208 -99 -99 3.29436717379644 -99 0.944896820267981 -99 2.02325894624601 -99
3.99072360385728 -99 -99 -99 -99 -99 1.64894988331713 -99 -99 -99
-99 3.5996664426182 0.811899393534454 -99 1.07628230999838 -99 -99 -99 -99 -99
-99 -99 -99 -99 -99 -99 1.60543802203543 -99 -99 -99
-99 -99 0.25052422871562 -99 0.517601900293127 -99 -99 -99 -99 -99
0.468918923698769 -99 1.73844305554033 -99 -99 -99 1.99835489988284 -99 2.71258074806252 1.41690701353895
-99 -99 -99 -99 -99 -99 -99 -99 0.178225268775711 -99
-1.27103543401318 -99 -99 -99 -99 -0.188664612359299 -99 -99 -99 -99
2.81012899817356 3.66935408916053 -0.654116851556268 -99 -99 -99 -99 -99 -99 -99
-0.52914368271513 -99 -99 -99 -99 -99 -99 -0.0375803402402985 0.749317390535355 -99
-99 0.321199126222856 -99 -99 -99 -99 -99 -99 -99 -99
-1.81411422849489 -99 -99 -0.978120909020509 -99 -99 -99 -99 0.755343555119788 -99
1.12117343559388 -1.06666054756309 -0.556843657521251 0.688497274266718 0.109272984692388 -99 -99 -99 -99 -99
0.780938186427901 -99 -99 1.62405750619997 -99 -99 -99 -99 -99 -99
-99 -99 -99 0.447855028083559 -99 0.458669325291738 -0.536705767125527 -0.269452155643345 -99 -99
-99 1.42873891686336 1.65435008222656 -99 3.06237963947718 1.47339643520563 -99 -99 1.36311520371238 -99
-99 -99 -99 -99 -99 -99 -99 -99 -99 -99
-99 -99 -99 -99 -99 -99 -99 -99 -99 -99
1.59493845469394 -99 -99 -99 -99 -0.726212202623242 1.43147963031434 0.901710439462178 -99 -99
-99 -99 1.95369058931222 -99 -99 -99 -99 -99 -99 1.80259538218926
0.82289369683881 -99 -99 2.56736990599736 -99 -99 -99 -99 -99 -99
2.68391953207094 -99 -99 -99 -99 -99 -99 -99 -99 -99
-99 0.903153248898386 -0.247343651787978 -99 -99 -99 -1.39847115486948 0.109068153017296 -99 -0.610521182779753
-99 2.21316883635632 -99 0.451709268530992 -99 -99 1.21407007916681 -0.584133711496709 0.226663232531299 -99
-99 -99 -99 -99 -99 -99 -99 -99 -99 -99
1.66439706843667 -99 -99 -99 -99 -99 -99 -99 3.53569895631929 -99
-99 -99 -99 -99 -99 -99 -99 -99 -99 -99
-99 -99 -99 3.47173048665117 0.241427080843135 -99 -99 -99 1.16024821207279 1.96281563731033
-99 1.97928086097455 -99 0.764705560447437 -99 -99 -99 -99 -99 -99
-99 -99 -99 -99 -99 -99 -99 -99 -99 -99
-99 -99 -99 0.348459979638022 -99 0.862001025871816 -99 -99 -99 -99
-99 0.575484456173768 -99 1.67880679114313 -99 -99 -99 -99 -99 1.24915323436178
-99 -99 -99 -99 -99 -99 -0.442852508060046 -99 -99 -99
2.14150433051508 -99 -0.253564622446172 -99 0.421374705175379 -99 -0.752558237085873 -99 -99 -99
0.191292119232473 -99 -99 -99 -1.40894099440175 -99 -99 -99 -99 -0.896028765224413
-99 -99 -99 -99 0.0849242030236452 -99 -99 -99 -99 -99
-99 -99 3.35108788682261 -99 0.00202587359050921 -99 0.986642353566495 1.03487691848954 -99 -99
-99 -99 -99 -99 -99 -99 -99 -99 -99 -99
-99 -99 -99 -99 -99 -99 -99 -99 -99 -99
-99 0.778522573978804 -99 -99 -99 1.52609569309101 -99 -99 -0.457897835985938 0.0125469568401332
-99 -99 1.72040780997476 -99 1.79870151452234 -99 -99 -99 -99 -99
-99 -0.0400041388958088 -99 -99 -99 -99 -99 -99 -99 -99
-99 -99 -99 -99 -99 -99 -99 -99 1.7538624935985 -99
-99 -99 3.09302400680729 -99 -99 -99 -99 -99 -99 0.58121223128422
1.20544437828612 -99 -99 -99 -99 -99 -99 -99 -99 -99
-99 -99 -99 1.3189983543511 -99 -99 -99 -99 -99 -99
0.788960451558884 -99 -99 1.26924487886758 -99 -99 -99 -99 -99 1.0718627548379
-99 1.75167477860261 -99 1.0466978056054 -99 -99 -99 -99 -99 0.680572957259839
-99 -99 0.94151046519612 -0.173254398101156 -99 -99 -99 -99 1.62171315498815 -99
3.46478213646782 -99 -99 -99 -99 -99 2.85465653813449 -99 4.31285703578696 -99
-99 -99 -99 -99 -99 1.37324032489575 -99 -0.154993457700977 -99 1.90237947191924
-99 -99 -99 0.309854426274876 -99 -99 1.87427378420293 -99 -99 0.0915695149976545
1.85694739017125 1.478239779404 -99 -0.664183307119389 -99 0.630568785602708 -1.0923279876666 -99 -99 -99
1.46361225109145 -99 -99 -99 -99 -99 -99 1.17763970157254 -99 0.388129181140199
-99 -99 -99 -99 2.4552632626765 -99 1.44320144664371 2.02684643370667 -99 1.18831136570358
-99 -99 -99 -99 -99 0.601810253328804 2.25088933209132 -99 1.99024583148708 -99
-99 -1.00159614601406 -99 -99 -0.334753153496329 -99 -99 0.859700676028837 0.316458946230515 -99
0.683955968823158 1.11770384050607 -99 -1.20926928385501 -99 -99 -99 -99 -99 1.20924824883992
-99 -99 -99 -99 2.20392679593288 2.30332091057099 -99 -99 -99 -99
3.05494660373438 -99 -99 -99 1.05365455756986 3.34883479662111 -99 2.44693613253751 -99 -99
3.15495255587933 -99 -99 -99 -99 3.05116498189624 3.04299644256744 2.42705640515602 -99 -99
-99 -99 0.598076206478333 -99 -99 -0.153809451936453 -99 -99 1.06897405553925 2.06945096564369
0.178938331480935 -99 0.867917835027494 -99 0.624357445207408 -99 -99 -0.293072057140199 -99 -99
-99 -99 -99 2.60425196788989 -99 -99 -99 1.18360140849471 1.55527381984107 -99
1.57770129321985 1.03375131636385 -99 -99 -99 -99 -99 -99 2.49900600315815 -99
-99 -99 -99 -99 -99 -99 2.7056957393192 -99 -99 -0.0470509154978132
-99 -1.10618172965713 -99 -2.38690509032798 -0.471526577978517 -99 -99 -99 0.0266101579385776 -99
-99 -99 -99 -99 -99 1.58415222687208 -99 -99 -99 -99
-99 -99 1.78507771310837 -99 -99 0.922852454273814 -99 3.46669238979618 -99 2.74104088008596
-99 -99 -99 -99 -99 1.0676757647722 -99 1.35003381241021 1.26721301180245 -99
-99 -99 -99 -99 -99 -99 1.55798240235997 1.77620589554427 2.72700903045456 1.61005695957428
-99 0.00910685475718154 -99 -99 -99 -99 -99 -99 -99 -99
-99 2.47988146199782 -99 -99 -99 -99 -99 0.881928678638047 3.48352393829244 -99
-99 -0.657967722688394 -99 -99 1.17155082135671 -99 -99 -99 -99 -99
-99 -99 -99 -99 -99 -99 -99 -99 -99 -99
-99 -99 -99 -99 -99 -99 -99 -1.22564811507527 -0.275003009634039 -99
0.773864716526961 -99 -99 -99 2.61923501218828 -99 -99 -99 -99 -99
-99 -99 1.25136439105929 -99 -99 1.88622343540721 -99 -99 -99 0.0185318253884552
-99 0.735382433447196 -99 -99 -99 -1.01518020801113 -2.55172209754194 1.42358382939401 1.62337348750148 -99
0.862022799236293 -99 -99 -99 -99 -99 0.856284216888082 1.3496411189184 1.66968091399132 -99
-99 -99 0.604943337040501 -99 -99 -99 -99 -99 -99 -99
-99 -99 -99 -99 -99 -99 -99 -99 -99 -99
2.62917735228373 3.84542697070956 -99 -99 0.186718597698359 2.30376900773286 -99 -99 -99 -99
2.23221453852925 -99 -99 -99 -99 -99 -99 -99 -99 0.517554565120734
-99 -0.284723553552027 -99 -99 -99 2.16669391985348 -99 1.86674639365233 1.3124689673595 -99
-99 -99 -99 -99 -99 -99 -0.0880717741648303 -99 -1.42958151308722 -99
-99 -99 -99 -99 -99 -0.756325158544985 -0.25302725385483 -99 -99 -99
-99 -99 -99 2.34041790490794 -99 -99 -1.96067665289744 -99 0.936991354662024 -99
1.35139182094502 -99 -99 -99 -1.31392726748495 -99 -99 0.832383466420613 -99 -99
-99 -99 -99 2.22647282441961 -99 3.11182486099488 -99 -99 -99 -99
-99 -99 2.06663912670437 2.31960748151583 -99 -99 3.31925222678842 -99 -99 -99
-99 -99 -99 -99 2.37362333219434 2.58813991815957 -99 -99 -99 -99
3.61637861785081 3.52795759265618 3.7890090205585 -99 3.05769339068019 -99 -99 -99 4.43019706041252 -99
-99 -99 -99 2.03889343086327 -99 -99 -99 -99 -99 -99
-99 -99 -99 -99 -99 -99 2.8036350037475 -99 -99 -99
0.3637980997759 -0.814547834851274 -1.2773854206096 -99 -99 -99 -1.03245745487682 -99 -99 -99
0.295952813863056 -99 -0.331735324884791 -99 -99 -99 -99 -99 1.29411618972563 -99
0.764629136144939 -99 -99 -99 -99 -99 1.83468358421488 -99 -99 -99
-99 0.371780129026676 -99 -99 -99 -99 -99 -99 -99 -99
-99 -0.51932631435999 1.07207821927452 -99 1.85277012965336 -99 -99 2.38202234606102 0.589639872403493 -99
-99 1.91839731555416 -99 0.23906134952419 -99 -99 -99 -99 -99 -99
-99 -99 -99 2.12779629239694 -99 -99 -99 -99 3.89150346503065 -99
1.40781551178576 -99 -99 -99 -99 -99 -99 -99 -99 -99
0.186767315056119 -99 -99 -99 -99 -0.0950593451738717 -99 -99 -99 -99
-99 -1.66506870802748 -0.201434489907299 -99 -99 -0.713213653847476 -1.53153290122762 -0.292285375717802 -99 -1.93328659708184
-99 -99 -99 -99 -99 1.31422660272699 -99 1.95342174057536 2.67323449162407 -99
-99 -0.42272444199932 -99 -99 -99 -99 -99 -99 -99 -99
0.502627816299187 -99 -99 -99 -99 -99 -99 -99 -99 -99
-99 -99 -99 -0.223564081586613 -99 -99 -99 -99 -99 0.865479282163839
-99 1.96098199383432 -99 -99 -99 -99 -99 -99 -99 -99
-99 -99 -99 -99 -99 1.17126753879972 -99 -99 -99 -99
-99 -99 -99 -99 2.18318307163754 2.14567169892613 -99 -99 -99 -99
0.358373335405112 -99 1.10060832225946 -99 0.196237341463054 -99 -99 -99 -99 -99
1.78547382915425 -99 -99 -99 -99 -99 -99 1.6895353555492 -99 1.5960077391266
-99 -99 -0.750919278196465 1.925287078317 1.05649766797705 0.160920549290812 1.37170617718825 -99 -99 1.58593693799847
1.24404295294393 -99 0.171297369225978 0.14097224317725 -99 -99 -99 -0.960785993049564 -0.0846932225911805 -99
-99 -99 2.34029039675586 -99 -99 -99 -99 3.40582433264568 0.799498883495278 -99
-99 -99 -99 -99 -99 -0.289101355288262 -99 -99 -99 -0.267661519976832
-0.252742725923638 1.98071460434333 -99 -99 -99 -99 -99 -99 -99 0.498088488714703
-99 -99 -99 -99 0.0508363239026178 -99 -99 -99 1.03197509634304 -99
2.32990047105923 2.26324697278324 4.37693994599211 -99 -99 -99 -99 -99 4.11206409438534 3.31582908059057
-99 0.873697970471711 -99 0.382104678867946 -99 -99 -99 -99 -99 -99
-99 -99 -99 -0.163863347493794 0.688094209968947 -99 -99 -99 -99 0.061773120272213
-1.63900874042842 -99 -99 -99 -99 -0.0384731877547813 1.25936636744184 -99 -99 -99
-99 1.8664384654345 0.0457945440326089 -99 -99 -1.67250181721932 -99 0.5080601610733 -99 -99
-99 0.972489571408083 1.88362707227721 -99 -99 -99 -99 -99 3.45023037800856 2.14961004663217
-99 -99 -99 -99 2.17271779815555 -99 -99 1.61004367042421 -99 -99
0.240099538845044 -99 0.870876205087393 -99 -99 -99 -99 1.09493608175886 1.64088074388904 -99
-99 -99 -0.998075192210614 1.45409280605553 -99 -99 -99 -99 -99 1.5261630224998
-99 0.92978365148491 -99 0.446234838380809 -99 -0.116901454112413 -0.72477687898441 -99 -99 1.5008578510259
-0.230616057967596 -99 -99 -0.0236171193289387 -99 -99 -0.232661526702675 -1.30113547016319 2.05222271962256 -99
-0.35157858681135 -99 -99 -99 -99 -99 -99 -99 -0.382954924179282 -99
-99 -99 -99 -99 -99 -99 -99 -99 -99 -1.43971521615442
-99 5.4972935269251 -99 -99 -99 -99 4.06497546292607 -99 -99 -99
-99 -99 -99 0.157061794548523 -99 -99 -99 -99 -99 -99
3.84805801805135 -99 -99 3.03938775813808 -99 -99 3.2091330527522 -99 -99 -99
-3.00066728122277 -99 -99 -99 -99 -1.75738653699464 -99 1.07601800680655 -99 -99
-99 -99 -99 -99 0.640843748037618 0.94917275655459 -99 -99 -99 0.330429501994149
-99 -99 1.88107742103672 1.66153767424898 -99 -99 -99 -99 -99 -99
-99 -99 -99 -99 2.42969440953853 -99 -99 -99 -99 3.65613534723667
-99 -99 -99 -99 -99 -99 0.606810517676288 1.94052632736725 -99 -99
-99 -99 1.43760565180823 -99 -99 -99 2.06253432608656 -99 -99 -99
0.611462672494598 -99 -99 -99 0.25098598192629 -99 -99 -99 -99 1.76898472118811
-99 -99 -0.185009085039066 -99 -99 -99 -99 -99 -99 0.589295879052956
1.47204089659662 -99 1.67629895243157 -99 -99 -99 -0.521727838700436 0.669107090546995 -99 -99
-99 -99 -99 -99 1.7206125902661 -99 -99 -99 -99 -99
-99 -99 -99 -99 -0.332313272976045 -99 2.4537514234178 -99 -0.330458709248906 2.16173907994059
-99 3.58204993565931 -99 4.74148953422886 -99 -99 2.5337751427659 -99 5.07394078491388 -99
-99 -99 0.936527738061679 0.771218112382172 -99 -0.0397487813619246 -99 -99 -99 -0.418975488999088
-99 -99 -99 -99 3.46892629260676 -99 0.816637318349745 -99 -99 -99
-0.0574640477385073 -1.27679689708314 -0.503674102912777 -99 -99 -0.620350741300271 -99 -99 -99 -0.170286276220132
-99 2.41240020378241 -99 1.04877630996958 -99 -0.401055946519364 -99 2.82982525220357 -99 -99
-99 -99 -99 1.68019471642639 -99 -99 -99 -99 -99 1.44437082023993
3.61553871756572 -99 0.900756293055812 -99 -99 -99 -99 -99 -99 -99
1.95904949257343 3.01051944488564 -99 -0.293022835983926 -99 2.5398456316552 1.61380276324728 2.33257126975419 1.21771335144073 1.12677534118752
-99 -99 -99 -99 -99 -99 -1.23103448222514 -99 -99 -99
0.353981449073141 -99 -99 0.844365256848632 1.10900041189781 0.845285585319003 -99 -1.68875217480352 -99 -99
-99 1.27287511783425 -99 -99 -99 -99 0.39987283783371 -99 -99 -99
-0.571176815397019 -99 -99 -99 -99 -2.94883112200442 -1.3699414772802 -99 -0.880589096086583 -0.716786925436427
2.04462815433964 0.604942077447437 -99 -99 -99 0.336775426070009 -99 -99 -99 -99
-99 -99 -99 -99 -99 -99 -99 -99 2.14658483131452 1.59137999131612
-99 -99 -99 2.06037456244717 -99 -99 -99 -99 -99 -99
-99 1.67895899788696 -99 -99 -99 1.45855160952705 0.944564728067172 -99 -99 -99
-99 -99 -99 2.37633345867003 -99 0.0609862818024635 -99 -99 -99 1.52666159181902
0.480749053409025 -99 -0.350663427028319 -99 -99 -99 -99 -99 1.45352347013283 -99
-99 -99 1.10744574307116 -99 -99 -99 2.58606720316254 1.4094165141856 -99 -99
-99 1.77665743305596 0.409125436184749 -99 -99 -99 3.28539742420976 -99 -99 -99
-99 -99 1.94332606755267 -99 -99 -99 -99 -99 -99 1.50740531430142
1.59632582617708 2.03815607527178 -99 2.56483385574581 3.52698701157252 -99 -99 -99 -99 2.54188344234273
-99 -99 -99 1.05585731241394 -99 -99 -99 -99 0.392485724469021 -99
1.70248729990309 -0.177514286323804 0.715712558981631 -99 -99 0.832697843016139 -99 -99 2.01744457091003 -99
-99 -99 -0.202875945286745 -99 -99 -99 0.0602896302255194 -99 -99 2.0036923297056
-99 -99 -99 0.128524309161468 -99 -99 0.682580337612215 -99 0.918570921650764 -99
-99 0.859155910690029 -99 -99 -99 0.948445758719525 -99 -99 -99 -99
-99 -99 -99 -99 0.648005926716692 -99 -99 1.85306866273519 -99 -99
-99 -99 -99 -99 -99 -99 3.37191302251669 -99 1.99841592858854 -99
-99 -99 -99 -99 2.07486363781794 -99 2.15873363072875 -99 -99 -99
-99 2.24534131296709 -99 -99 -99 -99 -99 -99 -99 -99
1.55485995571204 -99 1.47172148549776 2.22256798597564 -99 -99 -99 -99 0.436830551857221 2.28118469746687
-99 0.550361451759536 -99 -99 -99 0.272805355049699 -0.546200374521611 -0.630620664416757 -99 -99
-99 -99 -99 -99 -99 0.331019811396287 2.46953984845414 -99 -0.242553321876321 0.938874604453942
1.00653817871282 -99 -99 -99 -99 -99 -99 -99 -99 -99
-99 0.534535994959319 -99 -99 -99 -99 -99 1.22365699372796 0.165728637489717 -99
-99 -99 -99 -99 0.761791164138955 -99 -99 -99 -99 -99
-99 1.36425875834315 -99 1.83603291627447 2.24939386529638 0.287652859864344 -99 -0.0893449979793757 3.30579084171821 -0.234252131819199
3.68258358479956 -99 -99 -99 -99 -0.225939181163241 3.81668610726422 -99 -99 -99
-1.55736418883096 -0.665738395185269 -99 -99 -99 -99 -99 -99 -99 -99
-99 0.177540014070561 -99 -99 -99 -99 -99 -99 2.07873086085067 3.42190608399144
3.34122442379934 3.2545456485747 -99 -99 -99 -99 -99 -99 -99 -99
-0.0592525157212009 -0.256155803003278 -99 -99 -99 -99 -1.10854819402708 -99 -99 -99
-99 -99 -99 -99 -0.423193804910385 -99 -99 -99 -99 -99
-99 -99 -99 -99 -1.43287098644295 -99 -99 -99 -99 -99
-99 -99 -99 3.02522286550611 -99 -99 -99 -99 -99 -99
-99 -99 -99 -99 -99 -99 -99 -1.23066012297044 -99 -99
0.635811339034882 3.17653588901898 -99 -99 2.55335362315921 -99 -99 -99 -99 2.87827449702339
-99 -0.830207174680257 -99 -99 -0.739066038841069 -99 -99 -99 -99 -99
0.806989427003518 -0.596043468893687 -99 -99 -99 -99 -99 -0.738163084943365 -99 0.903192104355827
-99 -99 -0.02552078505509 1.39878133143126 -99 -1.86357278976587 -99 -99 -99 -99
-99 -99 1.62096271910987 -99 -99 -99 -99 -99 -99 1.24089111695296
0.431672628135482 -0.269706958447661 -99 -99 -99 -99 -99 -99 -99 0.587587630453651
-99 -99 -99 -99 -99 -0.476842714819594 -99 -0.731248482338956 -99 -99
1.5339396928886 -99 -99 -99 2.45897887840832 -99 -0.212030821336842 -99 -99 1.7824159876622
-99 -99 -99 -99 -99 -99 -99 -99 -99 -99
0.524436722655064 -99 1.41031660732462 -99 0.433505936829996 -99 -99 -99 0.315786080763161 -99
1.2441295450254 -99 -99 -99 0.64452171704992 -99 0.719598909242747 0.491389593034126 -99 -99
-99 -99 -99 3.07594698844303 1.77039813962817 -99 -99 1.46563389236246 -99 -99
-99 -99 1.27364662987909 1.62672946611601 -99 -99 -99 -0.325027806172159 -99 -99
-99 -99 -99 -99 1.32914630778146 -99 -99 -99 -99 2.2225541949468
-99 -99 -99 -99 -99 -0.80207442549436 -99 -99 -99 -99
-99 1.59125891985931 1.38518489487518 0.966516666722747 -99 -99 -99 -99 -99 -99
-99 1.51988467237896 -99 -99 -99 -99 -99 -0.240852507895451 -99 -99
-99 -99 -99 -99 -99 -99 0.244894873579926 1.078533364178 2.74905494878721 1.97852914713931
-99 -99 -99 2.96491318914915 -99 0.774423498058359 -99 -99 4.0597168486376 -99
-99 -99 -99 -99 -99 -99 -99 -99 0.160703922775078 -0.0205197934051005
1.59356093036127 2.62390940828345 -99 -99 -99 -99 -99 4.15296207343613 -99 3.07518347286106
-99 -99 -99 -99 -99 -99 -99 -99 -99 1.28145058775925
-99 2.48439791672619 -99 -99 -99 2.82831277520684 -99 -99 -99 1.94322489517489
-99 -99 -2.45572802922167 -99 -99 -1.04153603489755 -3.33443551203385 -99 -99 -99
-99 0.588863118141938 -99 -99 -99 -99 -99 -99 1.42027527265392 -99
-99 -99 -99 -99 3.73801716390728 -99 -99 -99 -99 -99
-0.278375470524813 -99 -0.349677136552183 -0.635781246534563 -99 -99 -99 -99 -99 -99
-99 -99 -99 2.53965121363963 -99 0.526770022126188 -99 -99 -99 -99
-0.198223988333705 -99 -99 -99 -0.167684525438626 -99 1.59564788339762 -99 -99 -99
-99 -99 -99 0.453307216106277 0.576779480958643 2.40446046666721 1.30770497322487 -99 1.47887256658097 -99
-99 -99 -99 -99 -0.158115197290201 -99 -99 2.22607499516245 -99 -99
-99 -99 -99 -99 -99 -99 -99 -99 -99 -99
1.80718211529943 -99 2.37749884725311 -99 1.53641815147818 2.38292393707884 -99 -99 -99 -99
-99 -99 1.87339572467077 -99 -99 -99 -99 -99 -99 0.734611069913275
-99 -99 0.922450959336082 -99 -99 3.49085740242225 2.4167483027603 -99 2.46625491716078 -99
-99 0.735574863846324 -99 -99 -99 -99 -99 -99 -0.56935403779031 -99
-99 -99 2.39917353210029 -99 -99 -99 -99 -99 -99 -99
1.615385435081 -99 4.22749869502299 0.676870529857608 -99 -99 -99 -99 -99 3.33823129478257
-99 -99 -1.33851055867755 -99 -99 -99 -99 -99 -99 -0.178981992396974
-99 -99 -99 -99 -99 -0.858060641022375 -99 -99 -99 -99
1.76331497025527 1.97057352620059 -99 2.7026761359256 -99 2.41497485850332 -99 -99 -99 -99
1.7881828910376 1.4945084849411 -99 -99 2.06006606564559 -99 -99 -1.58718301193756 0.816486196465377 -99
-99 -99 -99 -0.728010534072847 -99 1.77024793027132 -99 0.0291759128717085 2.31340072977223 -0.228968996078136
-0.0449059764087596 -1.15010412353498 -99 -0.348463359681496 -99 -99 -1.01449382707889 -99 -99 -99
-99 -99 0.475125043364959 -99 2.35806832621066 -99 -99 0.102194230534234 -99 -99
-0.811840579721317 -99 -99 -99 0.19097843747239 -99 -99 1.15171249939673 2.11402447197806 0.693976645345319
-99 -99 -1.22536329538027 -99 -99 -0.72918764365643 -99 -99 -99 -99
-99 -99 -99 -0.0960048665665405 -99 -99 -99 -99 -99 -99
-99 -1.12912348495786 -99 1.18387988972722 -99 -99 -99 -99 -99 -99
-99 -99 -99 0.200658814005618 0.546295216707357 -99 -99 -99 -99 -99
-99 -99 -99 -99 -1.01058352638266 -99 -99 -99 -99 -99
-99 -1.39689269325478 0.964320098971902 -99 -0.423168935853274 -99 -99 -99 -99 -99
-99 -99 -99 -99 -99 -99 -99 0.502290402543889 -99 -99
-99 -99 -99 0.812340420071516 -99 -99 -0.318571784214558 -99 1.90116742715038 -99
-99 2.44762617790409 2.91796250388658 -99 -99 -99 -99 -99 1.26068823501722 -99
-99 -99 -99 -99 0.35777221553744 -99 -99 -99 -99 -1.28999303678334
-99 -99 -99 -99 -99 -99 -99 1.30917395893059 -99 1.10830808334999
-99 -99 -99 0.884259293582965 -1.7402401660101 -99 -99 -99 -99 -99
-99 -99 -99 1.98131139316687 -99 3.00043680393404 0.629865538994312 -99 1.59762138441118 -99
0.92755684122313 -99 1.99813590405656 -99 -99 -99 -99 -99 0.951217682421083 -99
1.90269686665403 2.91519532488955 -99 -99 3.15236842783539 -99 -99 -99 -99 -99
-99 -99 -99 -99 0.284719284838516 -99 0.319876421213884 -99 0.169912632140291 -99
-99 -1.19234794104747 -2.31607278349315 -99 -99 -99 -0.346245034183752 -1.55144306037389 -99 -1.10039354795172
0.481397158660443 -99 0.932653868716116 -99 -99 0.670569272590807 -99 0.125395874598733 -99 -99
0.763207173670084 1.51550781885687 -99 -99 -99 -99 -99 -99 1.82048959488809 4.1751786935199
-99 -99 -99 -99 -99 -99 -99 -99 -99 -99
-99 -0.733861615600906 -99 -99 -99 -99 -99 -99 -99 -99
-99 -99 -99 2.56864467358569 2.28142105200824 -99 -99 -1.35837032941408 -99 -99
-99 -99 -99 -99 -99 -99 -0.858420314265921 -99 -99 -99
0.291180809721634 1.31922129486677 0.895874324362419 2.79786875543361 -99 -99 -99 -99 0.658366206107262 -99
-99 -99 3.5272402701175 -99 -99 1.70301361214354 -99 -99 2.19018589840084 -99
-99 -99 -99 -99 -99 -99 -99 1.69316261316851 -99 -99
-99 -99 -99 -99 -99 2.99585880216376 -99 -99 -99 -99
-99 -99 -99 -99 -99 -0.215811792821831 0.758726235637007 -99 -99 0.932030436084386
-99 2.31028265358541 -99 -99 -99 1.20866607627674 -99 -99 -99 -99
-99 -99 -99 -99 -99 -99 -99 -99 -99 -99
-99 -99 -99 0.373778800476631 -99 0.426038315877875 -99 -99 -99 -99
-99 -99 -99 -99 2.18777575332664 -99 0.566447869471824 -99 -99 -99
3.13500430172187 -99 -99 -99 -99 -99 -99 -99 1.43314184761868 -99
-99 -99 -0.888093054217772 -99 1.30513811163539 0.222488727340706 -99 -99 -99 -99
-99 -2.42378755658278 -99 -99 -99 -99 -99 -0.263942892329577 -99 -99
-99 -99 2.83140744072259 -99 -99 -99 -99 -99 -99 -99
-99 -99 -99 -99 -99 -99 -99 -99 -99 -1.44875299521887
-99 -99 -99 -99 -0.494336029988473 -1.01210394053281 -99 -99 -99 -99
-99 -0.106776231410733 -99 -0.92519490259207 2.92777131603175 -99 -0.464349377044123 -99 -99 -99
-99 -99 -99 -99 -99 -99 -99 0.740226300510956 -99 2.02555957560149
-99 -99 -99 -99 -99 0.0162004651495972 -99 -99 -99 -99
2.02655171476506 -99 0.910723688347755 -99 -99 -0.0483721947297096 -99 -99 0.484601794588421 1.27276492598542
-99 -99 -99 0.532089829839296 -99 -99 -99 -99 2.07187121956011 -99
-99 -99 -99 1.39338188003187 -99 -99 -99 -99 -99 3.7369563625458
-99 -99 -99 -99 -99 -99 -99 -99 -99 -99
-99 -99 -99 -99 -99 -99 -99 -0.527752300450685 -99 -0.948082962726631
-0.393598356701724 -99 -99 -99 1.07089593686248 -99 -0.816708700344082 0.107683298940825 -99 -99
-99 -99 0.898312744137907 -0.295516842506669 -99 -99 -99 -99 -99 -0.204568708743659
1.11261097616226 1.90727034208288 -99 0.70689944863949 -99 -99 -99 -99 -99 -99
-99 -99 -99 -99 -99 -99 -99 -99 -99 -99
-99 -99 0.93987632006289 -99 -99 0.879227937625059 -99 0.407390118951116 -99 -99
-99 1.29011146955543 0.43214819892388 -99 -99 -99 -99 1.21764542968217 -99 -99
-3.21001385638964 -99 -99 -2.0118680864621 -99 -99 -3.3368119010303 -99 -99 -99
-99 -99 0.0587106324846505 -99 -2.53294699975608 -0.0748960865742341 -99 -99 -99 -0.550528216058852
-99 1.53682967345122 -99 -99 -99 -99 -99 -99 -99 -99
-99 -99 1.35671618851802 -99 -99 -99 -99 -99 -99 -99
-99 -99 -99 -99 -99 -0.456849142451951 -99 1.47491195648639 -99 -99
-99 -99 -99 -99 -99 -99 -99 -99 -99 -99
-99 -99 -99 -99 -99 -99 -99 1.36118881505151 -99 -99
-99 -99 -99 -99 -1.26614729738521 -99 -99 0.410000451914666 1.791401984531 -99
-99 -99 -99 -99 -99 -99 -99 -99 -99 0.743601327705151
-99 -99 -99 -99 -1.14270565315701 -99 0.0533612365290218 -99 -99 -99
-99 1.21241221706518 -99 -99 -0.749001349205295 1.82874280868435 -99 -99 1.13409356548647 -99
-99 -99 -99 1.09459522100085 -99 -99 -99 -99 -99 -99
-99 -99 -99 -1.71490899683142 1.17405104248525 -99 -99 -99 0.577428341108657 1.35302596303829
0.324147194295104 -99 -99 -99 -99 -99 -99 -99 -99 -99
-99 0.306844477309648 -99 -99 -99 -99 1.03407866607876 -99 0.816810063684693 -99
-99 -99 -99 -99 -99 -99 -99 -99 -99 -99
-99 0.46094932275075 -99 -99 0.619292169425097 -99 -0.509320165096062 1.96298650820212 -0.201156180511631 -99
-0.0865518840779151 2.02349048777654 -99 1.67692640125367 1.41742447879494 -99 2.76399700017085 -99 0.295262137973105 1.99419499579524
-99 -99 -99 -99 1.57454487479632 0.623073546891731 -99 -99 -0.772037865577649 -99
-99 -99 -99 0.498064844228817 -1.33061375070366 -99 -1.02516868586404 -99 -99 -99
-1.05456990036304 -99 -99 -99 -99 -99 -99 -0.41560892662432 1.21278839131419 -99
2.27011195345983 -99 0.160237769187546 -99 -99 -99 0.700133600610863 -99 -99 -99
-99 -99 -99 -99 -99 -99 -0.616346245461892 -1.26946518778952 -99 -99
4.14369277271417 -99 1.73460084658202 -99 1.79141631932546 3.23136213895591 -99 -99 -99 -99
-99 -0.354805791929897 -99 -99 1.09603689912386 -0.327231269902137 -99 -99 -99 -99
-99 -99 -99 -99 -99 2.70349226973909 0.927386420828137 -99 -99 -99
-99 -99 -99 2.18585098345389 -99 -99 -99 -99 -99 -99
-99 -99 -99 -99 -99 -99 -99 -99 -99 -99
1.56007595252468 -99 -99 -99 2.9605197730182 2.14147307194625 0.931697334975453 -99 -99 -99
-99 -99 0.304003030476476 -99 -99 -99 0.144040695766627 -99 -99 -99
-99 -99 -0.811617210903068 -99 -99 -99 -99 0.112870985355207 -99 1.20627931584649
-99 -0.359887691619198 -99 -99 0.049908867793707 -99 -99 -99 -99 -99
-99 -0.867111710029322 -2.92356013288005 -99 -0.391009168051422 -99 -99 -99 -3.46953588206252 0.725094474217238
-99 -99 0.817677490451308 -99 -99 -0.986771834308392 -99 -99 -99 -99
-99 -0.79257764398205 -99 -99 -99 0.283964918156204 -99 -99 -99 0.867089260514321
-0.0129387266881649 -0.939330507094716 -99 -99 -99 -0.773797896519369 0.730329386967828 -99 -99 -99
2.59754053240446 -99 -99 -99 1.3839141857072 -99 -99 -99 -99 -99
-99 -99 0.137927399810215 -99 -0.60939941768134 -99 0.162236240307144 1.62237040539473 -99 -99
-99 -99 -99 -99 -99 -99 -99 -99 3.24678193855315 -99
-99 -99 -99 -99 -99 -99 0.577079390420768 -99 -1.45925366706084 -1.19787792745452
-99 -99 -99 4.39956799861582 -99 -99 -99 3.02134181293823 -99 3.39404709155715
-0.714668390741387 -99 -99 -99 -99 -99 -99 0.451425711861257 -99 -99
-99 -99 -99 2.52935951243895 -99 -99 -99 -99 -99 -99
-0.443542123122764 -99 1.54536730859731 -99 -99 0.451005021610813 0.0602267494891334 -99 -0.788013205330329 -99
1.30571310420124 -99 -99 -99 0.248488629347536 -99 -99 -99 1.43068371851083 -99
1.62852077561957 -99 0.299552785921117 -99 -99 2.31325984557679 -99 -99 -99 -99
1.9697042320189 -99 -99 -99 2.28271438284866 -2.01516042950132 -99 -99 -99 -99
2.15907365228323 -99 -99 -99 -99 -99 -99 0.314271149986265 -99 -99
-99 -99 1.61642406111386 -99 2.9645019054538 0.392774979892442 -99 -99 -99 -99
-99 -99 -99 0.946446436686198 -99 -0.0680618331573011 -99 2.156869722424 -99 -99
-1.00750244331709 -99 -99 -99 -99 -99 -99 -1.5561225804585 -99 -99
-99 -99 -99 -99 -99 -99 -99 -99 1.985824555673 -99
-99 -99 -99 1.67571503759034 -99 -99 0.691944256058258 -0.262963068871733 -99 -99
-99 -99 -99 -99 -99 -99 1.29367696146775 -99 2.55353426191323 -99
1.78449508973569 1.97459690515653 0.606061053179401 -0.200942128050526 -99 -99 -99 -0.752608919186019 -99 -99
-99 -2.20447448437211 -0.176375505115441 -99 -99 -1.22646018936511 -99 -99 -99 -99
-99 -99 1.95472219898997 -99 -99 -99 -99 -99 -99 -99
-99 -99 -99 0.75781446351749 -99 -99 -99 -99 -99 -99
-99 1.78999007749382 -99 -0.0772655573445806 0.634738924732862 -99 -0.9603652233968 -99 1.92039980897388 -99
0.81569521923077 -99 -0.908565609852314 -99 -0.0693211162607834 -99 1.24580047397038 -99 0.525322328310107 -99
-99 -99 -99 -99 -99 -99 -99 2.81503538415184 2.48132827836663 2.30710147508207
0.645641874892531 -99 0.767637283935347 0.797200826775067 -99 1.69658570937852 -99 -99 -99 -99
-99 0.341513434002405 -99 2.21093117716273 -99 -99 -99 -99 -99 1.42255096534635
-99 -99 -99 -0.696459713636843 -99 -99 -99 -99 -99 -99
-99 -99 -99 2.9057414592509 2.07799258346287 -99 -99 -99 4.45918457768355 -99
1.44029446908897 -99 -99 -99 -99 -99 2.4337061178324 -99 2.23767450481734 -99
-99 -99 -99 -99 -99 -99 -99 -99 -99 -99
-99 1.94883354263072 -99 -99 -99 1.00415485270151 0.12520525264555 4.78112462797183 0.936899504969395 -99
-99 -99 -99 -99 -99 -99 -99 -99 0.99967215947141 -99
-99 0.401483483225903 -99 -99 -99 -99 1.58234816296305 -99 -99 2.21889120805153
-99 -99 -99 -99 0.516254195571628 -99 -99 4.28785204448305 -99 -99
1.29619835787263 1.59133336211853 2.87406047163125 -99 -99 2.08668162482423 2.419795327838 0.667761993368612 -99 -99
-99 -99 -99 -0.307120270269927 -99 0.0185570150680144 -99 -99 -0.0396497285740238 -99
-99 -99 -99 -99 -99 -99 -0.210042152020683 0.606585457155466 -99 -0.493943615436438
-99 -99 -99 3.82005802922785 -99 1.10530784644704 -99 -99 -99 0.647693674007192
-99 -99 -99 -99 2.92683830744924 -99 2.50539584869353 4.00498631151156 -99 -99
-99 -99 -99 0.184127136153545 -99 -99 -99 3.06769805608333 -99 -99
-99 -99 -99 -99 -99 -99 1.77319009958745 -99 -99 1.08441166358473
-99 -99 2.58047883066413 -99 0.204339033848377 -99 -99 -99 -99 -0.348080208800853
-99 -99 -99 -99 -99 0.30148783172472 -99 0.526909887651662 -99 -1.08357819389404
-1.5708886101318 -99 -99 -99 -99 -99 -99 -99 -99 -99
-99 -99 -99 -99 -99 -99 3.80727640014669 2.40115945115599 -99 -99
-99 -99 -99 -99 -99 -99 -99 2.71883874790188 0.281117125345449 -99
-99 -99 -99 -99 2.2517738392368 -99 -99 -99 -99 -99
-99 2.02964933545078 -99 -99 -99 -99 -99 -99 -99 -99
-99 -99 -99 -99 -99 -99 -99 -99 -99 -99
-99 -0.110722579789398 1.61386665425278 -99 -99 -99 -99 0.760266888790299 -99 0.968063389083061
-99 -99 -99 -99 -99 -99 -99 2.65302459818265 -99 -99
0.651268580680507 -0.0337516122068318 -99 -99 -99 1.49089565511863 -99 -99 0.640316110443097 0.966614061618276
-99 -99 -99 -99 2.91698120121864 -99 -99 3.13028254582645 1.38968240962779 -99
-99 -99 -99 -99 3.04438611229753 -99 1.69293026858691 -99 1.68810507110528 -99
-99 -99 -99 -99 1.26820369160281 -99 -99 -99 -99 -99
0.862547814370762 -99 -99 -99 -99 2.46785368051705 -99 -99 -99 0.813061537226777
-1.13303620728469 -99 0.536896046914274 -99 -99 -99 -99 -99 0.107904633657896 -99
-99 1.62763736734114 0.915070789383713 -99 -99 2.12058378419656 -99 -99 -99 -99
-99 -99 -99 -99 -99 -99 -99 -99 -99 -0.613946450651184
-99 -0.243143816559385 -99 -2.04153994345353 -99 -99 -0.296695827387947 1.11691991717682 -99 -99
-99 -99 -99 1.31398587304877 -99 -99 1.87639225056903 -99 -99 0.976426679365155
3.05165171730572 1.51021809719846 0.944367661085446 1.41348709150886 -99 0.590117644889313 -99 -99 -99 -99
0.637216798717512 1.65779445836906 -99 -0.734812981373339 2.29603426479988 -99 1.13714982858935 -99 -99 -99
-99 -99 -99 -99 -99 -99 -99 -99 1.60537397261009 0.394802455610805
-99 -99 -99 3.52919460203319 -99 0.444271179925163 0.407876322794306 -99 -99 -99
-99 -99 -99 -99 -1.10817336939509 -0.204899706126859 -0.245358506304551 -0.337272571321254 1.20836808157236 0.472436393709892
-99 -99 -99 -99 -99 -99 -0.37679548315621 -99 -99 1.59459495607213
-99 -99 -99 -99 0.0807551927409303 1.20468719107258 -99 -99 -99 -99
-0.543101973593958 -99 -99 2.49294348321943 -99 2.1443569651023 -99 -99 -99 -99
-99 -99 -99 -99 -99 -99 -99 -99 -99 -99
0.332607113807816 -99 -99 0.499297901925173 2.3781277371398 1.69323803248933 -99 -99 -99 -99
-99 -99 -99 -99 -99 1.72601426120487 0.890924028151543 -99 -99 -99
-99 -99 -99 -99 -99 -99 -99 -99 -99 2.31338213139579
0.980583613062863 -99 -0.170650436779095 -99 0.957703900876104 1.02279919894713 -99 -99 0.816609147471809 -99
-99 0.377614707374892 -0.859796941825591 -0.666005594910896 -99 -99 -99 -99 -99 0.15010054354981
1.36952391446903 -99 -99 -99 0.936811860927118 -99 -0.200118835263759 -99 -99 -99
-99 -99 0.402000322084581 -99 0.117234007138295 -99 -99 -99 -99 -99
-99 -99 -1.40378863153094 -99 -0.118926317761671 -99 -0.0712751446626954 -1.98914014970226 -1.50544151109852 -0.0679326087922698
-0.376079640864863 -99 0.462276685539622 -99 1.55514948178306 -99 -99 -99 -99 -0.103827414164793
-99 -99 -99 1.04159286269064 -99 -99 -99 -99 -99 -99
0.91544853242272 0.692880654359328 -99 -99 -99 -99 -99 -99 -99 -99
-0.135933651635474 -99 -99 -99 1.42589449456768 -99 -99 -99 -99 -99
-99 -99 0.344733694970817 -0.330766950021531 -99 -99 -99 -99 -99 -99
-99 -99 -99 -99 -99 -99 -99 -99 -99 -99
-99 -99 -99 -99 -99 4.95845723035723 -99 -99 -99 -99
-99 -99 -99 1.80599704636199 -99 -0.32151718912003 -99 -99 -99 -99
-99 -99 2.77311681284568 3.29922923339754 -99 -99 1.6422652190792 -99 -99 0.471295484712756
-99 -99 -3.48592415716503 -99 -0.615836221137078 -99 -99 -99 -99 -99
-99 -99 -99 -99 -99 -99 -99 -99 -99 1.50264021398294
-0.420347565159237 -99 -99 -99 1.61558248398463 -99 -99 -99 0.465498690468024 1.1333572824346
2.76225887545971 -99 -99 -99 3.13214786116321 -99 -99 1.84624849242592 -99 3.425473338284
-0.536494565703447 -99 -99 -0.916087269223196 -99 -99 -99 -99 -99 -99
-99 -99 -99 -99 -99 -99 -99 -99 0.460389298039163 -99
-99 -99 -99 -99 -99 0.52541851290679 -99 -99 -99 -99
-99 3.1407977545844 -99 -99 -99 -99 -99 1.58451912266637 0.840732483546886 -99
1.00459538585847 0.35640681552949 -99 -99 -99 -99 -99 -0.912427947176275 -99 -99
-99 -99 -99 -99 -99 -99 -99 -99 0.108530439345988 -99
-99 1.49527809994571 -99 -99 -99 1.17441628097324 -99 -99 2.14007424576589 -99
-99 -99 -99 -99 -99 -99 -99 1.48708796113082 2.71680431910767 0.687911099265724
-99 -99 -99 -99 -99 -99 -99 -99 -99 -99
0.560983435726412 -99 -99 -99 -99 -99 -99 -99 -0.32073990701517 -99
-1.90577123618763 0.751000691332543 -99 -99 -99 -99 -99 -99 -99 -99
0.737249910679648 -99 -99 -99 -99 -99 -99 -99 -99 -99
1.76152308044875 -99 -99 -99 2.17695342588068 -0.616548072191371 -99 -99 -0.760862375855869 -99
1.3619721535813 -99 -99 -99 0.54900944903191 -99 -99 2.69596660509819 -99 1.39501377347046
-99 -99 1.65096517230367 -0.819708778712286 -99 -99 -99 -99 -0.109247480054462 2.48690528561446
-99 -99 2.89588782698264 -99 -99 -99 -99 -99 2.83566892486012 -99
-0.67752272808456 -99 -1.44853587529694 -99 -99 -99 -99 0.788236526588752 -1.92068269582211 -0.19375989775378
2.01563200918606 -99 -99 -99 -99 -99 -99 -99 -99 -99
-99 -99 -99 -99 -99 -99 -0.157993813755835 0.941197729952305 -0.142882739066981 -99
-99 -99 -99 -99 -0.386797633390696 -0.681963768660185 -99 -0.948383153784218 -99 -99
-99 -99 -99 -99 -99 -0.0684308281291035 -99 -99 -0.783066262429502 1.65222114210296
0.673281486943213 -99 -99 -99 -99 -99 -99 -99 -99 1.78886516307072
1.63119838704877 -99 1.44974553427767 2.79830140637859 1.58726333837738 -99 -99 -99 -99 -99
1.27104839854738 -99 -99 1.42775192831838 -99 -99 2.20876805999136 -99 -99 -99
-99 -99 -99 -99 -99 -99 -99 1.30724417591937 -99 -99
-99 -99 1.16020060288573 -0.766000963743983 -99 -99 -99 0.221032757625509 -99 -99
-0.00425326488880429 1.07491097137201 -99 -99 -99 -99 -99 1.00247799850891 -99 -99
-99 3.45287259907125 -99 -99 -99 -99 3.12622196866309 -99 -99 -99
-99 -99 -0.370859927243893 -99 -99 -99 -99 0.529042262059363 -99 -99
-99 -99 -99 1.63688066015352 -0.846880254493098 -99 -0.0729483270508413 -99 -99 -99
-99 -99 -99 1.96800143829663 -99 3.87298963411076 -99 -99 -99 -99
-99 -99 -99 2.54616572896189 4.406311250976 -99 0.912408063571637 -99 -99 -99
0.676617335661172 -99 -99 -0.174907925529773 -99 -0.211605976498478 -99 -99 -1.34767270756035 -99
-99 -99 -99 -99 -99 -99 -99 -99 2.27959666374477 2.14202560349239
-99 0.0616867202722117 -99 2.17092772195269 -99 0.46136703000314 -99 -99 -99 -99
-99 1.8510540497851 -99 -99 -99 -99 2.37919173230049 -99 -99 -99
-99 -99 0.724287476788878 -99 1.21790309150804 -99 -99 -99 -99 -99
0.90997038127728 -99 -99 -99 -99 -99 -99 -99 -99 -99
-99 -99 -99 -99 -99 -99 -99 -99 -99 -99
-99 0.60140103028578 -99 1.94029883940331 -99 -99 -99 -99 -99 -99
-99 -99 -99 -99 -99 -99 1.84828578010906 -99 -99 1.36808934480492
-99 2.28799883800078 -99 -99 -99 3.17279472400696 1.44976719399957 -99 -99 -99
-99 -99 -99 -99 -99 2.82866817074397 -99 -99 -99 -99
0.487316852882922 -99 -99 -99 -99 -99 -99 -99 -99 -99
-99 -99 -99 -99 -99 -99 -99 -99 -99 -99
2.18137032431433 1.18855341512142 2.79993059086534 -99 -99 -99 -99 1.2875351189778 -99 -99
2.4850782118528 -99 -99 -99 2.41253630751112 -99 -99 1.70602401455632 -99 -99
3.11789072685828 2.58754409694921 -99 1.34544846008095 -99 -99 -99 1.92683613693201 2.22479848019459 -99
-99 -99 -99 -99 -99 2.72407711681088 -99 -99 -99 0.109304876091315
2.8620105561383 -99 -99 -99 -99 2.80867585618895 -99 3.53889616849626 -99 -99
-99 3.49630372437205 -99 0.898449300743752 -99 2.72736165557332 2.51255974407043 1.46629986287735 -99 -99
-99 -99 -99 2.77891001837 -99 -99 -99 -99 -99 5.38598520562555
-99 -99 -0.368337631397136 -99 -99 -99 2.04111140389598 -99 -0.287511931794689 1.92199138297734
-99 -99 -99 -99 -99 -99 -99 -99 -0.16657944564608 0.868438106996834
-99 -99 1.43455313668845 -99 -99 -0.423531042693711 -99 -99 -99 1.61403931021385
-99 -99 2.79966032160341 -99 -99 -99 -99 -99 -99 -99
-1.0950826101904 -99 -99 -99 -99 -99 -99 -99 -99 -99
-99 -0.852746947315359 -99 -99 -99 -99 -99 -99 0.205624744592354 -99
3.50201374477578 2.58485271705041 -99 -99 4.16607223077131 3.52017724666614 3.04448946403114 -99 2.17905198276301 -99
-99 -99 -0.665438512367168 -99 1.66440023214478 -99 -0.586673653993314 0.0876433775339988 -99 -99
-99 -99 -99 2.44785618337095 0.738917341413924 -99 -99 1.81857837152302 -99 -99
-99 -99 1.87446004271202 -99 -99 -99 -99 -99 -99 -99
-99 -99 -99 -99 -99 -0.0263184137285581 -99 -99 -99 -99
-99 -99 0.478138747847999 -99 -99 -99 1.94474950326904 -0.277182934983407 -99 -99
-99 -99 -99 1.78683026198891 -99 -99 1.68598299174189 -99 3.49474164266444 0.322723190076307
-99 -99 -99 -99 -99 -99 -99 1.1437116359118 -99 -99
2.65660655169007 -99 -99 -99 -99 1.08957158908669 -99 3.41079046066911 -99 -99
-99 -99 -99 3.15478969980552 0.814872120453847 -99 1.98027885969523 -99 -99 -99
-99 -99 -99 -99 -99 -99 -99 -99 -99 2.35596343603695
-99 -99 -99 2.24222116842112 -99 4.42252497344366 -99 -99 -99 -99
-99 -99 -99 -99 -99 -99 -99 -0.0846328688424218 -99 -99
-99 -99 -99 -99 3.98177760480755 -99 -99 -99 2.32205714513436 2.48875984364717
-99 -99 -99 -99 -99 -99 -99 -99 -99 -99
-99 -99 1.01283151141177 -99 -99 -99 -99 -99 1.08528714222828 -99
-99 -0.110304952040114 -99 -99 -99 2.33614191684868 2.0504265787278 3.19622052058771 -99 2.54478556642473
-99 -99 1.45005527169756 -99 -99 2.30993451621605 -99 -99 -99 -99
-99 -99 -99 -99 -99 -99 -99 -0.868563032325382 -99 1.49261286511788
-99 1.87911106328781 -99 -99 -99 -99 -99 -99 1.62056841034272 -99
-99 -99 -99 -99 -99 1.22032940046596 -99 -99 -99 1.09536933481918
-99 -99 -0.127302014644685 -99 -99 -1.17086086888974 -99 -99 0.776748210926806 -99
0.989110931771109 -99 -99 -99 -99 -99 -99 -99 0.425118776890567 -99
-99 -99 1.6231788118937 -99 -99 -99 -99 3.50226925042143 -99 -99
-99 -99 -99 1.80123848437813 0.791519268069614 -99 -99 -99 3.46448800218887 -99
-99 -99 -99 -99 -0.754690574684045 -99 -99 -99 -99 0.307598158767503
1.1790385978545 1.28402981001569 -99 -99 -99 -99 -99 -99 -99 1.8739614241348
-99 -99 0.144020573860748 -99 -99 0.997257555126279 0.713297260048503 -99 1.62727612894065 -99
-99 -99 -99 -99 -99 -99 -99 -99 -99 1.3270702512074
-99 -99 -99 2.66178723864589 -99 -99 -99 0.305385365187637 -99 -99
0.824590735562591 -99 1.6673696339812 1.45003459156755 -99 2.52708001867367 -99 -99 0.17059512454782 -99
0.713452163519991 -99 -99 -99 -99 2.10926823378256 0.260697769489222 -99 -99 2.2630180904411
1.79374950256556 -99 -99 -99 -99 -99 -99 -99 1.18567777512964 0.699857130404978
-99 1.63497793388661 -99 3.07115356741095 -99 -99 -99 -99 -99 -99
-99 1.70814657336281 1.42618375546777 -99 -99 -99 0.848713918693145 -99 -99 2.03296150446532
-99 1.66800929338009 -99 -99 0.268290446691525 -99 -99 1.19141793267177 -99 -99
0.701003049902247 1.36881256291265 2.71481811731555 -99 0.823815304285055 -99 0.894675906846798 2.63732582249059 -99 1.10395708055819
-99 -0.21742204169382 0.0649388239253179 -99 1.13566566546248 -99 -99 -99 -99 0.667740371494406
-99 -99 -99 -99 1.31393914383947 2.88503859417817 -99 0.989747690183099 -99 -99
-99 -99 0.612040084716418 -99 0.372393169231862 -99 -99 -99 -99 -99
0.960707862190986 -99 -99 -99 -99 -99 -99 -99 -99 -99
-99 -99 -0.139549517060084 -99 0.551452330908312 0.735425704842186 -99 0.150369261375166 -99 -99
-99 -99 -99 -99 -99 -99 -99 -99 -99 -99
-99 -0.0546878907956423 -99 -99 -99 -99 -99 -0.64074140143354 -99 -99
-99 2.27170763383327 -99 -99 -99 -99 -99 -99 -99 -99
-99 1.64571256584362 0.0528018130066275 -99 -99 -99 -99 -99 -0.61454272227458 -99
-99 -99 2.20751679457273 -99 -99 -99 -99 -99 1.55285670671268 -99
-99 -99 -99 -99 -99 -0.875737197177686 -99 0.606545437034965 -99 -99
-99 -99 -99 -99 -1.36545776912107 -99 -99 -99 -99 -99
-99 -99 -99 -99 -99 -99 -99 -99 -99 0.169027600429593
-99 -99 -1.52675818508768 -99 -99 -99 -99 -99 -99 -99
-99 -99 -99 0.284854531355301 -99 -99 -99 2.15982306830519 -99 0.332381631333775
-99 -99 -99 0.999647535643445 -99 -99 -99 -99 -99 -99
-99 -99 3.12692168412923 1.39145786050453 2.65699523891653 -99 -99 -99 2.68390984919919 -99
-99 -99 -99 -99 -99 -99 -99 -99 3.22653437368048 3.49129407855541
-99 -99 -99 0.69956693018208 -99 0.326997288724121 -99 -99 -99 -99
-99 -99 1.76736612595387 -99 0.756185095021275 -99 0.742985002533066 -99 -99 -99
-0.877256700919179 -99 -99 -99 0.774754752405308 -99 -0.873119816495128 -99 -99 -99
0.966587233392679 -99 1.14238913975431 -99 -99 0.713385336928041 -99 -99 0.459156852615346 -99
-99 -1.80532238385959 -99 -99 -99 -99 -0.675769032320385 -99 -4.23371801671801 -99
-99 -99 1.91400263989595 -99 -99 -99 -99 -99 -99 -99
-99 -99 -99 -99 0.305057742254691 -99 -99 -99 -99 1.30972305526917
-99 -99 -99 -99 -99 -99 -99 -99 -99 -99
1.24227788217397 -99 -99 -99 -99 -99 0.907246575163261 0.433474549057926 0.0735566123143865 -99
2.42094166284576 -99 -99 2.61223686139973 -99 1.18812606129993 -99 -99 4.24650353846138 2.6328331342399
-99 -99 0.344089137046781 -99 -99 2.59511982071578 -99 -99 -99 -99
2.52097171440038 -99 -99 4.12535552749675 -99 -99 -99 -99 3.19471697185319 -99
-0.000856953536727323 -99 -99 -99 -99 -99 -1.65492876134938 -99 -99 0.463364963368401
-99 -99 -99 -99 -99 -99 -99 0.503194969103741 -0.946954713358849 -0.666625578001062
-99 -99 -99 -99 -99 -99 -99 0.552317829630862 -99 -99
-99 -99 1.48631589712973 1.80112029383321 -99 -0.772385827399824 -0.632260786613678 -99 -99 -99
-99 -99 -99 -99 -99 -99 -99 -99 -99 3.25298912726298
-99 -99 -99 0.70437070835354 -99 -99 -99 -99 -99 2.49187169417055
-99 -99 -99 -99 1.49421584476877 -99 -99 -99 2.68826525875923 -99
-99 -99 -99 -99 -99 1.35563769144262 -99 -99 -99 -99
-99 -99 -99 -99 0.257566544179352 -99 -99 -99 -99 2.30472534322865
-99 -99 -99 -99 -99 -99 -99 -99 -99 3.69594023511595
-99 -99 -99 -99 -99 -99 -99 -99 -99 -99
-0.773947137783618 -99 -99 -99 0.970867240111646 -99 -99 -99 -99 -99
-99 -99 0.43558921345984 -99 -99 -1.14617723081209 -0.296296161876047 -99 -99 -99
-99 -99 -99 -99 0.262187141680379 -99 -99 -99 -0.319354566429585 -99
0.359299693285341 -99 -99 -99 -99 -99 1.11467611085525 0.104210144487935 -99 -99
0.943826985355107 -99 -0.348935952260574 -99 -99 -99 -99 -0.137398617087454 -99 -99
-99 -99 -99 -99 -99 -99 -99 -99 -0.748844278828814 -99
-99 -99 -99 -99 -99 -99 -99 -99 -99 -99
-99 1.82115333615395 -99 -99 -99 -99 0.883382898526511 -99 -99 -99
-99 -99 -99 0.800791259196898 -0.738796164010729 -99 -99 0.572309169503304 -99 -99
-99 0.6303168253068 1.69452692811365 -99 -99 -0.934878644840645 -99 -99 -99 0.208910529235429
-99 0.323871208888521 -99 -99 -0.625361811296417 -99 -0.460844647450071 -99 -99 -99
-99 -0.767457249504067 -99 -99 -99 -99 -0.0474854440421257 -99 -99 -99
-99 -99 -99 -99 0.103465283935514 -99 -99 -99 -99 -99
1.62523130404353 -99 -99 -99 -99 -99 -99 -99 1.86424406802358 -99
-99 1.10097448982049 -99 -0.954017545302875 -0.155945925956257 -99 -99 -99 -99 -99
-99 -99 -99 -99 -99 -99 -99 -99 -99 1.11478129277955
-99 0.820784302243081 -99 -99 2.7415749033904 -99 1.04072201231091 -99 -99 -99
-99 -99 2.10688386442318 -99 -99 -99 -99 -99 -0.43275246175731 -99
-99 -99 -99 -99 -99 0.67376634787016 -99 -99 -99 -99
1.2968610007489 -99 0.208950552863997 -99 -99 -99 -99 -1.30726621049882 0.772225684923617 -99
2.89082305689962 -99 -99 -99 -99 -99 -99 -99 -99 -99
-99 -99 -99 -99 -99 0.469202033632325 -99 -99 -99 -0.397416354919492
-99 -99 0.613633205914005 -99 0.922083631537562 -99 -99 -99 -99 -99
-99 -99 0.773308533431602 -99 -99 -99 -99 -99 -99 -99
-99 1.43479037199959 -99 -99 -99 -99 -99 -99 -99 1.5014998040913
-99 -99 -99 -99 -99 -99 -99 -99 -99 -99
-99 -99 -99 -99 -99 -99 -99 -99 -99 -0.501400730984524
-99 -99 2.19651645297313 -99 3.36668953485621 -99 3.89424392247035 -99 -99 -99
-99 0.993274643091024 -99 0.3945111152505 -99 -99 -99 -99 -99 -0.55667503633635
-99 -99 -99 -99 -99 -99 -99 -99 2.40735589933956 -99
-99 -99 -99 -99 -99 -99 0.0458030392668131 -99 -99 -0.415496257546655
-99 -99 -99 -99 0.189846841341381 -99 -0.785411854446343 -99 -1.56011463714932 -99
-99 0.631590299833077 -99 -99 -99 -99 0.247498429714259 1.75737512414402 -99 -99
-99 -99 1.36218341320766 -99 1.85682142071007 -99 2.40384780542947 2.57254673551555 -99 -99
0.604362909888763 0.611883738721919 -99 -99 1.14349061558661 -99 -1.92935075186704 -99 -99 -99
-99 -99 -99 -99 0.334432820525309 -99 -99 -99 -99 -1.64022133806602
-99 -99 -99 -99 -99 -99 -99 1.12677643883813 -99 3.88712743611176
-99 -99 3.54153339662033 -99 -99 -99 -99 -99 -99 -99
-99 -99 0.65506168097426 -99 0.281835279088459 -99 -99 0.396701219928197 -99 -99
-99 -99 -99 -99 -99 1.01619176572075 0.288483229543009 -99 -99 -99
-99 -99 -99 -99 -0.0475804668728386 -99 -99 -99 -99 -0.412454163648155
-99 -99 1.57214124362138 -99 1.35269943563231 -99 -99 -99 -99 0.38394531949164
-99 -99 0.931392888150708 -99 0.59662266401263 1.2159590362156 1.84844904181234 -99 -99 -99
0.00280658157268687 -99 -99 0.447499608304158 -99 -0.148686915478274 -99 -99 -99 -99
-99 -99 -99 -0.92217438585531 1.15836861303161 -99 -99 -99 -99 -99
1.99906413506186 -99 -99 -99 0.248812455809761 -99 -99 -99 -99 -99
-99 -99 -99 -99 -99 -99 -99 -99 -99 -99
-99 -99 0.204901586152305 -99 -99 -99 -99 -99 -0.355270224590434 -99
-99 1.78679540308465 2.35908586686595 -99 -99 -99 1.85698616177094 -99 -99 2.10259824925433
0.967373234037948 2.47022687650519 1.75738599553772 -99 1.74645775356894 -99 -99 0.762014767958665 -99 0.529550531584617
-99 3.03997073734458 -99 1.99395594872301 -99 -99 -99 -99 -99 -99
-99 -99 1.35056155270607 -99 1.67604686218544 -99 -99 -99 -99 -0.333918319108958
-99 -99 -99 -99 -99 -99 -99 -99 -99 -99
-99 -99 -99 -99 -99 0.085023758353839 -0.118482213319633 1.12838602317963 -99 1.26450871862907
-0.421455188337735 -99 -99 -99 -99 -99 -99 -99 1.19139280420647 -99
1.39122172700167 -99 2.02128141753887 -99 0.501975557057903 -99 -99 -99 -99 1.0367607675604
-99 1.58350391386554 -99 -99 2.05451480682758 -99 -99 -99 -99 -99
-99 -0.430700774657243 -99 2.10111315677025 -99 -99 -99 -99 2.54633945493261 -99
-99 -99 -99 -99 -99 -99 -99 -1.86576830183124 -99 -99
-99 -0.308989008761817 -99 -99 -99 -99 -99 -99 -99 -99
-99 -99 -99 -99 -99 0.753832682171601 2.28668502083096 -99 -99 -99
-99 -99 -99 -1.97981625829511 -99 -99 -2.69486208280941 -1.11752741936168 -99 -99
-99 1.62765666297344 -99 -99 -99 -99 -99 -99 -99 -99
-99 -99 -99 1.27375455555352 -99 -99 -99 -0.691947397041923 0.289445512018543 -99
-1.78338992002 -99 -99 -99 -99 -99 -99 -99 -99 -99
0.799285113699105 -99 -99 0.47687858772779 -99 1.2127356743402 -99 -99 -99 -99
-99 -0.0659399803902578 3.60043212065332 -99 -99 -99 -99 -99 -99 2.50051614157285
-99 -99 -0.382978120172145 -99 -99 -99 -1.68697319022681 -99 -0.899326063821126 -99
-99 -99 1.46034714630661 -99 -99 -99 -99 -99 -99 4.46621167110123
-99 4.47283778826873 3.21973875502592 -99 2.33849760758218 1.08858941329611 -99 -99 -99 -99
-99 -99 -99 -99 0.616626343396577 -99 -99 -99 -99 -99
-99 -99 -99 5.29066880061685 2.4806719435374 -99 -99 2.66256595570387 2.65286210243244 -99
-99 -99 -99 -99 -99 -99 -99 -99 -99 -99
-99 2.80661286142077 1.12537082635542 -99 -99 -0.649169655986281 -99 -99 2.84638194444895 -0.0056809408055003
1.03393227465009 1.73729047844321 -99 -99 0.920301708111045 -99 -99 -99 -1.12319797173836 -99
-99 -99 1.03358357808374 -99 -99 -99 -99 3.13314958330894 -99 -99
-99 -99 -0.016744545796971 4.00973550288686 -99 1.41738055284666 -99 -99 2.08767882491106 1.23958699277424
-99 -99 -99 -99 -99 -99 -99 -99 2.4388659417206 -99
-99 -99 -99 -99 0.992851039527481 -0.925063903479203 -99 -99 -99 -99
-99 -99 -99 -99 1.52138294937808 -99 0.547764149121372 -99 0.399618818238348 -99
-2.40640649120372 -99 -1.5870637649471 -99 -0.687727840350865 -99 -99 -99 -0.559108450796619 -99
-99 -99 -99 -99 -99 -99 -99 -99 -99 0.304885991613267
-99 -99 -99 -99 0.79860291834364 -99 -99 -99 -99 -0.604156868186777
1.41824372140785 -99 -99 -0.519474976793195 -1.49344267975695 -99 -1.98911092717365 -99 -99 -99
-99 -99 -99 -99 -99 -99 -99 -99 -99 -99
-99 -99 -99 -99 1.06607594785993 -99 -99 -99 2.26454736667075 2.13412827795057
-99 1.3728222585367 0.927522679078748 -99 -99 -99 -99 -99 3.59610946665433 -99
-99 -99 -99 -99 0.663455548376667 -99 -99 -99 -0.244965792629107 -1.47452666411478
-99 -99 -99 -99 -99 -99 -99 -99 -99 -99
-99 -99 -99 2.39191785103697 4.92245303184343 4.71480275614252 -99 2.993050134228 3.20912533213818 -99
0.367150248381922 -99 -99 -99 -99 -99 -99 -99 -99 -99
-2.51673198834623 -1.74007584193029 -99 -99 -99 -0.912147564903598 -0.122877526656834 0.149529226701252 -1.12667323487263 -99
2.91165538532826 -99 -99 -99 -99 -99 2.28064641235723 -99 3.43179200349179 -99
-99 -0.367149010747557 -99 0.165611790211693 -99 -99 -99 -99 -99 -99
0.648761545032379 -99 0.886852770192829 0.376625317544152 -99 -99 -99 -99 -99 -99
-99 -99 -99 -99 -99 2.89460309143624 -99 -99 -99 -99
-99 -1.24156214494241 -99 -99 -99 -99 -99 0.594179686787006 0.684967654278387 -99
-99 -99 -99 -0.084099804692646 -99 -99 -99 -99 -99 0.855358758172509
-99 0.313147074836973 1.56838379403962 -99 -99 -99 -99 -99 -99 -99
1.24698857958771 -99 -99 -99 2.79782657426239 -99 -99 -99 -99 -99
0.912494945357389 -99 1.59919467279892 -99 0.725580120961089 -99 -0.951688347645432 0.813335342329418 -99 -99
-99 -99 -99 -99 -99 -99 -99 -99 2.3694155452922 -99
-99 -99 -99 1.80018141559914 -99 -99 -99 -99 -99 -99
-99 -99 -99 -99 -99 -99 1.64811820540557 -99 1.70856391737703 1.70843602185659
-99 -99 -99 -99 1.96225862424158 -99 -99 -99 -99 -99
1.42755940195486 -99 -99 1.05578550577472 -99 -99 -0.443011278961237 -99 2.35674880262267 -0.668632024475424
-99 -99 -99 0.173738170294795 -99 -99 -99 -99 -99 -99
-99 -99 -99 2.19392058691297 -99 -99 2.49984407534038 0.829970057138023 -99 -99
2.12473716836749 -99 -99 1.69357345888605 -99 -99 -99 -99 0.119672785920573 -99
-99 -99 -99 -99 -99 -99 -99 1.72025555183347 -99 -99
1.85290683865425 -99 -99 0.0808718857537087 -99 -99 -99 -99 -99 -99
-99 -99 -99 -99 -99 -99 -99 -99 2.84745094170353 -99
-99 2.60968515901154 2.76994939691555 1.25391741498895 1.29653574946763 -99 -99 -99 -99 -99
-99 1.02621421935119 -1.64581564457722 -99 -99 -99 -0.790118512996635 -99 2.02782302995968 -99
-99 -99 -99 -99 0.929112497295658 1.68495975150273 -99 -99 -99 -99
-99 -99 -99 -99 2.59664823614859 -99 -99 -99 -0.0844431562989689 -99
-99 -99 -99 -99 1.30671700648042 -99 -99 -99 -99 -99
3.97189032679417 -99 -99 -99 -99 1.1879472943571 -99 -99 -99 -99
2.38862257197166 -99 -99 -99 -99 2.95896983970757 -99 -99 -99 2.07544307176555
-99 -99 -99 0.183535883602025 -99 -99 -99 0.562350621779279 0.531448222779703 -99
-99 -99 -99 -99 -99 -99 -99 -99 -99 -99
-0.582633327604996 0.58912772011178 1.72368292359133 -99 -0.73428015021667 -99 -99 -99 -99 -99
1.77331016977609 -99 -99 -99 -99 1.88552714966677 -99 -99 -99 -99
0.400219219326131 -0.0489238311296711 -2.33623680382891 -0.486249610110998 -99 -99 -0.0232458998235627 -99 -99 -99
-99 -99 -99 -99 -99 -99 -99 -99 -99 2.22052192346437
2.85974972245295 -99 -99 -99 -99 2.22012327770862 -99 -99 -99 1.67506405303797
-99 -99 -99 -99 -99 -99 1.01518684030351 0.313126219952256 1.90614322412475 0.187353022794485
0.831080786812395 -99 -99 -99 0.883993808203563 1.03616495187644 -99 -99 -99 1.91907413499373
-99 -99 -0.873359580022195 -99 -99 -99 -99 -99 -99 -99
2.49713166371198 -99 -99 -99 3.08234763405263 -99 3.47909490055437 -99 3.42433669735004 -99
-99 1.82745092278688 -99 -99 -99 2.24593630938318 -99 2.76721682432505 -99 -99
-99 2.04406157681087 -99 2.66935246940846 -99 1.74423469782591 -99 -99 -99 -99
-99 0.7978652505853 -99 -99 -99 -99 -99 -99 -99 -99
-99 -99 -99 -99 -99 0.760880206923173 -0.266908469413956 -99 -99 -0.840817936792257
-99 -99 -99 1.85406699428961 -99 -99 0.1086220194141 -99 -99 -99
-99 -99 -99 -99 -99 -99 -99 1.13652916413845 -99 -99
-99 -99 -99 -99 -99 1.14640539992793 -99 1.41954479609258 -99 -99
-99 -99 -99 -99 -0.250801676114136 -99 -99 -99 -99 -99
1.49629994303197 0.908763895128927 -99 -99 2.49161613454384 2.18281869548682 -99 -99 0.551364758403636 1.82352607684275
-99 -99 -99 -99 -99 -99 -99 -99 -0.788454591256948 -99
-99 -99 -99 -99 -99 -99 -99 -99 -99 -99
1.533936297165 -99 0.0577647243181689 -0.439928077991154 -0.190060475690764 0.372094742999786 -99 2.65496292391044 -99 -99
-99 -99 1.33977342624999 -99 -99 0.0420366413458653 3.11126133836029 -99 -99 -99
0.641228111790379 -99 -99 -99 -99 2.72794801262114 -99 -99 1.39910401269133 0.914386273243924
-99 -99 0.856992179323674 -0.421806941099328 -99 -99 1.12825042213475 -99 -99 -99
-99 -99 -99 -99 -99 -99 -99 -99 -99 -99
2.39904307902566 -99 -99 -99 0.955934096441454 -99 -99 -99 2.31798158392123 2.38431633827049
0.65867762076012 -99 -99 -99 -99 -99 1.71349659224316 1.63306353442848 2.56163721318895 -99
-99 0.694730668578645 -99 -99 -0.171330486645689 -99 -99 -99 0.650864351979848 -99
2.29289670386912 -99 -99 -99 1.93206838765103 -99 0.635908245057213 1.05712746112608 -99 -0.195842157856209
-99 -99 -1.15797259408326 -99 -99 -0.403863204722668 -99 -99 0.261022739587443 -99
-99 0.632986900234496 -99 -99 -99 -99 -99 0.972233344855415 -99 -99
2.42981658448018 0.855534838051617 1.11705009636305 -99 -99 1.17543982312489 -99 1.08244066974464 -99 -99
-99 -99 -99 0.0542687468729813 0.106171751004391 -99 -99 -99 -99 -99
-99 -99 -0.156078575707499 -99 -99 -99 -99 -99 -99 -99
-99 -99 1.35410710994456 -99 -99 -99 2.42601258076756 -99 -99 -99
0.408640333726626 -99 -99 -99 -99 -99 -99 -99 -99 -99
0.403422612430188 -99 -99 -99 -99 -99 -99 0.236138591252093 -99 -99
-99 -99 -99 -99 -99 -99 1.71389351023914 -99 -99 -99
-99 -99 0.737749961020255 -99 -99 -99 -99 -2.2759684031781 -99 -99
-99 -99 -99 -99 -99 -99 -99 -99 -99 -99
-99 -99 2.58222950310372 -99 -99 -99 -99 -99 -99 1.64863313603513
-99 -0.922891094744585 -99 -99 -99 -99 -99 -99 -99 -99
-99 -99 -99 -99 -99 2.25472042236663 -99 -99 -99 -99
-99 -99 -99 1.66714030559807 -99 -99 -99 -99 -99 -99
-99 -99 -99 0.718994294956895 -99 -99 -99 -99 -0.0428503360264947 1.54161170813233
-99 -99 -99 -99 2.54373964553864 2.04529584471288 -99 -99 -99 0.8100692683353
-99 0.208767238744254 -99 -99 -99 -99 -99 -99 -99 -99
-99 -99 -99 -99 -99 -99 0.165830938941806 -99 -99 -0.489321283804363
-99 1.80469828909075 -99 -99 0.331141004174237 -0.532083328599346 -99 0.439203621003694 -99 0.783902715345859
-99 -99 0.947047804658323 -99 -99 -99 -99 -99 -99 -99
-1.44316511568847 -0.439886909379912 -99 -99 0.692267167921189 1.18320944228946 -99 0.233760013331905 -99 -99
-99 -99 0.22468073158511 -99 -99 -99 -0.784987422699217 -0.977882634345103 0.490335932057581 -99
-99 -99 -99 -99 -99 -99 -99 2.31737762555698 -99 1.95856014531681
-99 -99 -99 -99 -99 -99 1.1142699425559 -99 -99 2.37501468559232
-99 1.14389116117112 -99 3.08265214951403 -99 -99 -99 -99 -99 -99
-99 -99 -99 1.34431289295714 -99 -99 -99 2.23369559041321 -99 -99
-99 2.31872641428525 -99 2.56687968536181 -99 0.132656049189833 -99 -99 -99 -99
2.69962837444517 0.430406637230563 -99 -99 -99 -99 -99 1.53439925809633 -99 1.48609833273294
-99 -99 -99 -99 -99 -99 -99 -99 -99 2.1486717876566
-1.25656013456275 -99 -99 0.351357406519271 1.33431926455013 -99 -0.972546447977706 -99 -99 -99
-99 -99 -99 -99 -99 -99 0.441936143252419 -99 -99 -99
3.91450399130768 2.15833350574673 1.36338261539318 -99 -99 2.12671659826113 2.16592627280645 -99 -99 -99
0.583069905713886 -99 -2.20636388049481 -99 -99 -99 -99 -99 -99 -99
-99 -99 -99 1.90902072785918 -99 -99 -99 -99 -99 -99
-99 -99 -99 -99 1.80672237687922 -99 -1.20614254480778 1.19598627649609 -99 -99
-99 -99 -99 1.47764161024394 -99 -99 0.985178729013047 2.91003647486159 -99 4.33688942606504
-0.579977778134828 -99 -99 -99 -99 -99 -99 -99 -99 -0.598837153632267
0.232717234781074 -99 0.162055812856021 -99 -1.11279873204093 -99 -99 -99 -99 -99
-99 -99 -99 -99 -99 -99 -99 1.25086490904629 -99 1.29329820690492
-1.04178358645196 -0.257392263002023 -99 -99 -0.837239613010292 1.00758859813898 -99 -99 -99 -99
-99 -99 -99 -99 -99 4.06653889991781 -99 -99 -99 -99
-99 -99 -99 0.902954665432563 -99 -99 -99 -99 -99 -99
-0.213326793475227 -99 -99 -99 -99 -99 -99 -99 -99 0.758398056593874
-99 -1.25218622063255 0.194166436174699 -99 -99 -99 -99 0.887830168669356 -99 0.440232151911995
-99 -99 -0.13645117507801 -99 -99 -99 -99 -99 -99 -99
-99 -99 -99 -99 -99 -99 -99 -99 1.93523285504768 2.93728195804955
-99 0.889413591798836 1.54124096428255 -99 -99 -99 -99 1.07860756854635 -99 -99
-99 -99 -99 -99 -99 -99 -99 -99 1.83704461166861 0.777380837017038
-99 0.400682609040495 -99 -99 -99 0.326549079159346 -99 -99 -99 -99
-99 -99 -99 -99 -99 -99 1.31627008575104 -99 -99 -99
-99 -99 -99 -99 0.358339083508024 -99 -99 -0.349020266194929 -99 -99
-99 2.69925812351593 -99 -99 -99 -99 -99 2.27162735203525 2.04818984645617 -99
-99 -99 -99 1.45012403656245 -99 -99 -99 -99 -99 3.96485911763596
-99 -99 -99 -99 -99 -99 1.17314280435349 0.101671116407 0.178350861600266 -99
-99 -99 -99 4.07164082332481 -99 -99 5.17301472875741 -99 -99 -99
1.52412508844052 -99 -99 -99 -99 -99 -99 -99 -99 -99
-99 -99 -99 -99 -99 0.989131354466909 0.928478421846891 -99 -99 -99
-99 -99 -99 -99 -99 -99 -99 -99 -99 -99
-99 2.67941808025294 -99 -99 1.12187394270884 1.85076502252811 -0.0755046524255334 -99 0.931261018585707 -99
-1.15664698223708 -99 -99 -99 1.98801909662462 -99 -99 -99 -99 -99
1.3923329460574 -99 -99 -99 -99 -99 -0.417461333188987 -99 -0.660047001312338 -99
-99 0.471307411982231 -99 -99 -99 -0.785362676859171 -99 -99 -99 -99
-99 -99 -99 -99 -0.0849104041066164 -99 0.461350198044934 -99 -99 -99
-99 -0.912281551125862 -99 -99 -99 -99 -99 -99 -99 -99
-99 -99 0.0475372970816466 -99 -99 -99 -99 -99 -99 -99
-99 -99 -99 -99 -99 -99 -99 -99 2.26031958302687 -99
-99 -99 -99 -99 -99 -99 -99 -99 -0.157651292503028 -99
-99 -99 1.57776408186911 -99 0.707738490144167 -99 0.467875511221931 -1.36689108768314 -99 -99
-99 -99 -1.50319538523347 -99 1.60420043860313 -99 -99 -99 -99 -99
2.37753574771435 1.97617112492999 -99 -99 1.9453229839023 -99 -99 -99 1.86015223992594 -99
3.13754932066028 2.71068279341046 -99 -99 3.10975017614085 -99 -99 -99 -99 -99
1.30463115846969 -99 1.08319542408968 -99 -99 -99 0.454982501636409 -99 -99 -99
-99 -99 -99 -99 1.72647614808626 2.29739647424772 -0.645216843464853 0.209242076984934 -99 -99
3.12258708961529 2.05633618425712 4.18807331456349 -99 -99 -99 -99 -99 1.09043660105426 -99
-99 1.7568607917294 -99 -99 0.198165182845039 0.805733579727371 -99 -99 -99 -99
1.32641219733349 -99 -99 -99 -99 -99 -99 -99 -99 -99
-99 0.566655328861073 1.10598093725079 -99 -99 -99 0.315540725018794 1.22163923796175 -99 -99
-99 -99 -99 -99 0.284102234379001 -99 -99 -99 -99 0.895061254175361
-99 -99 -99 -99 -99 -99 -0.0226494629519214 -99 -99 -99
0.170539332497138 -99 -99 2.43252791744046 -99 -99 -99 -99 2.23970745478353 -99
1.09202901202317 -0.48826539223774 -99 -99 -99 2.79254416770136 2.23175096888204 1.98936290961595 -99 -99
-99 -99 -99 -99 -99 -99 1.38457726490062 -99 -99 -99
-99 -99 -99 -99 -99 -99 -99 0.174302465858341 -99 -99
-99 -99 -99 -99 1.66540056185036 -99 -99 -99 -99 -0.672386693281726
-99 -99 -99 -99 -99 -99 1.32637733758993 -99 -99 2.47011909701818
-99 -99 -99 -99 -99 -99 -99 -99 -99 -99
0.0170099130390867 -99 -99 -99 -99 -99 -99 1.75183262023444 -99 -99
-99 0.443843500532057 -99 -99 -99 -99 -0.998062225808502 -99 -99 -0.778107308126975
-99 3.22066487285725 -99 -99 1.71972527311502 -99 -99 -99 -99 3.78864669251475
-99 -99 2.3106477557081 5.71666669186434 -99 -99 1.88201650887617 -99 -99 -99
-99 -99 -99 0.769484823112167 -99 0.336322059718854 -99 -99 -99 -99
-99 -99 -99 0.637306112631077 -99 2.22248086395338 1.49159853876678 -99 -99 -99
1.57359730093504 -99 -0.482013994155192 -99 -99 2.12734450343936 -99 -0.00619959038655171 -99 -99
-99 0.683702119944659 -99 -99 1.46695725895392 2.47778681190874 -99 0.431707248329384 -99 -99
-99 3.11342255167035 -99 -99 1.99820034777668 -99 -99 -99 3.53394766106258 -99
-99 1.0888700520469 -99 -99 -99 -99 -99 0.988021179406725 -99 -99
-99 -99 -99 1.44607361069672 -99 -99 -99 -99 -99 -99
-99 -99 -99 -99 -99 -99 -99 -99 -99 -99
1.40375898189762 1.2925098479354 -99 -99 -99 0.334655112001047 -0.222617328729629 -99 1.54158252927047 -99
-99 -99 -99 -99 -99 -99 -0.949848154107619 -99 -99 0.689158934577395
-99 -99 -99 -99 -99 -99 -99 -99 -99 -99
-99 1.34515433779301 -99 -99 -99 -99 -99 -99 2.34155314074363 -99
-99 -99 -99 -99 1.55723183709646 -99 -99 1.22248775393296 1.84394546645186 -99
-99 -99 -99 0.716899386201965 -99 -99 0.177332366467963 1.01051398476846 -99 1.45320370204626
-99 -99 -99 -99 3.19289246384122 -99 -99 -99 1.47332570665638 2.6170871673678
-99 -99 0.304914109054797 -0.328843148401432 -99 -99 -99 -99 -99 -99
-99 -99 -99 -0.209145792605223 -99 -0.240600117986863 -99 -99 -99 -99
-99 -99 -99 1.2091349740113 -99 -99 -99 -99 -99 -99
1.15983459840353 -99 -99 -99 -99 0.313259690553905 -99 -99 -0.0246550677733033 -99
2.23365946421277 2.55834894657253 -99 -99 -99 -1.0487106219428 -99 -99 -99 0.0829932941561915
-99 -99 -99 -99 -99 -99 -99 -99 -99 -99
-99 -99 -99 -0.973012342138629 -99 -99 -99 -99 -1.63648724751372 -99
-99 -99 0.283410313969715 -99 -99 -99 -99 -99 -99 -99
-99 -99 -99 -99 0.631861678566108 -99 -99 -99 -99 -99
4.10181455218032 -99 3.23331770880243 -99 3.25669660201874 -99 3.0707217816494 -99 -99 -99
1.40732598804023 -99 -99 -99 -99 -99 -99 -99 -99 -99
-99 0.0947176023708569 -99 -99 -99 -99 -0.644011719241908 0.122999439237627 -99 -0.147748646688326
-99 0.644459678895104 1.64978670334428 -99 -99 -99 0.458950072345468 0.203931295242675 -99 -99
-99 0.760609015551394 2.02893717754108 2.48287552252861 1.44529921223103 -99 -99 1.91119817328034 0.31504032909131 -99
0.843912477647601 -99 -99 1.89816101517236 -99 -99 -99 -99 -99 -99
1.12134239322443 -99 -99 -99 -99 -99 -0.0973111695223625 -99 1.90427485487763 -99
-99 0.873436011035575 -99 -99 -99 -99 -99 -99 -99 3.40943480545903
0.452934601523453 -99 3.48772678645977 -99 -99 -99 2.1745824661105 3.52991818244615 -99 -99
-99 -99 -99 -99 -99 -99 1.18775940110261 -99 -99 -99
-99 0.866213514215446 1.44400138681299 -99 -99 2.63779787185284 -99 -99 -99 -99
1.03096387199604 -99 -99 -99 -99 -99 -99 1.50346785466892 -99 -99
-99 1.04090835607985 -99 -99 -99 -99 -99 -99 -99 1.8945314810575
-99 -99 -99 -99 -99 2.09663919548587 -99 -99 -99 2.42304223146122
-99 -99 0.549055795896483 -99 -99 -99 -99 -99 -99 -99
-99 -99 -99 -99 -99 -99 -99 -99 -99 -99
-1.20171900257489 -1.07787589484208 -99 -0.436714644481756 -99 -99 -99 0.475730546911457 -2.90389943830262 -99
-99 -99 -99 -99 -99 -99 -99 -99 -99 -99
-99 -99 -99 -99 -99 -99 -99 -99 -99 -99
-99 -99 -99 -99 3.08621344401642 -99 -99 -99 -99 -99
1.8305890935313 -99 -99 -99 -99 -99 -99 1.00529413143913 -99 -99
-99 -99 -99 -99 -99 -99 -99 -99 -99 -99
-0.376579236748321 -99 1.34451435056141 -99 3.28195634495182 -99 -99 -99 3.02295787137557 2.57158250400857
-0.424719730910632 -99 0.405068631370523 -99 -0.825218755563832 -99 -0.302653113222435 -0.00482048995867013 -99 -99
-99 -99 -99 -99 -99 0.297535368146066 -99 -99 1.71151174662453 -99
-99 -99 -99 -99 -99 -99 0.456475056695463 -99 -99 -99
-99 -99 -99 -99 4.41117610681177 -99 -99 -99 -99 -99
-99 -99 -99 -99 -99 -0.35305975450853 0.252923081903405 -99 -99 -99
-99 -99 -99 -99 -99 -99 -99 -99 0.700759733484258 -99
-99 -99 -99 3.51283979987413 -99 -99 -99 -99 -99 -99
2.37989011340241 -99 3.34211332324687 -99 -99 -99 -99 2.01475784754273 -99 -99
-99 2.66488199184484 2.93916359705046 -99 -99 4.29699766587194 1.39931925779698 -99 -99 -99
1.27744217919578 -99 2.94241567826256 -99 -0.842861773898038 -99 -0.367210929703492 -99 -99 -99
-99 -99 2.26390784596248 -99 -99 -99 -99 -99 -99 1.16109227540793
2.37770638976497 -99 -99 -99 -99 -99 3.40707624781247 2.06781467373152 2.63706551179357 -99
-99 -99 -99 -99 2.3141861838783 1.65829100283503 -99 -99 -99 -99
-99 0.829148197628194 1.00806219146153 -99 -99 -2.19815908337586 -99 -99 -99 0.531833849031499
0.1760138337659 -99 -99 -99 -99 -99 2.47919953569649 -99 2.26790880715677 -99
-2.36735359499633 -99 -1.7807411229751 -99 -99 -99 -0.0371665295727812 -99 -99 -0.248455062387466
-99 -99 1.21516032190809 -99 -99 0.378485206912046 -99 -99 -99 -99
-99 -99 -99 -99 -0.0869058351035967 -99 -99 -99 -99 -1.88863679255563
-99 -99 -99 -99 -99 -99 -99 1.22071040997278 -99 -99
-99 0.902307504535345 -99 -99 -99 0.249333622857205 2.00030562334664 -99 -99 1.82283911509587
-99 -99 -99 -99 -99 -99 0.497860272463697 -99 -99 -99
1.85019820368113 -99 1.75939107733587 -99 -99 2.61294014957041 -99 -99 -99 -99
-99 -99 -99 -99 -99 1.21111636117124 2.74535499033815 -99 -99 3.0992886344566
-99 -99 -99 -99 -99 -99 4.19868521532688 -99 -99 4.87239143446178
-99 -99 3.2827222959214 -99 -99 -99 4.86456802971027 -99 -99 -99
-99 -99 0.907695669089317 -99 -99 1.51126924175575 -99 -99 -99 -99
-99 -99 -99 1.77385994035186 -99 -99 -99 -99 -99 -99
-99 -99 -99 -99 -99 -99 -99 -99 -1.93767306136585 0.378666935893622
-99 0.880680918267529 0.587983109901355 -99 -99 -99 -99 -99 -99 -99
-99 -99 -99 -99 -99 -99 -0.214792301920198 -99 -99 -99
-99 -99 -99 0.491864480736399 -99 -99 -99 -99 0.863463922562541 -0.276135505653742
-99 -99 -99 0.125726065395258 1.22188551989508 -99 -0.275428025818423 1.29221127616454 2.11152078025124 1.64571132854782
-99 0.465468791327494 -99 -99 -99 -99 1.10160542146264 2.1886593434 0.496951824725543 -99
0.0144008621474956 -99 -99 1.37445661379413 1.25923116859081 -99 -99 0.102653044518519 -99 -99
0.156349332094334 -99 -99 -99 -99 -99 -99 -99 0.11504414658631 3.06801276902335
-99 -99 -99 0.20512374418039 -99 -99 -99 -99 -99 2.00469956684119
1.03327855823625 -99 -99 -99 -99 -99 1.80103447925677 -99 -99 2.19795668714867
-99 -99 -99 -99 1.04716176615569 -99 0.104979258446326 -99 1.67301431818635 -99
-99 -99 -99 -99 -99 1.07977954145992 2.51558361970623 2.32841863503346 3.69139111761784 -99
0.688209492625366 -99 -0.425905070316621 -99 3.04368703615362 -99 -99 -1.37389225581622 -99 -99
-99 -99 -99 -99 -99 -0.57714917523529 -99 -1.21963773360463 -0.441680275391678 -99
-99 -99 -99 -1.47358654114495 -99 -99 -1.14038904558816 -99 -99 -99
1.58522233370043 2.54352978550847 -99 -99 1.41538084628086 -99 -99 -99 -99 -0.8221230654535
-99 0.915886190433945 -99 -99 -99 2.29825689596225 3.77345512573307 2.44016864145536 -0.186056970170898 1.90242702199889
-99 -99 -99 -99 1.07155442581581 -0.254102904495515 -99 -99 -99 -99
-99 -99 -99 -99 2.24465888657749 -99 0.953751909041279 -99 2.30402508568888 2.38678952727695
-99 -99 -0.624104746737137 -99 -99 -99 -99 -99 -99 -99
-99 -99 -99 -99 0.346561148167232 -99 -99 -99 -99 -99
-99 3.00026402839538 0.20547279266809 -99 2.55695928683851 -99 -99 -99 -99 -99
-99 -99 1.80953348866696 -99 -99 -99 -99 -99 -99 -99
-99 -99 -99 -99 -99 -99 -99 -99 -99 -99
-99 -99 -99 -99 -99 1.24333816793915 -99 -99 0.690022184573322 -99
-99 0.990420816136817 -99 2.97604010862218 -99 -99 -99 0.819130449913229 -99 -99
-99 -99 -99 -99 -99 -99 1.29911495009758 -99 -99 -99
-99 2.12242540932559 -99 -99 -99 1.22114292405205 -0.740849610654605 -99 0.0467018778266455 -99
-99 -99 -99 0.0429117010202641 -0.0303679646440234 -99 0.100012645791892 -99 -0.0842798226090402 -99
-99 -99 0.942803163045538 -99 1.43839181328191 -99 -99 -99 0.367488594556231 -99
-99 0.0202436769534921 -99 -99 -99 -99 -99 0.566680641723573 -99 -99
-99 -1.23902065219183 -99 -99 -99 -99 -99 0.947843044956365 -99 -99
-1.16463566623236 -99 -0.125637240489393 0.469408767816813 -99 -99 -1.46320159816128 -99 -99 -99
-99 -99 -0.384192199178696 -0.356127939743572 -99 -99 -99 -99 1.45589725167781 -99
2.9968007546242 -0.39105985856668 -99 -99 -99 -99 -99 -99 -99 -99
-99 -99 -99 -99 -99 -99 -99 -99 -99 -99
0.333856223006945 1.21468518780478 -99 -99 -99 -99 -99 2.06357458816872 -99 0.790700783181787
-99 -99 0.572713454837844 -99 -99 -99 -99 -99 -99 -99
-99 2.05812956234985 4.15611172224263 -99 3.45127265242577 -99 1.45061682514482 -99 -99 -99
-99 -99 -99 -99 0.387670729432459 -99 -99 -0.168418267758828 -99 -99
-99 -99 -99 -99 -99 1.10861470873417 -99 1.48154074568721 -99 -99
-99 -99 -99 1.68588941343971 0.942843650926477 -99 0.748697431784448 -99 1.86569233649192 -0.643157004876945
-99 -99 -1.18236230431242 -99 -99 -99 -99 -1.68927650149885 -99 -0.882840171709847
-99 -99 0.955875697875229 -99 -99 -99 2.11827978442919 -0.0557164719206906 -99 -99
-99 -99 -99 -99 -99 -99 3.50463117299453 -99 -99 -99
0.836638199759233 1.82411606988656 -99 -99 -99 -99 -99 -99 -99 -99
-99 -99 -99 0.777100747362365 -99 -99 -99 -99 -99 -99
1.06262245133603 -99 -99 -99 -99 -99 -99 -99 -99 0.0262854320382542
-99 -99 -99 -99 -99 -99 -99 -0.214368898497451 -99 -99
-99 -99 -99 3.63465923036884 0.497763655040643 0.0388859269650453 2.63305073672883 -99 -99 -99
3.44719028075879 -99 -99 -99 -99 -99 -99 -99 -99 -99
-99 2.29794291633387 -99 -99 -99 1.76170095865644 -99 3.15563304042844 1.52486921540012 -99
-99 -99 -99 -99 -99 -99 -99 -99 0.273982617840342 -99
-99 -99 -99 0.575100095387587 -0.0314812625778864 2.58124617609646 -99 -99 -99 -99
-99 -99 -99 -99 -99 -99 -99 -99 -99 -99
-99 -99 0.297436382583861 2.4154991947492 -99 -99 0.192382916259216 -99 -99 -99
-99 -0.125776167818126 -99 -0.435705018307514 -99 -99 -99 -99 -99 -99
-99 -1.20900481838633 -99 -99 -99 -1.73254146281824 -99 -1.5621256609696 1.07591192987177 -99
-99 -99 -99 -99 -99 1.09036701939651 -99 2.47069683658425 -0.160337886708031 2.86253485443951
-99 -99 -99 -99 -99 -99 -0.176762386663222 0.924781204535614 -99 -0.520390408753941
-99 -99 2.64937793779636 -99 -99 -99 2.83881342848217 -99 -99 -99
2.98196475768235 2.39912753712132 -99 3.70624034833494 -99 5.34416526686289 -99 -99 -99 -99
-99 1.39606594038443 -99 2.31342429506545 -99 -99 -99 -99 1.17959017853871 -99
-99 -99 0.329849752248475 -99 -99 -99 -99 -99 -99 -99
-99 0.584304257679794 -99 -99 -99 -99 -99 -99 -99 -99
1.66366384984828 -99 1.99663414109724 -99 -99 0.939926762162888 0.296980230228988 -99 2.57728907445447 1.36732954962916
-99 -99 2.84932904699854 -99 -99 -99 -99 -99 -99 -99
-99 -99 -99 -99 -99 -99 -99 -99 -99 -99
0.697823060076743 -99 -99 -99 -99 -99 -99 -0.940497207816848 -99 -1.07748304702732
-99 0.964716615498597 -99 -99 0.796752919133526 -99 -0.142780780289403 -99 -99 -99
-99 -0.584421288380568 -99 -99 -99 -99 0.879368029166328 -99 -1.03086137560361 -99
-99 -99 1.04031730511528 -99 -99 2.50316212661392 -99 -99 -99 1.26829743009525
-99 -99 -99 -99 1.61482116170517 -99 -99 -99 -99 -99
-99 -99 -99 -99 2.20670694470174 -99 -99 -99 -99 -99
-0.512708726096222 -99 0.658138952946281 -99 -0.0116051530008583 -99 -99 -99 -99 -1.03211457120253
-1.2065612849323 -99 0.680897651013373 -99 -99 0.0238663756096548 -99 -99 -99 -99
0.202222881715153 -99 -99 -99 -99 1.37861823412884 -99 2.62451501363657 3.07534004950576 -99
-99 -0.0674462493283585 -99 -99 -99 -99 -99 -0.750380143214352 -99 -99
1.93269243935964 -99 -99 1.62439358037415 -99 -99 -99 0.649459670614613 -99 -99
-99 3.60085453043717 -99 2.19371722143932 0.200174244199167 -99 -99 -99 -99 -99
-99 2.97022279586694 3.70212846815001 -99 1.80525523040663 -99 -99 -99 -99 -99
1.25452077052607 -0.0887488785118995 -99 -99 -99 -99 -99 -99 -99 -99
-99 -99 1.71948985500617 -99 -99 -99 -99 -99 -99 0.876449609506361
