-99 -99 -99 -99 -99 1.11897020660383 1.59179508704363 -99 -99 -99
-99 -99 -99 -99 1.04118478848769 -99 1.57037355618717 -99 2.33013443701047 -99
-99 2.04444124111183 1.82871123038471 -99 0.0223511439343241 -99 -99 -99 -99 1.27089310334497
-0.846966670283981 -0.231620603307305 -99 0.912092863535155 -99 -2.04368634063195 -99 -99 -99 -0.403477151779892
-99 -99 1.96217978024671 -99 -99 0.557917192597484 -99 1.05188002127343 0.537147705388773 0.634877468732956
-99 -99 -99 -99 -99 0.702469377323811 -99 -99 -99 -0.0531736658501343
-99 -99 -99 -99 0.73860610414142 2.2553823566005 -99 -99 -99 -99
-99 -0.126513577902023 -99 -99 -99 -99 -99 -99 -99 2.82231300386309
0.726004803005347 -99 -99 1.32711538996871 -99 -99 0.422247053387263 -99 1.59796682572506 2.44094549458942
-99 3.69459190150049 -99 -99 -99 -99 -99 2.47894106187222 -99 -99
-99 -99 0.538832767420351 1.96389622214421 -0.757475057244073 -99 -99 0.874182672540668 2.06590815550722 -99
1.35643633588526 -99 -99 1.5128665885569 -99 -99 -99 -99 -0.769805962434148 -99
-99 -99 -99 -99 -99 -99 -99 -99 -99 -99
-99 -99 -99 -99 -99 0.956602078458665 -0.0833377104787634 -99 -0.287311310241722 -99
-99 0.243881363507311 -99 -99 1.60896044626337 1.87140755334009 -99 -99 -99 -99
0.970615141675701 0.273522134244528 -99 0.908311157599715 -99 -0.0479668133319897 0.376549073468427 -99 -99 0.360989839521773
0.82766588024621 -99 -99 -99 1.14309017292555 -99 -99 -99 0.142954269057207 -99
-0.811413895153702 -99 -99 -99 -99 1.3140024818124 -99 -0.28818436462546 -99 -99
1.91057735567925 1.60720079834197 -99 -99 3.64634357814555 3.44602491448007 -99 -99 -99 -99
-1.32950730618904 -99 -0.459596550946689 -0.451401440242499 -99 -99 0.644650773731273 -0.535269720510899 -99 -99
-99 -99 -99 -2.2918357416652 -99 -99 -99 -99 -99 -99
-99 -99 -99 -0.414493050659716 -99 1.52945524862588 -99 -99 0.921456167121221 1.39169871677238
1.2245320897576 1.94709217170992 -99 2.05660978531491 -99 -99 -99 -99 -99 -99
1.52430230041622 1.2282920333549 -99 -99 3.9111122687956 -99 -99 1.00394052628314 -99 -99
-99 -99 0.334831715981477 -99 1.63749418437672 -99 -99 -99 2.17405353492132 1.50089446175374
-99 -99 -0.0824448643123881 1.34922703027149 -99 -99 -99 2.07029749402662 1.53448234051255 -99
-99 -99 -99 -99 -99 -99 -99 2.63169168441079 -99 -1.57643114500481
-99 -99 -99 -1.0080528309828 -99 -1.00352360791721 -0.776861462998678 -0.503181954314731 -99 -99
-99 -99 -99 2.93611733914357 1.59618952030538 1.73058004232051 -99 -99 -99 -99
0.405615389865504 -99 -99 -99 -99 -99 -99 0.426607190036862 -99 -99
-99 -99 -99 -99 1.27656280239048 -99 1.51997023615361 -99 -99 -99
-99 -99 -99 -99 -1.62496636834973 -99 -99 0.0774819178589733 -99 -0.720782495742236
-99 -99 -99 0.584796162728936 0.898745574166203 -99 -99 -99 -99 0.820797505170083
-99 -99 -99 -99 -99 -99 -99 -99 2.8583751223534 -99
3.44411855028156 -99 -99 -99 -99 -99 -99 -99 -99 2.60537722831032
-99 -99 -99 -99 -99 -99 -99 -99 -99 -99
-99 -99 -99 1.62860294929933 -99 -99 2.60248380469126 -99 -99 -99
-99 -99 -99 0.805166532035278 -99 -99 -99 -99 -99 -99
-99 -0.951246689580655 -99 -99 -99 -99 -99 -99 -99 -99
-99 0.996234896766853 0.669962855259501 0.425109512718276 -99 1.69765550414357 -99 1.78891006436842 -99 -2.50899037771754
-99 -99 1.21862799333022 -99 -99 1.72071516802016 1.87852114656576 -99 0.780162508112065 -99
-99 0.793902831427977 -99 -99 -0.196716832254325 -99 -99 -99 -99 -99
-99 -99 -99 0.915724792111907 -99 0.328544088292844 -99 -99 -99 -99
-99 -99 -0.763405234564774 -99 -99 -0.107450819091759 -99 -99 -99 -0.339271274085156
-99 -99 1.30748187872681 -99 -99 -99 -99 -99 -99 0.696596072687887
-99 -99 -99 -0.615433158769497 -99 -99 -99 -99 -99 -99
-99 -0.0118354728296197 -99 -99 -99 -99 -99 -99 -99 -99
-99 0.79456763355622 -99 -99 -99 -99 -0.813752223350449 -99 -2.06808950933217 -99
-99 -99 -99 -99 -99 -99 -99 -99 1.45867453601766 1.8744666997026
-1.65696814384414 -99 -99 -99 -99 -0.247037287825524 -99 -0.371446367780409 -99 -99
-99 2.04795319420231 -99 -99 -0.287882196859618 -0.398896737342164 -99 -99 -99 -99
0.143684272665972 -99 -0.412282756226868 -99 -99 -99 -99 -99 -99 -99
-99 1.7053194140235 -99 0.944571334223414 -99 -99 -99 1.43745394085915 -99 -99
-99 -99 -99 -99 -99 -99 1.30385056148623 -99 -99 1.67195431110335
-99 -99 0.910839525582607 -99 -99 -99 -99 1.93401823805256 0.931831911679288 -99
2.95858274693614 -99 -99 -99 -99 1.41713380548402 -0.283391570548941 -99 -99 2.21330494491503
-99 -0.590561921868397 -99 -0.3996695835838 -99 -99 -99 -99 -99 -99
0.0619901116858367 -99 -99 -99 -99 -99 -99 -99 -99 -99
-99 -99 -99 -99 -99 -99 -99 -99 -99 -99
-99 -99 -99 2.1804015690289 -99 -99 -99 -99 -99 -99
0.226732235485622 -99 1.56195251112838 -99 -99 -99 -99 1.54774749676109 -99 -99
-99 -99 -99 -99 1.05375363468897 -99 -99 1.71859515500349 -99 0.803843468581001
2.21695417543405 0.141486007954515 1.86334372631419 -99 -99 -99 -99 -99 -99 -99
-99 0.830336115074251 -99 -99 -99 -99 -99 1.42191514661323 -99 -99
-99 4.45023991960684 1.52813088403243 1.0017536708751 -99 -99 1.66146328357725 -99 2.33536896191407 -99
-99 -99 -99 -99 -99 -99 -99 0.318902275366942 -99 1.79018353833181
0.310560053343962 -99 -0.266285635756556 -99 -99 -0.0957038894426701 -99 -99 -99 -99
-99 -99 2.28451422348338 -99 3.44825261193124 -99 -99 -99 -99 -99
-99 -99 -99 -99 -99 -99 -99 -99 -99 -99
0.182719812660991 -99 -99 2.47158364916554 2.23689305210687 -99 1.46946955131002 0.410863904542384 -99 -99
0.541675934188343 -99 -99 -99 -0.575172096950832 1.18731349497171 -99 -99 -99 -99
2.12563453928157 1.75461463372481 -99 -99 -99 -99 -99 -99 -99 -99
-99 -99 -99 -99 -99 0.0775823436116824 -99 -99 -99 -99
-99 -0.482095351202901 -99 -99 -99 -99 -99 -99 -99 -99
-0.8036114348996 -99 -99 2.21345504750863 -99 -99 0.548269553665493 -99 -99 4.07999834677734
-0.907191246778926 -99 0.413398595491784 -99 -99 -99 -99 -99 -99 -99
-99 -99 -99 -99 -99 -99 -1.27930467278978 -0.387251281492673 -99 -99
0.78657183242811 1.78332856354502 -99 -99 -99 -99 2.35588039131398 1.07802476877696 -99 0.51154240260277
-99 -99 0.582085835995894 -99 -99 -99 -99 -99 -0.439389584945273 -99
-99 -99 -99 -1.23322204399526 -99 -99 -99 -1.09637617416078 -99 -99
2.47316994488368 -99 2.34391606394136 -99 2.28889946522405 1.10419351954684 0.986556383619395 -99 0.272920898998215 -99
-99 -99 -99 -99 2.88546947707051 -99 -99 -99 -99 2.93501245948647
-99 -99 0.0312099547109262 -99 -99 -99 -99 -99 -99 -99
-99 -99 -99 -99 2.42605604044097 -99 -99 -99 2.61056727540354 -99
-99 -0.609820156812269 0.066418708207697 0.096663816364024 -99 -99 1.42303644159803 -99 -99 -99
-99 -99 -99 -99 -99 -99 -99 2.56179859059232 1.25754239381726 -99
-99 -99 1.39786834735935 0.504343863467182 -99 -99 -99 -99 0.817109329800343 -99
-99 -99 -99 -0.1171293972358 0.240453228425761 -99 -99 -99 -99 0.8034228115959
-99 -99 -99 -99 -0.991712515398499 -99 -99 -99 -0.522390224696109 -99
-99 -99 -99 -99 -99 -99 -99 0.528151975255075 -99 1.87418958754952
-99 -0.506419683224194 -99 -99 -99 -1.04417825993919 -99 -99 -99 -99
-99 -99 2.05362870001323 -99 -99 -99 -99 -0.371989470099272 -99 -99
3.7934595174596 -99 1.21617868118648 -99 1.33979845002876 1.82331040609034 1.30175925229261 -99 -99 -99
-1.40181466646543 -99 -99 -99 -99 -99 -99 -99 -99 0.965950750029972
1.23565448184423 -99 -0.886811752650921 -99 0.0159901446128097 -99 -1.10563930225937 -0.715700545150187 -99 -99
-99 -99 -99 1.27632004153633 -99 -99 -99 -99 0.288010492233012 -99
3.10434039178983 -99 -99 -99 -99 -99 -99 -99 -99 -99
-99 0.156463536552033 -99 -99 -99 -0.317139083453443 -99 -99 -99 -99
-99 -99 -99 -99 1.0870838230587 -99 1.94166290579249 -99 -99 -99
-99 -99 -99 2.71419392631449 -99 -99 3.51106229797912 -99 -99 4.47710495573425
-1.26132220811431 -99 0.53902226792063 -99 -99 -0.317089511092866 -99 -99 0.198153232278163 -99
0.122178628415538 -99 3.21454596736525 0.00277373237451828 -99 -99 -99 -99 0.603664421584775 0.301234558328602
0.975304454171342 -99 -99 -99 2.38336801794678 0.0535182672281069 2.20284260814839 -0.522433027230822 0.806379989286593 0.420830017287486
0.272458574096262 -99 2.64114134082961 -99 -99 -99 -99 2.72440831348608 -99 0.35587508792865
-99 -99 -99 -99 1.19773463848356 -99 -99 -99 -99 -99
-0.544378251457098 -99 -99 -99 -99 -99 -99 -0.301232136551716 -99 -3.03866249389357
-99 -99 2.4984826469833 -99 -99 -99 1.08565544764729 -99 -99 -99
-99 -99 -99 -99 -99 0.632052560380438 -99 -99 1.76784769526158 -99
-99 -99 -99 -1.84776893298677 -99 -99 -99 -99 -99 -99
3.35607066595802 -99 3.68703390603056 -99 -99 -99 2.05775157093884 -99 -99 -99
-99 -99 -99 -99 -99 -99 -99 -99 -99 -99
-99 -0.429135372390897 -0.751284872721349 1.84525208363707 -99 -99 -99 1.83979452518625 2.42599192893278 -99
-1.60316997095366 -0.262793095847123 -99 -99 -1.3122993449041 -99 -99 -99 -99 -99
0.195519794164693 -99 -99 -99 -99 -99 -99 -99 1.62533954817643 -99
-99 2.15656882027559 2.73895027512461 -99 -99 -99 -99 -99 -99 -99
1.65029203253416 0.976981470179512 -99 1.41247553180339 -99 3.85327121993522 -99 -99 -99 -99
-99 -99 1.83598525598358 -99 -99 -99 -0.230296501552335 2.19198983662374 -99 -99
-99 -99 -99 -99 -99 0.483831630699928 -99 -0.612113659500085 1.51727930382409 -99
-99 -99 2.24755219117679 -99 -99 -99 -99 -99 -99 -99
-99 -99 -99 -99 -99 -99 2.30747085526226 -99 -99 -0.649720996867508
-99 -99 -99 -99 -0.721348697852405 -99 0.505280522120625 -99 -99 -99
-99 -99 -99 2.43141195169809 0.890693153240182 3.80294557309907 -99 2.26204988428128 -99 -99
-0.858572646273844 -99 -0.296821977874266 0.89078982519754 -0.364271597765332 -0.0945134412879225 -99 -0.019630435863373 -1.64344722464919 -0.975801099432422
-99 1.92122718065059 -99 -99 -99 -99 -99 -99 -99 -0.209485589664855
-99 -99 -99 -99 -99 -99 -99 -99 -0.173118813229351 1.42560093548898
1.40226540162609 -99 -99 -99 -99 -99 -0.212376724259224 -0.235889350051691 -99 -99
2.53967336703905 -99 -99 -99 -99 0.815781971789696 -99 -99 -99 -99
-99 -99 -99 -99 -99 -99 -99 -99 -99 -99
-99 -99 -99 -99 -99 -99 -99 -99 1.65707070315636 -99
-99 -99 -99 -99 -99 0.744552211421648 1.28826672098695 -1.59003932137179 -99 -99
-99 -99 0.630005107888527 -99 -99 -99 -99 0.784810684368134 -0.102210826663426 -99
0.486499526725115 1.38737709864767 1.63726541066366 -99 -99 -99 -99 3.75107820575819 -99 -99
-99 -0.650677769385549 -99 0.881069222989131 -99 -99 -99 -99 -99 -0.487629081003946
-99 -99 -99 -99 -2.34661022159295 -99 -99 -0.770024402861872 -99 0.807507709783962
-99 -99 -99 -0.402849800141133 -99 1.27367231475901 -99 -99 -99 -99
-99 -99 -99 -99 -0.0656397666126247 -99 -99 -99 -99 -99
-99 -99 -99 -0.745475086496828 -99 0.863824721960773 -0.183001442787106 3.24173268181479 -99 -99
-99 -99 -0.236036249232627 -99 -99 -99 -99 -99 -0.503152268658916 -99
-99 2.15898099985059 -99 -99 -99 -99 -99 -99 -99 2.03982584813633
-99 0.896449765394409 -99 -99 -99 -99 -99 2.07397133296001 1.39766132917289 1.16734045503301
1.47560877588284 0.214756932393629 -99 -99 -99 -99 3.09640769390086 1.6489203581786 1.14097801187952 -99
-99 -99 -99 0.476009072416536 -99 -99 -99 -0.371365473951902 -99 -99
-99 4.05137649705502 -99 -99 -99 -99 -99 -99 -99 2.82371599491162
-1.41393925406219 -99 -0.96055657847856 0.365150345482105 -99 -99 -99 -0.74272119455678 -99 -99
-99 -99 -1.03353130300232 -99 -99 -99 -99 -99 -99 -99
-99 0.563487039751757 -99 -99 -99 -99 1.57243834268967 -99 -99 -99
-99 -99 -99 -99 -99 -99 -99 -99 -1.17046089053125 -99
-99 -99 1.60394439104263 -99 -99 -99 -99 -99 -99 -99
-99 -99 -99 -99 -0.54646223505543 1.32464566995006 -99 -99 0.803592462003673 -99
-99 2.69598080755945 -99 -99 -99 -99 -99 -99 -99 -99
0.673836160582111 -99 -99 -99 -1.49591337622574 -99 -1.44747879230843 -99 -99 -99
-99 -0.169512552031549 0.743651622607209 -99 -99 1.31686528474947 -99 -99 -99 -99
-99 -99 2.78404117988406 -99 -99 2.79060024310564 -99 -99 -99 -99
0.54978772352285 0.330950564305241 -99 1.19964934221752 -99 0.676749667758438 -99 -99 -0.67927175102099 -99
-99 -99 -99 -99 -99 -99 0.279509860056902 1.79669860164726 -99 -99
-99 -99 -99 -99 0.70325103960401 -99 -99 0.151144255287525 3.51939306536549 -99
-99 -99 1.81286998093286 -99 -99 -99 -99 -0.0598991900066981 -99 0.463099540470931
2.74890996765697 -99 0.303057156347315 3.18273301378692 -99 -99 -99 -99 -99 -99
-0.124370752369834 0.277090650055359 0.604272790128401 -99 -0.117894056966126 -99 -99 -0.91415140078914 -99 -99
1.1906807820488 0.13695587171763 -99 1.11465443993241 -99 -99 -99 -99 -99 1.73831226267403
-99 -99 -99 -99 1.59952792041139 -99 1.49447385645848 -99 -99 -99
-99 -99 -99 2.01931200497161 -99 -99 -99 -99 -99 2.27649640443419
-99 1.5971847778037 1.21351289961051 0.0329596616862895 -99 -99 -99 -99 -99 -99
-99 -99 -99 0.914273798985501 -99 -99 -99 -99 -99 -99
-99 0.626184660293509 -99 -99 -99 -99 1.73167417474427 -99 -99 -99
1.06348903603615 1.18063481992929 -99 -99 -99 1.1807271357274 -99 1.30945618979697 1.09233895274721 -99
-99 -99 -99 -99 -99 -99 -99 -99 -99 -99
-99 0.20503846959724 -99 -99 1.76006226485948 0.894294722965326 -99 -99 -99 0.666485898351642
-99 -99 -99 -99 -99 -99 -99 -99 -99 0.221503128901812
-99 -99 -99 1.14223901848812 -99 -99 -99 -99 -99 -99
-99 -99 -99 -99 1.76622218113798 -99 -99 -99 3.7549436089709 2.15273567266357
-0.842590833492943 -99 -99 -99 -99 -0.367978612564704 -99 -99 -99 -99
-99 -99 0.848618498167682 -99 -99 -99 0.0158724286078015 -99 -99 -99
-99 -99 -99 -99 -99 -99 0.590913240624425 -99 0.0599785246804703 -99
1.50572118946233 -99 -99 -99 -99 -99 -99 -99 -99 -99
-99 -99 -99 -99 -99 -99 2.92627219046884 1.56506003650856 -99 1.6094599762982
1.13379070137661 -99 -99 -0.0183876213868381 -99 -99 -99 -99 -99 -99
-99 1.40598715431392 -99 2.27425662137598 0.642556252064997 -99 2.68096733784803 -99 2.1584289159091 -99
3.39577192986809 -99 -99 -99 -99 -99 2.38600667970446 -99 -99 -99
-99 -99 -99 -99 -99 1.41110659420682 -99 1.91191044445662 -99 1.81919987571779
1.62949409134254 2.22488660225267 2.68728447482322 -0.616765099361838 -99 0.650688340384731 0.876808009470052 -99 -99 0.982652991124824
-99 -99 1.9542337566105 -99 -99 -99 -99 -99 -99 -99
-99 1.24701356125899 -0.281818315989078 -99 -99 -99 -99 -1.17577224821989 -1.52211130609917 -99
-99 -99 -99 -99 -99 -99 3.79403363633738 -99 3.20121366293035 -99
-99 -99 -99 0.638782694365492 -99 1.47654077140204 -99 0.469858168456881 -99 -99
-99 -99 -99 1.51713789963089 -99 -99 -99 -99 -99 -99
-0.437729119742351 -0.185489201750749 -99 -99 -99 -99 -99 0.878823097354585 -99 1.85233883533829
-99 2.20356719813818 -99 -99 -99 -99 -99 -0.255896073757377 -99 -99
-99 -99 -0.697535805419276 -99 -99 0.0856956017963493 -99 0.0849399239613191 -99 -99
-99 -99 -99 2.07554149555804 -99 -99 1.76653621735096 -99 -99 -99
-99 -99 -99 -99 -99 2.52966684739381 -0.305384906968162 -99 -99 -99
-99 -99 0.877072788101308 2.25716987168013 0.711973609357841 -99 -1.22195642855577 0.877611883297216 -99 -99
3.39906187422629 -99 -99 -99 2.43069104972658 -99 -99 3.54036542865012 -99 -99
-99 -99 -99 0.734500515532679 -99 -99 -99 1.96114820634182 0.840725496349902 1.89081134322301
1.20910503779174 -99 -99 0.853710907094524 -99 -99 -99 -99 -99 -99
-99 -99 -99 -99 -99 -99 -99 -99 -99 -99
-99 0.0638830883460551 -99 -99 -99 -99 -99 -99 -99 -0.118538591423102
-99 2.18151954123804 1.54112008061454 -99 -99 -99 -99 -99 -99 -99
0.872520612930314 -99 1.55395063172256 -99 0.295341181439571 -99 -99 0.935913449341665 -99 -99
-99 3.64831413511302 -99 -99 -99 -99 -99 4.01246793459596 -99 -99
-99 -99 0.285193320516858 -99 -99 -99 -99 -99 -99 -1.10944669546419
-99 1.56530576571136 -99 2.13845401792314 3.75401079947888 -99 -99 -99 -99 2.75205089099659
-99 0.842832099421106 -99 -99 -99 0.963534284460056 -99 -99 -99 -99
1.48105261624873 -99 -99 -0.450573097755371 -99 -99 1.68625168232431 -99 -99 0.675806439441493
-99 -99 -99 -99 -99 -0.192813524841338 -99 -99 -99 -99
-99 1.60751597458783 -99 -99 -99 -99 1.84255920375826 -99 -99 0.458631290683127
-99 -99 -99 -99 -99 -99 -99 -0.199679124310519 -99 -99
-99 -99 2.39919329606887 -99 1.64001744001427 -99 1.32856261059451 -99 -1.11047879217346 -99
-99 -99 0.552290578264539 -99 -99 -99 -99 -99 -99 -99
1.71524735296138 -99 -99 -99 -0.702063623717774 -99 1.3745786822295 2.66599538077987 -99 1.14955090701166
-0.511937276009568 -1.64468980015228 -99 -99 -99 -1.31981439634506 0.55822626170715 1.86996159760078 -99 -99
-99 -99 -1.02555501774187 -99 -2.48517883205208 -99 -99 -1.68424610024648 -1.56547239422182 -99
-99 -99 -99 -99 0.0878000977090446 -0.134526198986953 0.234355944089367 -99 -99 -99
-99 -99 -99 -99 -99 -99 -99 -99 -99 3.50955143878133
-99 -99 -99 1.86198423166134 -99 -99 -99 -99 -99 -99
1.9138993958437 -99 -99 2.86396100356608 -99 0.899703878044631 3.26560807105765 4.78596786779232 -99 -99
-99 -99 -99 -99 -99 1.55639935372151 0.294424969710117 1.84600567840814 1.39853870539597 -99
-99 0.468280978494798 -99 -99 0.685353106019927 -99 1.78076877676075 -99 -99 -99
-99 1.06421373182663 0.971626450837922 1.84484437030722 -99 2.85477245037443 -99 3.56416738182673 -99 -99
-99 -99 -0.900856684615156 1.10893337881906 -1.12185812368768 -99 0.979968905648143 -99 -99 -99
-99 -99 1.69204048959959 -99 -99 2.70749902520804 -99 -99 -99 -99
-99 -99 -99 3.26737153373827 -99 2.09541523167756 -99 -99 -99 -99
0.170341438542404 -99 -99 -99 -99 1.16442353745861 1.17614011680176 -99 -99 -99
-99 -99 -99 -99 -99 -99 -99 -99 4.21114304179644 -99
-0.490705115467895 -99 -99 -99 -99 -99 -99 -99 0.592970357297626 -99
-99 -0.731734898842811 -99 -0.167849197970067 -99 -99 -99 -99 -0.106602187293053 -99
-99 -99 -99 -99 -99 -99 -99 -99 -99 -99
-99 -99 -99 -99 1.57548746844523 0.269047234675622 -99 -99 -0.244002214232023 -0.346711068845728
1.94980404769587 0.986598455480427 -99 3.56276543723607 -99 -99 -99 -99 1.33635819792315 -99
-99 -99 -99 -99 -99 -99 -99 -99 -99 -99
-99 -99 -99 0.368084708533747 -99 -99 0.131851554484242 -99 -99 -99
-99 0.0714724339964711 0.409802240599731 1.2004471751465 -99 -99 -99 -99 -99 -99
0.428806452906537 -99 -99 -99 -99 -0.642505644079085 0.158927274658308 -99 -99 -99
3.37854915935278 -99 -99 -99 1.72015128894213 -99 1.65872618793462 3.65232977032083 -99 1.97312852650285
-1.75071879712615 -99 -99 -99 -99 -99 -99 -99 -0.754968409058828 -99
-99 -99 -99 -99 -99 -99 -99 -99 -99 -99
-99 1.52128974116141 -99 -99 -99 -99 -99 -99 -99 -99
-99 -99 -99 -99 -99 -99 -99 -99 0.94157088552244 2.57364040548158
-99 -99 -99 -99 -99 1.97599244620292 1.45021826192104 2.51384639179126 -99 1.92590353538719
1.46199128591068 -99 -99 -99 -99 -99 -99 0.921724736478722 -99 -99
-99 -99 -99 -99 -99 -99 0.533157144741038 -99 -99 -99
-99 -0.751189215188661 -99 -99 1.28849434280575 -99 -1.40404483190137 -99 -99 -99
-99 -99 -99 -0.991632947081534 -99 -99 -99 0.885371730298505 -99 -99
-99 -99 -99 -0.351756306345478 -99 -99 2.84820175771763 -99 -99 -99
-99 -99 -99 -99 1.4249566998043 3.8776663110835 -99 -99 -99 -99
-99 -99 -99 -99 -99 -99 -99 -99 -99 -0.29382128689889
-99 -99 -99 0.939081799535365 1.65580838278099 1.72799553190417 1.11199687191514 -99 -99 -99
-99 -0.429852594683639 -99 -99 0.552137192690461 -99 -99 -99 -99 -99
-99 0.267778899128873 0.644889263563938 -99 1.18234226759337 -99 -99 1.29878385116723 -99 0.152251476268774
-99 2.6297431064713 -99 -99 -99 -99 -99 2.88192218088519 -99 -99
1.17528967862241 -99 3.2169494053328 0.32503295798374 -99 -99 -99 -99 -99 -99
1.04909179316303 -0.120202465901259 -99 1.29183411805773 0.237653770671048 0.585068590549824 -99 -99 -99 -0.581449201544843
-99 1.08893825055609 -99 -99 -99 -99 -99 -99 -99 0.855652615488466
-99 1.94823053456566 -99 -99 -99 -99 -99 -99 -99 -99
-99 0.904932697647215 -99 1.52270613774251 -99 -99 -99 -99 -99 -0.238926860711023
-99 -99 -99 -99 -99 -99 -99 -99 -99 -99
-99 -99 -99 1.156080620383 1.20495519078234 1.03328139504188 0.298578467442182 0.968209759933836 -0.542408018149815 0.366979195702172
-0.18748241419346 -99 -99 -99 -99 -99 -99 2.81569080658062 -99 -99
-99 -99 -1.44257692635138 -99 -99 -0.713658975293423 0.0240462604400908 -99 -99 -0.317327943633306
-99 -0.569588003899161 -99 -99 0.0665685095683705 -99 0.785790695170059 -99 1.17468327468292 -99
-99 0.386092426133987 -99 -99 -0.095205103540094 -99 -99 -99 -99 -99
-99 -99 -99 -99 1.90198213626216 -99 3.14389546157513 -99 -99 -99
-99 2.07459737957382 -99 -99 -99 1.99796625792034 -99 -99 3.79910639000442 -99
-99 -99 -99 -99 -99 -99 -99 -99 -99 -99
-99 -99 -99 -99 -99 -99 -99 -99 -99 -99
1.30367263326125 -0.658213341567085 -99 0.239158411193029 0.685315972570631 -99 -99 -99 0.906829256533724 -99
-99 -99 1.88180289582449 -99 -99 -99 -99 1.8636851819702 -99 -99
-99 -99 -99 -99 0.280405159415381 -0.307341189891706 0.360879567979883 -99 -99 -99
-99 -99 -99 -99 1.51612405988299 -99 -99 -99 0.640519840848123 -99
-1.25707084941969 -99 -99 -99 0.541902471283758 -99 -99 0.391079736682294 -99 -99
-99 1.78600929159299 -99 1.98683513946285 -99 -99 -99 -99 -99 -99
-1.33274764399841 -99 1.58662711366184 -99 -99 -99 -0.160434747109784 0.43684339867185 -99 -99
3.08817003637265 -99 -99 -99 3.11077375348601 -99 -99 -99 -99 -99
-99 0.954062946980398 -99 -99 -99 -99 -99 -99 -99 1.61070801942047
-99 -99 -99 -99 -99 -99 -99 -99 -99 -99
-99 -99 0.379175485060924 -99 2.29009671802962 -99 0.536894536790792 -99 -99 -99
-99 -99 0.886023219174498 -99 1.76608939916617 -99 -99 -99 -99 -99
-99 -99 -99 -99 -99 -99 -99 -99 -99 -99
-99 -99 -99 -99 -99 -99 -99 -99 -99 -99
-99 -99 -99 -99 -99 1.9022849827806 -99 0.865360441928246 -99 -99
-99 -99 -99 -99 -99 -99 0.207551411148042 -99 -99 -99
-99 -99 -99 0.764298635162301 -99 -99 -99 -99 -99 -99
-99 -99 -99 0.420821983495467 -99 -0.527095586011409 -99 -99 -0.486869374539878 -99
-99 -99 -99 -99 -99 -99 1.99433999477584 2.38299221886391 -99 -99
-99 -99 -99 0.568730242453336 1.45878585823027 -0.222452388513679 -99 -1.19768620964561 -99 -0.373559017898398
2.6896419786185 -99 -99 0.652108494604718 -99 -99 1.54310145646006 -99 -99 0.945130339254083
3.62712542224611 0.635062457226852 1.37214165985969 1.72175100739239 1.73776875755875 -99 -99 2.19859165510011 -99 -99
-99 -99 -99 -99 -99 -99 -99 -99 2.21024571285886 -99
1.88681291658129 -99 -99 2.08897313908962 -99 -99 -99 -99 -99 -99
0.381924180688624 -99 0.609029450924821 -99 -99 -99 -99 -99 -99 -99
-99 -99 -99 -99 -99 -0.722712345474163 -99 -99 -99 -99
-99 -99 -99 -99 -99 1.5198229490284 3.21453801668982 -99 2.06318969068259 -99
-99 -99 -99 -99 -99 -99 -99 -99 -99 -0.633510901794047
-99 2.08356663152789 -99 -99 -99 1.76809708788671 -99 -99 -99 -99
-99 -99 -99 0.0787965590416863 0.318607628108776 -99 -99 -99 -99 -99
-99 -99 -99 -99 -99 -99 -99 -99 -99 0.708507520211552
1.12891060270572 -99 -99 -99 -99 -99 -99 -99 -99 -99
-99 0.201842066755175 -99 1.40962682664144 -99 -99 -0.105167613309278 -1.3321998599071 -99 -99
-99 -99 -99 -99 -99 2.80812555791675 -99 2.31859269978794 2.0329994931677 1.65215774357023
-99 -99 2.73704307520482 -99 -99 -99 -99 -99 -99 -99
-99 -0.676537497896231 -99 -99 -99 -99 -99 -99 -99 -99
-99 -99 -99 -99 -99 -99 -99 -99 -99 3.45134964220366
-99 -99 -99 -99 -99 -0.338170623887596 -99 -99 0.170204584566177 -99
-99 -99 -99 -99 -99 1.50980930132797 -99 -99 -99 -99
-99 -99 1.87458063988688 -99 0.769016316447145 -0.394507112693309 -99 -99 -99 1.22981073045401
0.451406060745624 1.55037063779469 -99 3.27178153535251 -99 1.16886215572549 -99 -99 -99 -99
-99 -99 1.14822473657007 -99 -99 -99 -99 -99 -99 -99
-99 -99 -99 -99 -99 -99 -99 -99 -99 2.18051197119448
-99 -99 1.49003068827345 -99 -99 -99 -99 -99 -99 -99
-99 -99 -99 -99 -99 1.92678823501288 -99 -99 -99 4.73916464393481
-99 -99 -99 -99 -99 -99 -99 0.998100732956835 -99 -99
3.83544952890038 1.93326913386429 -99 1.01907730336526 -99 -99 2.50626168900223 0.65187087234571 0.35236042418016 -99
-99 -99 -99 -99 -99 -99 -99 -0.122595606282552 -99 -99
-99 -99 -99 -99 -99 0.11166039981721 -99 -99 0.218501479722877 -99
-99 -99 -99 0.849735238806055 -99 -99 -99 1.4396702488613 1.474082508256 -99
-99 -99 -99 -99 -99 -99 -99 -99 -99 -99
-99 -99 -99 0.887861565564625 -99 -99 -0.292355554573649 -99 0.593348487639426 -99
-0.626188184728133 -0.612310441942462 -99 -0.90707037996857 -0.833784435560937 -99 -0.789222419858939 -99 -99 -99
-99 -99 -99 -99 1.25114455141076 -99 -99 -99 2.30552255424436 -99
-99 -99 2.36308049247583 -99 -99 3.63629854061987 -99 -99 -99 3.09845568187379
-99 -99 -99 -99 -99 -99 -99 -99 -99 -99
-99 -99 -99 -99 -99 -99 -99 -99 -99 2.91417460795274
-99 -99 -99 -99 -99 -99 -99 -99 -99 -99
-99 -99 -99 1.64423926236453 -99 -99 -99 3.76536894760627 1.53065772627182 -99
1.55578413955937 -99 1.51166040755419 -99 -99 -99 -99 -99 1.580598229573 -99
-99 -99 -99 1.59538052639235 -99 -99 -99 -99 -99 3.28729023685358
-99 -99 -99 -99 -99 -0.321553423739096 -99 -1.74232876581049 -0.324594091731576 -2.11933782452123
-99 -99 -99 -0.272698553004259 -99 -99 -99 -99 -99 -99
-99 -99 -99 -0.0773254835477419 -99 -99 -99 -99 -0.319842803675122 -99
-99 -99 -99 -99 -99 -99 -99 -99 3.70660335855664 -99
3.11510359893621 -99 -99 -99 -99 -99 0.156801661723413 0.354947016259398 -99 -99
-99 -99 -99 -99 -99 -99 -99 -99 -99 -99
0.725492261243473 -99 -99 2.21270197499023 -99 -99 -99 -99 3.97015452118767 -99
2.30976647645762 -99 -99 4.02482276117423 1.70976710603766 -99 -99 -99 -99 2.87136602150512
-99 -99 -1.20567433997451 -99 2.59933205250894 -99 -1.27610049524709 -99 -99 0.512421617267107
-99 -99 -99 2.75084648984573 1.21738006835173 -99 -0.530554618175944 -99 -99 -99
-99 -99 1.31188423052925 0.252696791990749 -99 -99 1.08960110809517 -99 0.345857207906856 0.722116724489215
-99 -99 -99 -99 -1.36199179468183 -99 -99 1.22519239934342 -99 -99
-99 -99 -99 -99 -99 -99 -99 -99 -99 -99
-99 -99 -99 2.36480088238413 0.73824325133025 -99 1.82302098394884 -99 -99 -99
-99 -99 -99 0.0262334226473092 -99 -99 -99 1.20009394588197 -99 1.38930140659737
-99 -0.64619210242256 -99 -99 -99 -99 -99 -99 -99 -99
-99 -99 -0.133926620975313 -0.382684015912301 -99 -99 -99 -99 -99 -99
-99 -99 -99 -99 -99 -99 -0.427801990707241 -99 -99 -99
-99 0.82226173986565 -99 2.27616913952967 -99 -99 1.50875315196541 -99 -99 -99
-99 -99 -99 -99 -99 -99 1.1067638631119 -99 0.570936686971392 -99
-99 -99 -99 -99 0.117143390972375 0.191835500032679 -99 -0.236803074576199 -0.00894166317956469 -1.14370221908563
-99 -99 -99 -99 -99 -99 -99 2.27115230515497 -99 -99
-99 -0.294061302404323 -99 -0.353104181149384 -99 0.87098858854431 -0.67978142838044 -0.904796471310114 -99 -99
-99 -99 -99 -0.00251588125026059 -99 1.11281709523851 -99 -99 3.27999859979124 -99
-99 -99 1.45221788071003 -99 -99 -99 0.30888957249192 -99 -99 -99
-99 -99 -99 -99 -99 1.84181318021623 -99 -99 0.733739683198199 2.29230496770466
2.53050334798579 2.86832581982371 -99 -99 4.88392752335114 -99 1.36410361118209 2.79027167780481 -99 -99
-99 -99 -99 -99 -99 -99 0.686616959360105 -99 -99 -99
-99 -99 1.1928693358323 -99 -99 0.319398411813905 -99 -99 -99 -99
-99 -99 -99 0.858191125162579 -0.758394174243713 -1.89616148551667 -1.05636371867336 -99 -99 -99
-99 3.24047034707831 -99 -99 -99 2.10004765399733 -99 -99 -99 -99
-99 -99 1.16284986567507 -99 0.827167002959561 -99 -99 -99 -99 -99
-1.16467316519119 -99 -99 -99 -1.41280913823481 -1.71515034160166 -99 0.305201987864257 -99 -99
0.758334992018587 -99 -99 -99 -99 0.609333561281712 0.100677974225812 -99 -99 -99
-99 -99 0.452783528922821 -99 -99 -99 -1.23540251649639 -1.43188621209139 -99 -99
0.425796461283956 -99 -99 -0.271207265496167 -99 -99 -99 -99 -99 -99
-99 2.15485731891156 -99 -99 1.44347043318362 3.03055617962209 -99 -99 -99 -99
-99 -99 -99 -99 -99 -99 -99 -99 -99 -99
-99 -99 1.16507511417661 -99 3.77557004602807 -99 -99 -99 -99 2.02727658701623
1.9773788449113 2.64317576551113 -99 -99 -99 1.2204957271389 -99 -99 2.60625676098244 3.7880555126277
-99 -99 -99 -99 -1.06480924462149 -99 -0.763899951572128 -99 -99 -99
-99 0.830858983221968 -99 -99 -99 1.54392927604059 -99 -99 -99 -99
-99 -99 0.679755208357826 -99 -99 -99 -99 -99 1.90079374542591 1.13953020768859
-99 -99 -99 -99 -99 2.66099835216926 -99 -99 -99 3.98438093808691
-99 0.439122665196263 1.85732958942143 1.89243175725363 -99 -99 -99 -99 -99 -99
-99 -99 -99 1.46225411632275 0.782669922471606 -99 -99 -99 1.12660678682921 -99
-99 -99 -99 -99 -99 0.978147254725317 -99 1.45097769827096 -99 -99
-99 -99 1.78164780253949 -99 0.752572457006552 3.8753727982423 2.7251513314065 -99 -99 -99
-99 1.64006299707425 -99 -99 0.609265961705648 -99 -99 -99 0.565399398864701 1.98656075023888
-99 -99 -99 -99 -99 -99 -99 -99 0.644486744857063 -99
-99 0.815876654181092 -99 -99 -99 -99 -99 -99 -99 -99
-0.187203531961883 0.251569138609807 -99 -99 -99 1.07371249624098 0.591751575130507 -99 -0.397162721589736 0.569130960050476
-99 -99 2.13844695640108 -99 1.71090158491923 -99 -99 -99 -99 -99
-99 -99 -99 1.10373292145273 -99 -99 -99 -99 -99 -99
-99 -99 -99 -99 -99 -99 0.724301272556729 2.50919625356829 2.93462210147369 -99
-1.44061953357322 -99 -99 -99 -99 0.671624493836075 -99 1.63209654219014 2.31065089238492 1.30156703390015
-99 -99 -99 0.45029956404775 -99 -99 -99 -99 1.00107686321079 -99
-99 -99 -99 -99 -99 0.584321235401842 1.29244482486157 2.279209675791 -99 1.07378374573323
-99 -99 -99 -99 -99 -99 -99 -99 -99 -0.602134857771004
-99 0.93739522008506 -99 -99 -99 -99 -99 -99 -0.633091119767954 -99
-99 2.53069981040688 -99 -99 -99 -99 -99 -99 -99 -99
-99 -99 -99 -99 -0.154036485608027 -99 -99 -99 -99 -1.6098824916639
-99 -1.87256750682125 -99 -99 -0.899523871377878 -99 1.17488931418884 -99 -99 -99
-99 5.22772620901956 4.38112462783105 -99 -99 3.00291277023854 1.51193727120274 -99 -99 -99
-99 1.7734534011675 -99 -99 -99 -99 -99 -99 -99 -99
-99 -99 1.48977842471961 -99 -99 0.704758299794578 -99 0.792614506957984 -99 -99
-99 0.53039407423594 -99 -99 -99 -99 -99 -99 -99 -99
-0.682083827470666 -99 -0.619453976861245 -99 -99 -99 -0.358066630941288 -99 -0.373765263779219 -99
-99 -99 0.235249358924056 -99 -99 -99 -99 -99 -99 -0.950681930865567
-99 -99 2.77940817517453 -99 -99 0.160645156592807 -99 -99 3.92464815578883 -99
-99 -99 -99 0.685721085598031 -99 -99 -99 -99 -99 1.37848826137928
-99 -99 -99 -99 -99 -99 -99 -99 -99 0.184378781125647
-99 -99 -99 -99 -1.47323141136479 -99 -99 -99 -99 -99
-99 -0.892162564440033 -0.2601241165795 0.775610400738337 -99 -99 -99 -99 -99 -99
-99 -99 -99 -99 2.09693733187955 1.56553191848636 0.85664480368393 -99 -99 0.700470467195486
-1.36722846584797 -99 -99 -99 -99 -1.27995519251159 -99 -99 -99 0.0135211401065168
-99 -99 -99 -99 -99 1.88150071866433 3.02446975496752 -99 -99 -99
-99 -99 -99 -99 -99 -99 1.31645035110688 -99 -99 2.71140433484685
-99 -99 -0.870468193496746 -99 -1.71571173022072 -0.799286124899188 1.17445605040141 1.81968284502179 -99 -99
0.884435408362876 -99 -99 0.804324851383162 -99 -99 -99 -99 -99 -99
-99 -99 -1.19355001487109 -99 -99 0.224720311600958 -1.15622117273522 -99 -0.78704782846552 -99
-0.0852850074587774 -99 -99 -99 -99 -99 -99 -99 -99 -99
-99 -99 0.00827348634572389 -99 -99 3.58764746587612 -99 -99 -99 -99
0.139732398171526 -99 3.13795017201212 2.82714378033643 -99 -99 -99 -99 -99 -99
-99 -99 -99 -99 -99 -99 1.52538515845894 -99 2.49484870779117 -99
-99 -99 -99 -99 -99 -99 -99 -99 -99 -99
-99 -99 -99 -99 -0.12204192845335 -99 -99 -99 -1.0946373714211 -99
-99 -99 -99 -0.467616714860162 -99 -99 2.51887436254403 -99 -99 -99
-99 2.48820499802896 0.854756062126877 2.13504551547315 -99 1.17804780620503 -99 -99 1.91972744966691 -99
-99 -99 1.26538394218704 -99 4.82033896464931 3.2695260250227 -99 -99 -99 2.07890592995003
1.34440670677608 -99 2.00130474475636 -99 -99 -99 -99 1.47487193267847 -99 1.38950210106277
-99 -99 -99 -99 -0.321853836972622 -99 -99 -0.518200408521875 -99 -99
-99 0.736174581912958 -99 -99 -99 -99 -99 -99 -99 1.37130358033716
-0.496431177533969 -99 -99 -99 -99 -99 -99 -99 -99 -1.3322800515919
-99 -99 0.375987466288291 -99 -0.000642234702322053 -99 -99 -99 -99 -99
-99 -99 2.17713857223482 -99 -99 -99 0.856663665388451 4.44600222013207 -0.921433414701354 -99
-99 -99 0.0561407915301129 -1.32134111990809 -99 -99 -99 -0.556220309765279 -99 0.699912489855266
-99 -99 -99 -99 -99 -99 -99 1.72308356388896 1.5810589982029 -99
-99 -99 -99 2.05301787361579 3.12380147619989 -99 -99 0.268171028456168 -99 2.29740272589836
-99 -99 -99 -99 -99 -99 -99 2.65108995521721 -99 -99
-99 -1.06373586039313 -99 -99 -99 -99 -99 1.52338061351609 0.27322215913441 -99
-0.170411271253579 -99 -99 -99 -99 -99 -99 -99 -1.89847730599727 -99
-0.0969680245084668 -99 -0.545185743887406 1.62093766879551 -0.485130211991052 -0.866864999931268 -0.738373017565546 -99 0.738878830209569 2.69127524241138
-99 -99 -99 -1.66296406539054 -99 -99 1.29904515726904 -99 -99 -99
1.57428628527385 -99 -99 -99 -99 -99 -99 -99 1.78495246277653 -99
-99 -1.34313896410509 -99 -99 -0.302840406941205 -1.92954001113621 -2.75085353550418 -1.77122862669908 -99 -99
-99 -99 1.95375082467647 -99 -99 0.562125489335832 -99 -99 -99 -99
-99 -99 -99 -99 -99 4.93299390655942 -99 -99 -99 -99
-99 -99 3.11980090208652 -99 -99 -99 -99 -99 -99 -99
-99 -99 -99 -99 -99 1.43122912116463 0.4489491878759 0.349488920784023 -99 0.625361925369698
-99 0.452733749236758 -99 -99 -99 0.252633225068488 -99 0.203538579334657 -99 -99
-99 -99 -99 -99 -99 -0.439698549964162 -99 -99 -99 -99
-99 -99 -99 -99 -99 -99 -99 -99 -99 -99
2.07509216795909 0.648211250175797 -99 0.601106090228979 -99 -99 0.837722598472301 -99 -99 1.13940364804971
-99 -99 -99 -99 -99 -99 -99 -99 -99 -99
-99 -99 -99 -99 -0.563203087795852 0.648204207153272 -99 -99 -99 -99
-99 -99 -99 1.19281936872143 -99 2.84917689521947 -99 -99 2.11806529832765 3.39209958039645
-0.098244360902189 -99 -0.960181803184897 -99 -99 -99 -99 -99 -99 -99
-99 -99 2.18172396895663 1.82404174441742 1.55107776254918 2.3128013984356 -99 -99 -99 -99
-0.76633595723815 -99 -99 -1.72483986743773 1.21404651499221 -99 -99 -99 -99 -99
0.489046740385606 -99 -99 -99 -0.0744644437584612 0.911118607783989 -99 -99 2.54488587405239 0.09170472670968
-99 -99 -99 0.654448020028219 -99 1.87310657737238 -99 -99 -99 1.63216182067934
-99 -99 -99 -99 -99 1.59072840840155 -99 -99 -99 -99
-99 -99 1.98491482859116 -99 -99 -99 -99 -99 3.3387786376041 0.957107313363749
-99 -99 -99 -99 1.57772770012216 -99 -99 2.32908228942507 -99 -99
-99 -99 3.58997001523195 1.65709814572341 2.34162467496322 2.00496689804809 1.58440349349196 -99 -99 -99
-99 0.250081263496254 -99 -99 0.959144323829557 -99 -99 -99 -99 -99
4.1065568454926 -99 -99 2.55001621676758 -99 1.99461038546522 -99 -99 -99 -99
-99 -99 -99 -99 -99 -99 -99 1.23573276392368 -99 -99
-99 -99 -99 -99 -99 -99 -99 -99 -99 2.71662902240416
-99 -99 -99 -99 -99 -99 2.4448390299333 -99 1.8367501198352 -99
-99 -99 -99 -99 -99 -99 1.17521878703765 -99 -99 -99
-99 -99 -99 -99 -99 -99 1.43136876992251 -99 -99 -99
-99 -0.320727359649887 -99 -99 -2.38545532576119 -99 -99 -99 -99 -99
-99 -99 -99 -99 -99 -99 -99 -99 -99 0.161095291468499
-99 -99 -99 0.936585496249342 -99 -99 -99 -99 -99 -0.53069542998636
-99 -99 -99 -99 -99 -99 -2.18143564771428 -0.493738913017659 -99 -99
-99 -99 2.54458540313028 -1.20383931012082 -99 -99 -99 -0.353773100155861 0.256626999922101 -99
-99 -99 -99 -99 -99 -99 -99 -99 -99 -99
-0.600501119616123 -99 -99 -99 -99 -0.605256767671712 -99 -99 -99 -99
-0.435893506242168 -99 -99 -99 -99 -1.37915935974163 -0.0347501678437088 -0.164220913296597 -99 0.767427519733146
-99 -0.229058989498752 -99 -99 3.50237887825033 -99 -99 -99 -99 -99
-99 -99 -99 -99 -99 -99 -99 2.67832132108325 3.20117101847254 0.0936298461034359
-99 -99 0.155391548145766 -99 2.74465018478602 -99 -99 0.785707886041103 -99 -99
-99 -99 -99 -99 -99 -99 -99 -99 -0.803702329153477 -99
-99 -99 0.712497348403178 -99 2.28683270150107 -99 0.297597317801778 -99 -99 -99
-99 -99 -99 1.22678468512835 -99 -99 1.64797904258652 3.52252732348353 -99 -99
-99 -99 -0.313275061255135 -99 -99 -1.03544695898405 -99 -2.02516414382894 -99 -99
-99 -99 1.03883087229611 2.4294811226931 -99 -99 -99 -99 2.07509356418638 0.559150527114606
1.25231631472309 -99 -99 0.83123666102913 -99 -99 -99 -99 -99 -99
2.83279146757085 -99 -99 1.25244512811747 3.14218247356746 -99 -99 -99 -99 -0.196067074044051
-99 3.39602481741262 -99 -99 -99 -99 -99 -99 -99 2.9189646666555
3.60085294733855 -99 0.177836852376052 2.0290435924991 -99 -99 0.527350977493279 -99 -99 -99
-1.1639303743964 -99 -99 -99 -99 0.540361207373943 -99 -0.20485922359324 -99 -99
1.59803275105108 -99 -99 -99 -99 -99 0.681198003780226 -99 0.939763579488636 -99
-99 -99 -99 -99 -99 -99 -99 -99 -99 -99
-99 0.557783763860611 -99 -99 1.25937469348634 -99 -99 -99 -99 -99
-99 -99 -99 -99 -99 -99 -99 -99 -99 -99
-99 -99 -99 -99 -99 -99 -99 0.638000506952082 -99 0.481894554268482
-99 -99 -99 -99 -99 -99 -99 -99 -99 -99
-99 -99 1.91115367447178 -99 -99 1.20321827535919 -99 -99 -99 -99
-99 -99 3.15784669681446 -99 -99 -99 -99 -99 -99 2.60718751966064
-99 0.712092329993786 -99 -99 -99 -99 0.201087291734889 -99 -99 -99
2.59203776857944 -99 -99 -99 -99 -99 2.03839714122609 -99 4.68801346566715 3.63472071390649
-99 -99 1.86617789975827 -99 -0.397093902064993 -99 -99 -99 -99 -99
-99 -99 -99 -99 -99 -99 -99 -99 -99 -99
-99 -99 1.19757362633817 1.42164797022548 -99 -99 1.51168889512752 -99 -99 -99
-99 -99 1.3450334933607 -99 1.59395579466443 -99 0.364803629677159 -99 -99 1.55128393784265
2.25558945347494 -99 -99 1.55057896238808 -99 2.22476559638013 -99 0.885869773655807 0.63823528337297 -99
-99 -99 -99 -99 -99 -99 -99 -99 -99 -99
-0.202672109036336 -0.452512007494963 -99 0.217675881737842 -99 -2.01132029652656 -99 -99 -99 -99
0.997174165168497 -99 1.60130534856151 -99 -99 -99 -99 -99 -99 -99
-99 1.7023058839222 1.49694562384648 -99 -99 -99 1.52230222572163 1.34007511531168 -99 -99
-99 1.03757074529677 -0.250416497081223 -99 3.12350886927369 0.574411517040015 -99 -99 1.8728255727762 -99
-99 -99 -99 -99 -99 -0.224538703985962 -99 0.0463930698482932 -99 -1.5445978559318
-99 -99 -99 -99 -99 2.70040561925121 -99 -99 -99 -99
1.85342157697868 -99 -99 -99 -99 -99 -99 -99 -99 2.17089020607981
1.81153110881422 -99 -99 -99 -99 -99 -99 4.23523388191699 2.5725855889796 3.30508096770467
-99 -99 -99 -99 -99 -99 -99 -99 1.21016294909772 -99
-99 -99 -99 -0.00956944255994574 1.32549366852274 0.251269037250948 -99 -99 2.46969816161914 -99
0.784778290439317 -99 -99 -99 -99 -2.0164337190855 -99 -99 -99 -99
-99 -99 -99 1.56775018614743 2.76522047284035 -99 1.42231667545224 1.53797111867625 -99 1.26154040485307
-99 -99 1.2041046870704 -99 1.42766654730491 -99 -99 -99 -0.373865198344734 -99
-99 -99 -99 -99 3.21814458161008 -99 2.0837534719432 -99 -99 -99
-99 -99 -99 -99 -99 -99 -99 -99 -99 0.231833903371287
-99 -99 -99 -99 1.79576349422488 0.867615153578408 0.522848768026878 -99 -99 -99
2.92569992888656 -99 -99 -99 -99 -99 -99 -99 -99 -99
-99 -1.64238707668515 0.261636244062673 -99 -99 -99 -99 -99 -99 -99
-0.342257302178075 1.32028940383918 0.790387800888581 -99 -99 -99 -99 -99 -1.43701909340187 -99
-99 -99 -2.59525320161783 -99 -99 -99 -99 -2.35344725636611 -3.19695560151565 -99
-0.654145130892698 2.55866818624157 -99 -99 0.206034182289685 -99 -1.08037096601953 -99 -99 -99
-0.0574757094152614 1.19286409252978 2.33085060291928 -99 -99 1.32255605745659 -99 1.60850328140525 0.724328304589401 -99
-99 -99 -99 -99 -0.00395589677753883 -99 -99 -99 -1.22526689149484 0.88182811910567
1.62753682103209 -99 -99 -99 2.57818306418014 -99 -99 1.50653470180643 1.56373014783835 2.11452631043409
-99 1.99892389812288 -99 -99 -99 -99 -99 -99 -99 -99
2.05242757580463 -99 -99 -99 -99 -0.518121041759687 0.072114491078838 -99 -99 -99
-99 3.93838846072874 -99 -99 -99 -99 1.45734449279174 -99 -99 2.38337048679393
-0.554245167666427 -0.675368597308281 -99 0.235130914660259 -99 -99 -99 -99 -99 -99
-99 -99 1.78476238102584 -99 0.115319189146857 -99 -99 -99 -99 -99
-99 -99 -99 -99 1.46128593709813 -99 -99 -99 3.49881932115854 2.27697641393199
-99 -99 -99 -99 0.408571502472076 -99 -99 -99 -99 1.16245444918564
-99 -99 -99 -99 -99 -99 -99 2.72850315538218 -99 2.28044612614993
-99 -99 -99 -99 -99 -99 -99 -99 -99 -99
-0.352184030709701 -99 0.944115455815741 -99 -99 -99 -99 -99 -99 -99
-99 -99 -99 -99 -99 -99 -99 0.770715570339223 -99 -99
1.74205521145998 -99 -1.81367977091622 -99 -99 -99 -0.609393432023342 -99 -99 -99
-99 -0.0929887160225791 -99 -0.520616466729284 -99 1.30673720459144 -99 -99 -99 1.63326843150924
-99 -99 -99 -99 -99 1.28169930258795 1.28359902466638 -99 2.02562002002736 -99
-99 -99 -99 -99 -99 -99 -99 -99 2.47841387347094 -99
2.4970001134928 -99 1.21649916272912 -99 -99 -99 -99 2.17361490852585 -99 -99
-99 -99 -99 -99 -99 -99 -99 1.08050017220788 -99 -99
1.54939010643299 -99 -99 -99 -99 -99 -99 1.79962983974983 -99 2.24858053983489
-99 -1.86107152612475 -99 -99 -99 -99 -99 -99 -99 -99
-99 -99 -99 -99 -1.07774942106984 -99 -99 -99 -99 -99
-99 -99 -99 1.01968958937932 -99 -99 -99 0.945446065246896 -99 -99
2.59478327632208 2.30484374065969 -99 -99 -99 -99 -99 -99 -99 -99
-99 -99 -99 -99 -99 -99 -99 0.355025262853878 2.06840621298824 -99
-99 -99 -99 -99 0.925273140781196 -1.29576963065566 0.100357018324372 -99 -99 0.0480092522185872
-99 -99 -0.57651274816497 -99 -99 1.68936798873022 -99 -99 -99 -99
2.50829573656641 -99 -99 -99 -99 -99 -99 2.41763728004165 -99 -99
0.237788563079175 -99 -99 -99 -99 -99 -99 0.514375439595624 0.888324986331433 -99
-99 -99 3.57203404311625 -99 -99 -99 -99 0.465011671234753 0.524487470951697 -99
-99 -99 0.834524967419413 2.20761836616659 0.429248429068949 -99 -99 -99 -99 -99
-99 -99 1.00996454888274 -1.63339779225959 -99 -99 -0.409109026944124 -99 -99 -99
2.08805108810602 -99 -99 -99 -99 -99 -99 -99 -99 -99
-99 0.436847595065982 0.29944143467064 1.72388725350638 -99 1.3110910769935 -0.0728682343249838 -99 -99 0.434075243665647
-0.00581978387029558 -99 0.558881212827101 -99 -99 -99 -99 -99 -99 -99
-99 -99 -99 -99 -99 1.63156538428619 0.388029367650637 -99 -99 -99
-99 1.11687877166503 3.12280556682867 2.48344618523951 -99 0.00134695743371038 -99 2.27501810489371 -99 -99
-99 -99 -99 -99 -99 -99 -99 -99 -99 -99
2.44707823551129 -99 -99 2.72345577729036 -99 -99 -99 -99 -99 -99
-0.444449773608812 -99 0.383793620191532 -99 -99 -99 -99 -99 -99 -99
0.320967637886237 -99 -99 -99 -0.806264961953612 -99 -99 -1.88843233713965 -99 -99
-99 -99 -99 -99 -99 -99 -99 -99 -99 -99
-99 -99 -99 -99 -99 -99 -99 -99 -0.697655436292696 -99
-99 0.488108293965895 -99 -99 -99 -99 -99 -99 -99 -99
0.735369700959992 -99 -0.948197283345904 1.58881535319234 -99 2.76592968752015 1.57756481437551 -99 -99 -99
0.988421661372348 -99 1.33282764462526 -99 -99 -99 -99 2.82276500923278 -99 -99
-0.249359886565136 -1.06714749519656 -2.18741951678147 -99 -99 -99 -99 -99 0.208623365419134 0.647930013873346
0.30457012755951 -99 -99 -99 -99 1.43833893896755 -99 -99 -99 1.55728229411113
-99 2.01916767123925 -99 0.830183622199806 -99 2.34245373831463 2.01224101743247 -99 -99 -99
-99 -99 -99 -99 -99 -0.0847037836063911 -99 -99 -99 -99
-99 -99 -99 -99 -99 2.60510605561996 4.23236250182413 -99 -99 -99
3.69661690961468 -99 -99 1.84142287929839 3.12272576176172 -99 3.01401703616934 -99 -99 -99
-99 -99 -99 -99 2.31885421119016 -99 0.265023316978217 -99 -0.866905181339151 2.66290130651472
-1.0102833083005 -99 -99 1.83459768907928 -99 -99 -99 -99 -99 -99
-99 -99 -99 -99 1.95252090516906 -99 -99 -99 -99 -99
-99 -99 -99 -99 -99 -99 -99 -99 -99 -99
-0.908195184845445 -0.192697301949492 -99 -99 -99 -99 1.92437520626947 -99 -99 -99
0.491717643576015 -99 -99 -99 -99 2.12497897581998 -99 -99 -99 -99
-99 1.04252821139526 -99 -99 1.41944527137697 -0.165155159458309 2.33702129250043 -99 -99 -99
-99 -99 -99 -99 3.10346827050651 -99 -99 2.86434612905014 -99 -99
-99 -99 -99 3.06431996451017 -0.247650497256522 3.10486511173365 -99 3.25554656282341 3.00875466026985 -99
-1.11197198186979 -99 -99 -99 -99 -99 -99 -99 0.28499708068943 -99
-99 -99 -99 -99 -99 -99 -99 -99 -99 -99
-99 -99 -99 -99 -99 -99 -99 -99 -99 -99
2.19432737433531 -99 -99 0.381543906399013 -99 -99 -99 -99 -99 1.82858638082364
-99 -99 -99 -99 0.510387208038416 3.74586982028132 -99 -99 -99 -99
-99 -99 -99 -99 0.706268055228947 -99 -99 -99 -99 1.25087485651303
1.12355740047126 -99 0.898148889787309 -99 -99 -99 -99 -99 -99 -99
-99 0.489907749089386 -99 -0.758614312162214 -99 -99 -99 -99 -99 -99
-99 -0.560684763817783 -99 -99 0.825167541761303 1.05596943827744 -0.179907996779917 -99 -99 -99
-99 -99 1.81981799913812 -99 -99 2.91970434437943 0.678924321124944 1.36673274736892 -99 -99
-99 -99 -0.864975378933022 -99 -2.3978117766466 -99 -99 -99 -99 -99
-99 -99 -99 -99 -99 -99 2.9827367813983 -99 -99 -99
0.630219542785777 -99 -99 -0.211035095830724 -99 -0.606379757552759 -99 -99 -99 -99
3.69187805327515 -99 3.09130178507643 -99 -99 -99 -99 -99 -99 -99
-99 -99 -99 -99 1.4147760227533 -99 -99 1.78443416095024 1.07909527394572 -99
-99 -99 -99 -99 -99 -99 -99 -99 -99 -99
-99 0.681564782752616 1.30776428592523 -99 -99 -99 -99 -99 -99 -99
-99 1.96081204958418 -1.19525289415543 -99 -99 -99 1.16859090446393 -99 -99 -99
-99 -99 1.03106814738524 -99 -99 2.59938755394366 -99 -99 -99 -99
-1.08073831998354 -1.32097304362856 -99 0.268440332580446 -99 -99 0.248774672131632 -99 -99 -99
-99 -99 2.30291498129768 -99 2.94515277441303 0.441146532932709 -99 -99 1.93603770896264 -99
0.937245259683213 -99 1.28316096337766 -99 -99 0.267750735001352 -99 -99 -99 -99
2.3766169385547 2.32242830910198 -99 -99 -99 -99 2.49966299881226 -99 2.88844464018584 2.83140823176965
-99 2.26569960552528 -99 -99 -0.284584833214869 -99 -99 -99 -99 1.67828728078127
-99 -99 1.79272510379213 -99 -99 -99 -99 0.87063738056779 -99 -99
0.0826797516742908 -99 1.85347584250747 -99 -99 -99 0.416077498412966 1.85391217795757 2.92336279532651 -99
-99 2.1530051088972 2.05358144724127 -99 -99 2.27556161135499 -99 -0.318043712367069 -99 -99
-99 -99 2.83703827581714 -99 -99 -99 -99 -99 -99 -99
-99 -99 -99 -99 4.4053885902555 4.45813939232332 3.1617990937824 -99 -99 -99
-99 -99 -99 -99 -99 -99 -99 1.55016088910219 -99 3.15404661025048
-99 -99 -99 0.270951691112059 -99 -0.597516416111062 -99 -99 -99 -99
-99 -99 -99 -99 -0.995358005142545 -0.0461774389749932 -99 -99 -99 0.334077170266437
-0.156019099322802 0.986099322294772 -99 3.47140554894801 -99 0.0202820454553165 -0.818918705564026 1.45829234948027 2.02735152072874 -99
-99 1.0491274909371 -99 -99 -99 -99 0.164863853791058 -99 -0.328319691705791 -99
-99 -99 -99 -99 -99 -0.502271996474256 -99 -99 -99 -0.183748895073221
-99 -99 0.51577145693565 -1.21408109841656 -99 -99 -99 -99 -99 0.563976342160793
-99 -99 -99 -99 -99 -99 -99 -99 1.05558125455902 -99
-99 -99 -99 -99 -99 -99 -99 -99 -99 3.08596258348072
3.5452571147558 2.7672017090519 -99 -99 -99 -99 1.08439838444483 -99 2.43904258582647 -99
-99 -99 -99 -99 -99 -99 -99 3.14104832739302 -99 3.13609610639699
-99 -99 -99 -99 1.67259861331009 -99 -99 -99 -99 -99
-99 0.382478759988869 2.64214348494515 -99 -99 1.97337551096721 -99 1.27559154601112 -99 1.88575554250482
-99 -99 -99 -99 -99 -99 -99 -99 -99 2.28028238441246
1.5225587591733 -99 -99 0.291692875789044 2.01864455624613 -99 -99 -99 0.0929991137663027 1.51483395227551
-99 -99 -99 1.38831073490574 -99 -99 0.0129577385528947 0.961900378168691 -99 -99
-99 -99 -99 -99 -99 3.06728492812096 -99 -99 -99 -99
-99 -99 -99 -99 -99 -99 -99 -99 1.89818727123913 -99
-99 2.32308288510317 2.37860977279237 -99 -99 -99 -99 -99 -99 -99
-99 -99 -99 -99 1.56216633551016 -99 -99 -99 -99 -99
-99 -99 -99 -99 -1.72447615332789 -99 -2.21249163838747 -0.00833207516551493 -1.94146579458932 -99
-99 -99 -99 -99 -99 -99 -0.659695533871132 -99 -99 -99
-99 -99 1.7360724280693 0.290662508068861 -99 -99 -99 1.49333176098021 -99 -99
-99 -99 1.67068593676387 1.04271637069769 -0.272630315083269 -99 -99 -0.399246838490912 -99 -99
0.743868715909519 -99 -99 -99 -99 -99 1.54476088140427 -99 -99 -99
-99 -99 -99 -99 1.39280834706171 -99 2.91602355056908 0.362373472882653 -99 1.51869209138827
-99 -99 -99 -99 -99 1.34202444297325 -99 -99 -99 -99
-99 -99 -99 -99 -99 -99 -99 -99 1.10271612879524 -99
-99 -0.0894631589112707 -99 -0.741789148308539 -99 -99 -1.86538182740265 -99 -99 -99
-99 -99 -99 -99 -0.851734231223613 -99 0.390782536547571 -99 -99 -1.73189599499931
-99 -2.26680611412373 -1.77315040372556 -99 -99 -99 -99 -1.8018868665771 -99 -99
-99 -99 -99 -99 -99 -99 2.87053322569966 -0.261435401116946 -99 -99
-99 -99 -99 -99 -99 -99 3.35064332356167 -99 -99 2.77832819145897
-99 0.974201715160139 -99 -99 1.18630338318357 -99 -99 -99 -99 -99
1.02584358347022 -99 -99 -99 0.0297950532655932 -99 -99 2.39432701309789 -99 -99
0.593427869121227 -99 -99 -99 -99 -99 -99 1.47345574670787 -99 -99
-99 -99 -99 -99 -99 -0.305435144174612 -99 -99 -99 0.0491580238687838
-99 -99 -99 -99 -99 -99 -0.851604430506714 -99 -99 -2.29144613492232
-99 -99 1.93328245155837 -99 -99 -99 1.0082759893069 -99 2.7100074101794 -99
1.74786433077216 0.968099327369218 2.25865150841052 -99 -99 1.12560497495445 1.48882775635257 -99 3.22062255203065 -99
-99 -99 -99 -99 -99 -99 0.291832274293792 -99 -99 -99
-99 -0.370431312251009 -99 -99 -99 -99 -99 -99 -1.47415511853056 -99
-99 -1.0137272176949 -99 -99 -99 -99 -99 -99 -99 -99
-99 -99 -99 0.346386707367317 -99 -99 -99 -99 -99 0.775583611547773
2.59611139377063 1.92878346851683 3.25197273164424 -99 -99 -99 -99 0.125304046728794 -99 -99
-1.93280839893447 1.44345808650904 -99 -99 0.903993357383067 -0.0579434478210814 -99 0.170598212829128 -1.99510967510707 -99
-99 0.53739213748937 -99 -99 1.55141535953469 0.452711980492273 2.19597518529032 -99 -99 -99
-99 -99 -99 -99 -99 -99 0.988228502836628 0.359424263093049 -99 -99
3.17554353818246 3.72510005290484 -99 -99 -99 -99 -99 -99 -99 -99
1.30701401865364 -99 -99 -99 1.10941656289607 2.07538854765423 0.559059715520403 1.98873655156411 2.14888436272798 0.25244963811313
1.86026358401834 -99 -99 1.97839493801852 -99 -99 -99 -99 -99 -99
-99 2.14002492778984 2.43991751997937 -99 -99 -99 -99 -99 1.67218065799559 0.351810856976178
-99 -99 -99 -99 -99 -99 -99 -99 3.08649007411301 -99
-99 -99 -99 -99 -99 0.910563184612204 -99 1.03086333205148 2.47498047135181 -99
0.0657973844754551 1.93213468716113 -99 0.927269656511195 1.87908142085059 -99 -99 -99 0.928730358206992 -99
-99 -99 -99 -99 -99 -99 -99 -99 -99 2.46616120536075
-99 -0.62943332544224 -99 -99 -99 -99 -0.167193915265551 1.77445797960316 -99 -99
-99 -99 0.732288268541142 -99 -99 -99 2.31142987450144 -99 -99 0.881614304072978
-99 -99 -99 -99 -99 -99 -99 -99 2.01379798305297 -99
-99 -99 -99 -99 -99 -99 0.975289431776311 -99 1.00576709189887 -99
2.09635433509464 1.18197809436877 -99 -99 -99 1.75965676932576 -99 -99 -99 -99
-99 -99 1.87694876455331 -99 -2.51120759125062 -99 -99 -99 -99 -99
-99 -99 -99 -99 -99 -99 -99 -99 1.45067322606995 -99
-99 -99 -0.312145221514589 -99 -99 -99 -99 -99 -99 1.08140484818314
-99 -99 -99 -99 -99 -99 -99 -99 -99 -99
-99 -99 -99 -99 -99 -99 -99 -99 -99 0.969170065131
-99 -99 1.16537835843301 -99 -99 2.41303793688607 -99 -99 -99 -99
-99 2.90093047552778 -99 -99 -99 -99 -99 -99 -99 -99
-99 -99 -99 -99 -99 -99 -99 -0.703202990400644 -99 -99
-99 2.8054444663758 1.86442577258882 -99 -99 -99 -99 2.76099878536755 -99 1.86944651624966
-99 -0.0901428074730042 -99 -99 -99 0.52485004925111 -0.445099369063666 -99 -99 -99
-99 -99 -99 1.15584215726798 -99 -99 -99 -99 -99 0.905310299929407
-99 -99 0.448952535598868 1.14008371275641 0.88963447275922 -99 -99 -99 -99 0.536895639714744
-99 -99 -99 -99 -99 5.21669759861738 -99 2.06340562945221 4.26809296112552 -99
-99 -99 -99 -99 -99 -99 -99 -99 -99 -99
-99 0.562825858823071 -99 -99 -99 -99 -99 0.588218081833259 -99 -99
-99 -99 -99 0.754877877506698 -99 -99 -0.210212192312365 1.89411085459831 -99 -99
0.126386490330325 -99 -99 -99 -99 -99 -99 -99 -99 -99
-99 -0.107955256475516 -99 -99 -99 -99 0.101273527945988 -99 -0.516892539681909 -99
-99 -99 -99 -99 -0.0852387514722728 -0.780141740790285 -0.570950553992308 -99 0.591141616441991 -99
-99 -99 -99 -99 -99 -99 -99 -99 -99 -99
-99 -99 -99 -99 -99 2.03083926449248 1.94715187725091 2.93960321875373 -99 2.16289883683447
-99 -1.08736738287415 1.29830659097514 -1.10119272163385 -99 -99 -99 -99 -99 -99
-99 -99 -99 0.471237582557126 -99 -99 -99 2.57382471002807 -99 -99
1.44520486479208 -99 -99 -99 -99 2.5251581211224 -99 -99 2.89427098577727 -99
1.70096254573476 -99 -99 -99 -99 -99 -99 -99 -99 -99
-99 -99 -99 -99 -99 -99 -99 -99 -99 -99
-99 -99 -99 -0.334401622998081 0.233445174651324 -99 -99 0.72127370204877 -99 -99
-99 -99 -99 -99 3.23040786377754 -99 -99 -99 -99 -99
-99 0.0560844266163704 -0.487799601392075 -99 0.839355623156705 -99 -99 -99 -99 -99
-99 0.619068119749919 -99 -99 -99 -99 0.615733929215372 -99 -99 -99
-99 -99 -99 -99 -99 -99 -99 0.605340700816598 -99 -99
1.73751047475759 0.819593370949605 -99 -99 -99 -99 -99 -99 -99 -99
-99 -99 -99 -99 -99 0.826116817784179 -99 -99 2.25765650484551 -0.742839894514702
-99 -99 -99 -99 2.54536079790731 -99 -99 -99 -99 -99
-99 2.82785171582059 1.42096495659313 1.88911808530359 2.36844464291024 -99 -99 3.42046561855149 4.36986445982965 -99
-99 0.932464775173207 -99 -99 -99 -99 -99 -99 -99 -99
-99 -99 -99 -99 1.67006638572344 -99 -99 -99 -99 -99
2.11845279639261 -99 -99 3.09084058489591 -99 -99 -99 -99 -99 -99
-99 -99 -99 -99 -99 -99 -99 2.58842130786521 -99 -99
-99 -99 -99 -99 3.87669686664626 -99 -99 -99 -99 -99
1.17514963501438 -99 -99 1.74123445415023 -99 -99 2.28507929612941 -99 -99 -99
-99 -99 -99 -99 -1.55199754558042 1.52801064722385 -99 -99 -99 -99
-99 -99 -99 -99 -99 -99 1.19919061517942 -99 -99 1.08849103353815
-99 -99 0.329785433565517 1.23725774015437 -99 0.631471448924896 0.920424812180299 -99 -99 -99
-0.664547379883006 -99 -99 -99 -99 -99 -99 -99 1.7656463003661 -99
-99 -99 -99 2.14156908142724 -99 -99 -99 -99 -99 -99
-99 1.32674777194771 -99 -99 -99 -99 -99 -99 0.472302910311983 -99
-99 -99 1.16469174054011 -99 -99 -99 -99 -99 -99 1.58676775540143
-99 2.38717302992985 0.357047245022135 -1.00791010401767 -99 1.15535603519655 -99 -99 1.60687888648847 -99
-99 -99 -99 1.14781490944767 -0.000502265113921707 0.936102771708348 -99 -99 -99 -99
-99 -99 -99 3.25866662966073 -99 -99 -99 -99 -99 -99
-99 -99 1.35057560612224 -99 -99 -99 -99 -99 -99 -0.244822427841425
-99 -99 -99 -99 -99 -99 1.19454156538531 -99 -99 -99
-99 -99 -1.23473866626621 1.34269041207627 -99 -99 1.44330031941052 -99 -99 2.1394410660359
1.48435690785303 0.768918559539852 0.679602926987311 -99 1.40605225586472 2.67669405834149 2.04813796519461 -99 -99 -99
2.33177242365533 2.15482583174259 3.41179299926839 -99 -99 3.33215521390537 -99 -99 -99 -99
-99 -1.71304199019828 0.885044730872744 -99 2.62796299980853 -99 -99 -99 -99 -99
-99 -99 -99 -99 -99 -99 -99 -99 -99 -99
-0.108027012683662 0.790930685309592 -99 1.7141266765396 -99 -99 1.202364110566 -99 -99 -99
-99 -99 -99 -99 -99 -99 -0.319246832021994 -0.0626910002149987 -99 -99
-0.704961189429389 -99 -99 -99 -99 -99 -99 -99 -99 -99
-0.257430910116023 -99 1.15329087397931 -99 -99 -99 -99 0.290637333239776 2.53766963502837 -99
1.77018775931287 -99 -99 -99 -99 -99 -99 -99 -99 -99
-99 -99 -99 3.50912239477787 -99 2.48990025138712 5.103825806949 -99 -99 -99
0.644083664694692 -99 -99 -99 -99 -0.45075468381118 -99 -99 -99 1.22597180025939
-99 -99 -99 -99 -99 -99 1.19461496752235 -99 -99 -99
-99 -99 0.612260315643049 -99 -99 -99 0.372735287285646 -99 -99 -99
0.594439113748186 -99 -99 -99 -99 -99 -99 -99 0.893336003822747 -99
1.47146370903927 2.9327779766342 -99 -99 -99 0.579281193447175 -99 -99 1.85260750889545 4.00714770339691
-99 0.308378733073605 -99 -99 -99 -1.21996140967327 -99 -99 1.39595714824825 -99
-99 0.316335112364243 -99 -99 -99 -99 -99 -99 0.197600038937298 -99
-99 -99 -99 2.30731844797689 -99 -0.381967259463691 0.54605146284333 -99 -99 -99
-99 3.0519433091273 -99 -99 4.1966607653016 -99 -99 -99 -99 -99
2.95343624111656 -99 -99 -99 -0.24354750195225 -99 0.206057575726584 -99 -99 0.717992597192542
-99 -99 2.23738163872816 -99 -99 -99 -99 -99 1.76883429907321 1.42790072700613
-99 1.22417358857448 -99 -99 -99 -99 -99 0.156129424156757 -99 -99
-99 -99 -99 -0.598976234357987 -99 -2.19722310684479 -99 -99 -99 0.672093397193902
0.352916389949355 0.464308432034529 -99 1.93725790095345 -99 -99 -99 -99 0.977990117897105 -99
-99 -99 1.15439363417282 -99 -99 -99 -99 -99 -99 -99
-99 -99 -99 1.10400630615706 -1.03110548821557 -99 -99 -99 0.43104924186196 -99
-99 -0.133038730810308 -99 -0.302616818870209 -0.884441594519044 -99 -99 -99 -1.024887534282 -99
-99 0.973916870717121 -0.601700790889904 -99 -99 -99 -99 -99 -99 1.43939199521861
-99 -99 -99 -99 -99 -99 -99 -99 -99 -99
0.972624472043661 -99 -99 0.85473250909186 -99 0.700322573954134 -99 -99 -99 -0.445533417934874
3.83156027211247 -99 -99 -99 2.31277642593523 -99 -99 -99 -99 -99
2.07725772142349 -99 -99 0.973589160772697 0.534173670518147 -99 -99 -99 -99 -99
-99 0.0748935578462211 -2.43604031916711 0.352320104952987 -1.01618925302477 -99 0.187301834477167 -99 -99 -0.132943610555924
-99 1.0947138184547 -1.3998059156738 -99 -99 2.28077817955481 -99 1.9293141300115 0.288265182494688 -99
-99 -99 1.83908667334095 -99 -99 -99 -99 -99 -99 1.60499884816061
-99 -99 -99 0.153158522342538 1.44846604972451 -99 -99 -99 -99 -99
-99 -99 -99 -0.0746809324881963 -99 1.03331413281422 -99 -99 -99 -99
-99 -99 -99 2.02738819369427 -99 -99 -99 -99 -99 -99
-99 0.414284596207555 -99 -99 -99 -99 -99 1.66724121920676 -99 -99
-99 -99 -99 -99 -99 1.46216210341833 -99 -99 -99 -99
0.643671136864624 1.89749211664066 -99 -99 -99 -99 -99 0.812904818493209 3.49904971082744 -99
-99 -99 -99 -99 -99 -99 -1.25245572556027 0.495033213470756 -99 -99
-99 -99 -99 -99 -99 -99 -99 -99 -0.152979395741066 -99
-99 2.08443317170975 -99 -99 -99 -99 -99 1.573147372544 -99 -99
-99 -99 -99 -99 -99 -99 -99 -99 -99 -99
-99 -99 -99 -99 -99 -99 -99 2.62126171645233 -99 -99
-99 -99 -99 -99 -0.924287995281709 -99 -99 -99 -99 -0.894163797989332
-99 -99 -99 -99 0.128937678296384 -99 -99 -99 -99 -99
-99 -99 -99 0.456192474014182 -99 -2.65299575015521 -99 -99 -99 -99
-99 -99 0.406777604121834 0.801694981511116 -99 -99 -99 2.14528879454415 0.338042204601281 -99
-99 -99 -99 -99 -99 -99 -99 -99 -99 1.35879535778819
-99 -99 0.58989054111303 -99 -99 -99 -0.0505419616261444 -99 -99 -0.00175970389747215
-99 -0.78393363459838 -99 -99 -99 -99 -99 -99 1.51413214167522 -99
-99 -99 -99 -99 -99 -99 2.25168984064433 -99 -99 -99
-99 -99 -99 -99 -99 2.35794371618667 1.25199024168961 1.23494819299965 -99 -99
-99 -99 -99 -99 -99 -99 -99 -99 -99 -99
-99 -99 -99 -99 -99 -99 -0.227606290397005 -99 -99 -99
-99 -99 -99 -99 -99 -99 -99 -99 -99 -99
1.45201973027207 -99 -99 1.9008913291379 -99 -99 -99 1.50720364170196 1.602062579331 -99
-0.691990775497288 -99 -99 1.73673258956014 0.29512972074808 -99 -99 -99 1.07094652701567 -99
2.1645220449324 -99 -99 -99 -99 -99 -99 1.4306468047091 0.615392199241301 1.44541878899589
0.217426833140165 0.0702293453440759 -99 -99 -99 -99 1.45028834119476 -99 1.87583642801482 -99
-99 0.26124102380086 -0.865643604400176 -99 -99 -99 -99 -99 -99 -99
-99 -99 -99 -99 2.2088289686947 -99 1.97545698980874 -99 3.87086339364552 3.9094720726926
1.38842598863444 -99 -99 -99 1.28335865676138 -99 -99 -99 -99 -99
-99 -99 -99 -99 -99 -99 -99 -99 -99 -99
-99 -99 -99 -99 2.16268010302535 -99 -99 -99 -99 -99
-99 -99 -99 3.19013107379768 3.33278363628341 -99 -99 -99 -99 -99
2.78381766274757 2.44916155989977 1.28954439095831 2.47208349935572 3.25257531117283 -99 -99 3.02384264566719 2.19765554175396 -99
-99 -99 -99 -99 -99 2.37136384643256 -99 -99 2.85169130862501 -99
-99 -1.34329212165631 -99 -99 -1.09093691329255 -99 -99 -99 -99 -99
-99 0.628096205781616 -0.343771043899983 -99 -99 -99 2.09395760534318 -99 -99 -99
0.664680492400512 -99 -0.0695671720026763 -0.197148986132326 -99 -99 -99 0.728299951288485 0.00554701757936371 -99
-99 1.62115656493742 1.5515319268301 -99 2.27667338096723 1.49383406110139 -99 -99 -99 -99
-99 -99 -99 -99 -99 -99 -99 -99 -99 -99
-99 1.13962330318786 -99 1.11508224701612 -99 -99 -99 -99 -99 -99
0.391648623517464 -99 -99 -99 -99 -2.22223293883635 -99 -99 -99 -99
-99 -99 -99 -99 -99 -99 -0.23882116356315 -99 2.47378351899362 0.782646856430559
-99 -0.790972519343882 -99 -99 1.52871929756439 -99 -99 -99 -99 -99
-99 1.55678932174576 1.47869203469387 -99 -99 -99 -99 -99 -99 -99
-99 -99 -99 1.10164578817648 -99 -99 -99 0.128051002174359 -99 -99
-99 -99 -99 -99 -99 -0.306780510839253 -99 0.680203979731014 -99 -99
-99 -99 -99 -99 -99 -99 1.07513586822636 -99 -0.318174352070552 -99
0.697910825622095 -99 -99 -99 -99 -99 -99 1.52530615950586 -99 -99
0.787285390401112 -99 -99 -99 -99 -99 -99 -99 3.44876323670471 -99
-99 -99 -99 -99 -99 -99 0.48656114631556 -99 1.32512300704549 -99
0.31602781803704 -99 -99 1.38697039004355 -99 -99 -99 1.05601698750104 -99 0.496160237392013
1.59573514393495 -99 -99 0.989050180730607 -99 -99 -99 -99 0.733324978919785 -99
2.58956636984252 2.44766552251038 -99 -99 -99 0.0451291279928538 -99 -99 1.7621069132154 -99
2.29097424231853 1.33268111327191 -99 -99 -99 -99 -99 -99 -99 1.38898985519456
1.69161210559974 -99 -99 -99 -0.397664738846114 -99 -99 -99 -0.0581377060111692 -99
-99 -99 -99 -99 -99 -99 3.02934992201894 -99 -99 -99
-99 -0.404757830941618 1.7621361760325 -0.349713064215544 -99 -99 -99 -99 -99 2.2030014079428
-99 -99 -99 -99 -99 -99 -99 -99 0.714278578362813 -99
-99 -99 -1.11069592994213 -99 -99 -99 -99 -99 -99 -2.14631359176341
3.89269370936374 -99 -99 -99 -99 -99 -99 -99 -99 3.96256294655375
-99 -99 -99 -99 -99 -99 -99 -99 -99 -99
-99 0.183885812779511 -99 -99 -99 -99 -0.226937822295916 -99 -99 -99
-99 0.519705008803379 -99 -99 -99 -99 1.35609101054163 0.778048751993228 -99 -99
-99 0.116739996487348 -99 -99 -99 -99 -99 -0.839474038048844 -0.148700418575303 -99
-99 -99 -99 -99 -99 -99 -0.0172627220381498 -99 -99 -2.79805280850199
0.810264491321917 -99 2.9642125776594 0.00485154122025644 0.711841271979503 -99 -99 -99 -99 -99
-99 -99 -99 -99 -99 0.14878686091876 -99 -99 -99 0.295200734679116
-99 -99 1.95965493823255 -99 -99 -99 0.20629231798777 1.84403558027986 -99 1.53818792853218
-99 -99 -99 -99 -99 -99 0.0420234357015509 -99 -99 -99
-99 -99 -99 -99 2.7351921384009 -99 -99 -99 3.99379863436365 -99
-99 -99 -0.35344445321888 -99 -0.710621612335157 -99 -99 -99 -99 -99
-99 -99 -99 -0.2896811076365 0.658957057988223 -99 0.631875506349525 -99 -99 -99
0.869956381809516 -99 1.1386474269897 -99 -99 1.21346750768447 -99 1.45792163228449 -99 0.295542242479369
-99 -99 -99 -99 -99 2.28727833015479 2.62960976883958 -99 -99 -99
-99 -0.66732987717082 -99 -99 -99 1.81194076085684 -99 0.0945930793932188 -99 -99
-99 -99 1.67244741913304 -99 -99 -99 1.47835800952879 -99 -99 2.60119581581445
-99 -99 -99 0.984588363377266 -99 -99 -0.215210247961785 -99 -99 0.153130415171856
2.16964457393881 -99 1.05253056065213 -99 -99 2.44247356776285 -99 1.54801760549095 -99 -99
2.69087177430308 2.23863223301877 1.66555064029088 -99 -99 -99 -99 -99 -99 -99
-99 -99 -99 -99 1.61758514872656 -99 -99 -99 -99 -99
-99 -99 -99 0.69960400201084 -99 2.04771517085862 1.72776652508606 -99 -99 -99
-99 -99 -99 0.221846750947543 -99 -1.63580341922034 0.767519702597201 -99 -99 0.123644773628642
-99 -99 -99 -99 -99 1.06913885472437 -99 -2.27636245028944 -99 2.05775706529615
-99 -99 -1.63711277002252 0.0532229618659898 -0.988902524399243 0.817417565178044 -1.05563529731722 -99 -99 -99
-99 0.677151389891105 -99 -99 -99 -0.230146970114338 -99 -99 2.39547836654042 1.22653975172204
-99 -99 -99 -99 -99 -0.524629274121722 0.00766891432525163 1.58702711669189 -99 0.341370382585363
-99 -99 -99 -99 1.19438666218446 -99 -99 -99 -99 2.84538235310612
-99 -99 -99 -99 1.58103071451631 -99 -99 -99 -99 1.97876958575633
2.04855157908548 -99 -99 -99 -99 -99 -99 -99 -99 -99
-99 -99 -99 -99 -99 -99 -99 -99 -99 -99
-99 0.768425756476205 2.1029931296579 2.16196722978129 -99 3.26147129703804 -99 -99 -99 2.41003724650226
-99 -99 -99 -99 -99 -99 -99 -99 -99 -99
-99 -0.743808264594873 0.488376833384135 -99 0.457874784336985 -0.19977134068242 -99 -99 -99 -0.385535996951905
1.95962000092114 3.81301114261074 -99 -99 -99 0.408670066566319 -99 -99 -99 -99
-99 -99 0.861596402456902 -99 -99 0.547505025038516 -99 -99 -99 -0.474354391625726
-99 -99 -99 3.9139233073924 -99 -99 -99 -99 -99 -99
-99 -99 -99 -99 -99 -99 -99 -99 -99 -99
-99 1.56277902798929 -99 -99 -99 0.931353079386041 -99 -99 -99 -99
-99 -99 -99 0.0238928750264453 -99 -99 -99 0.0140674826584245 0.665958755407224 -99
-99 -99 -99 -99 -99 2.17310540854707 -99 -99 -99 2.56917176991788
-99 -99 2.23306243917066 2.51815842396984 -99 -99 4.25984200781945 -99 1.34634806598493 -99
-99 -99 -99 -99 0.601559303483791 -0.129924070217823 -99 1.1594973291736 0.673574864756645 0.77858996486013
-99 -99 -99 -99 1.40997430772657 -99 -99 -99 -99 0.481699331380688
-99 -99 1.64572171266746 -0.747901565029319 2.00215805674279 -99 -99 -99 -99 -99
-99 1.63074373216673 -99 -99 -99 -99 -99 -99 -99 -99
-99 -99 -99 -99 -99 -99 -99 -99 -99 -99
2.92785908917224 -99 -99 -99 -99 -99 3.28782835985239 -99 -99 -99
-99 -99 -99 -0.905263780382814 -99 1.70941897600539 -99 -99 -99 -99
-99 -99 -99 -99 -99 -99 -99 -99 -99 -99
-99 -99 -99 -99 1.43677876138262 -99 -99 -99 -0.738404791232732 -99
-99 -99 -99 -99 -99 -99 -99 -99 3.29261439910163 -99
-99 -99 -99 -99 1.12640975702203 -99 3.47303563436701 -99 -99 -99
3.03364507894026 -99 -99 -99 -99 4.56606819273895 -99 -99 3.00845462334447 -99
-99 -99 -99 -99 -99 -99 2.68741750607574 -99 -99 -99
1.97095049934007 -99 -99 -99 -99 -99 -99 -99 -99 0.0177897487312451
2.55525856021675 1.14608645981369 -99 1.57795816884813 -99 1.46013934335774 1.41515918763684 1.5633304078717 -99 -99
-0.00840424446567423 -2.65978517857616 -99 -2.48992680524102 -99 -99 -99 -99 -99 0.630639755994458
-99 -99 -99 -99 -99 -99 -99 2.03623654100903 1.72511986565302 -99
-99 -99 -99 -99 -99 -99 -99 -99 -99 -99
-99 -99 2.72582480781632 -99 2.33554933377733 -99 -99 2.27246580331686 1.36612860052303 -99
1.54704132034807 -99 -99 -99 -99 2.46729933242643 -99 -99 -99 -99
-99 -99 -99 -99 1.16497594290297 -99 -99 -99 -99 0.0267205534705136
-99 -99 -99 -0.171274745862493 -0.633630496275752 -99 0.656674275941024 -99 -99 -99
-99 -99 -99 -99 -99 -99 -99 0.889463155635456 -99 -99
-0.139309273883358 -99 -99 -99 -99 1.24351485157419 -99 -99 -99 -99
0.0804805791808535 1.97010643751243 -99 -99 -99 -99 -99 1.48885340456175 1.44070172043336 2.16417717419529
0.0595602188235599 -99 -99 -99 1.03330176298854 1.6213015911359 2.1941422562297 -99 -99 -99
-99 -99 -99 -99 2.73081606754747 -99 -99 -99 -99 -99
-99 -99 2.1482464834668 -99 0.671073429945225 -99 -99 -99 -99 2.32458768851824
-99 1.02534173560356 1.11977473959743 -99 -99 -99 -99 -99 -99 3.31862684369636
-99 1.02027901174803 -1.65377284421886 -99 -0.201711662139376 1.67429833848952 -99 -99 -99 -99
-99 -99 3.92640652927794 -99 1.06377996102366 -99 -99 -99 1.02878866031298 0.763908890085232
-99 2.64744995120937 -99 -99 -99 1.25588011920882 -99 3.13132149837841 -99 -99
4.00761710260812 -99 2.028231666609 2.31735060778671 -99 -99 -99 -99 -99 -99
2.15605764850157 1.47133652423573 -99 0.33729834909518 -99 2.10030030768573 -99 -99 -99 -99
-99 1.6100652009222 -99 -99 -99 -99 -99 -99 -99 -99
-99 -0.423739169697851 -99 -99 -99 -99 -99 -99 -99 -99
-99 -99 -99 -1.65028639313164 -99 -99 -0.225533744672759 -99 -99 -99
-99 -99 -99 -99 -99 2.58941211740482 -99 -99 -99 -99
-99 -99 -99 0.828586681934019 -99 -99 -99 2.11515950760203 -99 -99
-99 -99 -99 -99 -99 -1.04175649373063 -99 -99 -99 1.26511532452796
-99 -99 -99 -99 -99 -0.471372629761135 -99 0.553943341182722 -99 -99
-99 0.256475771043134 -99 0.793730263440262 -99 -99 -99 -99 -99 -99
-99 -0.896455797103625 -99 -99 -0.0698145237389365 0.671122163537632 -99 -99 -99 -99
-0.34511225714638 -99 -99 3.23301691774249 -99 -99 -99 -99 -99 -99
-99 1.31386135031157 1.468437603727 1.84524655339849 -99 -99 2.96199751999117 -99 -99 -99
-99 -99 -99 1.06249297027083 -0.0393042708560054 1.15848663348576 1.10448804780194 -99 -99 2.5434855917183
-99 -99 -99 -99 -99 -99 -99 -99 -99 -99
1.21628478237184 -99 -99 -99 -99 0.621332490869354 -99 -99 -99 -99
-99 1.07196864537714 -99 0.364659043705222 -99 -99 -99 -99 -99 2.28149675243476
-99 -99 1.59470929375018 -99 -99 -99 -99 -99 -99 -99
-99 -99 -2.17515820392049 -99 -99 -99 -99 -2.45373838484896 -99 -99
-99 -99 -99 -99 0.360505742778798 -99 -99 0.376744505888367 -99 -99
-99 -99 -99 -99 1.23336368218684 -99 -99 1.5766949910042 2.05727030909553 -99
-99 -99 -99 -99 0.744467898990058 -99 -99 2.43120859868556 -99 1.04806515488663
-99 -99 1.30931119613732 0.0852288515499542 -99 -0.278377257983582 -1.82176311924342 -99 -99 -99
-99 -0.54293975426872 -99 -99 -99 -99 1.19398748550029 -99 0.465310548111053 -99
-99 -99 -99 -99 -99 -99 1.85253238582001 -99 -99 -99
0.245879012640416 1.30890608584511 1.96705647440417 -99 -99 -99 1.26809861261669 -99 -99 -99
-99 1.41440545755118 -99 -99 -0.16924554080721 -99 -1.57531985360996 -99 -99 -99
4.07055890677508 -99 2.53740127896015 1.90390255786996 1.59207103294455 -99 2.28556362844498 -99 -99 2.40068164815017
2.30263551024765 1.02313588973097 -99 -99 -1.34423674823456 -99 -99 0.561860652679088 -99 -99
-99 -99 -99 0.356203285311684 -99 -99 -99 -99 -99 -99
2.22742566645158 -99 1.97543044116349 -99 -99 -99 1.0978313503805 -99 -99 -99
-99 -99 -99 1.52329881387578 -99 -99 -99 1.679854615358 -99 -99
-99 0.290966412646441 -99 -99 -99 -99 -99 -99 -99 -99
-2.42922007889407 -99 -99 -99 -99 0.254020485051835 -0.607949298169799 -99 -99 -99
-99 -99 -99 -99 -99 2.49353368773336 0.185337766501695 2.64630623326561 -99 -99
-99 2.51547988670848 1.73527655157195 -99 -99 -99 -99 1.07614142149448 -99 -99
-99 -99 -99 -99 -99 -99 1.03057620901552 1.42271987652225 0.858719995195667 -99
-99 -99 1.28251943292759 -99 -99 0.554932509073927 -99 -99 0.905296717635156 -99
-99 -99 -99 -99 -99 -99 -99 -99 1.58951227981282 0.723045083980103
-99 1.76116372904557 -99 -99 -99 1.74827970854961 -99 -99 2.75329829538635 -99
1.72597594445785 -99 -99 -99 2.22784733190159 -99 -99 -99 -99 1.0370476171866
1.53613434858181 -99 2.22540975696734 -0.167612551508781 -99 -99 -99 1.70073862909871 3.24519445884303 -99
-1.72414376477284 0.140818842786064 -99 1.27175116453358 -99 -99 -99 -99 -99 -99
-99 1.62601630821884 -99 -99 -99 -99 -99 -99 -99 -99
-99 -99 2.85309271981109 -0.107892859097722 -99 1.5701899674678 -99 -0.109079350550918 1.12278555761547 -99
-99 -99 -0.434014140939825 -99 -99 -0.198927343040546 -99 -99 -99 -99
2.06243496529095 0.728033977573272 -99 -99 -99 -99 -1.24474388731033 0.543787802628911 -99 1.15090333008079
-99 -99 -99 -0.459570339958207 -99 -99 1.59086896345756 -99 -99 -99
-99 -99 4.43229764060961 -99 -99 -99 -99 -99 1.08811362223142 -99
-99 -99 -99 -99 -99 -99 -99 -99 -99 -99
-99 -99 -99 -99 -99 1.58907488310408 -99 -99 -99 1.58080301919833
0.193031562983714 0.0899286983195278 -0.758808205461308 -99 -99 -99 -99 -99 -99 -99
1.010214074265 -99 1.61887259567952 -99 -99 -99 -99 1.78884334859738 2.67528715066446 -99
-99 -99 -1.89455300894021 -0.144720094266258 -99 -1.421348457024 -99 -99 -99 -99
-99 -99 -99 -99 -99 1.74784429395647 1.67377020469352 2.55119623201736 1.22702047209761 -99
-99 -99 -99 -99 -99 -99 -99 -99 -99 4.13710488012212
0.441318242173095 2.62321617128483 0.141005465493274 -99 0.935704303528984 -99 1.50962644381333 -99 -99 -99
-99 -99 0.881843659304624 -99 -99 -99 -99 -0.594556378935496 -99 -99
-99 0.243093191995856 0.889713703767756 -99 -99 -99 1.03900249240175 -99 -99 -99
-1.12557856712288 -99 -99 0.544597241189069 -99 0.957120858335942 -99 -99 -99 -1.1059590007431
-99 -99 -99 -0.479435332520337 -99 -99 -99 -99 -1.16882269722771 -99
-99 1.61788032079576 -99 2.61962387696134 -99 0.886830180686171 1.46761824394769 -0.452522291793372 0.370950693852808 0.599604198342929
2.68856431670263 -99 1.70446223197438 -99 -99 -99 -99 2.72121066417603 2.1610529901339 2.09898522637455
-99 -99 2.82854092047041 -99 1.82339731260276 -99 -99 3.41481866596745 -99 3.51950665033085
0.375465184902365 -99 -99 -99 -99 -99 -99 1.38413807180699 -99 -99
-0.646843669564659 -99 -99 -99 -99 -99 -99 -99 -99 -99
-99 -99 -99 -99 -99 0.0134794358039211 2.42900029052573 1.82565847323121 -99 -99
-0.372958414817805 1.71878695662699 -99 -99 -99 -99 -99 0.274564027366063 0.777538617291684 -99
-99 -99 -99 -99 0.524835300611628 -99 -99 -99 -99 -99
-99 -99 -99 -99 2.81618518875529 -99 -99 -99 -99 -99
-99 -99 -99 1.03699710682999 -99 -99 -99 -99 -99 -99
-99 -99 -99 -99 3.10260886317214 -99 -99 -99 1.64459510892566 1.24176527011356
-99 -99 -99 -99 -99 -99 -99 -99 -99 -99
1.70780489102411 -99 -99 -99 -99 -99 -99 -99 -0.509990773950214 -99
-99 -99 -99 -99 -99 -99 -99 -0.950482796484333 0.992403226429543 1.76987294632021
0.658412245404746 -99 -99 -99 -99 -99 -1.72109982973749 -99 -99 -99
-99 -99 -0.0261633009146267 -99 -99 -99 -99 -99 -99 -1.40235511804544
-99 2.32328691039597 -99 1.0822513816836 -99 -99 -99 -99 -99 -99
-99 -99 -99 -99 -99 1.65396687871192 -99 0.519473522109088 -99 -99
-99 -0.432460580649041 -99 -99 -99 -99 -99 -1.14626826459699 1.80431829990428 -99
-99 -99 2.16109575970223 -99 -99 -99 -99 -99 -99 -99
1.73085077143171 -0.260419766046611 -99 -99 -99 -99 -99 -99 -99 -99
-99 -99 0.51806832957098 1.0857022121245 0.0970926598906533 -1.68764775925755 -99 -99 0.436451633372147 -99
-99 -99 -99 3.66877133109761 -99 -99 -99 3.47975004069014 -99 -99
-99 1.96910718457918 -99 -99 -99 4.57390067073132 -99 -99 -99 2.50245255067081
-99 1.56350497290043 -99 2.12616064413587 -99 -99 2.73332673103211 -99 -99 -99
-99 -99 -99 -99 -99 -99 -99 3.27827622251312 -99 0.781256228574358
0.510178065243384 -99 -99 -1.24614905348752 -99 -0.179369283786815 -99 -99 -99 -99
-99 -0.475824105199664 -0.256619349975089 -0.962993728514773 -99 -99 -99 -1.59150189237861 -99 -99
-0.276482720604917 -99 -99 -99 -0.302820064741313 0.344104185179252 -99 -0.86166153565721 -99 -99
0.356496769461095 -99 -99 -99 -99 -99 -99 -99 -99 -99
-99 -99 -99 1.17277942839031 -99 -99 -99 -99 -99 -99
-99 1.52793886506951 1.84045560161218 -99 -99 -99 -99 -99 -1.13791632177482 -99
-99 -99 -1.33012788075019 -99 -99 -99 -99 -99 -99 -1.94322862918946
-99 -99 -99 -99 -99 -99 -99 -99 -99 -99
0.0790560481234738 2.02606389596994 -99 -99 -99 -99 -99 -99 -99 -99
-99 -99 -99 -1.10897549255431 -99 -99 -99 -99 -99 -99
-99 0.396517783431099 0.279670738113001 -99 -99 -99 -99 -99 -99 -99
2.29931394960928 -99 1.74003832248753 -99 -99 -99 -99 -99 -99 -99
-99 -99 -1.58208857969394 -99 -99 -99 -99 -99 -99 -99
-0.66307837202315 -0.581006254962434 -99 -99 -99 -99 -99 -99 -99 -99
-99 -99 -0.983360706442754 -99 -99 1.54487070385299 -99 3.03561300621039 -99 1.23909434085707
2.65616878865177 2.6169910453437 -99 1.60892045886378 -99 -99 -99 1.02792891988477 -99 -99
-99 -99 -99 2.82139974652575 -99 0.839258603813557 2.76425248114462 -99 2.19150367725358 0.578440481540104
-99 -99 -99 -99 -99 0.468516229840262 -99 -99 -99 -99
3.25826160606238 -99 4.10259823152226 -99 -99 2.58153304894446 -99 1.70472140629596 -99 -99
-99 -99 -99 -99 3.40201036528854 2.7389187557825 -99 -99 -99 1.50912726120926
-99 1.05175089143123 -99 -99 -99 -99 -99 -99 -99 -99
