-99 -99 -99 -99 1.48186558357517 -99 -99 -99 -99 -99
-99 -99 -99 -99 -0.420073891729509 -99 -99 0.576649877080396 -99 -99
-99 2.7694538046846 -99 -99 -99 -99 -99 -99 2.49300065890883 -99
-99 -99 -99 -99 -0.764024248560478 -0.639902867157062 -99 -99 -99 -99
-99 -99 -99 -99 -99 -99 -99 -99 -99 -99
-99 1.96880309199719 -99 0.942441777831639 -99 -99 -99 0.990669521959782 -99 2.4688239592995
-99 1.379973604148 1.40140479147521 -99 -99 3.56575565262696 -99 -99 3.45679485844135 -99
0.184307319087475 -99 -99 -99 -99 -99 -99 1.59140830760727 -99 0.0331747053316708
-99 -99 -99 -99 -99 -99 -99 1.25619159192807 -99 -99
-99 -99 -99 -99 1.89861637148032 -99 1.0521904171117 -99 -99 -99
0.292872619321647 -0.475705428210103 2.05964570158478 -99 1.62397768049627 -99 -99 -1.40711881356405 2.1702973632043 -99
-0.0122321264182204 -0.744555851488089 -99 -99 -99 -99 -99 -99 -99 -99
-99 -99 -99 -99 -99 -99 -99 -99 -99 -99
-99 -0.0380069938405252 -99 -99 -99 0.857396697188306 2.54048073528568 0.547048716746224 -99 -99
-99 1.00253231365317 -99 -99 -1.70253362152877 -99 -99 0.221721894794655 0.726838141589887 -99
-99 -99 0.835700230401171 -99 -99 -99 -99 -99 2.46319466555402 -99
-99 -99 0.777176781341639 -99 -99 -99 -99 -99 -99 -99
-99 -99 -99 -0.442282306596845 -99 0.425003957880583 -99 -99 0.779546825046005 0.662763946238569
-99 -99 -0.0510677117063107 -99 -99 -99 -99 -99 -1.04755360987375 -99
-99 -99 -99 -99 0.310404657760074 3.10321381492075 -99 1.60540160849218 1.78900546609179 -99
-99 -99 -99 -99 -99 0.62672598900316 -99 -99 0.909252369269517 -99
-99 2.45148227484989 0.897658636245805 -99 -99 -99 -99 -99 -99 -99
2.69197354613938 -99 -99 1.53504797675346 -99 0.715160548565822 -99 -99 -99 -99
-99 -99 0.498644168133507 -99 -99 -99 -99 0.862016722562301 -99 -99
3.75459422393708 -99 -99 2.64137166869997 -99 -99 -99 3.0273759787868 -99 -99
1.3066538857597 -99 -99 -99 -99 -99 -99 -0.581022075309437 -99 -99
-99 -99 -99 -99 -99 -99 -99 -99 -99 -99
-99 -99 -99 -99 -99 -0.0871467368974375 -99 -99 2.78640059859422 -99
-99 -99 -99 -99 -99 -99 1.10322643251189 -99 -99 1.53688014401065
-99 -99 -99 -99 -99 -99 -99 -99 -99 -99
-99 -99 -99 -99 1.35416865737452 -99 -99 -0.299181777307673 1.11202071557155 -99
-99 1.200837912383 -99 -99 -99 -99 -99 -99 -99 -99
2.97967422533572 2.62139697112129 1.87825169238357 -99 -99 3.61686110649965 1.6584921526898 -99 2.42251911497057 -99
0.603484132673327 -99 -99 -99 -99 -99 2.42586229769874 -99 -99 -99
-99 -99 -99 -99 -99 -99 -0.898667911126916 1.89332753726279 0.849818672826409 -99
-99 -99 -0.505426016529782 -99 -0.419261741853406 -99 -99 0.849207973071838 -99 -99
-99 -99 -99 -99 -99 -99 4.47995281152562 -99 2.67172896330374 -99
0.999249255846144 -99 -99 0.474075393641915 -99 -1.88967212374365 -99 -99 -99 -1.69716300959735
-99 -99 -99 1.23492249153007 -99 -99 -99 -99 1.75696212580319 -99
-99 -99 -99 -99 -99 -99 -99 -99 1.67113125779921 -99
-99 -99 -99 -99 -99 -99 -99 -99 -99 -99
-99 -99 -99 -99 -99 -99 -99 -99 -99 -99
0.515101198278354 -99 -0.215008850090793 -99 0.529713658818536 1.96174764394036 -0.900557083950895 -99 -0.194638845457618 -99
2.39108289440723 -99 -99 -99 -99 -99 0.128943496525006 1.46897176438268 1.94522250842262 -99
-99 -99 -99 -99 -99 -99 -99 -99 -99 -99
-99 -99 -99 0.103420636545459 2.0161491731047 -99 1.35110955229058 0.737599965787719 1.89209288037152 -99
-99 -99 -99 -99 3.917186454417 -99 -99 -99 -99 2.2358287271962
-99 -0.00228480698023059 -99 -99 -99 -99 -99 -99 -99 -99
-99 -99 -99 -1.54885374484983 -99 1.36813008377888 1.14186758943095 -99 0.21753866057201 -99
-99 -0.106502805066133 -99 -99 -99 -1.99269422360505 -99 -99 1.37146230390862 -0.59842569137228
-99 -99 0.327033036426811 1.78161055428572 -99 -99 -99 -99 1.53024734977004 -99
-99 -99 3.43398722453029 -99 -99 3.49917266489411 -99 -99 1.63609640985699 1.94912895755955
-99 0.23470753426916 -99 -99 -99 -99 -99 -99 -99 -99
-99 -99 0.401064356358674 0.0108452030184916 -0.496326556035175 -99 -99 -99 -2.67486369817745 -99
-99 1.32292910400087 -99 -99 -99 3.15193984367465 -99 -99 0.943041405246495 -99
-99 1.64904569419195 0.761410304006268 -99 -99 -99 -99 -99 2.36891677659003 -99
4.13511081438028 -99 -99 -99 -99 -99 -99 3.99992888639186 -99 -99
-99 -99 -99 -99 -99 -99 -99 -99 -99 -99
-99 -99 -99 -99 -99 -99 -99 -99 4.05601216273863 -99
1.36649973204987 -99 0.115610906792729 1.17784222245748 -99 -99 -99 -99 -99 -99
-99 -99 2.60454351553321 -99 -99 -99 -99 1.14519611228836 -99 1.65143707991803
-99 -99 -99 -99 1.0326120983656 -99 -99 -99 -99 -99
-99 -99 -99 -99 -0.296060561316196 -99 -99 0.641841685812959 -99 -99
3.23909513304645 -99 1.95235254947115 -99 -99 1.27325548788073 -99 -99 2.48674605411903 -99
-99 -99 -99 1.68944944511146 -99 -99 -99 -99 0.984132677432069 2.02929885397541
-99 -99 -99 -99 -99 -99 1.18721446664526 -99 3.83894801237002 -99
-99 -99 -99 -99 -99 0.770386621601068 -99 -99 1.14720536582716 -99
-99 0.0807304553605847 -99 -99 0.781396057386164 -99 -99 -99 -99 -99
-99 1.78488480033915 -99 -99 -99 -99 -0.587612229801141 -99 -99 -99
-99 -0.109748962554012 -99 -99 -99 1.1409114173205 1.73183668493139 -99 -1.31332588212354 -99
0.187871227162598 1.13903536962326 0.878006701778593 -1.02069672195084 -99 1.24358496196999 -99 1.7383606511739 -99 -99
1.36677378802276 -99 -99 -99 -99 -99 -99 -99 0.927102142655062 -99
-99 1.83738605936318 1.97541992090802 1.47274239783143 -99 3.21473431643966 -99 -99 -99 -99
4.24357704184458 -99 -99 -99 -99 -99 -99 -99 -99 -99
-99 -99 -99 -99 -99 -99 -99 -99 1.43562137462993 -99
0.136323673500708 -99 -99 0.0856556830423996 -0.0983882710985668 -99 1.14072263877397 -99 -0.0162630899727867 -99
-99 -99 -99 -0.431166662636545 -99 -99 -1.41505815611947 -99 -1.5878205877321 -99
-99 -99 -99 -99 -99 -99 -99 -99 -99 -99
-99 -99 -99 -99 0.664248521188689 -99 -99 -99 3.29500946840749 0.728646209870754
-99 -99 -99 -99 -99 -99 -99 -0.476543591370083 -99 -99
-99 -99 -99 -99 0.967512494439833 -99 -99 -99 0.921499673193742 0.294765950527872
-99 -99 -99 -99 -99 -99 -99 -99 -99 -99
-99 -99 1.07590268663979 -99 -99 -99 1.18574539838092 0.981249995120274 -99 -99
-99 0.71140719928832 -99 0.473206972271255 -99 -99 -99 -99 -99 -99
-99 -99 2.25137009615409 -99 -99 3.14589777782986 -99 -99 0.742603684657509 -99
-99 -2.64408329976073 -99 -99 0.947874301903 -99 -99 -99 -99 -99
-99 -99 -99 -99 -99 3.30066852068863 -99 3.68675195946175 -99 -99
0.0912437913739396 -99 -99 -99 -99 1.07588265120745 1.49256927032628 -99 -1.55009419133164 -99
1.71448461203061 -99 -99 -99 -99 2.93959155286759 -99 1.47244501732973 -99 -99
1.24571701273169 0.867936528017249 0.522757138760242 -0.634820799168308 -0.915955899577484 -0.554156710336677 -1.93074320914206 -99 -99 -99
0.308273275993072 -99 -99 -99 -99 -99 -99 -99 1.51573614254607 -99
-99 -99 -99 -99 -0.817179214227116 -99 -99 -99 0.620386299246021 -99
-99 -99 -99 2.09364967091191 -99 -99 -99 -99 -99 -99
-99 -99 -99 -99 -0.759170031824273 1.45130436476651 -1.13751320414395 -99 -99 -99
-99 -99 1.18431434099541 -99 -99 -99 -99 -0.867551960686591 -99 -99
-99 0.115150534198378 -99 0.91175469600907 -99 1.78716168611853 -99 1.946272433883 -99 -99
-99 -99 -99 -99 -99 -99 -0.673700699838257 -0.25076348870086 -99 -99
-99 -99 -99 -99 -99 0.400809632521667 -99 1.97441416059756 0.881148992781649 -99
-99 -99 -99 -99 -99 -99 -99 1.23597740103122 -99 -99
-99 -99 -99 -99 -99 -99 -99 -99 -99 -0.611210121148401
-99 -99 -99 -0.306605192913551 -99 -99 -99 -99 1.49830652114468 -99
-99 -99 -99 -99 -99 -99 -99 2.78310159573827 -99 -99
-99 0.560379459594355 -99 -1.08570360885946 -0.254245776838504 -99 -99 -99 -99 -99
-99 -99 -99 -99 -99 -99 -99 -99 -1.16352391481508 0.504475377972725
-99 0.973048436105248 -99 0.288296005105312 0.0114026718741178 -99 -99 -99 -99 -99
-99 -99 -99 -99 -99 1.78809854976103 2.58148779456176 1.90094068398345 -99 1.53214089427227
2.18205329320137 2.49944591366143 -99 -99 -99 -99 -99 -99 2.93948511775008 -99
-99 -99 -99 -99 -99 -99 -99 -99 -99 -1.29864142210694
-99 -0.692618416186936 0.825241677525476 -99 0.248470277134392 -99 -1.27332575409315 -99 -0.117110608567152 -99
-99 0.4322289986282 -99 -1.21924170181447 -99 -99 -99 -99 -99 -99
-99 -99 0.947467517974238 -2.38251619621393 -99 -99 -1.04971488109706 -99 -99 -99
-99 -99 -99 1.65027333582409 -99 -99 1.73960190201487 -99 2.25814132223241 -99
-99 -99 -0.888174256304525 -99 -99 -99 -99 1.88133250587752 -99 -99
0.864614105371512 -99 1.27454112714705 1.53999772735927 1.6272182879614 -99 -99 -99 -99 0.555729924171273
-99 -99 -99 -99 -99 -99 -0.347474553149146 -99 -99 -99
-99 2.03538613177217 -99 3.06334946723036 -99 1.61890277005187 -99 -99 -99 -99
0.962317777219991 -99 -0.474357308262748 -99 -99 -99 -99 -99 -99 -99
-99 -99 -1.09257879392865 -99 -99 -99 0.0625974528947189 -99 -99 -99
-99 -99 -99 -99 -99 -99 1.47758743546159 -99 -99 -99
2.43830970348777 1.74105689693592 2.90295995766107 -99 1.9924010800478 -99 -99 -99 -99 2.99708309474748
-99 1.03828822452611 -0.736967011029002 -99 0.892645185895291 -99 -99 -99 -99 -99
-99 -99 1.57001760735889 2.5194478557122 -99 -99 -99 -99 0.660453514100497 -99
-99 -99 -99 2.45292964438327 3.38736155180068 3.38040910432997 -99 -99 -99 -99
0.254546820458607 -0.011054784871303 -1.36003316441806 -99 0.559021209623088 0.66944874276471 1.90149217477228 -99 -99 -2.60519494069985
-99 -99 -99 -99 -99 2.18767926023741 -99 -99 -99 2.13188153121651
-99 1.3137230677096 -99 -99 -99 -99 2.92541979997071 -99 -99 3.0261274379241
-99 -0.142834491475137 -99 -99 -99 -99 -99 -99 1.98315958145522 -99
-99 -0.262229580266935 -99 0.219823820145552 -99 -99 -99 -0.318810511732793 -99 -99
-99 0.907553863040304 -99 1.91886191686415 1.45611382317321 1.82090933813756 -99 -99 -99 -99
-99 -99 -99 -99 0.907890661082676 -99 -99 -99 -99 -99
-99 1.49551424105143 -99 -99 2.55304636436201 0.602134071659897 -99 -99 -99 -99
-99 2.42414507006229 2.38582984330324 1.06011828779473 -99 -99 -99 -99 2.85436937538579 -99
-99 -0.361596131800326 -99 -99 -0.681580405213394 -1.12144068682732 -99 -0.69620660106144 -99 -99
-99 -99 -99 -99 -99 -99 -99 4.18680829877831 1.68303517564826 -99
-99 -99 -99 -99 -99 -3.23189632555733 -99 -99 -99 -99
-99 -99 -99 -99 -99 -99 -99 -99 -99 1.02859606691161
1.14176470047457 -99 -99 -99 -99 -99 -99 -99 -99 -99
-99 -99 1.45731845789359 -99 -99 -99 -99 -99 -99 1.85058192193432
-99 -99 -99 -99 -99 -99 -99 -99 -99 -99
-99 -99 -0.82068065108541 0.360191985039665 -99 -0.382188154627674 1.46535167553769 -99 -99 -0.493767897217048
-99 -99 1.33579022475209 -99 1.67643165180713 -99 -99 3.16820798286028 -99 -99
-99 0.702479647236056 -99 1.49122527040265 -99 0.571136130643552 -99 -99 -99 -99
-99 1.65826344639283 -99 -99 -99 -99 -99 -99 -99 1.90893057468256
1.87721690221176 -99 1.47408251239715 -99 3.18892566793872 -99 3.52727701511727 -99 -99 1.43928308919684
-99 -99 -99 -99 -99 -99 -99 2.28071539717616 -99 0.342634529331233
1.55964655787415 -99 3.17674208656448 -99 -0.0139398462025908 -99 -99 -99 -99 2.56473860959016
-99 -99 -99 -99 -99 -99 0.911988527030781 -99 -99 1.25882815403164
-99 2.58243147311229 -99 -99 -99 -99 -99 -99 -99 2.17375994293412
2.62880900329228 -0.217595156346135 -99 -99 1.56126946627497 -99 0.254071725336319 -99 -99 -99
-1.48142498282608 -99 -99 -99 -99 -99 -99 -0.243711362783928 -99 -99
3.72263808523983 0.0387158129136534 -99 -99 -99 -99 -99 -99 -99 -99
-99 2.88493766205272 -99 -99 -99 -99 -99 -99 1.04422884179583 -99
-99 -99 -99 -99 -99 1.46262381440523 -99 1.29994511200945 2.54650257698917 2.04562343598493
-99 -99 -99 -99 -99 -99 1.17939928505331 1.58343501684431 1.2508848255971 -99
-99 -99 -99 -99 0.840014221764943 -99 -99 -99 -99 -99
-99 -99 0.0720021953303429 1.30931075258069 2.5198217876909 -99 -99 -99 -99 -99
-99 1.56681627506899 -99 -99 0.174417782286725 -99 -99 -99 -0.99434602924852 -99
-99 -99 -99 -99 -99 -99 -99 -99 -99 -99
-0.438411519674379 -99 -99 -99 -99 -99 -99 -99 0.154556266734167 -99
-99 -0.690142798729593 0.63096563229483 -99 -99 -99 -0.27205656432446 -0.187972053484104 0.355140233783573 -99
1.96440908077162 -99 -99 -99 -99 -99 0.59433588060228 -99 -99 -99
-99 -99 -99 -99 -99 -99 -99 -99 -99 2.74908421402328
-99 -99 0.658215921811332 -99 -99 -99 -99 -99 -99 -99
2.12657851750717 -99 -99 -99 -99 0.777807830804486 -99 -99 -99 -99
-99 -99 -99 -99 -99 -0.242973286103065 -99 -99 -99 -99
-99 -99 -99 -99 -99 0.888536140757835 -99 -99 -99 -99
-0.272555659171756 0.20431247206292 -1.07277039712081 -1.08717536992444 -99 -99 -99 -99 -99 -99
-99 -1.37048102095049 -99 -99 -2.33099303059162 0.798116090834913 -0.786412685401472 -99 -99 -99
0.21199028347094 -99 2.55045477383618 -99 -99 -99 -99 -99 0.609001061804501 -99
-99 -1.13221514358939 -99 -1.58500727309913 -99 0.568325134299998 -99 -99 -99 -99
-99 -99 -99 -99 -99 -99 0.716032378285287 -99 -99 -99
1.83800389347472 3.6547876424172 3.29052153157338 -99 3.47906383191786 1.50934508814832 -99 -99 -99 -99
-99 -99 -0.0631020617869138 -99 -99 -0.595745459199233 -99 -99 -99 -99
-99 1.82618274228502 -99 -99 -99 -99 -99 0.864543543751084 1.08358240049433 1.86361325587391
-99 -99 0.108631392508103 -99 1.17141904472593 -99 -99 1.76533354084226 -99 -0.847096346276986
-99 -99 -99 0.964757446436727 -99 0.420735511849454 -99 -0.828658635059662 -99 -99
-99 -99 -99 -99 -99 1.15725304675305 0.834758725844952 -99 -99 0.818702111092914
-99 -99 -99 0.762585338719601 -99 -99 1.04831920116325 0.535707676742439 0.883779183555655 -99
-0.465672824544899 -99 -2.2942585956053 -99 -99 -99 -99 -99 -99 -99
-99 -99 -99 -99 -99 1.47933467474973 -99 -99 -99 -99
-99 -99 -99 -99 1.13556535675228 -99 -99 -99 1.74598231751399 -99
-99 -99 -99 -99 -99 -99 -99 -99 -99 -99
-99 -99 -99 -99 -99 -99 -99 -99 -99 -99
1.91182801958293 3.59136734928228 -99 1.56032525617655 -99 2.55084887464022 4.90569896935693 -99 0.877180906712052 -99
-99 -99 1.38938688166432 3.67338310982724 -99 -99 2.7677309028434 -99 0.81539116231405 -99
-99 -99 -99 -99 -99 -99 -99 -0.86489284329977 -99 -99
1.37863976196183 -99 1.75577381070416 -99 -99 -99 -99 -99 -99 -0.0257559000289431
3.08331587532918 -99 -99 -99 -99 -99 1.23544563234111 -99 -99 -99
-99 -0.38125476930851 -99 -99 -99 -0.180031663335641 -99 2.23171147823526 -99 -99
-99 -99 1.80189183979461 -99 -99 -99 -99 -99 -99 -99
-99 -0.935224535059964 0.492584275017419 -99 1.58794370639672 -99 1.40663832455793 2.2493638368845 1.30428070323912 -1.1967343204509
-99 -99 -99 -99 -99 -99 -99 -99 3.83127862982734 4.27786401999918
-99 -99 0.899247275223388 1.03467103434862 -99 -99 -99 2.8577488446524 -99 -99
-99 -99 -99 -99 -99 -99 -99 -99 3.21049206979038 -99
-99 -99 -99 -99 -0.160370814563624 -0.629101421197954 0.268952256768746 -99 0.271552758686476 -99
1.33432958509956 -99 -99 -99 -99 -99 -99 -99 -99 -99
2.34720459087991 -99 -99 -99 -99 -99 -99 -99 -99 -99
-99 -99 -99 -99 -99 1.93325935231209 -99 2.10617073754244 -99 2.07337489230544
2.85563480562642 0.820028178882145 -99 -99 0.964314754417681 -99 2.70267013734485 -99 -99 1.46342288776937
0.739127850702824 -99 -0.588936001172493 -99 -99 -99 -99 -99 -99 -99
-99 -99 -99 -1.6870633232263 1.64786687745106 -99 -99 -99 -99 -99
-99 -99 -99 -99 -99 -99 1.73379294906455 -99 -99 -99
-99 1.62504260975575 -99 2.58792039551277 -99 -99 3.12850355668848 3.57141099317936 -99 -99
-99 -99 -2.42989988591328 -99 -2.23378108462107 -1.71449788194039 -99 -99 -99 -1.1939830534413
-99 -99 -99 -99 0.638889821647187 -99 -99 2.17587132906807 -99 -99
-99 -99 -99 -99 -99 -99 0.131135832366211 -99 -0.200626548229366 0.0945460147901791
0.50887422874988 -99 -1.26994884032311 -99 0.0611477687344688 1.62247396902965 -1.90773030516944 -99 -99 -99
-99 -99 -99 -1.11360321600799 -99 -99 -99 -99 -99 -99
-99 -99 -99 2.1646681918318 -99 -99 1.25508800081694 -99 -99 -99
1.10144896436635 -99 -99 -99 1.95777711401585 -99 -99 2.64443546786789 2.03122299146159 1.83785449945329
4.59145417099191 -99 -99 -99 3.47859789134779 -99 -99 -99 -99 -99
-99 -99 0.112699918460754 -99 -99 -99 -99 -99 0.156981989806483 -99
1.03888160020997 0.420501467779454 -99 -99 -99 -99 -99 -0.868102246039187 -99 2.13704841334848
-1.57313844280592 -99 -99 -99 -99 -99 0.126259066103093 0.114609322598619 -99 0.240321269770119
0.847358859590536 -99 -99 -99 -99 -99 -99 -99 -99 -99
1.7480858893741 -99 -99 -99 -99 -99 -99 1.81484360634134 -99 -99
-99 -99 -0.561302953648076 -99 -1.23445923408335 1.48103609535156 -99 1.74816919991567 0.141206392560675 -99
1.2591557843212 1.5632723714606 -99 -99 -99 -99 1.04837262128981 -99 -99 -0.136702842967871
-99 -99 2.55320814236873 -99 1.827145043583 1.19643380828333 -99 -99 -99 1.39695675560105
-99 -99 -99 1.39912284205616 -99 -99 -99 -99 -99 -99
-99 -99 -0.787927771951926 -99 -99 -0.414142834565753 -99 -99 -99 -99
2.05941009284381 0.419084175142643 -99 -99 -99 2.71720116338988 -99 1.14014035996929 0.458320821489922 -99
-99 -99 -99 -99 2.77977790640481 -99 -99 -99 1.40593053995738 -99
-99 -99 -99 -99 -99 -1.93159340213528 -99 -99 -99 -99
0.264818749582755 -99 -0.416509001461613 -99 -99 -99 -99 -0.172395191686493 -99 1.57604448305043
1.56240086540362 -99 -99 3.58749414425165 0.528358791731107 -99 1.56064647728805 -99 -99 -99
-99 -99 0.393420021877019 -99 -99 -99 -99 -99 -99 -99
-99 -99 -99 -99 0.803999374545824 -99 -99 -99 -0.648230411759861 1.45426248753685
3.17822458305577 -99 -99 -99 -99 -99 -99 -99 -99 1.29815359778345
-99 -99 -99 -99 1.90184034077446 -99 -99 -99 -99 1.0684208851094
0.0717845169673481 -99 -99 0.343722115916657 0.16113925046544 -99 -99 1.37771754733346 -99 -99
-99 -99 -99 -99 -99 -99 -99 1.17870748884116 -99 -99
2.36677505963342 -99 -99 -99 -99 1.94036214741898 -99 -99 -99 -99
-99 2.73337630172627 -99 -99 -99 -99 -99 -99 2.20360134376912 1.60351415736213
-99 -99 -99 -99 0.898305003848858 -99 -99 -99 -99 -99
-99 -99 3.56356467571663 -99 -99 -99 -99 -99 -99 -99
-99 -99 -99 -0.237963328194392 -99 -99 -99 -0.440378342481989 -99 -99
-99 -99 -99 -0.58056698292803 -0.954598896950738 -99 -99 -99 -99 -99
-99 -99 -99 4.10934521632343 -99 3.05547823981576 2.30784688351952 -99 -99 2.2712601017
-99 -99 -1.16327737384801 -99 -99 -99 -99 -99 -1.42521309383931 -1.48411159975224
-99 -99 -99 -99 -99 1.04843777598636 1.59006292680713 -99 -99 1.25608745712481
-99 1.44540831774627 0.0807419667487517 2.25648672040313 -99 -99 -0.976552343000072 -0.712345456939723 0.200078667820516 -99
-99 -99 -99 2.57249088625298 -99 -99 -99 -99 -99 -99
-99 -99 0.710267559450758 -99 -99 0.301144208824734 -99 -99 -99 -99
-99 -99 -99 2.90058088486625 -99 -99 -99 0.661370196888688 -99 3.20884517497051
-99 -99 -99 -99 -99 -99 -99 -99 -99 -99
-99 -99 -99 1.16449812387601 1.68461738137556 1.57301595082036 1.02464463241761 2.59247348315353 -99 -99
-99 -99 -99 -99 1.68183340810742 -99 -99 -99 -99 0.650425122452994
1.74595851675634 -99 -99 -99 1.2890106773132 -99 -99 -99 -99 -99
0.835754295623397 -99 -99 -99 1.46105606654927 -99 -99 -99 -99 -99
-99 -99 3.35260270493568 -99 1.80129996485397 3.82306092326954 -99 -99 -99 -99
-99 2.68875777744763 -99 -99 -99 -99 0.77897543664593 -99 -99 -99
-99 -99 -99 1.10226180794127 -99 -99 -99 -99 -99 -99
-99 -99 -99 -0.118520879689614 -99 -99 -99 1.917030363938 -99 -99
-99 -99 1.54845373978598 -99 -99 -99 -99 0.557793781569952 -99 -99
0.986295743124176 2.43401330219055 -99 -99 -99 -99 -99 -99 -99 -99
-99 -99 -99 2.53820632686784 -99 -99 -99 -99 -0.186315932752694 2.00490303867674
-99 -0.944282194984215 -99 -99 1.83391984785776 2.1679833130967 0.638691486678423 -99 -0.639290163603826 -99
-99 -99 0.971669047703809 -99 -99 -99 -99 -99 -99 -99
-99 -99 -99 -99 -99 -99 1.58987302329138 2.6283684747043 2.80076714194152 -99
-99 -99 -99 1.41821344472324 -99 -99 -99 -99 -99 -99
-99 0.385179286064156 -99 -99 -99 -99 -99 1.84668055824863 -99 1.77897513079452
-99 -99 -99 -99 0.37156135249211 0.362968284932223 -99 -99 -99 -99
-99 -99 -99 -99 -99 -99 -99 2.28366435687852 -99 -99
-99 2.88229370590571 -99 1.66234749888425 -99 -99 -99 -99 -99 -99
-99 -99 -99 0.430869343151498 -99 -99 2.82628709747208 -99 1.65054041644849 -99
-99 -99 -99 -99 1.21588729159864 -99 -99 -99 -99 -99
1.8009961199363 -99 -99 -99 -99 -99 2.81192308508504 -99 1.2241877246248 -99
-99 -99 0.116785967150689 -99 -0.693372620766747 -2.02103188410366 -99 -99 1.35466034444621 -99
-99 -99 -99 1.75207023738025 -99 -99 -99 -1.25033319625946 -0.84066531679378 -99
-99 -99 -99 -99 -99 -99 -99 0.569977260606145 -99 -99
0.880994196648717 1.48606927312908 1.29652752005239 -99 -99 1.7518870464044 0.698068427054584 -99 -99 -99
-99 -99 -99 -99 -99 -99 -99 -99 -99 -99
-99 -2.79604982477732 -99 -99 -99 -99 -99 -99 -99 -99
4.02364837836401 -99 -99 -99 -99 -99 -99 -99 -99 -99
-99 -99 1.59222916506689 -99 -99 -99 1.81419589208078 2.10038207817803 -99 -99
1.557307570896 -99 -99 3.40367154114062 -1.39144056922706 -99 1.91250903614959 -99 -99 -99
-99 -0.443656369193399 1.02110805831017 1.00354764414852 -1.69823551967662 -99 -99 -99 -99 -99
2.92383908387484 -99 -99 1.64599802004344 -99 -99 -99 2.27040210764505 4.59885466429762 -99
-99 1.82774105540081 2.38254728176324 -99 2.03754207347463 -99 -99 -99 -99 -99
0.141450925493339 -99 -99 -99 0.119449155583282 -99 -99 -99 -99 -99
2.1408407816617 -99 -99 -99 -99 -99 -99 -1.6936289803859 -99 0.751773062524735
-99 -99 -99 -99 -99 -99 -99 4.03890975032686 -99 -99
-99 -99 -99 -99 0.977294960898053 2.04832513499682 -99 -99 0.149710932503743 2.01064141468722
-99 -99 -99 -99 -99 -99 -99 -99 -99 -99
1.35512408618873 -99 -99 -99 -99 -99 -99 1.62147545026746 -99 -99
-99 0.232599863990985 -99 -99 -99 -99 -99 -99 -99 -99
0.967697063736073 -99 -99 -99 3.42816149497393 -99 -99 -0.0404814292656941 -99 1.58193387818378
-99 -99 -99 -99 -99 2.5825522406607 -99 -99 0.969892385602167 -99
-99 -99 -99 -99 -99 -99 -99 -99 -99 0.304895144952088
-99 -99 -99 -99 -99 0.218859260923015 -99 3.26194391995728 -99 -99
-99 -99 2.82869274125168 -99 -1.20584629342701 -99 -99 3.84214698907152 -99 -99
-99 -99 -99 -99 -99 -99 -99 -99 -99 -99
-99 -99 -99 -99 -99 1.00024284563935 1.9368925396208 -99 -99 -99
1.35279504459766 -99 -99 1.40072071312434 0.431477502181566 0.135767662163685 -99 -99 -99 1.19576488289202
-99 -99 0.210028447049707 -99 -99 -0.132042306939027 -99 -99 -99 -99
0.181600957031444 0.944556661451835 0.428746637465988 -99 -99 -99 -99 -99 -99 -99
-99 -99 2.59884276425865 -99 0.931367851314374 -99 -99 0.533463109365161 2.44657046915513 -99
-99 1.43335594681101 -99 -99 -99 0.436754223355097 -99 -99 -99 -99
1.0321529499322 -99 -99 3.36449963433454 -99 -99 1.08404726473175 -99 2.95496934787487 -99
-99 -99 -0.597875764850458 -99 -99 -99 -99 0.161216616382253 -99 -99
-99 -99 -0.387978286839796 -99 -99 -0.0436841912400223 1.22783362419564 -99 -99 -99
-99 -99 -99 -99 -99 -99 -99 1.62938002892931 -99 -99
2.08168640876579 -99 -99 -99 1.37287807395063 1.1483699485363 -99 -99 -0.0295432873837844 0.965981463103991
-99 3.95123390492263 2.44352238663696 2.95759599579262 -99 -99 -99 -99 -99 -99
0.43515125834097 0.416079573721244 -99 -99 -99 -99 -99 -99 3.46582549336964 -99
-99 -99 -99 3.0517976925468 -99 -99 -99 -99 -99 -99
-99 -99 -99 -99 -99 -99 3.34996582785039 -99 -99 -99
-99 1.71366693186801 -99 -99 2.85031243103308 -99 -99 0.686360759301178 2.2748876046334 -99
-99 2.82863954744467 -99 -99 1.50388172018785 2.62168720688151 -99 1.87480237426558 2.0768607184256 -99
-99 -99 -99 -99 -99 -99 -99 -99 -99 -99
-99 -99 -99 1.58172260744121 0.641694911359417 1.94222831669966 0.963632180200458 1.71182725445528 -99 -99
-99 -99 -99 -99 3.33389330752934 -99 -99 4.03190405526159 -99 -99
-1.4344295905527 -99 -0.856272170704508 -2.62118110516642 -99 -99 -1.83962145023724 -99 -99 -99
-99 -99 0.111545545175068 -99 1.72636967568914 -99 -99 2.85070990414086 -99 1.95583484617673
-99 -99 -99 -99 -99 -99 -99 -99 -99 -99
-99 -99 -99 -99 -99 0.546310695031987 -99 -99 -0.782237911317019 -99
-99 2.5146766996365 -99 2.47864125044071 -99 -99 -99 -99 -99 -99
-99 -99 -99 -99 -99 -99 1.05808742352866 -99 -99 -99
-99 -99 -0.148964533255021 1.05349041346373 0.173875675252737 0.590774437638996 -99 0.622259458426344 1.82393556155065 -99
-99 -99 -99 -99 -0.477599022079774 -99 -99 0.741899988604827 -99 -99
-99 0.808219913917726 -99 -99 3.89952919670205 -99 1.84070061212271 -99 -99 -99
-99 -99 -99 -99 -99 -99 -99 -99 -99 2.09638839586443
1.35059170926909 0.0395899881638665 -99 -99 -99 -99 -99 -99 2.58836935204142 0.73199534673833
2.34686775036193 0.459167343328877 -99 1.94202315547725 -99 -99 -99 1.71494889769862 -99 -99
-99 -99 2.40925019403716 0.50333869766623 -99 1.77153174063328 0.116464537183717 -99 -99 -0.708497193271368
-99 2.97419595309408 1.21225232496086 -99 -99 -99 -0.570628712026911 -99 -99 -99
-99 3.19449140163175 -99 3.34461690745836 -99 -99 2.75742398804437 -99 -99 1.49317148407637
-99 -99 1.69773323386946 0.92207090801427 -99 -99 -99 -99 -99 -99
-99 -1.31116281716382 -99 -0.421708174517365 -99 -99 -99 -99 -99 -99
-99 -99 2.78145031112291 -99 -99 -99 -99 -99 0.224808132422971 -99
-99 1.00067387886746 3.64848960366729 2.21726821874312 -99 -99 -99 1.85056336471297 -99 -99
-0.54208495288268 1.0132573563627 -99 -99 -99 -99 -99 -99 1.46759019492405 -99
4.40992725915345 -99 -99 0.519885378903434 3.38642949174424 -99 -99 1.52954995124404 -99 -99
-99 -99 -99 -99 2.72570067651127 -99 -99 -99 2.92450018424751 -99
-99 -99 -99 -99 -99 -99 2.39442160847897 -99 2.8930402790401 -99
-0.944231301936032 -99 -0.394824814860905 -99 -99 0.00202423729062706 0.882964568279154 1.52446503530686 1.23516291851464 -99
2.92713496048184 1.71080158809464 5.19421564207393 -99 -99 -99 -99 -99 1.56984219113649 3.78976349768252
-99 -99 -99 2.48759255332348 -99 -99 2.07635478888412 0.211181438678509 -99 -99
-99 -99 -99 -99 -99 -99 -99 -99 -99 -99
-99 -99 -99 -99 0.578017117061619 -99 -99 -99 -99 -99
-99 -0.169021285162167 0.476350365474045 -99 2.1442199639303 -99 -99 -99 -99 -99
0.629157201355161 -99 -99 -99 -99 -99 0.285678952602843 -2.19367252134466 -99 -99
-99 -99 -99 -99 -99 -99 -99 -99 -99 -99
-99 -99 -99 0.586978454760108 1.20406826152781 -99 -99 1.09459346381185 -99 -99
-99 -99 -99 -99 -99 -99 -99 2.086991345582 -99 1.14500841005006
-99 -99 -99 -99 -99 -0.829077443826483 -0.0418229513077013 -99 -99 4.09651296954606
-99 -99 -99 -99 -99 1.53061685937983 2.352384316256 -99 -99 -99
-0.0158527339013066 -99 -99 -99 -99 -99 -99 -99 0.00692535726165444 -99
2.32176462646539 -99 1.67583534913319 -99 -99 -99 -99 1.94746228113765 -99 -99
-99 -99 -99 -99 -99 -99 -99 -99 -99 -99
-99 1.85696890887579 -99 -99 -99 3.41377650180594 -99 -99 -99 -99
2.75488131189927 -99 -99 -99 -99 -99 -99 2.79121851819535 -99 -99
-99 1.78692553268103 -99 -99 -99 2.82222221938792 -99 -99 2.50250112712563 3.17342522572868
-99 -99 -0.532404333073481 -99 -99 -99 -99 -99 -99 -99
-99 0.437625542940251 1.21803974432854 -99 -99 -99 -99 -99 -99 -99
-99 -99 -99 -99 -99 -99 -99 -99 -99 -0.325417794152598
1.62120243534503 -99 -99 -99 -99 -99 -99 -99 -99 -99
-99 2.52235474390121 -99 -99 -99 -99 -99 -99 -99 -99
3.59746261053675 -99 1.34682716231613 -99 -99 -99 -99 -99 -99 -99
-0.643823987442593 -99 -99 -99 0.585825643124605 0.0180324307564876 -99 -99 -99 -99
-99 3.52656007111276 -99 -99 -99 -99 2.36908669413503 1.71550967297437 -99 -99
-99 -99 -99 1.89296789031386 -99 -99 1.16400786386902 -99 -99 -99
-99 -99 2.4465682473384 1.10066578052754 1.08071775190928 -99 -99 -99 -99 -99
-99 -0.338497020379438 -99 -99 1.87824685927987 -99 -99 -99 -99 -99
-99 1.20068619315239 -99 -99 -99 -99 -99 -99 -99 -99
-99 -99 -99 -99 -99 -99 -99 -99 -1.55152283879474 -99
1.23891266200786 0.515042712101288 -99 -99 -99 -99 -99 1.53606747519187 -99 -99
-99 -99 -99 -99 -99 0.632832552469291 -99 2.00824823205377 -99 -99
1.05416596760125 0.916578686681805 0.369115597343468 -99 -99 -99 -99 -99 -99 -99
-99 -99 -0.29106921051287 -99 2.22885880153489 -99 -99 -99 -0.497308688507516 -99
-99 -99 -99 -99 2.43016022202786 -99 -99 -99 -0.377093218249782 1.7656845735644
-99 -99 -99 -99 -99 -99 -99 -99 -99 -99
-99 2.76738611987434 -99 -99 -99 -99 -99 -99 -99 -99
-1.00284870058995 -99 -99 -99 -99 -99 -99 -99 -1.13849583678793 -99
-99 -99 0.497674550364297 -99 -99 -99 0.55375514969071 -1.42973272750037 -0.0700904848149171 -99
-99 -99 -99 -99 -99 -99 -99 -99 -99 2.76264525810773
0.260470271389813 -99 -99 -99 -99 -99 0.111651039754651 -99 -99 -99
-99 2.49036610434916 -99 -99 -99 -99 2.06682463332517 -99 -99 -99
-99 -99 -99 -99 -99 -99 -99 -99 -99 -99
-99 -99 -99 -1.39937530298582 -1.98697288197356 -99 -99 -99 -1.64212201788727 -99
-99 -99 -99 0.341495341881615 -99 -99 -99 -99 -99 -99
-99 -0.262639625173698 -99 -99 -99 -99 -99 0.0365509747540441 -99 -99
3.91681894276731 -99 3.69029650016005 1.77076724960789 -99 -99 1.74860501735269 -99 -99 -99
-99 -99 -99 0.465137168656334 -99 -99 -99 -99 2.39529112047617 -99
-99 -99 2.68824906940467 -99 -99 -99 -99 -99 -99 -99
-99 -99 2.79744992679429 1.38867240106343 2.53595659569714 -99 2.00036406387064 2.73263215413474 -99 -99
-99 -99 -99 -99 -99 -99 -99 -99 -99 -99
-99 -99 -99 -99 -99 -99 -99 -1.01884363020511 -0.442869143753892 1.05495763138767
-99 -99 -99 -99 2.27746871350444 -99 -99 -99 3.44465523690957 -99
-99 -99 -0.401830473659463 -99 -99 -99 -99 -99 -99 -99
-99 -99 -99 -99 -99 -99 -99 -99 -99 1.25283169209396
-99 -99 -99 -0.638357393089066 -99 -99 -99 -0.814031899222925 -99 -0.215578321265806
-99 -99 -99 -99 1.96197799811064 -99 0.897717860623146 3.32471804672479 2.02567963730323 -99
-99 -99 -99 -99 -99 -99 -99 -99 1.47906812834901 -99
-99 -0.420301981226697 -99 -99 -99 0.432425464664678 -99 0.28253834522906 -99 -99
-99 0.829423969599314 1.9621813330703 -99 3.473097430332 -99 -99 -99 0.95478101566722 -99
1.73470958162052 -99 -99 -99 1.31819593733911 2.20444904915168 -99 -99 -99 2.91324073883314
-99 -99 -99 -99 -99 2.09284929886823 -99 0.966465408968412 -99 -99
-99 -99 2.09669227396661 -0.257290946464471 -99 -99 -99 -99 -99 1.71785664243754
-99 -99 -0.0144793392117453 -0.677129640957787 -99 -99 -99 -99 -99 -99
-99 2.50589643484919 -99 -99 -99 -0.46779805921224 -99 -99 -99 0.970619402831188
2.05869200997576 -99 -99 -99 2.09912112227135 -1.22361097548464 -99 -99 -99 -99
-99 -99 -99 -99 -0.382640785170596 -99 1.72562503531377 -99 -99 -99
0.729143588427515 -1.76208539949262 -99 -99 -0.285036901807639 0.077982347628795 -99 -99 -99 -99
-99 -99 -99 -99 2.15838493599821 -99 0.477899826978919 -99 1.06769110953184 -99
2.28538147277268 -99 0.052006901889134 -99 -99 -99 -99 2.29560131720999 -99 -0.0409340416006294
2.11996057136194 -99 2.51086762703085 -99 -99 -99 -99 -99 -99 0.41389800901759
-99 -99 -99 -99 1.56905701492364 3.12581360025117 -99 -99 -99 -99
1.9003008353792 2.63302396178918 3.16702728445515 1.64830372657387 -99 -99 -99 1.63226224922823 -99 -99
-99 -99 -99 -99 -0.855277079096363 -99 -99 -0.470662495656887 -99 -99
-99 -99 -99 -0.287019519252559 -99 -99 -99 -99 -99 -99
-99 0.981220930177856 -99 -99 -99 -99 -99 -99 -99 -99
-99 -99 -99 -99 -99 -99 -99 -99 -99 -99
-99 -99 -99 -99 -99 -99 -99 -99 3.09673542245768 -99
-99 -99 -99 -99 -99 -99 -99 -99 -99 -99
-99 -99 -0.0125671782671382 -99 -99 -99 0.0385761547039517 -99 -99 0.657443709164915
-99 -99 -99 2.13226120302918 0.869335195053483 -99 -99 -99 -99 2.32721714734288
0.609989489991021 -99 -99 0.901621168916521 -99 -99 -99 0.577154967158393 -99 -99
-2.85474340001022 0.103319614430525 -99 -1.59392426900312 -99 -99 -99 -99 -0.527420632961027 -99
-99 -1.839195988533 -99 -99 -99 -99 -99 -99 -99 -99
-99 -0.173751357037054 -99 -99 -99 -99 -99 -99 -99 -99
-99 -99 -99 -99 -99 2.8391248354526 -99 -99 -99 2.47649674646447
2.72396036688888 -99 -99 -99 -99 2.56697859233343 1.87317703152858 -99 1.83094405697528 -99
-99 -99 -99 1.39680800800153 -99 -99 -99 -99 1.8216247576293 -99
-99 1.03735669557807 -99 0.353157112231914 -1.20135426430992 0.701720938913349 -99 -99 0.2261360791982 -99
2.11065928611554 -99 -99 -99 -99 1.25940876854095 -99 1.96686445198531 1.40680111643877 -99
-0.255517239388123 -99 -99 -99 2.40674002051938 -99 -99 1.52998333602689 -99 4.0446378111994
-99 -99 1.14605337811564 -99 -99 -99 -99 0.457568679453501 -99 -99
-99 -0.618779254831053 -99 0.559726815549921 -99 0.474764056283794 -99 -99 -99 -99
-99 2.34197111190393 -99 2.23270817812052 2.58562404971911 1.65705895121387 -99 -99 -99 -99
-99 0.587628985053532 -99 -99 -99 -99 -99 -99 -99 0.608962313301407
-99 0.0204975172308978 -1.43613944390433 -99 -99 -0.192890716804222 -99 -1.43903611047286 -99 -99
-99 -99 1.57632429554117 -99 -99 -99 -99 -99 -99 -99
2.82876437374821 1.64828043399831 -99 3.10912720438299 -99 -99 -99 -99 -99 2.83642201115596
-99 -99 -0.292811225481479 -99 1.30242036916629 -99 -99 -99 -99 -99
-99 -99 -0.906271895061042 -99 -99 -99 -99 -99 -99 -99
2.02059290079555 -99 0.325469127736911 -99 -99 2.48353923364669 -99 3.34296233702083 -99 -99
-99 2.23933933863126 1.4331570696869 -99 -99 -99 -99 -99 1.34700019738357 -99
-99 -99 -99 0.994589361805489 2.05969964535063 -99 1.36321883028001 1.68104018112587 1.95933148528615 -99
2.49420984461313 -99 -99 -99 -99 -99 -0.148676916698713 -99 1.1469000166917 -99
-99 -99 -99 -99 -99 -99 0.726347905850964 -99 -99 -99
-99 -99 -99 -99 -99 1.17112127027022 -99 -99 -99 0.0263480142132014
-99 -99 -99 -99 3.6446496148288 -99 -99 -99 -99 -99
-99 1.32860718152355 3.03170359969203 -99 -99 -99 -99 -99 -99 -99
-99 1.99537322834198 -99 -99 1.65003528188189 -99 1.69933312968464 -99 -99 -99
-99 -99 -99 -99 0.855620646879576 -99 -99 -99 -99 -99
-99 -99 -99 -99 3.19753585283659 -99 -99 5.23277602767765 -99 -99
-99 -99 -99 -99 -99 -0.384371772150857 -99 -0.532379384038439 -0.262845712211474 -0.548859566406259
-99 -99 -99 -99 -99 -99 -99 -99 -99 -99
-99 -99 0.971787618883808 -99 -0.48442274440386 -99 -99 -99 -99 -99
-99 -99 -99 -99 -99 -99 -99 3.0632000298772 -99 -99
-99 2.94739576638463 -99 -99 -99 -99 -99 -99 2.48120439262435 3.89436746995089
-99 -99 -99 -99 -99 -99 -99 -99 -99 -99
-99 -99 -99 1.28939890097737 1.65030565836461 -99 -0.021082448408716 -99 -99 -99
1.13444627474129 1.22574479514595 -99 -99 -0.138035439743509 -99 -99 -99 -99 -99
-99 -99 1.27859258047827 -99 -99 -99 -99 3.12117625956821 -99 -99
-99 -99 -99 2.66859685790731 2.19846597207251 -99 1.65442486554819 -99 -99 -99
1.95135378619093 1.86540304547831 1.79437273830451 2.61858186941503 -99 1.282842876591 2.71896165552864 -99 2.99943262699787 -99
-99 -99 -0.1880643593959 -99 -99 -99 -99 -99 -99 -99
-99 -99 2.7107791915727 -99 2.61931921509982 -99 -99 -99 -99 -99
-99 -99 -99 -99 -99 -99 -99 -1.13592094187807 -99 -99
-99 -99 1.41503419399629 -99 2.0257843055624 -99 -99 -99 -99 -99
-99 -99 -99 -99 -99 -99 -99 -0.8765129211825 -0.65280822594978 -99
0.520008991440614 -99 -99 -99 -99 0.935231907231957 -99 -99 -99 -99
-99 -0.201112752344638 -99 -99 -99 -99 -99 -99 -99 -99
-99 -99 -99 -99 -99 0.200766076829168 -99 -99 -99 -0.755448683478484
-99 -99 -99 -99 -99 -99 -99 -99 -99 -99
-99 -99 -99 -99 4.73721253958817 -99 -99 -99 -99 3.79184267377492
-99 0.959597063491438 -99 -99 -99 -99 -99 -99 -99 -99
2.17751108880757 -99 -99 1.08614167006312 0.432845596389326 0.735697168404825 -99 -99 -99 -99
-99 -99 -99 -99 1.1650969465102 -99 -99 -99 2.83586958514091 -99
-99 -99 -99 0.936869925967823 -99 -99 -99 -99 -99 -99
2.5612433903509 1.00242726836927 -99 4.06013068556805 -99 -99 -99 1.6056633666367 2.69329587835925 1.89034450198914
-99 0.618326190603885 -0.531488199744316 -0.0447736536492758 0.428765577252541 -99 0.287112896491023 -99 -99 -99
1.17122753440822 -99 1.73552849981329 -99 -99 -99 -99 -99 1.86455948309234 -99
-99 0.350707726809125 -99 -99 1.96349494071783 -99 -99 -99 -99 1.96711294962884
-99 -99 -99 -99 0.150604018446425 -99 -0.0975931622548771 -99 2.10531511639113 -99
-99 -0.462626798920357 -99 -99 -99 -99 -99 -99 0.262701452055282 -99
-99 -99 -99 -99 0.781942813005037 -99 -99 -99 -99 -99
-99 -99 2.79052223541886 -99 -99 -99 -99 -99 -99 3.37163312689432
-99 -99 -0.533542704113718 -99 0.376908422921164 -99 -99 -99 -1.02949145114457 -99
2.81840133109429 -99 -99 -99 -99 0.562256986728894 2.2910134463096 -99 -99 -99
1.67066746523276 0.362278504736718 -99 -99 -99 -99 -99 -99 -99 -99
2.49876174189608 -99 -99 -99 -99 -99 3.72203252503335 -99 2.63117306587803 -99
0.653199639721183 -99 1.17967386581327 -99 -99 -99 1.9241772773396 -99 -99 -99
-99 -99 -99 -99 -99 -99 -99 -99 -1.09544454592993 -0.897823931535132
-99 -99 1.37273781771605 -99 1.60707330630693 0.861621673792563 0.226415560165355 1.76648278350371 -99 -99
-99 -99 -99 -99 -99 -99 -0.845539547728033 -99 -99 0.318359372547229
-99 0.887428655976488 -99 -99 -1.14663140546159 -99 -99 -99 -0.125705570737456 -99
-99 1.3551490398156 -99 1.69055303925848 -99 -99 4.17165051934871 1.13658228242419 -99 -99
3.02099797610797 -99 -99 -99 -99 -99 -99 -99 -99 1.93386908015875
-99 -99 -99 -99 -99 -99 -99 0.378689635609818 -0.00271163144949349 0.0783243798458586
-99 -99 -99 -99 -99 -99 -99 -99 -99 -99
2.67431122374544 -99 -99 1.75408895700705 -99 -99 -99 -99 0.736659826471669 -99
-99 -99 -99 0.00425591555169558 -99 -0.409310455962821 -99 -99 -99 -99
-99 0.0992732138628256 -99 -99 -99 -99 -99 -99 -99 -99
-99 0.931801745049141 1.19076603347198 -99 1.88618997465979 -99 -99 1.43944935367772 -99 2.77993332642461
-99 -99 -99 -99 1.86898224526291 -99 -99 -99 -99 2.17298431403736
-99 -0.115227082818414 1.41893645354478 -99 -99 -99 -99 -99 -99 -99
-99 -0.76303256405687 -0.0449600192169117 -99 -99 -99 -99 -99 -0.116997790112627 -99
-99 -99 0.316723703246564 -99 -99 -99 -99 0.350124575713545 -99 -99
-99 -1.99571154107362 -99 -99 -99 -0.0595317499355996 -99 -99 -99 -3.02864040514892
2.24820328913064 -99 -99 0.981259783547573 -99 -99 -99 -99 -99 -99
-99 -99 -99 -99 -99 -99 -99 0.197619720805443 -0.159295868418947 -99
-99 -99 1.13066793906162 -99 -99 -99 2.05119970589554 -99 -99 -99
-99 -99 -99 -99 3.29170022099636 0.979003602763377 -99 -99 0.431651660835815 -99
-99 -99 2.48154202638651 -99 -99 -0.758566422905112 -1.54534487443534 -99 -99 -99
-99 -99 1.19158492365205 3.09189576022547 -99 -99 0.817487890752768 -99 -99 1.10451260126666
-99 -99 1.88592068060439 -99 -99 -99 2.62864657211916 2.51182994865474 -99 -99
-99 -99 -99 -99 -99 0.308406850301078 -99 -99 -0.919770109848228 1.22994777939298
-99 -99 0.497143830234937 -99 -99 -99 -99 -99 -99 1.22175416566191
2.40748924059206 -99 -99 -99 -99 -99 -99 -99 1.29408152807907 -99
-99 -99 -1.47521669568461 -99 -99 -99 -99 -99 -99 -99
-99 2.92174968300036 -99 2.41457541097095 -99 -99 -99 -99 -99 -99
-99 -99 -99 -99 -99 -99 -99 -99 -99 -1.24902290800231
1.79964246485054 2.16224903581909 1.30712471204988 -99 -99 -99 1.0330224252508 -99 -99 -99
-99 -99 -99 0.22724012365897 -99 0.460726223528602 -1.03714384573585 -99 -99 -99
-99 -99 -99 -99 -99 -99 -99 3.43285855787309 -99 -99
-99 -99 -99 -99 -99 -99 -99 -99 -99 -99
1.32720664114281 -99 0.929512463654686 -99 -99 1.0580852672413 -99 -99 -99 -99
-99 -99 -99 -99 -99 -99 0.494295100838938 -99 -99 -99
-99 -99 0.822420225462042 -99 -99 1.12601051081573 -99 -99 -99 1.28607039487423
-99 -99 -99 -99 -99 -99 -99 -99 -99 1.12308547820478
-99 -99 1.4694864501007 -99 -99 -99 -99 -99 -99 -99
-99 -99 -99 -99 -99 1.7946836438749 -99 -99 -99 -99
-99 -99 -99 1.95283848297511 -99 2.18913165419736 -99 1.736517258913 -99 -99
-99 -99 -99 -99 -3.70709895455873 -99 -99 -2.46014179051199 -0.930800659118538 -2.74504015050462
-0.438157121933742 -99 -0.588475999370862 -99 -0.301909831360966 -99 0.51539310666071 -99 -99 -99
-99 -99 2.60037754109265 1.77009360504941 3.21983639280123 3.36436275762958 -99 -99 -99 -99
-99 0.763435269015908 -1.01057872173433 -99 -99 -99 -99 -99 -1.45728483316259 -99
-99 -99 0.930763569241658 -99 1.54468475141358 -99 -99 -99 -99 -99
2.31077995565961 -99 -99 -99 -99 -99 -99 -99 -99 -99
1.99348900588457 -99 2.60283729903956 1.06865496399667 -99 -99 1.88232984537585 -99 -99 -99
-99 -99 -99 -99 -99 -99 -99 -99 -99 -99
0.328545979838191 1.05883023040858 -99 -99 -99 -99 2.12025128444324 -99 -99 3.45476266662424
-99 -99 -99 -99 -99 -99 -99 1.68002443416493 -99 2.30986316289144
-99 1.10667535328988 -0.778921011788381 -99 -99 -99 -99 -99 -99 -99
-99 -99 -99 -99 -99 -99 -99 -99 -99 -99
-99 -99 -99 0.649285924262308 -99 -99 -1.63326854555221 -99 -99 -0.73648494663133
-99 -99 -99 -99 -99 -0.312205146887331 -99 0.856407810436576 -99 -99
0.185828623710595 -99 -99 -99 -99 -99 -99 -99 -99 -99
-99 -99 -99 -99 2.94852656614716 -99 -99 -99 -99 1.76886644582317
-99 1.3348828546097 -99 -99 -99 -99 2.34809329791026 -99 -99 -99
0.981705863862338 -99 -99 0.490095405948807 -99 -99 0.297008039778662 -99 -99 -99
-99 1.56498489975616 -99 -99 3.51615695775854 -99 -99 -99 -99 -99
-0.635472563329335 -99 -99 -99 -99 -99 -1.36883403683085 -99 -99 -99
-99 -99 -99 -99 -99 -99 -99 -99 -99 -99
-99 -99 -99 2.72412855116413 1.93351167307684 -99 -99 -99 -99 -99
-99 1.72095683847409 -99 -99 -99 -99 -99 -99 -99 3.33263671622668
-99 1.58378154274538 -99 -99 -99 -99 -99 -99 -99 -99
-99 -99 -99 -0.342858395329404 -99 -99 -99 -99 -0.333687408646502 -3.34864760793871
-99 -99 -99 -99 2.41957566948893 3.16454268138958 2.46619730799262 -99 -99 -99
-99 -99 -99 -99 -99 1.98123269825946 -99 -99 -99 -99
-99 -99 -99 2.74933867455907 -99 -99 1.68065051158626 -99 -99 0.922512653731907
-99 0.688044303060333 -99 0.925845130029068 -99 -99 -99 -99 -99 0.141585520768125
-99 -99 -99 -99 -99 -99 -99 -99 -99 -99
-99 -99 -99 -99 -99 -99 -99 -99 -99 -99
3.4059097962068 -99 0.580628102313978 -99 -99 -99 -99 -99 -99 -99
-99 -1.20236909618372 -99 -0.759524992547196 -0.796470975363003 -99 -99 -99 -99 -99
1.2159170383308 -99 -99 -99 0.987948080115608 -99 -99 -99 -99 -99
-99 0.225550725290228 -99 -99 2.22391123573203 3.50422931150064 -99 -99 -99 -99
-99 -99 -99 -99 1.99269292978839 -99 0.117240387525064 -99 -0.379950991054067 -99
-99 -99 -99 -99 -99 -99 -99 -99 -99 -99
-99 2.91297991800284 -99 -99 -99 1.1412902909735 -99 0.395662654721128 0.133132751954796 -99
-99 0.691852054165855 -1.90998197164052 -99 -99 -99 -0.0118887746726533 -99 -99 0.0386544518855183
-99 -99 -99 0.372658222982279 -99 3.53927761352345 -0.0270455360252846 1.60757333538959 -99 -99
0.397996843738815 -99 1.2189959303315 -99 -99 -99 -99 -99 -99 -99
-99 -99 -99 -99 -99 -99 -99 -99 -0.75157562986835 -99
-99 -99 -99 -99 -99 -99 0.359713286422806 -99 -99 -99
-99 -99 -99 -99 -99 1.84038810268417 -99 -99 -99 -99
-99 -99 -99 -99 -99 -99 -99 0.315635451455372 -99 -99
-99 -99 -99 1.79976663412015 -99 -99 -99 -99 -99 -99
-99 -99 1.49543280786252 2.54604722333139 -99 0.343455580031584 -99 -99 -99 2.61282921291686
1.08014643551249 1.05214159838502 -99 -99 -99 -99 -99 -99 -99 1.32634551351854
-99 -99 -99 0.698948260305137 -99 -99 -99 -99 -99 -99
-99 1.35747626121726 -99 -99 -99 -99 -99 -99 -0.283332270066407 1.70303871280939
-99 1.74981077226111 2.333336258965 -99 2.67315474983214 -99 -99 -99 0.575566938329331 -99
-99 -99 2.06049365549747 -99 1.40244205778051 -99 -99 1.09111111590254 -99 -0.263757675531984
-99 -99 -99 -99 1.26741774691348 -99 -99 -99 -99 1.75551444712915
-99 -99 0.433805862113353 -0.477264078365291 -99 -0.397837420215621 -99 0.65583129461799 -99 -99
-99 0.445522363310077 1.48474832184715 -99 -99 -99 1.60837269145635 -99 -0.471399729427687 -0.256297831207225
-99 -99 -99 -0.0238874959820283 -99 1.88516174536998 3.05767692054189 -99 -99 -99
-99 -99 1.16347579980721 -99 -99 -99 -99 -99 -99 -99
-99 1.1405158019344 -99 -99 -99 -99 -99 1.31853750997866 0.839187297518138 0.97873129073869
-0.63082731082529 -1.80752269580366 -0.394273034613392 -99 -2.19764809682858 -2.41992035016073 -99 -99 0.0271560959358719 -99
-99 -0.778717886902372 -99 -99 0.580656430154103 -99 -99 -99 -99 -99
-99 0.780618410715127 -99 -99 3.18971500924071 -99 -99 -99 -99 1.4702570270362
-99 -99 -99 2.72560082843746 -99 -99 -99 -99 -99 2.8211200631007
-99 -99 0.961824852855431 -99 -99 -0.0263547467471716 -99 -99 -99 3.1520269731795
-99 -99 -99 -99 -99 -99 -99 -99 -99 -1.24312769917555
1.41443695764252 -99 -99 -99 -0.0974726040196472 -99 -99 -99 -99 -99
-99 2.50678391653862 3.28835441709728 -99 -99 -99 2.51004494059943 1.66718782970755 -99 -99
2.17108248614915 -0.699302288589871 -99 0.487267310005152 0.421650861187254 2.39634824632221 -99 2.12535230203432 -0.762794710662861 -99
-0.593704730460367 -99 -99 1.25453877922623 -99 -99 0.996599864763534 0.581190354680788 -99 -99
-99 -99 0.286781978759314 -99 -99 0.518362200102535 -99 -99 -99 -99
-99 -99 -2.95971936396016 -0.519184341332746 -99 -99 -0.78036578123556 -99 -99 -0.957002896901609
-99 -99 -99 -99 -99 -99 -99 -99 -99 -99
-99 -99 -99 -0.841083831657196 -99 0.904489712993369 -99 -99 -99 0.746998464685159
-99 -99 -99 -99 -99 -99 1.46217947744846 -99 -99 0.784311504527254
-99 -99 -99 -99 -99 -99 -99 -1.25224038502471 -99 -99
-99 -99 3.0932239384266 -99 -99 -99 -99 -99 -99 -99
-99 -99 -99 -99 -99 -99 -99 -1.40635024224779 -99 -99
-99 -0.855588890749382 -1.29714191467301 -99 -99 -99 -99 -99 -0.135550220752211 0.74221228086765
0.87278909860664 -99 2.1948559809471 -99 -99 -99 -99 -99 -99 -99
-99 3.40812577407875 -0.889091988133438 -0.531370749574906 -99 -99 -99 -99 1.78695822384042 -99
-99 -99 -99 -99 -99 0.358893418705075 -3.19361188800264 0.32296101331228 -99 -99
-99 -99 2.36672996916234 -99 -1.04894031736812 -99 1.04527875529089 -99 -99 -99
-99 -99 -99 -99 -99 -99 2.50962602279098 -99 -99 -99
-0.502258977745813 -99 -99 -99 -99 -0.465515165590031 -99 -99 -0.106042464845491 -99
-0.847995044395202 -99 0.327218641025369 -99 -99 -99 -99 -99 -99 -99
-99 -99 -1.79130832635988 1.65096222480684 -99 -99 -99 -99 -0.801151837234606 -99
-99 -99 -99 1.55981061956082 1.62318367531339 -0.0758217915963544 -99 -99 -99 -99
-99 1.95474947048609 2.53814007618295 -99 2.02627319219059 -99 -99 2.44937668972398 -99 -99
-99 -99 1.17042465632574 -99 2.6780265562879 -99 -99 -99 -99 -99
-99 -99 0.182433733105384 -99 -99 -99 -99 -99 -99 -0.221491943080132
-99 -99 -99 -99 2.41897387896733 -99 -99 -99 2.36681715977924 -99
-99 -99 -2.06689962900163 -99 -99 -99 -1.10261084484925 -99 -1.58881854369356 -99
-99 -99 -2.07803510703706 -99 -99 -99 -99 -99 -99 -99
-0.303719628353411 -99 -99 -99 -99 -99 -99 -99 -99 -99
-99 -99 -99 -99 -99 -1.24403989715781 -99 -99 -99 -99
-99 0.702884918103298 -99 -99 -99 -99 -99 -99 -99 -99
-99 -1.3378564064031 -99 -99 -99 -99 -99 -99 -99 -99
-99 -99 -99 -99 3.48470625452319 -99 -99 1.82105122363038 -99 -99
-99 -0.667178469539196 -99 0.865338863779276 -99 -99 -99 0.531203595746444 -99 1.00381248830275
-99 -99 1.33788884484526 -99 0.291400925068907 -99 -99 -99 -0.853303675648272 -99
-99 -99 -99 -99 -99 0.331490470086819 -99 -99 -99 -99
-99 1.43548750131165 1.55150209249576 2.62826812312404 -99 -99 1.7177364527154 -99 -99 -99
-99 -99 -99 -99 -99 -99 -99 -99 -99 -99
1.13706424586266 -1.63513985657279 -99 -99 -99 -99 -99 -2.01797153454869 0.0654472724383153 -99
-0.728221205032679 -99 -2.10984254705306 -99 0.283651173601506 -1.63880104516028 -99 -1.49630455067579 -2.16281927054722 -0.388752670699593
0.259086037861852 -99 1.16095002024692 -1.03801890200705 -99 -99 -99 -99 -99 0.965591685269744
-99 -99 -99 -99 -99 -99 -99 -99 2.72415600506626 -99
3.29767384093354 1.27587984044064 -0.166505888518395 -99 -99 -99 0.699139854435639 -99 1.79330301259131 -99
-99 -99 -0.694464650713684 -99 -99 -99 -0.500333189065997 -99 -2.18643854142019 0.0666668671228168
2.77718739939185 -99 -99 3.64178413339149 -99 -99 -99 -99 -99 -99
-99 -99 1.30059558840397 -99 -99 -0.113248671281792 -99 -99 -99 -99
-99 1.80985537464023 -99 -99 0.839239230686293 -99 -99 -99 0.339625860044401 -1.03655771690413
-99 -99 -99 -99 -99 -99 -99 -99 -99 -99
-99 -1.88757652126303 -99 -99 0.991688456368152 -99 0.480912817374501 -99 -99 -99
-99 -99 -99 -99 -99 -99 -99 -99 -99 -99
-99 -99 -99 0.376816364095556 -99 1.58122195453206 0.32649637586485 -99 -99 -99
-99 -99 -0.0930241690799871 -99 -99 -99 -99 -99 -99 2.26524039761163
-0.289531262217815 -1.50944631151676 -99 0.823172763245323 -99 0.778552188137396 -99 -99 -0.757638328659585 -99
-99 0.416387790063385 -99 -0.687736511352076 -99 -99 -99 -99 -99 -99
4.75400966702903 -99 -99 -99 -99 -99 3.57898253630676 -99 -99 -99
-99 -99 -99 -99 -99 -99 -99 -99 -99 -0.135692903833001
-0.403982152741723 -99 -99 -99 -99 2.05370526255679 -99 -99 -99 -99
-99 -99 -99 -99 -99 -99 -99 -0.271931425501924 -99 -99
-0.691630436100967 -99 -99 -99 -99 -99 -99 -99 -99 -99
-99 -99 -99 -99 -99 1.24606771973535 -99 -99 -99 -99
-99 -99 0.286176378929574 -99 2.16603945841151 -99 -99 -99 -99 -99
-99 0.478301813290083 0.614368017254027 -99 1.18947103185992 0.292474577116671 -99 -99 -99 0.782922942224485
-99 1.23424512054994 2.23991160488442 -99 1.4588245124984 -99 -99 -99 -99 -99
-99 -99 -99 0.604533140002076 -99 -99 2.1112321820422 -99 1.70102591439113 -99
-99 -99 -99 -99 -99 -1.1401149586233 -99 -99 -99 -99
2.595306121693 2.09461179509397 -99 -0.655685220307488 -99 -99 -99 -99 -99 -99
-99 -0.561244646248121 -99 -99 -99 -99 -99 -99 -99 -99
3.39422553498403 5.3087598027366 -99 -99 3.63513843352716 -99 -99 -99 -99 -99
2.4223071256895 -99 -99 -99 -99 -99 -99 -99 -99 2.01830882027233
-99 -1.24346938180562 -99 -99 -99 -99 -99 -99 0.466844536752495 0.987386613968477
1.36348617773655 2.57242937623811 -99 -99 -99 -99 -99 -99 2.30993326926786 -99
0.598565844251971 -1.50418926767923 -99 -99 -99 -99 -99 -99 -99 -99
-99 -99 -99 -99 -99 -99 -99 -99 -99 -99
2.82613014990256 1.24269702754835 -99 -99 -99 -99 -99 -99 2.0285149551469 1.40123694290489
-99 -99 -99 2.44275009722662 -99 -99 -99 -99 -99 -99
-99 -99 -99 -99 0.194553066538743 -99 -99 -99 -99 -99
1.01663277154965 -99 -99 -99 -99 -99 -99 -99 -0.367963981708676 -99
-99 1.93839078031197 2.05927049999146 -99 -99 -99 1.20054355689937 -99 -99 -99
-99 1.28336316223439 -99 -99 1.90468386185916 -99 -99 3.06041198587395 -99 -99
-1.45998655522887 -99 1.58758659215001 -99 -99 -99 0.510305300617898 -99 1.61987904088251 -99
-99 -99 2.50694971748379 -99 1.65031878619135 -99 -99 -99 -99 -99
0.39416502812038 -99 -99 1.61749784677276 -99 -99 -99 -99 -99 -99
-99 -99 -99 -1.08399857697217 -99 -99 -99 -99 -99 -99
3.50721781570345 -99 -99 -99 2.08258151302634 -99 -99 -99 -99 -99
-99 -99 -99 1.57122483737969 -99 1.91297850548715 -99 -99 -99 0.260003432038819
-99 -99 -99 -99 -99 1.48610005776515 2.58695876208252 -99 1.75334026530967 -99
-99 -99 -99 -99 3.47695588106269 2.67613242768873 -99 4.0946502387562 -99 -99
-99 -99 -99 -99 -99 4.25090192921956 4.69561616181586 -99 -99 -99
-99 -99 -99 -99 -99 -99 -99 -99 -99 -99
-99 -99 -99 2.20133817179663 0.552524982817405 -99 -99 -99 -99 -99
-99 -1.21723763263527 -99 0.08989527069831 -99 -99 -99 -99 -99 -99
-99 -99 -99 -99 -99 -99 0.216828915930334 -99 -99 1.54856382295446
-99 1.67009824793175 1.23155071642501 -99 -99 -99 0.100452575293516 0.996723459617848 -99 0.7794670403396
-99 -99 -99 -99 1.45018683225197 -99 -0.817994677836269 -99 -99 -99
-99 -99 -99 -99 -99 -99 0.234698674725621 -99 1.42003609590326 -99
2.53314840323342 -99 -99 -99 -99 -99 -99 -99 -99 -1.03945116405009
-99 -99 -99 2.30809674080223 -99 1.00919684268909 -99 -99 -99 0.215014621885763
-99 -99 -99 -99 -99 3.4999350005278 -99 3.39826626084359 -99 -99
0.490247415050524 -99 -99 -99 -99 -99 -99 -99 -99 -99
-99 2.20979895013808 -99 -99 -99 4.07897014470443 -99 -99 1.49714709928115 -99
-99 -99 -99 -99 -99 0.930045229538914 -99 -99 -99 -99
-99 -99 -99 -99 -99 -99 1.7820849148619 -99 -99 -99
-99 -99 -99 -99 -99 -99 -99 -99 -99 2.5728818979774
-99 -99 -99 2.81895162822136 -99 -0.0518603189845792 0.326693208293674 -99 -99 -99
-99 -99 -0.143601126128874 -99 -99 -99 -99 -99 -99 -99
-99 -99 -99 -99 2.08023439900151 -99 -99 -99 -99 1.85879921829146
1.06607422103801 -99 -99 2.14593736044552 -99 2.52199905735858 -99 -99 -99 -99
-0.943944621564718 0.140443177461588 1.4479274485424 -99 -99 1.14479004658756 -99 0.270611651309062 -99 0.580492199618487
-99 -99 -99 -99 -0.0218950024905122 -99 -99 -99 1.89808526964286 -99
-99 1.42007700094153 -99 -99 -99 -99 -99 0.482850818597681 -99 -99
-99 2.22629459345808 -99 -0.306796699087306 -99 -99 -99 -99 -0.582275818425118 -99
1.52197960263256 1.7603903390757 -99 -99 -99 -99 -99 -99 -99 -99
-99 -99 -99 -99 2.45043069294257 -99 -99 -99 -99 -0.195262010376874
1.82963574376296 -99 -99 -99 -99 2.17709124803782 -99 -99 -99 -99
-99 0.594828199344106 1.07507520836276 -99 -99 -99 0.481635401789592 -99 -99 -0.66791599163915
-99 -99 -99 -99 -99 -99 -99 -99 -99 -99
-99 -99 -99 0.00755339628828522 0.46374357473747 -99 -99 -99 -99 0.0388567914378024
1.69148034612343 2.42077609157549 -99 -99 -99 1.04392421253192 1.87713800502854 -99 -99 1.83114380043547
-99 -99 -99 1.52169992751176 -99 -99 -99 2.03894249679185 0.885611377855219 -99
2.48599846636889 -99 -99 -99 -99 -99 3.53687085311735 -99 3.2002667784051 -99
1.6377106868407 -99 -99 -99 -99 -99 -99 -99 0.705393786211368 -99
-99 -99 -99 1.99416114481539 1.43838748035254 -99 1.29000231433753 1.21193931949915 0.977981728909447 -99
-0.395697616757811 -99 -0.833231260318094 -99 -1.44019458647661 -99 -0.207994085652216 -0.424763267702782 -99 -99
-99 -0.335642946955266 0.843043054415993 1.83457516783243 -99 -99 2.03142957382175 -99 -99 -99
1.81852750019218 -99 -99 -99 -99 2.01131484442078 -99 2.40813729626474 2.29044768392803 -99
-1.47939872132407 -99 1.19066465416242 -99 2.15391988831661 -99 -99 -99 -99 -99
-99 -99 -99 -99 -99 -99 -99 -99 1.07134621704998 0.828836579269954
-99 1.3469287730454 -99 -99 -99 1.42748890452322 -99 2.68946799119212 -0.164698911060835 -99
1.5716183461996 -99 -99 -99 -99 -99 0.942114968281748 -99 -99 2.99103607283763
-99 -99 -99 -99 -99 2.25113372360582 0.84409944132711 -99 -99 2.15716408900798
-99 -99 -99 1.66364930276842 -99 -0.108936592675564 -99 -99 -99 -99
-99 -99 1.2821384545317 -99 -0.280565187774421 -99 3.04420829682708 -99 1.36436022719524 -99
-3.15149288565849 -99 -99 -3.24462636343203 -99 -99 -99 -99 -99 -99
-99 -99 -99 -99 -99 -99 -99 -99 -99 -99
-99 -99 -99 -99 -99 -99 0.506405023011107 -99 -0.860172985908447 -99
-99 -99 -99 -99 -99 -99 -99 -99 -99 -99
-99 -99 -99 -99 2.33562478396444 -99 3.70691886432542 2.63370547271516 0.953617491364393 -99
-99 -99 -99 -99 -99 -99 -99 -99 -99 -99
-99 -0.232816310291453 0.497969028969501 -99 -99 -99 -99 -99 0.204090983868166 -99
-99 -99 -99 -99 -99 -99 -99 -99 -99 1.26526568701448
-99 -99 -99 0.321555329836039 1.09592435537777 -99 -99 -99 -99 -99
-99 -99 2.33724574286982 -99 -99 -99 -99 1.67796382047215 -99 1.19289285904678
-99 -99 -0.535529437093397 0.429399012040489 -0.71221043806981 -99 -99 -99 -99 -1.73265909941419
-99 -0.469969314841135 -99 -99 -99 -99 -99 -99 -0.128860357955185 -99
-0.0337061537996755 -99 -99 1.34980507014384 -99 -99 -99 -99 -99 -99
-99 -99 -99 -99 -99 -99 -99 1.42756155388343 -99 0.610719711194894
-99 1.82824343517426 -99 0.746509590781384 0.689129807477939 -99 -1.02460049030105 -99 -0.0352657880736582 -99
-99 -99 -99 -99 0.167548765895019 -99 -99 -99 -99 -99
0.185751956963072 -99 -99 0.561633687756099 0.284404409457109 -99 1.91300527576489 -1.44665580120973 -99 -99
-99 0.935298094141974 -99 -99 -99 1.75892920577939 -99 -99 0.262102869028591 -99
-99 -99 -99 -99 -99 -99 1.34259179929411 0.182527544305888 -99 -0.409288115002334
-99 -99 0.866560521682177 -99 1.78648240733858 2.50537354843267 -99 -99 -99 -99
1.5291364305971 -99 -99 -99 -99 -99 -99 -99 0.264121069514775 -99
-99 -99 -99 2.7406665064293 -99 1.02983759413201 1.4142991964885 -99 -99 -99
-99 -99 -99 -99 -99 0.669653850839688 0.118137159165203 -99 -99 -99
2.06617445448418 -99 -99 -99 -99 -99 -99 -99 3.35926264813987 -99
-99 -99 -99 -99 -99 -99 -99 3.24940519319992 -99 -99
-99 -0.261792429226315 -99 0.0910959857882021 -99 -99 -99 0.171908024278667 -99 -99
-99 -99 -99 3.12592173067521 -99 -99 1.55376009328411 -99 -99 -99
-99 -99 -99 3.15837643485582 -99 -99 1.46108053383794 4.41845741831539 -99 3.02964173213111
-99 -0.625177091017359 1.61012143167259 -99 -99 -99 -99 -99 -99 -99
-99 -99 -99 -99 -99 -99 0.23972496586846 -99 -99 -99
-99 0.647686049013392 -99 -99 -0.698921612534332 -99 -99 -99 -99 -99
1.09010025614105 -99 -99 -99 -99 -99 -0.434605141344104 -99 -99 1.21360565912645
0.138854009522998 -99 -99 0.733054746868987 -99 -99 -99 1.84641005790812 -99 -99
-99 -99 -99 -99 -99 -99 -3.7127037033981 -1.98652161438525 -99 -99
-99 -99 -99 -0.406894298642521 -0.387214947343535 -99 -99 -99 -99 -99
2.06798827989858 -99 1.09415277620957 -99 2.20672872294684 -99 -99 -99 -99 -99
-99 -99 -99 -99 -99 -2.7996514771271 -99 -2.16708758637718 1.04424105418695 -99
-99 0.561419111584605 -99 -1.26396688529903 0.565964827862428 -99 -99 -99 -99 -99
-99 -99 -99 -99 -99 3.26459096184036 -99 -99 -99 -99
-99 -99 -99 0.269256055114471 -1.10803499884268 -0.289973245459073 -99 -99 -99 0.0710424543750969
-99 -99 -99 -99 -99 -99 -99 -99 -99 -99
-99 -99 -99 -99 0.55294618017324 -99 -99 -99 -99 -1.4123072676871
-99 -99 1.29102413230948 -99 1.45834402140729 -99 1.75451162340768 -99 -99 1.02020724889715
1.49635186341593 -99 1.69889089056964 -99 -99 -99 -99 -99 -99 -99
-99 0.148628159814302 -99 -99 -99 -0.206883824103488 -99 -99 -99 1.12332285925295
-0.567578360931688 -99 -99 0.247198454756105 -99 -99 -99 -99 -1.1646762127587 -99
-99 -99 -99 0.568960638775666 -99 -99 -99 -99 1.79365596858276 -99
-99 -0.354315678564789 -99 1.42990741605322 -99 -99 -99 1.72869419901396 0.975119844133557 -99
-99 -99 -99 -99 -99 0.455121614267287 -99 -99 -99 -1.01513730625689
-99 -99 -99 -99 -99 -99 -99 -99 -99 -99
-99 -99 -99 -99 -99 -99 -99 1.80282661062063 -99 -99
-99 -99 -99 -99 0.468274528524278 -99 -99 -99 -99 -99
-99 3.08607123421706 -99 -99 -99 0.388085468829129 4.114079659939 3.23735419940006 0.0084973522312346 -99
-1.39116815613302 -99 -99 -99 0.892883263590102 -99 1.73192159172792 -99 -99 -99
-99 -99 -99 2.34935075830801 -99 -99 -99 2.66929213870007 3.50604237949106 0.797943052588723
1.85612443626388 -99 -99 -99 -99 -99 3.56681723546061 -99 2.03098195189373 -99
-99 -99 -99 -99 -99 1.04681544500472 -99 0.731213480968073 -99 -99
1.61050970717796 1.27814422147189 -99 -99 -99 -99 -99 -99 -99 -99
1.23963520593974 -99 -99 2.87816427161985 -99 -99 -99 -99 -99 -99
0.0547901838198541 -99 -99 -99 1.88027025681406 -99 2.60103286866657 -99 -99 -99
2.99403795017784 -99 -99 -99 -99 3.44290717514838 -99 -99 1.36226555334626 -99
-99 -99 -99 -99 -99 0.708574830073655 -99 1.42101580371096 -99 -99
-99 -99 -99 -99 -99 -99 -99 -99 -99 -99
-99 -99 -99 -99 0.569114454209791 -99 -99 -99 -99 -99
-99 0.971047338769546 -99 -99 -99 0.336283628328332 -99 -99 2.23755528016599 0.924047437545444
-99 -99 -0.705662939585484 -99 -99 -99 -99 -99 -99 -99
-99 2.06486165163335 -99 -0.610946039628698 -99 -99 -99 -99 -99 1.07859625135269
-99 -0.644411219654047 -99 -99 -99 -99 -99 -99 -99 -99
-99 -99 -99 0.368875730602416 -99 -99 -99 -99 -0.810914634950646 -2.12075335507828
-99 -99 2.69732653822104 4.05590217988961 -99 -99 -99 -99 -99 -99
-99 -99 -99 -99 -99 -0.217017935832941 -99 0.360511336976686 -99 -99
-99 -99 -99 -99 -99 -99 -99 -0.264381481397591 -99 -99
-99 -99 -99 -99 -99 -99 -99 -99 -0.92699340858732 -99
-99 -99 -99 -99 -99 -99 -99 2.2164584739955 3.64153580811592 -99
-99 -99 -0.981952972435105 -99 -0.33231029126147 -99 -99 -99 -99 -0.278040283779609
-99 -99 -99 -99 -99 -99 -99 3.24994534746994 -99 -99
-99 -99 -99 -99 -99 2.76787662938853 3.72546260866746 2.06791366139981 2.47805307583895 -99
-99 -99 -99 -99 -99 -99 -99 -99 -99 -99
-99 -99 -99 -99 -99 -0.105095987102008 -99 -99 -99 -0.958460952367294
-99 0.736016856810069 -0.123052463402063 -99 -0.23414201122323 -99 -99 -99 -99 -99
-99 -99 -99 0.65536493609114 -99 0.530554029163403 -99 -99 -99 -99
-99 4.38794881256675 -99 -99 4.38268965983158 -99 4.10841395601458 -99 -99 -99
-99 -0.36024639717088 0.499449949082827 -0.635681853358126 -99 -99 -0.991591622625996 -0.433233080254781 -99 -99
-99 -99 -99 -99 0.0781354079694201 2.9904058729999 1.92443718479221 0.723558273416145 -99 -99
-99 -99 0.531003047752572 0.435821047039181 -99 -99 -99 -99 -99 -99
-99 3.41344465751407 -99 -99 -99 3.4179589164438 -99 2.83711631379247 -99 -99
-99 1.28013418615505 2.01438133175064 -99 -99 -99 -99 1.84547025847555 -99 -99
-99 -99 2.2076200895892 -99 -99 -99 1.77313802847737 -0.296357669775928 -99 -99
-99 -99 -99 -99 -99 -99 -99 0.767701350772402 -99 1.31465527716563
3.94226473501526 -99 -99 -99 -99 2.56683599207796 -99 -99 -99 -99
-99 1.69989736629669 1.47187098195483 0.776250077685611 -99 3.08584825830917 -99 -99 -99 -99
-99 1.10450859192634 -99 1.780841406901 -99 1.81298570714435 0.402368839913236 -1.77019104601059 -99 -99
-99 -99 -99 -99 2.17957088706314 -99 -99 -99 -99 -99
-99 1.76405453622389 -99 -99 1.64436450864491 -99 -99 -99 -99 -99
-99 0.0522856165471941 -99 -99 -99 -99 -99 -99 -99 -99
-99 -99 -99 -99 -99 -99 -99 1.99289235626086 2.5321199863468 -99
-99 -99 -0.861348755510743 -99 -99 -99 -99 -99 -99 -99
1.6257587230358 -99 0.809852424421935 -99 -99 0.384602419001269 -99 -99 -99 -99
-99 -99 0.16941774187898 0.251535598198737 -99 0.378035276839686 -99 -99 -99 -99
2.81089345213287 -99 -99 2.22647439896788 2.87633606791219 -99 -99 -99 2.7607635236315 -99
-99 1.83046824518137 -99 -99 -99 -99 0.975963761187875 -99 -99 -99
-99 -99 -99 -99 -99 -99 2.78705369181914 -99 -99 -99
-99 -99 -99 -99 -99 -0.611266456245479 -99 0.343260546480791 -99 -99
-99 -99 -99 2.52898632206757 3.55066109372837 1.95153021809028 -99 0.510709728157978 -99 -99
-99 -99 1.65451280157228 -99 0.529238636015295 -99 -99 -99 -99 -99
-99 -99 -99 -99 -99 -99 0.295675315516712 -99 -99 -99
-99 -99 -99 -1.0411037111781 0.374527166174672 -99 -99 -99 -99 -99
0.139819191447564 -99 -99 -99 0.559944976481973 -99 -99 -99 -99 -99
-99 -99 1.10398475590521 -99 -99 -99 -99 -99 -99 -99
-99 -99 5.34569166919931 -99 -99 -99 3.68558280390408 -99 -99 -99
1.13369721355874 1.59931052553536 -99 -99 -99 -99 -99 0.619849703874635 -99 -99
2.93813799351958 -99 2.08887504647007 0.814991856056754 -99 -99 -99 -99 -99 3.47231793195072
1.60860397284935 -99 -99 -99 -99 2.13830209251367 -99 -99 -99 2.40195112630531
-0.938145929205781 -99 0.198814560690977 -99 -99 -99 -99 1.71465679550624 -1.46543518642675 -99
-99 -99 -99 -99 -0.280306422121953 0.542099456093871 -2.30756983340279 -99 -0.195159465042496 0.197691649005785
-0.490850769327927 0.759238449765552 -99 -99 -99 -99 -99 -99 -99 -99
-99 -99 -99 -99 -99 -99 -99 0.0222869606342961 2.97669561009055 -99
-99 1.25368853269205 1.88954428114844 -99 0.345922585087744 -99 -99 -99 -99 -99
-99 -99 -99 1.06581219956662 0.00572512720735774 -99 1.68590940170941 -99 -99 -99
-99 -99 -99 -99 -0.464739247103752 -99 -99 -0.346216980417199 -99 -99
-99 -99 -99 -99 -99 -99 -99 -99 0.497801557211333 -99
-99 -99 0.190161331716767 -99 -99 1.76777663502073 -99 -99 1.97980756720084 0.577957658455349
2.0991285941947 1.75506758026501 -99 -99 -99 -99 -99 -99 -99 -0.131859354401364
-99 -99 -99 -99 -99 -99 -0.396749003212341 -99 -99 3.58313275505935
-99 1.57921107210604 2.66523426916 -99 3.10892322043714 -99 -99 -99 1.89958128923566 2.03422683674431
-99 -99 -99 -99 -99 -99 -99 -99 -99 1.00526719953346
-99 1.48716572421252 -99 2.08593344303922 -99 -99 -99 -99 -99 1.86772635889672
-99 -99 -99 -99 -99 -99 -0.0133470959521538 -99 0.390697754681452 -0.0400465897380937
-99 0.237976459517495 1.02424431593755 -99 1.7238106515267 -99 -99 -99 -99 -99
-99 3.18211768273196 -99 -99 2.66842375743982 -99 2.16434374911334 0.52913617050795 1.02932311080257 -99
-99 3.46946206753603 -99 3.92316799810004 -99 -99 -99 -99 2.14748340898606 -99
1.46819033474475 -99 -99 -99 -99 -99 -99 -99 -99 1.86889883712163
-99 -99 1.30328170130746 -99 -99 -0.28140981181868 -0.194873515937298 -99 -0.117047102054692 1.71198630918415
-99 2.1769470393807 1.20785163833075 -99 3.24043399338023 2.41559301919121 1.12393541761572 0.728676239972033 1.70195874095374 -99
-99 -99 -99 -99 -99 -99 4.11225119287341 -99 -99 -99
-99 -99 1.37558629561342 -99 -99 -99 -99 -99 -99 -99
-99 -99 -99 -99 -99 -99 -99 2.24474636694519 -99 -99
-99 1.66908318651694 -99 -99 -99 -99 -99 -99 -99 -99
-99 -99 2.41872369794393 3.01135930551688 -99 1.54513503810104 3.51772484850585 -99 -99 -99
-99 -99 -99 -99 -99 2.35954406191296 -99 -99 -99 -99
-99 1.09402116787685 -0.0035805424095543 -99 -99 -99 -99 -99 -99 -99
-99 -99 1.28641425374978 -99 -99 -99 -99 1.0426733056272 -99 -99
-99 2.43542904209913 1.89894368583393 -99 3.34929740204189 -99 -99 -99 -99 -99
-99 2.54180242103452 4.6676377042536 2.98389598870658 -99 -99 -99 2.67619969070256 -99 -99
-0.362343344261837 -0.163256553886066 -1.12581374306704 -99 -99 -1.54408383819548 -99 -0.600141508314695 -99 -99
-99 0.0202589597095666 1.14177453485219 -99 -99 -99 -99 -99 -99 -99
-99 0.965152378567277 -99 -1.19671304120539 -99 -99 -99 1.49391981426697 -99 3.44301206167184
-99 0.570710808294363 0.502765592071416 -99 -99 -99 -99 2.21092107728886 -99 2.77872966673943
-99 2.22867450352637 -99 -99 -99 -99 -99 -99 -99 -99
-99 -99 -99 -99 -99 1.91452678776116 2.21369171099478 -99 -0.481237839667416 2.29296079130126
2.34558565553346 -99 -0.852824061342192 1.22348301612513 -99 -99 -99 3.50826283343576 -99 -99
-99 0.175286252476585 -99 -99 -99 -99 -99 -99 -99 -99
-99 -99 -99 -99 -99 -99 -99 -0.402363348793683 -99 -99
1.80566802863966 -99 -99 -0.298610540886643 3.94475695336032 -99 -99 -99 -99 -99
3.57849289042959 -99 -99 -99 -99 -99 -99 -99 -99 -99
-99 0.305292292426124 -99 -99 -0.310261709532496 -99 -0.634402441549555 -99 0.826965314641472 -99
-99 -99 -99 -99 -0.14729017667351 -99 -99 -99 -99 -99
0.0343177619461124 -99 -99 -99 -99 -99 -99 -99 -99 -99
-99 -99 -99 -99 -99 0.821922741048071 -99 -99 2.12617568070385 -99
-99 0.30021398989509 -99 -99 1.13021621518869 -99 -99 1.60491396919058 -99 -99
-99 -99 -99 1.65731073415459 1.95189780579381 -99 -99 -99 -99 -99
1.78013976232809 -99 -99 -99 -99 -99 -99 -0.0748698300404609 -99 0.516104685939234
-99 -99 -99 -99 0.765959190611834 -99 -99 1.58265211001415 0.715829463999079 -0.0174596628866888
-0.366501502657182 -99 -99 1.79654849265022 -99 -99 -99 -99 -1.26024387326486 -99
-99 -99 -99 -99 1.00559176351851 -99 -99 -99 0.84699847921046 -99
-99 3.13323542847241 1.87325538255366 1.12857309881735 -99 -99 0.922658434957548 3.00255450795362 -99 -99
-99 -99 3.5503201029336 0.226194075134966 -99 -99 2.46281112911635 1.90347788064335 -99 1.76672741376305
-99 -99 -99 1.7062245186631 2.46137813878347 -99 -99 -99 -99 -99
-99 -99 -99 -99 -99 -99 -99 2.08071946396161 -99 -99
0.964788252891328 1.13628457931997 -99 -99 3.73800678676215 -99 -99 0.259557060159174 -99 -99
-99 -99 -1.74488847058303 -99 -99 -99 -99 -3.15332872047197 -99 -99
-99 -99 -99 -99 -99 -99 1.11086396154237 -99 -99 -99
-99 -99 -99 -99 -99 -99 -99 -99 -99 -99
3.14653109700988 2.21922927767477 0.88848146697578 3.76608328315487 4.26040437083737 2.6317131772779 -99 -99 2.17297810376241 -99
-99 -99 -99 -99 -99 -99 -1.83164431438415 -99 -99 -99
1.12733817511846 -0.867027278436014 -99 -99 -99 -99 -99 1.23417583019614 0.708016426199384 -99
-99 -99 -99 3.28863337721083 2.19292935363769 -99 -99 -99 -99 -99
-99 -99 3.7876588514824 1.62603961392279 1.33741525186238 -99 -99 -99 -99 -99
-99 -99 -99 -99 -99 1.02189066494448 -99 -99 -99 -99
-99 -99 2.49179818707387 -99 -99 -99 -99 -99 -99 -99
-0.395679257631587 -99 -99 -99 -99 -99 -99 -99 -99 1.1229187505647
2.79409290945047 -99 -99 -99 0.821876405443922 2.02642028518459 2.26580745933809 -99 -99 3.44262159340826
-99 -99 0.769520533267794 -99 -99 1.95197957730732 -99 -99 -99 -99
-99 -99 -99 -99 -99 -99 -1.07451114875463 -99 -99 2.49057379126375
-99 -99 -99 -99 -99 -0.676284443223493 -99 -99 -99 -99
-99 -99 1.74238772119483 -99 -99 3.61220607289711 -99 -99 -99 -99
-0.562105664434188 -99 -99 -99 -99 -99 -99 -0.57221974068985 -99 -99
-99 -99 -99 2.74708408793653 -99 -99 1.04531999806929 -99 1.62810540321502 1.78144890635386
-99 1.43438779176565 -99 0.126386004667217 -99 0.825329402739208 -99 -99 -99 -99
-99 -99 -99 -99 -99 -0.119266257258578 -99 -99 2.16886719131629 -99
-99 -99 -99 -99 -99 2.78121334679209 -99 3.86528851420073 -99 -99
-99 -99 -99 0.56972046631753 -99 -99 -99 -99 -99 0.178070845428682
0.925818928497734 -99 -99 -99 -99 -99 -99 -99 -99 -99
-99 -99 2.67321838111965 -99 -99 0.902860342242062 -99 -99 -99 2.8162320011527
-99 -99 -99 -99 -99 -99 -99 -99 -99 1.78102980207403
-99 -99 -99 -99 0.92888184327124 -99 -99 -99 -99 -99
-1.0381599762554 -99 1.96593448532669 -99 -99 -99 -99 1.05531858614494 -99 -99
-99 -99 -99 -99 -99 0.962113974279198 -99 -99 2.81204306494948 -99
-99 -99 -99 -99 -99 -99 -99 -99 2.11699487009333 -99
-99 -99 -99 -99 -99 -99 1.92578756941898 -99 1.50423200766432 -99
-99 -99 0.0957631779378884 -99 -99 -99 -99 -99 -99 -0.99122507886574
2.10750704495243 -99 -99 -99 2.3963921681697 -99 -99 -99 -99 -99
-99 -99 -99 -99 -99 1.5814337411148 -99 -99 -99 -99
-99 -99 0.395586626154658 -0.0330810884616592 -99 -99 0.686994489013659 1.60465690204866 -99 -99
-99 -99 -99 -99 -99 -99 -99 -99 0.726988002025594 -99
-1.33413764150945 0.177803808776749 -99 -99 -99 -1.28875558566044 -99 -99 -99 -99
-99 -99 -99 2.95680832025827 -99 1.7819325610301 -99 -99 -99 -99
3.87618747688663 -99 -99 3.49110454586376 -99 4.10247076559556 -99 -99 -99 -99
-99 -99 -99 1.26300042138257 -99 -99 -99 -99 -99 1.11881054907027
-99 -99 -99 -99 -99 -99 1.17924220007237 1.58381333357229 -99 -99
-99 0.384133495846682 -99 -99 1.06854488013252 1.41220061361756 -99 -0.245969899263653 -99 -99
0.139350992094327 -99 -99 0.0855380855021617 -99 -99 -99 -99 -99 0.779506174946805
-0.211160294773427 -99 -99 -99 -99 -99 -99 -99 0.611600209005169 -99
1.20179917821955 -99 -99 -99 -0.162986060275428 -99 0.773310208483212 -99 -99 -99
-99 -99 -99 -99 -99 -99 -99 -99 -99 2.45794527362254
0.506262930712697 0.721982424403967 -99 -99 0.215831239136419 -99 -99 -99 -99 -99
1.03675725172845 -99 -99 -99 0.422005554359974 1.86383701514736 -99 -99 -99 1.67911476464885
-0.217472084692414 -99 1.55038306120771 0.0591330666815572 -99 -99 -99 -99 -99 -99
-99 -0.227613423871138 -99 -99 -99 -99 -99 -99 1.76629130303502 -99
0.637284495467085 -99 -99 -99 -99 -99 -0.356818622416398 -99 -99 -99
-99 -99 -99 -99 -99 -99 -99 -99 -99 0.26307297885979
1.88671177009238 -99 -99 -99 -99 -99 -99 -99 -99 -99
1.85217337384665 4.08791295510417 -99 -99 -99 -0.0430720121701473 -99 -99 -99 -99
-99 -99 -99 -99 -99 2.688573511756 -99 -99 -99 1.35597378857985
-99 -99 -99 -99 -99 -99 -99 -99 -99 -99
-99 -99 1.67805344688292 -99 0.0329109680921184 -99 -99 -99 -99 2.85396787141504
-99 -99 -99 0.199335735764229 -99 -99 -99 -99 -99 -99
-99 -99 -99 -99 -99 -99 -99 -0.195873498262138 -99 -99
-99 1.41106052524049 1.50522701392616 -99 -99 -99 -99 0.137273690421051 -0.632254405677789 -99
-99 3.17176269978139 -99 -99 -99 -99 -99 -99 -99 -99
-99 -99 -99 -99 -99 -99 -0.407011377036142 0.834799469973149 -99 -99
0.910763729843148 -99 2.63570199633379 -99 -99 -99 -99 -99 -99 -99
-99 -99 -99 -2.0059971236007 -99 -99 -0.18966890667205 -99 -99 -99
-99 -0.763550770018855 0.607606073036905 1.17902621115445 0.500804526862307 -99 -99 -99 1.06247015829768 -99
-99 -99 -99 -99 -99 -99 -99 -99 -99 -0.155361355599375
-99 -99 0.709769070043057 -99 -99 -99 1.66894871197047 0.143099915325795 -99 -99
-99 -99 -99 -99 -99 0.324050411555825 -99 -99 -99 -99
-99 -99 -99 -99 1.06277485977195 -99 -99 -99 -99 -99
3.33824889907693 -99 -99 -99 -99 -99 -99 -99 -99 0.426526903140225
-0.787195730385593 -99 -99 1.27243518513013 -99 -99 -99 -99 -99 -0.7607973285245
1.87397442233527 -99 -99 -99 -99 -99 -99 -99 -99 1.43628114385032
-99 -0.882863033699251 -99 -99 -1.30927434391085 -99 -99 -0.897865011401676 0.398264279997183 -0.87443540984066
-99 -99 -99 0.879809355155608 -99 -99 -99 -99 -99 -99
-0.0545302250535356 0.536476377775694 -0.843530998052827 -99 -99 -99 -99 -99 0.601999167836102 -99
0.213836304140677 -99 -99 -99 -99 -99 -99 -99 -99 -99
-99 -99 -99 -99 2.73707655691674 3.4608310037829 -99 -99 -99 3.76269487693048
-99 -99 2.20020823520327 -99 -99 -99 -99 -99 -99 1.46430765820729
-99 -99 -99 -99 1.6440480154402 -99 -99 1.9122728014879 1.48142319809569 -99
2.06634327692943 -99 -99 -99 -99 -99 -99 -99 -99 -99
-99 -99 -99 -99 -99 -99 -99 -99 3.90037904078449 -99
-2.07247017786993 0.290632719158835 -99 -99 -99 -99 -99 -99 -1.63947581852606 -99
-99 -99 -99 -99 -0.415226876085026 0.339313550187128 1.24914631467686 -0.397242549438444 -0.343914172770683 -99
-99 1.43162837673436 1.07447995960426 -99 -99 -99 -99 -99 -1.57750723415528 -99
-99 -99 -99 -99 -99 -99 -99 1.55601406822866 -99 1.98739360042687
-99 -99 -99 -99 -99 -99 -99 -99 -99 -99
-99 2.4854077877584 -99 -99 -99 -99 -99 -99 -99 -99
-99 -99 -99 -99 -99 -99 -99 -99 -99 -99
-99 -99 0.391378545013536 -99 -99 -99 -0.816853992407886 0.245252003868679 0.046632874695498 -99
-99 -99 -0.418778783316899 -99 -99 -99 -99 -99 -99 -99
-99 -1.75011718875657 -99 -99 -99 -99 -99 -99 -99 -99
-99 -99 -99 0.717130003421303 -99 -99 -99 -99 -99 -99
-99 1.49891883333634 -99 -1.84553690275508 -99 -99 -99 -99 -99 0.749979033400428
-99 -99 -99 -99 1.61735520985743 1.65737253597221 2.92899183404492 -99 -0.286374163442333 -99
-99 -99 -99 0.817040482805985 -99 -99 -99 -99 -99 2.18888388268855
-99 -99 0.583220285685689 -99 -0.349682104156926 -1.56047248713234 -99 -99 -99 -1.08257457109819
-99 -99 -99 -99 -99 -0.585185489617008 -0.790428794614354 0.218103605497135 -99 -99
-99 0.55887144732033 -99 0.154333387421321 -99 -99 0.214860463160617 -99 -99 -99
-1.49895292282129 -99 -1.09905682543252 -99 -99 -1.71571673529169 -99 -1.54994949347909 -0.391572346874522 -99
-99 -99 -99 -99 -99 -99 -99 -99 2.1797269364871 2.44194049715137
1.32302967610646 -99 -99 -99 -99 -99 -99 -99 -99 -99
2.20821998156305 -99 -99 -99 -99 -99 -99 3.88711640468505 -99 1.82551855117061
-0.282645671791848 -99 -99 -0.97513448985008 -1.89924318980543 -99 -99 -0.453552466922652 -1.39799613966091 -2.23685176497646
-99 -99 0.622175831900613 -99 -99 -99 -99 1.12085706664321 -99 -99
-99 -99 -99 -99 -99 -99 -99 -99 -99 1.4037929709115
-99 -99 -99 -99 -99 0.935740155892936 -99 -99 -99 -99
-99 2.98613323293204 -99 -99 -99 -99 -99 0.654038563235295 0.456675410493544 -99
0.0476280471332294 0.135605732683538 -99 1.36073075690808 -99 -99 -99 1.63481560949569 0.211742662826622 -99
