2.2700681314715 2.56267143999168 -99 1.9064210762765 -99 -99 -99 -99 2.91910746307492 -99
1.67123537879129 -99 -99 1.00056587620234 -99 -99 -99 -99 -99 -99
-99 -99 -99 -99 -99 -99 -99 -99 -99 -99
0.125939964624396 -99 -0.665521425113002 -99 -99 -99 -99 -99 -99 -2.10715475409187
-99 -99 -99 -99 -99 -99 -99 2.12513585326469 3.78196670596937 -99
-99 -99 -99 -99 -99 -99 2.5973677367304 -99 -99 -99
-99 -99 1.97740829576407 3.27808294899786 -99 -99 -99 -99 -99 -99
-99 -0.136793181295261 -99 -99 -99 -99 -99 -0.816253174268387 -99 -99
0.760848482440654 -99 -99 -99 -99 0.954193141916428 -99 -99 -99 -99
-99 -99 1.80025133157242 -99 1.34782094573913 1.77166526360281 2.02112723601133 -99 -99 -99
-99 0.742952213484859 -99 -99 -99 0.227512801647219 -99 -99 -99 -0.783533414895698
-99 -99 -99 -1.07248195491767 -99 -99 -99 -99 -99 -99
-99 -99 -99 1.77460638279759 -99 0.758721624473947 2.34255339676328 -99 3.78161923988579 -99
-99 -99 -99 -99 -99 -0.678356735654395 -99 -99 -99 -99
2.15494051560349 -99 -99 -0.378471378081615 -99 -99 -99 -99 -99 1.25017503868143
-99 -99 -99 -99 -99 -99 -99 -99 2.14810645643644 0.387537466535273
-99 -99 -99 -99 0.475926072574833 -99 -99 -99 -99 -99
-99 -99 -99 -99 1.02858282859949 -99 -99 -99 -99 -99
-99 -99 -99 -99 -99 -99 -99 -99 -99 -99
-99 -99 -1.48925636829211 -99 -99 -99 -99 0.224713246260021 -1.49371824291845 -99
0.823718824623344 -99 -0.0841579057213979 -99 2.69449672756323 -99 1.50218039721956 0.194452656374653 -99 -99
-99 -99 -99 -99 -99 -99 -99 -99 -99 -99
-99 0.449357939311876 2.96190643371103 2.12709154715516 -0.709717594740097 -99 -99 1.70490632118469 2.68479629965644 -99
-99 1.08729964158884 -99 -99 -0.196473610421459 -99 -99 -99 -99 -99
-99 -99 1.8768218707461 -99 -99 0.605405006310363 -99 -99 -99 -99
3.03747052183685 -99 2.42162674475114 -99 -99 3.32097493992861 2.2870966531527 -99 -99 -99
-99 -99 -0.146182429756629 -99 -1.40076903565718 -99 -99 -99 -99 0.0414469291640966
-99 -99 -99 -99 -99 -99 0.452721701592736 0.746812000627442 -1.02533461848505 -99
-99 -99 -99 1.74669179281363 -99 -99 -99 -99 -99 -99
-99 -99 -99 -99 1.54883241961972 -1.72717326518778 -99 -99 0.240840605468847 -99
-99 -99 -99 -99 -99 -99 -99 -99 -99 -99
1.1451171167106 -99 -99 -99 1.92466385776709 -99 -99 -99 -99 -99
-99 0.0558265956610116 -0.121246543883169 1.81807084230898 -99 -99 -99 -99 -99 -99
-99 3.19358723736226 -99 -99 -99 -99 -99 -99 -99 -99
-99 1.43242266784351 1.07723194368795 -99 0.740938731375759 -99 2.21912429637892 -99 -99 -99
-99 0.337972264790979 1.77644600303454 -99 1.28729477948995 -99 -99 -99 0.896694457076309 -99
-99 -99 -99 3.10857329658981 2.22067752089398 -99 0.648366066707506 -99 -99 -99
-99 -99 -99 -99 -99 -99 -99 -99 -99 -99
-0.237182792127713 -99 -99 1.45682728842192 -99 -99 1.22402079164794 -99 -99 -99
-99 -99 3.15408013560145 -99 -99 1.25068143794829 -99 -99 2.2369953785744 -99
-99 -0.388736279278362 0.499935558557031 -99 -99 -99 -99 -99 -99 -99
-99 3.46631811518984 -99 -99 1.51488134938146 1.61167340521082 -99 -99 -99 -99
-99 -99 -99 -99 -99 -99 -99 -99 -99 -99
-99 -99 0.465967463921374 -99 -99 -99 0.821214375111701 -99 -99 1.26875357236544
1.06325443434705 -99 -99 -99 0.86961390144348 -99 2.01530720117104 -99 1.50245494843788 -99
-99 -99 -0.0346274507050368 -99 -1.1323146136733 -99 -99 -99 -99 -99
-99 -99 -99 -99 -99 -99 -99 -1.34532446561221 2.15470275097525 -99
-99 -99 -99 0.926730886796441 -99 -99 -99 -99 -99 -99
1.57701902542077 -99 -99 -2.14105341396702 0.624390325075386 -99 -99 0.543090177754443 -99 -99
-99 -99 -99 -0.969385163155929 2.04871274812486 -99 -99 -99 -99 -99
-99 -99 -99 0.791013046138762 1.77949312712871 0.17054662289062 -99 -99 -99 -99
-99 -99 -99 -99 -99 -99 -99 1.24871844466211 -99 -0.258353044332138
-99 4.68357100981923 -99 3.10485169921993 1.01268689819551 1.79699321356177 -99 -99 2.53544220729939 -99
-99 -99 -99 -99 -99 -99 -99 -99 -99 2.17643411626524
-99 2.11584052707537 -99 -99 -99 -99 -99 2.30311472691053 -99 -99
-99 -99 -99 -99 -99 -99 -99 -99 -99 -99
-0.855181619224887 0.340892928832995 -99 -0.502487072782394 0.0305277782015062 -99 -99 -99 -99 -99
-99 -99 -99 -99 -99 -99 -99 -1.22730323026821 -99 -99
2.94756507958558 1.97414141118245 2.52163523881759 -99 -99 -99 -99 -99 -99 1.81112578496363
-99 -0.710024686947167 -99 1.11720141936955 0.252363044342349 -99 -99 -99 -99 -99
-0.113242926228339 -99 -99 -99 -0.538754650901297 -99 -99 -99 -99 -99
-0.509067938821823 -0.137993140774487 -99 -99 -99 0.0285845010942133 -99 -99 -99 -99
1.66891198678893 -99 -0.680031264550107 -99 -99 -99 -99 -99 -99 -99
-0.912834754547322 0.689667953130838 -99 -99 -99 -99 -99 -99 -99 -99
2.31955164608912 -99 -99 -99 -99 -99 -99 -99 -99 1.34706805046576
-99 -99 -99 -99 -99 3.59022530158463 -99 -99 -99 -99
1.18257431888855 1.25254253344634 -99 -99 -99 -99 -99 -99 -99 -99
-99 0.434876014976816 -99 -99 1.64253616989185 0.96178139551595 1.89930567152533 1.11338915611745 -99 -99
-99 -99 -99 -99 -99 -99 -99 -99 0.486120268119582 0.0616895644250033
2.61779135602221 -99 -99 -99 -99 -99 -99 -99 -99 -99
-99 -99 -99 0.762662504563431 -99 -99 -99 -99 -99 -99
-99 -99 -99 -99 -99 -99 -99 1.51397370820187 1.58377289647925 -99
-99 1.52088472759575 2.78852102788364 -99 -99 -99 -99 1.99766667711111 -99 -99
-99 -99 -99 -99 1.82669440167796 1.64548154225882 -99 -99 -99 -99
0.174802869866821 -99 -99 -99 -99 1.46209807473635 -99 -99 0.262682137798568 1.36537658418892
3.95941446387432 2.51503308361199 -99 -99 -99 -99 3.17028165228843 -99 3.24406047547342 -99
1.29009460724841 -99 0.489819084463426 -99 -99 -99 2.31443430370886 -99 -99 -99
-99 -99 -99 2.6950993560489 3.77667877316985 -99 -99 2.27570170905438 -99 -99
-0.158547021355887 -99 -99 -99 -99 -99 -99 0.560152485473168 -99 0.941418082651456
-99 -1.18627551130798 -1.13084074129124 -99 -99 0.747354169238548 -99 0.257690088280995 -1.93469015339349 -99
-0.372649097618402 -0.530906342230644 0.111429589256059 -99 -99 -99 -99 0.787145492020361 -0.0045320064657759 -99
-99 -99 3.1638188483096 -99 3.59299356381975 2.39340820385455 -99 -99 -99 -99
-99 -99 -1.6998492450607 -99 -99 -99 -99 2.131587226157 -99 -99
-99 -1.93403407362993 -99 -99 -99 -0.230626962230424 -99 -99 -99 -99
0.298323910710579 -99 -99 -99 -99 -99 -99 -99 -99 -99
-99 -99 -0.370932710368358 -99 -99 -99 -0.312293612950432 -99 -99 1.24357752073172
-99 -99 -0.512021024859741 -99 -99 -0.305336957169461 -99 -99 0.871638246678172 -99
1.67127730021195 -99 2.17486814362929 1.84761249901046 -99 -99 2.42345131159637 -99 2.5703789727665 -99
-99 -99 -99 -99 -99 -99 -99 -99 3.50395190866831 -99
-99 -99 -99 -99 -99 -99 -1.99396721963145 -99 -99 -1.33497441647458
-99 -99 -99 -99 -99 -99 -99 -99 -99 -99
-99 -99 -1.71370258832553 -99 -99 -99 -99 -99 -99 2.24196589821623
2.84876105446007 -99 -99 -99 -99 -99 3.27854742927129 -99 -99 -99
-99 -99 1.03351685914835 -99 -99 -99 0.907705890208061 0.996412128104639 -99 -99
-99 -99 -99 -1.45348792368334 -99 -99 -0.787679214605734 -99 -99 -99
-99 -99 -99 -99 -99 -1.5983623090117 -99 -0.869828756635662 -99 -99
-99 -99 -99 -99 -99 -99 -99 -99 -99 -99
-99 -99 -99 -99 -99 -99 -99 -99 -99 -99
-99 -99 -99 0.780138517672262 -99 -99 2.11243781863882 3.95109182565578 -99 -99
1.908030245562 -99 -99 -99 2.56934426834255 -99 -99 -99 -99 -99
-99 -99 0.427318045961818 0.76472817934988 -99 -99 -99 1.16402911968162 -99 -99
-99 -99 -99 1.83565753283784 -99 -99 -99 -0.0230121625533226 -99 -99
-99 -99 -99 -99 1.54535337295632 1.03523293340747 -99 -99 -99 0.282209344643619
1.33988600014867 3.62033552015473 -99 -99 -99 -99 1.54807559590474 1.15000911015174 -99 -99
-0.83800742109949 -99 -99 -0.124351178826927 -99 -99 -0.664610112869112 -99 -99 0.236973853884701
-99 -99 -99 1.02430933401881 1.71076909391012 -99 -99 -99 -99 2.05279067282128
-99 -99 -99 -99 -99 -99 -99 -99 -99 -99
-99 -0.294119031231609 -99 -99 -99 -99 -99 -99 -99 1.59033883230355
2.72140015142202 -99 -99 -99 -99 -99 -99 -99 -99 1.356943369081
-99 -99 -99 -99 -99 2.19923865911471 -99 0.839995430205306 -99 -99
-99 -99 -0.504958730094135 -99 -99 -99 -0.703200185204279 -0.275793426934823 -99 -99
-99 -99 -99 -99 0.973995004056947 -99 -99 2.24442827158363 0.693404694303285 -99
0.403159449347446 -99 -99 -99 -99 0.180494635814795 -99 -99 -99 -99
-99 0.669891991050767 -99 -99 -99 -99 -99 -99 -99 -0.0976395512235719
-99 -99 -99 -99 -99 1.65969527687528 -99 -99 -99 -99
-99 1.01659446529452 -99 -99 -99 -99 -99 -99 -99 -99
-99 -0.432141754562936 0.59622230380447 -99 0.918676928588541 -99 -99 -99 -99 -99
-99 -0.707025319681224 -99 -2.41729397767042 -99 -0.767663507731492 -99 -0.351807975771338 -99 -99
-99 -99 -99 -99 -99 -99 -99 2.84970348091649 -99 -99
-99 -99 0.684327808236576 -99 -99 -99 -99 -99 3.26987866638745 -99
3.74613496692891 -99 0.511763702300998 -99 -99 1.17892419111762 -99 -99 -99 -99
-99 2.93360448531694 -99 -99 -99 -99 -99 1.51462999026656 -99 -99
-99 -99 -99 -99 -99 -99 -99 -3.01685928022523 -99 -2.001981571014
-99 2.14025188655296 -99 -99 -99 3.95091144367708 2.99473590547204 -99 2.91608759812711 -99
-99 -99 -1.08663134670963 0.774172981608319 -99 -99 -99 -99 -99 -99
1.55211064100723 -99 -99 2.94906630311881 -99 -99 -99 -99 -99 -99
-99 -99 1.70488196423753 -99 -99 1.69621987472759 -99 -99 -99 -99
-99 -99 -99 -99 -99 2.86375018129779 -99 1.05238327748846 -99 -99
-99 -99 -99 -99 -99 3.36407782394769 2.71730038305109 2.49642012247446 -99 -99
1.98420861014141 -99 -99 -99 1.29915812646217 2.07501207764307 -99 1.94915883461691 -99 2.0437022111077
1.68287029009839 -99 1.74504318445015 -99 -99 -99 -99 -99 2.64014668992704 -99
-99 -99 -99 -99 -99 -99 -99 -99 -0.244432435053612 -99
-99 -99 -99 -99 -99 -99 -99 -99 -99 -99
-99 -0.770994120358481 -99 -99 3.02389040113038 -99 -99 1.8011383171778 -99 2.79163124851313
-99 -99 -99 -99 -99 2.91489021358631 -99 -99 0.806846333784288 0.865086233156508
-0.358877314201325 -99 -99 -99 -0.218723039910893 -99 0.798367788352784 -99 -99 -99
-99 -99 1.676151455712 -99 -99 -99 1.59795811323053 -99 -99 -99
-99 -99 -99 -99 -99 -99 -99 -99 -99 -99
-99 4.69077456338254 -99 -99 2.0650827524911 -99 -99 -99 -99 -99
3.21604502642729 -99 -99 -99 -99 -99 -99 -99 -99 -99
0.160173990760536 -99 -0.255784719103648 -99 -99 -99 -99 -99 -0.0746888522707638 0.528046304527806
-99 -99 -99 -99 -99 -99 -99 -99 -99 -99
-99 -99 -99 3.46754090472117 -99 -99 -99 2.55226839903976 -99 -99
-99 -99 0.25528973454129 -99 0.30866727242842 -99 0.159101973221449 1.57197889056269 -99 -99
-99 -99 -99 -99 -99 -99 -99 -99 -99 -99
-99 -99 -99 -99 0.872305854098715 -99 -99 -0.080028116854941 -99 -0.631533500103472
-99 -99 -99 -99 -99 -99 -99 -99 -1.233876455552 -99
-99 3.22284217130133 -99 -99 -99 -99 -99 2.03186460807582 4.05125682626937 -99
-99 -1.08881990163376 -99 -99 -99 -1.09467888851095 0.630225790072647 -99 -99 -99
-99 0.81255411161387 -99 -99 -0.0133339390949347 -99 -99 -99 -99 2.44061072397207
-99 -99 -99 -99 -99 -99 -99 -99 -99 -99
-99 -99 0.407512750276685 0.994097142396804 -99 0.356522205154113 -99 -99 -99 -99
-99 0.586847334582388 -99 -99 0.91580804003927 -99 -99 -99 -99 2.29526532458825
-99 2.40232784192499 -99 -0.775366637894579 0.520841617574125 -99 0.764996092267839 2.50246106153208 -99 -99
-99 -99 -99 -99 -99 -99 2.53787116187897 -99 -99 -99
-99 -99 -99 -99 0.219059982188756 0.757520784940357 -99 -99 -99 -99
2.246478351862 -1.06625336324306 -99 0.247702117176603 0.898441920242969 -99 -99 -99 -99 -1.20049904033687
-99 -0.440021450368864 0.896508878024318 0.389565135668622 -99 -99 -99 -99 -99 -99
-99 1.05518466263321 -0.0460649691988451 -99 2.83850587369459 -99 -99 -99 -99 -99
-0.596346772602138 -99 -99 -99 -99 -99 -99 -99 -1.57427298780417 -99
-99 2.82980447979472 -99 -99 -99 -99 -99 -99 -99 -99
1.3411261435242 -99 -1.30290403852311 -99 1.07586358144445 -99 0.0979392613314715 0.361608260920251 0.548909907838043 -99
-99 -2.21813378724488 0.384983270068223 -99 -99 0.760316367730614 0.391689172658032 -1.00358946678861 -99 -99
-0.114158735815109 -99 -99 -99 -99 0.920900476166703 -99 -99 -99 -99
2.3851951479375 -99 3.37993965256682 1.29836377729923 -99 0.778542755040048 -99 -99 -99 -99
-99 -0.0684601587793952 -99 -99 -99 -99 1.55498088830955 2.10617499741597 -99 -99
-99 -99 -99 3.41767013890551 -99 -99 2.20787742833299 -99 -99 -99
-99 -99 -99 1.23350527499002 -99 -99 -99 -99 -99 -99
2.84912393000892 -99 -99 2.32314077948666 -99 -99 -99 -99 -99 -99
-99 3.69196775087493 -99 3.58003289095469 -99 2.75014241527653 2.76363085928342 -99 -99 -99
-99 -99 -99 -99 -99 -99 1.35328397731771 0.308272668700794 1.118055087064 1.71314729955699
2.50363057071374 -99 -99 -99 -99 0.044037627190324 -99 -99 -99 -99
-99 -99 1.42338030875531 0.377537503769663 -99 -99 -99 -99 -99 -99
-99 2.40063921023675 -99 -99 -99 -99 2.39962360037158 -99 2.60218516799765 -99
-99 -99 -99 -99 -99 -99 -99 -99 -99 1.87640390038849
2.55724365617377 -99 -99 1.50156142649843 2.02438213345358 -99 3.43982687269973 -99 2.54872990955088 3.56171286758781
-0.740540713631977 -99 -99 -99 -99 -0.835278326074927 -99 -99 -99 -99
-0.5602059503222 -99 -99 -99 -99 -99 -99 0.786405618598292 0.822292500146016 -99
-99 -99 -99 -99 -99 2.73792918209169 -99 -99 0.577368249256766 -99
-99 1.43303881765905 3.09109043263565 -99 -99 1.18558791591466 0.916346784064013 -99 1.51574799638614 1.99510332713963
-99 0.629183048171819 2.28519295945953 0.762318487021935 -99 -99 -99 -99 -99 2.13132971572708
-99 -99 -99 -99 -1.41067699340842 -99 -99 -1.08155521803932 -99 -99
-99 -99 -99 -99 -99 -0.124025128684355 -0.28954600099866 -99 -99 -99
0.54884603541704 -99 1.51461965513972 -99 -99 0.942484667499509 -99 -99 -99 -99
-99 -99 1.31354679351129 -99 -1.38263854533681 -99 -99 -99 -0.456376348340341 -99
1.85541529158346 -99 -99 -99 -99 -99 -99 -99 -99 0.997794561647852
-99 -99 2.7477012662255 -99 -99 -99 -99 -99 2.63030075236631 -99
-99 -99 -99 -1.35001181377137 -99 -99 -99 -99 -99 -99
1.10057735921809 -99 -99 -99 -99 -99 1.08656095279521 2.02559801232604 -99 -99
-99 -99 -99 -99 -99 -1.88722300720635 -99 -99 -99 -99
0.63608071380472 -99 -99 -99 -99 1.71614721561733 -99 -99 -99 -99
-99 -99 -99 -99 -99 2.13090096492181 -99 -99 3.19071017875487 1.29404034140099
-99 -99 -99 -99 -99 1.74393878173614 -99 -99 -99 -99
-99 -99 -99 1.10621925311099 -99 -99 0.0971614116565355 -99 1.47009323158437 -99
3.16502807786066 -99 3.63735611714485 -99 -99 -99 -99 2.91293373004019 -99 -99
-99 -99 -99 2.75459834488164 2.45853816745772 -99 -99 -99 -99 -99
-99 -99 -99 -99 -99 -99 -99 -99 -99 -99
-99 -99 -99 -99 -99 2.55226776390696 4.20550217825479 -99 -99 1.83561048261041
-99 -99 -99 -99 -0.577383165108354 -99 -99 3.03889699297674 -99 1.33975725550696
-99 -99 -0.130932731392173 -99 -99 -99 -99 -99 -99 -99
3.08787653643178 -99 -99 -99 -99 -99 -99 -99 -99 -99
-1.65812362202222 -99 -0.720064119789683 -99 -99 0.885806145632374 -99 -99 -0.0859367612590798 -0.205841755879179
-99 -99 -99 2.66812852687868 -99 -99 -99 -99 -99 -99
-99 -99 1.64291104877342 -99 -99 -99 -99 2.9126158987198 -99 -99
1.60292903099648 1.31721730254887 -99 -99 -99 0.152615022631367 -99 0.792604994659374 -99 -99
-99 -99 -99 0.412376381393127 -99 -99 1.1071903993242 -99 -99 -99
1.00543668706222 2.40770814269309 -0.631608473257166 0.544772437898267 -99 -99 -1.07260275910516 -99 -99 -99
-99 1.34064288790083 -99 -99 -99 -99 1.31397018058298 -99 -99 -0.183972077869905
-99 -99 -99 -99 -99 -99 -99 -99 -99 -99
-99 -99 -99 2.99953426353879 -99 4.92261501756102 -99 -99 -99 -99
-99 -99 -99 0.260596250582353 -99 0.801527979985219 -99 -99 -99 2.05362534348853
-99 -99 -99 -99 -99 -99 -99 -99 -99 -99
-99 -99 -99 -0.181132507478026 -99 -99 -99 -99 -99 -99
1.57423529699349 -99 -99 -99 -99 -99 -99 -99 0.219934706435358 -99
3.92470780643121 -99 2.96611594198882 -99 -99 1.33722709650482 -99 -99 -99 1.65013182477786
-99 -99 0.157386506295154 0.887274192763662 -99 -99 0.0231337926719173 -99 0.143259017467119 -99
-99 -99 -99 1.6751074639354 -99 -99 1.67727089184524 -99 2.32204429431389 1.09371365179428
-99 -99 -99 -99 -99 -99 -99 -99 -99 -0.635279928959128
-99 -99 -99 -99 5.75876631629855 3.49409116538876 3.58763235300255 -99 -99 -99
2.99548242151159 0.586519855822819 -99 1.47284195996673 -99 -99 -99 -99 -99 0.74263086456462
-99 -99 -99 -99 -99 -99 -99 -99 -99 -99
-99 -99 1.73069291784476 1.4874025294274 3.41953864076904 -99 -99 -99 -99 0.260908128415942
0.347812892756516 -99 -0.132386590455943 -99 -99 -99 -99 -99 -99 1.00870609643312
-99 -99 -99 -99 -99 -99 -99 -99 -99 -99
-99 -99 -99 -99 -99 0.977926182502404 -99 -99 -99 -99
-99 -99 -99 -99 0.976386134386954 -0.385214677656181 -99 -99 2.1693678414631 -99
1.27359761359383 -99 0.140357596356198 -99 -99 1.04758999971868 -99 -99 -99 -99
-99 -99 0.853879448777398 -99 -99 -99 -99 -99 -99 -99
-99 2.05869149110307 -99 -99 -99 -99 1.26964626643369 -99 -99 -99
-99 2.74873661990314 -99 -99 -99 -99 -99 2.55161053983483 -99 2.24082263742374
1.96886171298454 -99 0.239521895299337 1.0545759719365 -99 -99 -99 -99 -99 0.286152350438701
-99 -99 -99 -99 -99 -99 -99 -99 2.52901078789854 -99
-99 -99 -99 1.57674963523793 -99 -99 -99 1.67721899398023 -99 -99
-99 -99 -99 -99 -99 -99 -99 1.85836870462928 2.0714356297406 -99
-99 -99 -99 -99 -99 -99 0.415358264181297 -0.288383072238899 -99 1.96392187210962
-99 1.61023587918026 -99 -99 -99 -99 2.12627814496671 -99 -99 3.04698644164573
-99 -99 -99 1.22768359025427 -99 -99 -99 -99 -0.457787294264499 -99
1.86260293965025 1.32757252292856 -99 -99 -99 -99 -99 0.286934267626356 0.219166376995029 -99
-99 2.6461904419538 -99 -99 -99 -99 2.9983849616572 -99 2.22168843282829 -99
-99 2.51875057351939 3.12081382727596 -99 -99 -99 -99 -99 -99 -99
-99 -99 -99 -99 3.66143523611537 -99 -99 -99 3.66624204939823 4.68219292068021
-99 1.70652340036638 -0.556893861291651 0.653115542454359 -99 -99 -99 -99 -99 -99
1.31656753675898 -99 -99 -99 -99 2.1444798301156 -99 2.09418434289898 -99 2.58861929528168
-99 -99 -99 -99 -99 2.67481573184839 -99 3.13983098182307 2.052647118211 1.91454887283511
-99 -99 -99 -99 -99 -99 -99 -99 -99 -99
-99 -99 2.74150583396711 -99 -99 1.51704146102656 -99 -0.00905047926738067 -99 0.833323797304162
-99 -99 -0.778459854500071 1.92005651893827 -99 -99 -99 -99 -99 -99
-99 -99 1.53672864023724 -99 -99 0.527711113881462 -99 -99 -1.8649474478941 -99
0.390384432133478 -99 -99 -0.0653172102029838 0.904827013513453 0.471629998410954 3.71904959908715 -99 -99 -99
1.42709410363681 -99 -99 -99 1.47424767230344 -99 -99 -1.04560966280087 -99 2.57390943473948
-99 -99 -99 -0.73526156868595 -99 -0.976970839150888 -99 -99 -99 -2.20497489206122
-99 -99 -99 -99 -99 -99 -0.322350901942137 -99 -99 -99
-99 -99 -99 -99 -99 -99 -99 -99 -99 -99
-99 -99 0.678328919192496 -99 -99 -99 -99 -99 2.76914109989908 -99
-99 -99 -0.139236724686506 -99 -99 -99 -99 3.06877233204956 -99 -99
-99 -99 0.620467827174466 -99 -99 -99 -99 -99 -0.956749127540316 -99
-1.90797477805847 -99 -99 -99 -99 -99 -2.83109518887556 -99 -99 -99
-99 0.0031973118343589 -99 -99 -99 -99 -99 -99 1.2699216956407 -99
-99 -99 -99 -99 -99 -99 -99 -99 0.606395641645572 -0.845422175901151
1.8623647606648 -99 -99 -99 -99 -99 -99 -99 1.18547022337572 -99
-99 -99 -99 -99 -99 -99 -99 -99 -99 0.513786652904457
0.276309403618527 -99 -0.857792787475702 -99 -99 2.81783037238703 -99 -99 -99 -99
-1.14579489136093 -99 -99 -99 1.52637623075797 -0.759851105862275 -99 -99 -99 -99
-99 -99 2.11938259495056 -99 -99 -99 -99 -99 -99 0.833635558740742
1.63970386183241 -99 -99 -99 -99 -0.0318365069401241 -99 -99 0.784247993308577 -1.94264498368101
-99 -99 -99 -99 -99 -99 1.81989404315054 -99 -99 -99
2.83635452688096 -99 -99 -99 -99 -99 2.38817929506169 -99 2.0496866696001 -99
-99 -99 -99 -99 -99 -99 -99 -99 -99 -99
-99 -99 -99 -99 -99 -99 -99 -99 1.64168481123472 -99
0.47717602273096 -99 0.0201994350996269 -99 -0.991939181237514 -99 -99 -99 -99 -99
-0.430646983514491 -99 2.43740385155597 0.865949836192898 -99 -99 -99 -99 -99 -99
2.05013597846927 0.676428745143298 -99 0.793062237682291 -99 1.94302033759698 -99 -99 -99 -99
-99 -99 -99 -99 -99 -99 -99 0.955927350295557 1.62489984261798 -99
-99 -99 -99 -99 -1.58139141627967 -99 -99 -99 -99 -99
-99 -99 -99 -99 -99 -99 -99 -99 -99 -99
-99 -99 0.908485039490243 -99 -99 -99 -99 0.81998119167734 -99 -99
0.0387726101723036 3.70651903362697 -99 -99 -99 -99 -99 2.06731414131111 2.29848581976729 -99
-99 -99 1.81011472442964 -99 2.42905171033571 -99 2.13709301683717 1.9495749539402 -99 -99
-99 -99 3.843048080096 -99 -99 4.39363142676004 4.16657400925801 -99 -99 3.49510705960573
-99 2.04014393582379 0.733663254071075 -99 -99 -99 -99 -99 -99 -99
-99 2.527442491356 -99 -99 -99 -99 1.50552009350947 1.509743140067 1.12293370230275 -99
0.680507503869539 -99 -0.671141898190286 0.0720386104126546 -0.0280100508922383 -99 -1.00240289085998 0.0987957939355424 0.821612307400517 -99
0.939260175621814 -99 0.199713828099365 -99 0.598712123173425 3.041282093522 -99 -99 -99 -99
-99 -99 -99 -99 -99 -99 -99 -99 -99 -99
-99 0.411836688736983 -99 -99 -99 -99 -99 -99 0.936497135574106 -99
-99 0.986123615886644 -99 -0.244760433619017 -99 -99 -99 -99 -99 -99
-99 0.607648589757037 -99 -99 -99 -0.898961945726436 0.93699715910673 -99 -99 0.501608191841663
0.891168610373802 3.29192203134311 -99 2.03694402982571 0.0802504536266956 2.5436688100009 -99 -99 -99 -99
-99 -99 -99 -99 0.830064663696564 -99 -1.15192743680748 -99 -99 -99
-99 -99 -99 -99 -99 0.37063254201808 -99 -99 -99 0.601508630515578
-99 -99 -99 -99 -99 -99 -99 -99 -99 -99
-0.933900508793319 -99 -99 -99 0.776677202084273 -99 -2.18005143264709 -99 -0.944957799962627 -99
-99 -99 2.88213201566285 -99 1.14302196061556 -99 -99 -99 2.61505208911823 -99
-99 -0.377539185843233 -99 -99 -99 -99 -99 -99 -0.958959680703102 -99
-99 -99 -99 -99 -99 -99 -99 2.03608812102405 2.3950174430797 -99
-99 -99 -99 -99 -0.617431954675882 -0.143229227750175 -99 -99 0.750330713935432 -0.0520146050430108
-99 -99 1.97983348177185 3.13273254098432 -99 -99 -99 -99 -99 -99
-99 -0.46590403130955 0.775344484135547 -99 -99 -99 -0.54190918528938 -99 -99 -1.47921905205716
-99 -1.01570616923101 -99 0.978611994200314 0.895506986901937 -99 -99 -99 -99 -99
-99 -99 -99 -99 -0.756121947649156 -99 -99 -99 -99 -99
-0.313296492915733 1.62961870651817 -99 -99 -99 -99 -99 -99 -99 -99
-0.207332238552272 -99 -0.00440283165049471 -99 -99 -99 -99 -99 -99 -99
-99 -99 1.39769392304797 1.76194591161929 -99 -99 -99 -99 -99 0.691825732029652
-99 -99 0.852380405411463 -99 0.229702654791939 -99 -99 -99 0.174680428869341 -99
-99 1.74682989930056 -99 -99 -99 -99 -99 0.859643826526079 2.59923657831554 -99
-0.356713218596062 -0.0346942189197443 -99 -99 0.845587553037023 -1.00414249516778 -99 -99 -99 0.523728436840786
-99 1.96523087929198 -99 -99 -99 1.86861236298259 -99 -99 -99 -99
2.07156571235165 -99 2.5553944181431 2.22658848245409 -99 -99 2.9465150494496 -99 -99 -99
-0.116601937202182 -99 0.0720695452347939 -99 1.60037138594194 -99 -99 -99 0.337928301777101 -99
-99 -99 -99 -99 1.2530517778612 -99 -99 1.4889777170629 -99 -99
-99 -99 -99 -99 0.936965811518056 -99 -99 0.489369880188182 -99 -99
-99 3.08957030527127 1.81126730125191 -99 1.34431388563 4.27007550179921 -99 2.61624892397873 -99 3.24356859146805
-99 -99 -99 -99 -99 -99 -99 0.503907815382961 -99 -99
-99 -1.69483266519354 -99 3.2059817660855 -0.811423843462355 0.221772540270319 -99 -99 -1.14009349198222 -0.636848682401329
2.15647131137978 -99 -99 -99 1.78890197306705 -99 -99 1.13211173415187 -99 -99
-99 -99 -0.358182418350658 -99 1.90931205104994 -99 -99 -99 -0.945505422372942 0.462086795740658
0.256865066248266 -99 0.830909720817425 -99 -99 -99 0.147928436526447 -99 -99 -0.147041311170977
-99 -99 0.158817982379183 -99 -99 -99 -99 -99 -99 -99
-99 0.2424534199863 1.22166192471927 -99 -99 -99 -99 -2.09766184017324 -99 -99
-1.04308643148821 -99 -1.82658219663863 -0.0559685105587637 -99 -99 -0.183128279545024 -99 -99 -99
0.776078838997305 -0.853749088189437 -99 -99 -99 -99 -99 1.08619702197021 -99 -0.308705744492844
-99 -99 -99 -99 -99 -99 -99 2.95003925982827 -99 -99
-99 -99 1.15057771587514 0.735322133891261 -99 -0.232222891138938 -99 -99 -99 -0.273992369126493
-99 -99 -99 -99 -99 -99 4.02794650064392 -99 0.863198308088269 -99
-99 -99 -99 -99 -99 -99 -99 0.453066980245967 -99 -99
-0.729042459443665 -99 -99 -99 -99 -99 1.85317821670353 -99 -0.354386469999943 -99
-0.365172697340129 -1.06592243879344 -99 -99 -99 -99 1.13715877306178 -0.403017405016628 -99 -99
-99 -99 2.68200978763613 -99 -99 -99 -99 -99 -99 -99
-99 2.57880086903092 -99 0.765488921457334 -99 2.35902003560543 4.19250732276314 -99 -99 -99
-99 -0.091419337959977 -99 -1.80448584161493 -99 -99 -99 -99 -99 -1.07142926294843
-99 1.3153660973962 -99 -99 0.447456835094095 -99 -99 -99 -99 -99
-99 -99 -99 -99 -99 -99 -99 -99 -99 -99
-99 1.36204062233594 -99 -99 -99 2.2886321915217 -99 -99 -99 -99
-99 -99 -99 1.74312646884989 -99 1.35506785957964 -99 -99 2.50264126941289 1.76635231296595
-99 -99 -99 -99 -99 -99 1.65565348360725 -99 -99 3.49405667830789
-99 -99 -99 -99 -99 -99 -99 0.483276746519022 -99 -99
-99 0.868228765627293 -99 -99 -99 2.35670561389111 -99 -99 -99 -99
-99 -99 -99 -99 1.48654071599287 0.155817096278322 -99 0.513415673848456 -99 -99
-99 -99 -99 -99 -99 -99 -99 -99 -99 -99
-99 -99 -99 -99 -99 -99 3.13464413722181 -99 -99 -99
-99 -99 -99 -99 0.672798111265055 0.0890436639590947 -99 2.4421440469904 2.0013588822926 -99
-99 -99 -0.0590904478745697 -99 -99 -99 -99 0.540488609578551 -99 -99
-99 -99 -99 -99 -99 -99 -99 -99 0.405140358358524 -99
-99 -99 -99 -99 -99 -99 -99 -99 -99 2.34559077196566
-99 -99 -99 -99 -99 -99 -99 0.393797858181733 -99 -99
-0.366674262530904 0.770259309560026 -99 -99 -99 -99 -99 -99 -99 -99
1.44937704966023 0.39061471168753 -99 -99 -99 -99 -99 -99 -99 -99
-99 -99 -99 -99 -0.435283405046818 0.908095552797378 -99 1.13058003667147 -99 -99
0.604218947089869 0.79899678046292 -99 -99 -99 2.16326885421876 2.85314311664375 -99 -99 -99
-99 -99 -99 -99 -99 1.28058647592465 -99 -99 1.22732212466719 -99
-99 -99 -99 0.500177057156761 -99 -99 -99 -99 2.2270650341563 -99
-99 -99 -99 -99 -99 -99 2.02940266239228 -99 -99 2.18190647672149
-99 0.795607677373558 -99 0.523499385749012 0.827399907052821 -99 -99 -99 0.0867317557250098 -99
-99 -99 -99 -0.451065722283994 -99 -99 -99 -99 0.159558111637798 -99
-99 -99 -99 -99 -99 -99 -99 -99 0.793374797078549 -99
-99 -99 -0.451935803067478 -99 -99 -99 -99 -99 -1.11183482347745 -99
-99 1.63580807316243 -0.55522123277244 -99 -99 -99 -99 -99 0.292927927641076 -99
-99 -99 -99 -1.20261187883842 -99 -99 -99 -99 -99 -99
-99 -99 0.36448507066684 -99 -99 -99 -99 -1.82911145379772 -99 -99
0.73711586683444 -99 -99 -99 -99 2.55099592890584 -99 -99 -99 -99
2.09111924925904 -99 -99 -99 -99 -99 -1.23655367968131 -99 -99 -99
4.27806651730282 3.63651608013068 -99 -99 -99 -99 -99 -99 -99 -99
-99 -99 -99 -99 -99 -99 -0.00737830042545107 -99 -99 -0.00554898096572254
-99 -99 -0.473142791037841 -99 -99 -0.0833855041364011 -99 0.8533721555632 -99 -99
1.79966777213266 -99 -99 -99 -99 -99 2.27866856322707 -99 -99 -99
-99 -99 -99 -0.229709389656753 -1.14406648174377 -99 -99 -99 0.435432725564386 -99
-99 -0.317505199981401 -99 0.495916907240945 -99 -99 -99 -1.03169958450937 -0.476773693555422 -99
-99 -0.980622435038203 1.20354739858202 -99 -99 3.0257746477934 -99 -99 -99 -99
-99 1.03994778403407 -99 -99 -99 -99 -99 -0.173350226741193 -99 -99
-99 -99 -99 -99 1.70129391640849 -99 -99 -99 -99 -99
-0.652461534406857 1.86454876042066 -99 -99 -99 0.796288504137598 -0.97089651608581 0.815139189007667 -0.325756892005843 -99
-99 -99 2.72438947100402 0.960039681394008 -99 -99 -99 -99 0.402587890479143 -99
-99 -99 -99 -99 0.912758497861552 -99 -99 -99 -99 -99
-99 -99 -99 -99 -99 1.25925971514033 -99 -99 -99 -0.798748896765376
1.07295875053793 -99 -99 -99 -99 -99 -0.340216688667736 1.26599487589005 -0.234205678368818 -99
-99 -99 1.24044942148103 -99 -99 1.07387037586279 0.808826888634495 -99 -0.0404172545537786 -99
-99 0.588447899397229 -1.24538186648354 -0.821088767548803 -99 -99 -99 -99 -99 -99
-99 -99 1.23324765614421 -99 3.10924119857901 0.67556827224046 -99 -99 -99 2.39975519207505
-99 -99 -99 -99 -99 2.86386866741264 -99 -99 -99 1.63522895893168
-99 -0.182645643344482 -99 -99 -0.0938075005796684 -0.892228982552745 -99 -99 -99 1.96179180396501
-99 -99 1.64329355656271 -99 -99 1.64663363717957 -99 -99 -99 -99
-99 -99 -99 -99 3.17189102265963 -99 -99 -99 0.953341753867025 -99
-99 1.67054540890653 -99 -99 -99 -99 -99 -99 -99 -99
-99 -99 -99 -99 -99 -99 -99 -99 -99 -99
-99 -99 -99 1.23207171761906 -99 -99 0.97488513586638 1.07015823578591 -99 -99
-99 -99 -99 -99 0.335216690026767 -99 0.494719501850744 -99 0.474270391608585 -99
-99 -99 -99 0.499942465114314 -99 -99 -99 -99 -99 -99
-99 -99 -99 -99 -99 3.04272220084366 -99 -99 2.1741842517454 -99
-99 -99 0.682897351892711 -0.786058722062023 0.810849926825966 -99 0.175032759563868 -99 -99 -99
-99 -99 0.235995702347291 -99 -99 -99 -99 -99 -99 -1.75742942879611
3.60237475162562 -99 -99 -99 -99 2.39724571950412 -99 -99 -99 -99
-0.257092809993366 -99 -99 -99 -99 -99 -99 1.46034886325484 -99 -99
-99 2.02816877722311 -99 -99 -99 -99 1.15779615368738 -99 0.135545371958102 1.62366903520626
-99 -99 -99 3.55718308276099 -99 2.10424931860553 -99 -99 1.5117307477289 1.48433367260302
-99 -99 2.99062897718725 -99 -99 -99 -99 -99 -99 -99
-99 -99 -99 1.14098894575468 -99 -99 -99 -1.23828076680433 -99 -99
-99 -99 -99 -99 -99 0.0250067963036733 -99 -99 -99 -99
-99 0.500487412899011 0.913995094398038 -99 -99 -99 -99 0.838691978878239 0.46321833740714 -99
-99 -99 -99 -1.38502431725457 -0.644083916488129 -99 -99 -99 -99 0.724126929391761
-99 -99 -99 -99 -99 1.33700479518925 -99 -99 -99 -99
-99 -99 -99 -0.363485436372546 -99 -99 -99 -99 -99 -99
-99 -99 -99 -99 1.40059493646815 -99 -99 0.729777068220353 -99 -99
-99 -99 0.734818058892951 -99 -99 -99 -99 -99 -1.14226513190069 -99
-99 -99 -99 -0.531956252208366 -99 -99 -99 -99 -99 -99
-99 -99 -99 -99 -99 -99 -99 -99 -99 3.58020162969778
2.41722896301977 -99 -99 -99 -99 -99 3.12406417294101 1.73197994184893 -99 -99
-99 -99 2.16111544408265 -99 -99 -99 -99 -99 1.41033870933981 -99
-99 -99 -99 -99 -0.473914598665747 -99 -99 -99 -99 -99
2.82891738824241 -99 -99 -99 -99 -99 -99 2.39296364901716 -99 -99
-99 -99 -99 -99 -99 -99 -99 -99 1.55292955614362 0.227660993385257
-99 -99 -99 3.61039179627253 3.95249290912592 -99 -99 1.86365408490089 3.12715011590468 0.891965135272891
0.103832183704121 -99 -99 -0.41597506511895 -0.646571162602173 -99 -99 0.721064830098202 -99 -99
-99 -99 -99 -99 -99 -99 -99 -99 -99 -99
-99 -99 2.07811222909447 -99 1.68219782139262 -99 0.963034606613761 1.63457863880282 -99 -99
-99 -99 -99 -99 1.00352290432895 -99 -99 -99 -99 -2.78663443087393
-99 0.351873736780991 0.786492819974947 -0.633405000866641 -99 -99 -1.04596721487022 0.328833378471379 -99 -99
1.19743273606861 -99 0.511345295177093 -99 -99 -99 -99 -99 1.34633065669293 2.30882329799322
-99 -0.72168013428035 -99 1.87635083592301 -0.937530275369383 -99 -0.642248356737046 -99 0.142389202107368 -99
1.48367193489832 0.366717263961222 -99 -99 -99 -99 -99 -99 2.4806341420808 1.56705034850545
-99 -99 4.53220826945555 3.35735215879174 4.31671929448254 -99 -99 1.59612075462535 -99 -99
-99 -99 -99 2.80239098675307 -99 -99 -99 5.68521194459874 -99 -99
0.678362701043057 -99 -0.705632095074685 -99 -99 -99 -99 -99 0.0579928706317991 -99
-99 -99 -99 -99 0.38812704216592 -99 0.629513049355982 -0.970959307995646 -99 2.15322916150334
-99 -99 2.11450106128498 1.37214541354506 -99 -0.0351102278280113 -99 1.79946907546697 -99 -99
-99 -99 -99 -99 -99 -99 -99 2.87086659054437 -99 -99
1.87818092754395 0.976414967302251 -99 -99 -99 -99 -99 -99 -99 -99
-99 -99 -99 -0.970525277989946 0.690269897206734 -99 -99 -99 -99 -99
0.329689069374687 -99 -99 1.45365056496528 -99 -99 -99 -99 0.499004666464058 -99
0.841900287701761 0.343149489132613 0.723051798793863 1.15236137178155 1.50260683869256 -99 -99 -99 2.43712737274871 1.70404601775675
-99 -99 -99 -99 -0.47453263779175 -99 -99 -99 1.18377667961137 -99
1.78335533124518 -99 0.410087763197249 -99 -99 -0.217937898801096 -0.0934474907080747 -99 -1.88841287823153 -99
-99 -99 -99 -99 0.170553884880237 0.79377603448251 0.221005270002715 -99 1.39689896658164 -99
-99 -99 -99 -99 -99 1.14301339500757 0.107695721528268 -99 -99 -99
-99 -99 -0.0235581788219286 -99 -99 -99 -99 1.64195365017595 -99 2.00990018885599
-99 1.20966053189508 -99 -99 -99 -99 1.18333753231804 -99 -99 -99
-99 -99 -99 -99 -99 -99 -99 -99 -99 -99
-99 -99 -99 -99 -0.199267873992448 -99 -99 -99 -99 -99
-99 -99 -99 -99 0.282187266375007 -99 -99 -99 -99 -99
-99 -99 -99 -99 -99 -99 -0.122240418604302 -99 2.5162703227302 -99
-99 1.57781091695194 -99 -99 -99 -99 -99 -99 -99 -99
1.7048087170915 -99 -99 -99 -0.654569776740943 -99 4.39413049031691 2.62055674703495 -99 -99
-99 -99 -99 3.78121364735875 -99 -99 -99 4.8179610629935 -99 -99
-99 -99 -99 -99 -99 -99 0.277140863904725 -99 -0.714943169840951 -99
-99 -99 -99 -99 -99 -99 -99 -99 -0.0669818423416373 -99
-99 -99 0.112212261104976 -99 -99 0.776614914240847 -99 -99 -99 -99
-99 3.70692607997368 -99 2.19967223168709 -99 -99 -99 2.77952602564496 -99 -99
-99 0.609785041244639 -99 -99 -99 -99 -99 -99 -99 -99
1.30347459894141 0.184120906429059 -99 -99 -99 -99 0.22949456943217 -99 -99 -99
-99 -99 -99 -99 -99 -99 -99 -99 -99 -99
1.54896010796603 -99 -99 -99 1.27165317264053 -99 -99 1.27226675586213 -99 -0.0442647560993588
-99 -99 -99 -99 -99 -0.714599022404657 1.07924727907894 -99 -99 -99
-1.66177023520759 -99 -99 -99 -99 -0.297675938401939 -0.762195055012722 -99 -99 -99
-99 2.87234536768873 1.94021036373558 -99 -99 2.68563446690467 -99 -99 2.39077751505429 -99
0.217739496683443 -99 -99 -99 -99 -99 -99 -99 -0.840082872608617 1.72055543205511
-99 -99 -99 -99 -0.543677815332523 -99 -99 -99 -99 -99
-99 -99 -99 -1.43996898455898 -99 -99 -99 -99 -99 -99
-99 -99 -99 0.174078436374549 2.81633100503063 -99 -99 -99 -99 -99
-99 -99 -99 -99 0.868836672658561 -0.879498406823964 -99 -99 -99 0.659603602567812
0.52756365445337 -99 0.500213356302634 -99 -99 0.375964693367451 -99 1.06970845468563 -99 -99
0.138336174399842 -99 -99 -99 1.23377343817931 -99 -99 1.16536016430353 1.31189479135608 -99
-99 1.93034839701089 -99 2.92358407277636 -99 -99 1.85996873479494 -99 -99 -99
-0.158990893240384 -99 -99 -0.58656987282549 -99 -99 -99 -99 -99 -1.13548448709765
-99 -99 -99 0.636071627522409 -99 2.00026877130598 0.967735304271255 -99 -99 -99
-2.08632029940273 -99 -0.297707369429548 -99 -99 -99 0.14719480087263 -99 -99 -99
-99 4.14095926352516 -99 -99 -99 -99 1.13573727211579 0.613661780453984 -99 -99
-0.919296283336144 -99 -99 0.00321371019265981 -99 -0.134951465389196 -1.47596379626268 -1.49783516380646 -2.05113755502175 -0.711319880300563
1.90730351980411 1.04062559157125 -99 -99 -99 2.57640431183616 -99 -99 -99 -99
-99 0.637570153620507 -99 0.752906908980316 -99 1.18580112517993 -99 -99 -99 -99
0.663320831542605 -99 -99 -99 -99 1.63771738289306 -99 0.412683325838558 -99 -99
-99 -1.15452247868985 -99 -99 -99 -1.14045050748749 -99 -99 -99 -99
-99 -99 -99 -99 -99 -99 -99 -99 -99 -99
-99 1.82108887381831 -99 -99 -99 -99 -99 -99 -99 -99
-99 -99 -99 -99 -99 -99 -0.624796596338202 -99 1.46022868153858 -1.26330045195164
2.18026262932699 -99 -0.0504730291848818 -99 -99 -99 -99 -99 -99 -99
-99 -99 -99 -99 -99 -99 2.08226560970976 3.70609491253578 -99 2.12333197114898
-99 -99 -99 -99 -99 -99 -99 0.617604279122949 1.66318570929347 -99
-99 0.863466913481114 -99 -99 1.20820809662233 -99 -99 -99 -99 -99
-99 1.31718909422343 2.18090903906334 -99 -99 -99 -99 -99 -99 -99
-99 -99 0.8699190448687 -99 -99 -99 -99 -99 -99 -99
-99 -99 -99 -99 -99 -99 -1.81630845634507 -99 -99 -99
-99 -1.41620712494401 -99 -99 -1.29574425068052 -99 -99 -99 -99 -99
-99 -0.417075577843989 2.03126756783932 -99 -99 -99 -99 -99 -99 -99
-99 2.75593016708863 2.12418633832973 -99 2.34569893230702 -99 -99 -99 -99 3.01635331294776
1.22247701149968 -1.6006003740867 -0.197990969016215 -99 -99 -0.123851676185782 -99 -99 -99 -99
-99 -99 -99 -99 0.536747429731642 0.982105515390178 -99 1.86598852619764 -99 -99
1.53176727817008 -99 -99 -99 -99 1.26760241182164 -99 -99 -99 -99
-99 -99 -99 -99 -99 -99 -99 -99 -99 -99
-99 -0.526304129811796 -99 0.814249827320656 -99 -99 -99 -99 -99 0.901334240205072
-99 -99 -99 -99 1.00745338009228 -99 -99 1.25138141242922 -99 -99
-99 -99 -99 1.90292433755247 -99 1.47559120013207 -99 -99 1.99729738036075 -99
0.565284239803034 -99 -99 -99 -99 -99 -99 2.52998390788084 -99 1.09470887922479
-99 -1.96503619663245 -99 -99 -99 -99 -99 -99 -99 -99
0.849235673540039 -0.611114477961254 -99 -99 -99 -99 -99 -99 -99 -99
-1.14844594665814 -99 -99 -99 -99 -99 -99 -99 -99 -99
-99 0.753869109292236 -99 1.6759459014416 -99 0.681131644599544 -99 -99 2.62578085347355 -99
-99 -99 -99 -99 -99 3.33401042971806 -99 -99 -99 -99
1.3066959107724 2.63537792658002 -99 -99 -99 -99 0.514422272798072 1.18377112582635 -99 -99
0.770610781527751 3.48579887332353 0.571264176997065 -99 -99 -99 1.54539413340285 2.59046932324675 -99 -99
2.38321294210076 2.30184872454102 -99 -99 1.28526934552038 -99 -99 -99 -99 -99
-99 -99 -99 -99 -99 -99 -99 -99 -99 1.07624720756849
-99 2.26528824985348 -99 -99 -99 -99 3.02510064895334 -99 -99 -99
-99 -1.36703456681858 -99 1.8712236719338 -0.0517519921903218 -99 -99 -99 -0.21285746656568 -0.840023968254763
-99 -99 -99 -99 -99 -99 -99 -99 1.59687051168132 0.109376303465227
-1.45900376256101 -99 -1.94599588913962 -99 -99 -99 -99 -1.191356655295 -99 0.495473026658778
-99 -99 -1.27203065014425 -99 -99 -2.46363517298583 -0.958270479441731 -0.354261102523558 -99 -99
-99 -99 -99 -99 -99 0.782882464824467 -99 -99 2.15006697169305 -99
-99 -99 -99 -99 -99 -0.891536932543868 -99 -99 -99 -99
-99 -99 -99 -99 -99 -99 -99 -99 0.492010704765872 -99
2.34503177652116 -99 -99 -99 -99 3.82696195531926 -99 2.35536150958385 2.11598653193427 -99
-99 -99 3.18362240885394 -99 -99 -99 -99 3.5379910680391 -99 -99
-99 -99 -99 -99 -99 -99 -99 -99 -99 -99
-99 -99 3.11974354890093 -99 -99 1.51780352724426 -99 -99 -99 -99
-99 -99 -99 -99 -99 -99 0.266958803363806 -99 -99 -99
-99 -99 -99 1.66414541237628 -99 -99 -99 -99 -99 -99
-99 -99 -99 -99 0.987291827546952 -99 2.51698421006357 -99 -99 -99
-99 -99 -99 -99 -99 3.11994349468272 -99 -99 -99 2.91044368852041
-99 -99 -99 -99 -99 -99 -99 -99 -99 -99
-99 -99 -99 -99 -99 -99 -99 -99 0.997848122863567 -99
-99 -99 0.508457881506426 -99 -99 -99 -99 -99 1.79323746071693 0.89687736961098
-99 1.17738879862085 -99 2.45019882289211 1.40501825473442 -99 2.64914866837438 -99 3.30642400661885 -99
3.41477050388313 -99 -99 -99 -99 -99 3.35616109487961 2.51137285054895 -99 -99
-99 0.285719549313156 -99 -99 -99 -99 -99 -99 -99 -99
-99 -99 -99 -99 -99 -99 -99 -99 -99 -0.993784057805133
-99 -99 -99 -0.142078555423083 -99 -99 -99 -99 -99 -99
-99 4.678108818925 3.08567231230138 1.07522909098568 -99 -99 -99 2.92348679759929 1.61349827703982 -99
-99 -0.0555379930825202 -99 -99 -99 0.797638518039378 -99 1.48662913357224 1.22237905495332 -99
-99 -99 -99 -99 -99 -99 -99 -0.501034078930538 -99 -99
-99 -99 -99 -99 -99 -99 -99 2.29193666222242 -99 -99
-99 1.86405481831906 -99 -99 2.48985269846506 -99 -99 -99 -99 -99
2.09091126965657 -99 -99 2.46421402866101 2.82244446359399 -99 2.52339772791869 -99 -99 -99
1.74188579945345 -99 -99 -99 1.62365808079006 -99 2.22259143255557 2.20799178263706 1.92762975558404 2.76096683581249
-99 -99 -99 -99 -99 -2.75158388459974 -99 -99 -99 -99
-99 -99 -99 1.13001324740561 0.668913831716158 -99 -99 -99 -99 1.41368398042144
-99 -99 -99 -99 -99 -99 -99 -99 -99 2.3306375717036
-99 -99 2.24032490246536 0.556863167574709 -99 -99 -99 -99 -99 -99
0.0571998121028017 -99 -99 -99 0.330345074861177 -99 2.394837579646 0.335846313057108 -99 0.49952158626874
0.65435781915024 1.3929270412539 -99 -99 -99 -99 2.92689787485538 -99 2.5312232643103 -99
-99 -99 -99 -99 -99 -99 3.34656521198938 2.64882689414653 3.33253810834891 4.01478644631377
1.58196987152979 -99 0.045608363481116 1.58851690734785 -99 -99 0.932104440877312 -99 -99 -99
-0.347558391123693 -99 -99 -99 -99 -99 -99 -1.68185600644487 -99 0.783150836973605
-99 -99 -0.854887778478332 -99 -99 -99 -99 -1.01097235974537 -3.18047455285323 -1.46380094594095
-99 -99 -99 -99 -99 2.47185349922087 -99 -99 -99 -99
-0.375384427770869 -99 -99 -1.03208310376641 -99 -99 -99 -99 -99 -99
-99 -99 -99 -99 -99 -99 -99 -99 -0.815308554518658 -99
-99 -0.349102700978654 -99 -99 -99 1.33239669114799 2.80548837060718 -99 -99 -99
3.04393731062386 -99 -99 -99 1.27686365411496 -99 -99 -99 2.51874540351275 -99
-99 -99 -99 2.70245736810039 -99 2.05421982332135 0.505928503735292 -99 -99 -99
-99 -99 -99 -99 -99 1.8304492544761 -99 -99 -0.158886489379105 -99
-99 -99 -99 -99 -0.0898326683025135 0.695626234209811 -99 0.593048556498098 -99 -99
1.2984433425427 0.89547845904034 0.594103440824334 -99 -99 2.38656588871121 -99 -99 2.10886164270365 -99
-99 -99 3.17773682963848 2.26584787213001 -99 -99 -99 -99 -99 -99
-99 -0.546764951887637 -99 -99 -99 -99 -99 -99 -99 2.47266465683661
-99 -99 -99 -99 0.71112647573646 -99 -99 -99 -99 -99
-99 -99 1.36037346677601 -99 3.14870947990068 -99 -99 -99 2.22288447981968 -99
-99 -99 -99 -99 -99 -99 -99 -99 -99 -99
-99 -99 -99 -99 -99 0.702621512939475 -99 -99 -99 -99
1.92825840919979 0.637692458220917 -99 -99 -99 -99 1.82529678782376 -0.802515899644175 -99 1.15705006992302
-99 -99 -99 -99 -99 -99 -99 -99 -99 -99
-99 -1.61037894290934 -99 -99 -0.0766580352505095 -99 1.79707201508829 -99 -99 -99
-99 -99 -99 -99 -99 -99 -99 -99 2.24677069557899 -99
1.06805901599776 0.368472961275594 -99 -99 -99 -99 1.46103888675776 -99 -99 -99
-99 -99 -1.14305687623886 -99 -1.86823345767921 -99 -99 -99 -99 -99
-99 -99 -99 -99 4.3610354270689 -99 -99 -99 -99 -99
-99 1.37056984910326 -99 -99 -99 -99 -99 -99 -99 -99
-99 -99 -99 -99 -99 -99 -99 -99 -99 -99
-99 -99 -99 1.76318411130583 -99 -99 1.87368827243505 -99 -99 -99
-99 -99 1.87352855971822 -99 -99 -99 -99 1.88666512470012 -99 -99
-99 -99 -99 -99 -99 -99 -99 1.42293653032323 -99 0.712275812447656
-99 -99 -99 0.456064553799715 -99 -99 -0.0288259957124506 -99 -99 -99
-99 -99 2.30708155158332 2.42632132603699 -99 -99 -99 1.24392476964205 -99 -99
-99 -99 -99 -99 -99 0.600420254548983 -99 -99 -99 -99
-99 -99 -1.02608584461976 -0.771697720850262 -99 -99 -99 0.70069020020405 -1.97819168096034 -99
1.3259509520272 -99 2.28117072129012 3.38922249906574 -99 -99 -99 1.40790848571807 -99 -99
3.37971032965708 -99 -99 -99 -99 -99 -99 -99 -99 -99
-99 -99 -99 -99 -99 -99 -99 -99 -99 -99
-1.0018978007615 -99 -99 -99 -0.20970020800788 1.53569321642865 -99 -99 1.50335817960029 -99
-99 -99 -99 -99 -99 -99 -99 1.5375529497032 1.36724011920645 -99
0.171977719722248 -99 -99 -99 -99 -99 -99 -99 -99 -99
-99 -99 -99 -99 -99 -0.512554873450647 -99 -99 -99 -99
-99 -0.212009906818186 2.11586187504034 3.07692516962049 -99 -99 -99 -99 -99 -99
-99 -99 -99 2.5084091826729 -99 -99 2.36539067350463 -99 2.34087519297866 -99
1.9729835752822 -99 -99 -99 -99 -99 -99 -99 -99 2.97271035045339
-99 -99 -99 -99 -99 -0.894646294296125 -99 -99 -99 0.122709287543057
-99 1.8283234356173 -99 1.70246025349704 -99 3.64812730625283 -99 -99 -99 -99
-99 1.60999021227366 -99 -99 -99 -99 0.823601868411192 -99 0.34438249731913 -99
-99 -99 -99 -0.43010625864103 -99 1.7647975389151 -0.401408970097639 -99 -99 1.37971084633294
-99 0.618948447067267 -99 -99 -99 -99 -99 1.52880806776389 -99 -99
-99 -99 -99 -99 0.422983715948942 -2.10650871418985 -99 -2.57229554756342 0.404160840928428 -99
-99 -99 -99 -99 -99 -99 -99 -99 -99 0.767471219721015
1.26043281652084 -99 -99 -99 -99 -99 -99 -99 2.91910379182829 2.06450867050066
-99 -99 -99 -99 -99 2.02001538864685 2.49026162721228 1.6595343476508 -99 -99
-99 0.67143647937753 -99 -99 -0.12894615678757 2.0829385442135 -99 -99 -99 -99
1.00550083695509 -99 0.816583846564122 -0.39450400745028 -99 -99 0.105172015539726 -0.738488669641753 2.35133938165012 -99
-99 -99 -99 -99 -99 -0.91650633502054 0.19257827688348 -99 -99 -99
0.74464633493655 -99 -99 -99 -99 1.64737699436286 1.93769568860028 1.04241669711259 -99 -99
-99 -99 -99 0.296738723000318 -99 -99 -99 -99 0.19297328650411 -0.941497762725311
-99 0.787922055194336 -99 -99 -0.626639097054463 0.275535791004062 -99 -99 -99 -99
-99 -99 -99 1.1796428132181 -99 0.628156161119909 2.00688546230162 -99 -99 -99
-99 -99 1.87977731196848 -99 -99 -99 -99 -99 -99 -0.227282634194709
-99 -99 -99 -99 -99 -99 -99 -0.0292525426888113 0.620417902766657 1.84581683700808
-99 -99 -0.0813846502429163 -99 1.81893861334419 -99 -99 -99 0.575874074570831 -99
-1.06844804992886 -99 0.816618421544811 1.80447752954053 -99 -99 -99 -99 0.48060914309096 -99
-99 1.07489846939228 -1.57937153647226 -99 0.635006357535644 -0.616396554150108 -99 -99 0.479526565213581 -99
-99 1.25813956940668 -99 -99 -99 -99 2.17404728479621 -99 -99 2.53115265228077
-99 0.140616495112568 -99 -99 -99 -99 -99 -99 -99 -99
-0.364089974383725 -99 0.802176272763567 -99 -99 -99 -0.579922021433589 -0.677290868230802 -99 -99
-99 -99 -99 -99 1.24311968072051 -1.18744931041838 -1.69994694631386 -99 0.4507281196995 -2.01917786763035
-99 2.37484048075464 -99 -99 2.86995778311729 -99 -99 -99 -99 2.60456448673798
-99 -99 -99 -99 -99 -99 -99 1.69447319712401 -99 0.554289121706682
-99 -99 -99 0.938326512071813 -99 -99 1.80365633407961 -99 0.701107330535811 -0.849471294381967
-99 -99 -99 1.32321124569111 -99 -99 -99 -99 -99 3.91426602037065
-99 0.340681529981385 -99 0.353483607389674 -99 -99 1.97118346375393 0.9298077094469 -99 -99
-1.70622575333733 -99 -1.50772113766781 -99 -99 -99 -99 -99 -99 -99
-99 -99 -99 0.80707969025728 -99 -99 1.03099010846658 -99 -0.892279217272403 -99
-99 4.04902707316231 -99 3.07829688740443 -99 3.69521520600285 3.07992334611497 -99 -99 -99
-99 1.57425217465555 -99 -99 3.71920628725833 -99 2.52248270497159 -99 -99 -99
-99 -99 -99 -99 -99 -99 -0.671184460154313 -99 -99 2.82482469118602
-99 -99 -99 2.81272871549693 -99 -99 -99 -99 -0.347834655376525 -99
-99 -99 -99 -99 2.34421310718657 -99 1.15997209676125 -99 -99 0.1361380959832
-99 -99 -99 -99 0.692715191501918 -99 -99 -99 -99 -99
-99 -99 -99 -99 -99 -99 -99 -1.47887344593744 -99 -0.58635888791694
-99 -99 -99 -99 0.344388703094699 -99 2.27631968968112 -0.134395929064732 -99 0.927355346456836
-99 2.45687276406273 -99 1.44273808457432 -99 -99 -99 -99 0.145852737250687 -99
-99 -99 -99 -0.206457646060451 -99 1.71104263980122 -99 2.57253054708147 1.85954694676548 -99
-99 1.32645085039464 1.07106823543689 -99 -99 -99 -99 -99 -99 -99
-99 -0.0688420336870386 1.91725618161908 -0.709845529396148 -99 -0.269335883336881 -99 -99 -99 -99
4.48109147833187 4.5779991997678 -99 -99 -99 -99 2.69802474969045 -99 -99 -99
-99 1.50187726543367 1.4507691554422 0.225051096887033 -99 -0.665706742879494 -99 1.00317905643696 -99 -99
-99 -99 -99 -0.650792497719463 -99 -99 -99 -99 1.30689815565614 -0.595298073872158
3.5112939339853 -99 -99 -99 3.85596548697402 2.6104572664472 -99 -99 -99 -99
0.771891842958451 -99 -99 -99 -99 -99 -99 -99 0.343149414272989 -1.10746456124482
-99 -99 -99 -99 -99 -99 -99 -99 -99 -99
-99 1.98302295413534 -99 2.03755983957602 0.933728750217844 -99 1.93366285181248 -99 -99 -99
-99 -1.1770314800863 -99 -99 -99 -99 -0.51638573982984 -99 -99 -99
1.15093778615417 1.40697222280189 -99 -99 -99 0.750640918213489 -99 -99 -99 -99
-99 2.63634430434501 1.76462978091666 -99 -99 2.57346964389331 -99 0.250058586653421 -99 -99
-99 -99 -99 -99 -99 0.780046078184391 -99 -99 -99 -99
1.03331623687008 -99 -99 -99 -0.378521869649004 -99 -99 -99 -99 -99
-99 -99 -99 -99 -99 1.49594200541425 -99 0.604255131086161 -99 2.08316541882419
-99 -99 1.66666032240516 -99 -99 -99 -99 -99 -99 -99
0.516658928225608 2.41958760133884 -99 -99 -99 2.92542854976165 -99 -99 -99 -99
-99 -99 -0.61342935341142 -99 -99 -99 -99 0.472013478770969 -99 0.613125703874163
-99 -0.314990599817943 -99 -99 0.165598474621758 -99 -99 -99 -99 1.42507852810074
-99 0.44210735787137 -99 -99 -99 -99 -99 -99 -99 -99
-99 -99 -99 -0.726584254505313 0.922279374430466 -99 1.73126496283729 0.864648464109517 -99 1.28890060237261
0.000644822586921334 -99 1.11382899751945 -99 -99 -99 -99 -99 -99 -99
-0.00281586135095591 -99 -99 -99 -99 -99 -99 -99 -99 -99
1.1155697876326 -99 -99 -99 -99 -99 -99 0.274575817851273 1.63140776873556 -99
0.692425892238372 -99 -99 -99 2.69883665170804 2.16834831387786 -99 -99 -99 -99
-99 -99 -99 -99 -99 0.923507734480485 -99 0.868246325510811 -99 -99
-0.99109419749282 -99 -0.862341087451792 -99 -99 -99 -99 -1.9664359696198 -0.718629086880231 -99
-99 -99 1.64456679378878 -1.33540350754282 -99 -99 -99 -99 -99 -99
-99 -99 -99 0.886044260525297 1.64665772948251 -99 -99 3.03553120304256 -99 1.17698809364503
-99 2.4714008962774 -99 -99 -99 -99 -99 -0.0282146427541168 -99 -99
-99 -99 1.79970866739348 0.956237924386384 0.432457356592221 -99 -99 0.744151777389563 -99 -99
-99 -99 -99 -99 -99 -99 -99 1.63518034339722 -99 2.75487716167596
-99 -99 -99 1.07121114686716 -99 -0.225294187318132 -99 -99 -99 -99
2.75532449543929 -99 0.720933154525436 -99 -99 -99 2.76940155444201 -99 -99 -99
-99 1.35838678866705 -99 -99 -99 -99 -99 -99 0.705163064037669 -99
-99 -99 -0.339843113424469 -99 -99 -99 -99 0.162661873309567 -99 -99
-99 1.52835163172855 2.75186962284447 -99 -99 -99 -99 -0.0921979863158739 -99 -99
-99 -99 -99 -99 -99 -99 -99 -99 -99 -99
-99 -99 -99 -99 2.69187472249259 -99 1.32510158415448 -99 -99 -99
-99 -99 -99 -99 2.11141895792211 2.31079436857257 -99 0.85783406298331 -99 -99
-99 2.49055915756177 -99 -99 -99 -99 -99 -99 -99 -99
2.29000905164348 2.6193406937596 1.69381835853512 1.09768911524784 -99 -99 -99 1.76481471690723 -99 1.81735611800399
-99 -99 -99 -99 -99 1.56695476237656 -99 -99 -99 -99
-99 -99 -99 -0.0910546247903183 -0.762686686747139 0.117704624572648 -99 -99 -99 2.02454101465069
-99 -99 -99 -99 0.637056574126869 -99 -99 -99 0.37979633390763 -99
-99 -99 -99 3.52460373025254 2.04140149699628 3.72644208259868 -99 -99 -99 -99
-99 -99 -99 1.68893245112305 -99 -99 -99 -99 0.840518101918232 -99
-99 -99 -99 2.77610286876578 -99 -99 -99 -99 -99 5.06335545011255
1.92966960027085 0.67763177963624 -99 1.36060457961884 1.59301462083207 -99 -99 -99 -99 -99
-99 -0.303441440126051 -99 0.936539795125576 -99 0.161674685913868 -99 1.58615102810027 -99 -0.370036946201157
-99 -99 -99 -99 -99 -99 -99 0.214103897619955 2.53561636051107 0.268813235280767
-99 -99 -99 -99 -99 -99 -99 -0.791347233457619 -99 -1.80308827772997
-99 0.263262571853118 -0.99859801294197 -99 -0.62631590944996 -1.89934891138815 -1.71169435978744 0.111253499146238 -1.294641833284 -99
0.92859880133072 0.27487432030347 -99 1.21896005395535 -99 -99 0.315666566544392 -99 -99 0.0256253329825187
3.04123610296248 -99 -99 2.12306838459972 -99 3.15825574945766 -99 2.01184346355768 3.20853027300317 -99
-99 -99 -99 -99 -99 -99 -99 -99 -99 -99
-99 -99 1.94980575388143 2.29485914258063 1.59548654184388 -99 -99 -99 -99 -99
-99 -99 -0.396435521733135 -99 -99 1.52688162862841 -99 -99 -99 0.465602863473392
-99 -99 -0.342498179782007 -99 -99 -99 -99 -0.0586444374239279 -1.15640071778199 -99
-99 -99 -99 -99 -99 -99 -99 -99 -99 -99
-99 3.26113331747324 4.31332910141464 -99 4.21150143603915 -99 3.35296196571715 -99 -99 -99
-99 -99 -99 -99 -99 3.50746788317378 -99 2.73014029845881 2.80934001705006 -99
1.43734527637631 2.43318703146436 -99 -99 -99 -99 -99 -99 -99 1.31320975258433
-99 -99 -99 -99 0.469323294516168 -99 -99 -99 2.69628505465347 -99
-99 -99 -99 -99 -99 -99 -99 1.10287093242646 -99 -99
-99 -99 -99 -99 -99 -99 -99 -99 -99 -99
-99 2.3011061731504 -99 -0.080567971976925 1.1452142175718 -99 -99 -99 -99 -99
-99 -99 -99 2.65274955904925 -0.00878139993230498 -99 -99 0.409416730964619 -99 -99
-1.1176027172338 -99 -0.238020854954597 -99 -99 -99 -99 -99 -2.78813278276673 -0.262150564213017
-99 1.35184403585112 -99 1.47804623993259 -99 -99 1.40499226295193 2.82001393214303 2.33176135332083 -99
2.68372954242785 2.23872518042761 1.18897001650623 -99 3.38025657104679 -99 2.23768629135504 -99 -99 -99
-99 1.40357647318373 -1.20145431763267 -99 -99 -99 -99 -99 -99 0.520052129374494
1.68183579616567 -99 2.99931413944078 -99 -99 2.05557990625083 -99 -99 1.67345963473283 2.84804904819852
-99 1.35423908314265 -99 0.353924413279639 -99 -99 2.95545931365492 -99 -99 -99
-99 -99 -99 -99 -99 -99 -99 3.53664119906739 2.2581482641723 -99
-99 -99 -99 -99 -99 -99 0.0727761258989574 -2.08147152771165 -99 -99
-99 -99 1.21861289468441 -99 -99 -99 1.34698305427433 -99 -99 -99
-0.644526044372483 -99 -99 -99 0.0298960000094379 -99 -99 -99 -0.834721086079562 -99
-99 -99 -99 -99 -99 -99 -99 -99 -99 -99
2.52369902950756 -99 -99 -99 0.785537170133771 -99 -99 -99 -99 4.38882427819117
-99 -2.45856980208583 -99 -99 -99 -99 -99 2.0252019346649 -99 -99
-99 -99 -99 -99 -99 -99 1.93345960129965 -99 -99 -99
-99 -99 -99 2.34321747743635 -99 -99 -99 -99 -99 2.90627086510213
1.02858541611172 -99 0.291537866542822 0.366079195234384 -99 2.32565350208573 -99 -99 -99 1.48929935936394
-99 -99 -99 2.01665251852806 1.87867367080024 -99 -99 -99 -99 -99
-99 -1.64785722351016 -0.756223813824225 -99 -99 -99 -99 -99 -99 -1.19918834731358
-99 -99 -99 -99 -99 -99 -99 3.14908715017521 -99 -99
-99 -99 -99 -99 -99 -99 -99 -99 -99 -99
-99 1.54488580654687 1.43360681769312 -99 1.04496901793536 2.08801798159164 -99 0.139326836450104 -99 1.03364281554199
-99 -99 0.361628317642088 -99 -99 -99 0.246843677872916 -99 -99 -99
-99 1.90009947858346 -99 -99 -0.187841923252936 0.550052759248033 0.961098247373582 -99 2.03896933232899 -99
-99 1.93744196047671 -99 -99 -99 -99 2.08257823384126 -99 2.8897579699553 -99
-99 -99 -99 -99 -99 -99 -99 -0.668058329949198 -99 -0.0205372873433449
0.693899574423939 -99 -99 -99 -99 1.6608130788525 0.877610482841747 -99 -99 -99
3.50528883126523 -99 -99 -99 1.56112719784424 0.929188739637929 3.84698441049198 0.824453050280152 -99 -99
-99 -99 -99 -99 -99 -99 -99 -99 -99 -99
-99 -99 -99 -99 -0.886924470988123 -99 0.887061193892488 -99 -99 1.05627530200336
-99 -99 -99 -99 3.7285562014717 -99 -99 -99 -99 -99
-99 -99 -99 -99 -99 -99 -99 -99 -99 -99
-99 -99 -99 -99 3.4765897778509 0.633168025689049 2.32013189078439 -99 -99 -99
-99 -99 -0.784483299195542 -0.677443588529558 -99 -99 -1.71698717261179 -99 -99 -0.410955297167209
-99 1.72244825414629 -99 -99 -99 -99 -99 -99 2.20379499239697 -99
2.17450330543743 0.202668418040158 -99 -99 -99 0.822894844221437 1.91136544332414 -0.531940916374616 -99 0.276841794984991
-99 -1.84292363083816 1.51133031795835 -99 0.0170721588449485 -99 -99 -0.142504290594027 -99 -99
-99 1.33332019281432 -99 -99 -99 1.58798626608073 0.57769676111123 0.356579794023831 2.28804436198245 1.25593714436774
-99 -1.82804434824084 -99 -99 -1.35308793377279 -99 -0.804840837435045 -99 -99 -99
-99 -99 -99 -99 2.21828005650673 -99 -99 0.597600643437391 1.34067424246238 -99
-99 -99 -99 -99 -99 -99 -99 -99 -99 -99
-0.123200811622886 1.0074327562271 -99 -99 0.540979500966541 -99 -99 -99 -99 -99
-99 -99 -99 0.852574880205616 -99 -99 -99 -99 1.42725811477923 -99
-1.51790541399899 -99 -2.50158535259678 -1.06374394771504 -0.965622967252739 -99 -99 -99 -99 -99
-99 -99 -99 -99 -1.67026372522756 -0.591278872707087 -1.62241548742071 -99 -1.11663193426767 -99
-99 -99 -99 -99 0.200927601549009 -99 0.628075033859074 -99 -99 -99
1.90352493005825 -99 -99 -99 -99 -99 -99 -99 -99 0.321902107950671
2.24142987239585 1.64814573048044 -99 -99 1.02351146930554 -99 -99 -99 -99 -99
-99 -99 -99 0.557649832462779 -99 -99 -99 1.36301271123393 -99 -99
-99 0.475882774088951 -99 -99 -99 -99 -99 -99 -99 0.555320412653539
-99 -99 -99 -99 0.95384382376743 -99 0.197545815819209 -99 1.57706040105446 -99
-99 -99 -99 -99 -99 -99 -99 -99 -99 -0.808357483039739
-0.177748696223283 3.6348538349455 -99 -99 -99 -99 -99 -99 -0.130967973754786 0.735006337277848
-2.40767536065247 -99 -99 -99 -99 -99 -1.4505033908791 -99 -99 -99
-99 -99 -99 -99 -99 -99 -99 -99 -99 -99
-99 -99 -99 0.28626818060379 -99 -99 -99 -99 -99 -99
-2.01743043304996 -99 -99 -99 -99 -99 -99 -99 -99 -99
-99 -99 0.758771339167357 -99 -99 2.11418223678428 -99 3.9370635119619 -99 -99
-99 -99 -99 -99 -99 -99 -99 -99 -99 -99
-99 -99 -99 1.38732296742593 -99 -99 -99 -99 -99 -99
-99 -99 -99 -99 -99 -99 4.22742661933525 -99 -99 0.828169484215139
-99 -99 -99 2.31387541533496 -99 1.26899863537531 -99 -99 2.10103643270978 1.29986312252472
-99 -99 -99 -99 -99 -99 -99 -99 -99 -99
-99 -99 0.813293125758572 -99 -99 -0.917725841331215 -99 -99 -1.58947740824208 -99
-99 -99 -99 -1.0281208543087 -0.812116846774149 -99 -99 -99 -0.0932784657205159 -99
-99 3.11065032283747 -99 -99 2.21837263582219 -99 1.77401700369841 -99 -99 -99
-99 -99 -99 -99 -99 -1.51726052257534 -99 -99 -99 -99
-99 -99 -99 -99 -99 -99 -99 -99 -0.212466137711561 -99
-99 -99 0.646967384423746 2.97278811919219 0.701471717865018 -99 -99 0.630978799195411 -99 -99
-99 -99 -0.84305266495896 -99 -99 -99 -99 -99 0.0996357494460905 -99
-99 0.501974641926542 2.47303728679311 0.728002475392848 -99 -99 -99 2.18785425341084 -99 -99
-99 2.42424486908649 -99 -99 -99 -99 1.50977675620661 -99 1.59728545337323 -99
-99 1.2536621358861 -99 -99 0.215074809202999 -99 -99 1.12699709234247 2.27476611339424 -0.355610726403452
-99 -99 -99 1.80021188600273 1.41420771082754 -99 -99 -99 -99 0.642189190538646
-99 1.71061570077792 1.41902221567633 -99 -99 -99 0.269878719347136 -99 -99 -99
-99 2.26218576069317 1.66890743619876 -99 -99 1.660668594308 -99 -99 -99 -99
-99 0.19379320727659 -99 -99 -99 -0.304258817102787 -0.48127799361308 -99 -99 0.0224317367572657
1.5216524759649 -99 -99 -99 1.07699945687167 -99 -99 -99 -99 1.62235102928149
1.98203201134673 2.03877585693312 1.57110852842414 -99 -99 -99 1.54449104767208 -99 -99 -99
-99 0.326544505624708 -99 -99 0.815714383903113 -99 0.995285319745889 1.40872874239141 -99 -99
-99 -99 -99 -99 -99 -99 -99 -99 -99 -99
-99 -99 -99 -99 -99 -99 -99 -99 1.12094278019371 -0.543132276412021
-99 -99 -99 -99 -99 -99 -99 -99 -99 -99
-99 -99 -99 -99 -99 -99 -99 -99 -99 -0.141893954520754
-99 -1.16759033280593 -99 -99 1.83512305486432 -99 1.16381150938427 -99 -1.32956107348023 -99
-99 -99 -99 0.117626998303465 -99 -99 -99 -0.198678176895141 -1.09807798809724 -99
-99 -99 3.83777741544205 -99 -99 -99 -99 -99 -99 1.40872985896039
-99 2.485025480629 -99 -99 -99 3.0610396275347 3.23216024006215 -99 2.36754855461759 -99
2.31028690842532 -99 -99 -99 -99 -99 1.95704271288486 -99 1.68974052809872 -99
-99 -0.125467462937265 2.69293240259812 -99 -99 -0.665081553410543 -99 -99 -99 0.449024384382632
-99 -99 -99 0.272106316625236 2.15279589836983 -99 -99 -99 -99 -99
-99 -99 -99 -99 -99 3.01562863056981 0.858734920885343 -99 -99 -99
1.84184997985184 -99 -1.05710983449997 -99 -0.974059721864487 -99 -99 -99 -99 -99
2.45582292982234 -99 -99 -99 1.09509040721876 -99 0.911795553300575 -99 -99 -99
-99 -99 -99 -99 -0.556488851658121 1.10843657080153 -99 -99 1.19439465574152 -99
-0.544733423155641 -99 -0.874294517954582 -99 -99 -99 -99 -99 -99 0.568767597651721
-99 -99 -99 -99 -99 -1.15087590920056 -99 -99 -99 -0.0826310909087695
-99 2.177109531349 0.0368687266776976 -99 -99 -99 -99 -99 -99 1.15118547039677
-2.11915328187531 -99 -99 -0.110971932161971 -1.45589598053112 -99 -99 -99 -2.17553862332152 -99
-99 3.62059386879837 -99 1.75582948563536 -99 2.00704866330357 -99 -99 -99 -99
0.0132173413199014 -0.828956987041789 1.23964032578507 -99 -99 -99 -0.0135556850135312 -99 -99 -99
-99 -99 -99 -99 0.367975086174085 2.18533044299533 -99 -99 2.62742878741811 -99
-99 0.734013424693908 -0.950385705657835 -99 -99 0.353061982535055 -99 -0.241993577150161 -99 -99
0.50153477145288 -99 -99 3.87258830646286 -0.267386222901589 -99 -99 -99 0.989552023518862 -99
-99 -99 -99 -99 -99 1.02108674663246 -99 -99 -99 0.386059824622661
3.81443598959997 -99 0.216037284933993 -0.0663519192410014 -99 2.36185416971821 -99 -99 0.962368315476362 1.25845007247011
-99 -99 -99 -99 -99 3.58070734909942 1.26693439363909 -99 1.33028089144982 -99
0.095628483434634 -99 0.193339360186019 -99 -99 -99 -99 -99 -0.430221132480806 2.3396225499984
-99 -0.350842368889116 -99 1.52888556282658 -99 -99 -99 -0.212756720588392 -99 -99
4.40581637068287 2.83299902527166 -99 -99 -99 -99 -99 1.90361953867293 3.18810508197592 -99
-99 -99 -0.304286915580476 1.55164251515676 -99 -99 0.361292513832724 -99 -99 1.9573012983509
-99 -99 -99 2.44122143961617 -99 2.04940884922457 -99 -99 2.42035135356963 3.93578881423441
-99 -99 -99 -99 -99 -99 -99 -99 -99 -99
-99 -99 1.07204847180092 1.85775049509802 -99 -99 -99 -99 -99 -99
3.26473553018054 -99 2.42942374646613 -99 -99 3.17756481356125 -99 -99 -99 3.12582383726707
-99 -99 -99 -99 -99 -99 -99 1.64922207737689 -99 -99
-99 2.94575443533225 -99 -99 3.17932892118398 -99 -99 -99 -99 -99
-99 -99 -99 -99 -99 -99 -99 -99 -99 -99
1.87765231681754 -99 -99 -99 2.02021408317982 -99 -99 -99 -99 -99
-99 -99 -99 2.02151548169268 -99 2.14152995030985 2.74388575279428 -99 -99 -99
-99 -99 -99 -99 -99 -99 0.806817684472083 -99 -99 -99
3.99780795785331 -99 1.59814430185864 -99 -99 -99 -99 -99 -99 -99
-99 -99 -99 3.39994237683566 -99 -99 -99 -99 -99 -99
0.0369245134041927 1.58174087574786 -99 -99 -99 -99 0.455598178031675 -99 2.19411624966853 -99
1.07943701111704 -99 -99 -99 -99 -99 -99 -99 -1.83777310132394 -99
-99 1.65868030708842 -0.300797753597807 -99 0.810594862021282 1.21589919852533 -0.427293504876286 -99 -99 -99
-99 -99 -99 -99 -99 -99 -99 -99 1.52292293775041 -99
-99 -99 -99 -99 -99 -99 -99 -99 0.768350543014176 -99
-99 -99 1.898717394905 -99 -99 -99 -99 -99 -99 0.832860530365011
-99 -99 -99 -99 0.649895914219956 -99 -0.00347060604897975 0.0761395109052643 -99 -99
-99 -99 -99 -99 -99 -99 -1.02627238922497 -99 -99 -99
-99 0.3578744525903 1.69740340429 -99 -99 -99 -99 -99 1.30705711317752 -99
-99 -99 -99 -99 -99 -99 -99 -99 -99 0.532585964748534
-99 1.82261672878101 -99 -99 -99 -99 -99 0.671327204409959 -99 -99
-99 -99 2.24747168291764 -99 3.23408620874267 -99 -99 -99 1.90068097372463 3.17642899907771
-99 1.0776777299638 -99 -99 -99 -99 0.00620577569812109 -99 -0.0272795839062332 -99
-99 -99 -99 -99 0.496699840729961 -99 -99 -99 -99 -99
-99 3.817924135948 -99 -99 -99 3.67360825908301 1.85718970941644 2.87814951790456 -99 -99
-99 -99 -99 -99 -99 -99 2.46348430298948 -99 2.25236149283368 -99
-99 1.17509250117149 -99 -99 -99 -99 -99 -99 1.8420978775432 -99
0.338007924396044 -99 -99 -99 -99 0.21423618001486 -99 -0.0529490463916709 -99 0.157280076341156
1.16431954816524 -99 -99 -99 -99 -99 -99 -99 -99 -99
-99 -99 -99 -99 0.757960187876302 -99 1.5415802863078 -99 -99 -99
-99 -99 2.14805730586804 -0.0280807975794162 -99 0.880871536521555 -99 -99 -99 -99
-99 -99 -99 -99 -99 -99 -99 -99 0.614318041071817 -99
-99 -99 -99 -99 -99 -99 1.06008340752313 -99 -99 -99
-99 -99 -99 -99 -99 -99 2.34944821549602 -99 -99 -99
-99 -99 -99 -99 -99 -99 3.32056475861454 -99 2.0314239727923 -99
1.09769449169006 0.500788419907882 -99 -99 0.845063643778427 -99 -99 -99 -99 2.63519579866303
-99 -99 -99 -99 -99 -99 -99 -99 -99 -0.65239321493538
-99 2.8408968476374 1.82601611512755 -99 1.50800244803528 -99 -99 -99 -99 -99
0.333654851664478 -99 -99 0.311723940913768 -99 -99 -99 -99 -1.04816540778147 -99
-99 -99 -99 -99 -99 1.94833277718863 -99 -99 -99 -0.172371600155844
-99 -99 -99 -99 -99 -99 -99 -99 -99 -99
-99 -99 -99 -99 -99 -99 -99 -99 -99 -99
-99 -99 -99 0.266187492280895 -99 -99 -99 -99 -99 -99
-99 -99 0.829633289167639 -99 0.471156844950861 -99 -99 -99 -99 -99
-99 -99 -0.587782691561676 -0.466920579853084 -99 -99 -99 -99 -99 -99
-0.480024914181761 -99 -99 -99 -99 -99 1.42158474531277 -99 0.564810045512476 1.68377972480241
0.574201760606177 -99 0.795420678953879 -99 -99 -99 -99 2.07708718304605 -99 1.91639146182926
-99 1.35200793721724 -99 -99 -99 -99 -99 -99 -99 -99
3.47861318726256 -99 -99 -99 1.80725754729192 -99 -99 -99 -99 -99
-99 -99 -99 -99 -99 0.436335335274973 -99 -99 -99 -99
1.09849458785931 1.2860334178974 -99 -99 -99 -99 1.65630077305287 -99 2.29548305808754 -99
2.37050364690506 -99 1.36988230533841 -99 -99 -99 -99 -99 1.97950556276934 -99
-99 1.87415816066089 -99 -99 -99 -99 -99 -99 5.34012096071538 -99
-99 1.35819093794098 -99 2.17577231809906 -99 -99 -99 -99 -99 -99
-99 -99 -99 -99 -99 2.94185294227521 -99 -99 -99 -99
-99 -0.610913730756386 1.80655645109844 -99 -99 0.32847213631743 -99 -99 -99 -99
-99 -99 -99 -99 -99 -99 -99 1.97710206318597 -99 -99
-0.619495338580664 -99 -99 -99 1.1992612706342 -99 -99 1.92055531549882 -99 -99
-99 -99 -99 -99 -99 -99 -99 -99 -99 -99
-99 -99 -99 -99 -1.88754411559876 -1.25750167368826 -99 -0.515742749131673 -0.0919524271034564 -1.74515266000028
4.28608341736753 2.44701549778143 -99 -99 3.07025230264817 -99 -99 -99 -99 -99
1.7941165068682 -99 -99 -99 -0.902662194522052 -99 -99 -99 -99 -99
-99 2.74803989315422 -99 -99 -99 -99 -99 -99 -99 -99
0.0265304662758764 -99 -99 -99 -99 -0.613253488446829 -99 -99 -99 -1.93977074688579
-99 -99 0.476541412794663 -0.0940388890159074 -99 -99 -99 -0.751687240139029 2.64651762061363 0.434802701650254
-99 -99 -99 -99 -99 -99 -99 3.09032771585729 -99 2.66659467799967
-99 -99 -99 -99 -99 -99 -99 -99 -1.38758798038008 -99
-99 1.46137889937417 -99 -99 -99 -99 -99 0.920352010668812 -99 1.43516763427753
-99 -99 -99 -99 -99 -99 -99 -0.0245085430880447 1.51108759632406 -0.335308476483728
-1.00850452798036 -99 -0.189764518336942 -99 -99 -99 -99 -99 -99 -3.11573289538989
-0.806682717195715 -99 -99 2.70304580948893 -99 1.01696006435054 -99 -99 -99 -99
-99 -99 -99 -99 -99 3.69670557689109 -99 -99 -99 2.56918154696525
-99 -0.581166278679987 0.820518718543676 -99 -99 -99 -99 -99 -99 -99
-99 2.12362843100983 -99 -99 -99 -99 1.81998395639444 -99 -99 0.396776532503638
-99 -99 -99 -99 1.67799975213314 -99 -99 -99 1.60815821773766 -0.153408441287733
2.12445365780244 -99 -99 -99 -99 1.0161222042426 -99 -99 -99 -0.734867393067571
3.17404705524028 1.6272388221609 -99 -99 3.016041357837 -99 1.15086537668805 -99 -99 -99
-99 -99 -99 -99 -99 -1.47272913023635 -99 0.274081913797957 -99 -99
-99 -99 1.04890118536458 -99 1.33343021150789 -99 -99 1.77629568467552 -99 -99
2.20653802982656 -99 -99 -99 -99 -99 -99 -99 -99 -99
-99 -99 -99 -0.340516354895635 -99 0.815903038839306 1.42421150260058 1.08494410067851 -1.08641978855188 -99
-99 0.24995072091612 -99 -99 -99 -99 -99 -99 -99 -99
-99 -99 -99 2.56497548930555 -99 -99 -99 -99 -99 1.82041668966001
-1.73672579675446 -99 -99 -99 -1.1712038488303 -99 -99 -0.454023798586951 0.0357981435615192 -99
-99 -99 -99 2.92238411157087 -99 -99 -99 -99 -99 -99
2.54990809100073 -99 -99 1.28987548367549 1.69451069244188 -99 -99 -99 -99 -99
1.31626080480199 -99 -99 2.15596744100751 -99 -99 -99 0.133962101087261 -99 -99
-99 -99 2.5633357189404 -99 -99 -99 1.47624210005906 -99 -0.393032935640139 -99
1.73844472851669 -99 -99 -99 -99 -99 -99 -99 -99 -99
-99 -99 -99 -99 1.39408940565394 -99 -99 -99 0.536339958080996 -99
-99 -99 -99 -99 -99 2.26314114149851 -99 -99 -99 2.40116760762961
-99 -1.62367439055104 -99 -99 1.11469145525131 1.85884976716899 -99 -99 -99 -99
1.31438907037031 -99 -99 -99 -99 -99 -99 2.31940136357496 -99 -99
-99 -99 -99 -99 -99 -99 2.16259732052342 -99 2.30328750961826 -0.07810148169477
-99 -99 -99 -99 -99 -99 -99 -99 -99 -99
0.722789372611868 -99 -99 -99 -99 -99 -99 -99 -99 -99
-0.903327869585928 -99 -99 -99 0.250126024300232 0.571653541935009 -1.50592877041795 -99 -99 -1.93121136055956
1.94147431308849 -99 -99 -99 -99 -99 -99 -99 -99 -99
-99 -99 -99 -99 -99 -99 -99 -99 -99 -99
-99 -99 -99 -99 -99 -99 -99 -99 -99 0.265790097672153
-99 -99 0.884019481929552 -99 -99 -99 -99 -99 1.69760689984882 -0.549280865929685
-99 -99 -0.607097888783775 -99 -99 1.02016779270182 -99 -99 1.50856210482322 -99
-99 -99 -99 -99 -99 -99 -99 -99 -99 -99
-99 1.72654241439394 -99 1.84646972928676 -99 0.700201136536521 -99 -99 -99 -99
-99 -99 -99 -99 -99 -99 -99 -99 -0.127640458307226 -99
1.2808758068589 -99 -99 -99 -99 -99 0.171672865547955 -99 -99 -99
-2.57134446570401 -99 -99 -99 0.266821487409539 -99 -99 -99 -99 -1.34096236920735
-99 -99 2.21014062548068 -99 -99 -99 -99 0.957300575674976 -0.78715455557255 -0.68229162076366
-99 -99 -99 -99 -99 -99 0.0105190304484557 -99 -99 -99
2.06982227615594 0.670311963263999 -99 -99 -99 -99 2.18984518889123 -99 2.94223268071413 -99
-99 -2.47741012765762 -99 -99 -0.509020962848832 -99 -99 -99 0.709161571096572 -99
-99 1.49117396312403 -99 -99 -99 -99 0.955843697462479 -99 -99 0.99581807376373
1.74880696976131 -99 1.20046505124618 3.01261119143179 -99 -99 -99 -99 -99 -99
1.77030791222469 3.24666948913052 -99 -99 -99 -99 1.37852639411078 1.75661545573427 -99 -99
3.0900096295183 -99 -99 -99 -99 -99 -99 0.783441056642974 -99 -99
-99 -99 -99 1.71370611455535 -99 -99 -99 -99 1.52679760474787 2.57852707661024
-99 -99 0.56157312628086 -99 -99 -99 -99 -99 -99 -99
-99 -0.120518244176796 1.32175514816361 -99 2.16399873210718 -99 -99 -0.261690388358069 1.71721428126925 0.774276127792803
-99 -99 -1.26169957842068 -99 -0.751433762413869 0.25569642470684 0.62473328072579 -99 -99 -99
-99 -99 -99 -99 -99 1.02124366268226 -99 1.27261644879534 -99 -99
1.49598222564411 -99 -99 -99 0.635971407267783 0.942560174742269 -0.532388069090492 -99 -1.89432088742876 -0.912055116060898
2.19155932955918 -99 -99 -99 2.0234995699803 -99 -99 -99 -99 2.94327539845339
3.13294973905121 -99 -99 -99 -99 -99 0.911682853911672 -99 0.0705295567706483 -99
-99 -99 -99 2.89232507399385 -99 -99 1.82186418856332 3.23770238452203 -99 -99
-99 -99 -99 -0.989975132512382 -99 -99 -99 1.15618060695322 1.15637636082759 -99
-2.13672947502997 -99 -99 -99 -99 -99 -99 -99 -99 -99
-99 0.988785786189847 -99 -99 -99 -99 -99 0.733118302128076 -99 -99
-99 -99 1.13567252435369 -99 -99 -99 1.38950114209738 0.0414204946151755 1.45918818150324 -0.0429437896056668
1.83145999388081 -99 1.31579129200894 -99 1.21836194078423 -99 -99 -99 -99 1.12223293055939
-99 1.4312318852643 0.311703391945912 -99 2.07780502307548 1.68305003877018 -99 2.82135224269504 -99 -99
0.633267955447409 2.88532982394634 -99 -0.550950743246354 2.37050366990471 -99 1.44788660734353 -99 2.0461602125062 0.853105747322985
-99 1.60480873851411 2.43218775735597 -99 -99 1.67319106545481 -99 -99 -99 -99
1.04662801671978 -99 -99 -99 -99 -99 -99 2.1169112557826 -99 -99
-99 -99 3.76565021066133 -99 -99 3.7145855825487 -99 -99 4.56931682024496 -99
-1.30475745756081 -1.87339080989472 -99 -99 -1.98457197616357 -99 -99 -99 -99 -99
-99 -99 1.43712477106186 -99 -99 -99 0.270726871577273 -99 1.40554861108198 0.618929827434001
1.42556028935712 0.927360335309584 -99 -99 -99 -0.224342064459182 -99 -99 -99 -99
-99 -99 -99 -99 -99 0.408113562405307 -1.41727613561209 -2.21353550294972 -99 -99
0.887729784530039 -99 -99 -99 2.22325302109046 -99 0.672870660274888 -99 -99 -99
-99 -99 0.425196305770135 -99 -99 -99 -99 -0.662893461800902 -99 -99
-99 -99 -99 -99 -0.504645653607875 -0.519788984924483 -99 -0.382064086668939 -99 -99
-99 -99 -99 -99 2.31650872279925 3.33010759291992 -99 -99 -99 1.57258224590168
-99 -99 1.40356574998393 -99 -99 -99 -99 2.0451337745154 -99 -99
1.65772976653195 -99 -99 2.07944284837432 2.24429928712582 -99 0.0834318908107687 -99 -99 -99
-99 -99 -99 0.485081750210558 -99 -99 1.11379469797231 -99 1.33515032931299 -99
-99 -99 -99 1.29326490554998 -0.52201204472474 0.921565456588598 -99 -99 -99 -99
-99 -99 1.85968344807211 -99 -99 1.07367920016206 0.529219578275535 2.08160833859054 2.00098704298632 2.73930715005953
-99 -99 -0.302371280835344 0.650739421110692 -99 -99 -99 -99 -99 -99
-99 3.22160304441613 -99 1.98258936101893 2.47345152239516 -99 -99 -99 -99 -99
-99 -99 1.41727387135646 -99 1.73474610384093 -99 1.59070103927072 0.13649382732908 -99 1.2021054478194
2.21775215154611 -99 0.609853105379694 -99 -99 -99 -99 1.67071911982246 0.963725217893246 -99
-99 -99 -99 -99 0.339118919810265 -99 -99 -99 -99 -99
-99 -99 -99 -99 -99 -99 2.59728980397619 1.60610738624175 -99 -99
-99 -99 -99 -99 -99 1.10990711831309 -99 -99 -99 -99
-99 -99 -99 0.242942220702495 -99 -99 -99 -99 -99 -99
-99 -0.42391904780973 0.338372503438526 -99 -99 -99 -99 -99 0.076909523981647 -0.667929027514886
2.1741930291087 -99 -99 -99 -99 -99 -99 -99 -0.767892644205767 -99
-99 -1.48299086622968 -99 -1.31109135795763 -99 -2.0706520194191 -99 0.00605045852093078 -99 -1.01625748645404
-99 -99 -99 -99 -0.474701952133065 -99 -99 -1.28957207728449 0.665152366958025 -99
-99 2.02794938614114 -99 -99 2.80736749961028 -99 -99 -99 -99 -99
-99 -99 -99 -99 -99 -99 -99 -99 -99 2.0770203546573
-99 -99 -99 -99 -0.506574645213392 -99 -99 -99 -99 -99
-99 -99 1.15165433944713 -99 2.72500646065562 -99 -99 -99 -99 -99
-99 -99 -99 -99 -99 -99 -99 -99 2.71318567536471 -99
-99 -99 -99 -99 -99 -99 -99 -99 -99 -99
-99 -99 -99 -0.230473902753862 -99 -99 -99 0.974137905761705 -0.495579803794452 -1.2898231639774
-99 -0.35979847145913 1.34823767912962 -99 -99 1.74345768534106 -99 -99 -99 -99
1.80937786752249 0.613771969765802 -99 -99 -99 -99 -99 -99 -99 -99
2.14332294422151 -99 -99 -99 -99 -99 -99 -99 0.616905860572111 -0.173470483157992
1.01271210281863 -99 2.80609193517812 -99 1.18349537453296 1.66801027030427 2.08016757582884 -99 -99 -99
-99 -2.15164285048269 -1.31728466302631 -99 0.227755878079483 -99 -99 -99 -99 -99
-99 -99 -99 -99 -99 -99 -0.177657093581227 -99 -99 -1.0044934024032
-99 -99 -99 -99 -99 -99 -99 2.41129107845611 -99 -99
-99 -99 -99 -99 -99 1.26181940523864 -99 -99 -99 -99
-99 -99 0.149450699945786 -99 -99 -99 -99 -99 -99 -99
-99 -99 -99 -99 -99 -99 -99 -99 -0.260650157024747 -99
-99 -99 -99 -99 4.64609615767519 -99 -99 -99 2.50623666017575 -99
-0.370394336931984 -99 0.97882912918273 -0.10991269345931 -99 0.00840641686741106 -99 -99 -99 -99
-0.51197426191826 -99 -99 1.63177394681844 -99 -0.437169458769862 -0.97765491850603 -0.00604163032412375 -99 -99
-99 -99 -99 -99 -99 -99 -99 -99 -99 -99
-99 -99 -99 2.2566722543803 -99 -99 1.65715525207928 -99 -99 -99
-99 0.447720966603021 -99 -99 1.00531534877286 -99 0.196027661790858 -99 3.31313845691496 -99
-0.050938710271387 -99 -99 -99 -1.00648525603934 -99 -99 -99 -0.260749849659341 -99
-99 -99 -99 -99 -99 2.72345369655271 -99 -99 -99 -99
-99 -1.12812646505599 -99 -99 -99 1.3791272163346 -99 -99 -99 -99
-99 3.78170033404387 -99 -99 -99 -99 2.40382382714127 -99 -99 3.20421833419958
-99 -0.22870804033902 -1.48951345400947 -0.810992527776653 -0.842971598953489 -99 -99 0.918078135452983 -99 -99
-99 1.53313917368174 -99 -99 1.75059835518957 2.33158686506476 -99 -99 0.252916700018037 -99
-99 0.0126959512786895 -99 -99 -99 -99 -99 -99 0.644252871885572 -1.66329126454426
-99 0.5897746141941 0.133353059552239 -99 -99 -99 -99 0.623297078984236 -99 -99
-99 -99 -99 1.49024839233768 -99 -99 0.286685549564115 -1.55245827007073 -99 -99
1.76787115802337 -99 -99 1.89186464233622 -99 -99 -99 -99 -99 -99
-99 -99 -99 -0.480365300396287 -99 -99 -99 -99 -99 0.817497691687506
-99 -99 -99 -99 -99 1.578207914928 -99 -99 -99 -99
0.987369891739054 0.942771023091463 -99 -99 -0.184784899004212 -99 -99 -99 -99 -99
-99 -99 -99 0.771296658253144 1.2117350054542 -99 -99 1.19519931160336 -99 -99
