-99 -99 -99 -99 -99 -99 -99 -99 -99 -99
-99 -99 -99 -99 1.41053037505 -99 -99 -99 -99 -99
-99 -99 -99 -99 -99 -1.15047810624387 -99 -99 0.326445583306315 -99
-99 0.567216335647492 -0.320598961708026 -99 1.06997124168797 1.30438727359057 -99 -99 -99 0.581265545923622
-99 -99 -99 -99 2.18371666429425 -99 2.90908089777232 -99 1.732438061868 -99
-99 -0.529907923971307 0.719661630645607 -99 -99 -99 -99 -99 -99 -99
0.83282360416198 -99 -99 0.299887603640464 -99 -99 -99 -99 -99 -99
-99 -99 -99 -99 -99 -99 -99 1.84657165847527 -99 -99
-99 -99 -99 1.16001062432457 -99 -99 -99 -99 1.14856901911382 -99
1.68108085820545 -99 -99 -99 1.35813596668916 -99 -0.187311799935171 -99 -99 1.95711638683833
-99 -99 -99 -99 -99 -0.66932025856655 -3.51600539821269 1.83738451103277 -99 -99
-99 0.260804971639387 -99 -99 -99 -99 -99 -99 -99 0.640690969225323
-1.10553753334293 -99 -99 -99 -99 -99 -99 -99 1.86855682472979 3.02061767104902
-1.37837005289639 -99 -99 -99 -99 0.598745388690315 -99 -99 -99 -99
-99 1.52115483065333 2.00761158184606 -99 1.08596825488934 -99 -99 -99 -99 -99
-99 2.01439808711931 -99 -99 1.97229595401273 -99 4.77286213690387 3.28760211328589 -99 2.44563516510187
2.89401239450314 -99 1.51807895253346 -99 -99 2.23991861119281 -99 1.75051043118683 -0.207940312083241 -99
-0.96232979952863 -0.623220129897257 -99 -99 0.388939188685396 -99 -99 -99 -2.07387910939039 -99
-99 0.857102149445048 -0.839378704794875 -99 2.30955653573687 0.561957879765633 -99 -99 -99 -99
4.03255458299007 -99 1.82126201137032 -99 -99 -99 -99 -99 -99 -99
1.41197675512139 2.29221372502173 -99 3.28412113735415 -99 -99 -99 -99 0.510289582919715 -99
-99 -99 -99 0.608792679574747 -99 -0.448430752822478 -0.762575776561935 -0.17856277178623 -99 -99
-99 -99 -99 -99 -99 2.79957214206603 -99 1.05636937134303 -99 -99
-99 -99 -99 -99 -99 -99 0.835251463009341 -99 -99 -99
-99 -99 -99 -99 -99 -99 -99 -99 -99 -99
-99 1.04508269343879 -99 0.499540037339011 -99 -99 -99 -99 1.29085388516959 -99
-99 -99 2.84199836890969 -99 -99 -99 -99 3.06962612143403 -99 -99
-99 -99 -99 -0.535125974848538 -99 1.26818361400059 -99 0.209111301974273 -99 -99
-99 -99 -99 -99 -99 -99 -99 -99 -99 -99
-99 0.604926840994632 -99 -99 1.11298453784342 -99 -99 2.29034570201097 -99 -99
-99 -99 -99 -99 -99 -99 -99 -99 -99 0.749785395767099
3.58035840504682 -99 2.39463377705087 4.7381863755298 -99 -99 -99 -99 3.15003016975274 -99
-99 0.39208446811365 -99 -99 -99 -99 -99 0.522800468957428 -99 0.522482113727194
-99 -99 -0.411757226312594 -99 -99 -0.000806677195903216 -99 -1.06327717930338 0.438153256846844 -99
-99 -99 -99 -99 1.16341707527553 1.1383579696763 -99 -99 1.60377483268045 -99
1.36020035434406 -99 -99 -99 -99 -99 -99 1.2558586451147 -99 -99
-99 -99 -99 -99 -99 -99 -99 -99 -99 -99
-99 -99 1.61394271208746 -99 -99 -99 2.60529672777858 1.99632495056571 0.26615387436114 0.446799803646112
-99 -2.42566500407878 -1.69757274278012 -99 -99 -99 -1.56355413356426 -99 -99 -0.0430676916800814
1.82918239955664 2.56896133182967 -99 3.59055439724069 3.58818424468344 -99 -99 0.982046288652735 -99 -99
-99 0.395480281819909 1.33415396016802 -99 -99 -99 -99 -99 -99 -99
-99 -99 -99 -99 -99 -99 -99 -99 -99 -99
-3.18558936117913 -99 -99 -99 -99 -99 -99 -99 -99 -99
-99 -99 -99 -99 1.94630939044579 -99 0.792950824878946 -99 -99 -1.6210781684571
-99 -99 -99 -99 -99 -99 -99 0.0870014950996132 0.24859132135052 -99
3.11062483825292 -99 -99 -99 -99 -99 -99 -99 1.59236290637725 -99
-99 0.447762945008492 -99 -99 -99 -99 -99 -0.120501929487521 -99 -99
1.11445431396875 -99 -99 -99 1.70301135037265 -99 0.261283349656812 -99 -0.896355018206813 -99
-99 -99 -99 -99 -99 -99 -99 -99 1.58828576067341 -99
-99 -99 0.230317826475981 -99 0.367343945892463 -99 -99 -99 -99 -99
-99 -99 1.58322917060167 -1.88399403077002 -99 -99 -99 -99 -99 -99
-99 -99 -99 2.59155353651504 -99 -99 -99 -99 -99 -99
-99 -99 -0.524596363888458 -99 0.389316685378687 -99 -99 -99 -99 -99
-1.65967957350879 -99 -99 -99 -99 -99 -99 1.5797654748128 -1.03411362498407 3.56928134230069
-0.936626831026109 -99 -99 0.421856600287172 -99 -99 -0.0849415199653667 -99 1.74981603393891 -99
-99 -99 -99 -99 -99 -99 -99 -99 -99 -99
-99 -99 -99 -99 -99 -99 -99 -99 -99 -99
-99 -99 -99 -99 -99 -99 0.800960743906248 -99 1.62049271053842 -99
-99 -99 -99 -99 -99 0.171356923190648 -0.355398390573581 -99 -99 -99
-99 -99 -99 -1.26107574474863 -1.16468991682673 -99 -99 -99 -99 -99
1.67031474723323 -99 -99 -99 2.07988957279646 -99 -99 -99 -99 -99
-0.458139060006696 0.613289100672996 1.98846832873501 -99 -1.24336831078324 -99 -99 -99 -99 -99
-99 2.36673080933432 -99 -99 -99 -99 -99 3.15335352946428 -99 -99
-99 -99 -99 -99 -99 0.124019675230477 1.80568568680324 -99 -99 1.17702793915047
-99 -99 -99 -99 -99 -99 -1.22371467004928 -1.10737288121395 -99 -99
-99 -99 -1.01767098234557 -99 -99 -99 -99 -99 -99 -99
-99 -99 -99 -99 1.02836338537617 -99 -99 -99 -99 -99
-99 1.6879919849642 -99 -99 -99 2.21956580790486 -99 -99 -99 -0.13199316864891
-99 -99 -99 2.70134047085803 -99 -99 -99 -99 -99 3.14154480083923
-99 -99 -99 -99 1.28668964609176 2.26116955238714 -99 -99 -99 2.47314437612094
-99 -99 -99 -99 -99 1.72576675082852 0.394200839281224 -99 -99 -99
-99 -99 -99 -1.56964985942889 -99 -99 -99 -99 0.211034297324172 -99
-99 -99 -99 -99 -99 2.73729093261684 -99 -99 -99 -99
-99 -99 -0.112192216502781 -99 -99 1.27140858073408 0.361559793149391 -99 -99 -99
-99 1.942325950115 -99 -0.773053210429286 -99 -99 -99 -99 1.18603121030639 -99
-99 1.11412522658692 -99 -0.108220681477847 -99 -99 -99 -99 -1.63207816048793 -99
0.809579611039474 1.65900364154669 -99 -99 -99 -99 -99 0.0890661695595161 -99 0.503609799719373
-99 -99 -99 -99 -0.654070009533358 -99 0.78776375706566 -99 -99 -99
2.13785620016727 -0.138453528325259 1.02966504915393 0.261905818095279 -99 -99 -99 -99 -99 -99
-99 -99 -99 -99 -99 3.1073425006548 -99 -99 -0.680679346462931 -99
-99 -99 -99 -99 -99 -99 -99 -1.19364030755299 -99 -99
-99 -99 -99 0.115707154003253 2.63278272866693 -99 -99 -99 -99 -99
-99 -99 -1.38781520153376 0.298233027252463 -99 -99 -99 -99 -99 -99
-99 -99 -99 -99 -99 -99 -99 -99 -99 -99
-99 -99 -99 -0.395918166896794 -0.39509536994863 -99 -99 -99 -99 1.07152085958411
-99 -1.15150371385437 -99 -99 -99 -99 -99 0.957226941263039 -99 -99
-99 -99 -0.394539142901203 -99 -99 -99 -99 -99 -99 -99
0.0796526881497897 -99 -0.777880549957478 -99 0.0594501459199499 -99 -0.855594169919416 -99 -0.14301647391563 -99
-99 -99 -99 -99 -99 -99 -99 -1.09695499626209 -1.87725316857637 -99
0.349940022049872 0.542384688055024 -99 -99 -99 -99 -99 0.945372512454615 -99 -99
-99 -99 -99 -99 -99 -99 0.601359681796857 -99 -99 -99
4.0690221921165 -99 -99 -99 3.66049485528171 3.99673854775688 -99 -99 3.8363225485195 -99
-99 -99 -0.329326420217132 -99 -1.22480303672427 -99 -99 0.730842475720904 -0.648295812289103 -99
-99 -99 -99 -99 -99 -99 -99 -99 -99 -99
-99 -99 -99 -99 -99 -99 -99 -99 -99 -99
-99 -99 -99 -99 -99 -99 -99 1.72945737354241 -99 -99
2.12053484271869 -99 -99 2.35433385600826 -99 -99 -99 -99 -99 -99
-99 -99 -99 -99 -99 -99 -99 -1.43833111047976 0.745258166992911 -99
-99 -99 -99 1.85409566207708 -99 -99 -0.32392556728219 -99 -99 1.28686310726376
-99 -0.0374303089317201 -99 -99 0.345670615706743 -99 -99 -99 -99 -99
-99 -99 2.77242296371193 2.01199391622632 -99 -99 1.85370506798397 1.22324056999418 -99 -99
-99 -99 -99 0.88061924387586 -99 -99 -99 -99 0.988040238154853 -99
-99 1.4180532616339 -99 -99 -99 -99 -0.157408274560419 -99 -99 -99
2.61758289766201 1.22956789358224 1.53419081208149 -99 -99 -99 -99 -99 -99 -99
-99 1.06859197460043 1.80762362711169 -99 -99 -99 1.95580256978729 -99 -99 -99
-99 -99 -0.570253419625115 -99 -99 0.389161445335879 0.763363036436641 -99 -99 -99
2.99998635892145 -99 -99 -99 -99 -99 3.03720892664451 2.15805725497888 -99 2.15663023104596
1.84577255848202 -99 -99 0.15282983288579 -99 -99 0.0541811308160106 -99 1.16076716680092 -99
-99 -99 -99 -99 -99 1.3372268158707 -99 -99 2.64119250448081 -99
-99 -99 -99 -99 -99 -1.17077312528148 -99 -99 0.0999740151248052 -99
-99 -99 -99 -99 1.34648777138963 -99 -0.503523912221578 -0.849543082458438 0.524177347950595 -99
1.67514899911588 0.845919940936623 -99 -99 1.44448587668498 -99 -99 -99 -99 0.587168946626233
-0.512371424707627 -0.116204639415215 -99 -1.76987988237794 -99 0.921893834286929 0.287152960782448 -99 1.73900577801434 -99
-99 -99 0.825708234851937 -99 -99 -99 -99 2.20752292248305 -99 -99
-99 -99 0.650842277409269 -99 -99 -99 1.81976481589362 -99 -99 -99
-99 2.73122325107823 1.63253579932401 -99 1.73919158676957 1.38707255079381 -99 -99 -99 -99
-99 1.94694621875679 1.91917060488758 -99 -99 1.1837804155814 2.16381111890344 -99 -99 2.92475240583734
-99 -99 -99 -99 -99 -0.293487062414208 -99 -99 -99 -99
-99 0.862752052212392 -99 -99 -99 -99 -99 -99 1.60075403222675 2.72368476103921
-99 -99 -99 -99 -99 3.62908314305935 -99 -99 -99 -99
-99 1.64869169117821 -99 1.1783435768761 -99 -99 2.68608603087961 0.614995475979734 3.39221158648515 -99
1.76655494466948 -99 -1.40296109759815 0.116722241506281 -99 -99 1.41249463367154 -99 -99 -1.36061933252969
0.20054119046458 -1.25762176536527 -99 -99 1.31177931290649 -99 -99 1.61425102028657 2.01622129254803 -99
-99 -99 2.04096275268548 2.36542158123708 -99 -0.182096445241756 -99 0.239372771366201 1.57203272462559 -99
-99 2.8348490591621 -99 -99 -99 -99 1.29131475444544 -99 -99 -99
-99 1.228903812998 -99 -99 -99 -99 -99 -99 -99 -99
-99 -99 -99 -99 -99 -99 -99 -99 -99 -99
-99 -99 -99 -99 -99 1.37833933598481 -99 -99 -99 -99
-99 -99 -99 -99 -99 -99 -99 -0.230352625637529 -99 -0.45706472467133
-99 -99 -99 -99 -99 -99 -99 -99 0.84655624139275 -99
-99 -99 -99 2.6657662963081 -99 -99 -99 -99 -99 -99
2.67265544282394 -99 -99 -99 -99 -99 1.63959382783696 2.33801684718562 -99 2.01272722686351
-1.6404013307126 -99 -99 -99 -99 -99 -0.846786181994652 -99 -99 -99
0.512830024640407 -99 -99 -99 -99 -99 -99 -99 -99 -99
-0.360252154954142 -0.621439341123117 -99 -99 -99 1.08978320109833 -99 -99 -99 0.66874365454333
-99 -99 -99 2.55508778928179 -99 -99 -99 -99 -99 -99
-99 -99 -99 -99 -99 -99 -99 0.787653085513452 -99 0.964090115168491
-99 -99 0.107596379174564 -99 -99 -99 -0.43598943572278 -99 -99 -99
-1.32309144335144 -0.374413749065085 2.31050233632884 -99 -99 -1.17777782610974 0.0157397725087903 -99 1.37359603228028 -99
2.34130847094934 -99 -99 -99 2.66721679707702 -99 -99 0.797350706734589 1.1386762419167 3.0083055251561
-99 -99 0.64533524650834 -99 0.317352540015035 -99 -99 -99 -99 -99
0.66353807441027 -99 -99 -99 -99 0.43323038072136 -99 -99 -99 2.05622331679657
-99 -99 -0.0981642516591883 -99 1.3398663519651 -99 -99 -99 -99 -99
-99 -99 -99 1.84585843885137 3.84563786050688 -99 -99 -99 -99 -99
-99 0.205368276714506 -2.15285273396201 -99 -99 -99 -99 0.106747536074323 0.110121688912333 -99
-99 -99 -99 -99 -99 -99 -99 -99 -99 -99
-99 -99 1.49664772542831 -99 -99 -99 -99 -99 2.20780076090875 -99
-99 -99 -99 -99 -99 -99 -99 -99 -99 -99
-99 -99 -99 0.623683523049457 1.74499507301514 -99 -99 0.842550354345409 3.23336868526467 -99
-99 -99 -0.636541385904708 -99 -99 -99 -99 -99 1.2882939564333 -99
-99 -99 0.175832044505948 -0.386175718570521 -99 -99 -99 -99 -99 -99
-99 -99 -99 1.63695217422345 -99 -99 0.728091644412175 -99 3.39627425797358 -99
-99 -99 -99 -99 -99 -99 -99 -99 -99 -2.49686256795303
-99 -99 0.976532875867992 -99 -0.126089087990786 -99 -99 -99 -99 -0.624639997153113
-99 1.24783908154815 -99 -99 -99 -99 -99 -99 1.82579654395023 -99
-1.15913662754678 -1.47481389648168 -0.0834863357623292 -99 -99 -99 -99 -0.357762434520908 -99 -99
-99 -99 2.76279387024459 -99 1.69792322959624 -99 -99 -99 -99 -99
-0.605604796654382 -0.180819454360231 -99 -99 -99 -99 -99 -99 -99 -99
-99 -99 2.9319772228349 -99 -99 -99 4.34504446398369 -99 -99 -99
-99 0.290507544706127 -99 -99 -99 1.32437271533748 -99 -99 0.889918756508302 -99
-99 0.145267327327865 1.06232755578509 -99 1.10883301983695 -0.0853422261077983 -0.998059959102631 -99 0.562594697586837 1.99115216057277
-99 -99 -99 -99 -99 -99 -99 -99 -99 2.08391052226505
-99 -0.00379453934216678 -99 1.62903744316267e-06 -99 -99 -99 -99 1.00312329262662 -99
1.25454644517717 -0.0257588667413506 2.39365145118071 -99 -99 -99 -99 -99 -99 -99
-99 -99 -99 -99 -99 -99 0.119311432016047 -99 -99 1.48713089206541
-99 -99 0.654080575511746 -99 0.819361405858585 -99 -99 -99 -99 -99
-99 -0.224179244862564 -99 -99 -99 -99 -99 3.1742775406904 -99 -99
-99 -99 -99 -99 -99 -0.628211188337831 -99 -99 -99 -99
-99 -99 0.959757820607672 0.226642434135606 -99 -99 -99 -99 1.93975032431402 -99
-99 -99 -99 -99 -99 -99 -99 -99 -99 -0.2433616764101
2.84338809291451 2.37189040001171 -99 -99 4.35817482837011 3.07192477124787 1.07134340786537 -99 -99 -99
0.238658368301887 0.321227423953172 1.38795856093307 -0.311206362627826 -99 -99 0.0422988531788803 -99 -99 -99
-99 -99 -99 -99 -99 -99 -99 -99 -99 -99
-99 3.94891747369947 -99 5.34875787198694 -99 -99 -99 -99 0.401796725714155 2.09919816420279
1.15660903279543 -0.177465902596422 -99 -99 1.52995993607036 -99 -99 1.22084849887686 0.922331918620379 -99
-99 -99 -99 1.96944591152584 -99 -99 -99 -99 -1.32112324117145 -99
-99 0.648295084288491 -99 -99 -99 1.42913446495921 -0.133753335389648 -99 -99 -99
-99 -99 -99 -99 -99 -99 -99 -99 -99 -99
-99 -99 1.72370386635057 -99 -99 -99 -99 -99 0.54765835742855 1.46787987774281
-99 -99 0.143892190913011 0.0536714380961998 -2.26831137815246 -99 -99 -99 -99 -99
-99 1.72597415437957 -99 -99 -99 -99 2.33872731904356 -99 -99 -99
-99 0.293350782464921 -0.57159277626412 -99 0.0403380837470072 -99 -0.238582450340122 -99 -99 -99
-99 -99 -99 1.13270070503385 -99 -99 -99 2.30814341405757 -99 -99
-99 -99 -99 -99 -0.803124312982297 -99 -99 -99 -99 -0.31940205311805
-99 -0.0125288121847094 1.62360950300057 -99 0.302115239796154 -99 -99 0.061308844690943 -99 -99
-99 -99 -99 0.185333491708471 -99 1.83497809072203 0.187899177923604 1.48191836030576 -99 -99
-99 -99 -99 0.715974459794944 -99 -99 -99 -99 2.20214296064792 1.3869356725077
-99 -99 -99 -99 -99 -99 -99 -99 -99 3.32543048578971
-99 0.648277153511804 -99 -99 4.3724987156825 -99 -99 -99 -99 -99
-99 -99 -99 -0.46143812105685 -99 1.15289856448873 -99 -99 -0.720882822787324 -99
-99 2.5805229659146 1.26123634006144 -99 -99 -99 -99 1.28350473221452 2.99043974657453 -99
-99 2.24867701997586 -99 -99 -99 0.206293827542189 1.33272129464756 -99 -99 -99
-99 -1.44190024588331 -99 1.3245789860991 -99 -99 -1.64347898028204 -99 -99 -99
-99 -99 -99 -99 1.19920026608242 -99 0.31377685141973 -99 -99 -99
-99 -99 -99 1.79222341201896 2.27073766679788 -99 -99 -99 -99 -99
-99 -99 -99 2.59601769789839 -99 0.849292096751015 -99 1.21793656485142 3.8752575434293 2.15113667248911
-99 0.617789573517 -99 -99 0.804976910847945 -99 -99 -99 1.1759678519369 -99
-99 -99 -99 -99 -99 -99 -99 0.751501614269095 -99 -99
-99 -99 0.360388655863407 -99 0.185551616208151 -99 -99 -99 -99 -99
-99 -1.74054129785463 -99 1.02222675829541 -99 -99 -99 -99 -99 -99
1.26155711681595 -99 -99 -99 -99 -99 -99 -99 1.3252870320517 -99
-99 -99 -99 -99 -99 -99 -99 -99 1.12137254968708 -99
-99 0.606478975780297 1.98509742868199 -99 -99 -99 -99 -99 -99 -99
-99 -99 -99 -99 -99 -99 -99 2.53772891724958 1.43752764255386 0.695276447374321
-99 -99 2.09429021093918 -99 -99 -99 -99 1.67868434484492 -99 -99
-99 -99 -99 -99 0.647830832753826 -99 -99 0.938127463604773 2.1018373258605 -99
-99 -99 1.36534293469773 -99 -99 -99 -99 -99 -99 1.76285670066793
-99 1.64637124177688 -99 -99 -99 -99 0.25894839622276 -99 -99 -99
-99 -1.23486246342811 -1.3680984857678 0.148659406616627 -99 -99 1.7321564467155 -99 -99 -99
-99 0.00250014516184927 -99 -99 -1.26139461503869 -99 0.57337787200815 -99 1.07110410390514 -99
-99 -99 -99 -99 -99 -99 -99 -99 -99 1.81365310968706
-0.20913564266718 -0.632992359576361 -99 -99 -99 -99 -99 -99 0.459918633173342 -99
-99 -99 -99 -0.750008030947264 -99 -99 0.109831049668792 -99 -99 1.31549856461016
-99 -99 0.558816519251785 -99 -99 1.27146207081606 -99 -99 0.134114907781402 0.515957880241291
-99 -99 -99 -99 1.80486712569798 -99 -99 -99 -99 -99
-99 -99 -99 -99 -99 -99 -99 -0.673354678117055 -1.67987722683908 0.228940877826219
-99 -99 -2.03848581726781 -99 -99 -99 -99 -99 -99 -99
0.13504478488792 -99 -99 -99 -99 -99 -99 -99 -99 -99
0.699924450757282 -0.665773818563677 -99 -0.338677587071331 -99 -99 -99 -99 -0.926575048244629 -99
1.31237518528125 -99 -99 -99 -99 -99 -99 -99 2.69267528830553 -99
-99 -99 -99 -99 -99 -99 -99 -99 -99 -99
-99 -99 -99 -99 -99 -99 -99 -99 -99 -1.98855815192454
-99 -99 -99 -99 -99 -99 -99 -99 -99 -99
-99 -99 1.57593182206307 -99 -1.50075624181878 -1.00444261958321 -99 -99 -99 -99
3.92814015506162 -99 -99 -99 -99 -99 -99 -99 -99 2.77194826699451
-99 -99 -99 -99 -99 -0.0981244457850632 -99 -99 -99 -99
-99 -0.446306488989343 -99 -99 0.346947445943803 -99 -99 -99 -99 -99
-99 -99 -99 1.6093700068978 -99 -99 3.5082099702237 1.17952876394106 -99 -99
-99 -99 -99 -99 -99 -99 -99 -99 -99 -99
-99 -99 -0.470091841737965 -99 -99 -99 -99 -2.54290136623081 -99 -1.56541187566958
-99 -99 -99 -1.43844657026254 0.475453808410589 1.29488664114695 -0.287834254174808 0.267713290204146 -99 -99
-99 -99 -99 -99 -99 -99 0.467235872679633 -99 -99 -99
-99 -99 -99 -99 -99 -99 -99 -99 -99 -99
-99 -99 -99 0.21771659847631 -99 -99 -99 -99 -1.1873369217589 -99
-99 -99 -99 -99 -99 -99 1.16694181046804 -99 -99 -0.282128058939732
-99 -0.121321289814345 -0.0013555655068449 -99 -99 -99 -99 -1.13150740154726 1.25707677250583 -99
-99 -99 2.34122117699683 -99 -99 1.92329843241849 -99 -99 -99 1.6001330977305
0.85222366645684 -2.12062125278196 -99 -99 -99 -0.0201525729939904 -99 -99 -99 -99
-99 -99 -99 -99 1.64956366999099 -99 2.39568199406381 -99 1.42734615419797 -99
0.133941925579665 -99 -99 -99 -99 -99 -99 -99 -99 -99
-99 -99 -99 -99 -99 -99 -99 -99 -99 -99
-99 -2.11068728051504 -99 -99 2.05827848184439 -99 -2.16474328822295 -99 -99 -99
-99 -99 1.56475949464552 -99 -99 -99 -99 -99 -99 -99
2.30714653218916 1.8726410277736 -99 -99 -99 -99 -99 -99 -99 -99
-99 -99 -99 -99 -99 -99 -99 -99 -99 -99
1.90835418256332 -99 -99 0.878042796309034 -99 -99 -99 -99 -99 0.17622846285931
-99 -99 -99 1.76395678851036 -99 -99 -99 1.3674676835181 -99 -0.0120856274719001
-1.40778155592276 -99 -99 -99 -99 -99 -99 -99 -99 -0.623014022551545
-99 -99 -99 -99 -99 -99 -99 -99 -99 -99
-99 -99 -99 1.51773783318277 0.318589541125516 0.429867987360409 -99 -99 0.994391523442395 0.942871988637558
-99 -99 2.39060611846177 1.81963181046447 -99 -99 -99 -99 -99 -99
-99 1.27123860990152 -99 -99 -99 0.515312537579303 -99 -99 -99 -99
-99 -99 -99 -1.44636402859661 -99 -99 -99 -99 -0.792140947723248 -99
3.04285386364623 -99 -99 -99 -99 -99 -99 2.42835391334035 -99 0.380624230814388
2.63470474607003 -99 1.44367835145342 2.73608297357062 -0.345870682101464 -99 -99 -99 0.7634600592835 -99
-99 -1.86867176753311 -99 -4.16370315110675 -99 -99 -1.08746336815796 -99 -99 -99
-1.76450284390883 -0.168704909969121 -99 -99 -99 -99 -99 -99 -0.103530419282817 -0.351725030803175
-99 -99 -99 -99 -99 -99 -99 -99 -99 -99
-99 2.25159309172122 1.04825008924869 -99 -99 -99 2.57596444547737 -99 -99 -99
-99 -99 -99 -99 -99 1.48861953404401 1.69203715365835 0.682560031089506 -99 -99
-99 -99 -99 -99 2.32928349386418 -99 -99 -99 -99 -99
-99 -99 -0.344608823103015 -99 1.33320609870559 -99 -99 -99 -99 -99
-99 -99 -1.43800264472371 -99 -99 -99 -1.78926520962493 -99 -99 -99
-99 -99 -99 -99 -99 -99 0.484618136593919 0.515967714585877 -99 -99
-99 -99 -99 -99 -99 -99 -99 -99 -99 -99
-99 2.7386343168314 -99 0.484840801056256 -99 -99 -0.392757192288709 -99 -99 -99
0.460875568086435 -99 -99 -99 -99 -99 -99 -99 0.307261927343852 -99
2.80765737866114 -99 -99 -99 1.58171088072481 -99 -99 -99 0.865856510130608 -99
-99 -99 -99 -99 -99 -99 1.5129454441018 0.618979706331374 -99 2.43267616665856
-1.36551706511635 -99 -0.799138742231997 -99 -99 -99 -99 -99 2.34935973362135 0.688156349158606
1.96947068249032 1.32178094370273 -0.542212236125961 -0.826141040998817 -99 -99 -99 -99 -99 -0.761178370107526
-99 -99 1.60731443014033 -99 -99 -99 -99 -99 -99 -0.760409211511992
-99 -99 2.15008343786557 -99 -99 2.37326797108151 3.29145522601664 -99 -99 3.86062849793174
-99 -99 0.011141756278193 1.52894305901932 -99 0.432925223051145 3.53517820424517 1.42403883903296 -99 -99
-99 -99 -99 -99 -99 -99 1.91816813246094 -99 -99 -99
-99 -99 -99 -99 -99 -99 -99 -0.943550759858101 -99 -99
-99 -99 -99 -99 -0.880910761784022 -99 -99 -99 -99 -99
-99 -99 -99 -99 -99 -99 -99 1.78999746814685 -99 -99
-99 -99 -99 0.0538042743208077 -99 -99 -99 1.36566103953564 -99 -99
-99 -99 -0.339100475209459 -99 -99 -99 -99 1.4379557159243 -99 -99
-99 0.222520714368848 -99 -99 -99 -99 -99 -99 -99 -99
1.94208253509719 -99 1.7225154289164 -99 2.08442902097197 -99 2.83133052044032 -99 -99 2.35756536565686
-99 -99 -99 -99 -99 -99 -99 2.12519540619909 -99 -2.10581311238148
-99 3.12538359470042 -99 2.26496746827677 -99 1.65122736457433 -99 -99 2.4043084256825 1.87879359014289
-99 1.65460785043683 -0.699182171788167 1.02117642467662 -99 -99 -99 -99 -99 -99
-99 -99 -99 -99 -99 -99 -99 -99 -99 -99
0.812715628009515 -99 -99 -99 -99 -99 -99 0.491465119842789 -99 -99
-99 -99 -99 -0.278045391398853 -99 -99 -99 -99 -99 -0.994727171114254
0.207508248251897 -99 -99 -99 -99 -99 -99 -99 -99 -99
-99 -99 2.84214865633203 -99 2.26601659633754 -99 -99 -99 4.01052704925588 -99
1.35350681597357 0.822214389526671 -99 4.25142969378496 -99 1.17329150856829 -99 2.68099042648387 1.10942029434773 2.17414485349535
-99 -99 -99 -99 -99 -99 -99 0.3955581564946 -1.15210002720205 -99
-99 -99 2.7402073058418 -99 -99 1.78198700265423 3.26010522684332 1.214272386313 -99 4.0694632933245
1.25859819355104 -99 -0.275352174078706 -99 -99 -99 -99 -2.71630824213164 -1.86591875861663 -99
-99 -99 -99 -99 -0.0113602951463199 0.289376646737261 -99 -99 -99 -99
-99 -99 1.91715252790027 0.771185940201454 -99 -99 0.32961468266269 -99 -99 1.81582123946013
-99 -99 -99 1.65983180919891 0.631276558341862 -99 0.983254335085988 -99 -99 -99
-99 2.80895917977243 -0.530943729768014 2.42303403124895 -99 -99 -99 -99 -99 -99
-99 2.86418285402586 2.43066477952208 2.23660706320231 0.193191399994074 -99 -99 -99 -99 -99
-99 -99 -99 -99 -99 -99 -99 -99 1.87380105542001 -99
-99 -99 -99 1.52072858202761 -99 -99 -99 -99 -99 -0.435630321948972
-99 -99 -99 -99 -99 0.588937038544568 -99 -99 -99 -0.0709908451723289
0.276506418364152 -99 -99 1.26854647842198 0.291502942082295 -99 0.672839697425332 -99 0.573135519911079 -99
2.19224514942797 2.26243054680364 -99 -99 -99 -99 1.14729121538882 1.1096488391164 -99 -99
-0.810920245700817 -99 0.90909075530744 -99 1.04369790636227 -99 -99 0.559655090373289 0.0698671258266621 -99
1.46531807792835 -99 -99 -99 -99 -99 -99 -0.411657556346349 -99 -0.457813421648662
-99 -99 -99 -99 1.75030104699311 -99 -99 -99 -99 3.15010522038792
-99 -99 3.02697028564997 -99 -99 -99 1.51738640213593 1.61563138990955 -99 4.51603959425083
2.45884664611357 -99 -99 2.81484006597202 1.35817010569443 -99 -99 -99 -99 -99
-99 -99 -99 -99 1.5645064704683 -99 -99 1.83054940092279 -99 -99
-99 1.30169120520572 -99 1.37836053651877 -99 -99 -99 -99 -99 0.510766776699147
-99 -99 -99 -99 -99 0.403578445542499 -99 -99 -99 -99
-99 -99 0.772471405560474 -99 -99 0.955187030890732 -99 -99 0.922590882802446 -99
-99 -99 -99 -99 -99 -0.98938624165572 -99 0.00864492866658628 -99 -99
-99 -99 -99 -99 -0.456447394923849 0.797223472851099 -0.267186737241316 -99 -99 -99
3.29954451890233 -99 -99 -99 0.971568218209359 -99 3.09080079803172 -99 -99 2.36305846427506
-99 -99 -99 -99 -0.192850726429788 0.0654939158209747 -99 -99 -99 -1.03196456173337
-99 1.61554444864051 -99 -99 -99 1.1896648473547 -99 -99 -99 -99
-99 1.72411053930026 -99 0.899309557068924 -99 -99 -99 -99 1.00714459186437 -99
-99 -99 -99 -99 -99 -3.10694428787259 -99 -99 -99 -99
-99 -99 -99 -99 -99 -99 -99 -99 -99 -99
-99 -99 -99 -99 -99 -99 -99 -1.91797129243657 -99 -99
1.50919356074086 -99 1.93159360490875 -99 -99 -99 -99 -99 -99 -99
-99 -99 2.60999645491604 -99 -99 1.32135617372886 -99 -99 -99 -99
-99 -99 -0.43736527838734 -99 -99 -99 -99 1.93428323417779 -99 -99
0.43943184933115 -99 -99 -99 -99 -99 -2.29669650773795 -99 -99 -99
1.15079522242431 2.60948261295198 -99 -99 -99 -99 1.72912386605488 3.21238177987438 -99 -99
-99 -99 -99 -99 -99 -99 -99 -99 -99 -99
-99 -1.2180631073668 -1.86498842182682 -99 -0.925859208166774 -99 -99 -99 -99 -99
-99 1.80028090516925 -99 -99 -99 -0.983905498438145 -99 -99 -99 0.218692894765448
-99 -99 -0.0198202510081811 -99 -99 -99 -99 -99 1.82146943893394 -99
-99 0.0226190151768094 -99 -99 -99 -99 -99 -99 2.17247328407146 -99
-99 -99 -99 1.22002807409733 2.34322261933738 -99 -99 -99 0.495145035571218 -99
-99 -99 -0.490955164291334 -1.49254998499902 -99 0.276354949054468 -99 -99 -99 -99
-99 -99 0.437394041783729 -99 -99 -99 -99 -99 -99 1.00324840234201
-99 -99 -99 -99 -99 0.959118613274633 -99 -99 -99 0.0714787716897121
-99 -99 -99 -99 -99 0.982491457636964 -99 -99 0.870960911954398 -99
-99 -99 -99 -99 0.0549455907444392 1.56449979449365 -99 -99 -99 -99
-99 -99 -99 1.58859508878904 -99 -99 -99 -99 -99 -99
-99 -99 1.55140230788281 -99 -99 1.88312782937358 2.02500799685078 2.18749841177087 -99 -99
-99 -99 -99 -99 -99 -99 -0.411940638587446 -99 -99 -0.434699640292292
1.87768498647813 -99 1.57297072380803 -99 1.652524517647 -99 -99 0.884240236044587 -99 -99
2.53517265809865 -99 -99 1.36741098713635 -99 1.21948996495062 -99 -99 -99 -99
-99 3.1444869938538 -99 -99 -99 -99 -99 -99 -99 -99
1.92263002938625 -0.352666754566387 -0.304580495733844 0.187258487293812 -99 -99 0.112249641408836 -99 -1.5480586379058 -99
-99 -99 -99 -99 -99 -0.750381042363551 -99 -99 -99 -99
-99 -99 -99 0.847333776802994 -99 1.50861840166535 -99 1.69080522307321 -99 -99
-99 -99 -99 2.75463372381764 -99 -99 -99 -99 -99 -99
-99 -99 -99 -99 -99 -99 -99 -99 0.0309380507363253 -99
-99 -99 -99 -99 -99 -99 -99 0.980507698958922 -99 -99
-99 -99 0.563310767841375 -99 -99 -99 -99 -99 0.775960230802677 -99
-99 3.37786103429469 2.79653021205873 -99 1.7690713984857 -0.104728216333408 3.07343035289658 -99 -99 0.803034716148275
-99 1.16603398037227 -99 -99 -99 -99 -99 -0.693306273067947 -99 -0.176439540748212
-99 -99 -99 -1.98745319220904 -99 -99 -99 -99 -99 -99
1.89841761827447 1.56235111619817 -99 -99 -99 0.244048984749723 -99 -99 1.38538819135651 -99
-99 2.04849485503993 -99 -99 -99 -99 -99 -99 1.70366959408439 -99
-99 -99 -99 -99 -99 0.795473628368311 -99 -99 -99 -99
-99 -99 -99 -99 -99 -99 -99 -99 -2.31084531639952 -99
-99 -99 -99 -99 -99 -99 -1.27010172618469 -99 -0.115422993398357 -99
-99 0.860626275704316 -0.684314998037034 -0.318954786773752 -99 -99 -99 -99 -99 -99
-99 -99 2.70808654527408 2.00914477149593 -99 -99 -99 -99 -99 1.87552282440364
-99 -99 0.89816756692686 -99 0.820494388225363 -99 -99 -99 -99 -99
-99 -99 -99 -99 -99 -99 1.16198987216928 2.64070998667076 -99 -99
-99 -99 -99 0.641567428209246 -99 -99 -99 -0.361171168312577 1.02520479988179 1.1051512326816
-99 -99 -99 -99 -99 -99 3.97219043105109 -0.00517509182507681 -99 -99
-99 -0.364859813963822 -99 -99 -99 -99 -99 -99 -99 -99
0.797119564969284 -99 -99 -99 -99 0.643657955376659 -99 -99 -99 -99
0.996055802236714 -99 1.31416125131992 -99 -0.331100925502592 -99 1.11374549420981 -99 1.88751664426421 -99
-99 -99 -99 -99 -99 2.16659329267056 2.581211689047 1.37300419367673 -99 -99
-99 1.28041258155237 0.633230728006096 1.75606174024093 -99 0.792769451935928 1.61696733203326 -99 -99 -99
0.935885862543417 -99 -99 0.118451194579337 -99 -99 -99 -99 0.798411294102276 1.53371817995895
0.538782379506291 -99 -99 0.275520870988042 -99 0.973151589964901 -99 -99 -99 -99
-99 2.01037065344873 -99 -99 -99 -99 -99 -99 -99 2.63931914939567
-99 -99 4.59057033399569 2.28376475202594 -99 -99 -99 -99 -99 1.61528903430023
-99 -99 -99 -99 -99 -99 -99 -99 -99 -99
-99 -99 -99 0.262971122808069 -99 -1.35462126681292 -99 -99 -3.38048232492842 -0.344559645453181
-0.551131663042627 -99 -0.43670531269784 -99 -99 -99 -2.00594182295562 -99 -99 -99
-0.992789986454108 -99 0.8415280784389 -99 0.796072610154651 -99 -0.405598748422373 -99 -99 -99
3.6158683981478 -99 -99 1.93146273142391 -99 -99 1.78766544279426 -99 3.43432964006227 -99
-99 -99 -99 -99 0.558369369750075 -99 -99 -99 -99 -99
-99 -99 -99 -99 -99 -99 -99 -99 -99 -99
-99 -99 -99 -99 -99 -99 -99 -99 0.581426488175915 -99
-99 1.32615915353777 -99 2.07219247894988 1.85109293096937 -99 3.46475865610696 -99 -99 -99
-99 -99 -99 -99 -99 -99 1.3096457250818 -99 -99 0.0478631474321363
-99 -99 1.26180700447813 -99 -99 -99 0.684528204281842 -99 1.26087975701422 -99
-99 -99 1.1985819212164 1.22877547773873 -99 -99 1.94299035611432 -99 1.47886368543901 -99
-99 1.50696456082748 -99 -99 -99 -99 1.83782885626782 -99 -99 -99
1.55142945319187 -99 -99 2.78124961025183 4.76976975994667 -99 -99 0.570900310086043 -99 -99
-99 -99 -99 -99 -99 -99 -99 3.10632508049677 3.89354060078856 1.73517049349265
-99 0.252718466766631 -99 -99 -99 -99 0.0182360272657419 -99 -99 -99
-99 -1.19757873811336 -99 -99 -99 -1.53067295583266 -0.134775044529021 -99 -99 -99
-99 -99 1.55960460189303 -99 -99 -99 -99 -99 0.540746683356607 -99
1.18216406441915 -99 -99 -99 -0.469391358456646 1.30147005074863 -99 -99 -99 0.747334413327417
0.985868183711664 0.766572699642229 2.86391513473047 -99 -99 1.43568470939908 -99 -99 -99 -99
-99 -99 -99 -99 -99 -99 -99 0.370196355033148 -99 -99
3.013104210559 -99 -99 -99 1.32464642545675 -99 -99 -99 -99 -99
2.48061614432658 4.5916112899178 2.84584933553518 -99 -99 -99 2.29989673598644 -99 -99 -99
-99 -99 -99 -99 -99 -99 0.448346667749694 0.821831244876392 -99 -99
-99 -99 -99 1.6964598834132 1.38353158357583 -99 -99 -99 -99 -99
-99 -99 -99 -99 -99 3.20254222154261 -99 -99 1.05857257392394 -99
-99 -99 0.744412102888295 -99 -99 -99 1.09327939872358 -99 -99 -99
-99 -99 -99 -99 -99 -99 1.1263606593149 -99 -99 -99
-99 0.891119288643021 -99 -99 -99 -99 -99 -99 -99 -99
-99 0.37227020264929 -99 -99 -99 -99 -0.202060244362187 -99 -99 -99
-99 -99 -99 -0.115858610055076 0.424284075743313 -99 -99 1.33438349083048 0.120087750413408 -99
-99 -99 -99 -99 -99 -99 -99 -99 -99 2.11276552938035
-99 -99 -1.62209254426768 -99 -99 -99 -99 -99 -99 -0.667987348725868
-99 -99 2.69207790559827 -99 -99 2.49267846268482 3.75730980462204 -99 -99 -99
-99 1.64056617398779 0.123694735256705 -0.266734978879581 -99 -99 -99 -99 -99 -99
-99 0.0834237585356401 -99 -0.860602633179963 -1.85306185848818 -99 -0.516154820833616 -99 -99 -99
-99 -99 -99 -99 -99 -99 -1.35223228652189 -99 -99 -99
-99 -99 -99 -99 -99 -99 0.0776603757876503 -0.742251482679726 -99 -99
-99 -99 -99 1.60237072106115 1.09389002427015 -0.0429719143796596 1.36494231202687 -99 -99 2.31104785228674
-99 -99 -99 -99 -99 -99 -99 -0.849413679277051 -99 -99
-99 -99 -99 -99 -99 -99 -99 -99 -99 -99
-99 -99 -99 -99 -99 -99 -99 -99 -99 -99
-99 -99 -99 -99 -99 -99 -99 -99 -99 -99
-99 1.26333107967873 -99 0.222165621372982 -99 1.74050433196262 2.25037736850062 -99 2.23037206000941 -99
-99 -99 -99 -99 -99 -99 0.479004235342516 -0.107863731467376 -99 0.197172791949973
-99 -99 -99 -99 -99 -99 1.43386149580194 -99 -99 -99
-99 -0.327750273318983 -99 -99 1.51337730239215 -99 -99 1.21912868124974 -99 -99
3.64019175036187 -99 -99 -99 2.549590574318 3.35884933297311 -99 1.8351127653166 2.88344806736244 -99
-99 1.41557231640112 -99 -99 -99 1.44790059330834 -99 0.751952725026806 -99 -99
-99 -0.790481533410359 -99 -0.515173711178321 -99 -99 0.722658645334543 -99 0.506874340436503 -99
1.04967308196893 -99 -0.806944102422867 -99 -99 0.732238004047704 0.272906469401769 -99 0.903340391120503 -99
2.35416286827299 -99 -99 -99 -99 -99 -99 -99 2.48109548670173 -99
-99 -99 0.879971732577353 1.54674480674716 -99 -99 -99 -99 0.535375433800584 -99
-99 -0.546759188517299 -99 -99 -99 0.479750206431144 -0.23446744092326 -99 -99 -99
-99 -99 1.84391343001975 -99 -99 -99 -99 -99 -99 -99
-99 -99 -99 -99 -99 -99 -99 -99 -99 0.118119501890054
-99 -1.53019046922359 0.726260306564141 -99 -99 -99 -99 -99 -99 -99
0.365048691798412 1.23360394582407 -99 -99 0.855736483021271 -99 -99 -99 0.416700882412767 -99
3.59971120511726 -99 -99 2.99543948670769 3.99903058741109 2.13168004938965 -99 -99 -99 -99
-99 1.44679415842873 -99 -99 0.510752826741821 -99 -99 -99 -99 -99
-99 -99 1.397867205017 -99 -99 -99 -99 -99 -99 3.01872102786822
0.656902497939446 -99 -99 -99 -99 -99 -99 -99 -99 -99
-99 -99 -99 -99 -0.107848518212214 -99 0.767091887031447 -0.3186939413713 -99 2.36103299644835
-99 -99 -99 -99 -99 -99 3.92288736145875 -99 -99 -99
-99 -99 -99 3.742187675635 -99 -99 3.85306661045862 4.67970252696349 3.78207956638464 3.62535393902111
-99 -99 -99 -99 3.34455571112656 -99 0.276049465732554 -99 2.67671466435226 -99
-99 -99 -99 0.605510964169961 -99 -99 0.952493095777601 -99 -99 -99
-0.862433333092323 1.34360166648716 -99 -0.182843773612259 1.12986328188501 -99 -99 1.4684256447107 0.963071087954767 -99
0.490077975899823 -99 -99 -99 -99 -99 -99 -99 -99 1.32254496875539
-99 -99 -99 0.0358983637627016 -99 -99 -99 0.656318951046698 -99 -99
-99 -99 -0.0594086604600463 -99 -99 -99 -99 -99 1.23534642743733 0.904016081873446
-99 -99 -99 -99 -99 -99 0.757471834723497 -99 -99 -99
-99 -99 -99 2.44732229418567 -99 -99 -99 -99 -99 -99
-99 2.03321573454578 -99 -99 -99 -99 -99 -99 2.77593389304841 -99
-99 -1.28177406484088 -1.03454545655125 -0.570000837241277 -99 -99 -0.509519141117646 -99 -99 -99
-99 -99 -99 -99 -99 -99 -99 -99 -99 -99
-99 -99 2.48713685750107 -99 3.71789736808339 4.8379203008214 -99 -99 -99 -99
-99 -99 -99 -1.08832439974517 2.04726744048934 -99 -99 -99 -99 -99
-99 -99 0.180653718052552 -99 -99 -99 -99 1.42031399391737 -99 -99
-99 2.31800381598727 3.48930583685284 -99 -99 -99 -99 -99 2.66765395582381 2.99160878220796
-99 -99 -99 -99 -99 -99 -0.854472060962727 -99 -1.97177495608449 -99
-99 2.0049422923592 -99 -99 -99 -99 -99 -99 -99 -99
-99 -99 -99 -99 2.34027470935769 -99 -99 -99 -99 -1.1190862525175
-99 -99 -99 0.0227067232566782 -99 0.401022776535879 -99 -99 -99 -99
-99 -99 -99 -99 -99 -99 -99 -99 -99 -99
-99 -99 -99 -99 -99 -0.0775001455507411 1.71308367304147 -99 -99 -99
-99 1.00179752614105 -99 -99 -99 -99 -99 -99 -99 -99
4.92860868358323 -99 -99 0.944101237736743 3.81889704755533 -99 1.36156276019484 3.2675573639097 -99 -99
-99 -99 -99 -99 -99 -99 -99 -99 -99 -0.660002351500189
-0.625484492822203 -99 -99 -99 -0.366363130685766 -99 -99 -99 -99 -99
-99 1.27004723784736 -99 1.46136664816765 -99 -99 -99 -99 -0.6166354491189 -99
-99 -99 -99 -99 -99 -99 2.36270740368359 1.93982160924485 0.356267729081773 -99
0.316123200368311 0.513726327229292 -99 -99 -99 2.47137013735475 2.53258209110863 -99 -99 -99
-99 -99 -99 -99 -99 -99 -99 -99 -99 -99
-99 -99 -99 0.00991145197840637 -99 -99 -99 -99 -99 -99
-99 -99 -99 -99 -99 -99 -0.259497349123374 -99 -99 -99
2.34374956435353 -99 -99 -99 -99 -99 2.03384549487549 -99 -99 -99
1.6839122349093 -99 -99 -99 -99 -99 -99 -0.154362796195192 -99 -99
-99 -1.53391650216399 -99 -99 -99 -99 0.163039095024311 -99 -99 -99
1.6901566642465 -99 0.556691513440014 1.73873627932871 -99 2.12879950377579 -99 -99 3.03924185112624 -99
-99 0.179286742887309 1.63930924108316 -99 -99 -99 -99 -99 -99 -99
-99 -99 -99 -99 0.472622702156519 -99 -99 2.15546200294087 -99 1.12527531421717
-99 -99 -99 -99 -99 -99 -99 -99 -99 3.74300018069614
-99 -99 -99 -99 -99 -99 -99 -99 -99 -99
-99 -99 -99 -99 -99 -99 -99 0.35721649120151 -99 1.99955935561665
1.40295503796373 -99 -99 -99 -0.550547034027736 -99 0.884828144630801 -99 -99 -99
-99 -99 -99 2.84392249857791 -99 -99 -99 -99 2.69287747460713 -99
-0.296047741509535 -99 -99 -99 -0.414467893398534 -99 -99 -99 -99 -99
-1.52001637361057 -99 -99 -1.04802934134287 -99 -99 0.220129914584618 -0.17370728115862 -99 -99
-99 -99 1.3965790145812 -99 -99 -99 -99 -99 -99 -99
-1.01847298178946 -99 -99 -99 -1.5328632583884 -0.321794709387944 -99 -99 -99 -99
-99 -99 -99 -99 -99 -99 -99 -0.570315948790937 -99 -99
-99 -99 0.588606545723876 -99 -2.15147813832166 -99 -0.195888084002649 -99 -99 -1.09389326361192
-99 -99 -99 -99 -99 -99 -99 -99 1.05407774331483 -99
-99 1.63357371062496 -0.0233908153121776 -99 -99 -3.40295639754218 -99 1.14630972445217 -99 -99
-99 -99 -99 -99 -99 -0.377861044360881 -99 -99 -99 -99
-99 -99 -99 -99 -99 -99 -99 -99 -99 -99
1.80817353217059 3.40056529024218 -99 -99 -99 -99 -99 -99 -99 -99
-99 -99 -99 -99 -99 -99 -99 -99 -99 1.57604522768863
2.67921631834319 -99 -99 -99 -99 1.52824808957909 -99 -99 -99 -99
-99 -99 -99 -99 -3.03781807130972 -99 -99 -99 -99 -99
-99 -99 -99 -99 2.31081237112453 -99 -99 -99 -99 -99
-99 -99 -99 -99 -99 -99 -1.03930270149545 -99 -99 -99
-99 0.0900862167586094 -99 -99 -0.205227935380207 0.993736231975036 -99 -99 -99 -99
-99 -99 -99 0.0988684018680724 -99 -99 -99 -99 -99 -99
-99 -99 -99 -99 -99 2.3741888603107 -99 -99 -99 -99
-99 1.3508982578999 -99 -99 -99 -99 -99 -99 -99 2.0051027011748
-99 -99 -99 -99 -99 -99 -99 -99 -99 -99
-99 -99 1.76516920506905 -99 -99 1.43948862341005 -99 1.59850019799526 3.06244971860764 -99
-99 2.97624126475315 0.377727175741955 -99 2.05452125721243 -99 -99 -99 -99 -99
-99 -99 -99 -99 -99 -99 -99 -99 -99 -99
-99 -0.177757408576138 -99 0.701405772092771 0.448335433609489 0.603546387797573 -99 1.25503696897718 -99 -99
1.93507509865809 1.76081550310396 -99 -99 -99 1.12706582478589 -99 -99 -99 1.44533184574589
-99 -99 -99 -99 -99 -99 -99 2.38620313182794 2.75367456222437 -99
-99 -99 -99 -99 -99 -99 1.13399526212867 -99 1.17881339879567 -0.240966336600253
-99 -99 -99 2.03870247824446 -99 0.151559074580211 -99 -99 0.529928598998916 -99
-99 -99 -99 -99 2.20986870997532 -99 3.18037482247782 -99 -99 -99
-99 -99 2.15050253074916 -99 -99 -99 2.08535517709604 -99 -99 -99
0.546413339924964 -0.0729057620568314 -99 -0.156592519737519 3.02426169587484 -99 -99 1.04390614425432 0.629868349537626 -99
1.74583762566396 -99 -99 -99 -99 -1.28548324080092 -99 -99 -99 -99
1.69898100267435 -0.408134787442536 -99 -99 -99 -99 0.795255016157786 -0.37931943995735 -99 -99
-99 -99 -99 -99 -99 -99 3.95990854799227 -0.404659703301445 -99 4.35435817538734
-99 -99 -99 -99 1.27653555084516 1.42798787480679 -99 0.419729245500535 -99 -99
-99 -99 -99 -99 -99 -99 -99 -99 -99 -99
0.408934636635625 -99 -99 -99 -99 -99 -99 1.99785582038333 -99 0.837037597298101
-99 1.90499201945496 1.81188989623235 2.31065329141086 -99 -99 -99 -99 -99 -99
2.08908772866872 0.868070826286927 1.3540779441598 -99 0.405129995795914 -99 -99 -99 -99 -99
-99 3.13394623616816 -99 -99 -99 -99 -99 -99 -99 -99
-99 2.76153127054303 1.55738848073888 -99 -99 -99 -99 0.425527856189817 -99 -99
-99 -99 0.703710465837302 -99 -0.944451752045963 0.508462397149114 -99 0.143337689272838 0.431496040349625 0.72185984380393
-99 -99 1.84773676324668 0.554673322345445 -99 -99 -99 -0.686682788367033 0.999576626879833 0.754184762423377
1.00091376634701 1.21135578882564 1.15177716374228 -99 -99 -99 -99 -99 -99 -99
-99 -99 -99 -99 -99 1.63359203187716 -99 -99 -0.623766843971514 -99
-99 -99 -99 -99 -99 -99 -99 -99 -99 -99
-99 -99 1.07781753597822 -99 -99 -99 -0.990489668333264 -99 -99 1.9691765965752
-99 -99 0.3322300051746 2.16283482004669 -99 -99 -99 0.923876571063744 3.56706195149558 -99
0.907178055685456 -99 0.765270733993301 1.15697889121508 -99 -99 -99 0.0397885942987801 -99 -99
-99 -99 -99 -99 -99 1.23246738975682 1.47781547970104 -99 1.42400829691403 -99
-99 -99 -99 -99 -99 -99 -99 -0.683679974012659 -3.23817491879361 -0.77130708389801
-99 -99 0.453219202306973 -99 -99 -99 -99 -0.258774248579689 -99 -0.899344540532907
-99 1.63151228324424 -99 -99 -99 0.433814499691682 -99 -99 -99 -99
-99 -99 0.560332354722693 -99 -99 -99 -99 -1.31554087811352 -99 -99
1.98377150812498 -99 -99 -99 -99 -99 -0.0699620535613963 -99 -99 -99
1.07266951813941 -99 -99 -99 -99 -99 -99 -99 -99 -99
-99 -99 -99 -99 -99 -99 -99 -99 -99 1.69019016907903
-99 -99 -99 -99 -99 -99 0.844149794974208 3.03762376937151 -99 -99
-99 -99 -99 -99 -99 0.32668104730777 -99 -99 -99 0.549068302347045
-0.0479892262448458 -99 -99 -99 -99 0.0397891598058662 1.09728027968747 0.806539867449042 -99 -99
1.22621833055653 -99 2.12580665890593 2.52439040828035 -99 1.25858020173868 -99 2.60244140157275 -99 -99
-99 3.33610081601774 -99 -99 -99 -99 0.523824090431892 0.612449977213361 -99 -99
-99 -0.422203577782418 -99 -99 -99 -0.152302287147724 -99 -99 -99 -99
2.76088763567208 -99 -99 3.28275992026539 -99 -99 -99 -99 -99 -99
-99 -99 -99 -99 -99 -99 -99 -99 -99 -0.82026110988827
-99 -99 -99 -1.11186934754706 0.359583345668049 -99 -99 -99 -0.491056406127677 -99
-99 -99 -99 -99 -99 -99 -99 -99 -99 -99
-99 -99 -0.0991237853289559 -99 -99 -99 0.57171320684111 -99 -99 -99
-99 -99 -99 2.98288760452517 -99 -99 -99 -99 -99 -99
-99 -99 -0.170454551406538 -1.06966424836904 -99 -99 -99 1.17995533543585 -99 -99
-99 -99 -99 -99 0.924120138857265 3.03646741356825 -99 0.802495342565196 -99 -99
2.13978975051154 -99 -99 -99 -99 2.58841204529146 -99 -99 0.178861747755378 -99
-99 -99 -99 -99 3.63124888267886 -99 -99 -99 1.91049530708469 2.67137080581465
-99 -99 -99 -99 -99 -99 -99 2.59798577372744 1.21988988835681 -99
-99 -99 -99 -99 -99 0.225566134648906 -99 -99 -0.575780564164557 -99
1.48773458154522 -99 -99 3.80021637418424 0.289746171646102 -99 -99 -99 -99 -99
-99 -99 -0.29830994513558 -99 -99 -99 -99 -99 -99 -99
-99 -99 -99 -99 -99 -99 -99 -99 4.51582187302706 -99
-99 -99 -99 -99 -99 1.79027981035019 -99 -99 -99 -99
-99 -0.0702228689884927 -99 -99 -99 1.47643699682472 -99 0.708953910798491 -99 -99
0.551444391793296 -2.29370733566432 -99 -99 -1.00201514156337 -99 -99 -99 -99 0.162032729328205
-99 0.472896979049793 -99 -99 -1.73753638149329 -99 -99 -1.627560536392 -99 -99
-99 1.2822798975844 -99 -99 -99 -0.116344391507924 0.217824494736094 -99 -99 -99
0.547003677108833 -99 -99 -99 -99 -99 3.43632778828413 -99 -99 -99
-99 -99 4.84645544438818 -99 -99 2.56847800158843 -99 -99 -99 2.00908014140279
-99 -99 -99 -99 -99 -99 -99 -99 -99 -99
1.63917615962835 -99 2.48214918363121 -99 -99 -99 -99 -99 -99 -99
-99 -99 -1.80634248112475 -99 1.08643423290649 -99 -99 -0.125449114590494 -99 -99
-99 -99 -99 -99 -99 -99 -0.85288443879135 -99 -99 -99
-99 -99 -99 -99 1.40245255698263 -99 -99 -99 -99 -99
-99 -99 -99 3.62482079924442 -99 -99 2.28843675709761 -99 3.22557884830055 -99
0.154253643063275 -99 -99 -99 -99 -1.03192510114812 -99 0.070116680521601 -99 -99
-99 3.6369214368482 -99 -99 -99 -99 -99 4.08552806752623 -99 -99
-0.974404547503512 -99 -99 -99 -99 -99 -0.0656706854590943 -99 0.863880323118011 1.10199693024764
3.06215718707058 0.445885192714309 1.27507863658592 -99 2.27206772204926 -99 -99 -99 -99 -99
-99 -99 -99 -99 -99 -0.999409340581936 -99 -99 -99 -99
-99 -99 -99 -99 -99 1.26560823487053 -99 0.576398495022199 -99 -99
0.976847780947079 -99 -99 -0.949687662400528 -99 -99 -99 -99 -99 -99
-99 -99 -99 -99 -99 -99 -99 -99 -99 0.85806901424219
-99 -0.51804670939167 -99 -0.428996948629959 -0.204978180463404 -99 -99 -99 -99 -99
-99 -99 -99 -99 -99 -99 -99 3.47150205453396 0.977573072445333 -99
-99 -99 2.38019471505474 4.23303708001374 -99 -99 0.705899416997437 -99 -0.118839754975523 1.74764076022014
0.0388075083870892 1.47826950941702 -99 0.0246213267090647 -99 -0.449903361885776 -99 -99 -99 -99
-99 -99 -99 -99 -99 -99 -99 -99 -99 -99
-99 -99 -99 -99 -99 -99 -99 -99 3.28355527005793 -99
-99 -99 -99 -99 -99 -99 2.27592470995968 -99 -99 -99
2.21230039634044 -99 -99 -99 -99 1.06150599646069 0.873378625307056 -99 -99 -99
-99 -99 -99 -99 0.631137263349816 -99 -99 1.76509573275914 -99 1.75830730736987
-99 -99 -99 -99 -99 -99 -99 -99 -99 -99
2.59184167836254 -99 -99 -99 2.27765038541078 3.45270618169568 -99 -99 3.05965044411774 -99
-99 -0.7217306551874 -99 -99 -99 -99 -99 -99 -99 -99
-99 -99 0.841143732806872 -99 1.3067977370789 -99 0.854951881368848 -0.982583783336575 -99 0.619795100025289
-99 -99 -99 -99 -99 -99 -99 -99 -99 -99
-99 -99 -99 1.83796324071904 -99 -99 -99 -99 -99 -99
1.403830444404 -0.212693191034728 -99 -99 -99 -99 -99 -99 -99 -99
-99 -99 -99 -99 -99 -99 -99 -99 -99 -99
-99 -99 -99 -99 -99 -99 -0.0943995136291935 -99 -99 -99
0.721495086591288 -99 -99 -99 -0.380821849361341 -99 0.151581021421499 -99 -99 -99
-99 -99 -99 -99 -99 -99 -99 -99 -99 -99
-99 -99 0.28393609408486 0.553946392355758 -99 -99 2.78566545997836 -0.705459023659595 1.15736894011023 -99
-99 -99 -99 1.53747393585081 -99 -99 -99 -99 3.23701398515308 1.91012071933217
-99 -99 -99 -99 -1.26751072132676 -99 0.021733707682186 -99 2.04834977249582 1.87592876202215
-99 2.56077216695641 1.86705548341667 -99 -99 -99 0.824857101252815 0.963909323698277 -0.216177885483033 -99
-99 -99 -99 2.06378725292207 -99 -99 -99 -99 -99 -0.19319448445432
-99 -99 -99 -99 -1.69567895182627 -1.41322441355308 -99 -1.91761153208691 -99 -99
-99 -99 0.990035573999244 -99 -99 -99 -99 -99 -99 -99
0.782743630202222 -99 1.7611350735402 -99 -99 -99 -99 1.21393324209737 -99 -99
-99 1.54717345631454 -99 -99 -99 -99 -0.954106440748778 -99 -99 -99
-99 -99 -99 -99 -99 2.54840297835703 -99 -99 -99 -99
-99 -99 -99 -99 2.44378011863242 -99 3.77640645001478 1.99631776439052 -99 -99
-99 -99 -99 -99 -99 -99 -99 -99 -99 1.61328246187699
2.31519776733441 -99 -99 -99 -99 -99 -99 -99 -99 -99
-99 -99 1.33040009000715 -99 -99 -99 -99 -99 -99 -99
-1.58714728913298 -1.73766186747726 -99 -1.08744417409785 -99 -99 -3.40890158716538 -99 -99 -2.18959582168237
-99 0.307918491977656 0.652896274812615 -99 -99 -99 -99 1.32133700701938 -0.590212240940236 -99
-99 -99 -99 -99 -99 -99 -99 -99 -99 -99
-0.938335002165281 -99 -99 0.0826759656784977 -99 -99 -99 -99 -99 -99
-99 -0.298271782461395 -99 -99 -99 -99 -99 0.965556709751843 -0.587304054772778 0.329362370963389
-99 1.48656065113645 -99 -99 3.11465232819046 1.93594810230688 3.52892627771458 2.59846997929484 -99 -99
-99 1.7287290509911 -99 -99 -99 -99 1.30789890959155 1.13386236307008 -0.570603711571804 -99
-99 -99 -99 0.49933007480419 0.384562781521348 0.566012693174231 -99 -99 1.11688503437875 -99
0.846472485568056 -99 -99 -99 -99 -99 -99 -99 -99 -99
-99 -99 0.10256336181335 0.861549746594761 -1.00641071408567 -0.133952280107527 -99 -99 1.2697258183103 -99
-0.489867488589403 2.07075120310088 -99 -99 1.12029520689687 -99 -99 -99 0.212453417800673 -99
-99 -99 3.01789575493644 -99 2.16426984935183 2.67846447084507 4.64907589268854 2.68888659908704 -99 -99
-99 -99 -99 -99 -99 2.92920927685252 0.465206583355567 -99 2.48918178031858 0.101990352363059
-99 -99 -99 -99 -99 -99 -99 -99 -1.0040617644671 -99
3.34423311001923 4.04253285210359 -99 -99 1.66797459427549 -99 -99 -99 -99 -99
-99 -99 -99 -99 -99 0.971721026292105 -99 -99 3.16456447241017 -99
-99 -99 -99 -99 -99 -99 -99 -99 -99 -99
-99 -99 -99 -99 -99 -1.17524768048277 -99 0.573107621555808 -99 -99
-99 -0.0514109003513425 -99 2.33354393590788 0.326280142020851 -99 -99 -99 2.27215686115476 -99
-0.843003775760815 -99 -99 0.463672592261843 -99 -99 0.94355582699098 -99 -0.157109159370587 -99
2.00289750886904 1.85636219735586 -99 0.155805070739192 2.56284604548584 -99 -99 -99 -99 -99
-99 -99 -99 -99 -99 -99 -99 -99 0.27228224288686 -99
-99 0.960124864008812 -99 2.34129875934977 -99 -99 -99 -99 -99 -99
-0.109194964303873 -99 -99 -99 -99 -99 -0.179158912227904 -99 -99 -0.0894570914761739
-99 3.24761698189827 1.7592202709994 -99 -99 -99 2.98496021589418 -99 0.462167611136452 -99
1.36340508544015 0.744968647273418 1.19514052719469 0.805356710203741 -99 -99 1.60739013738341 -99 -99 -99
-99 0.540595898911819 -99 -99 -99 -99 2.19234026660462 -99 -99 -99
-99 0.269888066732668 -99 -99 -99 1.63654368081271 -99 0.519837134178315 -99 -99
-99 -99 -99 -99 -99 0.589685119711891 -99 -99 -99 -99
-99 -99 -99 -99 -99 -99 2.2339543384647 -99 -99 1.14598763637642
0.245515904977128 -99 -99 -99 -99 -1.41110137194202 -0.156919112291544 0.0862139884196358 0.398348521256978 1.28731475768535
-99 -0.0981875848760563 -99 -99 -99 -99 0.732838549031447 -99 -99 -99
-99 -99 -99 -99 -99 -99 -99 2.14764030267482 2.22926693884715 -99
-99 -99 -99 0.844747844081361 -99 -99 0.917007934043846 -99 3.23448407008402 2.03125626153247
-99 -99 -99 -99 -99 -99 1.08657479986863 -99 -99 -99
0.981550728380359 -99 -99 -99 -99 -99 -0.980382197503102 -99 -99 -99
-99 0.98153491138714 -99 -99 1.31019029951476 -99 -99 -99 -99 -99
-99 -0.168113109571033 -99 -99 -99 2.69621344366914 -99 -99 -99 -99
1.65237287635661 -99 1.55246680536915 -99 -99 3.56800743096587 0.719100949049341 -99 2.66885920713485 3.63013669331685
-99 -99 0.380083113935519 1.06114353075994 -99 -99 0.905886481772828 -99 -99 -1.26565442793021
-99 -99 0.0937305505481142 0.936434411152461 2.74195156527236 -99 -99 -99 -99 -99
-99 0.553828425310952 -99 -99 -99 0.227817631998759 1.45735074999522 -99 0.628797299906708 0.0467193991639482
-99 -99 -0.96566219995512 -99 -99 -99 -99 -0.486016504682741 0.500182209690538 0.00958273791896258
0.665861587415756 -99 -99 -1.2781522650357 -99 -99 -99 -99 -99 -99
0.500524029631306 -99 -99 -99 -99 -99 -99 -99 1.02394057327014 -99
-1.35358412322759 -99 -99 -99 -99 -99 -99 -99 -99 -99
-99 -99 0.974726439481597 -1.22383964908817 -99 -99 -99 -99 -99 0.303886319743997
-99 1.40759523409544 -99 -99 -99 2.69499341638889 -99 -99 -99 -99
4.32967775710976 -99 -99 -99 0.374848468377497 2.73672654524719 -99 1.93679007127801 -99 -99
-99 -99 0.938016712409529 -99 -99 -99 -99 1.92904315788774 -99 -99
-99 -99 -99 -99 -99 -99 -99 0.346984466316455 -99 -99
1.66726011393603 -99 -99 -0.0484915699881174 -99 -99 -99 1.12104040801177 -99 -99
-99 -99 -99 2.04018204151824 -99 -99 -99 3.24555531719356 -99 -99
-99 -99 -99 -99 -99 -99 -99 -99 -99 1.52479723464928
-99 -99 -99 -99 -99 -99 1.38355706406834 -99 -99 -99
0.536489749247307 0.673970936418068 -99 -99 -99 0.326245990110276 -99 -99 2.20771709648938 -99
-99 -99 -99 -99 -99 -99 -99 -99 -99 -99
3.05885857383345 1.8988954817313 -99 2.75880791471497 -99 -99 -99 -99 3.74293406913438 -99
-99 -99 0.169843654148732 -99 -99 -99 -99 -99 -99 -99
-99 1.00279296235296 2.91221862379037 1.37137872338523 -99 -99 -99 -99 -99 -99
-99 -99 0.113615904706556 -99 0.214442506016947 -99 -99 -99 -99 -99
-99 -99 0.398871041761675 -99 3.09383619404873 0.593321795733461 -99 -99 2.11420256482582 0.325427729404017
-99 -99 -99 -99 2.02867818229881 -99 3.14899158868718 -99 -99 -99
-99 1.75136432371759 -99 4.82864524745423 4.10220838405067 -99 -99 3.63617511320239 -99 -99
-99 -99 -99 0.464908936426191 -0.203331041887045 -0.409570249917427 -1.19581800896791 -99 -99 -99
-99 -99 -99 -99 -99 1.34623042863126 -99 1.44473649374276 2.00926685873425 -99
-0.630934258603599 -99 -99 -99 -99 -99 -99 -99 -99 -99
-0.357952436312442 -99 -99 -99 -99 -99 -99 -0.439529559714633 -99 -99
-99 -99 -99 -99 -99 1.75858822970417 -99 -99 -99 -99
-99 -99 -99 -99 -99 -99 -99 -99 -99 0.243678128742057
0.816111271738633 -99 -99 -99 -99 1.29330302878569 -99 -99 -99 -99
-99 -99 -99 -1.03514025176018 -99 -0.282085733446027 -99 1.26110174783697 1.04025915089357 -99
-99 -99 -99 0.324307779633021 -99 -99 0.0316857032400307 -99 -0.720694745850368 -99
-99 -99 -99 -99 -99 0.860300007624556 -99 1.03172714095158 -99 -99
-99 -99 1.82994394820699 -99 -99 -99 1.8752594293076 -99 0.534729018658135 -99
1.41970484303669 -99 -1.17027713958569 -99 -99 1.53090083325495 -99 -99 -99 -99
-99 -99 -99 -99 -99 -99 -99 -99 -99 -99
-99 -99 -99 -99 0.816518111651906 1.3749717344175 -99 2.24245338294677 -99 -99
-99 -99 -99 -99 -99 -99 -99 -99 -99 4.23647732707889
-99 -99 -99 -99 -99 -99 1.36937126079005 -99 -99 -99
-99 -99 -99 -99 0.476650044430713 -99 -99 -99 -99 -1.49473349467225
-99 -99 1.59468421245783 -99 -99 1.43477183717761 -99 1.51190882343276 -99 -99
0.133804526733661 0.555853647813324 -99 1.59164191827001 -99 -99 -99 -99 -99 -99
-99 0.774795542755256 -99 -99 1.96818811763756 -99 -99 -99 -99 -0.192690489920462
3.25151161549101 -99 -99 -99 -99 -99 -99 -99 2.24307295880584 2.19131001041792
-99 -99 -99 -99 -99 -99 -99 -99 -99 0.0286777683777133
1.50841289274543 1.81687097562843 -99 -99 -99 -99 -99 2.76098034015808 1.94402298772322 -99
-99 -99 -99 -99 0.899085087604145 -99 -99 -99 -99 -99
-0.459053465466162 -99 -99 -99 0.947695860165212 -99 -99 -0.83652141980453 -99 -0.885868065532342
-99 -99 1.5074001480787 -99 -99 -99 -99 -99 -99 2.16925411005911
-99 -0.728901312928138 -99 -99 -99 1.13692639767758 -0.28941011143012 -99 -99 1.18153618853099
-99 -99 0.139861198139817 -99 -99 1.25314074106937 -99 -99 -99 -99
1.87944872854692 -99 -99 -99 2.48328266138847 1.80710167719377 -99 -99 -99 -99
-99 -99 -99 -99 -99 -99 -99 2.06879300850499 -99 0.773494149588329
2.02379205994146 -99 0.460685210167935 -0.60854197692107 -0.645827275801981 -99 -99 -99 -0.329267952153774 -99
-99 2.33465003394325 0.883088794164722 -99 -99 1.9851318269751 -99 2.34803594957472 0.999460531112273 -99
-2.11216442236116 -99 -99 -99 -99 -99 -99 -99 -99 -0.705452539365131
-99 2.56260698072554 -99 -99 0.318389643539087 1.48201265981126 0.0315958711635917 -99 -99 -99
5.18066623941247 2.53382398676184 -99 -99 1.09459191069732 -99 -99 -99 -99 -99
-99 -99 2.66906663031932 0.976398482094682 -99 -99 -99 -99 -99 -99
-99 -99 -99 0.369416467549014 1.16324633378833 -99 -99 1.50689005812374 -99 -99
-99 -99 -99 -99 2.09373380704358 -99 3.57853507780594 -99 2.13576675072971 -99
-0.556693243228478 -99 -99 1.50988590680088 -99 -99 -99 -99 -99 -2.15545494527858
-99 -99 -99 -99 -99 3.28399465087811 -99 -99 -99 2.00865533963419
0.788222606825539 -99 -99 0.00911447124676568 -99 -99 -1.82900538565958 -99 1.1520946804903 -99
1.50679627677293 -99 -99 -99 -99 -99 -99 -99 -99 -99
-99 -99 -99 -99 -99 -99 2.79769116413284 3.70039080643137 -99 -99
-99 2.1779015506632 -99 1.2534697423376 -99 -99 -99 -99 -99 -99
-99 -99 -99 -99 4.53112052259709 -99 -99 -99 -99 -99
-0.813235170046112 -99 1.08719607894332 -99 -0.271874874507482 -99 -99 1.04786000752244 -99 -99
-99 0.177274872864188 1.56642765738381 -99 -99 -99 -99 0.79823338290733 -99 -99
2.72348809951602 -99 0.445634534861189 -99 -99 -99 0.539132799148514 -99 -99 -99
1.70412354853578 -99 -99 -99 -99 -99 -99 0.263307373905172 -99 0.194003615697373
-99 -99 -99 -99 -99 -99 -99 -99 -0.140108714152005 -99
-99 -99 -99 -99 -99 -99 -99 0.300025331808572 0.394555211883512 -99
-99 -99 0.441066598345712 -99 1.24491579727576 -99 -99 -99 1.71616029462067 0.497232407022982
-99 0.417685830129529 -99 -99 -99 -99 1.35814842221569 -99 -99 -99
-99 -99 -99 -99 0.673604432853031 -99 -99 -99 -99 -99
-99 -99 -0.433304447174947 -99 -99 0.731238399430775 -99 -99 -99 -99
-99 -99 -99 -0.654848061091263 0.503503852360899 -99 -99 -99 -99 -99
-99 -99 -0.663465246825388 -1.66278730472982 -99 -99 -99 -0.294299775598171 0.750851141282329 -2.36450452206311
-99 -99 -99 -99 -99 3.26557956050777 2.00760811383973 -99 -99 -99
-99 -99 -99 -99 -0.388996906278774 -99 -0.074232034500104 1.19842594436765 -99 -99
-99 -99 -99 -99 -99 -0.305127229160085 -99 -99 -99 -99
-99 -99 -99 -99 -99 -99 -99 0.945552533762543 0.201196048501734 -99
-99 -99 -99 -99 -99 0.918808505381224 -99 -99 -99 -99
1.76224084550695 2.80091007971886 -99 -99 -0.249769975715993 -99 -99 -99 -99 -99
-99 -99 -99 2.99451421399823 2.63420157832113 -99 -99 -99 1.66212922229498 -99
-99 -99 -99 1.33555670362612 -99 -99 -99 1.5090873266787 -99 -99
-99 -99 -2.10841689228234 -99 -99 -99 -99 -2.44683012870907 -99 -99
-99 -99 2.94311156884953 -99 -99 -99 0.0718524733768474 -99 1.15162303685974 -99
-99 -99 -99 1.13488858090978 -99 0.441022715760216 0.384685710101051 -99 -99 -99
-99 -99 -99 -99 1.54541033449981 -99 -99 -99 -99 -99
-99 -99 -99 -99 0.152319132552275 0.186153549223067 -99 -99 1.11911855392337 -99
-99 -99 -99 -99 -99 -99 1.72976039413909 -99 -99 -99
-99 -99 0.945303903079134 -99 -99 -99 1.2861271191924 -99 -99 -99
-99 -99 -99 -99 -99 -99 -99 -1.37594147634499 -99 -99
-99 -99 -99 1.01928722609344 -99 -99 -99 -99 -99 -99
-99 -99 0.317856634461065 -99 -99 -99 -99 0.14961502877418 -99 -99
-99 -99 -99 -99 -99 -99 -99 -99 -99 -99
-99 -0.0357656528346904 -99 -99 -99 0.478949450638372 -0.348012844325687 -99 -99 0.580316041956323
0.477532981834678 2.15115869982365 4.12272873526319 -99 -99 -99 -99 -99 -99 -99
-0.000460585040832573 -99 -99 -99 -99 -99 -99 0.81586943706534 -99 0.210166632067319
-99 -99 -99 -99 -99 -99 -99 -99 0.573850704079687 0.445355486410894
-99 -99 -99 -99 1.91108214879564 -99 -99 -99 -99 3.06662250827603
-99 -99 -99 -99 -99 -99 2.23560405776188 -99 0.655525914046267 2.03840502954228
-99 -99 -99 -99 -99 -99 0.835491052412506 -99 -99 -99
-99 -99 2.12658028027852 1.68187493729549 -99 -99 -99 1.9482348493016 -99 -99
-0.186551627945224 -99 -0.904214643798525 -99 -99 0.625620759825203 -99 -99 -99 -99
-99 -99 -99 -99 -99 0.999072760385165 -99 4.77103085951211 2.13432841611459 -99
-99 -99 -99 -99 -1.47377673738838 -99 -99 -99 -99 -99
-99 -99 0.486132080690755 -99 -99 -99 -99 -99 -99 -99
-99 1.13517047421212 1.86233300943212 -99 -99 -99 -99 0.0607372564164552 -99 2.15923622232505
-99 -99 -99 -99 -99 -99 -99 -99 -99 1.04648859823187
-99 0.84609596958226 1.79900379400077 -99 3.13832418791499 -99 -99 -99 1.75556253109355 -99
-99 -99 -99 -99 -99 -99 1.63265626835899 -99 -99 -99
-99 -99 -99 -99 1.30547852278484 -99 2.60496553122897 -99 1.87056804501491 2.23070551198396
-99 -99 2.0652125249983 -99 -99 -99 -99 -99 -99 2.75105609855098
-99 -99 -99 -99 -0.895085277582226 -99 -99 -99 -99 0.714418144435162
-0.253430124721853 -99 -99 -99 -99 -99 -99 -99 -99 -99
-99 -99 -99 -99 1.60968111456174 -99 -99 1.23695507343957 -99 1.74702324677148
-99 -99 1.84667343732545 -99 -99 -99 -99 -99 -99 -99
-99 -99 -99 -99 -99 -99 -99 -99 -99 1.11609344231393
2.65595232642219 -99 -99 -99 -99 -99 1.77081281033916 -99 1.32350938768884 -99
-1.52364933640348 -99 -99 -99 -99 -1.48930698740567 -0.476489854866069 -99 -99 -99
-99 -99 -99 -99 -99 -99 1.00539655212228 1.4634496398174 -99 -99
-99 -99 -99 -99 0.0137300198388123 -99 -99 -99 -99 -99
0.570938683811012 -99 0.0121340832325711 -1.63681847516296 -99 -99 -0.557694544084485 0.87213829938726 -99 -99
-99 -99 0.0209524898108522 0.175222382895968 -99 -99 -0.739587037674187 -99 -99 0.107165132107955
-0.7727057631689 -2.23555559982359 -99 -1.62362533806636 -99 -99 -99 -1.34464039311066 -99 0.0198889378120397
1.42856519945216 -99 -99 -99 -0.363699128517349 0.129151152022562 -99 -99 -99 -99
-99 -99 2.00633815961028 -99 -99 -99 -99 -99 2.86592529552976 -99
-99 -99 -99 -99 -0.20547156617273 1.12678316579933 2.70904147074106 -99 -99 -99
-0.124070526585164 -99 -99 -99 -99 -99 -0.761157633184159 -99 -99 -99
0.762679584181825 -99 -99 0.737642991834713 2.25480004899287 -99 -99 -99 -99 -99
-99 -99 0.824655738870121 -99 -99 -99 -99 1.58228794259587 1.37455297692567 -99
0.274565996823543 -99 -99 1.59022765405305 -99 -99 -99 -99 -99 -99
-99 -99 1.02221191555986 -99 0.564769212933141 -99 -99 -99 -99 1.0283515369927
-99 -99 -99 1.46646135785408 -0.339085438391931 -1.09363985534156 -99 -99 -99 1.83952126500965
-99 -0.0645054803991219 -0.676146297558128 -99 -99 -99 -99 -99 -0.608780322825744 -99
-99 -99 -99 3.37271822074529 -99 -99 3.18860669494651 -99 -99 -99
-99 -99 -99 0.0201524289478194 -99 -99 -99 -99 -99 -99
-99 0.240710389024934 0.559484381521483 -99 -99 -99 -99 -99 0.490363458253731 -99
-99 1.39977806992958 -99 1.86868517571507 -99 -99 0.445470812770969 2.97631745292636 -99 -99
-99 1.43085826878303 -99 0.951268313357407 2.37890872941375 -99 -99 1.44033742224141 0.135490150912868 -99
2.27112728691343 -99 4.64029233526821 1.05982363120176 3.69264966300373 -99 -99 -99 3.29385880250891 -99
0.243578011215185 0.370579767643199 -99 -1.55934641712861 -99 -99 -99 -99 -99 -99
-99 2.07096538078135 -99 -99 -99 -99 2.32164951540768 -99 -99 -0.0497509894807802
-99 -0.506792771256403 -99 -0.0392375980576951 -99 -99 -99 -99 -99 -99
-99 2.05010912390626 -99 0.803005267585319 -99 -99 -99 -99 -99 -1.62927974612968
-99 -99 -99 -99 -99 -99 2.15697780888023 3.71940877940614 -99 -99
-99 3.10465502721608 -99 1.26978740343349 1.17649882407136 -99 -99 -99 -99 -99
-99 -99 -99 -99 -99 -99 -99 -99 -99 -99
-99 -99 -99 2.20456649011459 -99 -99 -99 -99 -99 -99
-99 -99 3.56694956343085 -99 -99 -99 -99 3.36507617262184 -99 -99
-99 3.38652353564549 -99 -99 -99 -99 4.08858466214908 -99 -99 3.84047849139957
-99 0.2037402288657 -99 -99 -99 -99 -99 -99 -99 -99
-99 -99 -99 -99 -99 -99 -99 -99 -99 -99
-99 -99 -99 -99 2.3627271755106 0.781083351560231 -99 -99 -99 -99
-99 -99 0.156638162931494 -99 -99 -99 0.456715670908632 -0.180029263592496 0.103599226411747 -99
-99 -99 -99 -99 -99 -99 0.799809731427357 -99 -99 -99
4.43046788128872 -99 -99 -99 -99 -99 -99 -99 -99 -99
-99 -99 -99 -99 -99 -99 -99 -99 -99 -99
-99 -0.0166110900553746 -99 -99 -99 -99 0.105387132305185 -99 -99 0.0927570469559609
-99 1.32716045196492 -99 -99 -99 1.56514878510923 1.29402221385086 1.13986714683986 -99 1.29333446960775
-99 0.33063115576584 -99 -99 -99 -0.141430885982001 -99 -99 -99 -99
-99 -99 -99 -99 -99 -99 -99 -99 -0.0270322066183621 -99
0.061320987497741 -99 0.154226183894836 -99 -99 -99 -99 0.515478607961893 -99 -0.19109313450426
-99 -99 -99 -99 2.53621375591271 -0.284720380271523 -99 -99 -0.685659843440751 -99
-1.48122245526244 -1.27437923166101 -99 -0.969794092925505 -99 -99 -2.28394299098374 -99 -99 -99
-99 1.63960862185944 -99 -99 -99 -99 -99 -99 -99 -99
-99 0.608724500354385 -99 -99 2.13364996936528 0.898247753507013 -99 -99 -99 -99
-99 -99 -99 -99 -99 -99 -99 -99 -99 -99
-99 -99 -99 -99 0.599066316438736 -99 1.68683324305039 -99 0.327777162314424 -99
-99 -99 -99 -99 -99 -99 -99 -99 0.316449561423784 -99
-99 -99 -99 -99 -99 -99 -99 -0.126791931765534 -99 -99
-99 1.05354774093527 -99 -99 -99 -99 1.03396700976702 0.59593715493751 -99 -99
-99 -99 -99 -99 -99 -99 -99 -99 -99 -99
0.507283915516257 1.62819263329165 -99 1.82630801122178 -99 2.69856214717016 1.58798813455446 -99 -99 -99
-99 -99 -99 -0.396394945522693 -99 -99 -99 -99 -0.0647811537539078 -99
-99 1.55934530846197 -99 -0.80567808482542 0.15175229916916 -99 -0.296395149809101 -99 1.32985599293759 -1.1379233107788
2.94121683992784 -99 -99 -99 -99 -99 -99 2.89961231846605 1.68601208120347 -99
-99 1.52157997232266 -99 -99 0.124617673855579 -99 0.423542667701055 2.55648570707738 -99 -0.636525802491787
2.62973303744185 -99 2.65687505558963 -99 -99 1.28671310778784 -99 -99 -99 -99
0.355778149128641 -99 -99 -99 -99 -99 -99 -99 -99 0.88072046520708
-99 -99 -99 -0.218554632620556 -99 -99 -99 2.15253765444582 -99 -99
-99 1.15372955405525 -99 -99 2.95850960107617 -99 -99 0.789994240466496 -99 -99
-99 0.642791875510663 -99 -99 -99 -1.46883527541625 -99 -99 1.75210018790611 -0.0465486893153844
-99 -99 -99 1.00285777471342 2.34106650726344 -99 -99 -99 -99 1.48873549242738
2.63104909774677 -99 -99 2.829322476198 -99 -99 4.90763452076082 3.42781167763347 1.37788814020291 -99
-99 -99 -99 -99 -99 2.00221366825338 -99 1.71686006804365 -99 0.148462605432514
0.552784765120638 -1.36803918607682 0.905749562434257 -99 -99 -99 -99 -99 -99 -99
-99 -99 -0.522202049028523 -99 -99 -99 -99 -0.593319177880899 -99 -99
-99 -99 -99 -99 1.33478492906418 -99 -99 -99 1.38684897394806 -99
-99 -99 -99 -99 -0.684480700082666 -99 -99 -99 -99 -99
-99 -99 -99 -1.34002980863113 -99 -1.37397081613938 -99 -99 -99 -99
-99 -99 1.79635333156683 -99 -99 -99 -99 -99 -99 -99
0.0374558884723057 -99 -99 -99 -99 -99 -99 -99 -99 -99
-99 -99 -99 -99 -99 -99 -99 -99 -99 -99
-99 0.751271936557204 -99 -99 -99 1.76443889738184 2.95568130892979 -99 -99 3.1451845405412
-99 -0.426468061362057 -99 -99 -99 -99 0.756327929538324 -99 -99 -99
-99 -99 2.13823291222497 -99 1.05883436665151 1.13203073750576 -99 -99 -99 -99
-99 2.12664538602682 -99 -99 1.11058361281311 0.536888871161397 -1.38087495549059 -99 -0.148777536155021 -99
-99 0.515412867533107 -99 -99 -99 -99 1.12803302327767 -99 -99 1.71617434958998
-99 3.23433890708614 -99 -99 -99 -99 -99 -99 -99 -99
-99 -99 -99 -99 -99 -99 -99 -99 1.60496850149044 -99
-99 -99 -99 0.305730282087084 -99 -99 -0.609511297333173 -99 1.23031188559794 -0.855806785075715
-99 -99 -99 -99 -99 -99 1.09128381083636 0.503492558498256 1.12037364835587 -99
2.55478308434101 -99 -99 -99 -99 3.9935139357645 -99 -99 -99 -99
-99 1.2299055924899 -99 -99 -99 -99 -99 0.631669827199656 -99 -99
0.292397355923844 -99 -99 2.44740106762257 -99 -99 1.76036902997814 -99 -99 -99
-99 -99 -99 -99 -99 -99 0.586572958035251 -99 1.31541039166399 -99
-99 -99 -99 -99 -99 -99 -99 -0.210062959166424 -99 -99
2.56478276708505 -99 0.058515864727003 -99 -99 -99 0.538849778585145 -99 2.24924810258984 -99
-1.72807303597909 -99 -1.33808567324799 -99 -99 1.04097584758492 -99 -99 -0.0318845562462418 -99
-99 -99 1.4184638302872 -99 0.320403403785609 -99 -99 -99 -99 1.53771235696545
-99 -0.988593477248801 -99 0.36086762425399 -99 -99 -99 -99 -99 -99
-99 -99 2.88020432395317 3.00524790830111 -99 -99 -99 -99 -99 1.46856879623145
1.80433895732112 -0.735391697915322 -99 -99 -99 -99 -99 -1.33369553620375 2.15451191240605 1.8970591047697
-99 -99 -99 -99 -99 0.564153227019797 -99 -99 -1.16061316420453 1.66801787747992
1.23842416599086 0.64938254755747 0.236390766684125 -99 -99 -99 0.515393054827552 -99 -99 2.86385751090344
-99 -99 1.04167634706263 -99 -99 1.62704315882028 -99 0.0238640220537912 -99 -99
-99 1.22066101509677 -0.275233110735255 0.700776604233376 -99 0.281318742207903 1.10600283944666 -99 -0.50945392308879 -99
1.29113558309609 -99 -99 1.55099852661476 -99 -99 -99 -99 -99 -99
-99 -99 -99 -99 -99 1.85394161566732 -99 -99 1.92411971825809 1.55878127306547
-99 0.142452649920805 -99 0.89390623646846 -99 -99 -99 -99 2.11184901547964 -99
1.00581803267996 -99 -99 -99 0.512165623370766 -99 -99 1.61569905431702 2.24093430853708 1.17233174914933
-99 -99 -99 -99 -99 -99 -99 -99 1.04235633214583 -99
-99 -99 -99 -99 -99 -99 -99 1.86279953010395 -99 -99
-99 -99 -99 -99 -99 1.14310106923275 3.20356982240641 -99 -99 -0.20620377651926
-99 -99 -99 -99 -99 -99 -99 2.05251488177291 -99 1.58342977227702
-99 -99 -99 -99 -99 -99 -99 -99 -99 -0.490074377952056
-99 -99 -99 1.62236223083822 -99 0.8835773093717 0.323790301590829 -99 -99 1.09006381636345
-99 -99 -99 1.6278043871587 0.64699904892504 -99 -99 1.263639479893 -0.983183688908773 -99
-99 -99 -99 0.367533598977101 -99 -99 0.249147562488165 -99 -99 -99
-99 -99 -99 1.99943222008581 -99 -99 2.82107479681041 1.70841594475122 1.52177013684221 -99
2.90140688736745 -99 -99 -99 -99 -99 -99 -99 5.05613856462367 -99
-99 0.450688647523465 -0.564204561228493 -99 -99 -99 -99 -99 -99 -99
2.40997182436595 -99 -99 -99 3.01281513341457 -99 -99 -99 -99 -99
-99 -99 -0.11946955031171 0.310003845876751 -99 -99 -99 -99 -99 -99
-99 -99 -99 -99 -99 1.80566944895696 -99 -99 1.4654044221663 -99
-1.28136069083302 0.0606980076908555 -99 -99 -1.46799754748959 -99 -99 -99 -99 -99
-99 -99 -99 2.28373563794266 -99 0.510864623621126 -99 1.93041363515735 1.14813139268783 -99
-1.42865846326251 -99 -0.573205087323393 -99 -99 -99 -99 -99 -99 -99
-0.184631849717015 -99 -99 -1.56895968779535 -99 0.545267506858001 0.474819848261661 -99 -99 -99
-99 -99 -99 0.402541679611615 -99 -1.6148358305313 -99 -99 -0.2687864097485 -1.6644342048835
-99 -0.348809796680569 1.1886529197299 -99 -99 -99 -99 -99 -99 -99
-99 1.41963739537001 -99 -99 2.39534785231927 -99 -99 -99 2.08640310862104 -99
0.164697175529001 -99 -99 -99 -99 3.0400824764416 2.21110059616732 2.89956078777277 -99 1.7016916434808
-0.993587879749457 -99 -99 0.923630817766947 -0.588050603170652 -99 1.85118052380981 -99 -99 -99
-99 -99 -99 -99 3.00521545412715 -99 -99 -99 -99 -99
-99 -99 -99 -99 -0.741097525544322 -99 0.757383228705779 -99 -99 -99
-99 -99 -0.791192316977176 -99 -99 -99 -99 -99 -99 -99
-99 -99 -99 0.534008170815768 1.11882132242345 0.652719530225165 1.18823192382331 -99 -99 -99
-99 -99 -99 -99 -99 -99 -99 -99 2.36204427962081 -99
-99 -99 1.28871959032302 -99 -99 -99 -99 -99 -99 0.891232474415762
-99 -99 1.9329369375853 -99 -99 3.43858085740425 -99 -99 -99 -99
2.11812908501868 -99 -99 -99 -99 1.88481272486146 -99 -99 3.02111345631142 3.13144327701563
-99 -99 -99 -99 -99 -99 -99 -99 -99 -99
-99 -99 -99 3.47100890151805 -99 -99 -99 -99 2.2378661662336 -99
-99 -99 0.867310379217112 -99 -99 -99 -99 -99 -99 0.484772891179259
2.31103334283059 -99 2.07573441278609 -99 0.966219449626474 1.41222164646259 -99 1.31060897236029 1.10569762979437 -99
-99 -99 -99 -99 1.84158554992782 -99 -99 -99 -99 -99
-99 -99 -99 -99 -99 -99 -99 -99 -99 -99
-99 -99 0.63051951807129 -0.00747203921922779 -0.00767346548905401 -99 -99 -99 -99 -0.138818117059283
-99 -99 -99 0.938471371788145 -99 1.65043455616251 -99 -99 -99 3.1129000520737
-99 -99 -99 -99 1.94580106097979 -99 2.80781941914324 -99 3.11961462027409 0.68966962720574
-99 -99 -99 -99 1.05368355485677 -99 -99 0.691593456791965 -99 -99
-1.40733705971177 -99 -99 -99 -99 -99 -99 -0.0382485077132939 -99 0.395403443027637
-0.329165903207226 -99 -99 -0.745448434589045 1.01678451108335 -99 -99 -99 -99 -99
-99 0.485689337814622 -99 -99 -99 0.213814969489018 -99 -99 -99 -0.0469309177771262
-99 -99 -99 -0.503053293592467 -99 -99 2.29941682806025 -99 -99 -99
-99 -99 0.0375629717741225 -99 -99 -99 -99 -0.998176101290805 -99 -99
-99 -99 3.08422685933947 -99 -99 -99 1.81236425043178 1.74787138902994 3.45084540844446 -99
-4.29499869724109 -99 -1.70981831932088 -2.34629127815756 -99 -99 -99 -99 -0.962580181561544 0.159611388696325
-99 -99 -99 0.672013046331274 -99 -99 -99 -99 -99 0.221695278190899
2.74121821238596 -99 -99 3.47913667954859 -99 -99 -99 -99 -99 -99
-99 -99 -99 -99 -99 1.40922255505249 -99 -99 -99 -99
-99 -99 -99 -99 -99 -99 -99 -2.67833385151741 -1.2945307379423 -99
-99 -0.105868790547782 -99 -99 0.923882140178564 -99 -0.852759982348551 -99 -99 -1.23892837130545
-2.47537126872242 -99 0.169101018806074 -99 -99 -99 -0.128604150998112 -99 -99 -0.536635606553503
3.10426408566041 -99 1.50774082371481 1.95390293167579 2.727302310246 -99 -99 1.61570210709269 -99 -99
-99 -99 -99 -99 -99 -99 -99 -99 -99 -99
-99 -99 -99 -99 -99 -99 -99 -99 -99 -99
-99 0.810365518475242 -0.224125824967804 -99 1.50398539493451 -99 -99 -99 -99 -99
-99 3.84520775407608 -99 -99 -99 -99 -99 -99 -99 4.11178971495163
-99 -99 -99 -99 -1.18101092772718 -99 -99 -0.210749624662574 -99 -99
-99 -99 -99 3.74235902522665 -99 1.48292321693837 -99 -99 1.49717925528798 -99
-99 -99 -99 -99 -99 -99 -99 1.1877091364136 -99 -99
-99 -99 -99 -99 1.28090189003177 -99 -99 -99 -99 -99
-99 -99 3.15181242894008 -99 2.48940332477463 -99 -99 -99 2.28007936177923 -99
-99 -99 -0.235818066177541 2.1109772545665 -99 -99 -99 -99 -99 1.3130048608425
-99 -99 -99 -99 1.14906442380983 -99 -99 -99 -99 -99
3.29501807072023 -99 -99 -99 -99 -99 -99 1.75192469121047 -99 2.54414891535141
-99 3.00369872346874 0.52105168622655 -99 -99 -99 -99 2.07380221767429 -99 -99
-99 -99 -99 -99 -99 -99 -99 -99 2.0811995619844 -99
-99 -99 1.9823133443534 -99 -99 -99 1.43110621777788 -99 -99 -99
-99 2.69823900063698 -99 1.24202778424761 -99 -99 -99 -99 -99 3.31564413611693
0.772750841128958 2.9425060936518 2.23340683788763 -99 -99 -99 -99 0.971927297162904 -99 1.09597712647872
-99 -99 -99 -99 -99 -99 1.66830757564715 -99 -99 -99
-99 -99 -99 -99 -99 2.03974834887032 -99 -99 -99 -99
-99 -99 -99 1.44880114339683 -99 1.46823811334375 -99 -99 -99 -99
-99 -99 -99 -99 -0.280429373262607 0.738018130537879 -99 -0.0420435498898677 -99 -99
-99 -99 -99 -99 -99 -99 -99 -99 -99 -99
-99 -99 -99 -99 -99 -99 -99 2.3975036849321 -99 -99
-0.400807360781984 -99 -99 -99 -99 1.06919886373146 -99 -99 -99 -99
1.20735075479036 -99 1.45314941697152 -99 -99 -99 -99 -99 -99 -99
-99 -99 -99 -0.873773668695229 0.0512470917205038 -99 -1.79541226529616 -0.134620696474739 -99 -99
-99 -99 3.05954516396461 -99 -99 -99 2.41739836738338 -99 1.46593630900426 0.592985890893965
-99 -99 -99 0.845017684290849 1.20822371578847 -99 -99 0.858063866016995 -99 -99
-99 -99 -99 -99 -99 3.12835697883498 -99 -99 3.85474800533519 3.58364468314969
-0.935402861919998 0.194298995372178 -99 -1.10439057316759 -99 -99 -99 -99 -99 -99
-99 0.416369326712523 0.124345481981506 -99 -99 -99 -99 -99 1.9982473551505 -99
-99 -99 -99 1.18886158584973 -99 4.33076963253864 -99 -99 -99 1.17903501448545
-99 -99 -0.241690388715522 -99 -99 -99 -99 -1.09688844586186 -99 -99
-99 -99 -99 1.53406305487621 -0.0228179490733857 -0.4993987145145 -99 -99 -99 -0.178972909132296
-99 -99 -99 -99 1.24341680245621 -99 -99 -0.452047051517187 -99 1.27225781458
-99 0.325038742109093 -99 -99 -99 -99 -99 -99 -1.61880321357953 -99
-99 -99 -99 -99 -0.257715503583197 -99 -99 -99 -0.484418807936039 -0.212877197934577
-99 -99 -99 -99 -99 -0.321956442906295 -99 -99 -1.32563834465308 -99
3.56923424252748 0.644242496476279 -99 -99 -99 -99 -99 -99 -99 2.39194048266291
-99 -99 -99 -99 0.581573610147055 -99 -99 -99 0.80867046824037 -99
-99 -99 -99 -99 -99 -99 -0.0581509408293597 -99 -99 -0.585308676297946
-99 -99 -99 1.51872538070012 -99 -99 -99 -99 -99 -99
-99 -99 -0.478026257550523 -1.2176574771521 -0.314582917743176 -99 -99 -99 -99 -99
-99 -99 3.74165641328891 -99 -99 3.12897638749785 -99 1.95320952369736 -99 -99
-99 -99 2.55074856860534 -99 -99 -99 -99 -99 -99 -99
-99 -99 -99 -99 -99 -99 -99 -99 -99 -99
-99 1.08050610653894 -99 0.726260759838185 -99 -99 -99 -99 -99 -99
-99 -99 0.0323364794261271 -99 1.17506896782831 -99 -99 -99 1.82215538390743 -99
-99 -99 -99 -99 -99 -0.627722456021806 -99 -99 -99 -0.693653380057026
-99 -0.723825544729298 -99 -99 -99 0.953965131281336 -99 -99 -99 -99
1.00713903641366 -99 0.31736110854676 -99 0.872317245799065 -99 -99 -99 -99 -1.18262968178864
-0.114131304841116 -99 -99 -0.57101525812445 -99 0.127364162327841 -99 -99 0.561262349847798 -2.39783692288283
0.314041194727995 -99 -99 -99 0.421687028935674 -99 -0.932234575507231 -99 -0.443882002100412 -99
0.511502984684472 -99 -99 -99 -99 -0.176216930766764 -99 -99 -99 0.839263679832896
-99 -99 -99 -99 -99 -99 -99 -99 0.667319528015409 0.0952233511663498
-99 -99 -99 -99 -99 -99 -99 1.239053828602 0.457738284268183 -99
-99 1.43978253412944 -99 -99 1.66604722227338 -99 -99 -99 -99 -99
-99 -99 0.917824727577765 -99 -99 -99 -99 -99 -99 -99
-99 -99 0.495055289435026 -99 3.49763568570616 -99 -99 -99 2.55323673738571 -99
-99 -99 -99 -99 -99 2.60618246546049 -99 -99 -99 -99
1.65927953690742 -99 1.47033299989897 -0.420907928888854 0.109678419507803 0.648764854528261 2.59564295005999 0.19056622363984 -99 -99
-0.899942698262 -99 -99 -0.393094858453329 -99 -99 -1.13002595176628 -99 0.455852560220734 -99
-99 -99 -99 -99 -99 -1.28367022440568 -0.040611765214885 -99 -99 -99
