-99 -99 -99 -99 -99 -99 -99 -99 1.47047630385416 -99
-99 -99 1.51986951828713 -99 2.50909421016156 1.81828391141673 -99 -99 -99 1.7900339013566
-99 1.39108136405262 -99 -99 -99 -99 -99 1.65805980422474 -99 -99
-99 -99 -99 -99 -0.417050088720835 -99 -99 -99 -99 -99
-99 -99 -99 -99 -99 -99 -99 -99 -99 0.736719383724461
-99 -0.0532860191398703 -99 -99 -99 -1.51337034491484 -99 0.140806630127915 -99 -99
-99 -99 -99 1.55069763960615 -99 -99 -99 -99 -99 -99
-99 -99 -99 -99 1.7296766180354 -99 -99 1.18858347018272 -99 -99
2.07843846481802 -99 -99 -1.06874258478498 -99 -99 -99 -0.629084276000413 -99 -99
-99 -99 -99 -99 -99 -99 -99 -99 -99 -99
-99 -99 -99 -99 -99 -99 -99 -99 2.38658990015296 4.37865341820249
-1.66967684460828 -99 -99 -99 -99 -0.0131665831791594 -99 -99 -0.667171176832697 0.175084079439807
-99 -99 -99 1.43337635652925 -99 -99 2.31016712370156 -99 -99 -99
-99 -99 -99 -99 -99 -99 -99 2.94590763231936 -99 -99
-99 -99 0.00829637549745232 0.581505144272584 0.0618018723367293 -99 -99 0.105395292912616 -99 -99
-99 -99 -99 -99 -99 -0.87567416423716 -99 -0.653096020219892 -1.09175030712212 -99
-99 -99 1.43198742306172 -99 -99 -99 -99 -99 0.350353786100298 0.345152054181281
-99 -99 0.553609631668147 -99 -99 -99 -99 -99 -99 -99
-99 -99 0.251007129202523 -99 1.26419990029492 -99 -99 -99 -99 -99
-99 -99 -99 -99 -99 -99 -99 -99 -99 -99
-99 1.5374938202587 2.37925499306658 -99 -99 -0.272444425778945 -99 -99 -99 -99
-99 1.55986914651308 -99 -99 -99 -99 2.34594623256697 -99 -99 -99
0.718056559227357 -99 -99 -99 -99 -99 -99 -99 -99 -99
-99 -1.19253457067517 1.70593239848909 -2.0984113788806 0.879378574603215 -2.00189663419446 0.157989979407503 -99 -99 -99
0.480713817451018 -99 -99 -99 -99 -0.0780463748340474 -99 -0.403511775062492 -99 -99
-99 -99 -99 -99 -99 -99 -99 -99 -0.637088033704926 -99
-99 -99 2.30764813818529 -99 -99 -99 2.6155792054845 -99 1.73415369968257 -99
-99 -99 1.34830024052139 -99 1.02225464677836 -99 -99 -99 -99 -99
-99 -99 -99 -99 -99 -99 -99 -1.37400551493103 -99 -99
-99 -99 -99 -99 -99 -99 -99 -99 -99 -99
-1.00237894866486 0.804063760504262 -99 0.201808325770511 -99 1.28800019529417 -99 -2.01485423168499 -99 -99
-99 -99 2.21469303814525 -99 -99 -99 1.64696478392672 1.15376802008083 -99 -99
-99 -99 1.12628588308557 -99 -99 -99 -0.0662919405149107 0.0608821300716561 -99 -99
-99 -99 -99 -99 -99 0.982233024975986 -99 -99 -0.505168724574253 -99
-0.659209874566806 -99 -99 -0.937177531814712 -0.698088206481194 -99 -2.03997420607097 -99 -99 -0.396545536932814
-99 -99 1.84242288915077 -99 0.964047193761571 -99 1.46259944256424 -99 1.80452509422223 -99
-99 -99 -99 -99 -99 -99 -99 -99 -99 -99
-99 -99 -99 -99 -0.933997019083892 -99 -99 -99 -0.921019103888939 0.0961297554014879
-0.457266439209191 -0.327228527084795 -99 -99 -99 -99 -1.86145578236103 -0.680912522708641 -99 -99
-99 0.987345337508051 -99 -99 -99 2.59838536607532 -99 -99 -99 -99
-99 -99 -99 -99 0.723313453874633 -99 -99 -99 0.149121631784145 -99
-99 -99 -99 -0.56275875588192 -99 -99 -0.572181803903268 -0.333674883581115 -99 -99
-99 -99 -99 -99 -99 -99 -99 1.41130225382032 -99 -99
-99 -99 -99 -99 0.262845681203546 -99 -99 1.6933357014989 -99 -99
-99 -99 -99 2.02571256427832 2.11664870651829 -99 -99 0.0966234228858299 -99 3.08788367445159
-99 -99 -0.304613945600191 1.54402711629129 -99 2.00952534017516 2.744892123254 3.66429990876207 3.16701772235561 -99
-99 -99 -99 -99 0.772790394883162 -99 -99 1.57408577637194 -99 -99
-99 -99 0.876957547171849 -1.51514085030148 -99 -99 -99 -99 0.293111052811439 -99
-99 0.880137166698478 -99 -99 1.61695583625092 0.967346143950257 1.03011541074494 0.781162395770307 0.785402806561273 0.572505990958564
-99 -99 -99 0.431094423321503 -99 -99 0.682638959261185 0.670882639370348 -99 -99
-0.965167050762052 -99 -99 -99 -99 -99 -99 -99 -99 -99
-99 -99 -99 -99 -99 -99 -99 -99 -99 -99
-0.795135814970612 -99 -1.01546412834437 -0.954222003030428 -99 -99 -99 -0.866125000991282 -99 -99
4.57813241468644 -99 -99 -99 -99 -99 -99 -99 -99 -99
-99 -99 -99 -99 -99 1.07156232854174 -99 -99 -99 -99
-99 -99 -99 0.960019403715167 -99 -99 -99 2.33742259918404 -99 -99
-99 -99 -99 -99 -99 -99 -1.4351938554612 -99 -1.84859793444702 -99
2.57185578153576 1.36645581384264 -99 -99 -99 3.06153578825365 -99 -99 1.09385444292661 -99
-99 -99 -99 -99 -99 -99 -99 3.0132673382567 -99 -99
-99 -99 0.492603067157796 -99 -99 -99 -99 -99 -99 0.610547632188458
0.496907336910935 -99 -99 -99 -1.24318219333537 -99 -99 -99 -0.271249816079759 -99
-99 0.917940893902168 0.442411651518476 -99 -99 -99 -99 -99 -99 -99
-99 -99 -99 -99 0.857495534674275 -99 -99 -99 -99 -99
-99 -99 0.446681720603766 -99 -99 0.852477474967835 -99 -99 -99 -99
-99 -99 -99 -0.404406770003973 -99 -99 -99 -99 -99 -99
0.683711410834801 -99 2.01041714071856 -99 1.00707629048138 -99 -99 1.55763839829512 -99 -99
-99 -99 -99 -99 -99 -99 -99 -99 -99 -0.213106752486201
-99 -99 -99 -1.3928906585218 -99 -99 -99 -99 -99 -99
-99 -99 -99 0.0681982875586877 -99 -99 -99 -99 1.45382426882112 0.168699270912455
1.29336243726927 2.39024019084461 -99 -99 -99 -99 1.31088057827614 2.57422036137999 -99 -99
-99 -99 -99 -99 -99 -99 -99 0.925655760662627 0.573883333934181 -99
-99 1.31662129653743 -99 -99 -99 -0.623356132357191 -99 0.707681166217442 -99 -99
0.21870777118987 -99 -99 -99 -99 0.319356143818747 -99 1.12313953689129 -99 2.02929460036992
-99 -99 1.6823144558472 -99 2.61729584972732 0.85408724680306 -99 -99 -99 -99
-99 -99 -99 1.37797505204185 -99 -99 -99 1.48969292493375 -99 -99
2.48513405732372 -99 -99 3.2267785076655 -99 5.18461630703099 -99 -99 -99 -99
-99 -99 0.247626395242557 -99 -99 -99 -99 -99 0.378144586398422 1.16744718660947
-99 2.5642005240841 -99 -99 -99 2.34246085353922 2.06720866514737 -99 -99 -99
-99 -99 3.13206397860647 -99 -99 -99 -99 -99 0.741557297144716 -99
-99 -99 -99 -99 -99 2.48039001401168 -99 -99 2.94432287228273 -99
-99 -99 -99 -99 -99 -99 -99 -99 -99 -99
-99 -99 -99 1.88149696463538 1.69045275333612 -99 -99 -99 1.87983763202643 -99
-99 -99 -99 -99 -99 0.800700593742665 -99 -99 -99 -99
-99 2.15995457197178 3.59498478693686 1.81477759792266 1.98595170769206 -99 -99 3.65144081271605 -99 -99
-99 -99 -99 -99 4.2274639039639 -99 3.86248256182493 -99 -99 -99
-99 -99 -99 -99 -99 -99 -99 -99 -99 1.51866165974079
-0.407254520230556 -0.205007375436653 -99 -99 -99 -99 -99 -99 0.813749907904706 -1.37320699994162
-2.04534404587365 0.212972246868008 -99 -99 -1.08615842334426 -99 -99 -99 -99 -99
0.772654003564131 -99 -99 -99 -99 1.3142996822878 -99 -99 -99 0.459450647314503
-99 -99 -99 -99 -99 -99 2.61480320824132 2.20170116624558 1.55257317795588 -99
2.00589213366879 -99 -99 0.401924865814945 -99 -99 -99 -0.384554599557584 -99 -1.04559952697383
1.8776446003067 0.950396800128384 0.812019153975601 1.39329168289427 -99 -99 2.21222310000372 -99 -99 -99
-99 -99 -99 -99 -99 -99 -99 -99 -99 -99
-99 -99 -99 -99 -99 -99 -99 -99 -99 2.9902828322254
-99 -99 -99 -0.190895467476671 1.01558005421124 -99 -99 -99 -99 -99
-99 -99 -99 1.35358843827072 -99 -99 -99 -99 -99 -99
-99 -99 -99 0.0995020885541176 0.297899610088146 -99 -99 -99 -99 -99
-99 1.99327476269287 -99 -99 1.66655787694479 -99 -99 1.83037782883566 -99 1.33354615150659
1.11148611570392 0.912909557755436 -99 -99 -99 -99 2.66311825303897 -99 -99 2.06340523053847
1.27309533795929 -99 -99 0.180021563590563 -0.317172642607559 0.73518241205964 -99 -99 -99 -99
-99 -99 -99 -99 -99 -99 -99 -99 -99 2.22192147226672
-99 1.66054392774314 0.712824160212967 -99 -0.405700630905189 -99 -99 -99 -99 -99
1.20134068468288 -99 -99 -99 -99 2.27932941993214 2.62833973031177 0.336079090036783 -99 1.28147930993786
0.0859977463833355 -99 -1.70450336902235 -99 -99 -99 -99 -99 -99 -0.888278236694283
-99 -99 -99 1.74481226710622 -99 -99 1.88907349601706 -99 -99 -99
-99 -99 -99 -99 -99 -99 -99 0.266831017439947 -99 -99
-0.0919962432066743 -99 -0.974861405048296 -99 -99 -1.46935129984345 -99 -99 -0.279837524927381 -99
-99 1.17818947907014 -99 -99 2.26509250696168 -99 1.80663535571923 -99 -99 -99
-99 1.36294740328216 -99 -99 -99 -99 -99 -99 -99 -99
-99 -99 -99 -99 2.98705178654054 -99 -99 -99 -99 -99
-99 -99 -99 1.92273405864024 -99 2.99001575915834 -99 -99 2.15433240966048 -99
0.0415438215196484 -99 0.448336813192066 -99 -99 -99 0.388939674861324 -99 1.32403091533241 -99
-99 -99 -99 -99 -99 -99 -99 -99 -99 -99
1.64103450016142 -99 -99 -99 -99 -99 -99 0.200611013950425 -99 -99
-99 -99 0.913057056027085 -99 -99 -99 -99 -99 -0.0524369429115203 -99
-99 -99 -99 -99 -99 -99 -99 -99 -99 -99
0.276056824295271 -99 -99 -99 -99 -2.68628756367615 -2.85109168862739 -99 -99 -99
-99 0.0498368860911744 -99 0.32733828583854 -99 1.68380075982802 -0.256398705531652 -0.32606111803123 -99 -99
-1.14593105952086 -99 -99 -99 -99 -99 -99 -99 -99 -99
-99 -99 -99 -99 -99 -99 -99 -99 -99 -99
-99 -99 0.203290125552521 2.53080776267263 -99 -99 1.57543956892045 -99 -99 -99
-99 -99 -99 3.75534309562792 -99 -99 -99 -99 1.80684087087757 3.05742589650467
-99 -99 -99 2.32374201306051 -99 2.5560582746373 -99 -99 -99 2.37575823492041
-99 -99 -0.0991406818728486 2.62937928606396 -99 -99 3.28285124952418 -99 -99 -99
-0.132132653361504 1.49180009154056 0.271954385416312 -99 -1.85800430221808 0.788967501040476 0.60841999663777 -99 -99 -0.598172279837462
1.44344724374487 -99 -99 -99 2.69507960894064 -99 -99 -99 -99 -99
-1.07926072201687 -99 -99 -99 -1.25982015955676 -99 -99 -99 -99 -99
-99 -99 -99 0.270269010170589 -99 -99 -99 -99 1.30554678246499 0.718698723429744
-99 -99 1.99921500891849 0.724505727764456 -99 -99 -99 -99 -99 1.07273232182603
-99 -99 -99 -99 -99 -99 -99 -99 4.0931676943409 0.96213535287888
2.55685970401973 -99 3.55409283694247 1.40585990412297 -99 1.41084408751177 -99 -99 -99 -99
-1.09930369451615 -99 -99 -99 1.91851980666187 -99 -99 -0.0981838749401911 -99 -99
-99 -99 -99 2.93775461685125 -99 -99 -99 -99 -99 -99
-99 0.609494362522165 -0.65102347910691 -99 -99 -99 -99 -99 -99 -99
1.2972106531754 -99 -99 -99 0.0969829848991081 0.290699084936336 -99 -99 -99 -99
-99 -99 -99 -99 -99 -99 -99 0.0261027900641995 -99 -99
-99 -99 -99 1.6957193194682 0.698615088695204 0.43803062265702 -99 -99 -99 0.232883589213785
1.73973962428812 -99 -99 4.33115558689599 -99 -99 -99 -99 2.46887047603742 -99
-99 1.15102564284755 -99 -99 2.20727745483656 0.171971064961418 -99 -99 -99 -99
-99 -99 -99 -99 -99 0.139662949956195 -99 -99 -99 -99
-99 -99 -99 -1.69064492139358 -99 -99 -99 -99 -99 -0.489930634355824
-0.253974375710877 -99 -99 -99 -99 -99 -99 0.979756538470772 1.86912743493678 -99
-99 -99 -0.384712903601664 -99 1.58931890551017 -99 -99 1.86890541001365 -99 -99
-99 1.03115669510174 -99 -99 1.52946824928359 -99 -99 -99 1.08300382603627 -99
-99 -99 -99 -99 -99 -99 3.8980776072133 1.5334906538068 -99 -99
0.521454261470181 -99 -99 -0.335727036533496 -99 -99 -1.14318661745354 0.18617921403564 -99 0.270167727804629
-99 -0.547593605700905 -99 -99 -0.599826758546451 -99 -1.24014232350242 -99 1.58811514590155 -99
-99 -99 -99 -99 -99 0.201012280953621 -99 -99 -99 2.20870214781647
-1.56023046981326 -99 -99 -99 -99 -99 -99 -1.00003439447454 -99 -99
-99 1.08052699805205 0.394402178841351 -99 -2.4826697752879 -1.38060107411353 -1.64510903426141 -99 -99 -0.635185644255957
-99 -99 -99 -99 -99 -99 3.42921485756949 -99 -99 -99
-99 -99 -99 -99 -99 -99 -99 0.809821548020034 -99 2.2897396385892
3.02137016147151 -99 -99 -99 1.17326183055522 -99 1.94733612391761 -99 -99 -99
-99 -99 -99 -99 -99 -99 -99 -99 -0.412491561949092 0.791296680991528
1.30014979833513 1.96211973903783 -99 -99 1.80944619136585 -99 -99 2.68036199976136 -99 -99
-99 0.572627278423941 -99 2.39280167275305 -99 -99 0.48357416735271 -99 -99 0.779427145820575
1.3598008893908 0.197412409302178 -99 -99 -99 -99 -99 -99 -99 -99
-99 -99 -99 -99 -99 2.73056315235495 -99 -99 -99 -99
-99 2.52101832622736 3.80934127139166 -99 -99 -99 0.777572388536277 0.564139454472185 -99 -99
-99 2.19119484164013 3.51959064923975 1.73818419823865 -99 -99 -99 -99 -99 -99
-99 -99 -99 -99 3.57904648769722 -99 3.22430047307065 -99 -99 2.96873142696325
-99 -99 -99 -0.504139458032821 -99 -0.302628873787317 -99 0.389329537729444 1.60504256787563 2.16880621531708
-99 -99 -99 0.971444388049569 -99 -99 -99 -99 -99 -99
1.91612454937282 -99 -99 -99 0.927628484064892 -99 -0.970706072173009 -99 -99 -99
-99 -99 -0.35039239296329 -99 -99 -99 -99 -99 2.66671268479977 -99
-99 -99 -99 -99 -99 -99 1.73466525246737 -99 -99 0.984718258874641
-0.0899676686256397 -99 1.15190346984682 0.806889542647264 -99 -99 -0.0076151440093164 -99 0.92796988284125 -99
-99 -99 -99 -1.79763253573153 -99 -99 -99 -99 0.00712951029873976 -99
-99 -99 -99 -99 -99 2.97906598464528 -99 -99 -99 1.97491937100201
-0.249455094047879 -99 -99 -99 -99 -99 -99 -0.243775405361556 -0.373753227476214 -99
3.41105670274186 -99 1.1426417309735 -99 -0.871551192971812 -99 -99 -99 -99 -99
-99 -99 -99 -99 -99 -99 -99 -99 -99 -99
2.09482336841065 -99 -99 -99 2.48948391447343 -99 -99 -99 0.278635594462966 -99
2.17939365458711 -99 -0.0361952248717463 -99 0.681453689634862 -99 -99 -99 -99 -99
-0.449141954154701 -99 -99 -99 -99 -99 -99 -99 -99 -99
0.0516104672748254 -99 -99 -2.5058074045602 0.120977890188282 -99 -99 -99 -99 -99
-99 0.930969354504065 -99 -99 2.23640619300241 -99 -99 -99 -99 -99
-99 -99 -99 -99 -99 -99 -99 -99 1.23014342681437 -99
0.103682131985979 -99 -99 -99 -99 -99 -99 -99 -99 -99
-99 -99 -99 -99 1.26474342438176 -2.08833379335196 -99 -99 -99 0.508961257339683
-99 -99 -99 -99 -99 -99 2.86272486598577 -99 -99 -99
2.59219993153822 -99 -99 -99 -99 -99 -99 -99 0.195292017130017 1.24572547938046
-99 -99 -99 -99 -99 -99 1.07258165779496 -99 -99 -99
-99 -99 4.12730364891816 2.74398817552759 1.85056564243459 -99 -99 -99 -99 -99
-99 -99 -99 -99 -99 2.41289990827473 2.78704885630017 -99 -99 -99
-99 -99 -99 -99 1.04446276444456 -99 -99 -99 -99 2.0740753240749
2.92520543734845 -99 -99 -99 -99 -99 -99 -99 -99 -99
-99 -99 -99 -99 -99 -99 -99 1.85355219519469 -99 2.97117204784267
-99 -99 -99 -99 -99 -99 -99 2.23282975587461 1.64818394802608 -99
-99 0.275444091909944 1.66975543254906 -99 -99 -99 -99 -99 -99 -99
-99 -0.367964541246424 -99 -99 -99 -99 -99 -99 -99 -99
-99 2.44248004633083 1.98855977793133 1.56760911626722 2.66382214611165 1.78007302083021 -99 -99 -99 -99
-99 1.32629564797409 0.268357024251187 -99 -0.160624631052229 -99 -99 -99 -99 -99
-99 -1.30985323841474 -99 -99 -99 -1.54496432705279 -99 -2.2886595238989 -99 -99
-99 -99 -99 -99 2.01229992141826 -99 -99 -99 -99 -99
-99 -99 -99 -99 -99 0.521404135604405 -99 -99 -0.0806430585734359 -99
2.17066055199546 -99 -99 -99 -99 -99 1.87466276462228 1.49655989102072 -99 -99
-99 -99 -99 -99 4.03340785538966 2.92387614883186 -99 2.63103179501976 -99 -99
-99 -99 0.422669509737169 -99 -99 -99 -99 -99 2.00706048840942 -99
-99 -99 -99 -99 1.85123799590696 -99 -99 -99 1.44350015298304 -99
0.176770168876446 -99 -99 -99 -99 -99 2.1603374637389 -99 -99 -99
-99 -99 -99 -99 -99 -0.227990562678522 -99 -99 -99 -99
-99 -99 -99 -99 -99 -99 -99 -99 -99 -99
-99 -99 -99 -0.246393281762645 -99 -99 -99 -99 -0.751675946637881 -99
-99 -99 -99 -1.07693418039266 -99 -0.191356925953083 -99 -99 -1.70225271860216 -99
-99 -99 -99 1.78067353039435 -99 -99 2.1991203257435 -99 -99 3.45937694175488
-99 -99 -99 -99 -99 -99 -99 -99 -99 -99
1.60319038627868 2.40355824814773 -99 -0.731770201300104 -99 0.354251050154139 -99 -99 -99 2.35580299449635
1.77127453347851 -99 -99 -99 -99 -99 -99 -99 0.964804576721606 -99
-99 1.31194744713427 -0.142807016870983 0.964710581470105 -99 -99 0.120343616289044 -99 -0.125395232507379 -99
-99 -99 -99 -99 -99 -99 -99 -99 0.766415548112131 -99
-99 -99 -99 -99 -99 -99 -99 -99 2.65109893339194 -99
-99 2.0318293089132 -99 -0.802775535363662 -0.034601437944862 -99 -1.35955813078101 -99 0.419579679915752 -99
-99 -99 -99 -99 1.36727328629569 -99 1.11161624625729 1.30158277904117 -99 1.29844828120873
-99 0.307493495861289 -99 -99 -99 -99 -3.20026049163655 -99 -0.198484128889867 -99
-99 3.48882445104019 4.00671996065285 -99 -99 -99 -99 -99 -99 -99
-99 -99 -99 0.832811892771019 -99 -99 -99 -99 -99 0.394203213982774
-99 -99 -99 -99 -0.341931798114886 -99 -0.00855782305736708 -0.11512300129902 -99 -99
-99 -99 -99 -99 1.43202131537989 1.05273657103754 -99 -99 -99 -99
-99 -99 -99 1.05428680054549 -99 3.12570992423639 3.75863910195923 -99 -99 3.37136344941016
-99 -99 -99 2.71901037011533 -99 0.543110777320499 -99 -99 -99 -99
1.07539648296943 2.8257976283799 1.1307415648672 0.614096008472905 -99 -99 -99 2.63328558968011 -99 0.656314846667866
-99 -99 -99 2.9871038742349 -99 -99 2.4117838264272 -99 -99 -99
-99 1.33762129349274 -99 -99 -99 -99 -99 -99 -99 -99
-99 -99 -99 -99 -99 -99 -99 -99 1.61639852273889 2.65044672425228
-99 1.09722383321472 -99 -99 -99 -99 -99 -99 -99 -99
-99 2.76808230332324 -99 -99 0.754843151830838 -99 -99 -99 0.690676454955989 -99
1.91358387054936 -99 -99 -99 -99 -99 -99 -99 -99 -99
-99 3.87224948565496 -99 -99 -99 -99 -99 -99 -99 -99
-99 2.75167963574449 -99 -99 -99 -99 2.88350238088666 -99 -99 -99
-0.637623709424669 -99 -99 -0.590308137412664 1.44689976862154 2.37001077281955 0.591409826825279 -99 -99 -99
-99 -99 -99 -99 1.9103357867972 -99 -99 -99 0.200651057368577 -99
-99 -99 -99 0.515102374820588 -99 -0.677412933698541 -0.699078908813394 0.383954347950395 -99 -99
-99 -99 -99 -99 -99 0.201487621947804 -99 -99 0.736480987963896 -0.29271105190162
-99 -99 -99 -99 -99 -99 0.553942590917085 -99 -99 -99
-0.233039816294721 -99 -99 -99 -99 -99 -99 0.442903461560975 -99 1.13738064886472
-99 -99 -99 -99 -99 3.04347262589869 -99 0.399894223224493 -99 -99
1.57140695678391 -99 -99 -99 -99 2.25356274223137 -99 -99 -99 -99
-99 -99 -99 -99 2.92692642032295 3.655139110105 -99 -99 3.74778561304257 -99
-99 -99 -99 -99 0.253573355731618 -1.24935984214525 -0.237110974217003 0.0556276425681634 -99 -1.46722881989685
-99 -99 -99 -99 -99 -99 -99 -99 -99 0.818542559198827
0.436924619919655 1.32442151036505 -99 0.0290989437516186 -99 0.682861241082786 0.629986973110765 -99 -99 -99
-99 -99 -99 0.275141421948936 -99 -99 -99 -99 -99 0.723269431455217
-99 -99 -99 -99 -99 -99 -99 -99 -99 -99
-99 -99 -99 -99 1.21202463931064 -99 -99 -99 -99 -99
-99 -99 -99 -99 -0.155675605893876 -99 -99 -1.82319327603354 -99 -99
-99 0.267646535407162 -99 -0.0498810452202016 -99 -99 -99 -99 -99 -1.67635529397984
1.28016825248429 -99 0.405733630711004 -99 0.738004888331533 -99 2.12065156530894 -99 -99 2.97685670205225
1.28635258758981 -99 -99 -99 0.653224613110636 -99 -99 -99 -99 0.919899421780601
-99 -99 -99 -0.945021006827799 -99 -99 0.738685402490522 -99 -99 -99
-99 -99 -99 -99 -99 -99 -99 -99 -99 0.738566602762513
-99 -99 -99 1.96350250018904 0.382484246246455 -99 1.26515001730616 -99 0.739942023637593 -99
-99 0.248406113262917 -99 -99 -99 -99 -99 -99 -99 -99
-99 1.49296950210595 -99 -99 -99 -99 -99 -99 -99 -99
-99 -99 -99 -99 -99 -99 -99 -99 -99 2.83062207596011
-99 -99 -99 -99 -99 -99 -99 1.47138043859184 -99 1.47060063171649
-99 2.08987509690429 -99 -99 2.35408719009549 1.88919726379417 -99 -99 1.11427182189914 -99
-99 -99 -99 -99 0.670610918195355 -99 -99 1.9708755201086 -99 -99
-99 0.265226518729715 -99 0.606611311246242 -99 -99 -0.0559681206087312 -0.929469893451952 -99 -99
-99 2.1070643722011 -99 -99 -99 2.0325789700116 -99 -99 1.85386229892622 -99
-0.127708585821591 -99 -99 -99 1.52340428236435 1.22509987083505 -99 -99 1.3339852316647 -0.418867144487064
-99 0.702463214985955 0.799991835072508 -99 -99 0.833920813797765 1.35760738967931 -99 -99 1.14347488255288
-99 2.34162424047827 -99 0.368996023702125 -99 3.12766602855589 -99 4.17126426404527 -99 2.46973950373836
-99 -99 -99 -99 -99 1.53054776767049 -99 0.706765481662255 -99 -99
-99 -99 -99 1.23341460236777 -99 -99 -99 -99 -99 -99
-99 -99 -99 -99 0.243874160088861 -99 -99 -99 -99 -99
-99 -99 -0.11299129429833 0.00839780189724482 -0.298055181720999 -99 0.41335631517891 -99 -99 -99
-99 -99 -99 -99 -99 0.223526179967183 -99 -99 -99 -99
0.40828570072555 -99 -99 -0.0466128359708542 -99 0.283752494567883 -99 -99 0.380547391243777 -99
-99 0.36031066137685 -99 -99 -99 -99 -99 1.87692971999567 -99 -99
-99 -99 -99 0.384678955611237 2.45325484261022 -99 -99 0.822668446924024 -99 0.541473667177875
0.167755721886753 1.57359787554982 -99 -99 -99 -99 -99 0.389653865094328 -99 -99
-99 -99 -99 -99 -99 -99 -99 -99 -99 -99
3.80595361647155 3.00732952930876 -99 -99 -99 3.92688063394711 -99 1.57138702812852 -99 -99
-99 -99 -99 -99 -99 -99 3.70343745006756 -99 2.57583008517982 -99
0.599429845173148 -99 -99 -99 -99 -99 -99 -99 -99 -0.194664275635227
-99 -99 -99 -99 -99 -99 -99 -99 -99 -99
-99 -99 0.892643921427883 -99 -99 -99 -99 -99 3.26215761511092 0.254225854707274
-99 -99 -0.126098962609931 -99 2.59205031451174 0.360538007986023 -99 -99 -99 -99
-99 -99 -99 0.457280586354791 -99 -99 -99 -99 0.384203055471315 -99
-99 -99 -99 -99 -99 2.92506880672258 -99 2.04030244507487 2.00390751036076 0.898044227215627
-99 -99 -99 -99 0.571353077594313 0.408209731503814 -99 -99 -99 -99
-1.47825241871652 -2.4358280937372 -99 -1.18149712470657 -99 -99 -1.82546350891594 -99 -99 -0.693599433008293
-99 -99 -99 2.07659028747446 0.618567772416289 -99 -99 -99 -99 -99
-99 -99 -99 1.00561974394608 -99 -99 -99 -99 1.41403090519615 -99
-99 -99 -99 -99 1.21959302474309 -99 -99 -99 -99 -99
-99 -99 -99 -99 -99 -0.551139143041707 -99 -99 -99 -99
-99 0.217779903715968 -99 2.34226029283954 -99 -99 0.98895443614331 -99 -0.136568139703176 -99
-99 -99 -99 -99 -99 -99 -0.0821940275894033 -99 -99 1.42415203087486
-0.416578065482233 -0.682667404879545 0.47392090624172 -99 -99 -99 -99 -99 -99 -99
-99 -99 -99 -99 0.00483256871947602 -99 -99 -0.817840650574841 -99 -99
-99 -99 -99 2.35500264602163 -99 -99 -99 -99 3.13818006019603 -99
-99 -99 -99 2.55634724717001 -99 -0.916729634217107 0.904016149743855 -99 -99 -99
-99 -99 -99 -99 -99 -99 -99 1.63204478936225 -99 -99
-99 2.75907768034067 3.09678319588985 -99 -99 1.38559563834075 4.27220166259037 0.728285535896997 -99 -99
-99 -99 -99 1.33763979656685 -99 -99 -99 -99 -99 -99
-99 -99 1.45533622396543 -99 -99 -99 -99 2.07608818317314 -99 -99
-99 -99 -99 -99 -99 -99 -99 1.24636239621087 -99 -99
-99 -99 2.13963154210595 -0.557767743469893 -99 -99 2.87618122036186 -99 -99 -99
-99 -99 -99 0.525354609667924 -99 -99 -99 -99 -99 -99
-0.883433025652592 -99 -99 1.48873390963653 -99 -99 -99 -99 -99 -99
-99 -99 2.10267820360276 -99 -99 -99 -99 1.00219692882901 -99 -99
-99 -99 -99 3.02421226750739 2.29159152547033 4.60922002981103 3.47869093620844 0.520187604860359 -99 -99
-99 -99 -99 -99 -99 -99 -99 -0.434194004406198 -99 -99
-99 -99 -99 -99 -99 -99 -0.540973771969177 -99 -99 -1.2359492109525
-99 -99 -99 -0.0367435653087689 -99 -0.862896455985717 -0.163422530013333 -99 -99 -99
-1.1283385525538 -1.45058134048823 -99 -0.692014319596262 0.153088218916627 -99 -99 -99 -99 -0.285461569590426
-99 -99 -99 -99 3.3218286141738 -99 -99 1.1016633879543 -99 0.80042872276415
-99 -0.242478441393361 -99 1.12230957677468 -0.339582443271981 -99 1.87783186257836 -99 -99 0.330179998722528
-99 -99 -99 -99 -1.63525266111761 -99 -99 -99 -99 0.0962704965703732
-99 -99 -99 -99 0.0976520214130713 -99 -99 -99 -99 -99
-99 -99 1.31863322218238 -99 -99 1.21669068185359 -99 -99 -99 -99
2.24755425224473 -99 -99 -99 -99 2.47805506078269 -99 -99 -99 -99
-99 -99 -99 -99 1.17827517598706 -99 0.178667586984551 -99 -99 -99
-99 -99 -99 -99 -99 -0.658959211125521 -99 -99 0.683552376524322 -99
-99 -99 -1.39021306093421 -99 -99 -99 -99 -99 -99 -99
-99 -99 0.413735082242131 -99 -99 0.412331534085696 -99 -0.864301015130309 0.017898546168728 -99
-99 -99 -99 -99 -99 -99 -99 -99 -99 -99
-99 -99 -99 -99 -99 -99 1.54946160591899 -99 -99 -99
-99 -99 -99 -99 1.36788584695989 -99 -99 -99 -99 -99
2.27619829918926 2.37516271825105 -99 -99 -99 -99 3.53963396831696 -99 -99 1.80429460394179
3.48090544833833 -99 -99 4.15988045207349 -99 -99 -99 -99 -99 2.6039448571244
0.246276849034206 -99 -99 -99 -99 -99 -99 -99 -99 -99
-99 -99 -99 -99 -99 -99 -99 0.276830405407241 0.536114785235632 -99
-99 -99 -99 -99 -99 -99 -99 -99 -99 -99
-99 -99 0.314601146893398 -0.996494158623316 -99 -99 -0.925962648589914 -99 -99 -99
0.387911371715376 -99 -99 -99 -99 2.63604478811582 1.2195779439594 -99 1.14385072303487 -99
-99 -99 -99 0.259368120925161 -99 -99 -99 -99 -99 -99
-99 -99 -99 -0.725217231088947 -99 -99 -99 -99 -99 -99
-99 -99 1.05150728944932 -99 0.859880937760163 -99 -99 -99 -99 -99
-99 -99 1.64026236236993 1.66528226449574 2.51667956103881 -99 -99 -99 -99 -99
2.02276664253811 -99 -99 -99 -99 2.3443727086328 2.66243072760682 -99 2.60587293179974 -99
-99 -99 -99 -99 -99 1.85340691824622 -99 -99 -99 -99
-99 -99 -99 -99 -99 -99 -99 -99 -99 -99
0.0842918157209794 -99 -1.53721895224283 -99 -99 -99 -99 -99 -99 -99
-99 -99 -99 -99 3.39530198249518 -99 -99 3.20495704689029 -99 -99
-99 -99 -0.445595459560236 -99 -99 -99 -99 -99 0.494320797552805 -99
1.27064517444638 -99 1.47466689031211 -99 1.86755957652346 -99 -99 -99 -0.498509646396151 2.1521983877249
-99 -99 2.39590202860973 -99 -99 -99 -99 -99 3.22199404921643 2.60245482311859
-99 -99 -99 -99 -99 -99 -99 -99 -99 -99
0.724699088405103 -99 -99 -99 -0.327531347758138 -99 -0.0932460030462228 -99 -99 -99
-99 3.12025661758618 -99 2.43775832136776 -99 2.16374213872826 -99 -99 -99 -0.542648812598539
-99 -99 -99 -99 1.32865200582709 -99 0.342805567679703 1.7491004532427 -99 -99
1.19512514140867 1.57939733457008 -99 -99 -99 0.806687385079044 -99 -99 -99 -99
-99 -99 -99 -99 1.46436427662117 -99 2.57359702280278 -99 -99 1.34916290318705
2.87926869545464 -99 -99 -99 0.710218605899007 -99 -99 -99 -99 -99
-99 -99 -99 -99 -99 -99 -99 -99 -99 1.40451750039865
-99 -99 3.66896786283725 -99 2.41239153523551 -99 -99 4.38479520963173 -99 1.63606101567167
-1.70193762362762 -3.20815687968771 -99 -1.37223746249074 -1.77153824314726 -99 0.146007143078775 -99 -99 -99
1.4493198969368 1.86750878987643 -99 -99 0.450426003579116 -99 -99 1.34390627179033 1.34077003294943 -99
-99 -99 -99 -99 0.907352145992055 -99 -99 -99 -99 -99
-99 -99 -99 -99 0.335488809346667 -99 -99 -99 -99 -99
1.96258522523034 -99 -99 -99 -99 -99 -99 2.79654807492147 -99 3.43142200041922
-99 -99 -99 -99 -99 -0.140428789144986 0.267196730817062 -99 -99 -99
-1.26340423021718 -99 -99 -99 -99 -99 1.71505941502614 -99 0.830047760312739 -99
-99 -99 -99 -99 -99 -1.77998613199296 -99 -99 -99 -99
-99 0.286678829063128 -99 -99 -99 -99 -0.271345520544536 -99 -99 -0.0755686573750343
-99 -99 -99 -99 -99 -0.661328506141116 -99 -99 -0.543038402992128 -0.426198398899492
-0.00912934585094916 -99 -99 -99 -99 -99 -99 -99 -99 -1.62593110278088
-99 1.51044429497942 0.977126203485908 -99 0.719137519463762 1.92571344614693 -99 -99 -99 -99
-99 -99 2.68765072042405 -99 -99 -99 -0.143056234024965 -99 -0.341635791167685 -99
1.17735074953427 1.8794507624212 -99 0.390101190807257 -99 -99 -99 -99 0.788046513038403 -99
0.727538170011113 2.90188507288738 2.21153473001362 -99 -99 0.346159031439272 -99 -99 -99 -99
-99 -99 -99 -99 -99 -0.558160324521137 -99 -99 -1.23927703547374 -99
-99 -99 1.59953756137741 1.53849340983285 -99 3.72651030380655 -99 -99 -99 -99
2.04073508045216 -0.480720815678434 -99 -99 -99 -99 -99 -99 -99 -99
1.41160583871958 2.03982202522812 -99 -99 -99 4.24953899859842 0.49997283454273 -99 2.4220393950791 -99
-99 -99 -99 -99 1.62701404417141 -99 2.51267336635413 -99 -99 2.22483519616471
-99 -99 -99 -99 0.580683977575875 1.06528871414659 0.802657281806335 -99 -99 -99
-99 -99 -0.205943425114197 -99 -99 -99 -99 -99 1.16789920624535 -99
-99 -0.0457595791512191 -99 -99 -99 2.10187351599218 -99 0.685113233607195 1.50806712101852 -99
-99 2.17652251673787 1.56992011964429 -99 2.4127323258301 2.29527346435203 0.632785871503882 -99 -99 -99
-99 -99 1.73685418099074 4.85557195189769 -99 -99 -99 -99 -99 -0.491681783976931
0.816445550403227 -99 -99 -99 2.87707434276934 -99 -99 1.14378498563967 -99 -99
-99 -99 -99 -99 -99 -99 -99 -99 -99 -99
-99 -99 -99 -99 -99 -0.275305675479488 -99 -99 0.865416168031323 -99
-99 -0.0147125909355874 -99 1.34874833130819 -99 -99 -99 -99 -99 -99
1.71522816304427 -99 -99 -99 -99 -99 1.45183005138687 0.42835371648512 -99 2.07898929153385
1.58966186808415 -99 -99 -99 1.85726474432126 -99 -99 -99 -99 1.51266751869071
-99 2.61162300578899 -99 -99 -99 -99 3.15831705631356 -99 -99 -99
3.81342502284993 1.71707259809165 -99 1.64715031299053 -99 -99 -99 2.5840838116057 -99 -99
-99 -99 -99 1.18222891977676 -99 -99 -99 -99 -99 -99
1.37494366602694 2.98765255730652 -99 -99 0.889737486238451 -99 0.491137787723024 1.16824497189023 -99 -99
-99 0.369964446144451 -99 -99 1.6068736031647 -99 -99 -99 -99 -99
-99 -99 -99 -99 -99 0.827591775248115 -99 -99 -99 -99
-99 2.24250098349273 -99 1.08992718834283 -99 -99 -99 -99 1.03654821628329 2.19716347041408
1.54011964027945 -99 -99 -99 -99 1.32045315644803 -99 1.13502132425771 -99 -0.637058096500115
-99 3.43192128500717 -99 -99 -99 3.20881076241936 -99 -99 -99 -99
2.01038456120417 2.13369722439454 -99 -99 -99 4.36416665924918 -99 -99 -99 -99
-99 0.0105796033301628 -99 -99 -99 -99 -99 -99 -99 -99
-99 0.227216546792567 -99 -99 -99 -99 -99 -99 -99 -99
1.19860465866102 -99 2.97397380618484 2.74904911673285 -99 -99 2.57649000362406 -99 1.9262093498147 -99
-99 -99 -99 -99 -99 -99 -99 -99 -99 -99
-99 -99 0.442796600965513 -99 -99 -2.52406784417845 -99 -0.477084554359319 -99 -99
0.740417302058816 -99 1.47907703410848 -99 -99 2.68883374886476 -99 1.530491316145 -99 -99
-99 -99 -99 -99 -99 -99 -99 -99 -99 0.233802927495367
-99 -99 -99 -99 -99 -99 0.676013000512731 -99 -99 -99
-99 -99 -99 -99 -99 -99 -99 1.26439207184761 -99 0.416925613568536
-99 -99 -99 1.38343653933285 -99 -99 1.34773379519826 -0.884284203123315 -99 -99
-99 1.57204015609983 0.742928187387743 -99 -99 1.83425266243794 -0.635403922705407 -99 -99 -99
-99 -99 -99 -99 -99 -99 -99 -99 -99 0.871163564327221
-99 1.50890463388725 -99 2.00606964824802 -99 -99 1.408249079126 0.85345093211754 -99 -99
-99 -99 -99 -99 -99 -99 -99 -99 -99 -99
-99 -99 -99 -99 -99 -99 -99 -99 -99 -99
-99 -99 2.37004811739995 -99 -99 -99 -99 -99 -99 -99
-99 1.85966803229744 -99 -99 -99 1.4561663978446 -99 -99 -99 -99
0.910546472446152 -99 -99 -99 -99 2.21927163842118 2.02756934552691 1.12389036214128 -99 -99
-99 -99 -99 -99 -99 -99 -99 -99 -99 1.74355323397129
-0.966782884790436 -99 -0.847354607226642 -99 -99 -2.15085489136575 -99 -99 -99 -99
2.4092099898712 -99 -99 -99 -99 3.20753589969522 -99 -99 -99 -99
0.842117317406158 -99 -99 -99 -99 1.68309294444626 -99 -99 -99 -99
-99 -99 2.11961098867685 -99 1.82399166068568 1.85182501246103 -99 -99 -99 -99
-99 -99 -99 -99 -0.647265590838065 -99 -99 -99 -0.78721320988926 -99
-99 -99 2.31223997571936 -99 -99 -99 -99 -99 -99 -99
-99 0.675817545550906 -99 -99 -99 1.5561356338506 1.37058008692305 2.05797993589239 -99 -99
-99 -99 -99 -99 -0.402896763749018 -99 -99 -2.84318973184597 -99 -99
-99 -99 -99 -99 -99 1.95116088491972 -99 -99 -99 -99
-99 -0.768403622064496 1.77226520921751 -99 -99 -99 1.30173287963877 -99 -99 -99
-99 2.25093505602781 -99 -99 -99 -99 -0.0680165856312644 -99 -99 -99
-99 -99 -0.71754899959895 0.558809490012358 -99 -99 -99 -99 -99 -99
-99 1.68919904187031 -99 -99 -99 -99 -99 -99 2.33857815248577 -99
-99 -0.140159319231969 -99 -99 -99 -99 -99 -99 1.30589295330822 0.0680955033803914
-99 -99 -99 2.69081664047803 -99 -99 -99 -99 -99 -99
-99 0.673521611311916 -99 -99 -99 -99 2.23000551419506 -99 -99 -99
-99 -99 2.1668649957422 -99 -99 4.06923718410693 -99 -99 1.55169871043921 -99
3.32156482935156 -99 1.31426028839803 -99 -99 1.82543669553166 0.132506363474033 -99 -99 -99
-99 0.755051518167364 -99 -99 -99 -99 2.22132750727941 -99 0.837760780258759 -99
-99 -99 -99 -99 -99 -99 -99 -99 -99 -99
-99 -99 -99 -99 -0.464718389264028 -99 -99 -99 -99 -99
-99 1.27763721083669 -99 -99 -99 -99 0.786926577608058 -99 2.1615247163155 -99
-99 -1.50769651306143 -99 -99 0.268045655607146 -99 -99 -99 -99 -99
3.20304801215093 -99 -99 2.42312701906307 -99 -99 2.87877489440842 -99 4.41588469351716 -99
-99 -99 1.38877407289904 1.25746467642167 -99 -99 1.28969122818449 -99 -99 -99
-99 1.08486128438676 -99 -99 -99 -99 1.1890104844007 -99 -99 -99
-99 -99 -99 -99 2.07917318009939 -99 -99 -99 -0.599073373945533 0.000546493274900528
-99 0.75629369980453 -99 0.748564219367096 -99 -99 0.0147842604216253 -99 -99 -99
-0.771708614884216 -1.2500531332671 -99 -99 -99 -99 -99 -99 -99 -99
-99 -99 1.54933778048966 -99 -99 -99 -99 -99 -99 1.9433744856889
-99 -99 -99 -99 -99 -99 -99 -99 -99 -0.683684117283278
1.3353446358574 -99 3.21190331615163 -99 -99 -99 -99 -99 -99 -99
-99 0.821932004198974 1.52674101215184 -99 -99 -99 -99 -99 0.747132140079561 -99
0.43468339851342 -99 -99 -99 -99 -0.158723324758953 -99 -99 -99 -99
-99 1.65769794743952 -99 3.42370687311138 -99 -99 -99 3.08458369577904 1.17447056688271 -99
-99 -99 -99 2.42210392557394 -99 -99 -99 2.12968120271587 -99 -99
-99 -99 -99 -99 -99 0.85529401123527 -99 -99 -99 1.9588656158833
-99 1.97780197733074 -99 -99 -99 -99 -99 -99 -99 -99
-99 -0.60518355545537 0.0972796455316893 -1.27030069018102 -99 -99 -99 -99 -99 -99
0.525519909463584 -99 -99 -0.617413618052269 -99 -99 -99 -99 -99 -99
-99 1.83760457868498 -99 -99 -99 -99 -99 -99 3.75126222726912 -99
-99 -99 -99 -99 -99 -99 -99 -99 -99 -99
-99 -99 -99 1.51562013287898 -99 -99 -99 1.65857733927001 -99 -99
-1.58889273068039 -99 -99 -99 -99 -99 0.567034740944306 -99 -99 -99
0.913373227581571 -99 -99 -0.451645224196237 -99 -1.25089088117369 -99 -99 -99 -0.0658903437328939
1.8340720696858 -99 -99 0.489549448681665 2.20668192852485 -99 -99 -99 -99 1.72522757327477
-99 -99 -99 -99 -99 0.90199603544639 -99 -99 -99 -99
0.50577893768463 -0.678168976915313 -99 0.256315265999365 -99 -0.0382329703861792 -99 0.431523337878843 0.485720782152381 -99
0.50961292516142 -99 -99 -99 -99 1.80030386296895 1.37971055932962 -99 0.449044573070482 -99
-99 -99 -99 0.382697866425018 -99 -99 -99 -99 -99 -99
-99 -99 -99 0.905642975342072 -99 -99 -99 -99 -99 -99
-99 -99 -99 2.27943587639464 -99 -99 -99 -99 -99 -99
-99 -1.27666765941238 -99 -99 -0.0951061065259342 -99 -99 -99 -99 1.2774546107121
-99 -99 -99 -99 1.41765536997923 -1.00147239181327 -99 0.235363552201455 -99 -99
2.08955077155681 3.16884499282594 -99 -99 -99 -99 2.79818166668577 -99 -99 -99
-99 0.0240295316780809 -99 -99 -99 -99 -99 0.92409446698958 -99 -99
-99 -99 -99 -99 -99 -99 -3.43773394214647 -3.09875066379905 -99 -99
-99 2.32694903396045 -99 -99 -99 -99 -99 -99 2.33332675930853 -99
1.87670661970109 -99 1.12156315639857 -99 -99 -99 -99 -99 -99 -99
2.7386446442005 -99 -99 1.46431117501385 -99 3.54830992575138 -99 1.59414525529028 -99 -99
2.04365885894686 -99 -99 -99 -99 1.82755424437617 -99 -99 1.26876502351701 -99
-99 -99 -99 -99 -99 2.03908967544941 -99 -99 -99 -99
-99 -99 -99 -99 -99 3.16126734482276 -99 -99 3.73578385134916 -99
0.838415789470893 -99 -99 -99 -99 -99 -99 2.20908177335627 -99 -99
1.74753162975337 2.69865202340558 -99 -99 -99 -99 -99 -99 -99 0.536147242916172
-1.04968408998959 -99 -99 -99 -99 -99 -99 -99 -99 -99
3.20591453725839 -99 -99 -99 -99 -99 -99 -99 -99 -99
-99 -99 2.5880051159177 3.93670686622046 -99 -99 -99 -99 -99 -99
-99 -99 -1.54456892648163 -3.31945580801784 -99 -99 -99 -99 -99 -1.51839607026683
0.683400465941351 -99 -0.731021129100762 0.948144037418359 1.84194849189688 -99 2.40172226750136 1.54765238149169 -99 0.548389622989495
0.752799880259096 -99 -99 0.198851648667871 0.218191673589282 -99 -99 -99 -99 -99
-99 -99 -99 3.18230789861621 -99 -99 -99 1.76177535873683 -99 -99
-2.0250017985506 -99 -99 -99 -0.319446524328903 -2.08343571517332 0.0327601214556938 -99 -99 -99
0.920888558047141 -99 -99 -99 -99 -99 -99 1.75333122115969 1.15366165847226 0.850736052281812
-99 1.50792736299418 -99 0.222447105129879 -99 -99 1.99741116384916 -0.0777372697208805 -0.138232607329564 -99
-99 -99 -99 -99 -1.29165063718209 -99 -99 0.325766720105685 1.23579647501875 -99
-99 -99 -99 -99 -99 0.42232102677963 -99 -99 -99 -99
-99 -99 -99 -99 -0.819799144394401 -99 -99 0.587451245486807 -99 -3.38665401418607
-99 -99 -99 -99 -99 -99 -99 -99 -99 -99
-99 -99 2.1895606176278 -99 -99 -99 -99 -99 -99 -99
-99 -99 -99 -99 -99 -99 -99 -99 -99 -99
-99 -99 -99 -99 -99 -99 -99 -99 0.436667357935754 -99
2.093045423883 -99 -99 1.08564846675383 1.34159074999097 -99 -99 -99 -99 -99
-99 -99 -99 -99 -99 -99 -99 -99 -0.308511665365195 -99
-99 -99 -99 -99 -99 -99 -99 -99 -99 2.80762044567463
-99 0.57912724515272 -99 -99 -99 -99 -99 -99 -99 -99
-99 4.38331850405199 -0.0145383781703694 -99 -99 -99 -99 -99 -99 -99
2.05443799168374 -99 1.37816139081515 -99 -99 -99 -99 -99 -99 -99
0.513716674126729 2.20484753623391 0.0296995396328292 -99 -99 -99 -99 -0.55438897830972 -99 1.11434522375874
1.48927114835729 -99 -99 -99 -99 -99 2.12219525431659 -99 -99 -99
-99 -0.115791831274058 -99 -99 -99 -99 1.20080304762371 -99 -99 1.23643171322678
-99 -99 0.556675818063785 -99 -99 -99 -99 -99 -99 -99
0.719418326570181 -99 -99 -99 0.674758703319551 -0.838421625358025 1.09535341096127 2.3928471044661 -99 -99
1.53834737513494 -99 -99 -99 -99 -99 -99 -99 -99 -99
-99 -99 -99 -99 -99 -99 -99 -99 -99 -99
0.533839103143729 -99 -99 1.4182212621921 -99 1.65013694070347 -99 -99 1.13573692018433 -99
-99 -99 -99 -99 -99 -99 -99 -99 1.18418858793207 1.40820424621194
-0.278073133011751 -99 -0.0977450029329032 -99 -99 -99 -99 -99 -99 0.240275926089696
-99 -99 0.828346001932549 -99 -99 -99 -99 -99 -99 -99
0.821533605273985 -99 -99 -99 -99 0.113360264037222 -0.79602958218337 -99 -99 0.393157017109809
-99 -99 -99 2.11163048048011 -99 -99 1.44875472765493 -99 -99 -99
-99 0.972127354465397 -99 -99 -99 -99 -99 -99 2.02093838129709 -99
1.69833954103176 3.32673730440945 -99 -99 -99 -99 -99 -99 2.78329286555064 -99
-99 -99 -99 -99 -99 -99 -99 -99 -99 -99
-99 -99 -0.725342136558514 -99 -99 -99 0.0734895247194944 -99 -0.240465005100051 -99
-0.161107856169973 -1.09482790166565 -99 1.68929907445311 -99 -99 -99 -0.562244265462657 -1.69156988464943 -99
-99 -99 1.59651274495902 -99 1.26729688800352 -99 -99 -99 -99 1.79780569397274
-99 -99 -99 -99 -99 -99 -99 -99 -99 1.81854600163307
2.95893875838534 0.972675478656953 2.60792130255714 1.78840594174914 -99 -99 -99 -99 -99 -99
-99 -99 -99 2.69554327277365 -99 -99 -99 -99 3.27864447282813 -99
-99 -99 -99 -99 -99 -99 -99 -99 -99 -99
-0.513969390721243 -99 -99 -99 0.19458008454427 -99 -99 -99 -99 -99
-99 -99 -99 -99 -99 3.60357256579124 1.81959223504714 -99 1.738623279533 -99
-99 -99 -99 -99 -99 -99 -99 0.113775127192692 -99 -99
-99 -99 1.54221951519794 -99 0.309256407887855 -99 -99 -99 -99 -99
-99 -99 -99 -99 -99 -99 -99 -99 -99 -99
-99 -99 -99 -99 1.11123777351114 2.07509589601648 1.46254086128078 -99 -99 -99
-99 -99 3.73834906214457 -99 -99 2.12921422132369 2.94410177277554 -99 -99 2.84437523186759
-99 -99 -99 0.187131493876764 -99 -99 -99 -99 -1.34911073268463 -99
-99 -99 -99 -99 -99 -99 -99 -99 -99 0.626770599950492
-99 -99 -99 -99 -99 -99 -99 0.597386676674727 -99 -99
-99 -99 -99 -0.872983997894748 -1.13435342760297 1.41069483545793 1.09820793697727 0.583018050542147 -99 -99
-99 -1.27469114804937 1.87371837854848 -99 -99 -99 -99 2.00523028513164 0.677017584268641 -99
-0.0149382814974837 -99 -99 -99 -99 -99 -99 -99 0.964415353196738 0.904735472015541
3.17131308796574 -99 -99 -99 -99 3.32905397237964 -99 -99 -99 -99
-99 0.550729877592642 -0.90486485951444 -99 -99 0.122817598744692 1.43587724190649 0.554865693482631 -99 -99
-99 -99 -99 -99 -99 1.98179652358251 -99 -99 -99 -99
-99 1.45134686067893 -99 -0.916042634418959 -0.852323791097488 -99 -99 -99 -99 -99
0.0705972007312461 -99 2.90117549356362 -99 -99 -99 -99 -99 -99 -99
0.936812986761941 -99 -99 1.93544343303457 -99 -99 -99 -99 -99 -99
-99 -99 0.390789676545117 -1.25339402300278 -0.772589761239228 -99 -1.3506480513818 -99 -99 -99
0.479114673532698 1.48267984290516 -99 -0.170487449553228 -99 -99 -99 -99 0.0211076365536096 -0.0994456512506925
-99 -99 -99 3.44506795314455 -99 0.105655636581728 -1.20460062602763 -99 -99 -99
1.59430839478774 -99 -99 -99 -99 1.74840787133583 -99 -99 -99 -99
-99 -99 -99 -99 -99 0.869090494563673 -99 -99 -99 -99
-99 -99 -99 1.78929279213245 -1.57261062771739 -99 0.25661646051098 -99 -99 -99
-0.0430497648622088 -99 -99 2.51159993803927 -99 -99 -99 -99 -99 0.472586579154962
-99 2.08445470272954 -99 -99 1.06681777222766 0.923721470781556 -99 1.27444364701079 0.154537284381981 -99
-99 -99 -99 -99 -99 -99 -99 -99 -99 -99
-99 -99 -99 -99 -99 -99 -99 -99 1.41075343515803 -99
-99 2.52031206117747 -99 -99 -99 -99 1.63798857966335 -99 -99 -99
0.394229982017146 -99 -99 -99 -99 -99 -3.93110273578413 -0.017734586571718 -99 -99
-99 -99 -99 -99 -99 -99 -99 -99 -99 -99
2.26631026174342 0.60074435507169 0.348438127236958 -99 -99 1.76201078340137 -99 -0.576339713602399 -99 -99
-99 -99 -99 3.09499224061267 2.94714297444443 2.54793018638022 -99 2.22804074332134 -99 -99
-99 -99 -99 -99 2.91759614434976 -99 -99 -99 -99 -99
-99 -99 -0.460671641897329 -99 -99 -99 -99 -99 -99 -99
-99 0.907556058552023 -0.569694258238719 -99 -99 -99 -99 -99 0.158337805543987 -99
-99 -99 -99 -99 1.71727958958712 -99 -0.259657914783638 -99 -99 0.576169482133738
-99 -99 2.74527635036029 -99 3.18345699428665 -99 -99 -99 -99 -99
-99 -99 -0.255174690280551 -99 -99 -99 -99 -99 -99 -99
-99 -99 1.08223035663501 -99 -99 -99 -99 -99 2.35660788437533 -99
-99 -99 -99 -0.647888944404616 -99 -99 -1.15280760662861 -99 -99 -99
-99 -99 -99 -99 -99 -1.69114919728699 -99 -99 -99 -99
-99 -99 -99 -99 -99 -99 -99 -0.534747385757753 -99 -99
-99 -99 -99 -99 -99 -99 -99 -99 -99 -99
-99 -99 -99 -99 0.0641830254914851 -99 -99 -99 -99 -99
-99 -99 -99 -99 -99 -99 -99 2.15569929691438 -99 -99
-99 -99 1.06625365837069 -99 -99 -99 -99 -1.60894387251255 0.28238401899194 -99
-99 -99 -99 -0.575430924388646 -99 -99 -0.977997969431535 -99 -99 -99
-99 3.24542093783918 2.1863221362175 -99 -99 -99 -99 -99 -99 -99
1.52984639648466 0.772885383800671 -99 1.68019819634079 -99 -99 -99 -99 -99 -0.820789985413033
-99 1.72663906884287 -99 0.9567567442704 -99 -99 -99 -99 -99 -99
-99 -99 -99 -99 -99 -99 -99 -99 -99 -99
-99 -99 -99 -99 -99 -99 -99 -99 -99 -99
0.991781235420886 -99 -99 -99 -99 2.20781926831791 -99 -99 -99 1.92449168351423
-99 -99 -99 -99 -99 -99 -99 0.660025172328386 -99 -99
-99 -99 -99 -99 -99 -99 -99 -99 -99 -99
-99 -99 -99 -99 2.51169925223322 -99 -99 -99 -99 -99
-99 -99 -0.990148243769488 -0.646861972284668 0.712474892702688 -1.42378220669719 -99 -99 -99 2.06676404575991
-99 0.866713437878239 -99 0.4583394533484 2.43833336371302 0.910394819259261 1.21110144535925 -99 -99 -99
1.73197999597008 -99 -99 -99 -99 0.787508330882434 -99 -99 -99 -99
-99 -99 -99 -99 -99 -99 -99 -99 -99 -99
-99 -99 2.44582081616744 2.15952168134718 3.12438674353631 -99 1.83837813706767 2.13903997310389 -99 2.28805574524057
-99 -0.403385589099505 -99 -99 1.14545221149234 -99 -99 -0.644360147279038 -99 -99
2.04133174998601 -99 -99 -99 1.6990892500348 -99 0.711970372565629 -99 -99 -99
-99 -99 -99 -99 -99 0.671297819424467 -99 1.01237595796047 -99 0.803197995486414
3.04385198380522 -99 -99 -99 -99 -99 -99 -99 -99 3.42531105381851
1.33636902785568 0.220451066835627 -99 -99 0.764822827688385 -99 -99 -99 -99 -99
1.63971653591156 -99 -99 -99 -99 -99 -99 -99 0.250392038708187 -99
-99 -99 -99 -99 -99 -99 -99 -99 -99 -99
1.40671510768762 -99 -99 2.74430543680001 -99 -99 3.88254147724313 -99 3.10922652769137 4.45363194362332
-99 -99 1.64451739113893 3.25582747243159 -99 -1.08343867213855 -99 1.04987302200345 -99 -99
-99 -99 -99 -99 0.476234041007057 1.05897483749496 -99 -99 -99 -99
-99 -99 0.539135681953507 -99 -99 -99 8.53459194838369e-06 -99 0.30907190201805 0.0995345002426317
0.130842691222014 -99 -99 -99 -99 -99 -99 -99 1.24076607274585 -99
0.854492786561012 -99 1.8901800228881 -99 -99 -99 -0.0132731064110059 -99 -99 -99
-99 0.0433799259491291 -99 -99 -99 1.88744715700636 -99 -99 -99 -99
-0.492493841484676 -1.32018644954162 -99 -99 -99 -99 -99 -99 0.5591209997201 -99
-99 0.378891506649116 -0.530354156903978 -99 -99 -99 -99 -99 -99 -99
-99 -99 -99 -99 1.1629752969189 -99 0.83797055136132 3.02239981805765 -99 -99
1.32751491331328 -99 -99 -99 -99 -99 -99 -99 -0.938797421617064 -99
-99 3.25307001014491 -99 -99 -99 0.987492248787918 -99 -99 -99 -99
-99 -99 -99 -99 -99 -99 -99 -99 2.03563251030691 -99
-99 -2.43541500814073 -99 -99 -1.57420202982856 -3.41805239528078 -0.489852689361931 0.351369520430931 -99 0.679511390796049
-99 -99 -99 1.69285044767098 -99 -99 -99 1.00758618348065 -99 -99
-99 -0.46421552121438 -99 -99 -99 -99 -99 -99 -99 -99
0.652869393806903 -99 0.921577542109678 -99 1.64970064072194 -99 -99 -0.626352742401526 -0.960872314035872 -99
-99 -99 6.00260685458218 2.67258755016457 3.1291626942184 -99 -99 -99 -99 3.30312985801577
-99 -99 0.62801650305988 -99 0.341223950377596 -99 -99 1.73208672796123 -99 -99
-99 -99 1.88075549391705 1.02074558555949 1.32519779060178 0.553152796354525 -99 0.837544707430157 2.42710722218733 1.63869523618644
2.25904997995619 -99 -99 -99 -99 -99 -99 1.09896650027084 -99 -99
-99 3.29560663153522 -99 1.9744285078373 -99 1.21926712836407 2.70008641243351 -99 -99 -99
-99 -99 -99 -99 -99 -99 -99 1.79341325201135 2.20390840381084 -99
-99 -99 -99 4.26169961405361 -99 -99 3.82851225343035 -99 2.54002730745664 -99
-99 -99 -99 -99 -99 -99 -99 -99 -99 -99
-99 -99 -99 -99 -99 -99 -99 1.66502584445341 2.55578251422895 1.83251748744554
-99 1.95642434031407 -99 2.29982065979611 -99 -99 -99 -99 1.30908240711061 -99
-99 -99 -99 -99 -99 -0.241389678790098 -99 -99 -99 -99
3.0689837595889 -99 -99 1.64634168001213 -99 -99 3.62287881455754 -99 -99 -99
-99 -1.07368775342963 -99 -1.40604144838259 -0.477850735415977 -99 -1.26163274288503 -99 -99 -99
-99 3.09772685200733 -99 -99 -99 2.52656372873279 -99 -99 -99 -99
-99 -99 -99 -99 2.99417989678046 -99 3.0466401364315 -99 -99 -99
-99 -99 -99 -99 -99 0.795606882228563 1.76221777162027 -99 0.0321469024235016 -99
0.794105426005284 1.07113712439686 1.08466978470084 -99 -99 -99 -99 -99 -99 -99
-99 -99 -2.56760887569621 -99 -99 -99 -1.82228554714628 -99 -99 0.36539195702838
-99 -99 -99 -0.113478725546928 -99 -99 -99 -99 -99 -99
-99 -99 -99 -99 -99 -99 1.19777017109083 -99 0.683985477084751 -99
-99 -99 -99 -99 -99 -99 -99 -99 -99 -99
-99 -99 -99 -99 -99 -99 0.299615270634393 -99 -99 -99
-99 -99 -99 -99 -99 -99 -1.1457499127671 0.992104923655635 -99 -99
-99 -99 -99 -99 2.60460261266128 -99 -99 -99 -99 -99
-99 -99 -1.32272517515856 -99 -99 -99 -0.686518328092269 -99 -2.34244383266601 -99
3.14349119489258 -99 -99 -99 -99 2.59283369565415 -99 -99 -99 -99
-99 -99 3.72081362300676 -99 -99 2.50501300601633 -99 -99 1.60751892581697 -99
-99 -99 -99 -99 -99 -99 -99 -99 -99 -99
-99 2.19853879948731 -99 -99 -99 -99 -99 -99 -99 -99
-99 -99 -99 -99 -99 -99 -99 -99 -99 0.32933375996814
-99 -99 -99 -99 0.679541403976493 -99 0.366973208298779 1.78038721397774 -99 -99
3.24032581531127 -99 -99 -99 -99 1.47610996232337 -99 -99 3.90575363121257 -99
-99 0.993375120290753 -99 -99 -99 -99 2.63242638179949 0.750475427481596 0.129101390393201 -99
-99 0.453809419872973 -99 -99 -99 -99 -99 -99 -2.16366630622519 -99
-99 -99 -99 3.46896820763383 -99 -99 0.328048278898152 1.40951012365657 -99 -99
-0.951391159230076 -99 -99 -0.5923411930955 -99 0.455385764913591 -99 0.0667575532704123 -99 -99
-99 -99 -99 -99 -99 -99 -99 -99 -0.58665983585963 -99
-99 2.52260961076413 -99 -99 -0.959215065422358 -99 -99 3.01766949331262 -99 3.33493132267056
-99 -99 -99 -99 -99 -99 -99 -99 -0.240382376879103 -99
-99 -99 -99 -99 2.17510141898283 -99 0.728461205180884 -99 1.52225255946182 1.81127381908134
0.933118831498336 -99 -99 -0.0855544020942394 -99 0.84705515525821 -0.947652105267973 -99 -99 0.0394702616251351
-99 -99 0.784714788921951 -99 -99 -99 -99 -99 -99 -99
-99 -99 -99 0.00672162088757489 -99 0.418204685881459 0.91958932558333 0.885891717737666 -99 -99
-0.619857799821284 -99 -99 -99 -99 -99 -99 -0.125799933739805 -99 -99
1.55235228424942 -99 0.288742590199961 -99 -99 1.87250603730382 0.827713513537594 -99 1.16800656173936 -99
-99 -99 -99 -0.134345110632565 -99 -99 -99 -99 -99 0.339242094375739
-99 -99 -99 -99 -99 -99 -99 -99 0.870194200257952 -99
-99 -99 -99 -99 2.77099106502481 -99 -99 2.92550888087105 -99 -99
-99 -99 -99 -99 -99 -99 -0.739552548601299 0.661434857077739 1.03620936027041 0.833678390764712
0.45774484715601 1.41035311982308 0.119888273301553 1.92724289073839 -99 -99 -99 -99 -99 1.57018094377712
-99 -99 -1.07342515454485 -99 -99 -99 -99 -99 0.347985248038315 -2.61781712627645
-99 -99 -99 -99 -99 1.44253985400153 0.672145284324696 -99 -99 -99
1.5043333533282 -99 -99 1.45600598841518 -99 -99 2.15337567116951 -99 -99 -99
-99 -99 -2.87100040754075 -1.50023471570664 -0.964773143951136 -99 -99 -99 -99 -99
-99 -99 0.226231088236051 -99 -99 -99 -99 -99 1.67488913548388 -99
-99 -99 -99 -99 -99 -99 -99 -99 -99 -99
-99 -99 -99 -99 0.230598830721894 -0.523459742868797 -99 -99 -99 -99
-99 -99 -99 -99 -99 -99 -0.810464392853012 -0.588073961846511 -2.90238071663878 -99
-99 -99 -99 1.60439444938671 -99 -0.784236915252156 -99 0.214697564449023 -99 0.783500140243151
-99 -0.668271391212068 -99 -99 -99 -99 -99 -99 -0.280457639371879 -99
-99 -99 -99 -99 1.57685523241774 -99 -99 -99 -99 -99
-99 -99 -99 -99 -99 -99 -99 -99 -99 -0.174066132056259
-99 -99 -99 -0.366239238074754 -99 -99 -99 -99 -99 -99
-99 -99 -99 1.40587408320165 -99 -99 -99 -99 -99 -99
-99 -99 -0.0637925438183962 -99 -99 -99 -99 -99 -99 -99
-0.0757138753846254 -99 -99 -99 -0.675407771343613 0.121697006963713 -99 -99 -0.829976286091165 -99
-99 -0.574289032423535 -99 -99 -0.284100903541738 -99 -99 -99 -0.220125877868517 -99
-99 -99 -99 -99 0.641908593687573 0.209264298969448 -99 -99 1.43718696257705 0.359180792222679
-99 2.49707423444332 -99 -99 1.96809711742315 -99 -99 -99 -99 -99
-99 -99 -99 -99 -99 -99 3.44623182710644 -99 -99 -99
-99 -99 -99 -99 -99 -99 -99 -99 2.68612080774583 3.14460187766643
-99 2.18460825962037 -99 -99 2.70409452794381 -99 -99 -99 0.70660081299993 -99
0.258903981389873 -99 1.30782726896326 3.58582423789566 -99 -99 -99 -99 2.04884153631866 2.16445600469921
-99 -99 5.19138759928215 -99 -99 2.18560780999077 -0.361678147880238 -99 2.45498396961778 -99
-99 -99 2.58332674477139 -99 -99 -99 1.42107098488567 -99 -99 -99
1.56086968833 -99 0.195656764771718 -99 -99 -99 2.7665061408551 -99 -1.10481787661931 -99
-99 -99 -99 -99 -99 -99 -99 -99 -99 -99
-99 -0.179434091864641 -99 1.04939914503653 -99 0.717742035703126 -99 -99 -99 -99
-99 -99 -99 3.13706245985409 2.14750566274285 -99 0.365427628316438 2.20106135188992 -99 -99
0.529594465006026 -99 -1.42185029628563 0.129889657588341 -99 -99 0.219687367093524 -99 -99 -99
3.31897902208339 -99 -99 1.06577494520034 3.43916412100493 -99 -99 1.83077105478648 -99 -99
0.631837709955404 -99 -99 -99 -99 -99 0.325574584139917 -99 -99 -99
-0.50534732755467 -99 -99 -99 -99 0.443512478918144 -99 -99 1.06325282770608 -0.256534339079379
-99 -99 0.425460854821089 -99 -99 -99 -99 -99 -99 -0.0460457852131009
-99 -99 -99 -99 -99 -99 2.98152933403225 -99 -99 3.18756233631909
-99 -99 -99 -99 -99 -99 1.4628751178869 -99 -99 4.52108555416889
-99 -99 0.715743739693994 -99 0.604375729987542 -99 -0.929010066149781 -99 -99 -99
-99 -99 -99 -99 -2.20855387001291 -99 -99 -99 -99 0.341215514282274
-99 -0.296645573706817 -99 -0.666373053864854 -99 -99 -99 -99 -99 -99
-99 -99 -99 -99 -99 -99 -99 -99 -99 -99
0.791804932652348 -99 -2.03982707529921 0.214610279312112 -99 -99 -99 -99 -99 -99
4.04737171065992 -99 -99 3.28408187397878 -99 -99 -99 2.45305996136354 -99 -99
-99 -99 -99 0.735248387328712 -99 -99 -99 -99 -99 -99
-99 -99 -99 1.45904296257808 -99 -99 -99 -99 0.68682030279425 0.765398725964573
-99 1.77925045525843 -99 1.25404656312719 -1.06381554695966 -99 -99 -99 -99 -99
-99 -99 -99 -99 -99 -99 -99 -99 -99 -99
-99 1.66248439949435 -99 -99 -99 -99 1.22105423138023 -99 -99 -99
-0.141050229697623 -99 -99 -99 -99 -99 -99 -99 0.934369782384282 -99
-99 1.97457966586607 1.38265140468605 -99 -99 1.55841133575387 -99 1.86685084203192 -99 1.22159914362126
-0.821476911697534 -99 -1.58195090968209 -99 -99 -99 -99 -99 -99 -99
-99 -99 0.527911020655037 -99 -99 0.786908273273613 -99 -99 -99 -99
-99 -99 -99 -99 -99 -99 -99 -99 -99 -99
-99 -99 -99 -99 0.610718418076996 -99 -99 -99 -99 -99
-99 1.8918527952663 2.786413101937 -99 -99 -99 -99 -99 -99 1.92098465116132
-99 -99 -99 -2.06032624992669 -99 -99 -99 -99 -99 -99
-99 -99 -99 -99 -99 -99 -99 1.54072536668157 -99 1.17671434299106
-99 2.52230861806403 -99 1.63451952208605 -99 -99 -99 -99 -99 -99
-1.05887960474164 -99 -99 1.93493554863307 -99 -0.523220293844667 -99 -99 -99 -99
-99 -99 -99 -99 1.63501338975256 -99 -99 -99 1.00020304614518 -99
-99 -99 -99 -99 -99 3.68629398509767 -99 3.85422472289625 -99 -99
-99 -99 -99 -99 -99 -99 -99 1.63078040522001 -99 1.70585338622614
-99 -99 0.662691949809452 -99 -99 -99 -99 -0.776371972759491 0.691211140506783 1.3685647437057
-99 -99 -99 -99 -99 1.57814114684384 1.04011815763782 -99 -99 -99
-99 -99 -99 1.25493568744405 -99 -99 2.23833796483492 -99 -99 -99
-99 -99 2.21595473111874 1.07801587127056 -99 -99 -99 2.47067257983738 0.150933385018355 0.979754046219514
-99 -1.39121736022421 -99 -99 -99 -99 -99 -99 -99 -99
-99 -0.134082198025002 -99 0.921202092303968 -99 -99 -99 0.648659822230913 -99 2.17269778646782
0.0609096677197029 0.673102806471287 -99 -99 -99 -99 -99 -99 -99 -99
-99 -99 0.699004063514153 -99 -99 -99 -99 -99 -0.167318456206493 -99
-99 -99 -99 2.28629554425562 0.686718744238552 3.5697849151117 2.66855302350252 3.10023702503555 -99 1.86456618166591
-99 1.88792504113832 2.50440104341415 -99 1.80345112563789 -99 -99 2.13896345892905 2.0273246393697 -99
-99 -99 2.34713689916474 -99 -99 -99 1.91296528444298 2.2851200064281 -99 -99
1.96728566650583 -99 -99 -99 -99 -99 -99 -99 3.62028117523461 -99
-99 -99 -99 2.41792610163884 -0.275456608969117 -99 -99 4.09712668023034 1.3038468106537 2.69200252027954
-99 1.15731894263144 -99 -99 -99 -99 -99 -99 -99 -99
-99 -99 -99 -99 -99 -99 0.700651811847687 -99 2.13624784340396 1.97195318662972
-99 -99 -99 -99 0.655887991881841 -99 -99 -99 0.359782137786703 -99
-99 -99 -99 -99 -99 1.98169985008104 -99 -99 -99 -99
-2.14738694594194 -2.95488405607126 -2.04255241705145 -1.95180421558316 -99 -2.73891738790295 -99 -99 -99 -99
-99 -99 -99 -99 -99 -99 -99 -99 -99 -99
-0.585692587742494 -99 -99 -99 -99 -99 -99 -99 1.08918296236166 -99
-99 -99 -99 -99 -99 -99 -99 -99 -99 -99
-99 -99 -99 -99 -99 1.30798716600374 -99 0.289431911321913 -0.240280577275601 -99
-99 -99 -99 -99 -99 -99 -99 -99 -99 -99
1.70155362150485 0.306544555551322 -99 1.26358169242517 0.31209877113792 -99 -99 -99 2.66530102989117 -99
-99 -99 -99 -99 -99 -99 -99 -99 -99 -99
-99 -99 -99 -99 -99 -99 -99 -99 -99 -99
-1.28099475509704 -99 -99 -99 -99 -99 -99 -99 -99 0.0895664748822907
0.597515163348546 -99 -99 -99 -99 -99 -99 -99 -99 -99
-99 -99 1.79354584992589 -99 -99 3.32596671418011 -99 2.41821956185088 -99 0.780748563169588
-99 -99 -99 0.31352781866734 2.04159319121276 1.06589109870148 -99 -99 1.01564918924561 -99
-99 -99 2.26917123986241 -99 -99 -99 -99 -99 -99 0.846536164063326
-99 -1.4339641930716 1.84858425826663 -99 -99 -99 -99 -99 -99 -99
1.61380593079973 -99 -99 0.830657977030454 3.43622723289786 2.73363351040266 1.64151172650595 -99 -99 -99
-99 2.8432670914622 2.90581658094547 4.46895798508782 -99 -99 -99 -99 2.52835558905009 2.83216462836056
-99 -99 -99 -99 -99 -99 -99 -99 -99 -99
1.7233739977958 -99 -99 -99 2.88227011675439 -1.3768876310321 -1.15427471380166 0.40537427133252 -99 -99
-99 -99 -99 -99 0.709024861385711 -99 -99 -99 -99 2.70642519129193
-99 -0.933567523316214 -0.729224145595022 -99 -99 -99 -99 0.524067286896287 -99 -99
1.6520955864322 -99 -99 -99 2.06598222600163 -99 -99 -99 -99 -99
1.01168999463974 -99 -99 -99 -99 -99 1.3395711264798 -99 -99 1.42197157665854
-99 2.14708413413935 -99 0.751936476872281 -0.202169076111856 -99 -99 -99 -99 0.989337075564723
-99 -99 2.21611877571964 -99 0.490957564092991 -99 -99 -99 -99 -99
-99 -0.205413511082347 -99 -99 -1.21590507952057 -99 -99 -99 -99 -99
-99 -99 -99 -99 -99 -99 1.71757639204978 -99 1.96419357920369 -99
-99 -99 -99 -99 0.698739642188099 1.76851320395447 -99 -99 -99 1.79169314558737
-99 -99 -99 2.19823110404581 1.4449902173066 -99 -0.438077479106821 -99 -99 2.74668663124943
1.8780432629714 -99 -99 0.115963749328057 -0.257274755391023 -99 -99 -99 -99 1.36969744378422
1.58719242524484 -99 -99 -99 -99 -99 -99 -99 -99 -99
-99 -99 -99 -99 -99 -0.802574360391114 -99 -99 -0.324129620433036 0.108039165517704
-99 -99 -99 -99 -99 -99 -99 -99 -99 -99
-99 -99 -99 -99 -99 1.00444480156907 1.22605423427055 1.5576140245226 -99 0.460468126304788
-99 0.351855253442915 -0.155897906297285 -99 -99 -99 -99 0.337766885160532 -99 1.67065420135851
-99 3.02283227733848 -99 -99 -99 -99 3.58267432966789 2.78564111365924 -99 -99
1.82042151610196 -99 1.02972518662935 -99 -99 -99 2.4674904046523 2.66922253367368 1.95882372026126 -99
-99 -99 1.27969260172688 -99 1.00441635418831 -99 -99 -99 1.77140062628806 -99
-99 -99 -99 -99 2.88577596442352 1.57289001800567 -99 -99 -99 -99
-99 1.54733762698076 -99 -99 2.14925733175356 -99 0.337690133814635 -99 -0.928713752113137 -99
-99 -99 -99 -99 -99 2.56939387415971 -99 -99 -99 -99
-99 -99 1.81636836496929 -0.0241920691656403 -99 -99 -99 -99 -99 -99
-99 -99 -99 -99 -99 -99 -99 1.72092297081063 -99 3.34872144578246
-99 1.43852964265899 -99 1.76937575626541 -99 0.886793992619042 -99 -99 -99 3.45525836426579
-0.740335108009323 -99 0.171750951716705 -99 1.41828233848114 -99 -99 -99 -99 -99
-99 -1.44811373382502 -99 -99 -99 -99 -99 -99 -99 1.2196920497361
-99 -99 -99 0.391515837450466 -99 -99 -99 1.9513675530479 0.396349472163112 -0.100542244929731
-99 -99 -99 -0.567286934008062 -99 -99 -99 -0.402959771996261 -99 -0.846708552520369
-0.524485021243267 -99 -99 -99 -0.144429850132954 -99 -99 -99 -99 1.25797054125
-99 -99 -99 2.40864857758013 -99 -99 -99 -99 -99 -99
-99 -99 3.03802268681833 1.82335367235263 -99 -99 -99 -99 0.995541951033908 -99
-99 -99 -99 -99 -99 -99 -99 -99 -99 -99
-99 -99 -0.00965875402860683 -99 -99 1.57677509562884 -99 -1.13139600527004 -99 -99
-99 -99 -99 -0.248701907842698 -99 -99 1.845878744045 -99 2.19836425519844 -99
-1.15535999706477 -0.570684326187858 -99 -1.23231920988123 -99 -99 -0.106421183389366 0.78747960661622 1.29058014677436 -99
1.077707024179 -99 -99 -99 0.922374370548339 -99 1.3949630665043 -99 -99 -99
-99 -99 -99 -99 -99 2.49746721329832 3.09293310895355 -99 -99 3.25693309515204
-99 -99 -99 -99 -99 -99 2.28231596531756 -99 -99 -99
-99 -99 -99 -99 -99 2.23693548819957 1.43785502695433 -99 -99 -99
-99 0.394214685922532 -99 -99 -99 -99 -0.14209803995945 -99 -99 -99
-99 -99 -99 -99 -99 0.419067882119831 -99 -99 1.04435914806136 -99
-99 -99 0.515278612100641 -99 -99 -99 -99 -99 -99 0.897647523622535
-99 -99 -99 1.17477348370575 -99 3.25538655210241 -99 -99 -99 -99
-99 -99 -99 -99 1.73943926489975 -99 -99 -99 -99 -99
-99 -99 -99 1.52886234449505 2.95620421480252 -99 -99 -99 1.40836195891053 -99
0.787545149858418 -99 2.7396255787521 -99 -99 -99 3.51557234017573 -99 -99 -99
-99 3.66531455601585 -99 -99 2.09458612310348 5.83269030591409 5.88117008680399 1.60038794999196 -99 -99
-99 -99 -99 1.39452570135257 -99 -99 -99 -99 -99 -99
-99 -99 -99 -99 1.50367919743196 -99 -99 -99 -99 1.37047488122134
-99 -99 -99 -99 1.48745662852654 0.65997877672363 -99 -99 -99 -99
-99 -99 -99 0.562747238500259 2.09613692188417 0.694249557095311 -99 -99 -99 0.550931187788102
-99 1.34359237379174 -99 3.90661111265166 -99 -99 -0.261718499810668 -99 -99 -99
0.819508877879511 -99 2.49296083275999 -99 -99 -99 -99 -99 -99 -99
0.244636742708693 -99 -99 -99 -99 0.902577385996745 -99 0.0513455913372461 -99 -99
-99 -99 -99 -99 -99 -99 -99 -99 1.13816336299833 -99
0.448549541365499 -99 2.8279666971792 -99 -99 -99 -99 -99 -99 3.24172781946907
0.0630762822449153 -99 -99 -99 -99 -99 -99 0.834855087831325 -99 0.00283844729198446
-99 -99 2.97815770212802 -99 -99 -99 -99 -99 -99 -99
-99 -99 -99 -99 2.56903560401785 2.84943990307298 -99 -99 -99 0.333612043258095
-99 -99 -99 -99 1.15783055888059 0.75664996048556 -99 -99 -99 -99
3.30715780319019 -99 -99 -99 -99 -99 -99 2.43393510017633 -99 -99
1.40024845580108 -99 -99 -1.61796654645195 -99 -99 -99 0.41508175088816 -99 -99
-0.209595736676715 -99 -99 -99 -99 -99 -99 -99 -99 -99
0.40127092859844 -99 1.65699637392052 1.76794853329426 -99 -1.06707835717677 -0.114294318254315 -0.211967034579371 0.422605260066772 -99
-99 -99 -0.989968346172978 0.658946136872971 -99 -99 -99 1.37776179624962 -99 -99
-99 -99 -99 -99 -99 -99 -99 1.83489539501203 -99 -99
-99 -99 -99 -0.594405357374717 -99 -99 -99 1.57893603012652 -99 -0.213336068221596
-99 -99 -99 -99 -99 -99 -99 -99 0.419667298675559 -99
-99 0.240597387959744 -99 -99 -99 -99 -99 -99 0.0483048078701204 -99
-99 -99 -99 -99 -99 -99 -99 -99 -99 -99
-99 -0.699042497042489 -99 -99 0.369024055369613 -99 0.674820867209317 -99 -99 -0.140060415072516
-99 -99 -99 2.91755580748016 3.16655148627087 0.981404382452629 -99 -99 -99 -99
-99 -99 0.250259303063665 -99 -99 0.198561165988134 1.61303201083145 -99 -99 -99
-99 -0.167740604934682 0.0272439129751691 1.06238931976699 -99 -99 -99 0.376862465774647 -99 -99
-99 -99 -99 -99 -99 -99 -99 -99 -99 -99
-99 -99 -99 -99 0.249938714685156 2.16145755333355 -99 -99 1.44674207399055 -99
-99 -99 -99 -99 -0.434382036774375 -99 1.94794364186068 -99 -99 0.598716561090337
-99 -99 -99 0.140134373889116 -99 -99 1.18971459150921 -99 -99 -99
-99 -1.97243067872014 -99 -99 -99 -99 -99 -99 -99 -99
-99 -99 -99 -99 -99 -0.401274281665734 -99 -99 -99 -99
-99 -99 1.64960839707691 -99 -99 -99 -99 2.49662496740006 1.17776091363538 -99
-99 -99 -99 -99 0.991335350647152 -99 -99 -99 -99 -99
0.650764746896869 -99 -99 -99 -99 -1.71923745727916 -99 -99 0.34361587224883 -99
3.7427140161353 -99 1.96428053415178 2.21999750220926 1.14819744157408 -99 -99 -99 -99 -99
-99 -99 -99 -99 2.87321185419344 1.76385742315324 -99 -99 -99 -99
-99 -99 -99 0.563551553149369 -99 -0.0906879635069657 -99 -99 0.516370575923473 -99
-99 -99 -99 -99 -99 -2.15854448730272 -0.86323565501048 -1.03952483296673 -0.314069004728212 -99
0.388180130548183 -99 -99 -99 -99 4.33893509071197 1.8949848258311 -99 -99 -99
-99 -99 -99 1.32097864784783 -99 -99 -0.893937104792036 -99 -99 -99
-99 -99 -99 0.268686864409192 -99 -99 -99 -99 -99 -99
-99 -99 -99 -0.366929748448452 -99 -99 -99 -99 -99 -1.17229610304735
-99 -99 -99 1.16454658385959 -99 -0.289401261697337 -0.173550919426813 -0.513625057054683 -99 0.11981641803749
-99 -99 -99 -99 -1.61288110847766 -0.799958634381968 -99 -99 -99 -99
-99 -99 -99 -99 3.37009959397847 -99 -99 -99 -99 -99
-99 -99 -99 -99 -99 -99 -99 -99 0.611765754761573 -99
-99 -0.287117772533182 -99 -99 -1.85685985077968 -99 -99 -1.15780447345222 -99 -99
-99 -99 -99 -99 -99 -99 -99 -99 -99 -99
0.133140453838351 -99 -99 2.07283249411 -99 -99 0.0658148077047361 -99 -99 -99
-99 1.36737989753261 -99 -99 -0.172756500325416 -99 -99 -99 -99 -99
1.59382893546633 1.11498058484622 -99 -99 0.0043656913469815 -99 -99 -99 -99 -0.284162753804429
-99 -99 -99 -99 -99 -99 -0.617683661795486 -2.52334008483642 -0.140008508669349 -99
-99 -99 -99 -99 -99 1.42587382974909 -99 0.0321455746273607 -99 -99
2.12236800879043 2.09812140669494 2.41358512043037 1.64504202108037 2.64994748914235 1.86650277484092 -99 -99 -99 -99
1.61333269589011 1.17687795519656 -99 -99 -99 2.17237482309316 -99 -99 -99 -99
-0.520298984098117 -0.749240438433491 -99 -0.397796170418137 -99 -99 -99 -0.171831926405198 -99 0.288631563294508
-99 -99 -99 2.78697318004497 -99 -99 -99 -99 -99 2.1314535913334
-99 -99 -99 -0.376752614439063 -99 -0.931810894513666 -99 -99 -99 2.02345031433016
-99 -99 -0.339026410318454 -99 1.09504474576042 -99 -1.10982827795439 -99 -99 -99
-99 -99 -99 -99 3.63846819129406 1.30929911911577 -99 -99 2.0816086195824 0.414054514449072
-99 2.52361799913794 1.08896947762413 -1.44239430194721 -0.465485633617654 -99 -99 -99 -99 -99
-99 -99 -99 -99 -99 -99 0.435098663786621 3.74199497642651 0.951490734774272 -99
-99 -99 -99 -99 0.890723161557774 -99 -99 -99 -99 -99
-99 -99 -99 -99 -99 -0.869993424592623 -99 0.172098989708195 -99 1.29276719855433
-99 -99 -99 -99 0.753836104209626 -99 -99 -99 -99 -99
-99 -99 -99 -99 -99 1.71069606773948 -99 -99 -99 -99
-99 -99 -99 -99 -99 -99 -99 1.99539724272207 -0.81509941353603 1.59069671276434
-99 -99 -99 -99 1.54133085260896 -99 -99 -99 -99 -99
-99 -99 1.02255600154337 -99 -1.03212923447633 -99 -99 -99 0.497651181951898 -99
-99 -99 -1.16342559473363 -1.10947227490809 -99 -99 -99 -0.576674735296817 -0.312763398054566 -99
-99 -99 -0.644426012475823 -99 -99 -1.13631041360024 0.932159168945434 0.351491633851797 -99 -0.313944951796732
-99 -99 -99 -99 -99 1.52721467948037 -99 -99 -99 -99
1.43934962719872 -99 -99 -99 -99 1.05095662587222 0.727134385045734 -99 2.43370667217289 -99
-99 -99 -99 -99 -99 -99 0.712831238218897 1.37673117367878 -99 -99
0.460541639086525 -99 1.86950945821 -99 0.250023414564994 -99 -99 0.563481572122489 -99 -99
-99 -99 -99 -99 -99 -99 -99 -99 2.63509025248047 -99
-99 -99 -99 -99 -99 0.930539358105596 -99 -1.51221243034195 -99 -1.37204082074568
-99 -0.104091492012118 -0.318701487504821 -99 -99 -0.0375177281786452 -99 -99 -99 -99
-99 -99 -99 -99 -99 -99 -99 0.00222542479400645 -99 -99
1.34984119484899 -99 -99 -99 1.70710748041081 1.84876362443797 -99 -99 0.272707064842717 -99
-99 -99 -99 -99 -99 -99 2.1279606208234 0.917761026063186 -99 0.877106472268083
-99 -99 -99 -99 -99 -99 -99 0.402318904978593 -1.21011429177581 -99
-99 -99 -99 2.16541240142496 -99 -99 1.10943759267185 -99 -99 -99
-99 -99 -99 -99 -99 -99 -99 -99 -99 -99
0.901500027806107 -99 -99 -99 -99 -0.155012796662596 -99 1.50357059579217 -99 -99
-99 -99 -99 -99 -99 -99 -99 -99 -99 2.77987313242944
-0.118495582102562 -99 -99 -99 -0.522292919533021 -99 -99 2.14471503910282 -99 -99
1.0282157014578 -1.02704514401191 -99 -99 -99 -99 -99 -99 -99 -99
-99 -99 -99 1.43443705694006 -99 3.07309648080151 -99 -99 -99 -99
-99 -99 1.46017528973179 -99 -99 -99 3.0918951865047 0.616226193744382 -0.171660337150615 -99
-99 -99 -99 -0.69069323468742 -1.55108659709941 -99 -99 -99 -99 -99
-99 -99 0.973514121647595 -99 -99 -99 -99 -99 -99 -99
-99 -99 -99 -99 -99 1.88497847485436 -99 -99 -99 1.69899046820747
-99 1.0519148309638 -99 -99 -99 -99 -99 1.46057618898503 -99 1.13582961705708
-99 -99 -99 -99 -99 -99 1.28938346473725 -99 -99 -99
-99 1.52093816127877 -99 -99 -99 -99 -99 0.952682386965618 0.81282249492019 -99
-99 -99 -99 -99 -99 -99 -99 -99 -99 2.17451849275338
-99 1.69055015575054 -99 -0.300425848081498 -1.86056954171676 1.79681916953916 -0.684296571253043 -99 -99 -99
0.696748922625474 -99 1.47256119279084 -99 0.497887967853412 -0.376714970960162 -99 -99 -99 0.822156594280303
0.329786757324605 -99 -99 -99 2.30979383191331 -99 -99 -99 -99 -99
-99 -99 -99 2.78348850587183 -99 1.49728643528476 1.08457765444979 -0.367058693314638 -99 -99
-99 -0.945698679177793 -99 0.666882407796916 -99 -99 -99 -99 -99 0.948775642880278
-99 -99 -99 -99 -99 -99 -99 0.625364116122924 -99 0.122831664477006
-99 -1.68161420368866 -99 -0.618921336509162 -99 -99 -99 -99 -99 -99
-99 0.544016576459733 -99 -99 -99 -99 -0.104286318575372 -99 -99 -99
-99 2.54059983566026 -99 -99 2.4985078775526 -99 -99 -99 -99 3.21888595351317
-99 0.269432820826805 -99 -99 0.722584732604407 -99 -99 -99 -99 -99
-99 -99 1.33195366356524 -99 -99 -99 -99 2.49099779062286 -99 -99
-0.478074675005996 0.364061688125136 -99 -99 -0.652104549459553 -99 0.265256379751639 -0.136249413975505 0.792476385379043 -99
-99 -99 -0.884866993402233 -99 -99 -99 -99 1.01143355985168 -99 -99
-99 -99 -0.9763486233167 -99 -99 -99 -99 -99 -99 -99
-99 -99 -99 -99 -99 -99 -99 -99 -99 3.22696079875404
-99 -1.3819396870874 -99 -99 -0.654737003336997 -99 -99 0.626392062722658 -99 -1.44999135668535
0.559293228861133 -99 -99 -1.91829014886671 -99 0.222274770951444 -99 -99 -99 -99
-99 -99 1.32323952913501 -99 -99 -99 0.9113200382861 -99 -99 -99
2.20074932905087 -99 -99 -99 -99 -99 -99 -0.0533344075538844 -99 1.67043853755058
-99 -99 -99 -99 -99 -99 -99 0.788017817802734 -99 1.53820581954317
-99 -99 -99 2.66375267764748 -99 -99 -99 -99 -99 2.5101530392092
-99 -99 1.10654415988481 1.25741772078309 -99 -0.0234641365253314 1.25119922420554 -99 -99 1.17094313098257
-99 1.26295174405915 -99 -99 -99 -99 -99 1.30955600814768 -99 -99
-99 -99 -99 -99 -99 -0.63097577297693 -99 -99 0.41414678889756 -99
-99 -99 -99 -99 -99 2.14177617167146 -99 -99 -99 -99
2.93370949517174 -99 -99 3.58494516503165 -99 -99 3.64613822124829 -99 4.44048112861694 -99
3.17731860452571 -99 -99 -99 -99 -99 -99 3.44556098678118 -99 -99
-99 1.40522033614431 -99 -99 -99 1.19886893444998 -99 -99 -0.103469551722894 0.279142026003736
-99 -99 -99 -99 0.717018594834486 -0.971062726484992 0.272529559760669 -99 -99 -99
-99 -99 -99 -99 -99 -99 -99 -99 -99 -99
-99 -99 -99 -99 -99 -99 -99 -99 -99 -99
-99 -99 -99 -99 -99 -99 -99 -99 -99 -99
-99 -0.294581719510302 -99 -99 -99 -99 -99 -99 -99 -99
-99 -99 -99 -2.9290134275796 -99 -99 -99 -99 -1.84607033306792 -99
-99 -99 -99 -99 2.79617333125616 -99 1.60239145754971 -99 -99 1.43425880851683
-99 -99 -99 -99 0.717598045139326 -99 -99 3.43182931571635 -99 -99
-99 -99 -99 -99 0.741693051676283 -99 -99 -99 -99 -99
-99 2.25575330076696 2.3158053325026 -99 -99 -99 -99 -0.203484729755807 -99 1.48881280876265
-99 -99 -99 -99 -99 -99 -99 -99 -99 2.59188518722891
-99 -99 -99 -1.5724960918431 -99 -1.96529639046161 -99 -99 -99 -99
-99 -99 -99 -99 -99 -99 -99 -99 4.06097897378359 -99
-1.09171967703209 -99 1.51623813449457 -99 -99 -99 -99 -1.59093461238359 -99 -99
-99 -3.23492994181962 -99 -2.08860382367312 -99 -99 -2.18336971819324 -99 -99 -99
-99 -99 -0.774090789264893 -99 -99 -99 1.65131408662552 -99 -99 -99
-99 -99 -99 2.58005729287086 -99 2.16756070145834 -99 -99 -99 -99
-99 -99 0.893479993709867 1.09388923448756 -99 -99 -99 -99 -99 -99
-99 -99 2.90889909475276 -99 -99 -99 -99 -99 -99 -99
0.499440275959021 -99 0.339261300150339 -99 0.116216740187467 -99 -99 -99 -99 -99
-99 -99 2.43514123190605 -99 -99 -99 -99 -99 -99 1.93652142492038
-99 -99 -99 3.54688703143301 -99 -99 -99 -99 0.395794913838376 -99
-99 -99 1.50081318733777 -99 -99 -99 -99 -99 -99 -99
1.66318992757402 -99 -99 -99 -99 -99 1.38829220889604 -99 -99 -0.0596444070885778
0.0589271793731605 -99 -0.52819415328356 -99 -99 1.54288958497606 -99 -99 0.533531791719562 -99
-99 -99 -99 -99 -99 -99 -99 -99 -99 -99
-99 -99 -99 -99 4.41008777213132 2.24134392433001 -99 -99 -99 -99
-99 1.96512426984386 -99 1.40044335605812 -99 -99 -0.10257261299275 0.520997653137764 -99 -99
-99 -2.05392735344419 -99 -99 -0.292564382231938 0.00703273094823531 -99 -99 -99 -99
-99 -99 -99 -99 0.171544038056122 -99 -99 -99 -99 -2.3617472970255
-99 -99 -99 -99 -99 1.22796358171803 -99 -99 1.10530352563985 -99
-99 -99 -99 -99 -99 -99 -99 -99 -99 -99
-99 -99 1.01055621954541 -99 -0.0226891493235115 -99 -99 0.177965797620857 -99 -99
1.10617142055566 -0.860176265265535 1.04043903044014 -99 -99 1.27338890342642 -99 0.51822430888905 -99 -99
-99 -99 -99 -99 -99 1.67566514350154 -0.581653480567718 -99 1.4932123274827 -99
1.06519816082178 -99 -99 -99 1.68605552779901 -99 -99 -99 2.05353360948753 -99
-99 -99 -99 -99 -99 -99 -99 -99 0.680555800199004 -99
-0.193249786171019 -99 -99 -99 -99 -0.160668755445637 -99 -0.428701594273118 -1.77431466566523 -99
-99 -99 2.75536863216173 3.26326727568991 -99 -99 -99 -99 -99 1.3524535585768
-99 -99 -99 -99 -99 -99 -99 -99 -99 -99
3.58045848166678 -99 -99 -99 -99 -99 -99 -99 -99 -99
-99 0.388988676986263 -1.51962413310673 -99 -99 0.0121020095897241 -99 2.27022595807307 -99 0.645234406429794
-0.419436186685764 0.274012783573574 -99 -99 -99 -99 -99 1.36468938780805 -99 -99
0.820810154500409 1.72288096860012 1.99345313343501 -99 -99 -99 1.01614936366012 -99 -99 -99
-0.494475263119231 -99 1.74845634076143 -99 -99 -99 -99 -99 -99 -99
0.980411524335415 -99 -99 -0.654197750011174 -99 -99 -99 0.0762895346074619 -0.872594750214283 2.87933156932831
0.136277771158488 -99 -99 -99 -99 -99 -99 -99 -99 -99
-99 -99 -0.388057841959604 -0.385017350043609 -99 0.277832661734051 -99 -99 -99 -99
-99 -99 1.60079772317286 3.05210791756048 -99 0.367104198996287 -99 -99 -99 -99
1.14742082078859 -99 -99 -99 -99 -99 -99 -99 1.07783305759765 -99
-99 -99 2.57848455725845 2.58223288088467 2.44587578093657 1.74971473390534 2.78114383222414 -99 -99 -99
-99 3.64534923002267 -99 -99 3.87521711205114 -99 1.6085434384505 -99 -99 3.17657989813293
-99 -99 -99 -99 -1.50685382066749 -0.486558813972955 -99 -0.61258536608792 -0.619480133296216 -99
-99 -99 -99 -99 1.4933916670018 -99 -99 -99 -99 -99
1.76871722238861 -99 0.641812245919508 -99 -99 2.29053490403709 -99 -99 -99 -99
-99 -99 -99 -99 -99 1.41380377582571 1.32376466946061 -99 0.446993281643915 -99
-99 -99 -99 -99 -99 -1.04887135290964 -0.0165711723648403 -99 -99 -99
-2.36165669713019 -99 -99 -99 -99 -99 -99 -99 -99 -99
-99 -0.803922856620688 -99 -99 1.18011549752719 0.387475164869622 -99 -99 -99 -99
-99 -99 -0.602056470901802 -99 -99 -99 -99 -99 -99 -99
-99 -99 1.90879225258566 -99 -99 -99 -99 2.14935391729562 -99 2.54811325232883
-99 -99 -99 -99 -99 -99 2.19657099230257 2.23786723254399 -99 -99
2.05763002111389 -99 3.27971563277179 3.65136234555516 -99 -99 -99 4.00566568557845 -99 3.54183629282499
-99 2.37419813241885 -99 2.79173412936798 -99 -99 -99 -99 -99 -99
-99 -99 -99 -99 -99 -99 -99 -99 -99 -99
-99 -99 -99 -99 -99 -99 -99 -99 2.2135241130797 0.904769143017014
-99 -99 1.95001977992226 -99 -99 -99 -99 -99 -99 -99
-99 -99 0.967821971390787 -99 -99 2.95143396269951 -99 -99 -99 0.70522370000963
-99 -99 -99 -99 0.485681071706602 -99 -99 -99 -99 -99
-99 2.23239102053795 -99 -99 -99 2.1029855653977 -99 -99 -99 -99
2.22627042743687 -99 -99 -99 -99 -99 -99 -99 -99 -99
-99 0.0376944004199776 -99 -99 -99 -99 -99 -99 -99 -99
