-99 -99 -99 -99 -99 -99 -99 -99 -99 -99
-99 -99 -99 0.201561409567806 -99 -99 -99 -99 1.46380989990034 0.352023074631556
-99 -99 -99 -99 -0.0601689197679756 -0.669384678734281 -99 -0.686899590806888 -99 -99
-99 -99 -99 -1.03952638659752 -0.44688615860879 -99 -99 -99 -99 -99
0.106913975455266 -99 -2.09203681047086 -99 -99 -99 -99 -99 -99 -99
0.191057845168902 -0.733669784406898 -99 -0.363526852474048 -0.53642993950172 -2.60808949301545 -99 -99 -99 -99
-99 -99 -99 -99 -99 -0.837146142370311 -99 0.614856937859975 -99 -99
-99 -99 -99 -99 -99 1.28211975155356 -99 -99 -99 -99
-99 -99 1.55536332932287 1.36708730697595 -99 -99 -99 -99 -99 -99
-99 -99 0.594760031276133 -99 -99 -99 -99 -99 -99 -99
1.03877681351997 -99 -0.00132011798820453 -99 -99 -99 0.680829096385382 -99 -99 -99
-99 -99 -99 2.06214070077354 -99 -99 -99 2.21766083694488 -99 -99
-1.63316417049041 -99 -99 0.474712997027877 -0.236553339579907 -99 -99 -99 -99 2.57051637969881
-99 -99 -99 -99 -99 -99 -99 -99 -99 -99
1.60075160537716 -99 -99 -1.5206205864643 -99 -99 -99 -99 -99 -99
2.17354935090226 -99 -99 -99 -99 1.08744698681688 1.69417583517253 -99 -99 2.16295519360984
-99 -99 -0.539640536451345 -99 -99 -0.445185070267399 -99 -99 -99 -99
-99 -99 -99 -99 0.217830630424351 -99 -99 -99 -99 -99
-99 -99 1.08094193489548 0.964700036548094 -99 -99 -99 -99 -99 -99
-99 -99 -99 -99 -99 -99 -99 -99 1.41310494938722 -99
-99 -99 1.47181030015179 -99 -99 0.691503292978686 2.61692341090737 1.28688091410063 -99 -99
-99 -99 -99 0.823557041296767 0.340787486528843 0.699776812615883 1.48547110976447 1.55295318762376 -99 -99
-99 -99 -99 0.0275928405907427 -99 -99 0.238610763288962 -99 -99 -99
-99 -0.230349599622798 -1.22037067115163 -99 -0.0898606788972327 1.48490337513338 -99 -99 -99 -99
-99 1.99450527230139 -99 -99 -99 -99 -99 -99 0.841212519305312 -99
-99 -99 1.39265323685445 1.58396417787969 1.4062263022128 -99 -99 -99 1.35359376912675 -99
-99 0.165060756151498 -99 -99 -99 -99 -99 -99 1.44743545866189 -99
-99 0.598271210472758 -0.0411548064020373 -99 1.78227765425356 -0.460057465921393 -99 -1.07395316366357 -99 -99
-99 -99 -99 -0.876149998529663 -99 -99 -99 -99 -99 -99
-99 -99 -99 -99 -99 -99 -99 -99 -99 -99
-99 -99 -99 -99 -99 -99 -99 -99 -99 -0.261863926252887
-99 -99 0.986708561495349 2.70269108944701 1.38897996470609 -99 -99 -99 -99 -99
-99 -99 1.40574937020327 -99 -99 -99 0.851000075237503 -99 -99 -99
-99 -99 -99 -99 -99 -99 -99 -99 -99 -99
2.59082083558851 -99 -99 -99 -99 3.56119588613389 2.14396727203411 3.13504416746643 4.03696594186522 -99
-99 -99 -99 -99 -99 -99 -99 -99 -99 2.40553107910859
-99 0.0919299996919665 -99 -99 -99 -99 -99 -99 -99 -99
-99 -99 -99 -99 -99 -99 -99 0.0465403836866846 -99 1.08437884159737
-99 -99 -99 -99 -99 0.716062994060601 -99 -99 0.587802071719195 -1.78249503645584
1.0853187742333 -99 -99 -99 -99 -99 -99 -99 -99 1.90487509231052
-99 -99 1.3193120707112 -99 -99 -99 -0.00968469754701662 0.913268850173017 -99 -99
-99 3.21060400006899 1.96638437395134 -99 -99 -99 -99 -99 -99 2.81975530526231
-99 -99 -0.296598390339398 -99 -99 0.450182055249931 -99 -99 -99 0.41744419831356
3.13814843654869 -99 3.50392917978163 -99 -99 -99 -99 -99 -99 -99
-99 -99 -99 0.888782028238886 -99 -99 1.6380304973522 0.242300043459945 -99 -99
0.897164049962886 -99 -99 -99 -99 2.20778614611443 -99 -99 -99 2.3067751656968
-99 -99 -99 -1.52406437931361 -99 -99 -99 -99 1.8070313416757 -99
-99 0.762889877903939 -99 -99 -0.72122647114537 -99 -99 -1.16485213989028 0.0658255424266877 -99
-99 2.81734377384334 -99 -99 -99 0.568514568658345 -99 -99 2.03553353834394 -99
1.61501889502164 -99 -99 -99 -99 -99 1.13328044608529 1.73832600473631 1.7363684767337 1.36984597462105
3.08551598323438 -99 -99 0.475977971628977 -99 1.54019412979451 -99 -99 -99 -99
-99 1.18837294798113 -99 -99 -99 2.39026017120398 -99 2.18747138294352 -99 0.608124364080921
0.889166195591962 -99 -0.17816601287079 -99 -99 -99 1.31168002541593 -99 -99 -1.12160440618101
-99 -99 -99 0.996900719507209 -99 -99 1.88380149487323 1.62334375801439 -99 -99
-99 -99 -99 -99 -99 -99 2.39143661186702 -99 -99 3.87421442924565
-99 -99 -99 -99 -99 1.90129696682556 1.52221006213609 -99 -99 1.34316647767459
-99 2.70351164703694 -99 1.6986174129137 -99 1.61638296902013 -99 -99 -99 1.18055229171316
-99 -0.733440288472347 -99 -99 -99 -99 -99 -1.28193925193743 -99 -0.532747005683643
-99 -99 -99 -99 -99 1.98645483245205 -99 -99 -99 -99
-99 2.90679460510165 -99 -99 -99 -99 -99 -99 1.81246078681284 -99
-99 -99 -99 -99 0.429128682203094 -99 -99 0.483822611853381 -99 -99
-99 -99 -99 -99 -99 3.32612902903083 -99 -99 -99 2.47843086126423
-99 -0.0386802915019073 -99 -99 -99 -99 -99 0.837348097765654 1.87175047193155 -99
-99 -99 -99 -99 -99 -99 -1.27992373379865 -99 -99 -99
-99 -99 -99 -99 -99 -99 -99 -99 -99 -99
1.41618535850959 -99 -99 -99 -99 3.64121008205138 -99 2.7258968762741 -99 -99
-99 -99 3.56335355689958 3.98412273052665 -99 -99 -99 -99 -99 -99
-99 -99 -0.00899992349168532 -99 -99 2.83179902273875 -99 -99 1.91272804436277 -99
-99 0.080685888300388 -99 -0.521708880040531 0.0621351030660103 -99 -99 -99 -99 1.12980734090501
-99 -99 -99 1.61700961426698 -99 -99 -99 -99 2.84306318944956 -99
-99 -99 -99 -1.0383268834157 -99 0.789932392529901 -99 -99 -99 -99
-1.99347841351837 -99 -99 -0.831632685184686 -0.721000872869682 -2.20784011648469 -99 -0.774878553789289 -99 -99
-99 -0.536430037314874 -99 -0.794883492854749 -99 0.100475303139375 -2.47909595003713 -99 -99 -99
1.5953107282558 -99 -99 -99 -99 -99 -99 -99 -0.540769701303201 -99
2.36318062997552 -99 -99 -99 -99 -99 -99 -99 1.14975953880552 -99
-99 0.984841273685909 -99 -99 -99 -99 1.92478263109241 -99 -99 -99
-1.5981472546557 -99 -0.923724900612458 -99 -99 -99 -99 -99 -99 -99
-99 -0.422820948958852 -99 -99 -99 -99 -99 -99 -99 -99
-99 -99 -99 -99 -99 -99 -99 -99 -99 -99
-99 -99 -99 -99 2.49980629671924 2.43367752310678 -99 -99 1.1358344134394 -99
-99 -0.512629787124002 -0.605559869287083 -99 -99 -99 -99 -99 -99 -99
-99 0.0862482591083531 -99 0.748043914085172 -99 0.344507634935691 -99 -99 0.101916905175681 -1.61502904976062
-99 2.09483566946747 -99 1.58526760928805 -99 -99 -0.239616939428056 -99 -99 -99
3.33120528962762 2.13445324361749 -99 -99 -99 0.519475825335254 -99 2.63906503451055 1.18735818514889 -99
1.22188669375858 -99 -99 -99 -99 -99 0.814889293237784 -99 -99 -99
-99 1.46804163327832 -99 -99 -99 -99 -99 -99 -99 0.459238322550447
1.13840189922896 -99 -99 0.410293856353494 -99 -99 -99 -99 -99 -99
-99 -99 -99 -99 1.43073515081453 -99 -99 0.269295230537658 -99 -99
-99 -99 -99 -99 -99 -99 -99 -99 2.34885234910219 -99
-99 -99 -99 -99 -99 2.04337287167699 -99 -99 2.70144156588308 2.94379076725664
0.78534770398137 1.28006952515697 -99 1.96058784426735 -99 -99 -99 -99 -99 -99
3.13230393478559 -99 -99 -99 -99 -99 -99 -99 -99 3.1022124349809
2.72310728656337 2.37927357876981 -99 -99 -99 -99 -99 -99 -99 0.636114676102426
-99 -99 -99 -99 -99 -99 -99 -99 -99 -99
-99 3.21295750272215 -99 -99 -99 2.56444822015094 -99 -99 1.64535632337345 -99
-99 -99 -99 3.57023185329653 -99 -99 -99 -99 -99 -99
-99 -99 -99 -99 -99 -99 0.576557287076098 -99 -99 -99
-99 -99 2.15729972262834 -99 -99 -99 -99 1.6018554489032 -99 -99
-99 2.7742881406096 -99 -99 -99 -99 0.601410380163097 2.51748490833793 1.32874728163207 -99
-99 1.11761490410189 -99 -99 -99 1.01892509571468 -99 0.778681757568125 1.46545291659614 -99
1.25566607039486 -99 -99 1.68845972350628 1.75421062370044 -99 1.81982435581505 -99 -99 -99
-99 -99 -99 -99 -99 -99 -99 -99 -99 -99
0.998100418904145 -99 -99 -99 -99 0.768840363994165 0.87450544213068 1.55185405948915 -99 -99
-99 -99 -99 -99 -99 -1.00011826878398 -2.01134103839565 -99 -99 -99
-99 -99 -99 -99 -99 -99 -99 -99 -99 -99
-99 -99 -99 -99 -99 -99 1.77006282006391 -99 1.76189244202645 2.40043511863534
-99 2.24698324090487 -99 0.075541867238471 1.48285996843681 -99 1.16983792766292 -99 2.23760660886918 -99
2.50896713766761 1.38078277111738 -99 -99 -99 -99 -99 -99 -99 -99
-99 -99 -99 -99 -99 -99 -99 -99 -99 -99
-99 -99 -99 -99 2.10193097120242 -99 0.199728556464924 -99 -99 -99
-99 -99 -99 0.88638576953154 -0.837436328830356 0.402083930541835 -0.148433786726446 -99 -99 -99
2.05672406480086 2.89986410316371 -99 -99 1.41920038468848 -99 1.44984757620241 2.25708966009742 0.938355940527933 -99
-99 -99 -99 -99 -99 -99 -99 -99 -99 -99
-99 -99 -99 -99 2.89894746963539 -99 -99 -99 -99 3.0269110446274
1.38692102334211 1.88492704036968 -99 -99 -99 -99 -99 -99 -99 -99
-99 -99 -99 -99 -99 1.0888978841132 2.40698357672479 -99 -99 -99
0.016003827815862 -99 -99 -99 1.88862325056071 -99 -99 -99 -99 1.42837091581214
0.772371865662214 -99 -99 -99 -99 -99 -99 -99 -1.23032680535511 -1.38309849406168
-99 -99 -99 -99 -99 -99 -99 -99 -99 1.30838415736804
-99 -99 -99 -99 -99 -99 -99 -99 -99 -99
-99 -99 -99 1.97957185403127 0.862373437204768 -99 -0.499744854295103 -0.624588644321244 -99 0.649277001722677
-99 -99 2.62814146684444 -99 2.73095997384806 -99 -99 1.86266642615736 -99 -99
1.52373807888144 -99 -99 -99 -99 -99 -99 -99 3.21273135181291 -99
-99 1.19886677827979 -99 -99 0.768396485818957 -99 0.00783070769589544 1.7705706226601 -99 -99
-99 -99 1.37386680571848 -99 -99 -99 1.90478195353517 -99 0.748353018528914 -99
-99 1.02590317035685 2.49772595473034 1.65858161399323 1.77486622605448 -99 -99 -99 2.01835825483323 -99
-99 -99 -99 -99 1.9733622539801 -0.83692106929558 1.48725331128069 -99 -99 -99
-99 -99 0.134741071718225 -99 -99 -99 2.14326323058387 -99 0.0386346065441198 -99
0.241996270913141 -99 -99 -99 -99 -99 -1.4712399355544 0.627528403926881 -0.987192220533923 -1.76285171223812
0.649168945121708 -99 -99 -99 -99 -99 -99 -99 -99 -99
1.55964677412905 -0.297573411055088 -99 -99 -99 -99 -99 -99 -99 -99
-99 -99 -99 2.56175113544264 -99 -99 -99 -99 -99 -99
3.23303162940111 -99 -99 1.74105573253659 -99 1.21972770676039 1.36808834355812 -99 3.91968283165008 -99
-99 -99 -99 -99 2.87653159163242 -99 -99 -99 -99 -99
-99 0.449877897611332 -99 2.69867548507614 2.937436072032 -99 -99 0.217048806613836 -99 -99
-99 -99 -99 -99 -99 -99 -99 -99 -99 -99
-99 -99 -99 -99 -99 -99 -99 -99 -99 0.0198611480267794
-99 1.55252735188741 -99 -99 3.09901897600413 3.03228550479828 -99 -99 2.18803761322286 -99
2.22390058353646 -99 -99 -99 -99 -99 3.68527474254909 -99 -99 1.69204730987649
-99 -99 -99 -99 -99 -99 -99 1.87501885427523 -99 -99
-99 0.627459086192919 0.744141511029957 -99 -99 -99 -99 -99 -99 1.1000518204769
-99 -99 -99 -99 -99 2.94583214532329 -99 0.801285999662397 1.39049511114077 0.0905754276152249
-99 1.2511181725817 0.461860575710743 -99 -99 -99 -99 -99 1.2500550596018 -99
-99 2.42358090268531 0.799900848927367 -99 -99 1.10955702315022 -99 0.57640332987693 -99 2.75346997828333
-99 -99 -99 0.519517790140676 -99 -99 -99 -99 -99 -99
-99 2.30062154594123 -99 -99 -99 -99 -99 -99 -99 -99
-1.72503998047887 -99 -99 -99 -99 -99 -99 -99 -99 -99
-99 -99 -99 1.93293155951144 -99 1.97999361842136 -99 1.32216530958478 -99 -99
-99 2.57231558092005 3.03356608762149 2.28829023205846 1.92517559450468 -99 -99 3.59800962881286 -99 2.12579787678037
-99 -99 -99 -99 -99 -99 -99 -99 -99 -99
-99 -99 1.65401167298287 -99 -99 -99 -99 2.14046084051513 -99 -99
0.579305954824269 -99 -99 -99 0.709519752754375 -99 -99 -99 -99 -99
-99 -99 -99 -99 -99 1.06357417521907 -99 -99 -99 0.64665286179368
-99 -99 -99 -99 2.53905443951405 -1.58862782817932 1.27736837521312 1.40096250475483 0.459857409081522 -99
-99 3.01857530969406 -99 -99 -99 -99 -99 -99 0.789479961948156 -99
-1.2828056453135 -99 -99 -99 -99 -99 -99 -99 -99 -99
-1.1233018230929 0.571208551273171 -99 -2.74207202700752 -99 -99 -99 -99 -99 -99
-99 -99 -99 -99 -99 -99 -99 -99 -99 -99
-99 -1.08367727502791 -0.474898534985789 -99 -99 1.45494023219749 -99 -99 -99 -0.0319562703225644
-99 -99 -99 -99 -99 -99 -99 -99 -99 0.747702728893456
1.88792229582315 -99 4.24776804532614 -99 1.65515215484554 -99 -99 -99 -99 -99
-99 1.57930749326175 -99 -99 -99 2.37047255411299 -99 -99 -99 -99
3.24530936386059 2.23577835529036 -99 -99 -99 -99 -99 -99 -99 -99
-99 0.538600727748128 -99 -99 -99 -0.768139530438444 -99 0.375290141022496 -99 2.38859406042723
-99 -99 -99 -99 -99 -99 -99 -99 -99 0.624086305927108
-99 -99 -99 -0.890246722121555 -99 -99 -99 -99 -99 -99
1.17856011521598 -99 -99 -99 -0.153881473729096 -99 0.228055087090419 -99 -0.971338905532362 -99
-99 -99 -99 -0.0961409807955458 -99 2.19560966249472 -99 -99 -99 -99
-99 -99 -99 -99 -99 0.279955791960548 -99 -99 -99 -99
-99 -99 -99 -99 -99 -99 -2.34524572250178 -99 -99 -99
-99 -0.441938072464785 -0.930178894053673 -99 -99 -99 -99 -99 -99 -99
-99 -99 -99 -99 -99 -99 -99 -99 -99 -99
-99 -0.244704231819785 -99 0.299836611211027 -99 -99 -99 -99 -0.336704697160671 -99
1.30930890602482 0.498600962412935 3.21292740411171 1.92714790199602 1.56629664606218 0.158236528752192 -99 0.116750510988086 -99 1.73158580117459
-99 -99 -99 -99 -99 -0.45763737035264 -99 -0.263076180060202 -99 -99
-99 4.17363233587872 2.65731757702105 -99 -99 -99 -99 -99 2.46648759063546 -99
-99 -99 -99 -99 -1.08938691722055 0.110659564917892 -2.34890889025593 -99 -0.396191446652735 -99
-99 -99 0.766198394598004 -99 -99 -99 -99 -0.127040258404238 -99 -99
0.763156128961912 -99 -99 -99 -99 -99 -99 0.586794858046817 -99 -99
1.67240588688812 -99 -99 -99 -0.463674122735951 3.19660204225112 -99 -99 -99 -99
-99 -99 -99 -99 -99 1.02211563732417 0.970741501444984 3.00962004323618 2.28713674217998 -99
-99 -99 0.302422795210525 -99 -99 -99 -99 1.68057496274967 -99 -99
-99 -99 1.62099657925844 -99 -99 0.977144380212001 -99 -1.24133572521196 1.82162841975676 -99
-99 -99 -99 -99 1.17535821955324 -99 -99 -99 0.336419721214646 0.977462937249943
0.844174973653208 0.373359302101275 1.23947985881402 2.45105245163746 0.753783743906667 0.305494098050391 -99 0.566604800089357 -99 -99
-1.60997078060657 -99 -99 -99 -0.114662880105051 -99 -99 -99 -99 -99
1.3974483301676 -99 1.9994013257594 -99 -99 1.25263183634903 -99 -99 1.94231037206006 -99
0.286567173343751 -99 -99 -99 -99 -99 -99 -99 -99 -99
-99 -99 -99 -99 -99 1.8067972960373 -99 -99 1.54763644113471 0.974794778695112
-99 -99 -99 -99 -99 -0.619431583909189 -1.17710538163595 -99 0.674445460469324 0.171810602937417
-99 -99 0.324456434786885 -99 -99 -1.86311778787228 -0.376825691386441 -99 -99 -99
-99 -99 1.76619086574017 -99 -99 -99 -1.60634177068688 -99 -99 -99
-99 1.40222637268046 -99 -99 -99 -99 1.79934333813167 -0.338260046280401 0.904075013723782 -99
-99 -99 -99 -99 -99 -99 -99 -99 -99 -0.207466149842528
-99 1.86026289870287 -99 -99 -99 -99 3.03159259574663 -99 -99 -99
2.19455519571164 1.37835088251032 -99 -99 -99 0.368638659519387 -99 -99 -99 -99
-99 1.48970366912785 -99 -0.842907396379567 -99 -99 -99 -99 -99 -99
-99 -99 -99 1.71794931005744 -99 -99 -99 -99 -99 -99
0.52291933268388 0.925166082308968 -99 1.18781310125791 0.741605115604454 1.75632559069372 -99 -99 -99 -0.0358995829315003
-99 -1.17903481378622 -99 -99 -99 -99 -99 -99 -99 -99
-99 -99 -99 -99 -99 3.2451505624394 -99 1.75593397010518 -99 -99
-2.15652076305026 -99 -99 -99 -2.79848224021405 -99 -99 -99 -2.92911021884302 -2.08294110363929
1.46618751816023 -99 3.66580289158218 -99 -99 0.600193513892914 1.48282415437112 1.84650555781486 -99 -99
0.079901375725392 0.355737494512794 -99 1.84419827774206 -99 -99 1.01894705213759 2.21995322071764 -99 -99
-99 1.57785190088825 -1.03936521870187 -99 0.863590340995787 -99 -99 -99 0.779784970603692 0.00543144819353258
-99 -99 -99 -99 -99 -99 2.94810308175542 -99 -99 -99
-0.129978320488935 0.265681070474543 -99 0.299145717696484 -99 -99 -0.232653688646266 2.35328176076964 0.300319982003404 -99
-99 0.846334239392326 -99 0.743804853120821 0.380921499085041 -99 -0.823873300509961 -99 -99 -99
-99 -99 -99 -99 0.096231052254888 -1.02785854449668 0.352482760775403 -99 -99 -99
-99 -0.283742128907518 -99 -99 -99 -99 -99 -99 -99 1.19957496343764
-99 -0.954454015807837 -99 -99 0.289256715192555 -99 -0.0679439137529307 1.47593655485227 -99 -99
-99 -99 -99 -99 -99 -99 -99 0.857452210755548 -99 -99
-99 0.610018193507213 -99 -99 -99 -0.525935618742913 -99 -99 1.19655196593923 -99
1.57242058651097 -99 -99 1.19176429753482 -99 -99 -99 1.97754723426054 -99 -99
-99 -99 -0.50443108721468 -0.377854814320793 -99 -99 -99 0.794840223226823 -99 -0.306822095137093
-99 -99 1.10371469708412 -99 2.88596952325908 -99 -99 -99 -99 -99
-99 -99 -99 -99 -99 -0.449545925101306 -99 0.658243053337737 -99 -99
-99 -99 -99 -99 -99 -99 -99 -99 -99 -99
-99 0.270501442504928 -99 -99 -0.0516083981064364 -99 -99 -99 -99 -99
-99 -99 -99 -99 2.04521688051909 -99 -0.0232565019703959 2.46569041977756 -99 -99
0.924372003122216 -99 -99 -99 3.58745832236876 -99 -99 -99 -99 0.713849341839018
2.75372238557864 -99 1.41241961662423 -99 2.51314646615108 3.00771575685462 -99 -99 2.37728238143275 -99
2.43318481911175 -99 -99 -99 -99 -99 -99 3.38465440554606 0.615465009051809 0.534724882937691
1.37544021909334 -99 -99 -99 -99 -99 -99 -99 -99 -99
-99 -99 -99 -99 -99 3.22891210303986 2.70709711461013 2.12458593774378 1.61174794673331 -99
1.85691508034832 -99 -99 -99 -99 -99 -99 -99 -99 -99
-99 -99 -99 -99 -99 -99 -99 -99 -99 -99
-99 -99 -99 -99 -2.30481379286198 -99 -99 -99 -99 -99
-99 -99 -99 -99 4.36640575862503 -99 -99 1.35715816388233 -99 0.381940169879209
-99 -99 -99 -99 -99 -99 -99 -99 -99 -99
2.20232075432793 -99 1.13076803754011 1.82734961941694 -99 2.27168727391005 -99 -99 -99 -99
-0.649526302546549 -99 -99 -99 -99 -99 -99 0.939685816698413 -99 -99
-99 -99 -99 -99 2.36644185657089 1.32792721371108 -99 0.10201259334793 -0.333414599003173 -99
-99 -99 -99 -99 -99 -99 -99 -99 -99 -99
-99 -99 -99 -99 -99 -99 1.37532103855044 -99 -99 -99
-99 -99 -99 -99 -99 -99 1.52565402836162 -99 -99 -99
-99 -99 0.530121675911692 -99 -99 -99 -1.78720133912788 -99 0.0354216408206531 -1.12568613373068
0.223568166931495 -99 -99 -99 -99 1.91031600804136 -99 -99 -99 -99
0.955430140137992 0.0521959853157182 -99 -0.17084312725086 -99 -99 -99 -99 -99 -99
-99 -99 -99 -99 2.67460052013566 -99 -99 -99 -99 -99
-99 -99 -99 -99 -99 1.41087261324036 -99 -99 -99 -99
0.440224095900725 -99 1.0414496656035 -99 -99 -99 -99 -99 -99 -99
-99 1.83791800264939 -99 -0.11567223546584 -99 -99 -99 -99 -99 -99
1.16481629581095 -99 -99 -99 -99 1.68557553093338 -99 -99 -99 -99
-99 -99 -99 -99 -99 -99 -99 -99 -99 -99
-99 -99 -99 4.79628110381606 -99 2.44024076054406 -99 3.85271220721707 -99 -99
-99 -99 -99 1.70385168293788 -99 -99 -99 -99 1.09057572519143 -99
-99 -99 0.262777365962955 -99 -99 -99 0.418439853604729 4.46389339245804 -99 0.634038821789896
-0.310474674470427 -99 -99 -99 -99 -99 -99 -99 1.46259439435473 -99
-99 -99 -99 1.15341245621183 -99 -99 -99 -99 -99 1.14826294774845
-0.971775120255675 -99 -99 -99 -99 2.32262633865854 -99 0.163103556763511 -99 -99
2.06228687473375 -99 -99 -99 -99 0.644333991800164 -99 1.8397427177373 -99 -99
-99 -99 -99 -99 0.86843562304813 -99 0.206561988591867 0.936590009500359 -99 -99
1.08437107894795 -99 -99 -0.764623403214297 -99 -99 -1.0021351065836 -99 -99 -0.531794082801834
-99 -99 -2.03662652934426 -1.40869909864342 -99 -99 -99 -0.75210087527536 -99 -99
-99 -99 -99 -99 -99 -99 -99 1.04050014129987 -99 -99
-99 -99 -99 -99 -99 1.63889713937348 -99 -99 -99 -99
-99 1.70518082464758 -99 -99 -99 0.84381928064481 0.665975626641631 -1.21971324764473 -0.390085992807979 -99
-99 -99 -99 0.0888219517409757 -99 -99 -0.0769378640061775 -99 -99 -99
-99 -99 1.29582938766005 -1.57909770438164 -99 -99 -99 -99 1.34508335625746 -99
-99 -99 0.133593868572424 1.29380839024382 -99 -99 -99 -99 -99 -99
1.71664701668756 -99 -99 -99 -0.165912314971092 -99 -99 -99 2.15799995996955 -99
-99 -99 1.23062246227227 -99 -99 1.46324989043919 -99 0.437457195580448 -99 -99
-99 -99 -99 0.322823334720362 -99 -99 -99 -99 -99 -99
2.72608689424142 -99 -99 -99 -99 -99 -99 -99 -99 -99
-99 -99 -99 -99 -99 -99 2.74349872126779 1.11119747603811 -99 -99
-99 0.795676202843109 -99 -99 -99 0.195583257179041 -99 -99 -99 1.75958726902018
1.17327761295487 -99 -99 -99 -99 -99 -99 3.30554783983109 -99 0.172281908920397
-99 -99 0.442491284012095 -99 0.431562530784286 -99 -99 1.91224394155196 -99 -99
-99 1.52349073267182 -99 -99 -99 -99 -99 -99 -99 -99
-99 -99 -99 -99 1.15274412203884 -99 -99 -99 -99 -99
-99 -99 0.105287312808306 -99 -99 -99 -99 -99 3.02672630105963 -99
-0.523554697485829 -99 -99 -99 -99 -99 -99 -99 -0.119279663594531 -0.0969228617581088
-99 -99 0.022154466519449 -99 0.932329464145515 -99 -99 -99 -99 -99
-99 -99 -99 0.524300888408652 -99 -99 -99 -99 -99 -99
-99 5.03146285129948 -99 -99 -99 3.55377307899895 -99 -99 -99 -99
-99 -0.142500849674243 -99 -99 -0.897713601305032 -0.612678802222 -99 -99 -99 -0.498286257083075
-99 -0.118581877411971 0.589676945906306 1.50880485593686 -99 -99 -99 -99 -99 -99
-99 -99 -99 -99 0.632461030637202 -99 -99 -99 -99 -99
3.94461871447538 -99 2.96333617309307 -99 -99 -99 -99 -99 -99 -99
-99 -99 -99 -99 -99 -99 -0.998862236964298 -99 -99 -99
-99 -99 -0.593363445350724 -99 -99 -99 -99 -99 -99 -0.607685926730379
-99 -99 1.8563069987983 -99 -99 -99 0.885985960481556 -99 0.343097468648373 -99
-99 -99 -99 -99 -99 -99 -99 1.44461881663878 -99 -99
-99 2.00156867637455 1.95893929705803 -99 -99 3.36065984160902 -99 -99 -99 -99
-99 -99 -99 -99 0.297237416567199 -99 -99 -99 -99 -99
0.854847131713287 -99 -99 0.346542413833741 0.254977221893015 -99 -0.188489620042434 -99 -99 -99
-99 -99 0.333454175395355 -99 -99 0.75038016550862 -99 -99 -99 1.69355487040702
-99 -99 -99 -99 0.764679276853625 1.44708400165872 -99 0.0425924603020078 -99 -99
-99 -99 -99 -99 -99 -99 2.81779181921966 -99 -99 -99
1.64809473623743 -99 -0.47586620798578 -99 -99 -99 -99 -99 -99 2.52914140092973
-99 -99 -99 0.0638216751226552 -99 -99 -99 -99 -99 -99
-99 -99 0.137140302685596 -99 -99 -99 1.33381441005939 -0.392916939195528 -99 -99
-99 -99 -99 2.79998841202331 -99 -99 -99 -99 -99 -99
-99 -99 -0.445786490032512 -99 -99 1.0366742418219 -0.438658219685603 -99 -99 1.03049725199594
3.70625417948724 -99 -99 -99 -99 -99 -99 -99 -99 -99
1.01906431449422 -99 -99 -99 0.113864548699469 -99 -99 1.29642496549926 -99 -99
0.603563097627952 0.850194618178351 1.0773851307971 3.87867652361401 -99 -99 -99 1.3414317470863 -99 1.34558543115639
-0.644714151273304 0.98613665705311 1.14539446768969 -99 -1.11943163946772 -99 -99 -99 -99 -1.58443169125443
-99 2.54466934700099 -99 -99 -99 3.16889908127174 -99 -99 -99 -99
3.43018409674378 2.22935031306324 2.27426857594663 1.53647178220944 1.09315445193343 -99 2.1228132807797 2.24198509305561 -99 4.11462332798285
-99 -99 -0.557857975074102 -1.92209155397317 -1.01356401444746 -99 -99 -1.20950171324806 -99 -99
-99 -99 -99 0.643930585593698 -99 -99 -99 -0.097757268542465 -99 -99
-0.107157298123834 -99 -0.0108567882822916 -99 -99 0.949116457063541 -99 -99 0.175972552806445 -99
-99 -99 -99 0.951628461847543 2.41146430096281 -99 -99 -99 -99 -99
-99 -99 -99 0.453797471604516 -99 -2.0934611242287 -99 -99 -99 0.269630320579756
-99 -99 -99 1.30630491513921 0.599628773688054 1.59390070996649 3.69889469572653 -99 0.0112267718657394 -99
-99 -99 -99 -99 -99 -99 -99 -99 -99 -99
-99 3.55445722463592 -99 -99 -99 -99 -99 -99 -99 -0.846580610759086
-99 -99 -99 1.34993958582039 1.22562688512325 3.02845754450799 -99 4.85704394296024 3.4333812410048 -99
-99 -99 -99 -99 0.293841547315146 -99 -99 -99 -99 -0.0783768013527424
-99 -99 -99 -99 -99 -99 -99 -99 -99 -99
-99 -99 -99 0.901802927018418 -99 1.53938883280295 -99 -99 -99 -99
0.481909866025951 -99 -0.701238515909951 -99 -99 -99 -99 -99 -99 -99
0.545207333655876 0.604866472582203 -0.164009699312157 -99 -99 -99 -99 -99 -99 -0.16959894050501
-99 -99 -99 -99 -99 -99 -99 -99 -99 -99
-99 -99 -99 2.98213100774316 -99 -99 -99 -99 -99 -99
-99 -99 1.10774018384295 0.666812319832725 -99 -99 -99 -99 0.576408561125886 -99
-99 1.14598758273589 -0.209280924622157 -99 1.18404062508166 2.54133332656491 -99 -0.173208298555251 -99 1.22980707917209
0.863884153178083 -99 -99 -99 -99 -99 -99 -99 -99 -99
-99 -99 1.32410866292335 -99 -99 -99 -99 -99 -99 2.05656565248782
-99 -99 -99 -99 -99 0.70792532914109 -99 -99 -99 -99
-99 -99 -99 -99 -99 -99 -99 -99 -99 0.290289547395848
-99 -99 -99 -99 -99 -99 -99 -99 -99 -99
-99 -99 -99 -99 2.92526052882678 -99 -99 -99 -99 -99
3.7710035643609 2.78236966133579 -99 -99 -99 -99 1.89051229111085 -99 -99 1.33627446470867
2.57576061094948 -99 -99 -99 1.16528934166107 2.2345978794023 -99 -99 1.05658767583115 -99
-99 -0.32448065053497 -99 -99 -99 -0.422973123943678 0.84210873383267 -99 -99 -0.57306663066592
-99 -99 0.196267201149367 -99 -99 -99 -99 -99 -99 -99
-99 1.74726866086884 -99 -99 -99 -99 -99 -99 -99 -99
0.247236752879607 0.47001897916138 -99 -99 -99 0.541699585930266 -99 0.283326545262452 -99 -0.648303161246063
-1.9224738978904 -2.13839611069113 -99 -1.17468965516903 -1.92139607553312 -99 -99 -99 -99 -1.33089150329397
-99 -99 -1.69411627190807 -99 -99 -99 -99 -99 -99 -0.382291421045243
-99 1.93989277756867 2.60184643538539 -99 -99 -99 -99 4.24731555265424 -99 -99
1.16595138772735 -99 -99 -99 -99 -99 -99 -99 -99 -99
-0.938048980496902 -99 1.20491115155971 -99 -99 -99 -99 -99 -99 -99
-99 -99 -99 -0.368427298652089 -99 -99 -99 -99 0.557307912386603 -99
-99 -99 2.660548565337 -99 -99 -99 -99 -99 -99 -99
-99 -99 -99 -99 -99 -99 -99 2.82946203049151 -99 -99
2.8550809040473 -99 -99 -99 -99 1.91056951454262 1.27615482473498 -99 -99 -99
2.45385374660434 3.26209187435228 -99 3.13349313547655 -99 -99 3.38849538825349 -99 -99 2.37449542351602
-99 -99 -99 -99 -99 -99 -99 -99 2.86152305714584 -99
-99 1.09143603718989 -99 -99 0.0308645472644695 -0.408194618199425 -99 -99 -99 -0.358970671263468
-99 -99 -99 2.18102083112948 -99 0.304438089884464 1.2269742036853 -99 -99 -99
-99 1.84223673097035 -99 -99 -99 4.17992832212203 -99 -99 1.99289551723437 2.01592135037153
-99 -0.220404019739703 -99 -99 -99 -99 -99 -99 -99 -99
-99 -99 -99 -99 1.82227783529025 0.104907239185522 -99 -99 -99 -99
-99 -99 -99 1.52465457941009 -99 -99 -99 -99 0.488000588484166 0.971206686184917
-99 -99 -99 -99 -99 -99 -0.180894503116285 -99 -99 -99
-99 -99 -99 -99 -99 1.1162665500947 -99 -99 -0.394417910417081 -99
-99 -99 2.07388639575354 -99 -99 1.89770266862927 -99 -99 -99 -99
-99 -99 -99 -99 2.81151639688492 -99 -99 -99 -99 -99
-99 -99 -99 -99 -99 2.03806754317225 2.1607432749304 -99 -99 -99
-99 0.183764271432745 -99 -99 0.732970310430317 -99 -99 -99 -99 -99
-0.288520801632497 1.4430805301143 -99 -99 -99 -99 -99 -99 -99 2.62941824114602
3.50556887012859 -99 4.19746268639821 -99 0.62996757601427 -99 3.19007512789312 1.9213034997936 3.1495636189446 -99
-99 -99 -99 -99 2.23272597152869 -99 3.00035079153076 -99 -99 -99
1.84796630651744 -99 0.479997605774841 -99 0.200977855349381 0.492544669497852 -99 0.769414235522742 -99 0.253531641459534
4.15803913383908 -99 -99 -99 -99 -99 -99 -99 -99 -99
-99 -0.637008730238722 -99 -99 -99 -99 -1.07258940924171 -99 -99 -99
-99 -99 -2.39828150654433 -99 -99 -99 -99 -99 -99 -99
-99 -99 -99 -99 0.285573469866677 -99 -99 -99 -99 -99
-99 -99 -99 -99 -3.516866878616 -99 -99 -99 -99 -99
-0.80923454410959 -99 -99 -99 -99 -2.05291032038584 -99 -1.86209631058241 -99 -1.56810233365385
-99 -99 -99 -99 -99 -99 -99 -99 -99 -99
-99 -99 -99 -99 -99 -99 -99 -99 -99 -99
1.53455077621703 -99 0.975926799608335 -99 0.596255341710049 -99 -99 -99 -99 -99
-1.15201852078842 -99 -99 1.55741408716436 -99 0.963893842284671 2.13172291718398 1.23683346855273 -99 1.37153345798787
-99 0.445620332367339 -99 -99 -99 -99 -0.31590843507402 0.395797141189287 -99 -99
1.36307588555004 -99 -99 -99 -99 -99 -99 -99 -99 -99
-1.39034453635088 -0.184631785228728 -99 -99 -99 0.626495571377692 -99 -99 1.2061027456865 -99
-99 -99 -99 -99 -99 -99 -99 -99 -99 -99
-99 -99 -99 0.52147815424078 1.1438331174675 -99 -99 -99 1.45288617446642 0.951476745047448
-0.565089061809646 0.893682568888173 -99 1.74692408358126 -99 1.29345282190187 0.862423968590367 -99 -99 -99
-99 -99 -99 -99 -99 -99 0.00378814015713769 -99 -0.46914233223483 -99
-99 -1.06851273806504 -99 -99 -99 1.31798490378109 -99 1.39523466919504 -99 -99
1.98506916493746 -99 -99 0.84592585747045 -99 1.0667980861964 -99 -99 -99 -99
-99 0.068862990445947 -99 -99 -99 -99 -99 -99 1.83054871171379 -99
2.6124497045159 -99 -99 -99 -99 -99 -99 1.89982793582636 0.195858324223091 -99
-99 -99 -0.77589181703001 1.23104675807264 -0.470877039910019 0.183895582286762 -0.088519453435157 -99 -99 -1.4288817304275
0.91727349081679 -0.907769163722151 -99 -0.186662049431715 -99 -99 0.237240071281633 -99 -99 -99
-99 -99 -99 -99 -99 -99 -99 -99 -99 -99
-99 -99 -0.96732225708694 -99 -99 -99 -99 -99 -99 -0.786689957152437
2.6049152770673 -99 -99 -0.504965863177873 -99 0.184015865132322 -99 -99 -99 -99
0.552287782622652 -99 -99 -99 -99 -0.569046256297643 -99 -99 -99 -99
-99 -99 -99 -99 1.19625311395109 -99 -99 -99 -99 -99
0.879628489067706 -99 -99 -99 -99 -99 -99 1.88354368934802 -99 -99
-99 0.714939425759399 -99 -99 3.04788669466486 1.44878650391294 2.06348212855935 -99 -99 -99
-99 -0.00267483817424052 -99 -99 -99 -99 -0.182929971450936 -99 -99 -99
-99 1.32163346398659 -99 2.68799899076913 -99 2.09899604082622 -99 -99 2.06969940849751 -99
-99 -99 -99 -99 -99 -99 -99 -99 -99 -99
-99 -99 1.1170700091443 -99 0.674353032526258 -99 -99 -99 -99 -99
-99 0.12997711730237 -99 -99 -99 -99 -99 0.704050462644196 -99 -99
-99 -99 -99 -99 -0.787207661068476 -99 -99 -0.651681175713636 -99 0.958374594934416
-99 0.269016189513687 -99 -0.56972335666487 -99 -0.271527590951512 -0.393154673561422 -99 -99 -99
-99 -99 0.534212187575959 0.205085110101539 -99 -99 -99 1.66820978904767 -99 -99
-99 -99 -99 -99 -99 -99 -99 -99 -99 1.19148908610613
-1.09443273276169 -99 -99 -99 -99 -1.85747439175097 -99 -99 -99 -99
-99 -99 -1.62680646448082 -99 -2.0984006191102 1.92174063698864 -99 -99 0.834012563777667 -99
-99 0.405621691462931 -99 0.573934656922222 -99 -99 -99 0.553943935764085 -99 -99
-99 -99 1.60276947918781 1.4267836459299 -99 -99 -99 -99 -99 -99
-99 -99 -99 -99 -99 -99 -99 1.80945519446949 -99 -99
-99 -99 -99 -99 -99 -99 -99 -99 0.569653120103879 0.864117424731282
2.52310488569697 -99 -99 -99 4.18733449219546 -99 -99 -99 -99 2.99571654700497
-99 -99 -99 0.62263951780002 0.403438768394983 -99 0.746695520576865 -99 -99 0.611150576293898
1.74041612339615 -99 -99 -99 0.258905299525585 -99 -99 -99 2.85520981210807 -99
-99 -99 2.72321469552815 -99 -99 -99 -99 -99 -99 -99
-99 -99 0.295533476828523 1.40432939295333 -99 -99 1.48347967474287 0.970915717126509 -99 1.72746458501354
-99 -99 0.544382272634239 1.30858771985747 2.66472937809505 -99 -99 -0.33900524945362 -99 -99
-99 -99 -99 2.04421218864622 -99 -99 -99 -99 -99 -99
-99 0.597824646746018 -99 -1.46251073928484 -99 -99 -99 -99 -99 -99
0.806541886771582 0.15696334645063 -99 1.0686047101257 -99 -99 2.78256649731867 -99 -99 -99
0.737931706468397 -99 -99 -99 2.32205296677786 -99 -99 -99 -99 -99
-99 -99 2.6947962779228 -99 2.13481923162644 -99 -99 -99 -99 1.23965747199251
-99 2.09992128020259 -99 -99 -99 2.09113292754421 -99 -99 -99 -99
-99 -99 -99 -99 -99 -99 -99 -99 -99 -99
-99 -99 -99 -99 -99 -99 -99 -99 0.72311859851351 0.236900054334894
-99 -99 4.23342465646356 -99 -99 -99 -99 2.04862977259121 2.04577294775906 -99
-99 -99 -99 -99 1.84466487999378 2.99198012539164 -99 -99 -99 -99
-99 -99 0.425334423731511 -99 2.13424225274571 -99 1.07900704739867 -99 0.052593927513699 -99
-0.799306900519637 -99 1.92019548344202 -99 -99 -99 -99 0.999337334304898 -99 -99
2.03037600461417 -99 -99 -99 -99 -99 2.20820374406848 -99 2.86560333364707 -99
-1.40308757212299 -99 -99 -1.26723644459276 -99 -2.27754387249598 -99 -3.88306695616844 -99 -99
-99 -99 -99 -99 0.686990256266693 -99 -99 -99 -99 0.370395674088759
-99 -99 2.57835696859785 -99 -99 0.184547219559052 -99 2.21248239073431 -99 -99
-99 -99 -99 -99 -99 -99 -99 -99 -99 0.89518183623613
-99 -99 0.0981873393687405 -99 0.593095962288977 -99 -99 -99 -99 -99
-99 -99 1.67488075725714 -99 -99 -99 -99 -99 0.998945496055324 -99
-1.38998825787247 -99 -99 -99 -99 -0.178596710227253 0.321450876608952 -99 -99 0.437799162966702
-1.07434138037601 -99 -99 0.672178841042328 -99 -99 0.683026594066236 -99 -99 -99
-99 -99 -99 -99 -2.35145588028871 -2.12596372398729 -99 -0.199977787868546 -0.722005279727663 -99
0.668015555719493 2.71678315456993 -99 -99 1.47975371072656 -99 -99 3.55209284479566 1.30920751475287 -99
-0.093865920828706 -99 -99 -99 -99 -99 -99 -99 -99 -0.113245740687617
-99 -99 -99 0.378232947015163 0.384243866552537 -99 1.47286630212846 -99 1.72292808856396 1.58248642602858
2.76581139856673 -99 -99 -99 -99 -99 -99 -99 -99 -99
-99 -99 0.0750939991068702 -99 -0.601812643778061 -99 0.6712905867801 -99 -99 0.467130238356118
1.97992278638982 -99 -99 2.70902932291164 2.27878509334757 -99 -99 -99 -99 -99
-99 -99 -99 -99 -99 -99 -99 -99 0.0340564060037141 -99
-99 -99 -99 -99 -99 -99 -99 -99 -99 -99
0.99214062202167 -99 -99 -99 -99 -99 0.247053471960865 -99 -99 -99
-99 -99 -0.275850536974727 -99 -99 -99 0.361504241709867 -99 -99 -99
-99 -99 -0.628348358818166 -99 -0.155298075170704 -99 -99 -99 -99 -99
3.88133857569168 1.48234390502843 -99 -99 3.31614117312087 -99 -99 -99 0.614868079156282 -99
-99 -99 -99 -99 -99 -99 1.0814081658809 -99 -99 -99
-0.441269899289732 -99 -99 0.956593168316945 -99 2.13301131022444 0.134714519236485 -99 -1.57761839911536 -99
-99 -99 3.0503452947559 -99 -99 -99 3.6065354886029 -99 -99 -99
-99 -99 4.29478281150469 -99 5.00403460333487 -99 -99 -99 -99 -99
2.28208946418483 -99 -99 2.69255342792371 -99 1.77323304770362 -99 -99 -99 -99
-99 -99 -99 -99 1.26701531264183 -99 -99 0.687324605666586 -99 -99
-99 -99 -99 3.61460993664005 -99 -99 1.90757243663085 -99 -99 -99
-99 -99 -99 -99 -99 -0.119718964103693 -99 -99 -99 -99
-99 -99 -99 -0.571063190008216 -99 -1.41550267645511 0.181294474186518 2.06547921642726 -99 -99
-99 0.50529752810496 1.54129780174116 -99 -99 -99 -99 1.74806020745125 -0.154652728362326 -99
-99 -99 -99 -99 0.850472723165247 -99 1.06031001219933 -99 -99 -0.547601232897072
0.793781988650828 -99 -99 0.988487381159243 -99 0.447773156588912 -99 -99 -99 -2.81070638563038
-99 0.408115014241862 1.21201608188451 -99 1.2190624568416 -99 -99 -99 -99 0.822464464105859
-99 -99 -99 -99 -99 -99 -0.0381679067718463 -99 -99 -99
-99 1.08297231604913 -99 -99 -99 0.678756568659464 -99 0.918157373621965 -99 -99
-99 -99 -0.131865991101409 -99 -99 -99 -99 -99 -99 -99
-99 -99 -99 -99 -0.321629609244034 -99 -99 -99 -99 -99
-99 -99 -99 -99 3.47222239145905 -99 0.480620039845113 -99 -99 0.854740248933814
-99 1.07598253346637 -99 1.63181686084331 -99 -99 -99 -99 1.95312885941092 -99
-99 -99 -99 -99 -99 -99 -99 -99 -99 -99
-99 -99 -99 -99 -99 0.589102707186768 -99 -99 -99 -99
-99 -99 -0.31900168176817 1.20314621542203 -0.203508753150727 -99 -99 -99 -99 -0.552853501157093
-99 -99 -99 -99 -99 0.891075828626432 -0.156316849245262 -99 -99 -99
-99 1.39727542695229 -0.438855230099149 -99 -99 -99 -99 -99 -99 -99
-99 -99 -99 -99 -99 -99 -99 -99 -99 -99
-99 -99 -99 1.68251667679612 2.20253421172686 -99 -99 -99 2.85000822248319 -99
0.989382626206011 3.93322964018456 -99 2.13451770189886 -99 -99 0.69109622795998 -99 -99 -99
-99 -99 2.43546768558018 0.46999289840939 -99 0.598554202988131 -99 -99 -99 -99
1.26920952397895 -99 -99 -99 -99 -99 -99 -99 -99 0.505877250890639
-99 -99 -99 -99 -99 -99 -99 -99 -99 1.48253301638617
-99 1.00092559803397 -99 0.625485343134053 -99 -99 -99 -99 -99 -99
-99 -99 -99 -99 -99 -99 0.833855043575572 -99 -99 -99
-99 -99 -99 -99 -99 -99 -99 -99 -99 -99
-99 -99 -99 1.34239383150354 -99 0.884079669431391 0.128136624079566 1.33906015308421 -99 -99
-99 3.44624747018537 -99 -99 -99 0.547737244977267 -99 -99 2.6602339621134 -99
-99 -99 -99 -99 1.04222803407006 -99 -99 2.26405136695682 -0.405067374345266 -99
-99 -99 -99 -99 2.85228075461142 -99 2.5008213387125 -99 -99 2.36364398852885
-99 -99 -99 -99 -99 -99 -99 -99 1.98630994759771 -99
-99 -99 1.89045656055387 -99 -99 0.80494059689233 1.71503827081802 2.04996337099087 -99 -99
-99 -99 -99 -99 -99 -0.383823751570004 -99 -99 -99 -99
-99 -99 -99 -0.963381061005712 1.87127620046606 -99 -99 -1.82012598473617 -99 0.146381836667639
-99 -99 -99 -99 -1.12013408363649 -99 -99 0.0210045810898971 -99 -99
-99 -99 -99 -99 -0.780990581831079 -99 -99 -99 -99 -99
-99 -99 -99 -99 -0.348887717625733 -99 1.14234324360059 -99 -99 -99
1.55328699680675 -99 2.19639927822852 -99 1.4587576022142 1.34857078502397 -99 -99 0.323921385163958 -99
-99 -99 -99 2.68171321346107 -99 2.34551520569155 -99 -99 -99 -99
-99 -99 -99 0.899373310251553 -99 -99 -99 -99 1.2405871331469 -99
0.755673497721382 -99 -99 -99 -99 -99 -99 1.13431541788045 -99 4.2867929574057
-99 -99 -99 -99 -99 -99 -99 -1.36345752655892 -99 -99
-99 -0.0192986977786147 -99 -99 -99 -99 -99 1.9596830022754 -99 0.945154793011767
-99 -99 -99 -99 -99 -99 -99 -99 -99 -99
-99 -99 0.669986567676553 -99 -99 -0.491267612454294 1.44602976463001 -99 1.54511039611401 0.518540059863982
-99 -0.945185503792825 0.0355709695248287 -99 -1.82479678487648 -0.430237132790679 -99 -99 -0.0906671559282148 0.403813695780876
-99 -1.14613139801813 -99 2.15115505452203 -99 -99 1.31837822613133 -99 -99 -99
-99 -99 -99 -99 -99 -99 -99 -99 -0.299865344689812 0.661774438208125
0.500459702400733 -99 -99 0.435945199484873 -99 2.50541792598434 -99 0.428776175458489 -99 -99
-0.853600210517141 -99 -99 -99 -99 -99 -99 -99 -99 -99
-99 1.95386745820814 -99 -99 -99 -99 -99 -99 -99 -0.521796235090502
-99 -99 -99 -99 -99 -99 -99 -99 2.28703513730139 0.53415431646372
-0.412840784524227 -99 1.4782306161632 -99 -99 -99 -99 -99 0.927043011261392 -99
-0.0429069863563885 -99 -0.690039556462959 -99 -99 -99 -99 -99 -1.13198341897566 -99
0.801039889643775 3.01065717948237 1.70302129718012 -99 -99 2.03146620705681 -99 1.6284722762023 -99 -99
2.69861285914592 -99 1.20528494468126 -99 -99 -99 -99 -99 -99 -99
-99 2.59305197732665 -99 2.69609768332364 -99 3.4205316630619 -99 1.53524408963244 -99 -99
-99 -99 -99 -99 -99 -1.91288668479179 -99 -99 -99 -99
-99 -99 -99 -99 -99 -99 -0.154459038187104 -99 -99 -99
-99 -99 -99 -99 3.91643805383131 -99 -99 -99 -99 -99
-99 -99 -99 -99 -99 -99 2.05513579658357 -99 -99 -99
-99 -0.450125233779512 -99 -99 -1.23672722742467 -99 -99 -99 -99 -99
2.05091697626707 -99 -99 -0.299800794888995 -99 -99 -99 -99 -99 -99
-99 -99 2.23198358029733 -99 -99 -99 -99 -99 -99 -99
-99 -99 0.356832599297464 -99 -99 1.45255105090727 2.82800223647806 -99 -99 -99
-99 -99 -99 1.11835180573245 -99 -99 -99 -99 0.764142618312861 -99
-99 0.623617339228792 0.0865925691869295 -99 1.4784940801053 0.776878298320006 -99 1.25639171199834 -99 2.09932663361728
-0.509940118236034 1.69055280113846 -99 -99 -99 -99 -99 -99 0.392230088132589 -99
-99 -99 -99 -99 -99 -99 0.8158039716504 0.409092300348794 -99 -99
-99 -99 -99 -99 -99 0.0772825681493668 -99 -99 -99 -99
-99 -99 -99 2.86315519439824 -99 -99 -99 2.98293224780335 -99 -99
-99 -99 -99 -99 -99 -99 -99 -99 1.31591475991522 -99
-99 -0.820106331768889 -1.08476838990177 0.800765092819713 -0.815410232206494 -99 -99 -0.605842977694075 -99 -99
1.61484063939701 -99 -0.804964821900032 -99 0.177203358654052 -99 1.27111767844035 -99 -99 -99
-99 3.39949738037078 -99 2.80562988000008 4.01864282974987 -99 -99 -99 -99 -99
-99 1.87325109363607 -99 -99 -99 -99 -99 -99 -99 -99
-99 -99 -99 -99 -99 -99 -99 -99 -99 -99
-99 -99 -99 0.83838286895419 -99 -99 -99 -99 -0.933083388941726 -99
-99 -99 -99 -99 -99 -99 -99 0.245054652468682 -99 -99
-99 -99 -99 -99 3.26263031852029 -99 2.50490708497782 -99 -99 -99
2.11505809052648 -99 -99 2.93034809632508 0.250875572497477 -99 0.200971914422915 1.0069697130832 -99 0.956660144286373
-99 -99 -99 2.18609088143681 -99 -99 -99 -99 -99 -99
-99 -99 1.73540845659516 -99 -99 0.0123285478331925 1.24032930710423 -99 -99 1.64245339093317
-99 1.22884289347415 0.690836928964125 -99 -99 -99 -99 -99 1.36620757974841 1.34439945104529
-99 -99 -99 -99 -99 -99 -99 -99 -99 -99
-99 -99 -99 -99 -99 2.33327849879555 -99 -99 -99 -99
-99 -99 -99 -99 1.06839623566354 -0.756763484937023 -99 -99 -99 -99
-99 -99 -99 2.44852972295947 -99 -99 -99 -99 1.82145518548224 1.37242078978254
2.28129165402344 -99 -99 -99 -99 2.22579087552102 -99 -99 -99 -99
1.0995425058945 1.04069825693752 -99 -99 -99 -99 0.876523821242011 -99 -99 -99
-99 -99 -99 -99 -99 -99 -99 -99 -99 -99
-99 -99 -99 -99 -99 -1.37476609405949 -99 1.38941550221227 -99 0.795531098579384
-99 -99 -99 -0.0346888601475581 -99 0.583734864763621 -99 1.2487717606662 -99 -99
-99 -99 -99 -99 -99 -99 -0.17942771026981 0.109198863167899 -99 -99
-99 -99 -99 -99 -99 0.721937055954059 -0.773187071632207 -99 -99 -0.309903917906394
-99 -99 -99 -99 -99 0.379531368620741 1.03459958297706 -99 -99 -99
0.223754488390049 -99 -99 -99 2.2971714390338 2.46121073011805 0.313995247348683 2.2397724414195 -99 -99
-99 -99 -99 2.22247099175043 -0.116087132987399 0.327042662543918 -99 -99 -99 -99
-99 0.233374938138509 0.473512322546722 -99 -99 -99 -99 2.94532293404567 -99 1.24860216819536
-99 -99 -99 -99 -99 -99 -99 1.88091707492481 -99 2.08487968842804
4.45003025545621 3.43004504337599 3.93107883451786 -99 -99 -99 -99 -99 3.74466763281004 -99
-99 -99 -99 0.570198310570068 0.982159635565332 -99 -99 -99 -99 -99
-99 0.246316690048202 -99 -99 -99 0.526140342467198 -99 -99 -99 -99
-99 -99 -99 0.662204070385782 -99 -99 0.298766510628837 -99 -99 -99
-99 0.990800623603178 -99 -99 -99 -99 -99 -99 -99 -99
-99 0.231402408823061 -99 -99 1.7846210511241 -99 -99 2.75669578055423 1.13185356235275 1.55291451660573
-99 -99 -99 -99 -99 -99 -99 -99 -99 -99
1.79649562060332 -99 -99 -99 -99 -99 2.31019985518685 1.01012639260513 -99 0.956859981837957
-99 -99 1.69409675408808 -99 3.63070080735207 -99 2.29761836734382 -99 3.26418613633679 -99
-0.379890647116209 1.6371826264105 -99 -99 -99 -99 -0.181310730094749 -99 -99 -99
-99 -99 -99 -99 -99 -99 -99 -99 -99 -99
-99 -99 -99 -99 -99 3.8032954744928 -99 -99 -99 3.88502169153237
1.86843400870214 -99 2.41069283207744 -99 -99 -99 -99 -99 -99 -99
-99 -99 -0.373988655812741 1.23875871663928 -99 -99 -99 -99 -99 -99
-99 -99 -99 0.354298498888591 -1.54140102272759 -99 -99 -99 0.866573286343342 -1.43699221521739
-99 -99 -0.521909511681128 -99 -99 3.3041588570665 -99 -99 -99 -99
-99 -99 -99 -99 -99 -99 -99 -99 -99 -99
-99 -99 1.66931788887692 -99 -99 -99 -99 -99 0.736784504915346 0.893208365159127
-99 -99 -99 -99 -99 3.87137364271542 3.4069046856832 -99 -99 -99
-99 -99 -99 2.28881420616569 1.49032146671055 -99 -99 -99 1.10781232548759 -99
-99 -99 -99 -0.565004568311428 -99 -99 -99 -99 -99 -99
-99 -99 -99 2.76497774110761 -99 -99 -99 -99 -99 -99
-99 2.18966068615728 -99 -99 -99 3.06895043993751 -99 -99 -99 -99
-99 -99 -99 0.147763273521514 -99 -99 -99 -99 -0.695262322911668 -99
-99 3.9016523400115 -99 3.30314618176875 -99 -99 -99 -99 -99 3.38002649381182
-99 -0.173620377472864 -99 0.0656847388871271 0.714441759172587 -99 -99 -99 1.46042264567472 1.46216880813357
0.233636491111563 -99 0.45122283912174 0.170745356235378 -99 -0.532976844352026 -99 -99 -0.306741032541058 -99
1.59993673944678 1.62681156447313 -99 2.21041630409151 -99 -99 2.61734535593488 -99 4.18064540811895 -99
3.19933015280616 -99 -99 -99 -99 2.75993803552536 -99 -99 -99 -99
-99 0.626098851804242 1.955907280457 -99 -99 -1.58505319827125 -2.36233806831945 0.988949180538582 -1.43974898648098 1.33939379637978
-99 -99 -99 -99 -99 -99 -99 1.56793176130873 -99 -99
-99 -99 -99 -99 -99 2.69666983487815 -99 -99 -99 -99
-99 -99 -99 -1.67236338515903 -1.27592784100105 -99 -99 -99 -99 -99
0.428080432170787 -99 -99 0.0646888799031525 -99 -99 0.0540222644132969 -99 -99 2.25260203466051
-99 -0.686341646895332 -99 -99 -99 -99 -99 -99 -99 -0.502703334004591
-0.517567210473682 -99 -99 -99 1.42553062754255 -99 -99 2.35167632983589 2.42057968214678 -99
-99 0.343064487657904 1.00968464127379 -99 -99 -99 -99 -99 -99 -99
-99 -99 -0.357228613672724 -99 -99 1.04933649822388 -99 -99 -99 -99
-99 -99 -99 -99 -99 -99 -99 -99 -99 -99
-99 -99 -99 3.51225403280504 3.23807478751039 -99 4.08589204790398 -99 -99 -99
1.92904683621698 -99 -99 -99 -99 -99 -99 -99 -99 -99
-0.0753850531482119 -99 -99 -99 -99 -99 -99 -99 -99 -99
-99 -99 0.761971634006733 -99 -99 -99 -0.322246875654731 -99 2.80407239026515 -99
-99 1.00806377710073 -99 -99 3.76634825378487 1.01654002808817 1.69876486604773 -99 -99 -99
-99 -99 -99 0.66395228242065 -99 -0.611813807893031 -99 -99 -99 -99
-99 -99 -99 0.385820006762717 -99 -99 0.662561831969712 -99 -99 0.0200972636143844
-99 -99 -99 -99 -99 -99 -99 -99 -99 -99
-0.954847489109637 0.293555964959927 -99 0.964515942511622 -99 -0.511256135377177 0.997329681530044 2.35943858983151 -99 -99
-99 -99 -99 -99 -0.154146438429278 -99 -0.614851378401219 -99 -99 -99
-99 -1.33149088620039 -99 -0.895467382454166 -99 -99 -99 1.03573487851727 -99 -99
-99 -99 -99 -99 -99 -99 -99 1.44978779189018 -0.274648521540887 -99
-99 -99 -99 -99 -99 1.72211867651738 -99 3.45419952318812 -99 3.26765730722147
-99 -99 -99 -99 -99 -99 -99 -99 -99 0.830270420945874
-99 -99 -99 2.41878869398475 -99 -99 -99 1.8140443621669 -99 2.3080477713949
-99 1.69523505429339 -99 -99 -99 -99 1.5317395443325 -99 1.66159144968652 -99
-0.595137489252288 -99 -99 -99 -99 -0.252308125405504 -99 -99 -99 -99
-99 -99 -99 -99 -99 -99 -0.380489246470122 -0.308721503669192 -99 -1.8379257757586
-99 0.844401295678315 -99 -99 -99 1.00196393473158 -99 -99 -99 -0.22221728029907
-99 -99 -99 -99 -99 0.342552370934032 -99 -99 -99 -99
-99 -99 -99 -99 -99 -99 -99 1.58979824760216 -99 -99
-99 -99 -99 -99 -99 -99 1.1688083834142 -99 -99 -99
-99 -99 -99 1.21599150721955 -99 -99 -99 -99 -99 0.954802160704647
-99 1.52712940467267 -99 -99 -99 -99 -99 -99 -99 2.02650489015964
2.39374154083502 -99 -99 -99 -99 -99 -99 0.553947313157211 -99 -99
-99 -99 -99 3.88479869577342 -99 -99 3.81654301645718 -99 3.49503247397348 -99
1.69762394146463 -99 0.563685990865468 -99 -99 -99 3.05496967482621 -99 -99 -99
-99 -0.283879233963038 -99 1.1444543139666 -99 1.76801731524823 0.0216029445947423 -99 -99 -99
-99 -99 -99 -99 -99 3.89338680045919 -99 -99 -99 -99
-1.98820868302085 -99 -99 -99 -0.9398035589261 -0.647610141613807 -99 -99 -99 -99
-99 -99 -99 -99 -99 1.31906579273192 -99 -99 -99 -99
-99 -99 1.06550018090094 -99 -99 1.32607171765431 -99 -99 -1.14216162635045 -99
-99 -99 -99 -99 -0.0931943853436614 -99 -99 -99 -99 -99
-99 -99 -99 -99 0.712553345024926 -99 -99 -99 -99 -99
-99 -99 -99 -99 -99 1.83661274340701 0.144637801478264 -99 -99 0.821199653143323
-99 -99 -99 0.173712275784428 -99 -99 -99 -99 -99 -99
-99 -99 -99 -99 -99 -99 -99 -99 -2.06235289346015 -99
0.492627693683061 -99 0.865983061998978 -0.896014289487284 -99 -99 -99 -99 0.757098500639008 -99
1.69751641663781 -99 -0.0391445108935355 1.55276371321725 -99 -99 -99 -99 -99 -99
2.03428802719489 -99 -99 -99 -99 1.72173975655585 -99 -0.572938717233743 -99 -99
-99 -99 0.94699897304421 -99 0.839878639118486 -99 -99 -99 -99 1.72820908311179
-99 1.47509588454465 -99 -99 -99 3.55359603287386 3.20815286544589 -99 -99 -99
-99 -99 -99 -99 -99 4.71529410737873 -99 1.8013748955172 -99 -99
-99 -1.88964354606668 -1.88277733936064 -99 -99 -99 0.605497332246366 -99 -1.32472952218732 -1.843057378934
0.192326277629304 -99 3.42243467402272 -99 -99 -99 -99 -99 -99 -99
-99 -99 -99 1.02810424035827 -99 -99 -99 -99 1.369116248149 -99
-99 -99 -99 -99 -99 -99 -99 -99 -99 -99
-99 -99 -1.12050714253149 0.0581501087357873 0.49829592474062 -99 -0.372973441619803 -99 -99 -99
-99 -99 1.34131530994701 -99 -99 -99 -99 -99 -99 -99
0.395669994744081 -99 0.484268191930622 1.32844137649156 -99 0.195021082098744 -99 -99 1.13034715010156 -99
-99 2.68616442898929 -99 -99 -99 -99 -99 3.05113967249654 -99 -99
0.685132501331535 -99 -2.17341687497877 -99 0.8089845045469 -1.39571216923711 1.34940801107874 -99 -0.874978082791115 -99
2.93396545232125 0.389334310651135 -99 -99 -99 -99 -99 -99 -99 -99
-99 -99 -99 -99 -99 -99 -99 -1.42042747502252 -99 -0.260228397916491
-99 -99 -99 -99 -99 -99 -99 -99 -99 -0.848500797665921
0.335769268841871 -99 -99 0.594213846738315 0.723580587526053 -1.11844729039387 -99 -99 -99 -99
1.6954651456122 -99 -99 -99 -99 1.97777365400517 0.998532721629861 -99 -99 -99
-99 -99 -99 -99 -99 -99 -99 -99 -99 -99
-99 -99 -99 -1.28984081548997 -99 -99 -0.332131994130205 -99 0.628239500530328 -99
-99 -1.73404877863465 -99 -99 -99 -0.237978929656519 -99 -2.28412703541245 -2.26490016291562 -99
-99 -0.639729043753893 -99 1.7619082618984 -99 -99 -99 -0.700125868367157 -99 -99
-99 -99 -99 -99 -99 0.502025797642792 -99 -99 -99 -99
-1.57154621284728 -99 -99 -99 -99 -99 -99 -99 -99 -99
0.869279030231613 -99 1.07114815558148 1.5010259578134 -99 1.25066121993939 -99 -99 -99 -99
-99 -99 -99 -99 -99 -99 -1.15108289505098 -99 -99 -99
-99 -99 -99 -99 -99 -99 -99 1.04165743928025 -99 -99
-99 -99 -99 3.64784403842039 -99 3.86200803614718 -99 -99 -99 -99
-99 -99 1.16108028111219 -99 -99 -99 -99 -99 3.48546419778435 -99
-99 0.628513221299724 -99 -99 -99 -99 -99 -99 -99 -99
-99 -99 0.445785197505333 -99 -99 -0.00371194395985741 -99 0.202926598249338 -99 0.32602497581197
-99 -99 -99 1.65289896384832 0.780964077538288 -99 -99 -99 1.06280725100043 -99
0.859863036074822 -99 1.37079366633681 -99 -99 -99 -99 -99 -99 -99
-99 -99 -99 3.46678543965118 -99 -99 -99 -99 -99 -99
-99 -99 -99 -99 -99 0.0900747160911406 -0.330026128525121 -99 -99 -99
-99 -99 -99 -99 -99 -99 -99 -99 -99 -99
-99 -99 -1.34755043759505 -99 -99 -99 -99 -99 -99 -99
-99 -99 1.57752739882702 -99 2.82060133846769 0.354152247470864 -99 -99 -99 -99
-99 -99 -99 3.08735005328069 -99 1.96189114823305 -99 -99 2.5610081979288 -99
1.28381805578976 -0.059686144914944 -99 -99 -99 -99 -99 -99 -99 -99
-0.418358780955078 -99 -99 -1.01911959979098 -99 -99 -99 -99 -0.482193161918541 -99
-99 -99 -99 -99 -99 -99 0.911848859223503 -99 -99 -99
-99 -99 -99 2.26180481116827 -99 -99 -99 -99 -99 -99
-99 3.41351983949665 -99 -99 -99 -99 -99 -99 -99 -99
-99 -99 -99 -99 -99 1.37787466404542 -99 -99 -99 -99
3.99948360401876 -99 -99 -99 2.63692748009656 -99 -99 2.54023176257194 -99 3.91369736352647
-99 -99 -99 -99 -99 -99 -99 -99 -99 0.782744524355361
-99 1.07645393509942 -99 -99 -99 -99 -99 -99 -99 -99
-99 -99 -99 -99 -99 -99 -99 3.69128143078155 1.3442238072087 -99
-99 -99 2.38861266904086 -99 -99 -99 -99 -99 -99 -99
3.27664457905939 3.15189327930758 2.50189028747989 -99 0.12022659390413 4.02806554861216 -99 -99 -99 -99
-99 -99 -99 -1.04334967766055 -99 -99 -1.58785481434525 -99 -99 -99
3.01262733766127 -99 -99 -99 -99 -99 0.779011073154957 -99 1.87584233153664 -99
-99 -99 -99 -99 -99 -99 -99 2.73397525068608 -99 -99
-99 -99 -99 0.854815461008014 -99 -99 -99 -99 1.78008322561247 -99
-99 0.739557420767887 -99 -99 -99 -99 -99 -0.324601248211947 -99 -99
-99 -99 -99 -99 -99 0.686896005205521 -99 -99 0.789975613276648 0.94864315696305
-99 -99 -99 -99 -99 -99 -99 -99 1.31513323998529 -99
-99 -99 -99 1.45779111861867 1.45917768642382 0.945063532229484 4.52275496763724 -99 -99 0.531748650817416
-99 -99 -99 -99 -99 -99 -99 -99 1.06507198180303 -99
-99 -99 -99 1.93836368383305 -99 3.0115498026644 1.99707909613809 -99 -99 -99
-99 -99 -99 -99 -99 -99 -99 -99 -99 -99
-99 -99 -99 -99 -99 -99 1.49898666477334 -99 -99 -99
-0.133097184599741 -99 0.790600577655321 1.45626296289343 -99 -99 -0.110864889202304 -0.522486230743956 -99 1.54028184362641
-99 -99 -99 -99 2.29927229252687 -99 -99 -99 -99 -99
-99 -99 0.697339389489582 -0.0194060492338974 1.60561619960038 -99 -99 -99 2.41989987201759 -99
1.67461910938292 3.28096075336184 -99 -99 -99 -99 -99 -99 -99 -99
0.882870120398491 0.545376163882187 0.256287970012292 -99 -99 -99 -99 -99 0.625181417329969 0.695153834632242
-99 -99 -99 -99 -99 -99 -0.438674344016797 -99 -99 -99
-99 -99 -99 -99 -99 -99 -99 -99 -99 -99
-99 1.56825810074205 -99 -99 -99 -99 -99 2.09062105820454 -99 -99
-99 -99 -99 -99 -99 -99 -99 -99 1.04955308380692 -99
-99 -99 -99 -99 3.13423093155651 -99 3.2156724226754 -99 0.639528652226895 1.17880595840315
-99 -99 5.19190381094944 -99 -99 -99 -99 -99 1.88179485751288 3.44251250823614
-99 -99 -99 -99 0.348133026156476 -99 -99 -99 2.10018277710311 -99
-99 1.24274705686315 1.91700453955172 0.171404102760575 -99 -99 0.681958642928739 -99 0.659787939342217 -99
-99 -99 -99 -99 -99 -99 2.5739328370622 2.09867251884809 -99 -99
1.13861513426863 -99 -99 -99 -99 -99 -99 -0.807440190891251 -99 -99
-99 -99 2.09063208929524 -99 -99 -99 1.20430735120123 -99 2.82214834110396 -99
2.87836674122241 -99 3.61184348418024 1.69018085045887 -99 -99 -99 4.19848575244932 -99 -99
-99 -99 -99 -99 -99 -99 -99 -99 -99 -99
-99 -99 2.24869242210434 1.22699128039981 -99 -99 -99 0.862525188828636 -99 -99
2.27752619992176 1.78205392217824 -99 -99 -99 2.80017301328926 2.08307435930898 -99 -99 -99
-99 -99 -99 -99 -99 -0.380421408112563 -99 0.557642421678481 1.21097856921012 -99
-99 -99 -99 2.28179918651561 -99 -99 -99 -99 -99 -99
1.81015812313272 -99 -99 3.31242703811667 -99 2.27770354105678 -99 -99 -99 -99
3.35425329644819 -99 -99 -99 -99 2.4029306594265 -99 1.55006980265764 -99 -99
1.74787073954198 -99 -99 3.59280162249151 -99 -99 -99 -99 -99 2.90750720608858
-99 -99 -99 2.4314716094005 -99 2.07202946405706 -99 2.68336479293884 2.689535739169 -99
-99 -99 1.86510644773628 -99 -99 -99 1.84019377521244 -99 -99 -99
-99 -99 -99 -99 -99 -99 3.02570032776502 -99 0.992752836324657 -99
-99 -99 -99 -99 -99 -99 -99 -99 -99 -1.1442277970871
-99 -99 -99 -99 -99 -99 -99 -99 -99 -99
-99 -99 -99 -99 -99 -99 -99 -99 -99 2.85153903220081
-99 -99 -99 -99 -99 -99 -99 -99 0.219169171124267 -99
-99 0.642536872892374 -0.845264626491471 -0.684414840002021 -99 -99 -99 -1.1643283818761 -99 -99
-0.0520970319919336 -99 -99 1.47464713409831 -99 -99 -99 -99 -99 -99
-99 -99 -99 -99 2.00107362649994 -99 -99 -99 -99 -99
-99 -99 2.64222822761438 0.356936824914611 -99 -99 -99 -99 -99 0.411414129972589
-0.525168910037146 -99 -0.50039338522662 -0.796694366552346 -99 -99 -1.72511922630899 -99 -99 -99
-99 -99 -99 -99 2.6948129620995 -99 3.69786157170837 -99 -99 -99
-99 -99 -99 -99 -99 -99 -99 -99 -99 -99
-99 -99 -99 -99 -1.43465868997414 -99 -99 -99 -99 -0.166206814705829
-99 -99 -99 -99 0.0481353819233965 -0.230136890337416 -99 -99 -99 -99
0.842646473621001 -99 -0.155396645404793 -99 -99 -99 -99 -99 -99 -99
-99 -99 -99 -99 0.936492777114622 -99 -99 -99 -99 -99
-99 1.34127973629383 -99 -99 -99 -99 -99 -99 -99 1.09711782238917
-99 -99 -99 -99 -99 -99 1.37541585667698 -99 1.20674977045877 1.9765052109777
-99 0.551017536822687 -99 -99 -99 -99 1.92603494196422 -99 -99 -99
-99 -99 -99 -99 -99 -99 -99 -99 0.471435735732177 1.21557981692854
-99 -99 1.1208360533456 -99 -99 -99 1.15864050357031 0.633120949348418 0.802866259981407 -99
-99 -99 -99 -99 -0.0468811433075025 0.625136816885002 -99 -99 -99 -99
-99 1.61812848972769 -99 -99 1.86169020168152 -99 -99 -99 -99 1.71401803548307
-99 1.21487470820715 -99 -0.621037071669514 -99 -99 -99 -99 -0.651311869911675 -99
-99 -99 -99 1.21449068960616 -99 3.05753322585955 -99 2.60928750344491 -99 -99
-99 -99 -99 -99 1.10022727617702 3.52215748941764 -99 -99 -99 2.82614794045918
-99 -99 -0.396336796263039 -99 -99 -99 1.31442537014459 1.26934616853957 -99 -99
2.88993346417195 -99 -99 -99 3.38420163814654 3.85679359069402 -99 -99 -99 -99
-99 -99 -99 -99 -99 -3.36933252290696 -99 -99 -99 -99
2.93384171644839 -99 -99 -99 -99 -99 1.36094525891348 -99 -99 -99
-0.0551545870799854 -99 -0.271281992928572 -99 -99 -99 -2.59277163889352 -99 -99 -0.435102642959112
-99 -0.88280829748922 -99 -99 0.46867496094176 0.130241623519933 -99 2.40857422203491 -99 -0.595695487749861
0.599865304948751 -99 -99 -99 -99 -99 -99 -99 -99 -99
-99 -99 -99 -99 0.579832949795713 -99 -99 -99 1.67709562111367 -99
-99 -99 -99 -99 -99 0.721851959939903 0.0673125213176213 -99 -99 -99
0.590102254093347 0.253100295142449 -99 -99 -99 -99 1.50958415482276 -99 -99 -0.876880916741168
-99 -99 -99 -99 -99 -99 -99 2.00383658669658 0.0250551548052398 3.65847794603634
0.304548745903396 -99 -99 -99 2.00608605744355 0.803855690917628 -99 -99 -99 -99
1.74562288981365 -99 0.991268666324581 0.558914388163469 -99 0.83379633800979 1.98174870621619 -99 0.513575807842634 -99
0.802153982956966 0.0782504875933965 -99 -99 -99 -99 0.860225674324753 -99 -99 -99
-99 -99 3.4015582205924 -99 -99 -99 -99 -99 -99 -99
-99 3.81017522005615 -99 -99 -99 -99 1.75024532663002 -99 -99 -99
-99 -99 -99 -99 -99 -99 -99 -99 1.51340076020677 -99
-99 2.23359180439086 -99 -99 -99 -99 0.535635292202644 3.56712972779305 -99 2.13112637207804
-99 0.18382695481337 -99 -99 -99 1.54574854356894 -99 3.3063196739421 -99 -99
-99 0.614654309321998 -0.414099171952951 2.52912270559311 0.599855075686272 0.74447759366309 -99 -99 -99 -99
-1.22470567328902 -0.253133455654215 -99 -99 -99 -99 -99 -99 -99 -99
-99 -99 -99 -0.0144149986430953 -99 -99 -99 -99 -1.97528333739134 -99
-99 -99 -99 -99 0.511353014806804 2.62001826290373 -99 -99 -99 0.889373301939416
-99 1.10528135665282 -99 -99 1.06448523690805 -99 -99 -99 -99 -99
-99 -99 -99 -99 -99 -99 3.02090991965719 -99 -99 -99
-99 1.16971105711605 -99 -99 0.803518181148789 -99 1.68031341842485 -99 -99 0.64361707593222
-99 0.0715479391383053 -99 -1.90645279405729 -99 -99 -99 -99 -99 -1.51353094827744
-99 -99 -99 -99 -99 -99 -99 1.07446432719498 -99 0.24189779326771
-99 -99 -99 0.0777820514632185 -99 2.27073972539545 -99 -99 -99 -99
-99 -99 -99 0.179521031251954 0.372243381675046 -99 0.295521741406768 -99 1.67701089513526 -99
3.38848982309082 1.03672495657359 -99 -99 2.60208770941772 -99 -99 -99 -99 -99
-99 -99 -1.70415602824969 -99 -99 -99 -0.342810233200263 -99 -99 0.638011931576172
-99 -99 -99 -99 0.447630617311322 1.72058199974997 -99 -99 -99 0.856015763457636
-99 -99 -99 -0.543132946908784 -99 -99 -99 -99 -99 -99
-99 -99 -0.0946824566679472 1.81791767376103 -99 -99 -99 1.98412370538975 -0.0498473515857605 -99
-99 -99 -99 -99 -99 -99 -99 -99 -99 -0.488705023569314
1.81651818812634 1.82101980811452 -99 -99 0.984043918804226 -99 -99 -99 -99 -99
-99 -99 -99 -0.0818671456727031 -99 -99 -99 -99 -99 -99
-99 -99 0.623684435696574 -99 -99 -99 -99 1.85309786722105 -99 1.36477575769176
3.6701277285878 -99 -99 -99 -99 1.75396629473808 -99 2.78442899628107 -0.172663677019664 -99
1.7778536685439 -99 0.984390844398668 -99 1.65301990878871 -99 0.211326113830228 -99 0.0972381059651448 -99
-99 -99 -99 -99 -99 -99 -99 -99 -99 2.9868893988902
-99 -99 -99 -99 0.643992509547862 -99 -99 -99 -99 -99
-99 -99 -99 2.40818125742725 -99 -99 -99 -99 -99 -99
1.23713160967946 0.575835837405822 -99 -99 -99 -99 -99 -99 -99 4.43457601360381
0.0037799535654951 -99 0.50834917160074 -99 -99 -99 0.915271154796008 -99 0.948966755938788 -99
1.63552282519339 -99 5.38002260476374 3.43109310664499 -99 -99 3.97246938439 -99 -99 -99
-99 -99 0.111905281370647 -99 -99 -99 -99 -99 -99 -0.529174824329079
-99 -99 -99 -99 -99 -99 -99 -99 -99 1.47082046713829
1.8642306135251 -99 -99 -99 2.09155670349513 2.1935644408065 -99 -99 -99 2.28825316701678
-0.647717438071856 -99 -99 3.39988119126246 -99 -99 0.913332725530472 -99 2.27570528838756 1.24017623666584
-99 -99 3.60545400920255 -99 1.74412099853033 1.39733999461601 -99 -99 -99 -99
-99 -99 -99 -99 0.926782087513257 -99 -99 -99 -99 0.187621382765384
-99 -99 -99 2.35017980163497 -99 -99 -99 -99 -99 2.6794709816966
0.306153145215823 -99 1.50273482206434 0.975836781824484 -99 -0.230270167484947 -99 -0.466551825584449 -99 -99
-99 0.235751733651017 -99 -99 -99 -99 -99 -99 -99 -99
-99 -99 -99 1.30230552884074 0.672798958857797 -99 -99 -99 2.23886813343056 -99
-99 -0.313357521021198 -99 -99 -99 -99 -99 -99 -99 -99
-99 -99 -99 -99 -99 -99 -99 0.206715657799028 -99 -99
-99 0.71945051592812 0.896591202265292 -99 -99 -99 -99 -99 1.89120519901862 -99
-1.10782158683796 -99 0.475345327316581 -99 -99 -99 -99 -99 -99 -1.14024516297671
-99 -99 -0.449158434622223 -99 -99 -99 -99 -99 -99 -99
-99 1.54417551760064 -99 -99 -99 -99 -99 2.06226161933336 -99 1.7259910813144
-99 0.882957803646031 2.00810553066079 -0.464423783700049 2.15444812543242 0.858197248890119 -99 -99 -99 -99
-99 -99 -99 2.05776984820379 3.39595102827851 -99 -99 -99 -99 -99
-99 -99 -99 -99 -99 -99 -99 -99 -99 -99
-0.453159959960769 -99 -99 1.613280672265 -99 -99 -99 3.72586559047061 -99 1.33483396602419
-99 2.01548346928137 -99 -99 -99 -99 -99 -99 -99 -99
-0.378996215426027 -99 -99 -99 0.405075441198809 -99 -99 -99 -1.26656477962756 -0.22354482707515
-99 1.26800644338659 -99 -1.98904263371752 -1.38200077613297 -99 -99 -99 -99 -99
1.11841767824599 -99 -99 -99 -99 -99 3.37188244335179 -99 -99 -99
-99 -99 2.61583274348508 1.26138174878645 -99 3.08196750011762 -99 -99 2.86116742079941 -99
-99 -99 -99 -99 -99 -99 -99 -99 3.12486081943389 -99
-99 -99 -99 -99 -99 1.07425205161132 -99 -99 -99 -99
-99 -99 0.657681925722483 -99 -99 -99 -99 -99 -99 -99
-99 -99 1.84115165832584 2.72670074010757 -99 -99 -99 -99 1.21477093951826 -99
1.53387371295081 0.453364661234733 -99 -99 -99 -99 2.38743338158637 -99 -99 -99
-99 -0.755738140935916 1.01588793910311 -99 0.676414001858377 -99 -99 0.620232645589932 -99 -99
-99 -99 -99 -99 -99 -99 -99 -99 -99 -99
1.94318723483964 3.01643361906347 -99 -99 -99 -99 -0.0658388526444524 0.479093042167876 -99 -99
1.80571750906093 -99 -99 -99 0.711121311922607 -99 -99 -99 -99 -99
1.07216528970322 -99 -99 -99 -99 -99 -99 -99 -99 -99
1.37483140517918 -99 -99 -99 2.31350377609483 -99 -99 -99 0.612501469048503 -99
-99 -99 1.6328483508514 -99 -99 -99 -99 -99 -99 -99
-99 -99 0.260575353384126 -99 -99 -99 -99 -99 2.80313358677449 -99
-99 1.49002466950484 -99 -99 -99 -0.620344457872933 0.15868966974444 -99 -99 1.51031812186756
-99 -99 0.683203060439536 -99 -99 -99 -99 2.75003175540018 3.06417484545548 -99
-99 -99 0.795822889472025 0.0960486174676423 2.06199942459859 1.09274989522506 -99 -99 0.959960792165731 -99
-99 2.71159498413351 -99 -99 4.23091116962605 -99 2.14827211868066 3.02611285761093 -99 -99
-99 -99 -99 0.334613680033979 -99 -99 -99 -99 -99 -99
-1.17559978727791 -99 -99 -99 -99 -99 -99 -99 -99 -1.75948435872095
-99 -99 -99 1.15139855810249 -99 -0.9307696521276 -99 1.61069244547237 -99 1.98801882053627
-99 2.85849193036039 -99 -99 -99 -0.433477143574347 -99 -99 -99 -99
-0.142049726597426 -99 -99 0.482283910666021 -99 0.0870917907910376 -0.0012916426098657 -0.719501022828089 -99 -99
-99 -99 -0.455936106668754 -99 -1.32645749412065 -0.871076890791674 -99 -99 -1.11799161160527 -0.733143791182446
-99 -99 -99 -99 -99 0.860211856635092 1.69447382675712 0.255145054717303 -99 -99
-99 -99 -1.41592656618592 -99 -99 -99 -99 -99 -99 0.648926374844154
-99 -99 -99 1.79884859505875 1.42969545239172 1.79927385907218 -99 -99 -99 2.93117848285196
-99 -99 1.72241915819464 -99 -99 -99 -99 1.85409995963299 1.85595603084036 -99
-1.10765094630694 -99 -2.2666334015118 1.52021794224767 -0.181548713958567 2.21352169725252 -99 -0.110111457323339 -99 -99
1.1051216710653 -0.376214015327423 -99 -99 1.8650658759166 -99 -99 0.537757430402447 -99 -99
-99 1.73977228046903 -99 -99 1.24239919499712 -99 -99 -99 -99 2.16875925305824
-99 -99 -99 -99 -99 -99 -2.29233945017323 -99 -0.463243499834869 -1.88590510517259
-99 -99 2.05736685626566 -99 1.34043306581864 -99 1.33457227654427 -99 -99 -99
-99 -99 -99 -99 -99 -99 0.234075214078242 -99 2.8698018411105 -99
-99 -99 -99 -99 -99 3.88623375498917 -99 -99 -99 -99
-99 -99 -99 -99 -99 -99 2.40166718007237 -99 -99 -99
-99 -0.616899401413531 0.321187191553522 -99 -99 -99 -0.307142092749763 -0.72785901320937 -99 -99
2.20825041342285 -99 -99 -99 -99 -99 -99 -99 -99 -99
-99 -99 -99 -99 -99 -99 0.339652828227561 -99 -99 -99
-0.449380260300206 -99 -1.41342582131384 -0.485835528142903 -1.48249560330321 -0.799410874757791 -99 -99 -99 -99
-0.902009519082593 -99 -99 -99 -99 0.925037197257456 -99 -99 -99 -99
-99 -99 3.14709632197815 -99 -99 -99 -99 -99 4.19456117217016 -99
-99 5.97990521980441 -99 -99 -99 -99 -99 4.93332906935464 -99 2.21085227111548
2.90700320833713 1.09270759559562 2.76961945561243 -99 -99 -99 -99 -99 0.538971635314184 -99
1.52633500157336 -99 -99 -99 -99 0.626051095526816 -99 -99 -99 -99
-99 -3.24829666562218 -99 -99 -99 -99 -99 -99 -0.410104661067233 -99
1.26397318340107 3.13357375256004 -99 2.74471345579704 -99 1.7757727329848 2.3051332043789 -99 -99 -99
-99 -99 -99 -99 -99 -99 1.12463774052749 -99 0.479292060115873 -99
-0.825122759280128 -99 -99 -99 1.17013958902284 -99 -99 -99 0.790590783388637 -99
0.00239994318244985 -99 -99 -99 -99 1.23312916743723 -99 -99 -99 -99
-99 -99 1.31052459035717 -0.521793346521521 -99 -99 -99 -99 -99 -99
-99 -99 -99 0.706289850676708 -99 -99 -99 -99 -99 -99
2.24472367739462 1.20243548458081 -0.959308950174139 -99 2.31988227697273 -99 -99 -99 -99 -99
-99 -99 -99 -99 -99 -99 3.19413543299968 -99 -99 -99
-99 -99 -0.413199588396139 -0.653971467982531 -99 -99 -99 -99 0.976472158088867 -99
2.5078818490614 -99 -99 -99 -99 -99 -99 -99 -99 -99
-99 -99 -99 -99 -99 -99 1.60929902348459 -99 -99 -99
-99 -99 1.11471635735223 -99 -99 1.70931674280499 -99 -99 -99 -99
-99 -99 -99 1.7897646963134 -99 -99 -99 1.42790904160436 -99 -99
-99 -99 -99 0.925758154758795 -99 -99 -99 0.363561622203055 -99 -99
-99 0.96148608595526 -99 -99 -99 -99 3.0513917955264 0.225570896167913 -99 -99
-99 -99 -99 -99 -99 -99 -99 -99 -99 -99
-99 -99 -99 -99 -99 -99 -99 -99 -99 -99
1.63308053703927 0.592840699897027 -99 -99 1.48611437654648 -99 -99 -99 1.02295961381387 0.370433982758218
-99 -99 -99 0.421307909554547 -99 -99 -0.345470737608673 -99 -99 -99
0.214304068084472 -99 -99 -99 -99 -99 -99 -99 0.49185715352711 1.98244230665464
-99 -99 0.444138682733273 -99 -99 -99 -99 -99 -99 -99
-99 -99 -99 0.51082612583727 -99 -99 -99 -99 -99 -99
-99 -99 -99 3.39682067764093 -99 1.04311135490314 1.51174937974252 -99 -99 -99
1.08775051232099 -99 -99 -99 -99 -99 -99 -99 0.311988909772573 -99
1.66014907192799 -99 -99 -99 1.43877584621582 -99 -99 3.96877555957133 -99 1.93567231900553
-0.354456210565001 -99 -2.12730277570554 -99 -99 -1.01161192900441 -99 -99 -99 -99
-99 -99 -99 2.14947088192252 0.582094297261507 0.30902350023647 0.945589718649525 -99 -99 -99
-99 -99 -99 -99 0.459620346166636 -0.164884872878831 2.16745880934412 -99 0.502988611503134 -99
-99 0.213515322169935 -99 -99 -99 -0.844967739216579 -0.746152459487396 -99 1.62923777633397 -99
0.792325045566489 -99 -99 0.65159487853946 -99 -99 1.37048398958302 -99 1.97846488356889 0.970275826627187
1.6473827964961 -99 -99 -99 2.67173809900885 -99 -99 -99 -99 -99
1.03161963238963 -99 -99 -99 -99 -99 1.30638890836321 -0.251712936472444 -99 1.16621727636214
2.38213527721896 2.3624079542882 -99 -1.01577309051447 -99 -99 -99 -99 -99 -99
-99 -99 -99 0.0018897721664779 -0.142953058428036 -99 -99 -99 -99 -99
-99 -99 -99 -99 0.609910875409373 -99 0.521483217569149 -99 -99 -99
-99 -99 0.841323045840712 -1.1491272879277 -99 1.95894824251886 -99 -99 -99 -99
-99 -99 -99 -99 -99 -99 -99 -99 -99 -99
-99 -99 -99 -99 -0.306078728274246 0.872259968682487 2.18077693523079 -99 -99 -99
-99 -99 -99 -99 -99 -99 -0.399389577368385 1.41166571442288 -99 -99
-99 -99 -99 -99 -0.253717941866381 -99 2.79355697794204 -99 -99 1.40291985023409
-99 -99 -99 -99 -99 -99 -99 -99 0.656261169722318 -99
-99 -99 -99 -99 -99 -0.898253121385919 -99 -99 -99 -99
-99 -99 -99 -99 -99 -99 -99 -99 -99 1.08469693048901
-1.30070287207291 -1.09581282957837 -99 -0.560815732394986 -99 -99 -99 -99 -0.0459431296414656 0.156700184510703
-99 -99 -0.86645026950324 0.0304979138551066 1.33115626865124 -0.61011375810264 -0.967346537093724 -0.464297585719356 1.23891409799021 -99
-99 1.30451576044936 -99 -99 -99 -99 0.784812071537349 1.61570779852418 1.55893665188498 -99
1.62458682876259 2.92843171918831 -99 -99 -99 -99 -99 -99 -99 -99
-99 -99 -99 -99 -99 -99 -99 -99 -99 2.11630275712897
-99 -99 -99 -99 -0.56224016021338 -99 -99 -99 -1.05923369485608 -99
0.959529382713978 -99 -99 -99 0.393639762831894 -99 -99 -99 -99 -99
-99 -0.125883255682891 -99 -0.696992072862718 -0.639651946777041 -0.243007522114699 -1.31326581479796 -99 -99 -99
-99 1.23421914357169 -99 -99 0.40209043876895 -99 -1.01931325718343 -99 -99 -99
-99 1.8349897532365 -99 -99 -99 1.0072012552609 -99 -99 -99 -99
-99 -99 -99 -99 -99 -99 -99 -2.41551684862323 -99 0.352382566210102
-99 -99 -99 -99 -99 -99 -99 -99 -99 -99
-99 -99 -99 -99 3.62449505625961 -99 -99 2.90991983354755 -99 -99
-99 -99 -99 -99 -99 1.42548298543923 -99 -99 -99 -99
-99 -99 -99 -99 -99 0.500785578954772 0.339193435940383 -99 1.20356787977383 -99
-99 -99 -99 1.06589533677044 -99 0.465984489459354 -99 -1.91244442420936 -99 -99
3.08260810501805 -99 -99 -99 -99 -99 -99 -99 -99 -99
-99 -99 -99 -99 -99 -99 -99 -99 2.75781863266245 -99
-99 0.302929670531436 1.06904925933344 -99 -99 -99 -99 -99 -99 -99
-99 -99 -99 -99 -99 -0.88577555399046 -99 1.19692952925712 0.121983580515781 0.973123829684938
-99 -99 -99 -1.06178730134982 -99 -99 -99 -99 -99 -99
1.46375560869573 -2.52557978491987 -99 -99 0.51389041277176 -99 -99 1.88178134677608 1.1206060593352 -99
-99 -99 -99 -99 3.8336358661623 1.67004421105917 -99 2.98743948303525 -99 3.20816516649558
-99 -99 -99 0.822508596988144 -99 1.90667902424965 -99 -99 -99 3.7594186023666
2.20241252934421 -99 -99 0.116265988121915 -99 -99 -99 -99 -99 -99
1.04801460350704 -99 -99 -99 -99 -99 -99 2.42575370354611 -99 1.28068589929626
-99 -99 -99 -99 1.5187026157804 1.08550612760294 -99 -99 1.43188411410782 -99
-99 -99 -99 -0.557721572583719 -99 -99 -99 0.707929278966091 -99 -99
-99 -99 -99 -99 -99 -0.822257856844645 -99 -0.229785216232489 2.22643977876265 -99
-2.15940564836224 -1.56012088712409 -99 -99 -99 -99 -99 -0.430003930617404 -99 -99
-99 0.0219657045318714 -99 -99 -99 -99 -99 -0.827563040070308 -0.81377611607093 -99
-99 -99 -99 -2.69241443331583 -99 -0.742603121193883 -99 -99 -99 -2.18287379143425
-99 0.543230453031558 -99 -99 -99 -99 -99 1.61666235735052 -99 3.25522594595148
-99 -99 -99 -99 -99 -99 0.776236129069778 -99 -99 -99
-99 -99 -99 -99 -99 -99 -99 2.23295934167303 -99 -99
-99 -99 -0.0357920486934877 -99 -99 -99 -99 -99 -99 -99
-99 0.763620123498603 2.62871481987334 1.27020041255338 0.682692447556777 0.990465944111431 -99 -99 2.32228611362637 -99
-99 -99 -99 0.211120712048993 -99 -99 -99 -99 -99 -99
-1.72070949422106 -0.250861318395258 -99 -1.27039848585178 -0.196645191347455 -99 -99 -99 -99 -99
-99 -99 -99 -99 2.5043157885948 0.172470098964411 -99 -99 -99 -99
-99 -0.691454067725191 -99 -0.489459902960498 -99 -99 -99 -99 -99 -99
-99 3.22886519880727 -99 1.64994937930404 -99 2.86232717380628 -99 -99 -99 -99
-99 -99 3.94299039972376 -99 -99 -99 1.0180457862551 3.07161193060339 -99 2.17025120824389
-99 -99 -99 -99 -99 -99 -99 -99 -99 0.732871628171236
1.85591836829511 -99 -99 -99 -99 -99 -99 -99 -0.922846937739068 -99
1.12028504796494 -99 -99 -99 -99 -99 -99 -99 -99 -99
1.3059374523266 -99 -99 1.36252023990303 -99 1.08475307690888 -99 -99 -99 -99
2.79353468577142 -99 -99 -99 -99 -99 -99 -99 -99 -99
-99 -99 -99 0.0733830244470072 -99 -99 -99 3.37308405727031 -99 -99
-99 -99 -99 -99 -99 -99 -99 3.09636362266682 -99 -99
0.115574257119542 -99 -99 -99 -99 -99 -99 1.62991417686847 -99 -99
-99 1.98756442806153 -99 -99 -99 -99 -99 -99 -99 -99
3.15642926741502 0.158771067260486 -99 -99 -99 -99 -99 -99 -99 -99
0.24258471769542 -99 0.95815773712916 -99 -99 -0.0223210478895519 -99 0.944038792158906 -99 -99
-99 -99 -99 -99 -99 -99 -99 -99 -99 -99
3.22017478633044 2.60938202581155 -99 -99 -99 -99 -99 4.75937259444791 -99 4.7814507648804
-99 -99 -99 -99 -99 -99 -99 -99 -99 -99
-99 -99 -99 -99 -99 -99 -99 -99 -99 -99
-99 -0.548636544734218 -99 -99 -99 0.351149359972195 -99 -0.249186654378389 0.434635379222832 -99
1.6072458015233 -99 -99 -99 -99 2.73189862073441 -99 -99 -99 3.31288927094203
-99 -99 2.55537218047328 -99 2.48951717570732 -99 0.954842468312224 -99 0.136455422809535 -99
-99 -99 -99 -99 0.043440483673272 3.62540147774418 -99 -99 -99 -99
-99 -99 -0.130457280039795 -99 -99 -99 1.1251450704445 -99 -99 -99
-99 3.85132491839596 -99 0.856416489397784 -99 2.50743812279785 -99 2.26480630034879 -99 -99
0.163960766511979 -99 -99 -99 -99 -99 -99 -0.451216103959061 0.724937816005579 -99
-99 -99 -99 -99 3.61398751963337 2.2168567211739 -0.352483990891288 -99 2.49243314661625 -99
-1.15029720913061 -99 -99 -99 -99 -99 -99 -99 -99 1.43886486957155
-0.471388454292521 -99 -99 -99 -0.088867105260797 -99 -99 0.0661673731665617 -99 -99
-99 2.47655680661546 -99 -99 -99 1.78720930442799 -99 -99 2.80472676368982 -99
-99 1.48950539756484 0.726912691275876 -99 -99 -99 -99 -99 -99 -99
-99 -99 -99 -99 0.248287865229832 -99 -99 -99 -99 0.272809856361965
-99 -99 -99 0.0920875501568912 1.0733547171522 -99 0.447338672014449 -99 -99 -99
-99 -99 -99 -99 2.11535204113125 2.02575247777563 -99 -99 -99 -99
-99 -99 -99 -99 -99 -1.20725280303798 -99 -99 -99 -0.91740932348914
-99 -99 -99 -99 -99 -99 1.81604289403955 0.595597283847493 -99 -99
-99 -99 -99 -99 1.2671343991398 -99 0.925974998526379 -99 -99 -99
-99 -99 -99 -99 -99 -99 -99 -99 0.345013745561332 2.86229503570118
1.4073379137887 -99 -99 0.801489193473549 -99 -99 -99 0.345244743408419 -99 -99
-99 1.9795848583794 -99 -99 3.42943058338584 2.99608553773509 3.98587664610634 -99 4.18066620741119 -99
2.39071672133043 -99 -99 -99 -99 -99 -99 1.03895615996855 -99 -99
2.68305017499727 -99 -99 -99 0.961586775064214 -99 -99 3.0411574316985 -1.20858744681157 -99
1.62082028647081 2.22560404216604 0.778373095943993 -99 -99 -99 -99 -99 -99 0.10288711627763
-99 -99 -99 -99 -99 0.932549016736734 -99 -99 -99 -99
-99 -99 -99 -99 -99 -99 3.39442920628751 -99 -99 -99
-99 1.36000860964446 -99 1.45656463520136 -99 -99 1.08185977535756 -99 -99 -99
-99 -99 -99 -0.355255362744912 -99 -99 -99 -99 -99 0.291220435724098
-99 -99 -99 -1.19491550862267 1.24126678453182 -99 -99 1.26818606505596 0.715290094708737 -1.14072987121203
-99 -99 1.56890809440866 -0.329683394884107 -99 -99 -99 -99 -99 -99
-99 -99 -99 -99 1.55340662279941 -99 -99 -99 0.702566904802584 -99
1.70710092121743 -99 0.680534843993202 -99 -99 1.18041964503728 -99 -99 -99 -99
-1.295690783027 -99 -0.960762998527806 -99 -99 0.97615547093497 -99 -99 -0.797739054374361 -99
-99 -99 -99 -99 -99 -99 0.930444434746416 -99 -99 -99
-99 -99 -99 -99 -99 -99 -99 -99 0.360521944284257 -99
-99 -99 -99 -99 -99 -99 -99 -99 -99 -99
-99 -99 -99 -99 -99 2.16756111260738 1.59030579624479 -99 0.528955572473672 -99
1.59596487677428 2.74759514528536 -99 -99 -99 -99 2.46064425212856 2.07607139771343 1.50991977707443 -99
