-99 1.36203350675488 -99 -99 -99 -99 -99 0.480199065715648 0.844518770895921 -99
-99 -1.86394020029822 -99 -99 -99 -99 -99 -99 -99 -99
1.10955069095775 -99 -99 -99 -99 -99 -99 -99 -99 -99
-99 -99 -99 -99 -1.26500999473497 -99 -99 -99 -99 -99
-99 2.79882583428014 -99 -99 -99 -99 -99 -99 -99 -99
-99 -99 -99 -99 2.15762819970768 -99 -99 2.13120168966854 -99 -99
-99 -99 -99 0.4516217244477 -99 -99 -99 -99 -99 -99
-99 1.42054202634518 -99 -99 -99 -99 2.76860853623559 -99 -99 -99
-99 -99 -0.216582262550282 -99 -99 -99 -99 -99 -0.358206548167417 -99
-99 -99 -99 -0.923039135056467 -99 -99 -99 -99 -0.20512898470585 -99
-99 3.40687468074124 2.8885304731182 3.9808827062736 -99 3.96643236118883 3.82476849880757 -99 -99 -99
0.85448296944852 -99 -0.685908570781393 0.813218449941905 -99 -99 -99 -99 -99 -99
-99 -99 -99 1.33648726392787 -99 -99 -99 1.09100575108906 -99 -99
1.02047026681684 1.13290339563416 -0.552396139642919 -99 -99 -99 -99 -99 -99 -99
2.06740928089753 -99 -99 1.56432715508331 -99 -99 -99 -99 1.30409248860763 -99
-99 -99 -99 1.09748515090551 -99 -99 0.423747526468953 -99 0.236616247401541 -99
-99 -99 -99 -99 -99 -99 -99 3.86848162755332 -99 2.18440234265013
-99 -99 -99 -99 -99 -99 -99 -0.595584353630062 -99 -99
-99 0.88748668446787 -99 0.916985971794952 -99 -99 -99 -99 -0.727870648866859 -99
-99 -99 -99 -0.610841877017578 -99 -99 -1.83655347503785 -0.676894819300828 -99 -99
-99 -99 -99 -99 -99 -99 -99 -99 1.44172283399927 -99
-99 -99 1.15688063926333 -99 -99 -99 -99 -99 -99 -99
1.47603640094881 3.53350598161579 -99 -99 -99 -99 1.80326213732312 -99 2.4990764925553 4.20791184672705
-99 -99 -99 -99 2.16243757244771 -99 -99 0.614477176742549 2.13587885292966 -99
1.11896461216056 3.46002369681376 4.61634402889453 -99 -99 2.030989065654 -99 -99 -99 -99
-99 -99 0.257221734256212 -99 -99 0.132508863760913 -99 -99 -99 -99
-99 3.71550708243494 -99 -99 -99 -99 -99 1.70964083399778 -99 -99
-99 -99 -99 -99 -99 -99 -99 0.356594504884722 -99 -0.270787819010474
-99 -99 -99 -99 -99 -0.339515355670423 -99 0.834353255287039 -99 -99
-99 -99 -99 -99 -99 -99 -99 0.104412898687047 -0.0407410482800716 -99
0.825870393322285 -99 -99 -99 -99 -99 -99 -99 -99 -99
-99 -99 -99 -99 2.80596640225895 -99 -99 -99 -99 -99
-99 -99 -99 -99 2.15286347583151 -99 -99 -99 -99 -99
-0.483764613395428 -99 -99 -99 -99 -99 -99 -99 -99 -99
-99 -99 -99 -99 -0.935721555161424 -99 -99 -99 -0.0661188320982571 -99
2.30852246540922 -99 0.93359832705751 -99 1.22873857502104 -99 -99 0.262505608357838 -99 -99
-99 -99 2.86517808360878 -99 -99 2.69303465366775 -99 3.26864657127791 -99 -99
-99 -99 1.7184568192714 -99 -99 -99 -99 -99 -99 0.452256849281308
-99 -99 1.47876732853188 -99 1.67116412336767 2.74574833427635 -99 -99 1.35857770663316 -99
-99 -99 -99 -99 -99 -99 2.00282121083698 -99 -99 -99
-99 3.85613228259699 -99 -99 2.35179554308118 -99 -99 -99 -99 -99
-99 -99 -0.11503009473088 -99 0.0351659791020984 -99 -99 -99 -99 -99
-99 -99 -99 -99 -99 1.97542265462427 -99 -99 -0.440964016801727 0.753980102239195
0.901962269503295 -99 -99 0.37606392155785 -99 -99 -0.331252281731843 -99 0.692799360639806 -99
-99 -99 1.29997351259879 0.0741876217163463 -99 -99 -99 -99 -99 -99
-99 -99 -99 0.487816266759562 -99 -99 -99 -99 -99 0.152126081427755
-99 0.529251497782122 -99 -99 -99 -99 -0.856690422014915 -99 0.955975501753039 -99
-99 -99 2.09199595729686 -99 -99 -99 0.883555924181548 -99 -99 -99
-1.3809172947535 -99 -99 -99 -99 -1.09121169818141 -0.190110895651193 -99 -0.756720024374247 -99
-99 -1.43308641977708 -99 -99 -99 -99 -99 -99 -2.75765387805726 -99
-99 -99 -99 -99 1.21280564895825 -99 -99 -99 -99 1.76563790701801
1.20946677267197 1.31793097622904 -99 -99 -99 0.461976232956881 -99 -99 -0.279550220879875 -99
0.344092728563735 -99 0.86237348479019 -99 -99 -99 -99 0.623847265556974 -99 -99
-99 -99 -99 -99 1.67932555887838 0.962648258526189 -99 1.18632167880495 -99 3.18395080700393
-99 -99 1.70519444692292 0.821624675904706 -99 -99 -99 -99 -99 -99
-99 -1.76107246882658 1.19115522067019 -1.61568060795022 -99 -99 -1.32023750826708 -99 0.0730293644857113 -99
-99 1.43975350868432 -99 -99 -99 -99 -99 1.52256426545505 -99 -99
-99 -99 -99 1.75446987316834 -99 -99 -99 -99 -99 -99
-99 -99 -99 -99 1.26744310873123 -99 -99 0.349042662288363 0.328543776527362 0.800130695636921
-99 -99 -99 -1.43008075269536 -99 -99 -99 0.786485585607233 -99 -99
-99 -1.02718581593338 0.5641131216671 1.47902908619486 -99 -99 -99 -99 1.24369514067769 0.46239404712895
0.268393556826441 -99 -99 1.34574125336494 -99 0.640280625518367 -99 -99 -99 1.06062048568905
-99 -99 3.04413266507587 -99 -99 -99 -99 2.22836223672775 -99 -99
-99 2.10442192229488 -99 -99 -99 -99 -99 0.225449152858561 -99 -99
-0.670707503825628 1.5295057168147 -99 -99 -99 -99 -99 -99 0.417602579415701 0.525944098405982
-99 -99 3.04179432268692 -99 1.03976912519889 -99 1.94912187357784 0.887896303898087 0.808424600802224 -99
2.39492626847631 -99 -99 0.913016562883351 -99 -99 -99 -99 -99 -99
-99 0.269499980379365 -99 -99 -99 -99 -99 -99 1.04598366758937 -99
-99 -99 -99 -99 4.24411127570561 -99 -99 -99 3.70638253486462 3.33978432544438
1.87927805785841 -99 -99 -99 -99 2.72556168309094 1.76063357400425 -99 -99 1.20564701975423
-0.502408769312863 -1.38594735075089 -99 -99 -99 -99 -99 -99 0.313496827541818 -99
-99 -99 1.90276514151281 -99 -99 -99 1.95229039262887 2.37849701529756 2.48269189484679 -99
-99 -99 -99 1.16417733418642 0.777295884521848 -99 -99 -99 -99 -99
-99 -99 -99 -99 -99 -99 0.841702781489917 -99 0.442298713468149 1.46265682371333
-99 -99 -99 -99 -99 -99 -99 -99 2.64923308217168 -99
-99 1.51364715483082 1.47466767362929 -99 -99 -99 3.32716411585207 -99 -99 -0.514612825312747
-99 -99 -99 -99 -99 -99 -99 -99 -99 -99
-99 1.94772146417059 -99 -99 -99 -99 1.90470238479966 -99 1.811630427162 1.62941521576342
-99 -99 -99 -1.23656122888757 -99 -99 -99 -99 -99 -99
-99 -99 -99 0.319054467469553 -99 -99 1.55142119270843 -99 1.4853159916358 -99
-99 -99 1.5338826002418 2.22988244479418 -99 -99 1.60196093522461 -99 -99 -99
-99 -99 -99 -99 -99 0.958317957680754 -99 1.83553672131606 3.48561730002041 -99
-99 -99 -99 1.09372341869619 -99 3.41262073596792 -99 1.21114190855407 -99 -99
-99 -99 -99 -0.750002442880523 -99 -99 -99 1.83057999915795 -99 -0.67038184767684
-99 -99 1.74824978546975 -99 -99 -99 0.918511020176462 -99 -99 -99
-99 -99 -99 -99 -99 -99 3.55044280593897 2.98735951021437 1.02318117871551 -99
-99 2.58910172966683 -99 2.7639919061878 -99 -99 1.22320162267832 -99 -99 -99
-99 -99 -99 -99 1.43994167158134 -99 1.87331260671942 -99 -99 3.28649055404819
-1.70165057904426 -99 -99 -99 -99 -99 -99 -99 1.48093352379415 -99
2.22909035772271 -99 -99 -99 0.562376964676138 -99 -99 -99 -99 1.47972040007514
-99 1.89972193885262 0.795033840567412 -99 -99 0.614143336959243 -99 -99 -99 1.36455267137653
-99 -99 -99 -99 -99 -99 -99 -99 1.34791114743018 1.71186242779187
-99 -99 -99 -99 1.4306494439337 -99 -99 -99 -99 1.45622676976844
-99 -99 -99 -99 -99 2.61698314313006 -99 -99 1.59410717007807 2.17273396049237
0.626537344444687 3.1511355164049 -99 3.0769650904869 -99 -99 -99 -99 -99 -99
-99 -99 -99 -0.688264032973996 -99 0.614408975645032 -99 -99 -99 -99
0.0675036428587239 1.89282802148141 -99 -99 -99 -99 -99 0.771621628377812 1.42817264851934 -99
0.439996452374692 -99 -99 -99 -99 -99 -0.364166609548627 -99 2.23241339477394 -99
-99 -99 -99 -99 -99 -99 -99 -99 -99 -99
-99 0.126538238428143 -0.308386181739079 -99 -99 -99 -99 -99 -99 -0.113656143039946
-99 -99 -99 -99 -99 -99 1.78602947838128 1.57654859939288 -99 -99
0.865917488137877 1.5511480068399 -99 -99 -99 -99 -99 1.85181337341909 -99 -99
-99 -99 -99 -99 -1.65561952764021 -99 -99 -99 -99 -99
-99 -99 -99 -99 -99 -99 -99 -99 -99 -99
-99 -99 -99 -99 1.32258446115177 -99 -99 -99 1.87629078345779 -99
-99 -99 -99 -99 -99 -99 -99 -99 -99 -99
-99 -99 0.312860633433438 -0.147560582230449 -99 -99 -99 -99 -99 1.35956850552853
-0.29590651272331 0.827770920760859 -99 3.10511033765474 -99 -99 -99 -99 -0.0672808442637101 0.486264396604183
-99 -99 -99 -99 -99 -99 -99 -99 -99 -99
1.44118284465953 1.56864027467009 -99 -99 -99 2.70837984270069 -99 -99 -99 -99
0.215504832540231 0.615195356120397 -99 -0.50298726635798 -0.459221591951598 -99 -99 -99 -0.952090010329175 -99
0.397143124011493 0.787606914246522 -99 -99 0.404016272964428 -99 -99 -99 -99 -99
1.02623834552127 -1.23471108584669 -99 -99 -0.230645195839779 -99 -99 0.0677278778939834 1.42663319842195 -99
-99 -99 -99 -99 -99 0.95803508275745 -99 -99 -99 -99
-1.16227845430893 -99 -99 -99 -99 2.01602722492663 -0.564994586597074 -99 -99 -99
-99 0.670315510428229 -99 -0.296859033471632 -99 -99 -99 -99 -1.10710592521371 -99
-99 -99 -99 -99 1.65989725461224 -99 2.3828898363902 -99 -99 0.436838346249723
2.63905875664946 2.51258410406679 -99 -99 -99 2.16768212146969 -99 -99 -99 -99
-99 -99 -99 0.378875532324903 -99 -99 -99 -99 -99 -99
-99 -99 2.09764498749547 -99 -99 -99 -99 -99 -99 3.62221084898946
-99 -99 2.66268972309584 0.898429600255824 -99 -99 -99 -99 -99 -99
-99 -99 -99 -99 -99 1.18971209576567 -0.695244697068889 -99 0.818210621609221 -99
3.69288711072155 -99 -99 -99 -99 2.77599820433573 -99 -99 -99 1.48780381182427
-99 -99 -99 -99 0.0968539657111517 -99 -99 -99 -99 -99
-99 2.98121313842858 -99 -99 0.802380485913556 -99 3.11738933623791 1.68222091539771 0.746963274097458 -99
-99 -99 -99 -99 -99 -99 1.57275443698927 -99 -0.734503724668949 -99
-99 -99 -99 -99 -99 -99 -99 -99 -99 3.60617800906885
-0.0677072147325897 -99 -99 -99 -99 -99 -0.593246402656032 -99 -99 -2.42247561846778
2.20755376278445 1.33619239107667 2.61570129671284 -99 -99 -99 -99 -99 -99 -99
-99 -99 -99 -99 2.93093801480745 2.18748670257663 -99 -99 -99 -99
-99 -99 -99 1.50848879419524 -99 -99 -99 -99 -99 0.077708532678225
-99 -99 -0.750278785814421 1.46079157026984 -99 -99 -99 -0.755858095923654 -0.426899132688632 -99
-99 -99 -99 1.67371382933018 -99 -99 -99 -0.378604577278055 -99 -99
-99 -99 3.10613289616553 -99 -99 -99 -99 2.45867722424134 -99 -99
-0.528309795796871 -1.20119319418927 -99 -0.755825023466085 -99 -99 -99 -0.812186604223059 -99 -99
-99 -99 -99 1.89811268890244 -99 -99 -99 -99 -99 -99
-99 -99 -99 -99 -99 -99 0.990723958398312 0.151003623607545 -99 -99
0.639983180343158 2.41432740012284 -99 0.315385126223387 -99 2.0310822612128 2.74620825703649 -99 -99 -99
4.63531088083643 -99 1.45498037493743 1.81794898651165 -99 2.91429217638531 -99 -99 3.63887575280058 -99
-99 0.670857585923721 -0.977758106540644 -99 -99 -99 -99 -99 -99 -99
-99 -99 0.613440097641963 -99 -99 -99 -99 -99 -99 -99
-99 0.292921756768542 -99 -99 -99 -99 -99 -99 -99 -99
-99 -99 -99 -99 -99 1.21673798956041 2.2285836114999 -99 -99 -99
-99 1.13860467811294 -99 -99 -99 -99 -99 2.08667787137473 1.89933131043363 -99
-99 -99 -99 -99 -99 2.49470105004969 -99 1.86574644295067 1.35036469659318 -99
-99 -99 -7.00269517246443e-05 -99 1.19084540212329 1.60354670999494 -99 -99 -99 2.05774095685068
-0.828881320389346 -99 -99 -99 -99 -0.754576067484604 -99 -99 -99 -0.423032985624263
-99 -99 -99 -99 -99 2.25186596299771 -99 1.03801121224488 -99 3.73414136204124
-99 -99 -99 -99 -99 -99 -99 -99 -99 -99
-99 3.12779583223266 -99 -99 -99 -99 -99 -99 -1.12429541821808 -99
-99 -99 1.45610468540034 -99 -99 -99 -99 -0.30115223966414 0.854502329306842 -99
-99 -1.16261233802969 -99 -99 -99 -99 -99 -99 -99 -99
-99 -99 -99 -99 1.35617708469766 -99 -99 -99 -99 -99
-1.53404633914994 -99 -99 0.708643799119198 1.20822972208412 -99 -99 -99 0.284361936315425 -99
-99 -99 0.99046333540965 -99 2.29147811169397 -99 -99 3.45341989168705 -99 -99
-99 -99 -99 -99 -99 2.81715518871857 -99 -99 0.314560499988322 -99
-99 4.02705185754501 4.54151145344961 -99 -99 -99 -99 -99 -99 -99
-99 -99 -99 -99 -99 -99 0.720130699448898 -99 0.82524950760826 -99
-99 2.44820352235914 -99 -99 -99 2.43180415513035 -99 -99 -99 -99
-0.101969794628102 1.10875318834327 -99 1.11286164377297 -99 -99 -99 -99 -99 2.88850589945861
-99 -99 -99 -0.0750601158078059 -99 -0.249924231424176 -99 -99 -99 0.350778129336451
2.8930507276983 3.98053563151339 -99 -99 -99 3.11168345809588 -99 -99 4.03056116462913 -99
-99 -99 -99 -99 -99 -99 -99 -99 -99 -99
-99 -99 1.79397745509169 1.88933090631917 -99 -99 -99 2.38388026712877 -1.65281296760103 -99
-99 -99 -99 -99 0.627453672232929 -99 1.35686242214164 -1.96343981235777 -0.789004031749927 -99
-99 -99 -99 -99 -99 1.16840878245931 -99 -99 -99 -99
-99 -99 -99 -99 -99 -99 -99 -99 -0.95555047639309 -99
-99 -99 -99 -99 -99 2.42014096963017 3.74690078978453 -99 -99 -99
-99 -2.13725081462523 -0.576111517386731 -99 -0.143806994648705 -99 -99 -99 -99 -99
-99 -99 -99 -99 -99 -99 1.1471405320317 -99 -99 1.24740385495072
-99 2.05547108729066 -99 2.37685932339227 -99 -99 1.36271388752968 -99 -99 -99
0.0133230382408865 -99 -99 -99 -99 -0.604367399459975 -99 -99 -99 -99
2.76458265356236 -99 1.46607309950492 -99 -99 -99 -99 -99 -99 -99
1.60876916799899 -99 -99 -99 0.432536522637104 -0.186770241521458 -99 -99 2.42051768059802 2.07932017446518
-99 -99 0.3711397288087 -99 0.68014025813981 -99 -99 -99 -99 0.239757418065716
1.86058285334518 -99 3.13981304995085 3.59109007736813 2.09518652419693 -99 1.3364061619391 -99 -99 -99
-99 0.0191646032569212 -99 -99 -0.739499623343947 -0.302501585096964 -1.30524915990403 -99 -99 -2.18633395952015
0.408745521377129 -99 -99 -99 -0.891572186778439 1.11569733852245 -0.298102800347278 -99 -99 1.73392531723129
-99 -99 -99 -99 -99 -99 -99 -1.47618068199342 -99 -99
0.842916146180594 -99 -99 -99 -0.0444927494562515 -99 -99 -99 -99 0.053701577088594
-99 -99 -99 -99 -99 -99 -99 -99 -99 -0.205178394018734
-99 0.593005634267955 -99 -99 -99 -99 1.11457803468236 -99 -99 -99
-99 1.85251640848278 -99 -99 -99 2.35156554277366 -99 -99 -99 1.13006917415626
-99 -99 -99 1.57979958601456 -99 -99 -99 2.82337774236061 -99 -99
-99 2.36998147889834 -99 -99 0.73074039643756 -99 -99 -99 -99 -99
-99 -99 1.3255584497734 -99 -99 -99 -0.741291782728107 -99 1.5305384752237 1.24821698680983
-99 -99 1.26959558427663 -99 0.411601771447216 -99 0.568961878010849 -99 0.899072983381695 0.624265521266055
-99 0.417769808142735 -99 -99 -99 0.0118096507042 0.534154319576299 -99 -99 -99
-99 -99 -99 -99 -99 -99 -0.130879096902561 -99 -99 -99
-99 0.588513484656387 -99 -99 -99 -99 -99 -99 -99 -99
1.4477692469423 -99 -99 -99 -99 -99 -99 -99 -99 2.42999976354588
-99 1.92461971385279 -99 0.685993454332782 0.705961840281721 -99 1.1975513737748 -99 -99 -99
-1.00728144672766 -0.683487432095706 -99 -99 -99 -99 -0.527354976042781 -99 -99 -99
0.246978262185694 -99 -99 -99 -99 -99 -99 -99 -99 -99
-99 -99 -99 -2.33344962954812 -99 -99 -99 -99 0.072885226976718 -99
-99 0.507202120461028 -99 -99 -99 -99 -99 -99 -0.619662009810136 -99
1.37890417105918 0.232300997241503 -99 2.25378645006926 -99 -99 -99 -99 2.71567110745211 -99
-99 -99 0.97259068299253 -99 1.34617749618369 -99 -99 -99 -99 -99
-99 -99 1.30758764532022 -99 -99 0.651293312141054 -99 -99 1.42863804825785 -99
-99 -99 -99 -99 -99 0.732219407102135 -99 -99 -99 -99
-99 1.07540580014571 -99 0.380103345131771 0.455824686957414 -99 -99 -99 -99 -99
-99 -99 -99 -99 -0.612936073669428 -99 -99 -99 0.390013053046097 -99
-99 -99 -99 -99 -99 -0.063460563197246 -99 -99 -99 -99
-99 -99 -99 -1.95690254282214 -0.978828616808769 -99 -99 -99 -99 0.941429256170298
-0.312638515011957 -99 -99 -99 -0.0975086311946369 -99 -99 3.71324839646085 -99 0.0701355251260205
-99 -99 -99 -99 -99 -99 -99 -99 -99 2.20910535212183
-0.647477006663463 -99 -99 1.26198963282695 -99 -1.04339921706921 -99 0.363437289305173 -99 -1.23299498700981
-99 -99 -99 -99 -99 -99 -99 -99 -0.866029023988741 -99
-99 -99 -99 1.56857768288738 -99 -99 -99 1.68903196936959 -99 -99
-99 -99 -0.608805154832029 0.217184524478729 1.91981316699056 -99 0.164558876867064 -99 -99 0.439326949476083
-99 0.994035462996568 -99 -99 -99 -99 -99 -99 -0.196424390965 -99
-99 -99 0.546635471998529 -99 -99 -99 -99 -99 2.56513352703202 -99
-99 -99 -99 -99 -99 4.04169799309404 -99 3.20589587280559 1.08872757050351 -99
-99 -99 -99 0.416958448330139 1.67552243311165 -99 -99 -99 -99 -99
-99 -99 -99 -99 -99 -99 -99 -99 -99 -99
-99 -99 -0.239440744085275 -99 0.00566964632512434 -99 -0.270568551839601 -1.97524264759925 -99 -99
-99 0.915200770022259 -99 -99 -99 -99 -99 -99 -99 -99
-99 -99 -99 -99 -99 -99 -99 -99 -99 -99
-99 -99 -99 -99 -99 3.21093933750821 -99 -99 -99 -99
-99 -99 3.00503229846656 2.99906263108848 -99 -99 -99 -99 -99 -99
1.98591861873622 -99 -99 -99 -99 -99 -99 -99 -99 -99
-0.787549010308639 -99 -99 -99 -99 1.05599379326696 -99 1.53066349931382 -99 2.04334742233239
-99 -0.084895588784808 0.628886952939941 -99 -99 -99 -99 -1.15748070760882 -99 -0.351599862625204
-99 -99 -99 -99 -99 -99 -99 -99 1.23272872009028 -0.158757228637848
-99 -99 -99 -99 -99 -99 -99 -99 0.311169121963851 -99
2.92876157822993 -99 0.880292529759184 -99 2.65590116506909 2.59002275317307 -99 -99 -99 -99
-99 -99 -99 -99 -99 -99 -99 -99 -99 -0.284951957997156
-99 -99 -99 -99 -99 -99 -99 -99 1.33245345366612 -99
-99 -99 -99 -1.33775938216301 -99 -99 -99 -99 -99 -99
1.71336734770648 3.57564190424482 -99 -99 -99 -99 -99 -99 -99 2.78638596221416
-99 -99 -99 -99 -99 -99 -99 2.95571774212085 -99 -99
2.10011930543003 -0.737128925284044 -99 -0.137495166209605 -99 -99 -99 -99 -99 -99
-99 -99 -99 -99 -99 -99 -99 -99 -99 -99
-99 -99 -99 -99 3.80734944101408 -99 2.16927183056332 -99 -99 -99
-99 -99 -0.170068413809462 -99 -99 -99 -99 -99 -99 -99
-99 -99 -99 -99 -99 -99 -99 -99 -99 -99
-99 0.00967614375967052 1.81864947569704 -99 -99 0.676732077622161 -99 -99 -99 -99
-99 -99 -99 0.793285677819369 -99 -99 0.724552603353577 -99 -99 -99
-99 -99 -99 -99 -99 -99 -99 -1.20513633401782 -99 0.839070036269061
1.90881409876864 -99 0.404275294599683 -99 -99 -99 -99 -99 -99 0.723855160002906
-99 -99 -99 -99 -0.00792588744205958 1.25715746624307 -99 -99 -99 -99
-99 -99 0.181625762943767 1.36534834615077 -99 -99 0.376027867420376 0.626235123890762 -99 -99
-99 -99 -99 2.21967620190281 -99 1.38248734680033 0.711230172577707 -99 -99 -99
2.14582838110132 -99 -99 2.61022456073007 -99 1.61426345598649 -99 -99 0.910338691220033 0.515932470346651
-99 -99 -99 -99 -99 -99 -99 -0.686789098267291 -99 -99
-1.51389279720575 -99 -99 -99 0.851300520508028 0.517067479006924 -99 -99 -99 -99
-0.713251908732397 -99 -99 -99 -99 -99 -99 -0.751515504398075 -99 -99
-99 -99 -99 -99 -99 -99 -99 1.07210983456138 -99 -99
-99 -0.0131287682680541 -99 -0.735789397038993 -99 -0.242411007394819 -99 -99 -99 -99
-99 -99 0.267829863239227 -99 -1.1855952875444 -1.4356273109567 -99 -0.929942923484635 -99 2.91955333354119
-99 -99 0.322641569043294 -99 -99 -99 -99 0.0426772262995624 -99 -99
-99 -99 -0.538127130428873 -99 -99 -99 -99 -99 0.367107079574685 -99
2.10781664665331 -99 1.646559485601 -99 -99 0.0531783872771648 2.1767992552886 -99 -99 1.00104581728599
-99 -99 -99 -99 -99 -99 -99 1.50454633872252 3.57907746823909 -99
-0.660539718134821 0.653971892026072 1.15287425472272 -99 -0.0552812721755964 -99 1.88084632614932 -99 2.00770438106113 2.35598912121942
-99 2.69056541705703 -99 -99 -99 2.97099469071919 -99 -99 3.01459767797992 2.83972052572479
0.532259645707852 -99 -99 -99 -99 -99 -99 1.5941304266074 -99 -99
-99 0.92524034066626 -99 1.87056980484791 -99 -99 1.42788929579031 -99 -99 -99
-99 -99 -99 1.53369518574123 -99 -99 -99 -99 -99 -99
-99 -99 2.01437676371911 -99 2.03446241220899 -99 -99 -99 -99 -99
-0.0430417236679261 -99 -1.00812292784687 -0.42602780097668 -99 -99 -99 -99 -99 -99
-99 -99 -99 0.121826408569793 -99 -99 -99 -0.584950591121859 -99 -1.2824854063607
0.878776934380048 -99 -99 -99 -99 -99 -99 -99 0.50422974985742 -99
-99 -99 1.40339036979179 -99 -99 -99 -99 -99 -99 -99
-99 -99 -99 -99 -99 -99 -99 -99 -99 -99
-99 -99 -99 -99 -99 -99 3.0061834822382 1.44356738404115 -99 -99
2.50689775980555 3.23545744241661 -99 3.59925352382073 -99 2.48205868149065 -99 -99 -99 -99
-99 -99 -99 -99 1.33335434164229 1.86607453877979 2.07825573285262 -99 -99 -99
-99 -99 -0.947336147332587 -99 -99 4.08501913300848 -99 -99 -99 -99
-99 -99 -99 -99 -99 -99 -99 -99 -99 -99
-99 1.33657233043249 -99 -99 3.10678009005378 -99 -99 1.44137381483274 -99 -99
-99 0.610660529944412 2.43890967267819 -99 -99 -99 -99 -99 -99 -99
0.298833433600484 -99 -99 -99 -0.474672249591493 -1.40251842838881 -99 -99 -99 -99
0.522902729541327 2.06424395928083 2.81194923944672 -99 -99 -99 -99 -99 -99 -99
2.69644903846491 -99 -99 -99 -99 -99 -99 -99 -99 -99
-99 -1.69796435892862 -99 -99 -99 -99 -99 0.587721364352204 1.0144368321951 -99
1.79486440895572 -99 -99 -99 -99 1.69874842494527 -99 1.8510820846166 1.99512658424365 -99
-99 -99 -99 0.097273853882923 1.32013542870419 -99 -99 -1.97421313511082 -99 -99
-99 -99 -99 -99 2.33038943994748 2.26802216949398 -99 -99 -99 0.348010029281131
-99 -0.0173672693059146 -99 -99 0.951351303293243 -99 -99 -99 -99 -99
-99 -99 1.4300149812583 -99 -99 -99 -99 -1.67761217029887 -99 -99
-99 -99 -99 -0.279696116147808 -99 -99 -99 -99 -99 -99
-99 0.211875659234797 -99 -99 -99 -99 -99 -99 -99 -99
-99 5.06048921822591 5.18364690963175 -99 -99 -99 -99 -99 -99 -99
-99 0.901470095646769 -99 -99 -99 -99 2.20922491299853 -99 -99 -99
-99 -99 -99 2.38496485192235 0.119566308531476 -99 -99 0.294890269174781 -99 -99
-99 -99 -99 -99 -99 -99 1.04139031085673 -99 -99 -99
-99 2.88334983069995 -99 -99 -99 1.42879842131504 -99 -99 -99 -0.0843582125911475
-99 4.12120970951504 -99 -99 -99 -99 -99 -99 -99 -99
-99 -99 -99 -99 -99 -99 -0.152758778772073 -99 -0.581726415069735 0.63156519817882
1.09502608627376 -99 1.46324408557333 -99 2.01902588530145 0.893565066581435 -99 0.902600194454738 3.04513815245611 1.56279038311231
-99 -99 -99 0.618225282363001 0.670826662823734 -99 -99 -99 -99 -99
0.271276361549928 -99 -99 1.16287929937497 -99 -99 -99 -99 -99 1.03616650303976
-99 2.48689734277833 -99 0.460301751652071 1.54509470606661 -99 -99 -99 -99 -99
-99 -99 4.24116922179044 -99 -99 1.76258360821843 -99 -99 -99 -99
-99 -99 2.3227344111941 -99 -99 -99 2.47399176820789 2.42419541684497 1.36450157782061 -99
-99 -99 -99 -99 -99 1.11776824712112 0.465631074882679 -99 -99 -99
-99 -99 -99 -99 -99 -99 -99 -99 -99 -99
-99 -99 -99 -0.768495011462512 -99 -99 -99 -1.02447666885411 -99 -99
-99 0.19419469011557 0.0154670334341864 -99 -99 3.38601664481775 -99 0.174231540805394 -99 -99
-99 0.0436625528137649 -99 -99 -99 -99 -99 -99 1.70315551140701 0.616339104441428
-99 -99 -99 -99 -99 -99 -99 2.5115684032741 -99 -99
-99 -99 -99 -99 -99 1.09018764816761 1.74548988043581 -99 -0.116547476505634 1.8827950223077
-99 -99 -99 0.228159341148605 -99 -99 -99 -99 -0.647242816453122 -99
-99 1.06797464441467 -99 -99 -99 0.471324261413801 -99 -0.44038196959319 -99 -99
-99 -99 -99 -99 2.3122049237089 0.074477953672583 -99 -99 -99 -99
-99 0.43427579837907 -99 -99 -99 -99 -1.36982731413666 -99 2.4722321225901 -99
0.918228185941302 -99 -99 -99 -99 -99 1.91973764423895 -99 3.09327516798915 1.52609814263
-99 0.74710927898716 -99 -99 -99 -99 -99 1.74707422831007 -99 -99
2.03820357388878 -99 -99 2.8145260142241 -99 3.82576614186698 -99 -99 -99 -99
-99 -99 -99 1.21016105966483 -99 -99 -99 -99 -99 -99
-99 -99 -99 -99 3.43892864833023 -99 3.69628228085513 -99 -99 -99
1.33146300973615 -99 -99 -99 -99 -99 -99 -99 -1.16676636139187 -99
-99 -99 3.53069930003431 -99 -99 -99 -99 -99 -99 -99
-99 -99 -99 -99 -99 -99 1.70344323876387 -99 -99 1.70249954778127
-99 -99 -99 2.24947184688815 1.81556743353291 -99 -99 -99 -99 -99
-99 -99 2.48447633839034 -99 -99 -99 -99 -99 2.66904277415633 -99
-99 0.958456242259695 -99 -99 1.75644547400734 -99 -99 -99 -99 -99
-99 1.99753593907589 -99 -99 -99 -99 -99 -99 -99 -99
-99 2.26375929729505 -99 -99 2.26484446713997 -99 2.71115789682597 3.22057542081709 -99 -99
-99 -99 -99 -99 -99 -99 1.75948379805 -99 -99 -99
-99 4.43601036190138 -99 -99 -99 -99 3.34523298486501 -99 3.83797076166216 -99
0.620236648691837 -0.168387833348433 -99 -99 -99 -99 -99 -99 1.11884054106085 -99
-0.41094874985797 -99 -0.815079923636005 -99 -99 -99 -99 -0.524570130097321 0.912809736140422 -99
-99 -99 -99 -99 -99 -99 -99 -99 -99 -99
0.953006239986385 -99 1.79119068552984 2.94752768904244 0.20183372328469 -99 -99 0.653452841894863 -99 -99
1.20017633565199 -99 -99 1.34890390608523 1.9067248741591 0.66007258494469 -99 -99 -99 -99
-99 1.01145130754719 -99 1.82421430772724 -99 -99 -99 3.20147913639003 -0.905654207530271 -99
-2.33753061582548 -99 -99 -0.677963687082586 -99 -1.44068547084546 -99 -99 -99 -99
-99 -99 1.96659953417733 -99 0.608377658558585 -99 -99 -99 -99 -99
-99 -99 -99 -1.11695948493467 -99 -99 0.945253378140103 -99 -99 -99
2.01838262772651 -99 -99 -99 -99 -99 -99 -99 -99 -99
-99 -99 -99 -99 -99 -99 -99 -99 -99 -99
-99 -99 -0.142822837366503 -99 -99 -99 -99 -99 -99 -99
2.14111238602445 -99 -99 -99 -99 -99 1.49111230078249 -99 1.55735891527945 -99
-99 -99 -99 -99 -99 -99 -99 -0.0181684210317694 -99 -99
-99 -99 -0.57337773226336 -0.667304448429403 0.877706122861048 -99 -99 -99 0.377963841440083 -99
-99 -99 -99 -99 -99 2.57508576501977 -99 -99 -99 -99
3.57778273207979 -99 -99 -99 -99 -99 3.32905721425757 2.22893928054771 -99 -99
-99 2.06522145489547 -99 -99 2.66651667475699 -99 3.52324811073284 2.5608864918329 -99 -99
-99 2.07529669191172 -99 -99 -99 -99 -0.693703618828919 -99 -1.64492230187545 -99
-99 2.13875018843579 -99 1.33456164945897 -99 -99 -99 0.748892366674309 -99 -1.15418868693126
-99 -99 -99 -99 -99 -99 -99 -99 -99 -99
-99 -99 -99 0.68429124186387 -99 -99 -99 -99 -99 -99
-99 -99 1.82049971192983 -99 1.0393699045502 2.53226295557297 -99 -99 -99 -99
2.25838528090783 -99 -99 -99 -99 -99 -99 3.55005429116803 -99 -99
-99 -99 -99 -99 -99 0.16219676447309 -99 -99 -99 -99
-99 -1.7993877879727 -99 -99 -99 -99 -99 -99 -99 -99
-99 -99 -99 1.77535287882093 -99 1.43584237760061 -99 -99 -99 -99
-99 -0.0247746601703371 -99 -99 -99 -99 2.69411845067436 -99 -99 2.18135566286019
-99 -99 0.395639510694675 -99 2.76632766570306 -99 -99 -99 -99 -99
-0.639514058032026 -1.31955778378582 0.910757047829022 -99 -99 -99 -0.710148304613267 -99 0.188490322008649 -99
3.02494891397183 0.905513957835299 -99 -99 -99 -99 -99 -99 4.66379220018737 -99
-99 -99 -99 -99 -0.889125006541936 -99 -0.9888091707431 -99 -1.46640548671241 -99
-99 2.32737935705634 -99 -99 -99 -99 -99 2.1448399467457 -99 -99
-99 2.96265872398221 -99 -99 -99 -99 0.560097276247975 -99 -99 -99
-1.07126659768278 -99 -99 -99 -99 -99 -0.872355283614064 -99 -99 -99
-99 0.306483360161449 0.372394642359113 -99 -99 -99 -99 1.47616667343798 1.40211219840717 -99
-99 0.340492065415856 -99 1.50232728469038 -99 -99 0.83729630960777 -99 -99 -99
-99 -99 -99 -99 -99 -99 -99 0.652453173240169 1.56182386797605 -99
-99 -99 -99 -99 -99 1.267327226058 -99 -99 -99 -99
-99 -99 -99 -99 -99 0.424749389806465 -99 -99 -99 -99
-99 -99 -99 -99 -99 -99 -99 -0.436616116027219 -99 1.63636669630472
-99 -99 -99 -0.801140550527467 -99 -99 -99 -1.25303842746523 -99 -0.061232261086126
-99 2.21019834953603 2.51015218989449 -99 -99 -99 -99 -99 1.84977807692776 -99
-99 -99 -99 -99 -99 0.701675411866792 -99 -99 2.37995594398596 -99
-0.398366034784247 0.815314225672008 -99 -99 -99 -99 -99 0.727035293826346 -0.442707627283114 0.608637649095619
-99 -0.342448119072812 -99 -99 1.25326322365566 -99 2.95046338268389 -99 -99 -99
0.869711204088685 -99 -99 -99 -99 -99 -99 -99 2.10132325500499 0.677921292027789
-99 -99 -99 -99 -99 -99 -99 -99 -1.54560870842063 -99
2.66389792342534 -99 -99 -99 2.11220059705354 -99 0.368131432580665 2.30156891552792 -99 -99
-99 -99 -99 1.07669805897422 -99 -99 -99 -99 1.12292227987944 -99
-99 -99 1.19076992187522 -99 -99 -99 -99 -99 -99 -99
-99 -99 1.23148178217502 -99 -99 -99 0.876747547562783 -99 2.82183056548933 3.11658329436098
-99 -99 -99 -99 -99 -99 -99 0.893287804598311 1.7663466207731 -99
-99 -99 -99 -99 -99 -99 -99 -99 -99 1.08038727217562
-99 0.76771275202716 -99 -99 -99 -99 -0.0116540742133098 -99 -99 -99
-99 -99 -99 1.1903726571067 -99 -99 -99 -99 0.946019677521826 -99
-99 -99 1.03374942009757 0.914197521902775 0.874051318192876 -99 3.10571831167861 -99 0.436021225285574 -99
-99 -99 0.465017795513639 -99 -99 -99 -99 0.627291582068496 -99 -0.228346945291966
-99 -99 1.106822027021 -99 -99 -99 0.205151208744139 -99 -99 1.5857064550406
-99 -99 -99 0.615454734460186 -99 2.63907618643777 2.74553382356328 3.48192132648237 -99 1.41499382202613
-99 -99 -99 1.76855460973667 -99 -99 -99 -99 -99 -99
-99 2.55242658208106 1.0021296616039 -99 -99 2.14230752954757 -99 -99 -99 -99
-99 -99 -99 -99 -99 0.977531328605152 2.31664672866807 -99 -99 -99
-99 -99 -99 -99 -99 -99 -99 -99 -99 1.30638450856883
-99 -99 -99 -99 -99 -99 -99 -99 -99 -0.720853973496365
-99 0.717178594876021 -99 -99 -99 -99 -99 -99 -99 -99
-99 -99 0.0613447945592853 -99 -0.286029357983292 -99 -1.93538708184735 -99 -0.500479346595182 -99
-99 -2.17586072732812 -99 -99 -99 1.70880362604789 -99 -99 -99 3.10087693371308
-99 -99 -99 -99 -99 -99 -99 -99 -99 -99
-99 -0.728365128947432 0.68312669675062 -0.277525851350615 -99 -99 -99 -99 -99 1.15343177280018
-99 -99 0.448507893512891 -99 -99 -99 -99 1.55044479377129 4.31247445097979 1.30649391385185
-99 -99 -99 -99 -99 -0.00395831229830801 -99 -99 -99 -99
-99 -99 -99 -99 -99 0.940942030526372 -99 -99 -99 2.85635945770031
-99 -99 -99 -99 -99 0.660912773420706 -99 -99 -99 -99
-99 -1.02275085567939 1.59202850636548 -99 1.09099289502794 -99 -0.520877103337485 -99 -99 -99
-99 3.10189835598111 2.05682321496765 1.84654222775033 -99 1.50078947792632 -99 -99 -99 -99
-99 0.807663383800794 1.67096284138408 -99 -99 -99 -99 2.85517942901553 -99 -99
-99 -99 -99 -99 -99 -0.132430326827905 -99 -99 0.364041300017747 -99
-99 -2.38235658133428 -99 -99 -99 -99 -99 0.979676199531413 -99 -99
-99 -99 -99 -0.427347951804333 -99 -99 -99 -99 -99 -99
-99 0.348739948054682 0.620360081402975 -99 -1.74849936748128 -0.708316012400549 -99 -99 -99 -99
-99 -99 0.419640892815808 -99 1.28348521446175 -99 -99 2.13320744059383 -99 -1.29824377167383
-99 -99 1.19223166968659 -99 -99 3.15155999791966 -99 -99 -99 -99
-99 -99 3.05776032207448 -99 -99 1.69157832116167 -99 -99 -99 -99
-99 -0.628697707692623 -99 -99 -99 -99 3.23606992340469 1.51206326409701 0.611513577509725 -99
-99 -99 -99 -99 -99 -99 -99 -99 -99 -99
-99 -99 -99 -99 -99 -99 -99 -99 -99 -99
-0.0508270937045499 -99 -99 -99 -99 -99 -99 1.32604275236315 -99 -99
2.31645494072383 -99 -99 1.70085133774894 -99 -99 -99 3.24709225312156 5.15005948367972 -99
1.79797148140481 -99 -99 2.85041706671828 -99 -99 -99 -99 -99 -99
0.939308448207021 -99 -99 -99 0.408232548547136 -1.30707884904795 -99 -99 -99 -99
1.28720813630911 -99 -99 -99 -99 0.437582525541972 -99 -99 -99 0.531593233756152
-99 -99 -99 -0.120281375937287 -99 -99 3.0633407414312 -99 -99 -99
-99 0.712103667477369 -99 -99 -99 -99 1.26380220397934 2.33656546391212 -99 -99
1.63588387137652 -99 -99 -99 -99 -0.502764863517371 -99 1.64179173335186 1.22484385673643 -99
-0.24913138064725 -1.37078704092875 -99 -99 -1.88557695036245 -99 -99 -3.68911286656566 -99 -99
-99 -99 -99 -99 -99 -99 -99 -99 -99 0.491027100685832
-99 -99 -99 -99 -99 -99 -99 -99 -99 -99
-99 2.79659213301088 1.48147356768892 2.34666309811932 3.32097936123993 -99 -99 -99 -99 -99
2.19608931544703 -99 -99 -0.186944915397636 -0.0572540235477317 -99 -0.660970145108784 -99 -99 1.86943252438312
-99 -99 -99 -99 2.41783452792264 -99 -99 -99 -99 -99
-99 -99 -99 2.14927650980403 1.77219551091626 -99 0.162871116663648 -99 -99 -99
-99 -99 -99 -99 -99 -99 -0.186439244068662 1.31389819047735 -99 -99
-99 -99 -99 -99 -99 -99 -99 -99 -99 -99
-99 -99 -99 -99 -99 -99 1.82789935014008 -0.942568074450428 -99 -99
-0.943521433425918 -99 -99 -99 -99 -99 0.0490766845659665 -99 -99 -99
0.99746233718622 0.781825963346567 -99 -99 -99 -99 -99 0.126618968917055 -99 -99
-99 -1.96275596466532 -99 1.23272929441593 -99 -99 -99 -99 -99 -1.43069105175387
-99 -99 -99 -99 -99 -99 -99 -0.960930228285495 -99 -99
-99 -99 -99 1.59707272069774 2.55604671408568 -99 2.22085946029552 -99 -99 0.204133301419297
0.322899489300585 -99 -99 -99 -99 -99 -1.02660849044313 -99 0.776015851877419 -99
3.68186221890061 -99 -99 -99 -99 -99 -99 -99 -99 -99
-99 -99 -3.2988345197109 -99 -99 -0.54223069367756 -99 -1.19851830873896 -1.81375901004975 -99
3.25715225592989 1.93002775109476 1.49635341443355 -99 -99 -99 1.30874747636333 -0.215937826080439 -99 -99
-99 -99 -99 -99 0.704140052003264 -0.637889901807533 1.53184017603868 1.15585534608826 -99 -99
-99 -99 -99 -0.61229169703812 -99 -99 -99 -0.517983963161575 -0.0708644779514587 0.38589889541542
0.161052280965698 0.104848772479903 -99 -99 -99 -99 1.66978359554512 -99 -99 -99
1.49864302091222 -99 -99 -99 -99 -99 -99 -99 -99 -99
-99 -99 0.177640614379121 -99 -99 -99 -99 -99 2.46177385770304 -99
-99 -0.927433415978581 -99 -0.714488491670035 -99 -99 -99 -0.457553183224405 -2.3477375203886 -99
-99 -99 -99 -99 -99 1.52395521603016 2.1662994340185 -99 -99 2.69037115119001
-99 -99 1.06657603407454 -99 -99 -99 -99 1.13450497812903 -99 -99
-99 -99 -99 -99 2.76950647280698 -99 -99 -99 2.23294699478614 -99
2.98598010667327 -99 -99 1.41237044560362 -99 -99 -99 -99 -99 -99
-99 1.60448815198033 -0.847847390529673 1.27299074065192 -1.84310840937123 -99 -99 -99 -0.370024248619852 -99
-0.0820555944655716 -99 -0.57324704446399 -99 -99 -99 2.0104847719318 -99 -99 -99
-99 1.54769482650926 2.64762958984395 3.18414358644028 2.60295851220463 -99 -99 -99 -99 -99
2.26418188370304 -99 -99 -99 -99 -99 1.77313126403962 -99 0.790976154941338 -99
-99 -99 -99 -99 -99 -99 -99 -99 -99 -99
1.60458799172267 -99 -99 -99 -99 -99 1.13829402465598 -99 -99 -99
-99 -99 -99 -99 -99 -99 -99 2.36735495408737 -99 -99
-99 -99 1.70568439074757 -99 -99 -99 2.04292444105575 -99 -99 -99
-99 -99 -99 -99 0.961498528594355 1.03370285326526 -99 -99 -99 -99
-99 -99 -0.464534657899299 -99 -99 2.90266560551678 -99 -99 -99 -99
-99 -99 -99 -99 -99 -99 -99 -99 -99 0.898600982218312
-99 -99 -99 -99 -0.568914846417791 -99 -99 -99 1.20684697935435 1.89736417069807
3.14946149058713 -99 -99 -99 -99 -99 0.729463082604081 -99 -99 0.512316919643388
0.227824033813 -99 -99 -99 -99 -99 -99 -0.960684311267997 -99 -0.625072861555369
-99 -99 -1.04161733511413 1.24463162281308 -99 -99 0.198338364507526 -99 -99 1.14191151573342
-99 -99 0.916496897753413 -99 -99 -99 -99 -99 -99 -99
0.00279928350447156 -99 -99 -99 -1.90516098871109 -0.933714406018735 -0.736726249573183 -99 -0.0917631748092478 -99
-99 -99 -99 -99 0.436695230240461 2.13594536765284 -99 -99 -99 2.41070091712002
-0.493999078866652 -99 -99 -99 -99 -99 -1.04669935602499 -99 -99 -99
-99 -99 -99 -99 -99 0.711414146875625 1.23737817822521 -99 0.346361076856745 -99
-99 -99 -99 -99 1.3567648005263 -99 -99 -99 -99 2.70606390714791
-99 -99 -99 2.06487104222216 -99 -99 -99 -99 1.91660043651108 1.2958571395832
-99 -99 -99 -99 -99 -99 0.431479498787733 -99 -99 -99
-99 -99 1.30530762431472 -99 -99 1.01728580147509 -99 -99 -99 -99
-99 -99 -99 -0.506403756583033 0.215014790766514 -99 -99 -99 -99 -99
-99 -99 0.605375776872636 -99 -0.0429377705911351 -99 -99 0.07105428790159 -99 -99
-99 -99 -99 -99 0.21698804224348 -99 1.52443782686798 -99 -99 0.265299520113539
-99 2.21596148361637 4.01978194411007 -99 -99 1.14563383157174 -0.601027776779661 -99 -99 -99
-99 -99 -99 -99 -99 -99 -99 -99 -99 -99
-99 -99 -99 -99 -99 -99 -99 -99 1.57593362076436 0.435981089540672
-99 -99 -99 -99 -99 -99 -99 -99 -99 -99
-0.437664940436393 -99 -99 -1.39995699274254 -99 0.398838479804738 -99 -99 0.181770811649998 -99
3.06750626825927 -99 -99 0.200384926458465 -99 -99 -99 1.47704199603777 -99 -99
-99 -99 -99 -99 -99 -99 -99 -99 -99 -99
0.056262710672155 0.617203952556283 -99 -99 -0.549100607850326 -99 -99 -99 -99 -99
-99 1.37081620098884 -99 0.100938574724414 -99 -99 -99 -99 -99 1.48408117798318
2.36454549881045 -99 -99 -99 -99 -99 -99 -99 2.98531820022563 -99
1.77110024029036 -99 -99 1.89185952796124 -99 -99 -99 -99 -99 1.33366341094545
-99 -1.44336388513785 0.500674064032685 -99 -99 -1.05120311287273 -99 -99 -99 -99
1.21182784993724 -99 -99 -99 -99 -99 -99 -99 -99 -99
-99 -99 2.263105459859 -99 -99 -99 0.889487319475289 -99 -99 1.07774268482475
-99 1.44937071912627 -99 -99 -99 0.416681494009304 -99 -99 -99 -99
-0.0150135267954632 -99 -99 -99 -99 2.201525180058 -99 -99 -99 -99
-99 0.254226729344198 -99 -1.09989742721477 -99 -99 -99 0.129386108363578 -99 -99
-99 -99 -99 0.608887078414544 0.875799215192771 -99 1.13701609180205 -99 -99 3.69484237671692
-99 -99 -99 -99 -99 -99 2.3717398460716 1.68086928877123 -99 -99
-99 -0.756094587432393 -99 -99 -99 0.803569132076994 -99 -99 -99 -99
-99 -0.0378101325939162 -99 0.181669763566555 -99 -99 -99 1.04594929231293 -99 -99
-99 -99 1.23456991928581 -99 1.4844166883877 -99 -99 -99 -99 -99
-99 1.23971506070251 -99 -99 -99 -99 -99 -99 1.44638704023423 -99
-99 1.07193488624562 -99 2.20730128961067 -99 -99 -99 -99 -99 -99
-99 -99 -99 -99 -99 -99 -99 -99 -99 -99
1.2597437125162 -99 -99 -0.009297142355009 0.853555226708749 -99 -99 -99 -99 -99
-99 -99 -99 -99 -99 -99 -99 -99 -99 -99
1.51467536636611 0.0600976158341769 -99 -99 -99 -99 -99 -99 0.607613545830435 -99
-99 -99 -99 -99 -99 -99 -99 -99 -99 -99
-99 -99 -99 -99 -99 -99 3.34873205394289 -99 -99 3.34436983899472
-99 -99 -0.731765541836778 -99 0.694634233900194 1.19428212177148 -0.607578947871137 -99 -99 -0.428246743301833
-99 -99 -99 -99 -99 -99 -99 -99 -99 -99
-99 -99 -99 -99 -99 -99 -99 0.00709378610130673 -99 -99
1.95328134517541 0.522598941510415 -99 -99 -99 0.204433720714369 -99 -99 -99 -1.3030247456255
-99 -99 -99 0.0586758541547967 -0.961565673034276 1.29701023376008 -99 1.22607871907904 -99 -99
-99 -99 -99 0.482953152679449 -99 -99 -0.57660525336429 -99 -99 -99
-99 -99 0.38167960749967 0.46295667685887 0.535952599547599 -99 -99 1.06465371255085 -99 -0.441082323142813
-99 -99 -99 -99 0.935238439216053 -99 -99 -99 -99 -99
-99 -99 -99 -99 0.437096763463425 -99 -99 0.210941609605372 -99 2.48086440677888
-99 -99 -99 2.47899744975815 -99 -99 -99 -99 -99 -99
-99 -99 -99 -99 -1.92848037745394 -1.62008976697122 -99 -99 -99 -99
-99 2.08504451549017 -99 1.34431384401887 -99 -99 -99 -99 -0.780457244613026 -99
-99 2.24204988220977 -99 -99 1.65585048251718 2.07174648676065 1.37978046840702 1.30936007473532 -99 -99
-0.0256707630320561 1.10849498874465 -99 -99 -99 -99 -99 -99 -99 -0.997202938267171
-99 -99 -99 -99 -99 -99 -99 -99 -1.42006312740028 -99
-99 -99 -1.67476431155408 1.77445225659916 -99 -99 -99 -1.39595087064564 -99 -99
-99 -99 -99 -99 -99 -99 -99 0.341139653589994 -99 -99
-99 -99 1.94340619056723 -99 -99 -99 -99 -99 2.34657569761828 -99
-99 -99 -0.913507280942781 -99 -99 -99 -99 -99 -99 -99
-1.0052539029227 -99 -99 -99 -99 -99 -99 -99 -99 -99
-99 -99 -99 -99 -99 3.41960048338271 -99 -99 -99 1.41312628642162
-99 -99 -99 -99 -99 4.23830766743658 3.93326282550873 -99 -99 2.0806092387353
-99 0.934256348170088 1.47948097355079 -99 -99 -99 -99 -99 -99 -0.0980448115337686
0.328263087329024 -99 -99 -99 -99 -99 -99 -99 -99 -99
-99 -99 -99 -99 -99 -99 -99 0.244876323419639 1.98548364925705 -99
-99 -99 -99 -99 -99 0.652799360276206 -99 -99 -99 0.457062169409385
-99 1.48408506932065 -99 -99 0.111035684277328 -99 1.57539325858634 -99 1.53205838988488 2.78523050998427
1.4527616783938 -99 -99 0.709328197474552 -99 -99 -99 -99 -99 -99
-99 -99 -99 -99 -99 -99 0.961698645887328 -99 1.41761306616561 -99
-99 3.0285826138195 1.22678693481298 2.1696791018033 -99 -99 2.28680977281977 0.898836539924701 -99 -99
0.896267063001936 -99 -99 -99 -99 1.91044725167551 -99 -99 -99 -99
-99 -99 -99 2.44896004665866 -99 -99 2.70751006178719 -99 -99 -99
-99 -99 -99 -99 -99 -0.508012985631076 1.02883070617659 -99 -99 -99
-99 -99 -99 -99 0.843830554948587 -99 -99 -99 3.43845787460428 -99
1.44716064468033 -99 1.83766380574964 -99 -99 -99 1.94245464832922 -99 -99 -99
-99 -99 0.541091083245891 -99 -99 -99 -99 -99 -99 -99
0.613700783441571 -99 3.4766402321846 -99 -99 1.98641071703671 -99 -99 1.50858740158076 -99
0.668118118770515 2.61294215385268 -99 -99 -99 -99 -99 -99 -99 -99
-99 -99 1.13368731018099 -99 -99 -99 -99 -99 -99 -99
-99 -99 -99 0.788946156040156 -99 -1.48085545747886 1.48355584567539 -99 -99 -99
1.30723280030289 -0.112658876553388 -99 0.527559425773824 -99 -99 -99 -99 -99 -99
-99 -99 -99 -99 -99 -99 -99 -99 -99 0.792359627185189
-99 -99 -99 1.70158118016912 -1.41399765398449 0.665842384868509 -99 -2.01358205817257 -99 -99
1.09549182599107 -99 -99 -99 -99 -99 1.13680503410095 -99 -99 2.95065819765971
-99 -99 -99 -99 -0.531285937356303 -99 0.407613873480939 -99 -99 -1.98652257929555
-99 1.80838091984782 -99 -99 -99 -99 -99 -99 -99 0.666732087818561
-99 -99 -99 -99 -99 -99 -99 -99 0.475007294540233 -0.20155875422855
-99 -99 -99 -99 -99 -99 -99 -99 -99 -99
-99 -2.16055695855118 -99 -99 -0.446859614454563 -99 -99 -99 -99 -99
2.0564639751935 3.93147846535462 2.14075179951514 0.989087859799216 -99 -99 0.798925894769934 -99 -99 1.83104373696631
-99 -99 -99 -99 0.51824535856292 -99 -99 -99 -99 2.35851956133512
-99 -1.00141547576738 -99 -99 0.606968467763363 -99 0.115559055328813 0.471901138415677 -99 -99
-99 0.33635084084138 1.859007037777 -99 -99 -99 -99 -99 -0.350442720805925 -99
-99 0.594113694919869 -99 -99 -99 -99 -99 0.0395537429513159 -99 -99
-99 -99 1.28581194052429 2.06475048504106 -99 -99 -99 1.35490452610039 -99 -99
-99 2.34723753285685 -99 -99 -99 -99 -99 -99 -99 -99
3.9282811151335 -99 -99 -99 -99 3.28195874320396 -99 -99 -99 -99
-99 -0.533161523826744 -99 -99 -99 -99 0.978673561662349 -99 -99 -99
-99 -99 -99 -99 -1.77019901961277 2.04411856888017 -99 -99 -99 -99
-3.20060772302672 -0.997459809254483 -99 -1.57908090687526 -99 -99 -99 -99 -99 -99
1.39679442872671 -99 -99 -99 -99 -99 -99 -99 -99 -99
-99 1.1453409288188 -99 -99 -99 -99 -99 -99 -99 -99
2.09396575383835 -99 -99 -99 0.600575478711908 0.765995293515632 -99 -99 -99 -99
-99 -99 -99 -0.325551952116611 -99 -99 -99 -99 -99 -0.481979576686056
-99 -99 -99 1.04588974731175 -99 -99 -99 1.71847730264853 -99 -99
5.19086346417094 -99 -99 2.84550833027162 3.90356515706744 2.47701656046201 -99 1.67010110569288 -99 -99
-99 3.03229536772994 -99 -99 -99 -0.555089664336601 0.569327372393321 -99 2.58537343165175 -99
-99 -99 -99 -99 -99 -99 -99 -99 -99 -1.71848224626117
-99 -99 1.84954101349104 2.12258546427832 -99 -99 -99 -99 -99 -99
-99 -99 1.12071694791751 -99 -99 0.64534845769269 -99 -99 -99 -99
-99 -99 -1.38806106944641 -99 -2.63244925378682 -99 -1.54726730930107 1.69770771497621 -99 -99
-99 -99 -99 -99 -99 -99 -99 -99 -99 -99
-99 -99 -99 -99 -99 2.00834693411809 -99 -99 1.95194621109491 -99
-99 -99 -99 -99 -99 3.70808683550211 -99 -99 -99 2.92181621096299
-99 -99 -99 -99 -99 1.4452788482009 -99 -99 -99 2.51215721034069
-99 -99 -99 -99 -99 -99 -99 -99 -99 -99
1.79499379976118 -99 1.41119612608799 -99 -99 -99 3.06897966294719 -99 0.949778023725665 -99
-99 -99 -99 -99 -99 -99 -99 -99 -99 -0.704940738351957
-0.362633850155015 0.363214669733528 1.32161672834685 -99 -99 -99 -99 -99 -99 -0.884817100385816
-99 -99 4.61312439971333 -99 -99 -99 -99 -99 2.76470694591613 2.373998398049
-99 -99 -99 -99 1.69995013101501 -99 -99 1.69057347075553 -99 -99
-99 -0.582671521809785 -99 -99 -99 -99 -0.81240169386687 -99 -99 -99
-99 -99 -99 -99 -0.244108320954736 0.587747696875439 -2.04408880129321 -99 -99 -99
-99 2.01604580705578 -99 -99 -99 -99 -99 2.35199591108056 3.30918701440793 -99
2.38548223531135 0.70588148995355 -99 -99 -99 1.58981403999095 -99 -99 -99 -99
-99 -99 2.37874967326483 1.03594789687953 -99 -99 -99 2.36543988738123 1.28281252524775 -99
-99 2.45771095806256 -99 2.39288578803791 -1.94105917518414 -99 -99 -99 -1.42100426253329 -99
-0.170028283701296 -0.471188282477006 -99 -0.586535628176218 -99 0.874969681642361 -99 -99 -99 -99
-99 -99 -99 -99 -99 -99 2.03628541002781 -99 -99 -99
-99 -99 -99 -99 -99 -99 -99 -99 -0.728752259697477 -99
-99 -99 -99 -99 -99 -99 -99 -99 -99 -99
-99 -99 -99 -99 -99 -99 1.31921911029204 -99 -99 -99
-99 3.56364452089349 -99 -99 -99 -99 -99 2.62651248023634 2.43562439170093 -99
1.70979372613966 0.839416592859821 -99 0.172402180809021 -99 -99 -99 -99 -99 -99
-99 -99 -99 2.66594856715803 2.15071765475045 -99 -99 -99 2.65193761713671 -99
-99 -99 -99 -99 -99 -99 -99 -99 -99 -99
0.388614125637641 -99 -99 -99 -99 -99 -99 -99 1.55596587092955 -99
-99 -0.622480254740778 -99 -99 0.725616548915058 -99 -99 -99 -99 -99
-99 -0.655916903937006 -99 -99 -99 -99 -99 1.52939383017859 -99 -99
-1.48066214685747 -99 -99 -99 -0.296391411559896 1.12753502699586 -99 -99 -99 -99
-99 2.06563808746695 -99 -99 2.5598694914564 -99 -99 -99 -99 -99
-99 -99 -99 -99 -99 -99 -1.67986475270879 -99 -99 -99
-99 -99 -99 -99 -99 -99 -99 0.671688708076432 -99 -99
-99 -99 -99 -99 -99 -99 -99 1.46769969934593 -99 0.802790282593882
-99 1.91752431252401 -99 2.04871290298601 -99 -99 -99 2.81568530912067 -99 -99
-99 -99 -99 -1.29478913978951 -99 -99 -99 -99 -99 -99
-99 -99 -99 -99 -99 -99 -99 -99 -99 -99
-99 -99 -99 -99 -99 -99 -99 -99 -99 -99
-99 -99 -99 -99 -99 -99 1.83831923478911 -99 -99 -99
-99 -99 0.159395820511728 -99 -99 -99 -99 -99 -99 1.10325829413042
1.23824541795451 -99 -99 -99 -99 -99 -99 -99 1.80137415785596 -99
0.511168848566053 -99 -99 -99 -0.570154912718092 -99 -1.26303910637003 -1.07271678609647 -99 1.49693216713139
-99 -99 -99 0.782234312777281 0.430585164903024 -99 -99 -1.24356376712467 0.0518451248115388 0.206577043950194
-99 -99 -99 -99 0.849998830577786 -99 -99 -99 1.889013637527 -99
-99 2.08904855471412 -99 -99 -99 -99 -99 -99 -99 -99
-99 -99 1.33025451546529 -99 0.20004455454788 -99 -99 -99 0.741285448581002 0.942238678733481
-99 -99 -99 -99 1.23663183109166 -99 0.372616950931823 -99 -99 -99
1.8984128216875 -99 2.42364565753892 -99 -99 -99 -99 -99 2.24290101653402 -99
0.74737882210634 -99 1.04401235949735 0.266076620845826 -99 -99 1.72411901136993 -99 -99 -99
-99 -99 -99 2.43767480639925 -99 -99 -99 -99 -99 -99
-99 -99 -99 -99 -99 -99 -99 -1.89956807265157 -99 1.01305032010399
-99 -99 -99 -99 1.28245372883932 0.477368449895304 -99 1.86882749596334 -99 1.09919286257159
-99 1.02827003025369 -99 -99 -99 -99 -99 -99 -99 -99
-99 1.37301814820526 0.284749127845732 -99 -0.337686655813395 -99 -0.315849224115946 -99 -99 -99
-99 -99 -99 1.61908838743864 -99 -99 1.707508078677 -0.574045204617675 0.182519590360477 -99
-99 3.70407650688294 -99 1.08944700427465 1.75335600506486 -0.205048453873194 -0.121062662250381 -99 -1.21683703163553 -99
-99 -99 -99 -99 -99 -99 -99 -99 -99 -99
-99 -99 -99 -99 -99 2.3118614267311 -99 -99 -99 -99
1.35569749722812 -99 -99 -99 -99 1.01396186134334 -99 -99 -99 -99
-99 -99 -99 -99 -0.693412179363646 -99 -99 -99 -99 -99
-99 -99 -99 -99 -99 2.09768509338276 -99 -99 -99 -99
-99 -0.266101727926777 -99 -99 -99 -99 0.830951772346419 -99 -99 -99
-99 -99 -99 -99 1.62143214242599 -99 -1.35335535984248 -99 -99 -99
-99 -99 -99 -99 0.628931539678999 -99 -99 -99 -99 -99
-99 2.06021355901966 1.64377191952436 -99 -99 3.22070668258164 -99 1.52540834893216 -99 -99
-99 -99 2.8525067252216 -99 -99 -99 -99 -99 2.91268672818646 -99
-99 -99 0.242299019282806 -1.49295820920919 -99 -99 -1.36330392100264 -99 -99 0.25374903483532
-99 -99 -99 0.812972240378203 -99 1.33521000103933 1.21878599093406 -99 -99 -99
-99 -99 -99 -1.49803482479971 -99 -99 -99 -2.2660725904156 -99 -99
-99 2.61503639983421 1.65869528334367 -99 -0.665571775828546 -99 -0.452586288905861 -99 -99 -99
-99 -99 -1.54207650752849 -99 -99 -99 -99 -99 -99 -99
-99 -99 -99 -99 -99 -99 -99 0.520205194996689 -99 -99
-99 -99 -99 -99 -99 1.07968113480259 -99 -99 1.55552515963201 -99
3.06456322673006 -99 -99 -99 1.95982337729021 -99 -99 -99 -99 1.61039025186141
-99 -99 0.439894660836978 -99 0.505166048026819 1.48852220387944 -99 -0.992294701762537 -99 -99
-99 -99 -99 -99 -99 -99 0.679218006743316 -99 -0.030959293163348 -99
-0.39450758832972 -99 -99 -99 -99 -99 -99 -99 -99 -99
-99 -99 -99 -99 -99 -99 -99 -99 -99 -99
0.210844663688313 -99 -99 -99 -0.282756036127783 -99 1.56568109339224 -99 2.66810346031955 -99
-99 -99 0.701303953316747 -99 1.2660665583869 -99 -99 -99 -99 -0.588979129455013
-99 0.394897546688584 -99 -99 -99 -99 -99 -99 -99 -99
-99 -99 -99 -99 -99 2.63190185233671 -99 -99 -99 -99
-99 -99 -99 -99 -99 -99 2.74888300072959 -99 3.07729604990336 -99
-99 -99 -99 -99 -99 0.463177080534033 -99 1.25369128089567 -99 -99
-99 -99 -99 1.76677006408132 -99 -99 -99 -99 -99 1.68180053156813
-99 -0.703567675463702 -99 -99 -99 1.32105219646881 -99 -99 0.0838657209713102 0.824619913356494
0.84550759292405 1.01383594689191 -99 -99 -99 -99 1.04250091334831 -99 -99 -99
-99 -99 -99 -99 -99 -99 -99 -99 -99 -99
-99 0.278872676938109 -99 -99 -99 -99 -99 -99 0.948847847696953 -99
-99 2.14975441141834 0.829664901771811 -99 1.45947349137308 1.30061174740155 -99 -99 -99 -99
-99 1.56533765049503 -99 -99 -99 2.72413786343962 -99 1.331351205895 -99 0.797977505462402
-99 -99 -99 -99 0.652449943451948 -99 0.221202577663608 -99 -99 -99
-99 3.33181667716397 0.817577339668634 -99 -99 -99 1.02789300500212 2.5492132471909 2.69516990019989 -99
2.55528549894113 -99 -99 -99 2.74666067612465 -99 -99 -99 0.945324210856602 -99
-99 -99 -99 -99 -99 -99 2.96620395115024 -99 -99 -99
1.40701548554118 2.17193653502496 -99 3.68280369986202 -99 -99 2.9978248831392 -99 -99 -99
-99 -99 -99 -99 -99 -99 -99 -99 1.44714894058247 -99
-99 -99 -99 -99 -99 -99 1.82962157944514 2.07412516421375 -99 -99
2.02319616414004 0.609586823245102 -99 1.72121590518313 -99 2.22267979643661 0.595203742192277 1.79089765777396 -99 -99
-99 -99 -99 -99 -99 -99 -99 -99 -99 0.646091023556381
0.548640933815961 -99 2.01158257169763 2.66855185507701 -99 2.77909982258393 -99 2.12725724156387 2.52061832892665 -99
-99 -1.09469642403436 -99 1.64890285390614 -99 -99 -99 -99 1.11475131699534 -99
-99 -99 -99 1.721384958653 3.28445233324407 -99 -99 -99 -99 -99
2.01394751919672 -99 3.68025612592577 -99 2.27870217410502 -99 1.32140371782479 -99 1.58046771588846 -99
-99 -99 1.25292721672666 -0.314137214312031 -99 -99 -99 -99 -99 -99
2.33815412396321 -99 -99 -99 -99 -99 1.96580599546906 -99 -99 -99
-99 -99 -99 -99 -99 -99 -99 -99 3.904362286854 -99
-99 1.03397945870043 -99 -99 -99 -99 1.04166881563398 -99 1.10676027570704 -0.666811576363624
-99 -99 -99 -99 -0.490095826222001 -99 -99 -99 -99 -0.468366493828924
-99 -99 -99 -99 -99 -99 -99 1.80563303635052 -99 1.8291961374641
-99 -99 -99 -99 -99 -99 -99 -99 -99 -99
-99 -0.429869393585678 -99 0.274136441960239 -99 0.402975284038894 -99 -99 -99 -99
2.16186921934944 0.23316318618102 -99 -99 -99 -99 3.04412434882291 0.0296772075166735 -99 1.33430987201777
-99 2.83049533976228 -99 -99 -99 1.31774174746906 -99 4.26500429496639 -99 -99
-99 -99 -2.20444926217511 -99 -99 -99 -99 -99 -99 -99
-99 -99 0.319652202264528 0.327909178990697 -99 -99 -99 -99 0.132998364200756 -99
-99 -99 -99 0.265481330727377 -99 -99 -99 -99 -99 -99
-99 0.177753232518941 -99 -99 -99 -99 -99 -99 -99 -99
-99 -99 -0.0113505610486175 -99 -99 -99 1.65895611312503 -99 -0.0743818638561835 -99
1.15121001586078 -99 -99 -99 2.55859280051361 -99 -99 -99 -0.613386976862502 -0.238563884734573
-99 -99 -99 -99 -0.499465914267205 -99 -0.364510372306442 -99 -99 -99
-99 -99 -99 2.53501824611219 -99 -99 -99 -99 -99 2.32102476662308
-1.30307016482233 -99 -99 -99 -99 -99 -0.651972319861992 -99 -99 -1.28142601195495
-99 -99 -99 -99 -99 -99 -99 -99 -99 -99
0.217324142699035 -1.69029010363915 -99 0.14086500994487 -99 -1.34196674423541 -99 0.798561349919202 -99 -99
-99 -99 -99 0.589953777055662 -99 -99 -99 -99 -99 -99
2.40507987315038 -99 2.63265506586963 -99 -99 -99 -99 -99 1.86411405814289 -99
-99 3.33765657853067 0.233092351113268 -99 -99 -99 -99 -99 -99 -1.30109961384004
1.66679173980838 -0.287524298659513 -99 -99 -99 -99 -99 -99 0.630885788780519 0.778332937621214
-99 -99 -99 -99 -99 -99 -99 1.18510212130256 1.21583560949856 0.116598476282296
-99 0.998600615796477 -99 1.42232661837873 1.62742576170123 -99 -99 3.49068841734293 -99 0.226433759995591
-99 -99 -99 -99 -0.76390389400623 -99 -99 2.55822594205994 -99 -99
-99 -0.320745790323431 -99 -99 -99 -99 -99 -0.489121863674784 -99 -99
-99 -99 -3.13600094100518 -1.02616621215884 -2.52819065991481 -99 -99 -99 -99 -99
-99 -99 -99 -99 -99 -99 -99 0.434111070552216 -99 0.799084008123327
-99 2.35025537080955 -99 -99 -99 -99 -99 -99 -99 -99
-99 -99 1.48587432379464 3.07945902441116 -99 1.32438646074748 -99 -99 -99 -99
-99 -0.00838705978835774 -99 -99 -99 -99 -99 -99 -99 -99
-99 3.97562251273568 -99 -99 -99 2.8838633387593 -99 -99 -99 -99
-99 1.74743783152032 2.15809032827472 -99 1.90755675646997 1.26528346694853 -99 2.10447328281701 -99 -99
-99 0.782540368864038 -99 -99 -99 -99 -99 -99 0.160171041826037 -99
-99 -99 2.32480763814965 -99 -99 -99 -99 -99 -99 -99
-99 2.64945953127386 -99 -0.59817346595945 -99 1.25796220829414 1.03947360926691 -99 -99 -99
-99 0.772019891223892 -99 -99 -99 -0.963107356564283 0.650057150059469 -99 -99 -0.971775396404721
-99 -99 0.294706819070338 -99 -99 0.645856992775925 -99 -99 -99 -99
-99 1.95621043388811 2.28044518998949 -99 3.31932086398095 -99 -99 -99 -99 -99
-99 -99 -0.165631037073227 -99 -99 -99 0.0432772483046282 -99 -0.439653721345102 -99
-99 -99 0.224430175863254 -99 0.606858195711468 0.725806300301346 -99 -99 -99 1.40063158535895
-99 -99 -99 -99 -99 -99 -3.27157246543157 1.18164124633681 -99 -99
2.58736236249589 -99 -99 -99 3.9273110634602 -99 -99 0.431977252545126 -99 -99
-99 -99 -99 3.01264996410149 -99 3.61178691348873 -99 -99 -99 1.28907381114929
-99 1.39804880064889 -99 -99 -99 2.57202219051616 -99 -99 1.7844963549742 1.24194187795085
0.621827724242989 1.32486212882589 -99 3.70534323699897 -99 -0.632165972045776 -99 -99 -99 2.77633704436749
-99 -99 -99 -99 -99 3.03942803276085 2.83393011530279 -99 -99 -99
-99 -99 -99 -99 3.74601619092546 -99 2.77503321947903 -99 4.41725067626551 -99
-99 -99 -99 -99 -99 0.656040937240982 -99 0.737576955772991 0.0414257055095397 -99
-99 -99 -99 -99 -99 -99 -99 -99 -99 -0.832819426569669
-99 -99 -99 -0.540151540854859 -99 -99 0.363194634929081 -99 -99 -99
0.468652293740584 -99 -99 1.4630408961802 0.754680851084026 -99 -99 0.820391937806128 -99 -99
-0.717318594522552 -99 -99 -2.31422753293243 -99 -99 -99 -99 -99 -99
-99 -99 -99 -1.11710598315522 -99 -99 -99 2.01131870063023 -99 -99
1.27443172890839 -99 -99 -99 -99 -99 -0.457915915696676 -99 -99 -99
-99 1.5522452021584 3.7946978891018 2.98221044994129 -99 -99 -99 2.1322545506166 2.28360683785542 2.2725113468584
-99 -99 0.776003821533708 -99 -99 -99 -0.270933880223167 -99 -2.10851360476442 0.214974661982217
-99 1.91123912161274 -99 -99 1.72159683205424 -99 -99 -99 -99 2.69243053041515
-99 1.50833566446066 -99 3.01609919558834 -99 -99 -99 -99 -99 1.42274312392254
-99 2.16587070287594 -99 -99 -99 -99 -99 -99 -99 -99
-99 -99 -99 2.32073197121688 -99 -99 0.223234543236122 0.480801690274094 2.19333951794658 -99
-99 -99 -99 -99 1.75792493415205 -99 -99 -99 0.670381805433745 2.32488352586822
-99 -99 -99 -1.42986443877749 -99 -99 -99 -99 -99 -0.234725322937236
-99 -99 1.64696166716274 0.764230746211149 4.38045505940634 -99 -99 0.0852818194024592 -99 -99
-99 -99 -0.470161477154908 -99 -99 -1.55372522397651 -99 -99 -99 -99
-99 3.95258087891835 2.83636153326268 2.88162512290869 -99 -99 -99 4.22529295164081 -99 -99
-99 -99 -99 -99 -99 -99 -99 -99 -99 -99
-99 -99 -99 -99 -99 -99 -99 -99 -99 3.08545547956299
-99 -99 -99 2.31287520655097 -99 -99 -99 -99 2.25356866302793 -99
-99 1.52160886620419 -99 -99 -0.883038125700557 -0.390020278095448 -99 -99 -1.79949393459445 -0.509718120193493
-99 -99 -99 -99 -99 -99 1.67783040179383 -99 -99 -0.509417385476002
-99 2.75467915420225 -0.0650916217357298 -99 -99 -99 1.948860847798 -0.474353067684049 -99 -99
-99 -99 -99 -99 -99 2.54963488089129 -99 1.30255079762393 -99 -99
-99 3.9834291246858 0.670862803505298 4.48084446737056 -99 3.3945806217164 3.18835138264673 0.619043496962215 2.3352648403151 -99
-99 -99 -99 -99 -99 0.333086466292538 -99 -99 -99 -99
1.10618893177315 -99 -99 -99 -99 2.15056835607697 -99 -99 -99 -99
-99 3.03932081897141 -99 -99 1.96015299568989 -99 -99 -99 2.00087640140821 -99
-99 -99 -99 -99 -99 -99 -99 -0.240442480453394 -99 -99
0.150035165892141 -99 0.572839002090774 -99 0.40409124433032 -99 -99 -99 -0.598380185913914 -99
-99 -99 -99 -99 -99 -99 -99 -0.189675760994608 -99 -99
-99 -99 -99 -1.97188068429606 -99 -99 -99 -99 0.861550015374623 -99
-99 -99 -99 -99 -99 2.70547312355105 2.13848173176925 -99 -99 -99
-99 -99 -99 -99 1.17162353006996 -99 -99 -99 1.10692959212034 -99
-99 -99 -99 -99 2.57079834013531 1.9680406534803 2.7492558555691 -99 -99 2.3253902813727
-99 -99 -99 -99 -99 1.72376559911568 -99 -99 -99 -99
-99 -99 -99 -99 -0.637487130903021 -99 0.376933382919881 -99 -99 -99
-99 -99 -99 -99 -99 -99 -99 2.51738673526833 -99 -99
-99 1.18697222672938 -99 -99 -99 -99 2.05098427388192 -99 3.82639723485481 -99
-99 -99 -99 -99 -99 -99 2.06807329853815 2.87164395338665 2.25698032748973 -99
0.086205754948332 -99 -99 -99 -99 -99 -99 -99 -99 -99
0.0579039180767696 -99 0.814971299119797 -99 1.28615497029093 -99 -99 -99 -99 -99
-99 -99 2.51270584758756 -99 2.2209294933806 -99 -99 -99 1.08016678739122 0.90968664023019
-99 1.1611338217041 -99 -99 -99 -0.208276701742808 -99 -99 -99 -0.0490024827563174
-99 -99 -99 -99 1.21852842277213 -99 -0.0267343701436185 0.710836280209393 -99 -99
-99 -99 3.45952655952812 -99 -99 -99 0.358647160730475 -99 1.29317240003488 -99
-99 -99 -99 -0.106273121588364 -99 -99 -99 -99 -99 -99
-99 -99 -99 -99 -99 -99 -99 -99 0.682788023984908 -99
-99 -99 -99 1.57700822796966 -99 0.361294104181276 -99 -99 2.28315110675183 -99
-99 0.937564230129317 -99 -99 -99 -99 -99 -99 -99 -99
-99 -99 -99 -99 -99 -99 -99 -0.0942398643048967 -99 -99
0.18944020140285 -99 -99 0.255003917872584 -99 4.3272602099339 -99 -99 -99 -99
-99 -99 -99 0.622023199363038 -99 -99 -0.234745661797515 -0.609324389867176 -99 -0.599694806003628
-99 -99 -99 -99 -99 -99 2.13229901331181 -99 -99 -99
-99 -99 1.59266449791768 -0.221062610627331 -99 -99 -99 -99 0.474059933499937 -99
-99 -99 -99 2.5837751862557 -99 -99 0.163905693576104 -99 -99 -99
-99 -99 -99 -99 0.408697702483697 -99 -99 0.442788661151667 -99 -99
2.14237352908356 -99 -99 2.41765643953533 -99 -99 -99 -99 2.29699562715347 -99
-99 -99 -99 -99 -99 -99 -99 -99 -99 -99
1.41354399716862 2.96058529521605 -99 -99 -99 -99 -99 -99 -99 2.57330867870596
-99 -99 0.683766363799302 -99 -99 -0.97299258829327 -99 -99 -99 -99
-99 2.2173729046077 1.71435600227942 -99 -99 -99 -99 -99 -99 1.63377873131771
-99 -99 -99 -99 1.23981809241181 -99 -99 -99 -99 3.13922042805008
3.23436519667372 -99 -99 -99 -99 -99 -99 1.59806883795025 -99 -99
-99 -99 -99 -99 2.58088811455372 -99 -99 -99 -99 -99
4.74099743652551 -99 -99 -99 -99 -99 -99 -99 -99 -99
-99 -1.68955822652057 -99 -99 -99 -99 -99 -99 -99 -99
-99 -99 -99 -99 -99 2.40493755521273 -99 -99 1.49126177807146 1.85027643905945
-99 -99 -99 -99 0.628158194478435 -99 -99 -99 1.93848025127669 1.91670118433894
-99 -99 2.77762224736721 -1.54469822313178 -99 -99 0.00134749280285118 -99 1.0363358976322 -99
1.81649258267682 -99 1.19800596807841 -99 1.90164838080019 -99 -99 -99 -99 3.50447357199418
-99 -0.548976871502839 -0.740985573632847 -99 -99 -99 -99 -99 -99 -99
4.20537110040384 -99 2.09543718524873 -99 -99 -99 -99 -99 -99 1.32834261233076
-99 2.65268353241661 -99 0.215658808791655 -99 -99 1.31160158095239 -99 -99 -99
-99 2.10517264444642 -99 -99 0.0369536558979411 1.71670813508951 -99 -99 -99 1.15895761743273
0.551725931199531 2.00797573813481 -99 -99 -99 -99 -99 0.857393599603837 0.68901173309894 -0.0623263082641605
-99 -99 2.50940856780339 -99 -99 -99 2.60931448960249 -99 -99 -99
-99 -99 2.09346748290159 -99 -99 -99 0.851437209424578 1.6954578719783 -99 -99
-99 3.1161406895306 -99 -99 -99 -99 -99 -99 3.09997681754104 -99
-99 0.311850256428436 -99 1.50248956403282 -99 -99 0.765826886516729 -99 0.16245896611926 -99
-99 -99 -99 -99 -99 -99 -99 0.092236148277685 -99 0.132362656945307
-99 -99 -99 -99 1.60307891817497 0.660598009448163 -99 -99 -99 -99
-99 2.25518370816509 -99 -99 -99 -99 3.06954810657733 2.61670078671768 -99 -99
-99 -99 -99 -99 1.63580517201721 -99 -99 1.84113662285324 -99 1.38745176486936
-99 -99 -99 2.32189470213607 -99 -99 -99 -99 1.86235344445214 -99
-99 -99 -99 -99 0.0202120981015076 1.44979860899475 1.32386311791638 -99 -99 -99
-99 -99 2.2392027924863 -99 -99 -99 -99 1.55401470147507 0.914220454251036 -99
-99 0.89893453144189 -99 -99 -99 -99 -99 0.984513368175495 -99 -99
-99 1.07795199946698 -99 -99 -0.0822525227537119 -99 -99 -99 -99 -99
1.46452716585967 -99 1.40831817925835 -99 -99 -99 -99 1.0400075860824 -99 1.48046504531646
-99 -99 -99 -99 -0.5662814680391 -99 0.236297746055555 -99 -99 -99
-99 -99 -0.0582527622728137 -2.10604269796721 -99 -99 -99 -99 -99 1.13928032063484
-99 -99 -99 -99 -99 -99 2.12439859913644 -99 -99 1.18402390304075
-99 -1.29637375724371 0.720607675434353 -99 -99 2.64759075136375 -99 -99 -99 -99
-99 -0.289590317250334 -1.61672769162077 0.442133048091109 -99 -99 -99 -99 -99 -0.898282803335865
-99 -0.456707585637172 -99 0.856854288481847 -99 -99 -99 -99 0.784671729262953 -99
-99 -99 -99 -99 -0.749985813071602 -99 -99 -99 -99 -99
1.78756609344556 -99 -99 -99 -99 -99 -99 -0.766581058092079 -99 -99
-99 1.39237484679291 3.82657123346535 -99 1.78366156005059 2.68019999956484 -99 -99 0.534225202321843 -99
2.27197787614568 -99 -99 2.12683936687281 -99 -99 -99 -99 -99 -99
-99 2.84997770179255 -99 -99 3.21642897461018 -99 -99 -99 -99 -99
2.52098921898836 -99 1.94951600327638 1.18466918646245 -99 -99 -99 2.78696286661061 -99 1.55543315354636
-99 -99 -0.251176883945069 -99 0.672574174209285 -99 -1.13747392525225 2.79425834118463 -99 -99
-99 -99 -99 -99 -99 -99 -99 -99 0.353432139444667 -99
-99 -99 1.97051368662936 -99 -99 -99 -99 0.469759298534975 -99 -99
-99 -99 0.605133618967342 0.530998959892374 -99 -99 -99 -99 0.702486863254886 -99
-99 -99 -99 1.28735030608174 -99 -99 -99 -99 -99 -99
2.72044501021106 -99 -99 1.4839671821189 -99 -99 0.022779152520996 3.01264120589205 -99 -99
-99 -99 -99 -99 0.583087933360783 -99 -99 -99 -99 -99
-99 -99 -99 -0.532309228699152 -99 -99 -99 -99 -99 -99
-99 -99 -99 -99 -99 3.00154681465803 -99 1.66321543705116 -99 -99
-99 -99 -99 2.14298346453417 2.40836735221515 1.92717470163314 -99 -99 -99 -99
-99 1.90527592497947 -99 2.01169793096285 4.0032086250985 2.16250638423233 -99 -99 1.43911177887329 -99
-99 -99 2.11409937034245 -99 -99 -99 -99 -99 -99 -99
0.400926915230888 -99 -99 -99 -99 -0.304287383501082 0.927839118871776 -99 -99 -99
-99 -99 1.91356961971597 -99 -99 2.15853669032275 -99 -99 2.4721047217901 -99
-99 -99 -99 -99 -99 -99 2.0847041518322 -99 -99 -99
-99 -99 -99 1.74440523763025 -99 1.97999703394277 -99 -99 -99 -99
-99 -99 -99 0.890027995302832 -99 -99 -99 -99 -99 3.2391506748305
-99 -99 -99 -99 -99 -99 -99 -99 -99 1.3027551903221
2.87646533343304 -99 -99 -99 -99 -99 -99 -99 -99 -99
-99 -99 -99 -99 -99 3.41772204392537 -99 -99 3.45913958300661 -99
-99 -99 -99 0.636906123379916 2.41376282455755 -99 1.15911899718835 0.811559302633459 -99 -99
-99 2.30214281505318 -0.136476021838705 -99 -99 -99 -99 -99 -0.864142988041819 -99
-99 -99 -99 -99 -99 -99 -99 0.0623194090549609 -99 -99
2.01741008039269 -99 -99 -99 -99 1.41219518701938 -99 2.77798573388706 -99 -99
-99 -99 4.25819967622283 0.615669841135283 -99 -99 2.62182241547374 -99 2.36156646345984 -99
-99 -99 -99 -99 -99 -99 -99 -99 -99 -99
-99 -99 2.09539019016259 -99 -0.413614491636402 -99 -99 -99 -99 -99
-99 -99 -99 -99 -99 -99 -99 -99 -99 -99
-0.670194590406837 -99 -99 2.67598634249543 -99 1.68647109339248 -99 -99 -99 0.934901271463232
-99 -99 -99 -99 -99 1.61653910636317 -99 -99 1.71936432972927 3.87593787065151
-99 -99 -2.11978006562469 -99 -99 -99 -99 -99 -99 -99
-99 -99 -99 -99 -99 -99 -99 -99 -99 -99
-99 -99 -99 -99 -99 -99 -99 -99 -99 -99
3.20883508534746 -99 -99 -99 -99 -99 -99 -99 -99 -99
-99 -99 -99 -99 0.042716009079391 -99 -99 -99 -99 -99
-0.180930467936017 1.13951937843963 -0.962481972927028 -99 -99 -99 -0.76050697201697 -99 -99 -99
-99 2.14129808498161 -99 -99 -0.216398859815831 -99 -99 -99 -99 -99
-99 0.0778296464581963 -0.189284435323666 0.827078251779401 0.369841018880191 -1.31792708113655 -99 0.515713017576634 -99 -99
-99 -99 -99 -99 1.40804573162938 -99 -99 -99 -99 -99
-99 -99 -99 -99 -99 -99 -99 -99 -99 -99
-99 -99 1.41925624450747 -99 -99 -99 -99 -99 -99 -99
-99 -99 -99 -99 -99 -99 -99 0.737203909427576 -99 -99
-99 -99 0.389720300385129 -99 3.82815904689369 1.3530452270335 -99 1.86772470726445 -99 -99
-99 -99 -99 -99 -99 -0.857344984002493 -99 -99 -99 -99
2.43497398270107 1.28919751291072 1.3040976788412 -99 3.11193436518893 0.938150234351416 -99 -99 -99 -99
1.33134832245823 0.718375067718268 -99 -99 -99 -99 -99 -1.68249384388834 -99 -99
3.76750447126995 -99 -99 3.41434914005886 2.73545732970802 -99 -99 -99 -99 -99
-99 0.918501470963426 -99 -99 0.282769611128817 -99 -99 -99 -99 -99
-99 -99 -99 -99 -99 -99 -99 -99 -99 -99
3.84086666834713 -99 2.0037723040603 1.78904369740027 -99 -99 1.57003233759813 -99 3.46734332533333 -99
-99 -99 -99 -99 -99 -99 -99 -99 -99 -99
-99 -99 -99 -99 -99 -99 -99 -99 -1.29935186579784 -99
-99 0.463552771924818 -99 0.399742074698533 -99 0.407098643490196 0.265593361249231 -99 -99 -99
-99 -99 0.249181028827853 1.29840115335322 -99 -99 -99 -99 1.30727078309492 -99
-99 -99 -99 -99 1.36738730323556 -99 -99 3.41730588340458 -99 -99
-99 -99 -99 1.22245808023682 -99 -99 -99 -99 -99 -99
0.430230410641416 -99 -99 -99 0.0789267116353968 -99 -99 -0.175532367769838 -99 -0.734433105288689
-99 -99 -99 -99 -99 -99 -99 -99 -99 1.30274447758539
-99 1.36385942847377 -99 -99 -99 -99 1.26902624907828 -99 1.59397528842202 -99
-99 0.147484481709571 2.07121984715685 -99 2.46626117881614 1.54336007294689 -99 -99 -99 -99
-99 -99 -99 -99 -99 -99 -99 -2.68999120134581 -99 -99
-99 -99 -99 -99 0.79633887043523 -99 -99 -99 -99 -99
-99 0.469057485385613 -0.164112996234782 -99 -99 -99 -99 -99 -99 -99
-99 -99 -99 -99 1.17908516258151 -99 1.25896756895645 1.51917623399104 -99 2.88526994697131
0.894160655367567 -99 -99 -99 -99 -99 -99 1.06504947457611 -99 -99
-99 -99 -99 -99 -99 -99 1.01395369582666 0.581019069142477 -99 -99
4.08764306103554 -99 -99 -99 -99 -99 3.86049867518414 -99 -99 5.50858344693488
1.38166045163851 -99 -99 2.84640236698638 -99 -99 -99 -99 -99 -99
0.378025586393006 1.52586669508015 -99 -99 1.44636013381147 2.51472358167473 -99 -0.832351958994217 0.934919848748653 -99
-99 -99 0.225253816043965 -99 -99 -99 -99 -99 -99 0.0642577185776125
2.65409259648245 -99 -99 -99 -99 -99 -99 -99 -99 -99
-99 -99 -99 -99 -99 -99 -99 1.55131592839491 -99 -99
-99 -0.880944249093289 1.74833997736954 1.16172553008401 -99 2.63791061246139 -99 -99 -99 -99
-0.320335222682423 -0.893679140392692 -99 -99 0.873357219399454 -99 -99 -99 -99 -2.19393558179618
-99 -99 -1.36302774869077 -99 -99 -99 -99 -99 -99 -99
1.21637182047931 -99 0.859763472299992 -99 -99 -99 -99 -99 -99 1.78483191265093
-2.00860092825145 -99 -99 -99 -99 -99 -99 -99 -99 -99
1.94525760436019 -99 -99 -99 -99 -99 -99 -99 -99 3.0237265367306
-99 -99 1.58679508756056 1.74261463933298 -99 -99 0.795457293395557 -99 -99 -99
-99 -99 -99 -99 -99 -99 -99 -99 -99 -99
-99 -99 -99 1.96957965930721 -99 -99 -99 -99 -99 -99
-99 3.20527367615882 3.02653426582639 -99 -99 -99 -99 1.76214318759065 -99 1.59485930845195
-99 -99 -99 -99 -99 -99 -99 -99 -99 -99
-99 -99 -99 -99 -99 -99 -99 -99 -99 -99
-99 -99 2.7077026669271 -99 0.249974711467401 -99 -99 2.86244854782383 -99 -99
-99 2.60136138751519 -99 3.23210344102172 -99 -99 -99 -99 -99 -99
-99 -99 -99 -99 -99 -99 3.20030903789617 -99 1.99944373427462 -99
0.446299383732261 -99 -99 -99 -99 -99 -99 0.102859488246684 -99 -99
-99 -99 0.231626562936774 -99 1.46611333530518 2.55591637840828 -99 2.75442078425417 1.21093576384883 -99
-99 0.427630598149567 -99 -99 -99 -99 -99 -99 -99 -99
-99 -99 -99 -0.346366089783116 -99 1.91599073730228 1.14065854450503 -99 -99 -99
-99 -99 -99 -99 -99 -99 -99 -99 -99 -99
0.94086307774236 -99 -99 -99 -99 -99 -0.318395814392289 -99 -99 -99
-0.263178479157497 -99 -99 -99 -99 0.792363622218412 -99 -99 2.59877156762656 -99
1.97762242312423 -99 -99 -99 -99 -99 -99 -99 -99 -99
-99 -99 -99 -99 -99 1.32485510012599 -99 -99 -99 0.389753129287804
-99 1.49126033063142 1.15821400370296 -99 -99 -99 -99 -99 -99 -99
-99 -99 -99 -99 1.48232499410274 2.24869255754123 1.1516776088573 -99 -99 -99
0.469578048617828 0.344498678942539 -1.67421529463646 -99 -1.5013706084359 -99 -1.09492798860152 -99 -99 -99
-99 -99 -99 -99 -99 -99 -99 2.01585363960623 -99 -99
-1.61979640149918 -99 -99 -99 -0.207333557460549 -99 -99 -99 -99 -0.861123920677694
-99 -99 0.868115171573808 -99 0.420161735625941 -99 -99 -99 -99 1.52174357098798
-99 0.220756632880018 -99 -99 -99 1.99236977144578 -99 -99 -99 -99
-99 -99 3.29499144430753 -99 -99 -99 -99 2.51786286191207 -99 4.11949367105314
-99 -99 -99 -99 -1.2096136497046 -99 -99 -99 -99 -99
1.36741014371088 -99 -99 2.28933675380568 -99 -99 -99 0.807046288225444 -99 -99
-99 -99 -99 -99 -99 -99 -99 -99 -99 1.62943084129158
3.61412936415326 -99 -99 -99 -99 1.55398062392571 0.157305566909715 -99 -99 -99
-99 -99 1.75685884591731 -99 -99 -99 -99 -99 -99 2.34932110855823
-0.0113444406389005 -99 0.54307552358958 -99 -99 1.68249733498891 -99 -99 -99 -99
-99 -99 -99 -99 -99 -99 -99 -99 -99 -99
-99 -99 -99 -99 -99 -99 1.12085647227353 -99 -99 -99
-99 3.01051179024144 2.02498154653378 -99 -99 -99 -99 2.85974879085753 -99 -99
-99 -99 1.17293968493311 0.340707880606314 -99 -99 0.238266457657596 -99 -1.33178821787456 -99
-99 -99 -99 -99 -0.123720865736665 -99 -99 -99 -1.88060657205598 -99
-99 0.588775597378816 -99 -99 -1.03625164984658 -0.193142887337111 0.481401857092037 -99 -99 -99
-99 -99 -99 0.241550269440937 -99 -99 -99 -99 -99 -99
-99 -99 -99 -99 2.07977286717527 -99 1.09237084938714 -0.0415360930919644 -99 -99
-99 -99 -99 -99 -99 -99 -99 -99 1.03597082603051 0.484568732261539
-99 2.18058914683096 -99 -99 -99 1.30868196257899 -99 -99 -0.33212812016015 -1.61918993796344
-99 1.1734127261882 -99 -99 -0.86448239447977 -99 -99 -99 -99 -99
-99 -99 -99 -99 -99 -99 -99 -99 -99 -99
2.32322332223212 -99 2.46424564750755 -99 -99 -99 0.749448469008653 -99 -99 2.14462513681825
-99 -99 -99 -99 -99 2.33672807135424 -99 -99 -99 -99
-99 -99 -99 -99 -99 -99 -99 -99 -99 -99
-99 -99 -99 1.20910229034343 -99 2.49944623018735 -99 -0.019282427655785 -99 -99
-99 0.439434750732154 -99 -99 -99 1.4734405692901 -0.871354207966604 -99 1.49182142145353 -99
-99 -99 -99 -99 1.42880244873059 1.30000761666813 -99 -99 -0.579816588324799 -99
-99 -99 -99 -99 -99 -99 -99 0.0198063524153834 -99 0.934976796777501
-99 -99 -99 -99 -99 -99 -99 -99 -99 0.972584453657275
-99 -99 -99 -99 -99 2.03915433680178 -99 0.2576536383185 -99 -99
-1.26796920138008 -99 -0.320050359312907 -99 -99 -99 -0.81380506411915 -99 -0.819325099646931 -99
-99 -99 -99 -99 0.656783851458121 -99 -99 -99 -99 1.21313796804431
-99 1.78791005952601 -99 2.73742359243293 -99 -99 -99 -99 -99 -0.379890084569496
-99 0.11615790426253 -99 -99 -99 -99 -99 0.751867999281222 -0.168776599509572 -99
2.30204890910121 -99 -99 -99 -99 -99 -99 -99 -99 1.170046994598
-99 1.6552445790784 -99 -99 -99 -99 -99 1.33596142561949 -99 -99
-99 -99 -99 -99 1.4720906027136 -99 -99 -99 3.29727536679889 -99
2.51368504756522 -99 -99 -99 -99 1.95014727280871 1.37486642077958 -99 -99 -99
3.24347001792913 2.61073194536776 -99 -99 -99 -99 1.69258139882648 -99 -99 1.21903998642684
-0.115129061310645 -99 0.9126376649876 0.404661795556511 -99 -99 -99 -99 1.06534635020163 -99
-99 -99 -99 -99 -99 -99 -99 3.12755739974179 4.15498542243517 -99
-99 -99 2.43490046026967 -99 -99 -99 -99 -99 -99 -99
-0.0349218490783663 -99 -99 -0.440748003645093 -99 -99 -99 -99 -99 -99
-99 0.639574044686102 0.0909441413526753 -99 2.40092299781089 -99 -99 -0.954645818601749 1.87780000458804 -99
-99 -99 0.289610351934072 -99 0.642384013648465 -99 -99 -99 -99 -0.737298605677177
-99 -99 -99 1.54362926854091 -99 3.90881058395746 -99 -99 -99 -99
-99 -99 -99 0.789312552038325 0.607179701024425 -99 -99 -99 -99 -99
-99 2.32065316616087 -99 -99 -99 3.43358102912229 -99 -99 -99 1.87770467806162
-99 0.460640321505572 -99 -99 -99 -99 -99 -99 -99 -99
-99 -0.224591171981431 -99 -99 -99 -99 -99 0.556257992595242 -0.117812031315113 -99
-99 -99 -99 -99 -99 1.86548477441883 3.94126605697532 2.22436139485414 -99 2.26090842564041
-99 -99 -3.73499564007506 -99 -99 -3.06004527718595 -0.950391045940834 -1.66147847174326 -99 -99
-99 -99 -99 -99 -99 -99 -99 -99 -99 -99
-0.775301405530405 -99 -99 -99 -0.262273255667668 -99 -99 -99 -99 -99
-1.2753227107673 -99 -99 -99 -99 -99 -99 -99 -99 -99
-99 -99 -99 -99 -99 1.71810883102144 -99 3.66230850786556 -99 -99
-99 -99 0.440328882850122 -99 -99 -99 -99 -99 -99 -99
-99 -99 -99 -99 -99 0.333477024511609 -99 0.572226678674926 -99 -99
-99 -99 -99 -99 4.42152807804766 1.4283241274224 -99 0.998811481422368 -99 -99
1.2309056858104 -99 3.36861942999795 -99 -99 2.05665929296531 -99 0.0423281186064199 -99 1.22747774853825
-99 -99 -99 -99 -99 -1.03368220121752 -0.229060030204859 -99 -99 -99
-99 -99 -99 -99 -99 -99 -99 -99 1.3589712168997 -99
-0.788703623606253 -99 -99 1.93974942555421 1.73698145241211 -99 -99 -99 -99 -99
-1.26503011687913 -99 -1.70589928252553 -0.284926284661497 0.0372121086006091 -0.189600374510416 -0.282361879573334 -99 -99 -99
-99 -99 -99 -99 0.0878900469109097 0.389118770120981 -99 -99 -99 -99
-99 -99 -99 -99 2.68914890830986 0.456814127796615 -99 1.96008103044085 -99 -99
-99 -99 -99 2.21792292698851 -99 -99 -99 -99 -99 -99
-99 2.09692113351825 -99 -99 0.868677059380662 -99 -99 1.30292412408547 -99 -99
