-99 -99 -99 -99 -99 -99 -99 -99 -99 -99 -99 -99 -99 -99 -99
2.48138395075761 -99 -99 2.04867983382949 -99 -99 -99 -99 -99 -99 -99 -99 -99 -99 -99
-99 -99 -99 -99 -99 -99 1.97122637089267 -99 -99 -99 -99 1.43950145248983 -99 -99 -99
-99 -99 -99 -99 -99 -99 -99 -99 -99 -99 -99 -99 -99 -99 -99
2.20375992536551 -99 -99 -99 -99 -99 -99 -99 -99 -99 -99 -99 -99 -99 -99
-99 -99 -99 -99 -99 -99 -99 -99 -99 -99 -99 -99 -99 -99 -99
-99 -99 1.23632102490627 -99 -0.0823012956700091 -99 -99 -99 -99 -99 -99 -1.25920133714316 -99 -99 -99
-99 -99 -99 -99 0.968856701998474 -99 -99 -99 -99 -99 -99 -99 -99 -99 -99
-0.193774019588482 -99 0.766412537174566 -99 -99 -99 -0.13062504052984 -99 -99 1.83174673964283 -99 -99 -99 -99 -99
-2.43476194654773 -99 -99 -99 -99 -99 -99 -99 -99 -99 -99 -1.51914079794888 -99 0.491082118017172 -99
-99 -99 4.15282649343059 4.74553059183152 -99 -99 -99 -99 -99 -99 -99 -99 -99 -99 -99
-99 -99 -99 -99 -0.102405526045199 -99 -99 -99 -99 -99 -99 -99 -99 -99 -99
-99 -99 -99 -99 -99 -99 -99 -99 -99 -99 -99 -99 -99 -99 -99
-99 -99 -99 -99 -99 -99 -99 -99 -99 -99 -99 -99 0.347308765831179 -99 -99
-99 -99 -99 -99 -99 -99 -99 -99 -99 4.0525513215088 -99 -99 -99 -99 -99
-99 -99 0.457598073726 -99 -99 -99 -99 -99 -99 -99 -1.01725875363904 -99 -99 -99 -99
-99 -99 -99 -99 -99 -99 -99 -99 -99 0.723850655521555 -99 -99 -99 -99 -99
-99 -99 2.41513524481589 -99 -99 0.324474335963249 -99 -99 -99 -99 -99 -99 -99 -99 1.3041660426497
-99 -99 -99 -99 -99 -99 -99 -99 -99 -99 -1.61839139318134 -99 -99 -99 -99
-99 -99 -99 -99 -99 -99 -99 -99 -99 -99 -99 -99 -99 -99 -99
-99 -99 -99 -99 -99 -99 -99 -99 -99 -99 -99 -99 -99 3.55301579819149 2.01719594891573
-99 -99 -99 -99 -99 -99 -99 -99 -99 -99 -99 2.44318941798861 -99 -99 -99
-99 -99 -99 -99 -99 -99 -99 -99 -99 -99 1.00965401006542 -99 -99 -99 -99
-0.352175260617991 -99 -99 -99 -99 1.57675630575839 -99 -99 -99 -99 -99 1.90001840638094 -99 -99 -99
-99 -99 -99 -99 -99 -99 -99 -99 -99 -99 -99 -99 -99 1.02640589112234 -99
-99 -99 1.6519501598961 1.16306322756599 -99 3.7889004904904 2.13448181915627 -99 -99 2.26960577701708 -99 -99 -99 -99 -99
-99 -99 -99 1.13779909647713 -99 -99 -99 -99 -99 -0.227818383679304 -99 -99 -99 -99 -99
-99 1.7244731539206 -99 -99 -99 2.1034255644033 -99 -99 -99 -99 -99 -99 -99 -99 -99
-99 -99 -99 -99 -99 -99 -99 -99 -99 -99 -99 -99 -99 -99 -99
-99 -99 -99 -99 -1.057231475157 -99 -99 -99 -99 -99 -99 -99 -99 0.252801311770039 -99
-99 1.76546817566012 -99 -99 -99 -99 -99 -99 -99 -99 -99 -99 -99 -99 -99
-99 -99 -99 -99 -99 -99 -99 -99 -99 -99 -99 -99 -99 1.8543210117133 -99
-99 -99 -99 -99 -99 -99 -99 -99 -99 -99 -99 -99 -99 -99 -99
-99 -99 0.834056267328847 -99 -99 -99 -99 -99 1.9165051526043 -99 -99 -99 -99 -99 0.424787380791122
-99 -99 -99 -99 -99 -99 -99 -99 -99 -99 -99 -99 -99 -99 -99
-99 -99 -99 -99 -99 -99 -99 -99 -99 -99 -99 -99 -99 -99 -99
-99 -99 -99 -99 -99 -99 -99 -1.57865555844912 -99 -99 -99 -99 -99 0.376645879777324 -99
-99 -99 -99 -99 -99 -99 -99 -99 -99 -99 -99 -99 -99 -99 -99
-99 -99 -99 -99 -99 -99 -1.21570016765286 -99 -99 -99 -99 -99 -99 -99 -0.511294560801417
2.19509295818226 -99 -99 -99 -99 -99 -99 -99 -99 -99 -99 -99 -99 -99 -99
-99 -99 -99 -99 -99 -99 -99 -99 -99 -99 -99 -99 -99 -99 -99
1.12098787531072 -99 -99 -99 -99 -99 -99 -99 -99 -99 -0.431143405877668 -99 -99 -99 -99
-99 -99 -99 -99 -99 -99 -99 -99 -99 -99 -99 -99 -99 -99 -99
-99 -99 -99 -99 -99 -99 -99 -99 0.966134174516821 -99 -0.180522927357943 -99 -99 -99 -99
-99 -99 1.57515437265766 -99 -99 -99 -99 0.7980494016359 1.17063937500131 -99 1.49368697833762 -99 1.82318688861485 -99 1.52776168198133
-99 0.987229461223395 -99 -99 -99 -99 -99 -99 -99 -99 -99 -99 -99 -99 -99
-99 -99 -99 -99 -99 -99 -99 -99 -99 -99 -99 -99 -99 -99 -99
-99 -99 -99 -99 -2.69357509182616 -99 -99 -99 -99 -99 -99 -99 -99 -99 -99
-99 -99 -99 -99 1.53095894514534 -99 -99 -99 -99 -99 -99 -99 -99 -99 -99
-99 -99 -99 -99 -99 -99 -99 -99 -99 -99 -99 -99 -99 -99 -99
1.74014127315269 -99 -99 -99 -99 -99 -99 -99 -99 -99 -99 -99 -99 -99 -99
1.33605950654071 -99 -99 -99 -99 -99 -99 -99 -99 -99 -99 -99 -99 -0.865909239340543 -99
-99 -99 -99 -99 -99 -99 0.34038208450754 -99 -99 -99 -99 -99 2.59983237684413 -99 1.33748851641066
-99 -99 -99 -99 -99 -99 0.20133466719116 -0.579249530519309 -99 -2.4951732001435 -99 -99 -99 -99 -99
-99 -99 0.213827117320576 -99 -99 1.27152721881115 -99 2.60211935938714 -99 1.76397606673513 -99 -99 -99 -99 -99
-99 -99 -99 -99 -99 1.91874279137956 -99 -99 -99 -99 -99 -99 -99 -99 -99
-99 -99 -99 -99 -99 -99 -99 -99 -99 -99 -99 -99 -99 -99 -99
-99 2.57757379575243 -99 -99 -99 -99 -99 -99 -99 -99 -99 -99 -99 -99 -99
-99 -99 -99 -99 -99 -99 -99 -99 -99 -99 -99 -99 -99 -99 -99
-99 0.371864050434851 -99 -99 -99 -99 -99 -99 -99 -99 -0.203068286299148 -99 -99 -99 -99
-99 -99 0.839959514103728 -99 -99 -99 -99 -99 -99 -99 -99 -99 -99 -99 -99
-99 -99 -99 -99 -2.04208630152825 -99 -99 -99 -99 -1.4004556403677 -99 -99 -99 -99 -99
-99 -99 -99 -99 -99 -99 -99 -99 -99 0.507784738019849 -99 -99 -99 -99 -99
-99 -99 2.91650716982302 -99 -99 -99 0.630529003661522 -99 -99 -99 1.57242828048841 -99 -99 -99 -99
-99 -99 -99 -99 -99 -99 -99 -99 -99 -99 -99 -99 -99 -99 -99
-99 2.70797290254302 -99 0.00503357473626487 -99 -99 -99 -99 -99 -99 -99 -99 -99 -99 -99
-99 -99 -99 -99 -99 1.41570039852547 -0.426979271393289 -99 -99 -99 -99 -99 -99 -99 -99
-99 -99 -99 -99 -99 -99 -99 -99 -99 -99 -99 -99 -99 -99 -99
-99 2.08162402399826 -99 -99 -99 -99 -99 -99 -99 -99 -99 -99 -99 0.947360523834257 -99
-99 -99 -99 1.00936700679408 -99 -99 -99 -99 -99 -99 -99 -99 -99 -99 -99
-0.0819273116956987 -99 -99 -99 -99 -99 -99 -99 -99 -99 -99 0.606483488297989 0.955885584642395 -99 -99
-99 -99 -99 2.12972660229414 -99 -99 -99 -99 -99 -99 2.61749778579585 -99 -99 -99 -99
-99 -99 -99 -99 -99 -99 -99 -99 -99 -99 0.387761962866433 -99 -99 -99 -99
2.09766631635187 -99 3.08378789380028 -99 -99 2.00476551834877 -99 2.85638422368956 -99 -99 -99 1.34061466217507 -99 -99 -99
-99 -99 -99 -99 -99 -99 -99 -99 -99 -99 -99 -99 -99 -99 -99
1.55936516708988 -99 -99 -99 -99 -99 4.01716593711877 -99 -99 -99 -99 -99 -99 2.14839434443264 -99
-99 -99 -99 -99 -99 0.311115293942745 -99 -99 -99 -99 -99 -99 -99 -0.318766604664269 -99
-99 -99 -99 -99 -99 -99 -99 -99 -99 -99 -99 -99 -99 -99 -99
-99 -99 -99 0.668293122682229 -99 -99 0.243927259167445 -99 -99 -99 0.382302303680733 -99 -99 -99 -99
-99 -99 -99 4.36492827030949 -99 -99 -99 -99 -99 -99 -99 1.47187978359997 -99 -99 -99
-99 -99 -99 -99 -99 -99 -99 -99 -99 -99 -99 -2.29779448127028 -99 -99 -99
-99 -99 -99 -99 -99 -99 -99 -99 -99 -99 -99 -99 -99 -99 -99
1.93113282673311 -99 -99 -99 -99 1.64237109276878 -99 -99 -99 -99 -99 -99 -0.497778684101977 -99 -99
-99 -99 -99 -99 -99 -99 -99 -99 -99 -99 3.1717944899927 -99 -99 -99 -99
-99 -99 -99 -99 -99 -99 -99 -99 -99 -99 -99 -99 3.02684668524656 -99 -99
-99 -99 -99 -99 -99 -99 -99 -99 -99 -99 -99 -99 -99 -99 -99
-99 -99 -99 -99 -99 -99 3.76840597563148 -99 -99 -99 -99 -99 -99 3.84952261208217 -99
2.17212692470099 -99 -99 -99 -99 -99 -99 -99 -99 -99 -99 -99 -99 -99 -99
-99 -99 -99 -99 -99 -99 -99 -99 -99 -99 -99 -99 -99 -99 -99
-99 -99 -99 -99 -99 -99 1.04868567722929 -99 1.52745983515781 -99 -99 -99 -99 -99 -99
-99 -99 -99 -99 -99 -99 -99 -99 0.451820628010729 0.308600758775714 -99 -99 -99 -99 -99
-99 -99 -99 -99 -99 -99 -99 -99 -2.57026622070624 -99 -99 -2.1242400688482 -99 -99 -99
-99 -99 -99 -0.330476065385411 -99 -99 -99 -99 -99 -99 -99 -99 -99 -99 -99
-99 -99 -99 -99 -99 -99 -99 -99 -99 -99 1.58802123747641 -99 -99 -99 -99
-99 -99 -99 -99 -99 -99 3.1617231166181 -99 -99 -99 -99 -99 3.11320991598581 0.362831928679946 -99
-99 -99 -99 -99 -99 -99 -99 -99 -99 -99 0.378691885081602 -99 -99 -99 -99
1.93893789783345 -99 -99 -99 4.36906429834358 -99 -99 -99 -99 -99 -99 -99 -99 -99 -99
-0.885278610613653 -99 -99 -99 -99 -99 -99 -99 -0.914217482855208 -99 -99 -99 -99 -99 -99
-99 -99 -99 -99 -99 -99 -99 -99 -99 -0.397624913162496 -99 -99 -99 -99 -99
-99 -99 -1.12463263028243 -99 -99 -99 -99 -99 -99 -99 -99 -99 -99 -99 -99
-99 -99 -99 -99 -99 -99 -99 -99 -99 -99 -99 -99 -99 -99 -99
-99 3.35907636598972 -99 -99 -99 -99 -99 -99 1.72326526703393 -99 -99 -99 -99 -99 -99
-99 -99 -99 -0.885432460489746 -99 -99 -99 -99 -99 -99 -99 -99 -99 -99 -99
-99 -99 -99 -99 -99 -0.0487470900687361 -99 -99 -99 -99 -99 -99 -99 0.846466063628261 -99
-99 -99 -99 0.673019564617448 1.27733782603848 -99 -99 -99 -99 -99 1.00167861380297 -99 -99 -99 -99
0.903823919819071 -99 -99 -99 -99 -99 -99 0.821905430667694 1.33832261261354 -99 -99 -99 -99 -99 -99
-99 -99 -99 -99 -99 -99 1.00771321990641 -99 -99 -99 -99 -99 -99 1.23047471373142 -99
-99 -99 -99 -99 -99 0.806816541721069 -99 -99 -99 -0.213242167437113 -99 -99 -99 -99 -99
-99 -99 -99 -99 -99 -99 -99 -99 -99 -99 -99 -99 -99 -99 -99
2.14678188864715 -99 -99 -99 -99 -99 -99 -0.584780898133485 -99 -99 -99 -99 -99 -99 -99
-99 -99 -99 -99 3.53897189758364 -99 -99 -99 -99 -99 2.31045523359236 -99 -99 -99 -99
-99 3.80070413587558 -99 -99 -99 -99 -99 -99 -99 -99 -99 -99 -99 -99 -99
-1.56046572273533 -99 -99 -99 -99 -0.207867621976344 -99 -99 -99 -99 -99 -99 -99 -99 -99
-99 -99 0.290760926569763 3.23530694576801 -99 -99 -99 -99 -99 -99 -99 -99 -99 -99 -99
-99 -99 -99 -99 2.2625742893778 -99 -99 2.67740536325411 -99 -99 -99 -99 -99 -99 -99
-99 -99 2.88835924212598 -99 -99 -99 -99 -99 -99 -99 -99 -99 -99 -99 -99
-99 -99 -99 -99 -99 -99 -99 -99 -99 -0.177752248208861 -99 -99 -1.18123901378254 -99 -99
-99 -99 -99 -99 -99 -99 -99 1.06327808460452 -99 -99 -99 -99 -99 -99 -99
-99 -99 -99 -99 4.13895338236296 -99 -99 -99 -99 -99 -99 -99 -99 -99 -99
-99 -99 -99 -99 -99 -99 -99 -99 -99 -99 -99 -0.896288523714729 -99 -99 -99
-99 -99 -99 -99 -99 -99 -99 -99 -99 -99 -99 1.12189546822105 -99 -99 -99
-99 -99 -99 -99 -99 -99 -99 2.51662769365365 -99 -99 -99 -99 1.4725266804097 -99 1.79083059587167
-99 -99 -99 -99 -99 -99 0.361111454832826 -99 -99 1.34395416194724 -99 -99 -99 -99 -99
-99 -99 -99 -99 -99 -99 -3.98453719437815 -99 -99 -99 -99 -99 -99 -99 -99
-99 2.45321226945773 -99 -99 -99 -99 -99 -99 1.54645715511782 -99 -99 -99 -99 -99 -99
-99 -99 -99 -99 -99 -99 -99 -99 -99 -99 -99 -99 -99 -99 -99
-99 -99 -99 -99 -99 -99 -99 -99 -99 -99 -99 -99 -99 -99 0.348387524024317
-99 -99 -99 -99 -99 -99 -99 -99 -99 -99 -99 -99 -99 -99 -99
-99 -99 -99 -99 -99 -99 -99 -99 -99 -99 -99 -99 -99 2.21839711305464 -99
-99 -99 -99 3.36465087102793 -99 -99 -99 -99 2.20091019320323 -99 -99 2.88003265454203 -99 -99 -99
-99 2.3162856169703 -99 -99 -99 -99 -99 -99 -99 -99 -99 -99 -99 -99 -99
-99 -99 -99 -99 -99 -99 -99 -99 -0.318025133418461 -99 1.68217181626896 -99 -99 0.670985033901307 -99
-0.865403554929691 -99 0.976742597859497 -99 -99 -99 -99 -99 -99 -99 -0.173904792579245 -1.1000061655822 -99 -99 0.0365799502216143
-99 -99 -99 -99 -99 -99 -99 -99 -99 -99 -99 -99 1.28256866060026 -99 -99
-99 -0.625078617078647 -99 -99 -99 -0.145740678481889 -99 -99 -99 -99 -99 -99 -99 -99 -99
-99 -99 -99 -99 -99 -99 -99 -99 -99 -99 -99 -99 3.5602163651015 -99 2.7028581177233
-99 -99 -99 -99 -99 -99 -99 -99 0.691612394790435 0.0459108300719543 -99 -99 -99 1.24247524994486 -99
0.377512995812924 -99 -99 -99 -99 -99 -99 -99 -99 -99 -99 -99 1.59435355193089 -99 -99
-99 -99 -99 -99 -99 -99 -99 -99 -99 1.19114183608511 -99 -99 -99 -99 -99
-99 -99 -99 -99 -99 -99 -99 -99 -99 -99 -99 -99 -99 -99 -99
-99 -99 -99 -99 -99 -99 -99 -99 -99 -99 -99 -99 -99 -99 -99
-99 -99 -99 -99 -99 2.53536572625807 3.01681096793396 -99 1.57898182435028 -99 -99 -99 -99 -99 -99
-99 -99 -99 -99 -99 -99 -99 1.69921908878331 -99 -99 -99 -99 -99 -99 -99
-99 -99 -99 -99 -99 -99 2.88866179729278 -99 -99 -99 -99 -99 -99 -99 -99
-99 -99 -99 -99 -99 -99 -99 -99 -99 -99 -99 -99 1.60967956712967 -99 -99
-99 -99 -99 -99 -99 -99 -99 2.04520945324743 -99 -99 -99 -99 -99 -99 -99
-99 -99 -99 -99 0.194250608938061 -99 -99 -99 -99 -99 -99 -99 -99 -99 -99
-99 -99 -99 0.681714552261948 -99 -99 -99 -0.465484372618988 -99 -99 -99 -99 -99 -99 -99
-99 -99 -99 -99 -99 0.653176381554892 -0.608868749794979 -99 -99 2.19572108520067 -99 -99 -1.74670309358586 -99 -99
-99 -99 -99 -99 -99 -99 -99 -99 -99 -99 -99 -99 -99 -99 -99
-99 -99 -99 -99 -99 -99 -99 -1.14131041184175 -99 -99 -99 -99 -99 -99 -99
-99 -99 -99 -99 -99 -99 -99 -99 -0.504929326807744 -99 -99 -99 -99 -99 -99
-99 -99 -99 -99 -99 -99 -99 -99 -99 -99 -99 -99 -99 -99 -99
-99 -99 -99 1.84893630318005 2.99826434857815 -99 -99 2.04958648005326 -99 -99 -99 -99 -99 -99 -99
-99 -99 -99 -99 -99 0.0574941871008176 -99 -99 -99 -99 -99 -99 -99 -99 -99
-99 -99 0.703380654859208 -99 -99 0.317178643930295 -99 -99 -99 -99 -99 -99 -99 1.89331038694052 -99
-99 -99 -99 -99 0.989225378356238 0.203150652145992 -99 -0.849037648898265 -99 -99 -99 -99 -99 -99 -99
-99 -99 -99 -99 -99 -99 -99 -99 -99 -99 -99 1.1246472516795 -99 -99 -99
-99 -99 -99 -99 -99 -99 -99 -99 1.01927197848637 -99 -99 -99 -99 -99 -99
1.49492051074576 -99 -99 -99 -99 -99 -99 -99 -99 -99 -99 -99 -99 -99 -99
-99 -99 -99 -99 -99 -99 0.64346978547158 -99 -99 -99 -99 -99 -99 -99 -99
-99 -99 -99 1.34367208936481 -99 -99 -99 -99 -0.433949871568847 -99 -99 -99 -99 -99 -99
-99 -99 -99 -99 -99 -99 -99 -99 -99 -99 -99 -99 -99 -99 -99
-99 2.03772232164405 -99 -99 -99 -99 -99 -99 -99 -99 -99 -99 -99 3.21119404905617 -99
-1.00948601025972 -99 -99 -99 -1.58882418589146 -1.28439402125563 -99 -99 -99 -99 -99 -99 -99 -0.832072153888851 -1.81520509044603
-99 0.607125367996161 -99 -99 -99 -99 -99 -99 -99 -99 -99 -99 -99 -99 -99
2.0074371580021 -99 -99 -99 -99 -99 -99 -99 -99 -99 -99 -99 -99 -99 -99
-99 -99 -99 -99 -99 -99 -99 2.99529315824368 -99 -99 -99 0.559234249041348 -99 -99 0.0670846341639504
-99 -99 -99 -99 -99 -99 -99 -99 -99 -99 -99 -99 -99 -99 -99
-99 -99 -99 -99 -99 -99 -99 -99 -1.48903480194135 -99 -99 -99 -99 -99 -99
0.0592332673288083 -99 -99 -99 -99 -99 -99 -99 -99 -99 -99 -99 -99 -99 -99
-99 -99 -99 -99 -99 -99 -99 -99 -99 -99 -99 0.600503991214342 0.786726160018444 -99 -99
-99 -99 -99 -99 -99 -99 -99 -99 -99 -99 2.33350944668875 -99 1.2786273135323 -99 -99
-99 -99 -99 -99 -99 -99 0.898014027047912 -99 -99 -99 -99 -99 1.72393356183316 -99 -99
-0.348784993402852 -99 -99 1.85770262582231 -99 -99 -99 -99 -99 -99 -99 -99 0.418704572503481 -99 -99
-0.567312341486629 -99 -99 -99 -99 -99 -99 -99 -99 -99 1.53067017725012 0.237823925791467 -99 -99 -99
-99 -99 0.362060447868183 -99 -99 -99 -99 -99 -99 -99 -99 -99 -0.646499514763004 0.958491830032247 1.32093601898577
0.239993751926954 -99 -99 -99 1.78505042176241 -99 -99 -99 -99 -99 -99 -99 -99 -99 -99
2.31683482774981 -99 -99 -99 -99 -99 -99 -99 -99 -99 -99 -99 -99 -99 -99
-99 1.3622214821039 -99 -99 -99 -99 -99 -99 -99 -99 -99 -0.752039502545633 -99 -99 -99
-99 -99 -99 -99 -99 -99 -0.141118394086657 -99 -99 -99 -99 -1.02246544309271 -99 -99 -99
-0.27152082779061 -99 -99 -99 -99 -99 -99 -99 -99 -99 -99 2.23156834028942 -99 -99 -99
-99 1.65078157083127 -99 0.457956532968472 -99 -99 -99 -99 -99 -99 -99 -99 0.003685995848559 -99 -99
-99 -99 -99 -99 -99 -99 -99 -99 -99 1.70481099498497 -99 -99 -99 -99 -99
-99 -99 -99 -99 -99 -99 -99 -99 -99 -99 -99 -99 -99 -99 -99
-99 -99 -99 -99 -99 -99 -99 -99 -99 -99 -99 -99 -99 -99 -99
-99 0.339066458941938 -99 -99 -99 -99 -99 -99 -99 -99 -99 -99 -99 -99 0.590524042684129
-99 -99 -99 -99 -99 -99 1.82316095149831 -99 -99 -99 -99 -99 3.5921457664039 -99 -99
-99 -99 -99 0.362641244112372 -99 -99 -99 -99 -99 -99 -99 -99 -99 -99 3.01345575941281
-99 -99 -99 -99 -99 -99 -99 -99 -99 -99 0.113256574579662 -99 -99 -99 -99
1.52487032756651 -99 -99 -99 -99 -99 -99 -99 -99 -99 -99 -99 -99 -99 -99
-99 -99 -99 -99 -99 -99 -99 -99 -99 -99 -99 -99 -99 -99 -99
-99 -99 -99 -99 -99 -99 -99 -99 -99 -99 -99 -99 -99 -99 -99
2.71958814212987 -99 -0.39594362383617 -99 -99 -99 -99 -99 -99 -99 -99 -99 -99 -99 -99
-99 -99 -99 -99 -99 -99 -99 -99 -99 -99 -99 -99 -99 -99 -99
-99 -99 -99 -99 -99 -99 -99 -99 -99 -99 -99 -99 -99 -99 -99
-99 -99 -99 -99 -99 -99 -99 -99 -99 1.67518267904687 -99 -99 -99 -99 -99
-99 -99 -99 -99 -99 -99 -0.0800958418094817 -0.858489668928501 -99 -99 -99 -0.188177578688434 -99 -99 -99
-99 -99 -99 -99 -99 -99 -99 1.10350510346479 -99 -99 0.494502267185908 -99 -99 -99 -99
-99 -99 -99 -99 -99 -99 -99 -99 -99 -99 0.828463775497964 -99 -99 -99 -99
-99 -99 -99 -99 -99 -99 -99 -99 -99 -99 -99 -99 0.954557188388868 -99 -99
-99 -99 -99 -99 -99 -99 -99 -99 -99 -99 3.45785155406331 -99 -99 -99 -99
-99 -99 -99 -99 -99 3.20615966929054 -99 -99 -99 -99 3.57750453327467 -99 -99 -99 -99
-99 -99 -99 -99 -99 -99 -99 1.69751224041889 -99 -99 -99 -99 -99 -99 -99
-99 -0.273963452080724 0.24566108258385 -99 -99 -99 -99 -99 -99 -99 -99 -99 1.4488197520155 -99 -99
-99 -99 -99 -99 -99 -99 -99 -99 -99 -99 -99 -99 1.1883204365301 -99 -99
-99 -99 -99 -99 -99 -99 -99 -99 -99 -99 -99 -99 -99 -99 -99
-99 -99 -99 -99 -99 -99 2.67344729583165 -99 -99 -99 -99 -99 -99 -99 -99
-99 -99 -99 0.411297586319357 -99 -99 -99 -99 -99 -99 -99 -99 -99 -99 -99
-99 -99 -99 -99 -99 -99 -99 -99 -99 -99 -0.0290477472094908 -99 -99 -99 -99
-99 -99 -99 -99 -99 -99 -99 -99 -99 -99 -99 -99 -99 0.352597030001485 -99
-99 -99 -99 -99 -99 -99 -99 -99 -99 -99 0.603797418613544 -99 -99 -99 -99
-99 -99 -99 -99 -99 -99 -99 -99 -99 -99 -99 -99 -99 -99 -99
-99 -99 -99 -99 -99 -99 -99 -99 -99 -99 -0.572725084967488 -99 -99 -99 -99
-99 -99 -99 2.98234537377426 -99 -99 -99 2.74016901289653 -99 -99 -99 -99 -99 -99 -99
-0.176880362103736 -99 -99 -99 -99 -99 -99 -99 -99 -99 0.483646184664893 -99 -99 -99 -99
-99 -99 -99 -99 -99 -99 -99 -99 -99 -99 -99 -99 -99 -99 -99
-99 1.03022699243505 -99 -99 -99 -99 -99 -99 -99 -99 -99 -99 -99 -99 -99
-99 -99 2.67468616641064 -99 -99 -99 -99 -99 -99 -99 -99 -99 -99 -99 1.1280847926779
-99 -0.0366795815160217 -99 -99 0.140047640455207 -99 -99 0.794695852304764 -99 -99 -99 -99 -99 -99 -99
-99 -99 -99 1.95586692775338 -99 -99 -99 -99 -99 -99 -99 -99 -99 -99 -99
-99 -99 0.888223028959843 -99 -99 -99 -99 -99 -99 -99 -99 -99 -99 -99 -99
-99 -99 -99 -99 3.01765699105252 -99 -99 -99 -99 -99 0.495909932947183 -99 -99 -99 1.81903680728886
-99 -99 -99 -99 -99 -99 -99 -99 -99 -99 -99 -99 -99 -99 -99
-99 -99 -99 -99 -99 0.82175792778776 -99 1.16310161806605 -99 -99 -99 -99 0.381611518113658 -99 -99
-99 -99 -99 -99 -99 -99 -99 -99 -99 -99 -99 -99 -99 -99 -99
-99 2.63161547130779 -99 -99 -99 -99 -99 -99 -99 -99 -99 -99 -99 -99 -99
-99 -0.948185107185392 -99 -99 -99 -99 -99 -99 -99 -99 -99 -99 -99 -0.687840795568566 -99
-99 -99 -99 -99 -99 -99 0.255480962120508 -99 0.646548893024313 0.795038162444606 -1.12058477761586 -99 -99 -99 -99
-99 -99 -99 -99 -99 -99 -99 -99 -0.769160097594511 -99 1.94564069608722 -99 0.846222633109901 -99 -99
-99 -99 -99 -99 -99 -99 -99 -99 -99 -99 -99 -99 -99 -99 -99
-99 -99 -99 -99 -99 -99 -99 -99 -99 -99 -99 -99 -99 -99 -99
-99 -2.14023008279238 -2.42308818320401 -99 -99 -99 -99 -99 -99 -99 -99 -99 -99 0.0998587276219998 -0.993060317546714
-99 -99 2.83163673311389 -99 -99 1.16267045586481 -99 3.0802339566982 -99 -99 -99 -99 -99 -99 -99
-99 0.924497530343771 -99 -99 -99 -99 -99 -99 -99 -99 0.99832858907021 0.759912373058225 -99 -99 -99
-99 -99 -99 -99 -99 -99 -99 0.33201731124071 -99 -99 -99 -99 -99 -99 -99
-99 -99 -99 -99 -99 -99 -99 -99 -99 -99 -99 1.2509375467784 1.14109773708497 -99 -99
-99 -99 -0.419957349147583 -99 -99 -99 -99 -99 -99 -99 -99 0.635332879255737 -99 -99 -1.66802207145218
-99 -99 -99 -0.561300213456426 -99 -99 -99 -99 -99 -99 3.75835653081502 -99 -99 -99 -99
-99 -99 -99 -99 -99 1.42827658329695 -99 -99 -99 -99 -99 -99 -99 -99 -99
-99 -99 -99 -99 -99 -99 -99 -99 4.47508549558935 2.4469969886082 -99 -99 -99 -99 -99
-0.0591696978644083 -99 -99 -99 -99 0.0197017877027746 -99 -99 -99 -99 0.604103700144902 -99 -99 -99 -99
-99 1.96165418122099 -99 3.09503440843286 -99 -99 -99 -99 -99 -99 -99 -99 -99 -99 -99
-99 -1.91812774512921 -99 -99 -99 -99 -3.04189687167999 -99 -99 -99 -99 -99 -99 -99 -99
-99 -99 -99 -99 -0.661272951604449 -99 -99 -99 -99 1.94307712903727 -99 -99 -99 -99 -99
-99 -99 -99 -99 -99 -99 -99 -99 -0.594031868858662 -99 -99 -99 -99 -99 1.18908440715972
-99 -99 -99 -99 -99 -99 -99 -99 -99 -99 -99 -99 -99 -99 -99
-99 -99 -99 -99 -99 -99 -99 -99 -99 -99 -99 -99 -99 -99 0.620606626172915
2.47602687502819 -99 -99 1.27781040612389 -99 -99 2.4919811561249 -99 -99 -99 -99 -99 -99 -99 -99
-99 -99 3.46655681602909 -99 3.33552305128224 -99 -99 -99 -99 -99 -99 -99 -99 -99 -99
0.53043302630628 -99 -99 -99 -99 -99 -99 -99 -99 1.63410687665217 -99 -99 -99 -99 -99
-99 -99 -99 -99 -99 -99 -99 -99 -99 -99 -99 -99 -99 1.01991657236909 -99
-99 -99 0.633756721806959 1.50973216426276 -99 -99 -99 -99 1.89170975560515 -99 -99 -99 -99 -99 -99
-99 -99 -99 -99 -99 -99 -99 -99 -99 -99 -99 -99 3.09562270458723 -99 -99
-99 -99 -99 -99 -99 -99 -99 -99 -99 -99 -99 -99 -99 -99 -99
-99 -99 -99 -99 -99 -99 -99 -99 -99 -99 -99 -99 -99 -99 -99
-99 -99 -99 -99 -99 -99 -99 -99 -99 -99 -99 -99 -99 -99 -99
-99 -99 -99 -99 -99 -99 0.860462204095467 -99 1.40101279084218 -99 -99 -99 -99 -99 -99
-99 -99 -99 -99 -99 -99 -99 -99 -99 -99 -99 -99 -99 -99 -99
-99 -99 -99 -99 -99 2.75160884607137 0.893286012418935 -99 -99 -99 -99 -99 -99 -99 2.20205203655323
-99 -99 -99 3.75256415685071 -99 -99 -99 -99 -99 -99 -99 -99 -99 3.29452415020897 -99
-99 -99 1.09161818781718 -99 -99 2.07825565293537 -99 -99 -99 -99 -99 -99 -99 -99 -99
-99 -99 0.347263008855719 -99 -99 0.664603222766384 -99 -99 -99 -99 -99 -99 -99 -99 -99
-99 -99 -99 -99 0.472850965141063 -99 -99 -99 -99 -99 -99 -99 -99 -99 -99
-99 -99 -99 -99 -99 -99 -99 -99 -99 -99 -99 -99 -99 -0.319849982864767 -99
-99 -99 -99 -99 1.19596985286662 -99 -99 -99 -99 -99 -99 -99 -99 -99 -99
-99 -99 -99 0.499334896801881 -99 -99 -99 -99 0.0430961406185006 -99 -99 -99 -99 -99 -99
-99 -99 -99 -99 -99 -99 -99 -99 -99 -99 -99 -99 -99 -99 -99
-99 -99 -99 -99 -99 1.35995446246429 -99 -99 -99 -99 -99 -99 -99 -99 -99
-99 -99 -99 -99 1.38999890122406 -99 -99 -99 -99 -99 -99 1.86688552221894 -99 -99 -99
-99 -99 -99 -99 -99 -99 -99 -99 -99 -99 -99 -99 -99 3.01263788387278 -99
-99 0.924571596558316 -99 -99 0.859421505154331 -99 -99 -99 -99 -99 -99 -99 -99 -99 -99
-99 -99 -99 -99 -99 -99 -99 -99 -99 -99 -99 -99 -99 -99 -99
-99 -99 -99 -99 -99 -99 -99 -99 -99 -99 -99 -99 -99 -99 -99
-99 -99 -99 -99 -99 -1.75299933307915 -99 -99 -99 -99 -99 0.433871869686409 -99 -99 -99
-99 -99 -99 -99 -99 -99 2.86816115324025 -99 -99 2.6975865406131 -99 -99 -99 -99 -99
-99 -99 -99 -99 -99 -99 -99 -99 -99 -99 -99 -99 -99 -99 -99
-99 -99 -99 -99 -99 -99 -99 -99 -99 -99 -99 -99 -99 1.42256282192113 -99
-99 -99 -99 -99 -99 -99 -99 -99 0.104688226436239 -99 -99 -99 1.44533686715894 -99 -99
2.23855448465479 -99 -99 -99 -99 -99 -99 -99 -99 -99 -99 -99 -99 -99 -99
-99 -99 -99 -99 -99 -99 -99 -99 -99 -99 -0.826836417417446 -99 -99 -99 -99
-99 -99 0.762969208034145 -99 -99 -99 -99 -99 1.68961096563729 3.7419675957872 -99 -99 1.03865151216016 -99 -99
-99 -99 -99 -99 -99 -99 -99 -99 -99 -99 -99 -99 0.405372424394527 0.25798810711143 -99
-99 -99 -99 -99 0.650646441492843 -99 -99 -99 -99 -99 -99 -99 0.869836803372051 -99 -99
-99 -99 -99 -99 -99 -99 -99 -99 -99 2.10351561967048 -99 -99 -99 -99 1.52164007569962
-99 -99 -99 -99 -99 -99 -99 -99 -99 -1.91259077575723 -99 -99 -99 -99 -99
-99 2.42917115886929 -99 -99 -99 -99 -99 -99 1.05117397552462 -99 -99 -99 -99 3.14871203147828 -99
-99 -99 -99 -99 -99 -99 -99 -99 -99 -99 -99 -99 -99 -99 -99
-99 -99 -99 -99 -99 -99 -99 -99 -99 3.26054756059023 -99 -99 -99 -99 -99
-99 -99 3.324669608902 -99 -99 -99 -99 -99 -99 -99 -99 -99 -99 -99 2.72779620371066
-99 -99 -99 -99 -99 -99 -99 -99 -1.40445642769755 -99 -99 -99 -99 -99 -99
-99 -99 -99 -99 -99 -99 -99 -99 -99 -99 -99 -99 -99 -99 -99
-99 -99 -99 -99 -99 -99 -99 -99 -99 -99 -99 -99 -99 -99 -99
-99 -99 -99 -99 -99 -99 -99 -99 0.879106703411019 -99 -99 -99 -99 -99 -99
-99 -99 -99 1.96672346814392 -99 -99 -99 -99 -99 -99 -99 0.83585206050705 -99 -99 -99
2.98242543583301 -99 -99 -99 -99 -99 -99 -99 -99 -99 0.486121867768325 -99 -99 -99 -99
0.231374802003456 -99 -99 -99 1.67393768877055 -99 -99 -99 -99 1.74819258741271 -99 -99 -99 -99 -99
2.69074965874061 -99 2.86165139053663 -99 -99 -99 3.92454784238202 -99 -99 -99 -99 -99 -99 -99 -99
-99 -99 -99 -99 -99 3.37650027710735 -99 -99 -99 2.2424384504324 -99 -99 -99 -99 -99
2.59336686872371 -99 -99 -99 -99 -99 -99 -99 -99 -99 -99 -99 -99 -99 -99
-99 -99 -99 -99 -99 -99 -99 -99 3.14870280287062 -99 -99 -99 -99 -99 -99
-99 -99 -0.0869947714414008 -99 -99 -99 -99 -99 -99 -99 -99 -0.642849187816543 -99 -99 -99
-99 3.01506155593985 -99 -99 -99 -99 -99 -99 -99 1.97282494201147 -99 -99 -99 -99 -99
1.14392062042179 -99 -99 -99 -99 0.701681286604656 -99 -99 -99 -99 -99 -99 -99 -99 -99
-99 -99 -99 -99 -99 -99 -99 -99 2.60624256818231 -99 -99 -99 -99 2.53274736051642 -99
-99 -99 -99 -99 1.93074078793007 -99 -99 -99 -99 1.68263329187157 -99 -99 -99 -99 -99
-99 -99 -99 -99 0.929512939321554 -99 -0.768012009101884 -0.389396113984678 -99 -99 -99 -99 -99 -99 -99
-99 -99 -99 -99 -99 -99 -99 -99 -99 -99 -2.04775104300834 -99 -99 -99 -99
-99 1.30179461876115 -99 -99 -99 -99 -99 -99 -99 -99 -99 -1.14769144746979 -99 -99 -99
-99 -99 -99 -0.605484910482267 -99 1.11635458753308 -99 -99 -99 -99 -99 -99 -99 -99 -99
-99 -99 -99 -99 -99 -99 -99 -99 1.0924856054791 -99 -99 -99 -99 -99 -1.25163902087694
-99 -99 -99 -99 -99 -99 -99 -99 -99 -99 -99 -99 -99 -99 -99
-99 -99 -99 -99 -99 2.16577120227515 -99 -99 -99 -99 1.25833483909532 -99 -99 1.95135410535805 -99
-99 -99 -99 -99 -99 -99 -99 -99 -99 -99 -99 -99 1.90935689604541 -99 -99
-99 -99 -99 -99 -99 -99 -99 -99 -99 -99 -99 -99 -99 -99 0.0567444998031228
-99 -99 -99 -99 -99 -1.35472239574879 -99 -99 -99 -99 -99 -99 -99 -99 -99
-99 -99 -99 -99 -99 -99 -99 -99 -99 -99 0.232917932771361 -99 -99 -99 -99
-99 -99 -99 -99 -99 -99 -99 -99 -99 0.26539436721509 -99 -99 -99 -99 -99
-99 -99 -99 -99 -99 -99 -99 -99 -99 -99 0.542695529008391 -99 -99 -99 -99
-99 -99 -99 -99 -99 -99 -99 -99 -99 -99 -99 -99 -99 -99 -99
-99 -99 -99 -99 -99 -99 -99 -99 -99 -99 -99 -99 -99 -99 -99
3.64955593529255 -99 -99 -99 -99 -99 -99 -99 -99 -99 -99 -99 -99 -99 -99
-99 -99 -99 -99 -99 -99 0.500298847453642 -99 -99 -99 -99 -99 -99 -99 -99
-99 2.64037379550669 -99 -99 -99 -99 -99 -99 -99 -99 2.20114661706358 -99 -99 -99 -99
-99 -99 -99 -99 -99 -99 -99 -99 -99 3.23173802380887 -99 -99 -99 -99 -99
-99 -99 -99 -99 -99 -99 -99 -99 -99 -99 -99 -99 -99 -99 -99
-99 1.10908731849992 -99 -99 -99 -99 -99 -99 -99 -99 -99 -99 -99 -99 -99
-99 -99 -99 -99 -99 -99 3.48172265879547 -99 -99 -99 -99 -99 -99 -99 -99
-99 -99 -99 -99 0.175030396332365 -99 -99 -99 -99 -99 -99 -99 -99 1.30349495625182 -99
-99 -99 -99 -99 -99 -99 0.830883679395895 0.988295487231152 -99 -0.0715322676906971 -99 0.597295908757835 -99 -99 -99
-99 -99 2.16321479119031 -99 -99 3.39630776666861 -99 -99 -99 -99 -99 -99 1.75481457310943 -99 -99
-99 -99 -99 -99 -99 -99 -99 -99 -1.51396190869129 -99 -99 -99 -99 -99 -99
-99 -99 -99 -99 -99 -99 -99 -99 -99 -99 -99 -99 -99 -99 -99
-99 -99 -99 -99 -99 1.86670470802356 -99 3.24126615757066 -99 -99 -99 -99 -99 -99 -99
-99 -99 -99 -99 2.31636632464758 -99 -99 -99 -99 -99 -99 -99 -99 -99 -99
-99 -99 -99 -99 -99 -99 -99 -99 -99 -99 -99 -99 -99 -99 -99
-99 -99 -0.611469524921038 -99 -99 -99 -99 -99 -99 -99 -99 -0.802729125022326 -99 -99 -99
-99 -99 -99 -0.958507244573803 -0.481036661001411 -99 -99 -99 -99 -99 -99 -99 -0.702850164631045 -99 -99
-99 -99 -99 -99 -99 -99 -99 -99 -99 -99 -99 -99 -99 -99 -99
-99 -99 -99 -1.36126828039019 -99 -99 -99 -99 -99 -99 -99 -99 -99 -99 -99
-99 -99 -99 -99 -99 1.95339854512072 -99 -99 -99 0.989484341580914 -99 -99 2.82708856345323 -99 -99
-99 -99 -99 -99 -99 -99 -99 -99 -99 -99 -99 -99 -99 -99 -99
-99 -99 1.78736246718262 -99 -99 -99 -99 -1.31258284422635 -99 -99 -99 -99 0.986047838874216 -99 -99
-99 -99 -99 2.75657523203241 -99 -99 -99 -99 -99 -99 -99 -99 -99 -99 -99
-99 -99 -99 -99 -99 -99 -99 -99 1.91479090072618 -99 -99 -99 -99 -99 1.80667275138094
-99 -99 -99 2.16127059213615 -99 -99 1.14006224703127 -99 -99 -99 -99 -99 -99 -99 -99
-99 -99 -99 -99 -99 -99 -99 -99 -99 -99 -99 -99 -99 -99 -99
-99 -99 1.75843163625409 -99 -99 -99 -99 -99 -99 -99 -99 -99 -99 -99 -99
-99 -99 -99 -2.12289512704579 -99 -99 -99 -99 -99 -99 -99 -99 -99 -99 -99
-99 -99 -99 -99 -99 -99 -99 -99 -99 -99 -99 -99 -99 -99 -99
-99 -99 -99 -99 -99 -99 1.27507987246664 2.37728900353555 3.70734395318444 -99 -99 -99 -99 -99 -99
1.31644185682239 -99 -99 -0.468472347379916 -99 -99 -99 0.175112298691964 0.998799025626057 -99 -99 -99 -99 -99 -99
-99 -99 -99 -99 2.36247428232025 -99 -99 -99 -99 -99 -99 -99 -99 1.7601545569144 -99
-99 -99 -0.684497382929895 -99 -99 -99 -99 -99 -99 -99 0.21317150897748 -99 -99 -99 -99
-99 -99 -99 -99 -99 -99 -99 -99 -99 -99 -99 -99 -99 -99 -99
-99 0.479454633845144 -99 -99 -99 -99 -99 -99 1.54037667704571 -99 3.56755605031415 -99 -99 -99 -99
-99 -99 -99 -99 0.282692680919114 -99 -99 -99 -99 -99 -99 -99 -99 -99 -99
-99 -99 -99 -99 -99 1.28023965173103 -99 -99 -99 -99 -99 -99 -99 -99 -99
-99 -99 -99 -99 2.2454347809014 -99 -99 -99 -99 -99 -99 1.98858881581413 -99 -99 -99
-99 -99 -99 -99 -0.31367180391489 -99 -99 -99 -99 -99 -99 -99 -99 -99 -99
-99 -99 -99 -99 -99 -99 -99 2.55664475447821 -99 -99 -99 -99 -99 -99 -99
-99 -99 -99 -99 -99 -99 -99 -99 -99 -99 -99 -99 -99 -99 -99
0.372779929191485 -99 -99 -99 -99 -99 -99 1.0202474628171 -99 -99 -99 -0.740430279365135 1.06746389233404 -99 -99
-99 -99 -99 -99 -99 -99 -99 -99 -99 -99 -99 -99 1.03446754484158 -99 -99
-99 -99 -99 -99 -99 -99 -99 -99 -99 2.52324331556396 1.38824397001315 -99 -99 -99 -99
-99 -99 -99 -99 -99 -99 -99 -99 -99 -99 -99 -99 1.24322387311763 2.25856921956683 -99
-99 -99 -99 -99 3.34664530951862 -99 -99 -99 -99 -99 -99 0.439218172690728 -99 -99 -99
-99 -99 -99 -99 -99 -99 -99 -99 -99 -99 -99 -99 -99 -99 -99
-99 -99 -0.106656334473601 -99 -99 -99 -99 -99 -99 -99 -99 -99 -99 -99 -99
1.41877454103381 -99 -99 -99 -99 -99 -99 -99 -99 -99 -99 -99 -99 -99 -99
-99 -99 -99 -99 0.0432319066273151 -99 -99 -99 -99 -99 -99 -99 -99 -99 -99
-99 -99 -99 -99 -99 -99 -99 -99 -99 0.492644942406137 -99 -99 1.649724194855 -0.760100724659463 0.820488234840183
-99 -99 -0.30181012465251 0.130646522759413 -99 -99 -99 -99 -99 -99 1.05479083507066 -99 0.431247247884549 -99 -99
-99 -99 -99 -99 -99 -99 -99 0.203463170656362 -99 -99 -99 -99 -99 -99 -99
-99 1.99790068905268 -99 -99 -99 -99 -99 -99 -99 -99 -99 -99 -99 0.964283967606794 -99
-99 -99 -99 1.86507464378012 -99 -0.173481357918863 -99 -0.245031434757804 -99 -99 -99 -99 -99 -99 -99
-99 -99 -99 -99 -99 3.72125141563495 -99 -99 -99 -99 -99 0.899476991871427 -99 -99 -99
-99 -99 -99 -99 -99 -99 -99 -99 -99 0.783157476849554 -99 -99 -99 -99 -99
-99 -99 -99 -99 -99 1.40317751204282 -99 -99 -99 1.45254126234487 -99 -99 -99 -99 -99
-99 -99 -99 -99 -99 2.77652492499871 -99 -99 -99 -99 -99 2.31978829910271 -99 -99 -99
-99 -99 -99 -99 -99 -99 -99 -99 -99 -99 -99 -99 -99 -99 -99
-99 -99 -99 -99 -99 -99 -99 -99 -99 -99 -99 -99 -99 -99 -99
-99 -99 -99 -99 -99 2.26214377248149 -99 -99 2.67528164235163 -99 -99 -99 -99 -99 -99
-99 -99 -99 -99 -1.29028333550456 -99 -99 -99 -99 -99 -99 -2.00665017426267 -1.55755204077793 -2.39901642342184 -99
-99 2.45084582153795 -99 -99 -99 1.43467020536082 -99 -99 -99 2.56214129387218 -99 -99 -99 -99 -99
1.13029439444377 -99 -99 -99 2.2261435411148 -99 -0.135261858269004 -99 -99 -99 -99 -99 -99 -99 -99
-99 -99 -99 -99 1.001951602811 -99 0.539445233183033 -99 -99 -99 -99 -99 -99 -99 -99
-99 -99 -99 -99 -99 0.292847331778078 -99 -99 -99 -99 -99 -99 -99 -99 -99
-99 -99 -99 -99 -99 -99 -99 -99 -99 -99 -99 -99 -99 -99 -99
-99 -99 -99 -99 -99 -99 -99 -99 -99 -99 -99 -99 -99 -99 -99
-99 -99 -99 -99 -99 -99 -99 -99 -99 -99 -99 -99 1.67636447759671 -99 -99
-99 0.0210247557509464 -99 -99 -99 -99 -99 2.6284762570879 -99 -99 1.39944935884111 -99 -99 -99 -99
-99 -99 -99 -99 -99 -99 -99 -99 -99 -99 -99 -99 -99 -99 -99
-99 -99 -99 3.55227016345616 -99 -99 -99 -99 -99 -99 -99 -99 -99 -99 -99
-99 -99 2.42656171793511 -99 -99 1.11622606740733 0.361453953697028 -99 -99 -99 0.56140546777505 -99 -99 -99 -99
-99 -99 -99 -99 -99 -99 -99 -99 -99 -99 -99 -99 -99 -99 -99
-99 -99 -99 -99 -99 -99 -99 -99 -99 -0.596874115716347 -99 -99 -99 -99 -99
-99 -99 -99 -99 -99 -99 -99 -1.929005840886 -99 0.366395013356694 -99 -99 0.511703658254518 -99 -0.94783523503835
-99 1.24365648469724 -99 -99 -99 -99 -99 3.14539368565921 -99 -99 -99 -99 -99 -99 -99
-99 -99 -99 -99 -99 -99 -99 -99 -99 -99 0.489358293328269 -99 2.20363921191269 -99 -99
-99 -99 -99 -99 -99 -99 -0.179798377601638 -99 -99 1.19548191796963 -99 -99 -99 -99 -99
-99 -99 -99 -99 -99 -99 -99 -99 -99 0.718473229913716 -99 -99 -99 -99 -99
-99 -99 -99 -99 -99 -99 -99 -99 -99 -99 -99 -99 -99 -99 -99
-99 -99 -99 -99 -99 -99 -99 -99 -99 -99 -99 -99 4.48432251751721 -99 -99
-99 -99 -99 -99 -99 -99 -99 -99 -99 -99 -99 -99 -99 -99 -99
-99 -99 -99 -99 -99 -99 -99 -99 -99 -99 1.41604650199192 -99 -99 -99 -99
-99 -99 -0.0580273431647769 -99 -99 -99 -99 -99 -99 -99 -99 1.88849284017022 -99 -99 -99
-99 -99 -99 0.98442836724127 -99 -99 -99 -99 -99 -99 -99 -99 -99 2.75235386422692 -99
-99 -99 0.101250517482927 -99 -99 -99 -99 0.748683199655675 -99 -99 0.583395488420197 -99 -0.809283694967663 -99 -99
-99 -99 -99 -99 1.62219003780973 -99 -99 -99 -99 -99 -99 -99 -99 -99 -99
-99 -99 -99 0.705623249390647 2.46024565025726 -99 -99 0.619061559901018 -99 -99 -99 -99 0.013731860270375 -99 -99
-99 1.05219579715016 -99 3.0717330128094 -99 -99 -99 -99 -99 -99 -99 -99 -99 -99 -99
-99 -99 -99 -99 -99 -99 0.780472112825702 -99 -99 -99 -99 -99 -99 -99 -99
-99 -99 -99 -99 -99 -99 -99 -2.569591362191 -99 -99 -99 -99 -99 -99 -99
-99 0.303852272882741 0.247447128774802 -99 -99 -99 -99 -99 -99 -99 -99 -99 -99 -99 -99
-99 -99 -99 -99 -99 -99 -99 -99 -99 -99 -99 -0.0316261682347831 -99 -99 -99
-99 -99 -99 -99 -99 -99 -99 -99 -99 -99 -99 -99 -99 -99 -99
-99 -99 -99 -99 -99 -99 -99 -99 -99 -1.05958554127223 -99 -99 -99 -99 -99
-99 -99 -99 1.95442507591809 1.0941822097373 1.13028997650758 -99 -99 -99 -99 -99 -99 -99 -99 -99
-99 -99 -99 -99 2.5593711417593 -99 -99 -99 -99 -99 -99 -99 -99 -99 -99
-99 -99 -99 -99 -99 -99 -99 -0.407106576444824 -99 -99 -99 -99 0.356002884064573 -99 -99
-99 -99 -99 -99 -99 -99 -99 -99 -99 -99 -99 -99 -99 -99 -99
-99 -99 -99 -0.92407621535761 -99 -99 -99 -99 -99 -2.41880348679301 -99 -99 -0.874267536176982 -99 -99
-99 -99 -99 -99 -99 -99 -99 -99 -0.0867906972973349 -99 -99 -99 -99 -99 -99
-99 -99 -99 -99 -99 0.432393024878285 -99 1.01374958507682 -99 -99 -99 -99 -99 -99 -99
-1.4977007297224 0.795255230963375 -99 -99 -99 -99 -99 -99 -99 1.15442935102703 -99 -99 -99 -0.606474311715196 0.118742169983953
-99 -99 -99 -99 -99 -99 -99 0.429043947831101 -99 -99 -99 -99 -99 -99 -99
-99 -99 -99 -0.494305242987094 -99 -99 -99 -99 -99 -99 -99 -99 -99 -99 -99
-99 -99 -99 -99 -99 -99 -99 -99 0.948398194471624 -99 -99 -99 -99 -99 -99
-99 -99 -99 -99 -99 -99 1.80600127972082 -99 -99 -99 -99 -99 -99 -99 -99
-0.372483967298403 -99 -99 -99 -99 -99 -99 -99 -99 -0.418011118421949 -99 0.296881922459168 -99 -99 -99
-99 -99 -1.00827037651453 -99 -99 -99 -99 -99 -99 -99 -99 -99 -99 -99 -0.121881270054788
-99 -99 -99 -99 -0.284293254034781 -99 0.385496662576936 -99 -99 -99 -99 -99 -99 -99 -99
-99 -99 -99 -99 -99 1.13772432631915 -99 -99 -99 -99 -99 -99 -99 -99 -99
-99 -99 -99 -99 -99 -1.7792083857126 -99 -99 -99 -99 -99 -99 -99 -99 -99
-0.483393521397756 -99 -99 -99 -99 -99 -99 -99 -99 -99 -99 -99 -99 -99 -99
-99 -99 -99 -99 -99 -99 -99 -99 -99 0.36239356340464 -99 -99 -99 -0.0547307112321449 -99
-0.35777642596436 -99 -99 -99 -99 1.95838295122907 -99 -99 -99 -99 -99 -99 1.10674366425208 -99 -99
0.054907103991536 -99 -99 -99 -99 -99 -99 -99 -99 -99 -99 -99 -99 -99 1.14627995168381
-99 -99 -99 -99 -99 -99 -99 -99 -99 -99 -99 -99 -99 -99 -99
3.38747197267704 -99 -99 -99 -99 -99 -99 -99 -99 -99 -99 -99 -99 -99 -99
1.32332431914379 -99 -99 -99 -99 -99 3.03045139331361 -99 -99 -99 -99 -99 -99 -99 -99
-99 -99 -99 -99 -99 -99 -99 1.46842523479024 -99 -99 -99 -99 -99 -99 -99
-99 -99 -99 -0.829780868190084 -0.0440106914861542 -99 -99 0.687885958704646 -99 -99 -99 -0.835148798074547 -99 -99 -99
1.82567814121116 -99 -99 -99 -99 -99 -99 -99 1.95698459426461 -99 -99 -99 -99 -99 -99
2.56631727226781 -99 -99 -99 -99 -99 -99 2.9882460680812 0.768728638343334 -99 -99 -99 -99 -99 -99
-99 -99 -99 -99 -99 -99 -99 2.76464063296916 -99 -99 -99 -99 -99 -99 -99
-99 -99 -99 -99 -99 -99 -99 -99 -99 -99 -99 1.99160874468885 -99 -99 -99
-99 -99 -99 -99 -99 2.83068339542251 -99 -99 -99 -99 -99 -99 0.0610918796504185 -99 -99
-99 2.12508157521147 1.94561644436889 3.14162040102006 -99 -99 -99 -99 -99 -99 -99 -99 -99 -99 -99
-99 -99 -99 -99 -99 -99 -99 -99 -99 -99 -99 -99 -99 -99 -99
-99 -99 -99 -99 -99 -99 -99 -99 -99 -99 -99 -99 -99 -99 -99
-99 3.71874390261456 -99 1.85793737299869 -99 -99 -99 -99 -99 -99 -99 -99 -99 -99 -99
-99 -99 -99 -99 -99 -99 -99 -99 -99 -99 -99 -99 -99 -99 -99
-99 -99 -99 -99 -99 -99 -0.274123201087846 -99 -99 -99 -99 -99 -99 -99 -99
-99 -99 -99 -99 -99 -99 -99 2.65550983036451 -99 -99 -99 -99 0.120570390649469 -99 -99
-99 -99 -99 -99 -99 -99 -99 -99 -99 -99 -99 -99 -99 -99 -99
-99 -99 -99 -99 -99 -99 3.67899029212904 -99 -99 -99 -99 -99 -99 2.66744431629315 2.50136598084361
-99 -99 -99 -99 -99 -99 -99 -99 -99 -99 3.28778032869287 -99 -99 -99 -99
-99 -99 -99 -99 -99 -99 -99 -99 -99 -99 -99 1.49505496846914 -99 -99 -99
-99 -99 1.10516517276353 -99 -99 -99 -99 -99 -99 -99 2.05901045142769 -99 1.5945568559202 -99 -99
-99 -99 -99 -99 -99 -99 -99 -0.860913923145989 -99 -99 -3.08667612120391 -2.11208052334239 -99 -99 -99
-99 -99 -99 -99 1.95724339072239 -99 -99 -99 -99 -99 -99 -99 -99 -99 -99
-99 -99 -99 -99 2.01136970859747 -99 -99 -99 -99 -99 -99 -99 -99 -99 -99
-99 -99 -99 -0.689352654265346 -99 -99 -99 -99 -99 -99 -99 -99 -99 -99 -99
-99 -99 -99 -99 -99 -99 -1.16338766875012 -99 -1.91393405422906 -99 -99 -99 -99 -99 -99
-99 -99 -99 -99 -99 -99 -99 -99 -99 -99 0.889398472571961 -99 -99 -99 -0.552328307779148
-99 -99 -99 -99 -99 -99 -99 -99 -99 -99 -99 -99 -99 -99 -99
-99 -99 -99 3.14424157188551 -99 -99 -99 -99 -99 -99 -99 -99 -99 -99 -99
-99 -99 -99 1.75076435732702 -99 -99 -99 1.15301624334765 -99 -99 -99 -99 -99 -99 -99
-99 -99 -99 -99 -99 -99 -99 -99 -0.347717387492325 -99 -99 -99 -2.46272982782433 -99 -99
-99 -99 -99 -99 -99 -99 3.89495006517058 -99 -99 -99 -99 -99 -99 -99 -99
-99 -99 -99 -99 -99 -99 -99 -99 -99 -99 -99 -99 -99 -99 -99
-99 -99 -99 -99 0.879394793908814 1.09345772297325 -99 -99 -99 -99 -99 -99 -99 -99 -99
1.89129492824469 -99 -99 -99 -99 -99 -99 -99 0.905081381858854 -99 -99 -99 -99 -99 -99
-99 -99 -99 -99 -99 -99 -99 1.78151450909312 -99 -99 -99 -99 -99 -99 0.795286172248634
-99 -99 0.0705700063180995 -99 -99 -99 -99 -99 -99 -99 -99 1.39671691628791 -99 -99 -99
-99 -99 -99 -99 -99 -99 -99 -99 -1.39873937200742 -99 -99 -99 -99 -99 -1.06161651910617
-99 -99 -99 2.28114097665618 0.892186241961518 -99 -99 -99 -99 -99 -99 -99 -99 -99 -99
-99 -99 -99 -99 -99 -99 -99 -99 -99 -99 -99 -99 -99 -99 -99
-99 -99 -99 -99 -99 -99 -99 -99 -99 -99 -99 -99 -99 -99 2.9542713755454
-99 -99 -99 -99 -99 -99 -99 -99 -99 -99 -99 -0.309006488770769 -99 -99 -99
-99 -0.238886944558066 -99 -99 1.27000750143581 -99 -99 -99 -99 -99 -99 -99 -99 -99 -99
-99 -99 -99 -99 -99 1.57129208322088 2.65051802361602 -99 -99 -99 -99 -99 -99 -99 -99
-99 0.842308159068552 -99 -99 -99 -99 -99 -99 -99 -99 -99 -99 -99 -99 -99
-99 -99 -99 -99 -99 -99 -99 -99 -99 -99 -99 -99 -99 -99 -99
3.182964171858 -99 -99 -99 -99 -99 -99 3.15314521549802 -99 -99 -99 -99 -99 -99 -99
-99 -99 -99 -99 -99 -99 -99 -99 -99 -99 -99 -99 -99 -99 -99
-99 -99 -99 -99 -99 -99 -99 -99 -99 -99 -99 -99 -99 -99 -99
-99 -99 0.73004815001949 -99 -99 -99 -99 -99 0.545030144933999 1.15493077025115 -99 1.33718886280084 -99 -99 -99
-99 -99 -99 -99 -99 -99 -99 -99 -99 -99 -99 -99 -99 -99 -99
-99 -99 -99 -99 -99 -99 -99 -99 0.539566654113371 -99 -99 -99 -99 -99 -99
3.55128256642372 -99 2.68320945165176 -99 -99 -99 -99 -99 -99 3.21412772435231 -99 -99 -99 -99 -99
-99 0.251161325777561 -99 -99 -99 -99 -99 -99 -99 -99 -99 -99 -99 -99 -99
-99 -99 -99 -99 -99 -99 -99 -99 -99 -99 -99 1.83261406477984 -99 -99 -99
-99 -99 -99 -99 -99 -99 -99 -99 0.410565282508615 -99 -99 -99 -99 -99 -99
-99 -99 -99 -99 -99 -99 -99 -99 -99 -1.68435459448382 -99 -99 -1.74364212388516 -99 -99
-99 -99 -99 -99 -99 -99 -99 -99 -99 -99 -99 -99 -99 -99 -99
-99 -99 -99 -99 -99 -99 -99 -99 -99 -99 -99 -99 -99 -99 -99
-99 -99 -99 -99 -99 -99 -1.64759253531856 -99 0.824677358184368 -99 -99 -99 -99 -99 -99
-99 -99 -99 -99 -99 -99 -99 -99 -99 -99 -99 -99 -99 -99 -0.127794163719116
-99 2.14715444606971 -99 -99 -99 -99 -99 -99 -99 -99 -99 -99 -99 -99 -99
-99 -99 -99 -99 -99 -99 -99 -99 -99 -99 -99 -99 -99 -99 -99
-99 -99 -99 -99 -99 -99 -99 1.25836461695764 -99 -99 -99 -99 -99 -99 -99
-99 -99 -99 -99 -99 -99 -99 -99 -99 -99 -99 -99 -99 -99 -99
-99 -99 -99 -99 -99 -99 -99 -1.05870357786606 -99 -99 -99 -99 -99 -99 -99
0.206126882820807 -99 -99 -99 -99 -99 -99 -99 -99 -99 -99 -99 -0.472884884137355 -99 -99
-99 -99 -99 -99 -99 -99 -2.22357890667785 -99 -99 -99 -99 -99 -99 -99 -0.692848289706768
-99 -99 3.72657302171187 -99 -99 -99 -99 -99 -99 -99 -99 -99 0.0561711142865786 -99 -99
-99 -99 -99 -99 -99 -99 -99 -99 1.30301159811573 -99 2.64644870477731 -99 -99 -99 -99
-99 -99 -99 -99 -99 -99 -99 -99 -99 -99 3.26289142542032 -99 -99 -99 -99
-99 -99 -99 -99 -99 -99 -99 -99 -99 -99 -99 -99 -99 0.520281615203222 -99
-99 2.48774406150201 -99 -99 -99 -99 -99 -0.0268438591583522 -99 -99 -99 -99 1.29130910368072 -99 -99
-99 -99 -99 -99 -99 -99 -99 -99 0.467505305808361 -99 -99 1.81536261826059 -99 -99 -99
-99 -99 -99 3.76276547201871 -99 -99 -99 -99 -99 -99 -99 -99 -99 -99 -99
-99 -99 1.79361895491152 -99 -99 -99 -99 -99 -99 -99 -99 1.183136105144 -99 0.632633941958278 -99
-99 -99 -99 -99 -99 -99 -99 -99 -99 -99 -99 1.18452452986186 -99 -99 -99
-99 -99 -99 -99 -99 -99 -99 -99 -99 -99 -99 -99 -99 -99 -99
-99 -99 -99 -99 -99 -99 1.94071064731597 -99 -99 -99 -99 -99 2.33860729947322 -99 -99
-99 -99 1.07344849246118 -99 -99 -99 -99 -99 -99 -99 -99 -99 -0.292771817002892 2.1060664623915 -99
-99 -99 -99 -99 -99 -1.54467031497253 -99 -99 -99 -99 -99 -99 -99 -99 -0.112792631496818
1.93403946740228 -99 -99 -99 3.08113982182351 -99 1.16007371596871 -99 -99 -99 -99 -99 -99 3.12390167175681 -99
-99 -99 -99 0.675966490247529 -99 -0.390372282704979 -99 -99 -1.54034053462088 -99 -99 -99 -99 -99 -99
-99 -99 -99 -99 -99 -99 -99 -99 -99 -99 2.80463363625893 -99 -99 -99 -99
-99 -99 2.39495760932065 -99 -99 -99 -99 -99 -99 -99 -99 -99 -99 -99 -99
-99 1.88254161437793 -99 -99 -1.40964437477846 -99 -99 -99 -99 -99 -99 -99 1.65280102787482 1.22530826113841 -99
1.26845700062883 0.47933712561222 -99 0.553154495060862 -99 -99 -99 -99 -99 -99 -99 -99 -99 -99 -99
-99 -99 -99 -99 -99 -99 -99 -99 -99 -99 -99 -99 -0.525364467341781 -99 -99
0.491556829831615 -99 -99 -99 -99 -99 -99 -99 -0.946860179103004 -99 -99 -99 -99 -99 -99
-99 -99 -99 -99 -99 0.64821735698888 -99 -99 -99 -99 -99 -99 -99 -99 -99
-99 -99 -99 -99 -0.315290423286458 -99 -99 -99 -99 -99 -99 -99 -99 1.1602786488746 -99
-99 -99 -99 -99 -99 -99 -99 -99 -99 -99 0.420898037837894 -99 -99 -99 -99
-99 -99 -99 -99 -99 0.87011175774139 -99 -99 -99 -99 -99 -99 -99 -99 -99
-99 -99 -99 -99 -99 -99 -99 -99 -99 -99 1.19389298959673 -99 -99 -99 -99
-99 -99 0.273000046048339 -99 -99 -99 1.86470038614286 -99 -99 -99 -99 -99 -99 -99 -99
-99 -99 -99 -99 -99 -99 -99 -99 -99 -99 -99 -99 -99 -99 -99
-99 -99 -99 -99 -99 2.04175794439294 -99 -99 -99 -99 -99 -99 -99 -99 -99
-99 -99 1.11530274325686 -99 -99 -99 -99 -99 -99 -99 -99 -99 -99 -99 -99
-99 -99 0.252227936313289 -99 0.412052437330616 -99 -99 1.55131579243428 -99 -99 -99 -99 -99 -99 -99
-99 -99 -99 -99 -99 -99 -99 -99 -99 -99 -99 -99 -99 -99 1.83588268433849
-99 0.0638085772823184 -99 -99 2.549188136332 -99 -99 -99 -99 -99 -99 -99 -99 -99 -99
-99 2.09449902787995 -99 -99 1.77497418293491 -99 -99 -99 -99 -99 -99 -99 -99 -99 -99
-99 2.23370051737162 -99 -99 -99 -99 -99 -99 2.67872370572083 0.612678834314814 -99 -99 -99 -99 -99
-99 -99 -99 0.469716919236239 -99 0.101345037387182 -99 1.5538749565143 -99 2.72856143308527 -99 -99 -99 -99 -99
-99 -99 -99 -99 -99 -99 -99 -99 -99 -99 -99 -99 -99 -99 -99
-99 -99 -99 -99 -99 -99 -99 -99 -99 -99 -99 -99 -99 -99 -99
-99 -99 -99 -99 -99 -99 -99 -0.543252053986598 -99 0.541623246140097 1.49084297442915 -99 -0.115773476784678 -99 -99
-99 -99 -99 -99 -99 -99 -99 -99 -99 -99 -99 -99 -99 -99 -99
-99 -99 -99 -99 -99 -99 -99 -99 -99 -99 -99 -99 -99 -99 -99
-99 -99 -99 -99 -99 -99 -99 -99 2.25022911495063 -99 -99 -99 -99 -99 -99
-99 -99 -99 -99 -99 -99 -99 -99 -99 -99 1.59738480384079 -99 -99 -99 -99
-99 2.38169762117056 -99 -99 -99 -99 -99 -99 -99 1.24391317328574 -99 -99 -99 -99 -99
-99 -99 -99 -99 -99 -99 -99 0.965544161366397 -99 1.21163667451259 -99 -99 -99 2.30606994451027 -99
-99 -99 2.20549328175162 -99 -99 -99 -99 -99 -99 -99 -99 -99 -99 -99 -99
-99 -99 -99 -99 -99 -99 -99 -99 -99 -99 -99 -99 -99 2.12541007901594 -99
-99 -99 -99 -99 -99 -99 -99 1.02009486533962 -99 -99 -99 -99 -99 -99 -99
-99 -99 -99 -99 -99 -99 -99 -99 -99 -99 -99 -99 -99 -99 -99
-0.313519207376013 -99 -99 -99 -99 -99 -99 -99 -99 -99 -99 -99 -99 -99 -99
-99 -99 -99 -99 -99 -99 -99 -99 -99 -99 -99 -99 2.35979600989782 -99 -99
-99 0.539535678562062 -99 -99 -99 -99 -99 -99 -99 -99 -99 -99 -99 -99 -99
-99 -99 -0.834892545592113 -99 -99 -99 -99 -99 -99 -99 -99 -99 -99 -99 -99
-99 -99 -99 -99 -99 -99 -99 -99 -99 -99 -99 -99 -99 -99 -99
-99 -99 -99 -99 -99 -99 -99 -99 0.99507029902473 -99 -99 -99 -99 -99 -99
-99 -99 -99 -99 -99 -99 -99 -99 -99 -99 -99 -99 -99 -99 1.08313562270938
-99 -99 -99 -99 -99 -99 -99 -99 -99 -99 -99 -99 -99 -99 -99
-99 -99 -99 -99 -99 -99 -99 -99 0.466288233769902 -99 -99 2.83574751756696 -99 2.71584618810414 -99
-99 -99 -99 -99 -99 -0.622371357833519 -99 -99 -99 -99 1.38167118489979 -99 -99 -99 -99
-99 -99 -99 -99 -99 -99 -99 -99 -99 3.5997830576552 -99 -99 -99 1.97370988974591 -99
-99 -99 -99 -99 -99 -99 -99 -99 -99 -99 -99 -99 -99 -99 -99
-99 1.66535022321624 -99 -99 -99 -99 -99 -99 -99 -99 -99 -99 -99 -99 -99
-99 -99 -99 0.622029077048093 -99 -99 -99 -99 -0.209850299388315 -99 -99 -99 -99 -99 -99
-99 -99 -99 -99 -99 -99 -99 -99 -99 -99 0.665716601654729 -99 -99 -99 -99
0.51937067955746 -99 -99 -99 -99 -99 -99 -99 -99 -99 -99 -99 -99 -99 0.648369528875574
-99 -99 -99 -99 -99 -99 -99 -99 -99 -99 -99 -99 -99 -99 -99
-99 -99 -99 -99 -99 -99 -99 -99 -99 -99 3.94545956712678 3.20026086313604 3.96387845560043 -99 -99
-99 -99 -99 -99 -99 -99 -99 -99 -99 -99 -99 -99 -99 -99 -99
-99 0.823919222184578 -99 -0.403899775882586 -99 -99 -99 -99 -99 0.640537364122237 -99 -99 -99 -99 -99
-99 -99 -99 -99 -99 -1.06652576863789 -99 -99 -99 -99 -99 -99 -99 -99 -99
-99 -99 -99 1.43567240641605 -99 -99 -99 -99 -99 -99 -99 -99 1.39682087781078 -99 -99
-99 -99 -99 -99 0.515096673069863 -99 -0.565495197937022 -99 -99 -99 -99 -99 -99 -99 -99
-99 -99 -99 -99 -99 -99 -99 -99 -99 3.14147135513891 -99 2.40117636474899 -99 1.67425862834805 -99
-99 -99 -99 -99 -99 -99 0.0275255876746667 -99 -99 -99 -99 -99 -99 -99 -99
1.38318915627909 -99 -99 -99 2.17515704978426 -99 -99 -99 -99 -99 -99 -99 -99 -99 -99
-99 -99 -99 -99 -99 2.89825103590029 -99 -99 -99 -99 -99 -99 -99 -99 -99
-99 -99 -99 -99 -99 -99 -99 -99 -99 -99 0.168439987810025 -99 -99 -99 -99
-99 -99 -99 -99 -99 -99 -99 -99 -99 -99 -99 -99 -99 -99 -99
-99 -99 -99 -99 -99 -99 -99 -99 -99 -99 -99 1.23161172634979 -99 -99 -99
-99 -99 -99 -99 -99 -99 -99 -99 0.50952921193334 -99 -99 0.712872936888534 -99 -99 -99
-99 -99 -99 -99 -99 -99 -99 1.14834759353131 -99 -99 -99 -99 -0.986902289435078 -99 1.79481795226509
-99 -99 -99 -99 -99 -99 -99 -99 -99 -99 -99 -99 0.247557504371709 -99 -99
-99 -99 -99 -99 -99 1.60971772057809 -99 0.968083833841878 -99 -99 -99 -99 -99 -99 -99
-99 -99 -99 -99 -99 -99 -99 -99 -99 -99 -99 -99 -99 -99 -99
-99 -99 -99 -99 -99 -99 -99 -99 -99 -99 -99 -99 1.9638930669054 -99 -99
-99 0.704939113413371 0.773159135116727 -99 -99 -99 -99 -99 -99 -99 -99 -99 -99 1.64512461461411 -99
-99 -99 -99 -99 -99 -99 0.818341611192103 -99 -99 -99 -99 -99 -99 -99 -99
-99 -99 -99 -99 -99 -99 -99 -99 -99 -99 -99 -99 -99 -99 -99
-99 -99 -99 -99 -99 -99 -99 -99 -0.266498798195602 2.23971977786592 -99 2.09583793231206 -99 -99 -99
-99 -99 -99 -99 -99 -99 0.400592764675865 -99 -99 -99 -99 -99 -99 -99 -99
-99 1.49768482482013 -99 -99 -99 -99 -99 -99 -99 -99 -99 -99 0.146021645860977 -99 -99
-99 -99 -99 2.59352587317666 -99 -99 -99 -99 -99 -99 -99 -99 -99 -99 -99
-99 -99 -99 -99 -99 3.03500321113319 -99 -99 -99 -99 -99 -99 -99 -99 -99
-99 -99 -99 -99 -99 -99 -99 -99 -99 -99 -99 -99 -99 -99 -99
-99 -99 -99 -99 -99 -99 -0.762426825086364 -99 -99 -99 -99 -99 -99 2.8666985116018 -99
-0.782930665083709 -1.11432937799497 -99 -99 -99 -99 -1.56125882570112 -99 -99 -99 -99 -99 -99 -99 -99
-99 -99 -99 -99 -99 -99 -99 -99 -99 -99 -99 -99 -99 -0.793456160010135 -99
-99 -99 -99 -99 -99 -99 -99 -99 -99 -99 -99 -99 -99 -99 -99
-99 -99 -99 -99 -99 -99 -99 -99 -99 -99 3.00036443347237 -99 -99 -99 -99
-99 -99 -99 -99 -99 -99 -99 -99 -99 2.17947836043066 -99 -99 -99 2.26563552235763 2.12163985399623
-99 -99 -99 -99 -99 -99 -99 -99 -99 -99 -99 -99 -99 -99 -99
-99 -99 -99 -99 -1.27762407557997 -99 -99 -99 -99 -99 -99 -99 -99 -99 2.8254906760936
-99 -99 -99 -99 -99 0.716733832909118 -99 -99 -0.198358350117181 -99 -99 -99 -99 -99 -99
-99 -99 -99 -99 -99 -99 1.12165688595527 -99 -99 -99 1.74856608769661 -99 -99 -99 -99
-99 -99 -99 -99 -99 -99 -99 -99 -99 2.29910849693093 3.60066514457571 -99 -99 -99 -99
-99 -99 0.013627767486284 -99 -99 0.750940229855048 2.10452914543376 -99 -1.12770037450313 -99 -99 -99 -99 -99 -99
1.1829934412748 -99 -99 -99 -99 -99 0.422967499321925 -99 0.282851253570719 -99 0.645040037152883 -99 -99 -99 -99
-0.459775107750671 1.35362115693986 -99 -99 -99 -99 -99 -99 -99 -99 -99 0.961133043708202 -99 -99 -99
-99 -99 -99 -99 3.12420326880259 -99 -99 -99 -99 -99 -99 -99 -99 -99 -99
-99 -99 -99 -99 -99 0.872983030606726 -99 -99 -99 -99 -99 -99 -99 -1.93240969724273 -99
-99 -99 -99 -99 -99 -99 -99 -99 -99 1.05208519511946 -99 -99 -99 -99 -99
2.4491732939814 -99 -99 -99 1.27858337328639 -99 -99 -99 -99 -99 -99 -99 -99 -99 -99
-99 -99 -99 -99 -99 -99 -99 -99 -0.0869522068434334 -99 -99 -99 1.67342230602648 -99 -99
-99 -99 -0.0767750497871993 -99 0.427898873686186 -99 -99 -99 -99 -99 -99 -99 -99 -99 -99
-99 -99 -99 0.745865213504228 -0.453499494784699 -99 1.10708699292647 -99 -99 -99 0.98543375975866 -99 -99 -99 -99
-99 3.41285085204331 2.81733502678505 -99 -99 -99 -99 -99 -99 -99 -99 -99 -99 -99 -99
-99 0.966564594673533 -99 -99 -99 -99 -99 -99 -99 -99 -99 -99 -99 -99 -99
-99 -99 -99 -99 -99 -99 -99 -99 -99 -0.865926506598896 -99 -99 -99 -99 1.11073202290439
-99 -99 -99 -99 -99 -99 -99 -99 2.54714348165718 -99 -99 0.774789993081926 -99 -99 -99
-99 -99 -99 -99 -99 -99 -99 -99 -99 1.29015917619665 -99 -99 -99 2.29454233642899 -99
1.725965214828 -99 2.14935301196216 -99 -99 -99 -99 -99 -99 -99 -99 -99 -99 -99 -99
-99 -99 -99 -99 -99 -99 -99 -99 -99 -99 -99 -99 -99 -99 -99
0.790720893186123 -99 -99 -99 -99 -99 -99 -99 -99 -99 -99 -99 -99 -99 -99
-99 -99 -99 -99 -99 -99 -99 -99 -99 -99 -99 -99 2.54182311496459 -99 1.81634664821629
1.90129254268671 -99 -99 -99 -99 -99 -99 -99 -99 -99 -99 -99 -99 -99 -99
-99 -99 -99 -99 -99 1.97927446464447 -99 -99 -99 -99 -99 -99 -99 -99 -99
0.877487547438704 -99 -99 -99 -99 0.169664222170484 -99 -0.0377822703981208 -99 -99 -99 -99 -99 -0.816475282484858 -99
-99 -99 1.51322911726049 2.33521150280852 -99 -99 -99 -99 -99 -99 -99 1.80698837160271 -99 -99 -99
-99 -99 -99 -99 -99 -99 -99 -99 -99 -99 1.92469236451031 -99 -99 -99 -99
-99 -99 -99 -99 -99 -99 2.21170353787371 -99 -99 -99 -99 -99 -99 -99 -99
-99 -99 -99 -99 1.53945188991714 -99 -99 -99 -99 -99 -99 -99 -99 -99 -99
2.15484121494516 -99 -99 -99 -99 -99 -99 -99 -99 -99 -99 -99 -99 -99 -99
-99 -99 -99 -99 0.321430165063023 -99 -99 -99 -99 -99 -99 -0.021823274515161 -99 -99 -99
2.73624858878514 -99 -99 -99 -99 -99 0.50678240598759 -99 -99 -99 -99 -99 -99 -99 -99
-99 -99 -99 -99 -99 -99 -1.1301893365404 -99 -99 -99 -99 -99 -99 -99 -99
-99 -99 -99 -99 0.510565497084769 -99 -99 -99 2.49044206428862 -99 -99 -99 1.90085517433053 -99 -99
1.49520196193271 -99 -99 -99 -99 -99 -99 -99 -99 -99 -99 3.08344619593976 -99 -99 -99
-99 -99 -99 -99 -99 -99 -99 -99 -99 -0.385510454285485 -99 -99 -99 -99 -99
0.264781048913898 -99 -99 -99 -99 -99 -99 -99 -99 -99 -99 -99 -99 -99 -99
-99 -99 -99 -99 -99 -99 1.59374805396641 -99 -99 -99 -99 -99 -99 -99 -99
-99 -99 -99 -99 -99 -99 -99 -99 -99 1.62918760225713 -99 -99 -99 -99 -99
-99 -99 1.39137041301511 -99 -99 -99 -99 -99 -99 -99 -99 -99 -99 -99 1.0030027707514
-99 -99 -99 -99 -99 -99 -99 -99 -99 -99 -99 -1.10020244369824 -99 -99 -99
-99 -99 -99 -99 -99 -99 -99 -99 -99 -99 -99 -99 -99 -99 -0.411229975553746
-99 -99 -99 -99 -99 -99 -99 -99 -99 -99 -99 -99 -99 -99 -99
4.40516878990856 -99 -99 -99 -99 -99 -99 -99 -99 -99 -99 -99 -99 -99 -99
-99 -99 -99 2.6201443344894 -99 -99 -99 -99 -99 -99 2.03985756205072 -99 -99 -99 -99
-99 -99 -99 -1.80666227918129 -99 -99 -99 -99 -99 -99 -99 -99 -99 -99 -99
-99 -99 -99 -99 -99 -99 -99 -99 -99 -99 -99 -99 -0.323109260227518 -99 -99
-99 -99 -99 -99 -99 -99 -99 -99 -99 -99 -99 -99 -99 -99 -99
-99 -99 -99 -99 -99 -99 -99 -99 -99 -99 -99 -99 -99 -99 -99
-99 -99 -99 -99 -99 -99 -99 -99 -99 -99 -99 -99 -99 -99 -99
0.213605496028464 -99 -99 -99 -99 -99 -99 2.4569708237986 -99 -99 -99 -99 -99 -99 -99
-99 -99 -99 -99 -99 -99 2.45833766446219 -99 -99 -99 -99 -99 -99 1.03017392209826 -99
3.27771680915863 -99 -99 -99 -99 -99 -99 -99 -99 -99 -99 -99 -99 -99 -99
-99 -99 -99 -99 -99 -99 -99 0.25787423536093 -99 -99 -99 -99 -99 0.168669323925037 -99
-99 -99 -99 -99 -99 -99 -99 -99 -99 2.46721224207436 -99 -99 -99 -99 -99
-99 -99 -99 -99 -99 -99 -99 -99 -99 -99 -99 -99 -99 2.35723010686493 -99
-99 -99 -99 -99 -0.430126881461873 -99 -99 -99 -99 -99 -99 -99 -99 0.871742142675252 -99
-99 -99 2.19489355029632 3.07268658456141 -99 2.70162363284993 -99 -99 -99 -99 -99 -99 -99 -99 1.65063309434774
-99 -99 -1.4677243801163 -99 -99 -99 -99 -99 -99 -99 -99 -99 -99 -99 -99
-99 -99 -99 -0.695945512257076 -99 -99 -99 -99 -99 -99 -99 -99 -99 -99 -99
-99 -99 -99 -99 -99 -99 -99 -99 -99 0.25179795006373 -99 1.27521907958008 -0.631276482947206 -99 -99
-99 -99 -99 -99 -99 -99 -99 -99 -99 -99 -99 3.11676684796099 -99 0.686430038682456 -99
-99 -99 -99 -99 -99 -99 -99 -99 -99 -99 -99 -99 3.66344187113444 -99 -99
-99 -99 -99 -99 -99 -99 -99 -99 -99 -99 -99 -99 -99 -99 1.47704335354395
-99 -99 -99 -99 1.0663528482508 -99 -99 -99 -99 -99 -99 -99 -99 -99 -99
-99 -99 -99 -99 -99 -99 -99 -99 -99 -99 -99 -99 -99 -0.276024676666977 -99
-99 -99 -99 0.54797437094091 -99 -99 -99 -99 -99 -99 -99 -99 -99 -99 1.73135368691921
0.408624653291472 -99 -99 -99 -99 -99 -99 -99 -99 -99 -99 -99 -99 -99 -99
-99 -99 0.604603403173168 -99 -99 -99 -99 0.847618519895961 -99 -99 -99 -99 -99 -99 -99
-99 -99 -99 -99 -99 -99 -99 -99 -99 -99 -99 -0.592857375928977 -99 -99 -99
-99 -0.406408921598451 -99 -99 -99 -99 -99 1.21765330793778 -99 -99 -99 -99 -99 -99 -99
-99 -99 -99 -99 -99 -99 -99 -99 -99 -99 -99 -99 -99 -99 -99
-99 -99 -99 -99 0.562160863078672 -99 -99 -99 -99 -99 -99 -99 1.31942933586088 -99 -99
-99 -99 -99 -99 -99 -99 -99 -99 -99 -99 -99 -99 -99 -99 -99
-99 -99 -99 -99 -99 -99 -99 -99 -99 -99 -99 -99 -0.722254049337085 -99 -99
-99 -99 -99 -99 -99 -99 -99 -99 -99 -99 -99 -99 -99 -99 -99
-99 -99 -99 -99 -99 -99 -99 -99 2.91264096334467 -99 -99 -99 -99 -99 -99
2.1942975050888 -99 -99 -99 -99 -99 -99 -99 -99 -99 -99 -99 -99 -99 -99
-99 -99 -99 -99 -99 -99 -99 -99 -99 0.853857424061846 -99 0.628341950872266 1.67756626562181 -99 -1.13516169997738
2.30099862861784 -99 -99 -99 -99 -99 -99 -99 -99 -99 -99 -99 -99 -99 -99
-99 -99 -1.71871196923287 -99 -99 -99 -99 -2.59608035639817 -99 -99 -99 -99 -99 -99 -99
-99 -99 0.920377128673749 -99 -99 -99 -99 -99 -99 -99 -99 -99 -99 -99 -99
1.01526759316896 -99 -99 0.115613554435739 -99 0.891555228148691 -99 -99 -99 -99 -99 1.95248091354994 -99 -99 -99
-1.17774756818271 -99 -99 -99 -99 -99 -99 -99 0.0374350142582531 -99 -99 -99 -2.30061657559263 -99 -99
-99 -99 -99 -99 1.31337484303736 -99 -99 -99 -99 -99 -0.340063438292003 -99 -99 -99 -99
-99 -99 -99 0.600965151933471 -99 -99 -99 -99 -99 -99 -99 -99 -99 -99 -99
-99 -99 0.535609385242066 -99 1.50751227714262 -99 -99 -99 -99 -99 -99 -99 -99 -99 -99
-99 -99 -99 -99 -99 -99 -99 -99 -99 -99 -99 -99 -99 -99 -99
-99 -99 -99 -99 3.40983736510731 -99 2.05942986549256 -99 -99 3.61701930502771 -99 -99 -99 4.26588411110171 -99
-99 1.36369253509734 -99 -99 -99 -99 0.64513463312966 -99 -99 -99 -99 -99 -99 -99 -99
-99 -99 -99 1.42994205600555 -99 -99 -99 -99 -99 -99 -99 -99 -99 -99 -99
-99 -99 -99 -99 0.593664717379166 -99 -99 -99 -99 -99 1.11859109302807 -99 -0.789102138448394 -99 -99
-99 -99 0.554303353160563 -99 -99 -99 0.632415828706279 -99 -99 -99 -99 -99 -0.585176048106715 -99 -99
-99 0.962795426469632 -99 -99 -99 -99 -99 -99 -99 -99 -99 -99 2.86726622358418 -99 -99
-99 -99 -99 -99 -99 3.28052174970898 -99 -99 -99 -99 -99 -99 -99 -99 -99
-99 -99 -1.62076213402962 -99 -99 -99 -99 -99 -1.38621122297133 -99 -99 -99 -99 -99 -99
3.80324081566546 -99 -99 -99 -99 0.496715408148886 -99 -99 -99 -99 -99 -99 1.18124123714173 -99 -99
-99 -99 -99 -99 -99 -99 -99 -99 -99 -99 -99 -99 -99 -99 -99
-99 -99 -99 -99 -99 -99 4.01736646705998 -99 -99 -99 3.33849351306822 -99 -99 1.82620823908763 -99
-99 -99 -99 -99 -99 -99 -99 2.44856250253287 -99 -99 2.23134379889188 -99 -99 0.871188207648556 -99
-99 -99 -99 -99 -99 -99 -99 -99 -99 -99 -99 -0.0388583185542049 -99 -99 -99
-99 -99 -99 -99 -99 1.29981952749425 -99 -99 -99 -99 -99 1.61578485938944 -99 -99 -99
-99 -99 -99 -99 -99 -99 -99 -99 -99 -99 -99 -99 -99 -99 -99
-99 -99 -99 -99 1.08194501536223 1.83494820174566 -99 1.10279029239879 -99 -99 -99 -99 -99 -99 -99
-99 -99 -99 -99 -99 1.03127854496542 4.08054388616301 -99 -99 -99 -99 -99 -99 -99 -99
-2.33400655133437 -99 -99 -99 -99 -99 -99 -99 -99 -99 -99 -99 1.68522213580283 -99 -99
-99 -99 -99 -99 -99 -99 -99 -99 -99 -99 -99 -99 -99 -99 -99
-99 -99 -99 -99 -99 -99 4.52424022514719 -99 -99 -99 -99 3.81743234153172 -99 -99 -99
-99 -0.16446517018557 -99 -99 -99 -99 -99 -99 -99 2.14150671560644 -99 -99 -99 -99 -99
-99 -99 -99 -0.530020567693143 -99 -99 -99 -99 -99 -99 0.465097163058995 -99 -99 -99 -99
-99 0.680209012281945 -99 -99 -99 -99 -99 -99 -99 -99 -99 -99 -99 -99 -99
1.20358311096803 -99 -99 -99 -99 -99 -99 -99 -99 -99 -99 -99 -99 -99 -99
-99 -99 -99 -1.04061848035135 -99 -99 -99 -99 1.0534351115595 -99 -99 -99 -99 -99 -99
-99 -99 -99 -99 0.300721730898565 0.825567962786542 -99 -99 -0.0556525854792074 -99 -99 -99 -99 -99 1.14952121091982
-99 -99 -99 -99 -99 -99 -0.160245851050045 -99 -99 2.07712631619739 -99 -99 -99 -99 -99
-99 -99 -99 -99 -99 -99 -99 -99 -99 -99 -99 -99 -99 -99 -99
-99 -99 -99 -99 -99 -99 -99 3.57181336498205 -99 -99 -99 -99 -99 -99 -99
-99 -99 -99 -99 -99 -99 -99 -99 -99 -99 0.376023638383184 -99 -99 -99 -99
-99 -99 -99 -99 -99 0.827214280730424 -99 -99 -99 -99 -99 -99 -99 -99 -99
-99 -99 -99 -99 -99 -99 -99 -99 -99 -99 -99 -99 -99 -99 -99
-99 -99 -99 -99 -99 -99 -99 -99 -99 -99 -99 -99 -99 -99 -99
-99 -99 -99 -0.759193407175326 -99 -99 -99 1.27306216229044 -99 -99 -99 -99 -99 1.33478129598592 -99
-99 -99 -99 -99 -99 -99 -99 -99 -99 -99 -99 -99 -99 -99 -99
-99 -99 -99 -99 -99 -99 -99 -99 -99 -1.1610656370819 -99 -99 -99 -99 -99
-99 -99 -99 -99 -99 -99 -99 -99 -99 -99 -99 -99 -99 -0.228641295574698 -99
-99 -99 -99 -99 -99 0.64107365155605 -99 -99 -99 -99 0.214520014993168 -99 -99 -99 -99
-99 -99 -99 -99 -99 -99 -99 0.994931731305386 -99 -99 -99 -0.00146329555929303 -99 -99 -99
-99 -99 -99 -99 -99 -99 -99 -99 -99 -99 -99 -99 -99 -99 -99
-99 -99 -99 -99 1.68583718887374 -99 -99 -99 -99 -99 -99 -99 -99 3.1974254290073 -99
-99 -99 -99 -99 -99 -99 -99 -99 -99 0.867542475840154 -99 1.54866351124837 -99 -99 -99
-99 1.83124785151091 -99 0.89377956872943 -99 -99 -99 -99 -99 -99 -99 -99 -99 -99 -99
-99 -99 -99 -99 -99 -99 -99 -99 -99 1.47642835773909 -99 -99 -99 -99 -99
-99 -99 -99 -99 -99 -99 -99 -99 -99 -99 -99 -99 0.556953295921889 -99 -99
-99 -99 -99 -99 -99 -99 -99 -99 -0.665422689562604 -99 -99 -99 -99 -1.25330996109052 -0.41698204784647
1.62332726168742 -99 -99 -99 -99 -99 -99 -99 0.690380966855954 -99 -99 -99 -99 -99 1.0318784683328
-99 -99 -0.95951495863616 -99 -99 -99 -99 -99 -99 -99 -0.726209244074735 -99 -99 -99 -99
-99 -99 -99 -99 3.15469017420649 -99 -99 -99 -99 -99 -99 -99 -99 -99 3.27826828483131
-99 -99 -99 -99 -99 -99 -0.745509052099812 -99 -99 -99 -99 -99 -99 -99 -99
-99 -99 -99 -99 0.642950783438817 -99 -99 1.65843242060868 -99 -99 -99 -99 -99 -99 -99
-99 -99 -99 1.38540475455398 -99 -99 -99 -99 3.06751022610513 -99 -99 -99 -99 -99 -99
-99 -99 -99 -99 -99 -99 -99 0.99764472692478 -99 -99 -99 -99 -99 -99 -99
-99 -99 -99 -99 -99 -99 -99 -99 -99 2.57034072795646 -99 -99 -99 -99 -99
2.57582944855053 0.594205527168014 -99 -99 -99 -99 -99 -99 -99 -99 -99 -99 -99 -99 -99
-99 -99 -99 -99 -99 -99 -99 -99 -99 -99 -99 -99 -99 -99 -99
-99 -99 -99 -99 -99 -99 -99 -99 -99 -99 -99 -99 -99 -99 -99
-99 -99 -99 -99 -99 -99 -99 -99 -99 -99 3.01181195583721 -99 -99 2.16765881593631 2.22571243621749
-99 -99 -99 -99 -99 -99 -99 -99 -99 -99 -99 -99 -99 -99 -99
-99 -99 -99 -99 -99 -99 -99 -99 -99 -99 -99 -99 -99 -99 -99
-99 -99 2.05878643672292 -99 -99 -99 -99 -99 -99 2.15605092539657 -99 -99 -99 0.897865147044219 0.0320462329274295
-99 -99 -99 -99 -99 -99 -99 -99 -99 -99 -99 -99 -99 -99 -99
-99 4.40104815109132 -99 -99 -99 -99 -99 -99 -99 1.54358960950662 -99 -99 -99 -99 -99
-99 -99 -99 -99 -99 -99 -99 -99 -99 -99 -99 -99 -99 -0.358008172322698 -99
0.828718922542273 -99 -99 0.582072101445884 -99 -99 -99 -99 -99 -99 -99 -99 -99 -99 -99
-99 -99 -99 -99 -99 -99 -99 -99 -99 -99 -99 -99 -99 -99 -99
-99 -99 2.72112090800028 -99 -99 -99 -99 -99 -99 -99 -99 3.73554440225166 -99 -99 -99
-99 -99 2.63967382504423 -99 -99 -99 -99 -99 -99 -99 -99 -99 -99 -99 -99
-99 -99 -99 -99 -99 -99 -99 -99 -99 -99 2.523584568038 -99 -99 -99 -99
-99 -99 -99 -99 -99 -99 -99 -99 -99 -99 -99 -99 -99 -99 -99
-99 -99 -99 -0.849113083387619 -99 -99 -99 -99 -99 -99 -99 -99 -0.486131511250357 -99 -99
-99 -99 -0.632772317767996 -99 -99 -99 -99 -99 -99 -99 -99 -99 -0.292206027265226 -99 -99
-99 -99 -99 -99 -99 -99 -99 -99 -99 -99 -99 -99 -99 -99 -99
-99 1.42749675872845 -99 -99 0.51245860221305 -99 -99 -99 -99 -99 2.71763462992932 -99 -99 -99 -99
-99 -99 -99 -99 -99 -99 -99 -99 -99 -99 -99 -99 -99 -99 -99
-99 -99 -99 -99 -99 -99 -99 -99 -99 -99 -99 -99 -99 -99 -99
-99 2.80918817413152 -99 -99 -99 -99 -99 -99 -99 -99 -99 2.3844137985153 -99 -99 -99
-99 -99 -99 -99 -99 -99 -2.93454747477107 -99 -99 -99 -99 -99 -99 0.99295357179828 -99
-99 -99 -99 -99 -99 -99 -99 -99 -99 -99 -99 -99 -99 -99 2.58326479779367
1.44015924903989 -0.601015584052917 -99 0.510578557317254 -99 -99 -99 -99 -99 -99 -99 -99 -99 -99 -0.18923905332877
-99 -99 -99 -99 -99 -99 1.12846755671738 -99 -99 -99 -99 -99 -99 -99 -99
-99 -99 -99 -99 -99 -99 -99 -99 -99 -99 -99 -99 -99 4.16239162280765 2.51734587595713
-99 -99 -99 -99 -99 -99 1.71435174246799 -99 -99 -99 -99 -99 -99 -99 -99
-99 3.36718104140684 -99 -99 -99 -99 -99 -99 -99 -99 -99 -99 -99 -99 -99
-99 -99 -99 -99 -99 -99 -99 -99 -99 -99 0.0611437635870334 -99 -99 -99 -99
-99 -99 -99 -99 -99 -99 -99 -99 -99 -99 -99 -99 -99 -99 -99
-99 -99 -99 -99 -99 -99 -99 -99 -99 -99 -0.27913309639356 -99 -99 -99 -99
-99 -99 0.104960275454951 -99 -99 -99 -99 -99 -99 -99 -99 -99 -99 -99 -99
-99 -99 -99 -99 -99 -99 -99 -99 3.27260905443915 -99 -99 -99 -99 -99 -99
-99 1.55510495080281 -99 -99 -99 -99 -99 -99 -99 -99 -99 -99 -99 -99 -99
-99 -99 -99 -99 -99 -99 -99 -99 -99 -99 -99 -99 -99 -99 -99
-99 -99 -99 -99 -99 -99 -99 -99 -99 -99 -99 -99 -99 -99 -99
-99 -99 -1.23110972049244 -99 -0.74240261383141 -99 -99 -99 -99 -99 -99 -99 -99 -99 -99
-99 -99 -99 -99 -99 -99 -99 -99 -99 -99 -99 -99 -99 -99 -99
-99 -99 -99 -99 -99 2.17385160339729 -99 -99 -99 -99 0.967677204312427 -99 -99 -99 -99
-99 -99 -1.77914992734799 -99 -99 0.00783233728053001 -99 -99 -99 -99 -99 -99 -99 -99 -99
-99 -99 -99 -99 -99 -1.68164961838846 -99 -99 -99 -99 -99 -99 -99 -99 -99
-99 -99 -99 -99 -99 -99 -99 -99 -99 -99 -99 -99 -99 -99 -99
-99 -99 -99 -99 -99 -99 -99 -99 -99 -99 -99 -99 -99 -99 -99
-99 -99 3.54236822754685 -99 -99 -99 -99 -99 -99 -99 -99 -1.231415300377 -99 -99 -99
-99 3.4850330160221 -99 -99 0.676880592278233 2.38378525365553 -99 -99 2.10601763670776 -99 -99 -99 -99 -99 -99
-99 -99 -99 0.52922409965589 -99 -99 -99 -99 -99 -99 -99 -99 -99 -99 -99
-99 -99 -99 -99 -99 -99 -99 -99 -99 -99 -99 1.39760207122459 -99 -99 -99
-99 -99 -99 -99 0.126299993957601 -99 -99 0.636794355176923 -99 -99 -99 0.883693956342936 -99 -99 -99
0.952134415339766 -99 0.125987894298721 -99 -99 1.9375469020701 -99 -99 -99 -99 -99 -99 -99 -99 -99
-99 -99 -99 -99 -99 -99 -99 -99 -99 -99 -99 -99 -99 -99 -99
-99 -99 -99 -99 -99 1.3001491658556 -99 -99 3.0493469109161 -99 -99 -99 -99 -99 -99
-99 -99 -99 -99 -99 -99 -99 -99 -99 -99 -99 -99 -99 -99 -99
-99 -99 -99 -99 -99 -99 -99 -1.0446136947107 -99 -99 -99 -99 -99 -99 0.265854766599792
2.52724738064808 -99 -99 -99 -99 -99 -99 -99 -99 -99 -99 -99 -99 2.27869197437403 1.23473920837471
-99 -99 -99 -99 -99 -99 -99 -99 -0.0602299329826927 -99 -99 -99 -99 -99 -99
-99 -99 -99 -99 -99 -99 -99 -99 -99 -99 -99 -99 -99 -99 -99
-99 -99 -99 -99 -99 -99 1.53923083762344 1.34577412770817 -99 -99 -99 -99 -99 -99 -99
-99 -99 -99 2.83522573146591 -99 -99 -99 -99 -99 -99 -99 -99 -99 -99 -99
-99 -99 2.46876705739382 -99 -99 -99 -99 -99 -99 -99 -99 -99 -99 -99 -99
-99 -99 1.23017187970562 -99 -99 -99 -99 -0.679383608559551 -99 -99 -99 -99 -99 -99 -99
-99 1.52629873413732 -99 4.6561799361357 -99 -99 -99 -99 -99 1.6214173538069 -99 1.6691797162946 -99 -99 4.21875862893078
-99 -99 -99 -99 -99 -99 -99 -99 -99 -99 -99 -99 -99 -99 -99
-99 -99 -99 -99 -99 -99 -99 -99 -99 -99 -99 -99 -99 -99 -99
-99 -99 -99 -99 -99 0.555260259694145 -99 -99 -99 -99 -99 -99 -99 -99 2.29702879672518
-99 -99 -99 -99 -99 -99 -99 -99 2.11358624795924 -99 -99 -99 -99 -99 -99
-99 -99 -99 -0.244241822979964 -99 -99 -99 -99 2.26834299628317 -99 -99 -99 -99 -99 -99
-99 0.348246607641357 -99 -99 -99 -99 -99 -99 -99 -99 -99 -99 -99 -99 0.969251614759244
-99 -99 -99 2.12383608620606 -99 -99 -99 -99 -99 -99 -99 -99 -99 2.57343906092698 -99
-99 -99 0.595900743823581 -99 -99 -99 -99 -1.71664083749229 -99 -99 -99 -99 -99 -99 -99
-99 -99 -99 -99 -99 1.51275192361769 -99 -99 -99 -99 -99 -99 -99 -99 -99
-99 -99 -99 -99 -99 -99 -99 -99 -99 -99 -99 -99 -99 -99 -99
-99 -99 1.46600984612536 -99 -99 -99 -99 -99 -99 -99 -99 -99 -99 -99 -99
-99 -99 -99 -99 -99 -0.107385610050042 -99 -99 -99 -99 -99 -99 -99 -99 -99
-99 -99 -99 -99 -99 -99 -99 -99 -99 -99 -99 -99 -99 -99 -99
-99 -99 -99 -99 -99 -99 -99 -99 -0.573979383791742 -99 -99 -99 -99 -99 -99
-99 -99 -99 -99 1.834324335241 -99 -99 -99 -99 -99 -99 -99 -99 -99 -99
-99 0.471166290239424 -99 -99 -99 -99 -99 2.67236777608687 -99 -99 0.188187050240886 -99 -99 -99 -99
-99 2.68133214131724 -99 -99 -99 1.8449880026273 -99 -99 -99 -99 -99 -99 -99 -99 -99
-99 -99 0.930133062740463 -99 -99 -99 -99 -99 0.836051281106449 -99 -99 0.889617419887295 1.61546486416609 -99 -99
-99 -99 -99 -99 -99 -99 -99 -99 -99 -99 3.49919949820277 -99 -99 -99 -99
-99 -99 1.47849176409001 -99 -99 -99 -99 -99 -99 -99 -99 -99 -99 -99 -99
0.952532822805585 -99 -99 0.203172684753846 -99 -99 -99 0.908863899311215 -99 -99 -99 -99 -99 -0.0718201827791995 1.75801551545198
-99 -99 -99 -99 -99 -99 -99 -99 -99 -99 -99 -99 -99 -99 -99
-99 -99 -99 -99 -99 -99 -99 -99 -99 -0.232368128424094 -99 -99 -99 -99 -99
-99 -99 -99 -99 -99 -99 -99 -0.0548972900296496 -99 -99 -99 -99 -99 -99 -99
-99 -99 0.973497041864288 -99 -99 -99 -99 -99 -99 -99 -99 -99 -99 -99 -99
-99 -99 -0.159580492236552 -99 -99 -99 -99 -99 -99 0.685849708689786 -99 -99 -99 -99 -99
-99 -99 -99 0.77454564429724 -99 -1.25767991663149 -99 -99 -99 -99 -99 -99 -99 -99 -99
-99 0.862551665140462 -99 0.944216640491938 -99 -99 -99 -99 -99 -99 -99 -99 -99 -99 -0.0507837667328672
-99 -99 -99 -99 -99 -99 -99 -99 4.08949190740296 -99 -99 -99 -99 -99 -99
-99 0.562473021439505 -99 -99 -99 -99 -99 -99 -99 -0.176792645049603 -99 -99 -99 -99 -99
-99 -99 -99 -99 -99 -99 -99 -99 -99 -0.480804190853774 -99 -99 -99 -99 -99
-99 -99 -99 -99 -99 -99 -99 -99 -99 -99 -99 -99 -99 -99 -99
-99 -99 -99 -99 -99 -99 -99 0.63725334659686 -99 -99 -99 -0.171030419849577 -99 -99 1.26351566404118
2.50309109746849 -99 -99 -99 -0.0814157195323002 -99 -99 -99 -99 -99 -99 -99 -99 -99 -99
-99 -99 -99 -99 -99 -99 -99 -99 -99 -99 -99 3.78403481510602 -99 -99 -99
-99 -99 -99 -99 -99 2.51317540448709 -99 -99 -99 -99 -99 0.724427510052201 -99 -99 -99
-99 -99 1.14032683115389 -99 -99 -99 2.16122718490468 -99 -99 -99 -99 -99 -99 -99 -99
-99 -99 -99 -99 -99 -99 -99 -99 -99 -99 -99 -99 -99 -99 -99
-99 -99 -99 -99 -99 -99 -99 -99 -99 -99 -99 -99 -99 -99 -99
-99 -99 -99 -0.681144462968062 -99 -99 1.10431761368364 -99 -99 -99 -99 -99 -99 -99 -99
-99 1.40796561561839 -99 -99 -99 -99 -99 -99 -99 -99 -99 -99 -99 -99 1.83578379232233
-99 -99 -99 -99 -99 -99 -99 -99 -99 -99 3.55034057778444 -99 -99 1.95161765773843 -99
-99 -99 1.5836881742383 -99 -99 -99 -99 -99 -99 -99 -99 -99 -99 -99 -99
-99 -3.02962236743448 -99 -99 -99 -99 -99 -99 -99 -99 -99 -0.618794749732836 -99 -99 -99
-99 -99 -99 -99 -99 -99 3.27181537760872 4.16756259993432 3.50899825225461 -99 -99 -99 -99 -99 -99
-99 -99 -99 -99 -99 -99 -99 -99 -99 -99 -99 -99 -99 0.528360426834745 -99
-99 -99 -99 -99 -99 -99 -99 -99 -99 -99 -99 -99 -99 1.51602041040812 -99
-99 -99 -99 -99 -0.0407989467851748 -99 -99 -99 -99 -99 -99 -99 -99 -99 -99
-0.867783262557065 -99 -99 -99 -99 -99 -99 -99 -0.969170909620757 -99 -99 -99 -99 -99 -99
-99 -99 -99 -99 -99 -99 -99 -99 -99 -99 -99 -99 -99 -0.0610176841625685 -99
-99 -99 -99 -99 -99 -99 -99 -99 -99 -99 -99 -99 -99 -99 -99
-99 -99 -99 -99 -99 -99 -99 -99 -99 -99 -99 -99 -99 -99 -99
-99 -99 -99 -99 -99 -99 -99 -99 -99 -99 -99 -99 0.434200533895563 -99 -99
-99 -99 -99 -99 -99 -0.571182376616298 0.454828178869593 -99 -99 -99 -99 -99 -99 -0.941623904155083 -99
-99 -99 -99 -99 -99 -99 -99 -99 -99 -99 -0.207182147354408 -99 -99 -99 -99
-99 -99 -99 -99 -99 -99 -99 -99 -99 -99 -99 -99 -99 -99 -99
-99 -99 -99 -99 -99 -99 -99 -99 -99 -99 -99 -99 -99 -99 -99
-99 -99 -99 -99 -99 -99 -99 -99 -99 -1.16582642915105 -99 -99 -99 -99 -99
-99 -99 -99 -99 -99 -99 -99 -99 -99 -99 -99 -99 -99 -99 -99
-99 0.26508033903205 -99 -99 -99 -99 -99 -99 -99 -99 -99 -99 -99 -99 -99
-99 -99 -99 -99 -99 -99 -99 -99 -99 -99 -99 -99 -99 -99 2.70446289845234
-99 -99 -99 0.954950230224368 -99 -99 1.73991885374013 -99 -99 -99 -99 -99 -99 -99 -99
-99 -99 -99 -99 -99 -99 -99 -99 -99 -99 -99 -99 -99 -99 1.74597727372296
-99 -99 -99 -99 -99 -99 -99 -99 -99 -99 -99 -99 -99 -99 -99
2.59911592294931 -99 -99 -99 -99 -99 -99 -99 -99 -99 -99 -99 -99 -99 -99
-99 -99 -99 -99 -99 -99 -99 -99 -99 -99 -99 -99 -99 -99 -99
-99 -99 -0.0880054978304972 -99 -99 -99 2.05238595023341 -99 -99 -99 -99 -99 -99 -99 -99
-99 -99 -99 -99 -99 -99 -99 -99 -99 -99 -99 -99 -99 -99 -99
-99 -99 -0.240669460989995 -99 -99 -99 -99 -99 -99 -99 -99 -99 -99 -99 -99
-99 3.53144106585065 -99 -99 -99 -99 -99 -99 -99 -99 -99 -99 -99 -99 -99
-99 -99 -99 -99 -99 -99 -99 -99 -99 -99 -99 -99 1.61466278709299 -99 -99
-99 -99 -99 -99 -99 -99 -99 -99 -99 -99 -99 -99 -99 -99 -99
-1.24905250298358 -99 -99 -99 -99 -99 -99 1.56237624506635 -99 -99 2.15444573059635 -99 -99 -99 -99
-99 -0.761167450223876 -99 -99 -99 -99 -99 -99 -99 -99 -99 -99 -99 -99 -99
-0.824993526252886 -99 2.09669343847788 -99 -99 -99 -99 -99 -99 -99 -99 -99 -99 -99 -99
-99 -0.042640801306562 -99 -99 -99 -99 -99 -99 -99 -99 -99 -99 -99 -99 -99
-99 -99 -99 -99 -99 -99 -99 -0.300053393121792 -99 -99 -99 -99 -0.535257602999321 -99 -99
-99 -99 -99 -99 -99 -99 -99 -99 -99 2.41994240713155 -99 -99 -99 -99 0.803422165818814
-99 1.58286238412846 -99 -99 -99 -99 -99 -99 -99 -99 -99 -99 -99 -99 -99
-99 -99 -99 -99 -99 -99 -99 -99 -99 -99 -99 -99 -99 -99 -99
-99 -99 -99 -99 -99 -99 -0.945710509181802 -99 -99 -99 -99 -99 -99 -99 -99
-99 -99 -99 -99 -99 -99 -99 -99 -99 -99 -99 2.83418545146186 -99 -99 -99
-99 -0.631956948308397 -99 -99 -99 -99 -99 -99 0.82272041162009 -99 -99 -99 -99 -99 -99
-99 1.69158043573995 -99 -99 -99 0.701708120014334 -99 -99 -99 -99 -99 -99 -99 -99 -99
-99 -99 -99 -99 -99 -1.10208422872093 -99 -99 -99 -99 -99 -99 -99 -99 -99
-99 -99 -99 -99 -0.455485454086722 -99 -99 0.997064001812195 -99 -99 -99 -99 -99 -99 -99
-99 -99 -99 -99 -99 -99 -0.0518965446174311 -99 -99 -99 -99 -99 -99 -99 -99
-99 -99 -99 0.30776900795218 -99 -99 -99 -99 -99 -99 -0.776327778477615 -99 -99 0.993534352650285 -99
-99 -99 -99 -99 -99 -99 -99 -99 -99 -99 -99 -99 -99 -99 -99
0.858873340560431 -99 -99 -99 -99 -99 -99 -99 -99 -99 -99 -99 -99 -99 -99
0.433930786463783 -99 -99 -99 -99 -99 -99 -99 -99 -99 -99 -99 -99 -99 -99
-99 -99 -99 -99 -99 -99 -99 -99 -99 -99 -99 -99 -99 -99 -99
-99 -99 -99 -99 -99 -99 1.55738968326854 0.976373557042631 0.481961825114247 -99 -99 -99 0.176706013976631 -99 -99
-99 -0.244472413227918 -99 -99 -99 -99 -99 -99 -99 -99 -99 -99 -99 -99 -99
-99 -99 -99 -99 -99 -99 -99 -99 -99 -99 -99 -99 -99 -99 -99
-99 -99 -99 -99 -99 -99 -99 -99 -99 -99 -99 -99 -99 -99 -99
-99 -99 -99 -99 -99 -99 -99 -99 -99 -99 -99 -99 0.381027754612691 -99 -99
-99 -99 -99 -99 -99 2.23060211661185 -99 -99 -99 -99 -99 -99 -99 -99 -99
-99 -99 -99 -99 -99 1.52111501240764 -99 -99 -99 -99 -0.315042902378485 -99 -99 -99 -99
-99 -99 -99 -99 -99 -99 -99 -99 -99 -99 -99 -99 -99 -99 -99
-99 -99 -99 2.48547935662833 3.11572716462158 -99 -99 -99 -99 -99 -99 -99 -99 -99 -99
-99 -99 -99 2.80820067281392 -99 -99 -99 2.06139580364322 3.8860010053972 -99 -99 -99 -99 -99 -99
-99 -99 -99 -99 -99 -99 -99 -99 -99 -99 -99 -1.36305370743612 0.460542031372954 -99 -99
-99 -99 -99 -99 -99 -99 1.15962812855726 -99 -99 -99 -99 3.45346657892766 -99 -99 -99
-99 -99 -99 -99 -99 -99 -99 -99 -99 -99 -99 -99 -99 -99 -99
-0.561630443673769 -99 -99 -99 -99 -99 -99 -99 -99 1.01888219250712 -99 -99 -99 -99 -99
-99 -99 -99 -99 -99 -99 -99 -99 -99 -1.07929418857138 -99 -99 -99 -99 -99
-99 0.755877719495806 1.93018935267786 -99 -99 -99 -99 -99 -99 -99 -99 2.52503937046725 -99 -99 -99
-99 -99 -99 -99 -99 -99 -99 -99 -99 -99 -99 -99 -99 -99 -0.964724079119457
-99 -99 -99 -99 -99 -99 -99 -99 -99 -99 -99 -99 -99 -99 -99
-99 -99 -99 -99 -99 0.47690933018741 -0.83747384885724 -99 -99 -99 -99 -99 -99 -99 -99
-99 -99 -99 -99 -99 -99 -99 -99 1.0879940814758 -99 -99 -99 -99 -99 -99
-99 -99 -99 -99 -99 -99 0.578562160601747 -99 -99 -99 -99 -99 -99 0.258660517265613 4.15856296832553
-99 -99 -99 -99 1.3754949702756 -99 -99 1.92046209619216 -99 -99 -99 -99 1.54638957652154 -99 -99
-99 -99 -99 -99 -99 -99 -1.50535607593273 -99 -99 -99 -99 -99 -99 -99 -99
-99 -99 -99 -99 -99 -99 -99 -99 3.05978704093648 -99 -99 -99 -99 -99 -99
-99 -99 -99 -99 -99 -99 -99 -0.540095701676315 -99 -99 0.418918875804304 -99 -1.01140380667268 -99 -99
-99 0.848339620727323 -99 -99 0.497008427349467 -99 -99 -99 -1.41850641208451 -99 -99 -99 -99 -99 -99
-99 -99 -99 -99 -99 -99 -99 -99 -99 -99 -99 -99 -99 -99 -99
-99 -99 -99 1.79479688039035 -99 -99 1.31261135380161 -99 -99 -99 -99 -99 1.01515325449475 -99 -99
-99 -99 -99 -99 -99 -99 -99 -99 -99 -99 0.140460834737821 -99 -99 -99 -99
-99 -99 -99 -99 -99 -99 -99 -99 -99 -99 0.103831527159438 -99 0.226010875466121 -99 -99
-99 -99 -99 -99 -99 -99 -99 0.486235795154289 -99 -99 -99 0.864536542092904 1.06890036548345 -99 1.26257701239204
-99 -99 -99 -99 0.537094766955307 -99 -99 -99 -99 -99 -99 -99 -99 2.50828498498936 -99
-99 -99 -99 -99 -99 -99 -99 2.51424485175233 -99 -99 -99 1.11294967851834 -99 -99 -99
-99 -99 -99 -99 2.60399496281762 1.90297528490296 -99 -99 2.83185078735865 -99 -99 -99 -99 -99 2.30103843821184
-99 -99 -99 0.796444150311157 -99 -99 -99 -99 -99 1.701522794023 1.80243556725535 -99 -99 -99 -99
-99 -99 -99 -99 -99 -99 -99 -99 -99 -99 -99 -99 -99 -99 -99
-99 -99 -99 -99 -99 -99 -99 -99 -1.27968400994224 -99 -99 -99 -99 -99 0.694743814754001
-99 -99 -99 -99 -99 -99 -99 -99 -99 -99 -99 -99 -99 -99 -99
-99 -99 -99 2.0827004777019 -99 1.29793784757405 -99 -99 -99 -99 -99 -99 -99 -99 -99
-99 -99 -99 -99 0.577423554843945 -99 -99 -99 -99 -99 -99 -99 -99 -99 -99
-99 -99 -99 -99 -99 -99 -99 -99 -99 -99 -99 -99 -99 -99 -99
-99 -99 -99 -99 -99 -99 -99 -99 0.289509606116486 -99 -99 -99 -99 -99 -99
-99 -99 -99 -99 -99 -99 -99 -99 -99 -99 -99 -99 -99 -99 -99
-99 -99 -99 -99 -99 -99 -99 -99 -99 -99 -99 -99 -99 -99 0.280378637069733
-99 1.79744249758878 -99 -99 -99 -99 -99 -99 -99 -99 -99 -99 -99 2.02333978118939 -99
-99 -99 -99 -99 -99 -99 -99 -99 -1.14019435016537 -99 -99 -99 -99 -99 -99
-99 -99 -99 -99 -99 -99 0.170809639486331 -99 -99 -99 -99 -99 -99 -99 -99
-99 -99 -99 -99 -99 1.95350763807865 -99 -99 -99 -99 -99 -99 -99 -99 -99
-99 -99 -99 -99 -99 -99 -99 -99 -99 -99 -99 -99 2.23184732831797 -99 -99
-99 -99 -99 -99 -1.05415465994383 -99 -99 -99 -99 -99 -99 -99 -99 -99 -99
-99 -99 -99 -99 -99 -99 -99 0.472382629524743 1.54057249966564 -99 -99 -99 1.83636012538636 -99 -99
-99 -99 -99 -1.11533478847139 -99 -99 -99 -99 -99 -99 -99 -99 -99 -99 -99
-99 -99 -99 1.66497095131953 -99 -99 -99 -99 -99 -99 -99 -99 -99 -99 -99
-99 -99 0.735209961319713 -99 -99 -99 -99 -99 1.68377566670299 -99 -99 -99 2.99129653905453 -99 -99
-99 -99 -99 -99 -99 -99 -99 -99 -99 -99 2.2700516666671 3.14603084029149 -99 4.02856028492812 3.14598081279522
-99 -99 -99 -99 -99 -99 -99 -99 -99 -99 -99 -99 0.122818231042727 -99 -99
-99 -99 -99 -99 -0.450070109666347 -99 -99 -99 -99 -99 -99 -99 -99 -99 -99
-99 -99 -99 0.372130278264554 -99 -99 -99 -99 -99 -99 -99 -99 -99 -99 -99
-99 1.65978262234259 -99 -99 -99 -99 -99 -99 -99 -99 -99 -99 -99 -99 -99
-99 -99 -99 -99 1.98932215236586 -99 -99 -99 -99 -99 -99 -99 -99 -99 -99
-99 -99 -99 -99 -99 -99 -99 -99 -99 -99 -99 -99 -0.728758582118613 -99 -99
-99 -99 2.45015132652728 -0.955305125376957 0.427718770516753 -99 -99 -99 -99 -99 -99 -99 -99 -99 -99
-99 -99 -99 -99 -99 0.383942997577973 -99 -99 -99 -99 -99 -0.0902438378226202 -99 -99 -99
-99 -99 -99 -0.145305013898338 -99 -99 -99 -0.658226985553339 -99 -99 0.304817240590721 -99 -99 -99 -99
-99 -99 -99 -99 -99 -99 -99 -99 -99 -99 -99 -99 -99 -99 -99
-99 -99 -99 -99 -99 -99 -99 -99 -99 -99 -99 -99 -99 -99 -99
-99 -99 -99 -99 0.160285347943597 -99 -99 -99 -99 -99 -1.3008917880075 -99 -99 -99 -99
-99 -99 -99 -99 -99 -99 -99 -99 -99 -99 -99 -99 1.01076019470064 -99 -99
-99 -99 -99 -99 -99 -99 0.491269706789088 -99 -99 -99 -99 -99 -99 -99 -99
-99 -99 -99 -99 -99 -99 -99 -99 -99 -99 -99 -99 -99 -99 1.66460414157569
-99 -99 -1.55140199845624 -99 -99 -0.933486313690736 -0.356013111691777 -1.32390559022934 -99 -99 -99 -99 -99 -99 -99
-99 -99 -99 -99 -99 -99 -99 -99 -99 -99 -99 -99 -99 -99 -0.061803286692105
-99 -99 -99 -99 -99 -99 -99 -99 -99 -99 -99 0.0883864472983205 -99 -99 -99
-99 -99 -99 -99 -99 -99 -99 -99 -99 -99 -99 -99 -99 -99 -99
-99 -99 -99 -99 -99 -99 -99 -99 -99 -99 -99 0.968717415258242 -99 -99 -99
-99 -99 -99 0.635989765683485 -99 1.06617255567086 -99 -99 -99 0.653699894035849 -99 -99 -99 -99 -99
-99 -99 -99 -99 -99 -99 -99 -99 -99 -99 -99 -99 -99 -99 0.761710325557983
-99 -99 -99 -99 -99 -99 -99 -99 -99 -99 -99 -99 -99 -99 -0.337310922814536
-99 -99 -99 2.29218137264639 -99 -99 -99 -99 -99 -99 -99 -99 -99 -99 -99
-99 -99 -99 -99 -99 -99 -99 -99 -99 -99 -99 -99 -99 -99 -99
-99 -99 -99 -99 -99 -99 -99 -99 -99 -99 -99 -99 -99 0.796095943097906 -99
1.26620165124062 -99 -99 -99 -99 -99 -99 -99 -99 -99 -99 -99 -99 -99 -99
-99 -99 -99 -99 -99 -99 -99 4.05304734383193 -99 -99 0.231853276233955 -99 -99 -99 1.05365739535136
-99 -99 -99 -99 -99 -99 -99 -99 -99 -99 -99 -99 -99 -99 -99
-99 -99 -99 -99 -99 -99 -99 -99 -99 -99 -99 -99 -99 -99 -99
-99 -99 -99 -99 -99 -99 -99 -99 -99 -99 -99 -99 -99 -99 -99
-99 -99 -99 -99 -99 -99 0.936117256192612 -99 1.80355889218662 -99 -99 -99 -99 -99 -99
-99 -99 -99 -99 -99 -99 -99 -99 -99 -99 -99 -99 -99 -99 1.17301008586765
3.66695796481736 -99 -99 -99 -99 -99 -99 -99 -99 -99 -99 -99 -99 -99 -99
-99 -99 -99 -99 -99 -99 -99 -99 -99 -99 -99 -99 -99 -99 -99
-99 -99 -99 -99 -99 -99 0.129936702248891 -99 -99 -99 -99 -99 -99 1.91387973724258 1.78820470010794
-99 -99 -99 -99 1.18004237084017 -99 -0.762792814672713 -1.10845507947673 -99 -99 0.835320463287694 -99 -99 -99 -99
-99 -99 -99 -99 -99 1.18370993557728 -99 -99 -99 -99 -99 -99 -99 -99 -99
