-99 -99 -99 0.558961535512467 -99 0.713771230159141 1.22979151118681 -99 -99 -99 -99 -99 -0.201738280142031 -99 -99
-99 -99 -3.20708053312662 -99 -99 -99 -99 -99 -99 -99 -99 -0.99707080356831 -99 -99 -99
-99 0.77232949271759 -99 -99 -99 -99 -99 -99 -99 -99 0.344812539586907 -99 -99 -99 -99
-99 -99 -99 -99 -99 -99 -99 -99 3.50061644775392 -99 -99 -99 -99 -99 -99
-99 -99 -99 -99 -99 -99 -99 -99 -99 -99 -99 -99 -99 -99 -99
-99 -99 -0.575910999265105 -99 -99 -99 -99 -99 -99 -99 -99 -99 -99 -99 -99
1.30446885935268 -99 -99 0.598634387426995 -99 0.46274824389735 1.52025989821074 -99 -99 1.32047270434163 -99 -99 -99 -99 -99
-99 -99 -99 -99 -99 -0.671798119804571 -99 -99 -99 -99 -99 -99 -99 -99 -99
-99 -99 -99 -99 -99 -99 -99 -99 -99 -99 -99 -99 -99 -99 1.42156656643047
-99 3.55463046307111 -99 -99 -99 -99 -99 -99 2.09619257830287 -99 -99 0.167142066212137 -99 -99 -99
-99 -99 -99 -99 -99 -99 -99 2.60774709583987 -99 -99 -99 -99 -99 -99 -99
-99 -99 -99 -99 -99 -99 -99 -99 -99 -99 -99 -99 -99 -99 -99
-99 -99 -99 -99 -99 -99 -99 1.2307109949671 -99 -99 -1.56786109021566 -99 -99 -99 -99
-99 -99 -99 1.61666751738577 -99 -99 -99 -99 -99 -99 -99 -99 -99 -99 -99
-99 -99 0.438804098277213 -99 -99 -99 -99 -99 1.64016969301756 -99 -99 -99 -99 -99 -99
-99 -99 -99 -99 -99 -99 -99 -99 -99 -99 -99 -99 -99 -99 1.14767156930388
-99 -99 -99 -0.762324430289363 -99 -99 1.13289765690808 -99 -99 -99 -99 -99 -99 -99 -99
-99 -99 1.27824200384203 -99 -99 -99 -99 -99 -99 -99 -99 -99 -99 -99 -99
-99 -99 -99 0.762515555833677 -99 -99 -99 -99 -99 -99 -99 -99 -99 -99 -99
-99 -99 -99 -99 -99 -99 1.59862664148229 -99 0.374860613594831 -99 -99 -99 0.215560115144081 -99 -99
-99 -99 -99 -99 -99 -99 -99 -99 -99 -99 -99 0.548698405830443 -99 -99 -99
-99 -99 -99 -99 -99 -99 -99 0.94221296385831 -99 -99 -99 -99 -99 -99 -99
-99 -0.779489818795775 -99 -99 -99 -99 -99 -99 0.711796699870858 -99 -99 -99 -99 -99 -99
-99 -99 -99 -99 2.21023117568386 -99 -99 -99 -99 -99 -99 -99 -99 -99 -99
1.82251410959711 -99 -99 -99 -99 -99 -99 -99 -99 -99 -99 -99 -99 0.87042738062358 -99
-99 -0.279177164536779 -99 -99 -99 -99 -99 -99 -99 -99 -99 -99 -99 -99 0.659038251807188
-99 -99 -99 -99 -99 -99 -99 -99 -99 -99 -99 -99 -99 -99 -99
-99 -99 -99 -99 -99 -99 -99 -99 -99 -99 -99 -99 -99 -99 -99
-99 -99 -99 -99 0.998379991693933 -99 -99 -99 -99 -99 -99 -99 -99 -99 1.05067994217914
-99 -99 -99 -99 -99 -99 -99 -99 -99 -99 -99 -99 -99 -99 -99
-99 2.0174967300613 -99 0.146400747012683 -99 -99 -99 1.21585921889515 -99 -99 -99 -99 3.706348032208 -99 -99
-0.0389028261942654 -99 -99 -99 -99 -99 -99 -99 -99 -99 -99 -99 -99 -99 3.66401386590976
-99 -99 0.878377750876462 1.73715936480438 -99 -99 -99 -99 -99 -99 -99 -99 -99 -99 -99
-0.0439857979044904 -99 -99 -99 -99 -99 -99 -99 -99 -99 -99 -99 -99 -99 -99
-99 -1.59877194712654 -99 -99 -99 -99 -0.242331837207479 -99 -99 -99 -99 -99 -99 -99 -99
-99 -99 -99 -99 -99 -99 -99 -0.126745807600743 -99 -99 -99 -99 1.54381471442503 -99 -99
-99 -99 2.27494361033341 -99 -99 -99 -99 -99 -99 -99 -99 -99 -99 -99 -99
-99 -99 -99 0.885037755027181 -99 -99 0.825342103695219 -99 -99 -99 -0.172566943467807 -99 -99 -99 -99
-99 -99 -99 1.51145814181653 -99 -99 -99 -99 -99 -99 -99 -99 -0.452601892093687 -99 -99
-99 -99 -99 -99 -99 -99 -99 -99 -99 -99 -99 -99 -99 -99 -99
-99 -99 0.226838971170044 -99 -99 -99 -99 -99 -0.685167573645453 -99 -99 -99 -99 -99 -99
-99 -99 -99 -99 0.87803697290927 -99 -99 -99 -99 1.77617558603128 -99 -99 -99 -99 -99
-99 -99 -99 -99 -99 0.189993527371197 -99 -99 -99 -99 -99 -99 -99 -99 -99
0.150702903652025 -99 -99 -99 -99 -99 -99 -99 -99 1.4030957006084 -99 -99 -99 -99 -0.664586017999058
0.610707206870067 -99 -99 -99 -99 -99 -99 -99 -99 -0.495703364499912 -99 -99 -99 2.32989076550806 -99
-99 -99 -99 -99 -99 -99 -99 -99 -99 2.46385647105508 -99 -99 -99 -99 -99
-99 -99 -99 -99 3.75913605913167 -99 -99 -99 -99 -99 -99 -99 -99 -99 -99
-99 -99 -99 -99 -99 -99 3.7976177739182 -99 -99 -99 -99 -99 -99 -99 -99
1.25495958767161 -99 -99 -99 -99 1.62970145916191 -99 -99 -99 -99 -99 -99 -99 -99 -99
2.28306832854364 -99 -99 -99 -99 -99 -99 -99 -99 -99 -99 -99 -99 -0.465097022096746 -99
1.25259086933392 -99 -99 -99 -99 -99 -99 -99 -99 -99 -99 -0.639413254463446 -99 -99 -99
-99 -99 -99 -99 2.49058482965513 -99 -99 0.856177401182136 -99 -99 -99 -99 -99 -99 -99
-99 2.18734946539212 -99 -99 -99 -99 -99 -99 -99 -99 -99 -99 -99 1.37004442325204 -99
-99 -99 -99 -99 -99 -99 -99 -99 -99 -99 -99 -99 -99 1.24883383614543 -99
-99 -99 -99 -99 -99 -99 -99 0.726694166271175 -99 -0.375030558521542 -99 -99 -99 -99 -99
3.61846306731002 -99 -99 -99 -99 -99 -99 -99 1.45881039149807 -99 -99 -99 -99 -99 -99
-99 -99 -99 -99 -99 -99 -99 1.21863879138183 -99 -99 0.265075546212955 -99 -99 -99 -99
-99 -99 -99 -99 -99 -99 2.19845072284588 -99 -99 -99 -99 -99 -99 -0.103642104246734 1.21881554299579
-99 -99 -99 -99 -99 -99 -99 -99 1.68090193967726 -99 -99 -99 -99 0.116807771373353 -99
-99 -99 -99 -99 -99 -99 -99 -99 -99 -99 -0.433562272510428 -99 -99 -99 -99
-99 -99 -99 -99 -99 -99 -99 -99 -99 -99 -99 -99 -99 -99 -99
-99 -99 -99 -99 -99 -99 1.70514956737033 -99 -99 -99 -99 -99 2.3576084436845 -99 -99
1.32041508117342 -99 -99 -99 -99 -99 0.951371817580061 -99 -99 -99 -99 -99 -99 -99 -99
-99 -99 -99 -99 -99 -99 -99 -99 -99 -99 -99 0.648046639208395 -99 -99 -99
-99 -99 -99 -99 -99 -99 -99 -99 -99 -99 -99 -99 -99 -99 -99
-99 1.65504363919471 0.601250414555704 -99 -99 -99 -99 -99 -99 -99 1.56513079353909 -99 -99 -99 -99
-99 2.42130537565882 -99 -99 -99 -99 -99 -99 -99 -99 -99 -99 -99 -99 -99
-99 -99 -99 -99 -99 -1.37101390621152 -99 -99 -99 -99 -99 -99 1.26013797659462 -99 -99
-99 -99 -99 -99 -99 -99 -99 -99 -99 -99 -99 -99 -99 -99 -99
-99 -99 -99 -99 -99 -99 -99 -99 2.21266199768041 -99 2.2098524311596 -99 -99 1.87936050079345 -99
-99 -99 -99 -99 -99 1.65226591356952 -99 -99 -99 -99 -99 -99 -99 -99 -99
-99 -99 -99 -99 -99 -99 -99 -99 -99 -99 -99 -99 -99 -99 2.19763105350642
-99 -99 -99 -99 -99 -1.77987965023001 -99 -99 -99 -99 -99 -99 1.31671672439753 -99 -99
-99 -99 -99 -1.28027031533107 -99 1.71356069769792 -99 -99 -99 -99 -99 -99 -99 -99 -99
-99 -99 -99 3.03026118367447 4.42887843874256 -99 -99 -99 -99 -99 -99 3.25012317121435 2.75743267158735 -99 -99
-99 -99 -99 -99 -99 -99 -99 -99 -99 1.25284833517233 -99 -99 -99 -99 -99
1.25774358927405 -99 -99 -99 -99 -99 -99 -99 -99 -99 -99 -99 -99 -99 -99
-99 -99 -99 -99 -99 -99 -99 -99 -99 -99 -99 -99 -99 -99 1.9408330211127
-99 -99 -99 -99 -99 -99 -99 -99 -99 -99 -99 -99 -99 -99 1.80503424871779
-99 -99 -99 -99 -99 -99 -99 -99 1.4063936259578 -99 -99 -99 -99 -99 -99
-99 -99 -99 4.28535353643301 -99 -99 -99 -99 -99 -99 -99 -99 -99 -99 -99
-99 -99 -99 -99 -99 -99 -99 -99 -99 -99 0.358096096238645 -99 -99 -99 -99
-99 -99 -99 -99 -0.95911359744601 -99 -99 -99 -99 -99 -99 -99 -99 -99 -99
-99 2.05104764948772 -99 -99 -99 -99 -99 -99 -99 -99 -99 -99 -99 -99 -99
-99 -99 -99 -99 -99 -99 -99 -1.13673163918099 -99 -99 -99 -99 -99 -99 -99
-2.31482072381453 -99 -99 -99 -99 -99 -2.39647751688564 -99 -99 -99 -99 -99 -99 -99 -99
-99 -0.765390776371311 -99 -99 -1.01479814835414 -99 -99 -99 -99 -99 -99 -99 -99 -99 -99
-99 -99 -99 -0.342581235769211 -99 -1.40374742984352 -99 -99 -99 -99 -99 -99 -99 -99 -99
-99 -99 -99 -99 0.30810550691527 -99 -99 -99 -99 -99 -99 -99 -99 -99 -99
-99 -99 -99 -99 -99 -99 -99 -99 -99 1.17227294913564 -99 -99 -99 -99 -99
-99 3.14306065087061 -99 -99 -99 1.20079243695337 -99 -99 -99 -99 -99 -99 0.314551701920691 -99 -99
-99 -99 -99 -99 -99 -99 -99 1.65946862040005 0.542735165488996 -99 -99 -99 -99 -99 -99
-99 -99 -99 -99 -99 -99 -99 -99 -99 1.49161852378717 -99 -99 -99 -1.16035099967556 -99
-99 -99 -99 -99 1.47216098945014 -99 -99 -99 -99 -99 -99 -99 -99 -99 -99
-99 -99 -99 -99 -99 -99 -99 -99 -99 -99 -99 -99 2.11415026368783 -99 -99
-99 -99 -99 1.79259490287577 -99 -99 -99 -99 -99 -99 -99 -99 -99 -99 -99
-99 -99 -99 -99 -99 -99 -99 -99 -99 -99 -99 -99 -99 -99 2.70806943007235
-99 -99 -99 -99 -99 -99 -99 -99 -99 -99 1.3782586956925 -99 -99 -99 -99
-99 -99 -99 -0.492860746336429 -99 -99 -99 -99 -99 -99 -99 -99 0.118799485629556 -99 -99
-99 -99 -99 -99 -99 -99 -99 -99 -99 -99 -99 -99 -99 -99 -99
-99 0.88035172198203 -99 -99 -99 -99 -99 -99 -99 -99 -99 -99 -99 -99 -99
2.66210887435276 -99 -99 -99 -99 -99 -99 -99 -99 2.23220631513283 -99 -99 4.15729954499274 -99 -99
-99 -99 -99 -99 -99 -99 -99 -99 -99 -99 -99 -99 -99 1.48170869142287 -99
-99 -99 -99 -99 -99 -99 -99 -99 -99 -99 0.962354070873964 -99 -99 -99 -99
-99 -99 -99 -99 -99 -99 -99 0.396079033656315 -99 -99 -99 -99 -99 -99 -99
1.52271444030894 -99 -99 -99 -99 -99 -99 -99 -99 -99 -99 -99 -99 -99 -99
-99 -99 -99 -99 -99 -99 -99 -99 -99 -99 0.561097393250039 -99 -99 -99 -99
-99 -99 -99 0.230403455106724 -99 -99 -99 -99 -99 -99 -99 -99 -99 -99 -99
-99 -99 -99 -99 -99 -99 0.710732513571827 -99 -99 -99 -99 2.85379271312563 -99 -99 -99
-99 -99 -99 -99 -99 1.84549041339215 -99 -99 -99 -99 -1.30278315146406 -99 -99 1.06208678997834 -99
-99 1.98258533724248 -99 -99 -99 -99 -99 -99 -99 -99 -99 -99 -99 1.49945982364653 -99
-99 -99 -99 -99 -99 -99 -99 -99 3.10677501496905 -99 -99 -99 -99 -99 -99
-99 -99 -99 2.59547833732498 -99 -99 -99 -99 -99 -99 -99 -99 -99 -99 -99
-99 -99 -99 -99 -99 -99 -99 -99 -99 -99 -99 -99 -99 -99 -99
-99 -99 -99 -99 1.79480468271692 1.62205610205885 -99 -99 -99 -99 -99 -99 -99 -99 0.609058519988945
1.28726715741351 -99 -99 -99 -99 -99 -99 -99 -99 -99 -99 -99 -99 -99 -99
-99 -99 -99 -99 -99 -99 -99 -99 -99 -99 -99 -99 -99 -99 -0.0176397562153752
-99 -99 -99 0.815533702828981 -99 -99 -99 -99 -99 -0.910897068431867 -99 -99 -99 -99 -99
-99 -99 -99 -99 -99 -99 -99 -99 -99 -99 -99 -99 -0.133478863624688 -99 -1.2495071264357
-99 -99 1.28928121948108 -0.131890148776308 -99 -99 -99 -99 -99 -99 -99 -99 -99 -99 -99
-99 -99 -99 -99 -99 2.26058140714478 -99 -99 -99 -99 -99 -99 1.4304235611378 -99 -99
-99 -99 1.31064391384722 2.72777316755666 -99 -99 -99 -99 -99 -99 -99 -99 -99 -99 -99
-99 -99 -99 -99 -99 -99 -99 -99 -99 -99 -1.40433951828603 -99 -0.165594544399068 -99 -99
-99 -99 -99 -99 -99 -99 -99 -99 -99 -99 -99 -99 -99 -99 -99
-99 -99 -99 -99 -99 -99 1.71415771320779 -99 -99 -99 -99 -99 -99 -99 -99
-99 -99 -99 -99 -99 -99 -99 -99 -99 -99 -99 -99 -99 -1.49658787878509 -99
-99 -99 -99 -99 -0.684388054724002 -99 -99 -99 -99 0.152897253111124 -99 -99 -99 -99 -99
-99 -99 -99 -99 -99 -99 -99 -99 -99 -99 -99 -99 -99 -99 -99
-99 -99 -99 -99 -99 -99 -99 -99 -99 -99 -99 -99 -99 -99 -99
-99 -99 -99 -99 -99 -99 -99 -99 -99 -99 0.970671115939011 -99 -99 -99 -99
-99 -99 -99 -99 -99 -99 0.813894458180175 -99 -99 -99 -99 -0.276007899406451 -99 -99 -99
-99 -99 -99 -0.22920927578129 -99 -99 -99 -99 -0.961462075365352 -99 -99 -99 -99 -99 -0.715387589024425
-99 -99 -99 -99 -99 -99 -99 -99 -0.357498368650476 -99 -99 -99 -99 -99 -99
0.260252943056367 -99 0.416623150174798 -0.992038735865579 -99 -99 -99 -99 -99 -99 -99 -0.0317832289901052 -99 -99 -99
-99 -99 -99 -99 -99 -99 -99 -99 -99 -99 -99 -99 -99 -99 -99
-99 -99 1.86405584126771 -99 -99 -99 -99 1.34194771377765 -99 -99 -99 -99 -99 -99 -99
-99 -99 -99 -99 -99 -99 0.545095693753842 -99 -99 -99 -99 2.83515737674257 -99 -99 -99
-99 -99 1.18776407382104 -99 -99 -99 -99 0.0983854855656963 2.8125962807669 -99 -99 -99 -99 -99 -99
-99 -99 -99 1.13374085936726 -99 1.50314864246926 -99 -99 -99 -99 -99 -99 -99 -99 -99
-99 -99 -99 -99 1.34668068220641 -99 -99 -99 -99 -99 -99 2.39115514385163 -99 -99 -99
-1.61141078597045 -99 -99 -99 -99 -99 -99 -99 -99 -99 -99 -99 -99 -99 -99
-99 3.24080629939541 -99 3.24189551494771 -99 -99 -99 -99 -99 -99 2.57776147674035 -99 -99 -99 -99
-99 -99 -99 -99 -99 -99 -99 -99 -99 -99 -99 -99 -99 -99 -99
1.096400652549 -99 -99 -99 -99 0.929183148877643 -99 -99 -99 -99 3.30536228679445 -99 -99 -99 -99
-99 -99 -99 0.139651707035658 -99 -99 -99 -99 -99 -99 -99 -99 -99 -99 -99
-99 -99 -99 -99 -99 -99 -99 -99 -99 -99 -99 -99 -99 -99 -99
-99 -99 -99 -99 -99 -99 -99 -99 -99 -99 1.16958757345422 -99 -99 -99 -99
1.25887261550684 -99 -99 -99 -99 -99 -99 -99 -99 -99 -99 -99 -99 -99 -99
-99 -99 -99 -99 -99 -99 -99 -99 -99 -99 -99 -99 -99 -99 -99
-99 -99 -99 -99 1.60693049426843 -99 -99 -99 -99 -99 -99 -99 -99 -99 -99
-99 -99 -99 -99 -99 -99 -99 -99 -99 -99 -99 -99 0.794477783742648 -99 -99
-99 -99 -99 -99 -2.15885121278567 -99 -99 -99 -99 -99 -99 -99 -0.474455883754499 -99 -1.62537672703029
-99 -99 -99 -99 -99 -99 -99 -99 -99 -99 -99 -99 -99 -99 -99
-99 -99 -0.544004527134996 -99 -99 -99 -99 -1.41401619972341 -99 -99 0.497443974965787 -99 -99 -99 -99
-99 -99 -99 -99 -99 -99 -99 -99 2.90308422836569 -99 -99 -99 -99 -1.5989241957059 -99
-99 -99 -99 -99 -99 -99 -99 -99 -99 -99 -99 -99 -99 -99 -99
-99 -99 -1.82319229374957 -99 -99 -99 -99 -99 -99 -99 -99 -99 -99 -99 -99
-99 -99 -99 -99 -99 -99 -99 -99 -99 -99 -99 -0.373805999738841 -99 -99 1.0865202587212
-99 -99 -99 -99 -99 -99 -99 -99 -99 -99 -99 -99 -99 -99 -1.42263811730127
-99 -99 -99 -99 -99 -99 0.667873093322269 -99 -99 -99 -99 -99 -99 -99 -99
-99 -99 -99 -99 -99 -99 -99 -2.53613385283963 -99 -99 -99 -99 -99 -99 -99
-99 -99 -99 -99 3.09074398232637 -99 -99 -99 -99 -99 -99 -99 -99 -99 -99
-99 -99 -99 -99 -99 0.520590052376266 -99 1.0105491523012 -99 -99 -99 -99 -99 -99 -99
1.17161298744657 -99 -99 -0.509561230473601 -99 -99 -99 -99 0.850477497026276 -99 -99 -99 -99 -99 1.34878574026121
-99 -99 -99 -99 -99 -99 -99 1.8538580013591 -99 -99 -99 -99 -99 -99 -99
-99 0.420370980638026 2.86960573059597 -99 -99 -99 -99 -99 -99 -99 -99 -99 -99 -99 -99
-99 -99 -99 -99 -99 -99 -99 -99 -99 -99 -99 -99 -99 -99 -99
-99 -99 -99 -99 -99 -99 -99 -99 -99 -99 -99 -99 -99 -99 1.91627607615333
-99 -99 -99 -99 -99 -1.82292327314412 -99 -99 -99 -99 -99 -99 -99 -1.00109166539888 -99
-99 -99 -99 -99 -99 -99 -99 -99 -99 -99 -99 -0.505090121819613 -99 -99 -99
-99 -99 -99 -99 -99 -99 -99 -99 -99 -99 -99 -99 -99 -99 -99
-99 -99 -99 -99 -99 -99 -99 -99 -99 -99 -99 -99 -99 -99 -99
-99 1.17704694908462 -99 -99 1.92687211883335 -99 2.67314355113966 -99 0.913019642906775 2.52892077667264 -99 -99 -99 -99 -99
-99 -99 -99 -99 -99 0.83597614754958 -99 -99 -99 -99 -99 -99 -99 -99 -99
-99 0.836947698878872 2.19171158810599 -99 -99 -99 -99 -99 -99 -99 -99 -99 -99 -99 -99
0.406178865158254 -99 -99 3.55845676543764 -99 -99 -99 -99 -99 -99 -99 -99 -99 -99 -99
-99 -99 -99 -99 -99 -99 -99 -99 -99 -99 -99 -99 -99 -99 -99
-99 -0.116034958215169 -99 0.700263284261316 -99 -99 -99 -99 -99 -99 -99 -99 -99 -99 -99
-99 -99 -99 -99 0.292905881874656 -99 -99 -99 -99 -99 -99 -99 -99 -99 -99
-99 -99 -99 -99 0.221728592507612 -0.0639017084174909 -99 -99 -99 -99 -99 -99 -99 -99 -99
-99 2.48343393079789 -99 -99 -99 -99 -99 -99 -99 1.52650956737992 -99 -99 -99 -99 -99
-99 -99 -99 -99 -99 -99 -99 -99 -99 2.9240344615413 -99 -99 -99 -99 -99
-99 -99 -99 -99 -99 -99 -99 -99 -99 -0.890012573775749 -99 -99 -99 -99 -99
-99 -99 -99 -99 -99 -99 -99 -99 -99 -99 -99 -99 -99 -99 -99
-99 2.61997529878678 -99 -0.197909995450329 -99 -99 -99 -99 -99 -99 -99 -99 1.50915661378583 2.81141458369093 2.04033163917903
-99 -99 -99 0.137418034431107 -99 -99 -99 -99 -99 -99 -99 -99 -99 -99 -99
-99 -99 -99 -99 -99 -99 -99 -99 -99 -99 -99 -99 -99 -99 -99
-99 -99 -99 -99 0.432168986408548 -99 -99 -99 -99 -99 -99 -99 -99 -99 -99
-99 -99 -99 -99 -99 -99 -99 -99 -99 -99 -99 -99 -99 -99 -99
-99 -99 -99 -99 -99 -99 -99 -99 -99 -99 -99 -99 -99 -1.47731941995318 -99
-99 -99 -99 -99 -99 -99 0.23658738749647 -99 -99 -99 -99 -99 -99 -99 -99
-99 1.27221891573216 -99 -99 -99 -99 -99 -99 -99 -99 -99 -99 -99 -99 -99
-99 -99 -99 -99 -99 -99 -99 -99 -99 -99 -99 -99 -99 -99 -99
-99 -99 -99 -99 -99 -99 -99 -99 -99 -99 -99 -99 -99 -99 -0.519174716197528
-99 -99 -99 1.72705419103555 2.26914721052188 -99 -99 1.36603638468903 -99 -99 -99 -99 2.09637323044034 -99 -99
-99 -99 -99 -99 -99 -99 -99 0.692257838131262 -99 -99 0.432520653629778 -99 -99 -99 -99
-99 -99 -99 -99 -99 -99 -99 -99 -99 -99 1.06923464256168 -99 -99 -99 -99
-99 -99 -99 -99 0.941710865519395 -99 -99 -99 -99 -99 -99 -99 -99 -99 -99
-1.42816083171372 -99 -99 -99 -99 -2.49693638686088 -99 -99 -99 -99 -99 -99 -99 -99 -99
-99 -99 -99 -99 -99 -99 -99 5.05273860030896 -99 -99 -99 -99 -99 -99 -99
0.13148875206959 -99 -99 -99 -99 -99 -99 -99 -99 -99 -99 -99 -99 -99 -99
-99 -99 -99 -99 -99 -99 0.24652344460733 -99 -99 -99 -99 -99 -99 -99 0.104375603392815
-99 -99 -99 -99 -99 -99 -99 -99 -99 -99 -99 -99 -99 -99 -99
-99 -99 -99 -99 -99 -99 -99 -99 -99 -99 -99 -99 2.16118099231494 -99 -99
-99 -99 -99 -99 -99 -99 -99 -99 -99 -99 -99 -99 -99 -99 1.09343392136532
-99 -99 -99 -99 -99 -99 -99 -99 -99 -99 -99 -99 -99 -99 -99
-99 -99 -99 -99 -99 -99 -99 -99 -99 -99 -99 -99 4.00214092900547 -99 -99
-99 -99 -99 -99 -99 -99 -99 -99 -99 -99 -99 -99 -99 -99 -99
-99 -99 -99 -99 -99 -99 -99 -99 -99 -1.08173872140416 -99 0.0148478675733607 -99 -99 -99
-99 -99 -99 -99 -99 -99 -99 -99 1.9768775110556 -99 -99 -99 -99 1.72267649653667 -99
-99 1.81173825137781 -99 -99 -99 -99 -99 -99 -99 -99 1.38637589427954 -0.121805938258553 -99 -99 -99
-99 3.38409261524447 -99 -99 -99 -99 -99 -99 0.661108314701155 -99 -99 -99 -99 -99 -99
-99 -99 -99 -99 -99 -99 -99 -99 -99 -99 -99 -0.113490731386964 -99 -99 -99
-99 -0.983012975340356 -99 0.490789531919176 -99 -99 -99 -99 -99 -99 0.274164346798867 -99 -99 -99 -99
-99 -99 -99 -99 -99 -99 -99 -99 -99 -99 -99 -99 -99 -99 -99
-99 -99 -1.84342256003409 -99 -0.603259081445905 -99 -99 -99 -99 -99 -99 -99 -99 -99 -99
-99 -99 -99 -99 -99 -99 -1.01948495316059 -99 -99 -99 -99 -0.16580148463758 -99 -99 -99
-99 -99 -99 -99 -99 -99 -99 1.59298878514268 -99 0.913611976647158 -99 -99 -99 -99 -99
-99 -99 -99 -99 -99 -99 -99 -99 2.14691085807974 -99 -99 -99 -99 -99 1.74785806610292
-99 -99 -0.617081184098247 -99 -99 -99 -99 -99 -99 -99 -99 -99 -99 -99 -99
-99 -99 -99 -99 -99 -99 -99 -99 -99 -99 -99 -99 -99 -99 -99
-99 -99 -99 -99 -99 -99 -99 -0.0882541058836157 -99 -99 -99 -99 -99 -99 -99
2.02897087456161 -99 -99 -99 -99 -99 -99 -99 2.42599673088217 -99 -99 -99 2.22637863906649 -99 -99
-99 1.17037192645468 -99 -99 -99 -99 -99 -99 -99 -99 -99 -99 0.659272609721836 2.06111804862905 -99
-99 -99 1.01957724847589 0.0224983934719892 -99 -99 -99 -99 -99 -99 -99 -99 -99 -99 -99
-1.06788037692954 2.42283293362516 -0.630193587496888 -99 -99 1.56787940208573 -99 -99 -99 0.975368396861521 -99 -99 1.21239625681175 -99 2.75314300479139
-99 -99 -99 -99 -0.281479095735121 -99 -99 -99 -99 -99 -99 -99 -99 -99 0.111754358505158
-99 -99 -99 -99 -99 -99 -99 -99 -99 -99 -99 -99 -99 -99 -99
-99 -99 -99 -99 -99 -99 -99 -99 1.98145508345574 -99 -99 -99 -99 -99 -99
-99 -99 -99 -99 -99 -99 -99 -99 -99 -99 -99 -99 -99 -99 -99
-99 -99 -99 -99 2.16156237496174 -99 -99 0.541372158847471 -99 -99 -99 1.08229892966632 -99 -99 -99
-99 -99 -99 -99 -99 -99 -99 -99 -99 -99 -99 -99 -99 -99 -99
-99 -99 0.134422818764617 -99 -99 -99 -99 -99 -99 -99 -99 -99 -0.179424503196805 -99 -99
-99 -99 -99 -99 -99 -99 -99 -99 -99 -99 -99 -99 -99 -99 -99
-99 -99 -99 -99 -99 0.43643055241677 -99 -99 -99 -99 -99 -99 -99 -99 -99
-0.094767223607326 -99 -99 -99 -99 -99 -99 -99 -99 -99 -99 -99 -99 -99 -99
-99 -99 -99 -99 -99 -99 -99 3.04276151286249 -99 4.31383772353434 -99 -99 -99 -99 -99
-99 -99 -99 -99 -99 -99 -99 -99 -99 -99 -99 -99 0.326215253569314 -99 -99
-99 -99 -99 -99 -99 -99 -99 -99 -99 -99 -99 -99 -99 -99 -99
-99 -99 -99 -99 -99 -99 -99 -99 -99 -1.04424735050267 -99 -99 -99 -99 -99
-99 -99 1.44129574175611 -99 -99 -99 -99 -99 -99 0.167929718281511 -99 -99 -99 -99 1.49754624351164
-99 -99 -99 -99 -99 -99 -99 -99 1.30171718445041 -99 -99 -99 -99 -99 -99
-99 -99 -99 -99 -99 -99 -99 -99 -99 -99 -99 0.082521044357376 -99 -99 -99
-99 -99 -99 -99 -99 -99 -99 2.37139846185261 -99 -99 -99 -99 -99 -99 -99
-99 -99 -99 -99 2.60280429538771 -99 -99 -99 -99 -99 -99 -99 -99 -99 -99
-99 -99 -99 -99 -99 -99 -99 -99 -99 -0.620805299558528 -99 -99 -99 -99 -99
-99 -99 -99 -99 -99 -99 -99 0.727357699790178 -99 -99 -99 -99 -99 -99 -99
-99 -99 -99 -99 -99 -99 -99 -99 -99 -99 -99 -99 1.01241079276528 -99 -99
-99 -0.656975156486669 -99 -99 -99 2.5535476339972 -99 -99 -99 -99 -99 -99 -99 -99 -99
-99 -99 -99 -99 -99 -99 -99 -99 -99 -99 -99 -99 -99 -99 -99
-99 -99 -99 -99 -99 -99 -99 -99 -99 -99 -99 -99 -99 -99 -99
-99 0.356015659036368 -99 -99 -99 -99 -99 -99 -99 -99 -99 -99 -99 -99 -99
-99 -99 -99 -99 -99 -99 -99 -99 -99 -99 -99 -99 -99 -99 -99
-99 -99 -99 -99 -99 -99 -99 -99 -99 -99 -99 -99 -1.72506954792816 -99 -2.18649048388953
-99 -99 -99 -99 -99 -99 -99 -99 -99 -99 -99 -99 -99 -99 -99
-99 -99 -99 -99 -99 -99 -99 -99 -99 -99 -99 -99 -0.0761219269760876 1.91744030674262 -99
-99 -99 -99 -99 -99 0.990725664008835 -99 -99 -99 -99 -99 -99 -99 -99 -99
-99 -99 -99 -99 -99 -99 -99 -99 -99 -99 -99 -99 -99 -99 -99
-99 -99 1.88845624861389 -99 -99 -99 -99 -99 -99 3.47865371727388 -99 -99 -99 -99 -99
-99 -1.05243689151556 -99 -99 0.742016650603818 -99 -99 -0.600997342255452 -99 -1.9578789962423 -99 -99 -99 -99 -99
-99 -99 0.0688255926870125 -99 -99 -99 -99 -99 -99 -99 -99 -99 -99 -99 -99
-99 -99 0.913194958177205 -99 -99 -99 -99 -99 2.42407220136674 -99 -99 -99 -99 -99 -99
-99 1.11123484950989 -99 -99 -99 -99 -99 -99 -99 -99 -99 -99 -99 -99 -99
-99 -99 -99 -99 -99 -99 -99 -99 -99 -99 -99 -0.936365734822972 -99 -99 -99
-99 -99 -99 -1.28617380993913 -99 -99 -99 -99 -99 -99 -0.864948993318257 -99 -1.22370796900875 -99 -99
-99 -99 -99 -99 -99 -99 -99 2.65825570681512 1.06620271910019 -99 0.331467816677881 -99 -99 -99 -99
-99 -99 -99 -99 -99 -99 -99 -99 -99 -99 -99 -99 -99 -99 -99
-99 -99 -99 -99 -99 -99 -99 -99 -99 -99 -99 -99 -99 -99 -99
1.81159040714012 -99 1.0206408484286 -99 -99 -99 -99 -99 0.978198074940226 -99 -99 -99 -99 -99 -0.364491634767049
2.55663536722128 -99 -99 -99 -99 1.7480615849714 -99 -99 -99 -99 -99 -99 -99 -99 -99
-0.989586560122629 -99 -99 -99 -99 -0.400470531693613 -99 -99 -99 -1.6269654910071 -99 -99 -99 -99 -99
-99 -99 -99 1.41833300933522 -99 -99 -99 -99 -99 1.67725238788956 -99 1.8793505560243 -99 -99 -99
-99 -99 -99 -99 -99 -99 -99 -99 -99 -99 -0.0720949578564691 -99 -99 -99 -99
-99 -99 -99 -99 -99 1.93182372106848 -99 -99 0.640939856179699 -99 -99 -99 -99 -99 -99
-99 -99 -1.26559886901957 -99 -99 -99 -99 -99 -99 -99 -99 0.34750881234017 -99 -99 -0.57024528507676
-99 -99 -99 -99 -99 -99 -99 -99 -99 0.828786390502421 -99 -99 0.563244647164102 -1.17274805692724 0.263170264460679
-99 -99 -99 -99 -99 -0.344663697283615 -99 -99 -99 -99 2.03466477514666 -99 -99 -99 -99
-99 -99 -1.55258989852111 -99 1.12754798305562 -99 -99 -99 -99 -99 -99 -0.219977097127827 -99 -99 -99
-99 -99 -99 -99 2.75063070359872 -99 -99 -99 -99 1.46068941770046 -99 -99 -99 -99 -99
-99 0.250988027365757 -99 0.526558738383599 -99 -99 -99 -99 -99 -99 -99 -99 -99 -99 -99
-99 -99 -99 -99 -99 -99 -99 -99 -99 -99 -99 -99 -99 -99 -99
-99 -99 -99 -99 -99 -99 -99 -99 -99 -1.16302645929228 -99 -99 -99 -99 -99
-99 -0.0157055233238645 -99 -99 -99 -99 -99 -99 -2.01536985483729 -99 -99 -0.0639380426084151 -99 -99 0.106821335270969
-99 -99 -99 -99 0.931756039597487 -99 -99 -99 -99 -99 -99 -99 -99 -99 2.79702671535192
-99 -99 -99 -99 -99 -99 -99 -99 -99 -99 -99 -99 -99 -99 0.734680010323391
-99 -99 -99 -99 -99 -99 -99 -99 2.20083244900918 -99 -99 -99 -99 -99 -99
-99 -99 3.25401813711503 2.67623101022165 -99 -99 -99 -99 -99 -99 -99 -99 3.31201184805732 -99 -99
-99 -99 -99 -99 -99 -99 1.20107298068874 -99 -99 -99 -99 -99 -99 -99 1.63059629824407
-99 -99 -99 -99 -99 1.05470751267605 -99 -99 1.43728536068872 0.19724404324521 -99 -99 -99 -99 -99
2.13309579486151 -99 -99 -99 -99 1.91301589897453 0.803606169632266 -99 -99 -99 -99 -99 1.31563532804466 -99 -99
-99 -99 -99 -99 -99 -99 -0.2578871516319 -99 -99 -99 2.00809523275949 -99 -99 -99 -99
-99 -99 -99 -99 -99 1.7766603847607 -99 -99 -99 -99 -99 1.57322192817348 -99 -99 -99
-99 4.35927743591073 -99 -99 -99 1.92980038323303 -99 -99 -99 -99 -99 -99 -99 -99 -99
-99 -99 -99 -1.07840222143055 -99 2.53793844275048 -99 -99 -99 -99 -99 -99 -99 -99 -99
-99 -99 -99 -99 -99 -99 -99 -99 -99 -99 -99 -99 -99 -99 -99
-99 0.982451165026826 0.449198192684129 -99 -99 -99 -99 -99 -0.555229814748175 -99 -99 -99 -99 -99 -99
-99 1.36491718701595 -99 -99 -99 -99 -99 -99 -99 -99 -99 -99 -99 -99 -99
-99 -99 0.908358655699156 -99 3.54851482132742 -99 -99 -99 -99 2.78529496345508 -99 -99 -99 -99 -99
-99 -99 -99 -99 -99 -99 -99 -99 -99 -99 -99 -99 -99 -99 -99
-99 1.01764392790288 -99 -99 1.27576910429705 -99 -99 -99 -99 2.09909624001882 -99 -99 -99 -99 1.74532713583227
-99 -99 -99 -99 -99 -99 -99 -99 -0.385654834578859 -99 -99 -99 -99 -99 -99
-99 -99 -99 -99 -99 -99 -99 1.50637629846258 -99 -99 -99 -99 -99 -99 -99
-99 -0.567703577825222 -99 -99 -99 -99 -99 -99 -99 -99 -99 -99 -99 -99 -99
-99 -99 -99 1.3175056711287 -99 -99 0.99084070084344 -99 -99 -99 -99 3.1742605673486 -99 -99 -1.05660345973864
-99 -99 -99 -99 -99 -99 -99 -99 -99 -99 -99 -99 -99 -99 -99
-99 -99 -99 -99 -99 -99 -99 -99 -99 -99 -99 1.31217877820605 -99 2.65363454440733 -99
-99 -99 -99 -99 -99 -99 -99 0.655817479542821 -99 -99 -99 -99 -99 -99 -99
-99 0.651552158063764 -99 -99 -99 1.11102016671398 -99 -99 -99 -99 -99 -99 -99 -99 -0.166075387974345
-99 -99 -99 -99 -99 -99 -99 -99 -99 -99 -99 -99 -99 -0.268000583161319 -99
-99 -99 -99 -99 -99 -99 -99 -99 1.04157539811775 -99 -99 -99 -99 -99 -99
-99 -99 -99 -99 4.72343326971083 2.70230848907119 -99 -99 -99 -99 -99 -99 3.39086940354933 0.824013084462566 -99
-99 -99 -99 -99 -99 -99 -99 0.957487257731876 -99 -99 -99 -99 -99 -99 -99
-99 -99 -99 -99 -99 -99 -99 -99 -99 -99 -99 -99 -99 -99 -0.41377248771211
-99 0.146339371869192 -99 -99 -99 -99 -99 2.09731515419123 -99 -99 -99 -99 -99 -99 0.164526065530755
-99 -99 -99 -99 -99 -99 -99 -99 -99 -99 -99 -99 -99 -99 -99
-99 -99 0.0305074135445658 -99 -0.725508767386791 -99 -99 -99 -99 -99 -99 -99 -99 -99 -99
-99 -99 -99 -99 -99 -99 -99 -99 -99 -99 -99 -99 -99 -99 -99
1.01796505689644 -99 -99 -99 -99 -99 -99 -99 -99 -99 -99 -99 -99 -99 -99
-99 -99 -99 -99 -99 -99 -99 1.98432552574672 -99 -99 -99 -99 -99 -99 -99
-99 -99 -99 -99 -99 -99 -99 -99 1.21731004696131 -99 -99 -99 -99 -99 -99
-99 -99 -99 -99 -99 -99 -99 -99 -99 -99 -99 -99 -99 -99 -99
1.0060901503213 -99 -0.982946718441189 -0.461395202604803 -1.13274292730913 -99 -99 -99 -99 -99 -99 -99 -99 -99 0.408676422583029
-99 -99 -99 -99 -99 -99 1.23892216153441 -99 2.93761162293986 -99 -99 -99 -99 -99 -99
-99 -99 -99 -99 -99 -99 -99 -99 -99 -99 -99 0.89128597322206 -99 -99 -99
-99 -99 0.923195004301256 -99 0.643719771692279 -99 -99 -99 -99 -99 -99 -99 -99 -99 -99
-99 0.422411075540828 -99 -99 -99 -99 -99 -99 -99 -99 -0.432808572743623 -99 -99 -99 -99
-99 -99 -99 -99 -99 -99 -99 -99 -99 1.32557970966619 -99 1.594065294012 -99 -99 -99
-99 -99 -0.10849318834028 -99 -99 -99 -99 -99 -99 -99 -99 -99 -99 -99 -99
-99 -99 -99 -99 -99 -99 -99 -99 -99 -99 -99 -99 -99 -99 -99
-99 -99 -99 -99 -99 -99 -99 -99 -99 -99 -99 -99 -99 3.4376755632577 -99
-99 -99 -99 1.68919714871569 -99 -99 -99 -99 -99 -99 -99 -99 -99 -99 -99
-99 -99 -99 -99 -99 -99 -99 -99 -99 -1.9207016840902 -99 -99 -99 -99 -99
-99 -99 -99 -99 -99 -99 -99 -99 -99 -99 -99 -99 -99 -99 -0.148885157018509
-99 -99 -99 -99 -99 -99 -99 0.713328313549486 -99 -99 -99 -99 -99 -99 1.51393200175384
-99 -99 -99 -99 2.8728088239741 -99 -99 1.11906280918157 -99 -99 -99 -99 -99 0.568473276390461 1.86772661248628
-99 2.53086850115705 -99 -99 -99 -99 -99 -99 -99 1.20858744541093 -99 -99 -99 -99 -99
-99 -99 -99 -99 -99 -0.151500917226797 -99 -99 -99 -99 -99 -99 -99 -99 -99
-99 -99 -99 1.44318208841092 -99 -99 -99 -99 -99 -99 -99 -99 -99 -99 -99
-99 -99 -0.419739210230631 -99 2.50578934255226 -99 -99 -99 -99 -99 -99 -99 -99 -99 -99
-99 -99 -99 -99 -99 -99 -99 -99 -99 -99 -99 -99 0.698808504651127 0.763597417855981 -99
-99 -99 -99 -99 -99 0.169095189969811 -99 -99 -99 -99 -99 -99 -99 -99 -0.635078721395905
-99 -99 -99 -99 -99 0.827572736794199 -99 -99 -99 -99 0.0647326257988815 -99 -99 -99 -99
-99 -99 -99 -99 -99 -99 -99 -99 -99 -2.22749024563234 -99 -99 -99 -99 -99
-99 -99 -99 -99 -99 -99 -99 -99 -99 -99 -99 -99 -99 -99 -99
1.16378413281198 -99 -99 1.37792218337601 -99 -99 -99 -99 -99 2.82595037458406 -99 -99 2.10414294116497 -99 -99
-99 -99 -99 2.04657244999402 -99 -99 -99 -99 -0.140707052848025 -99 -0.219848589179046 -99 -99 -99 -99
-99 -99 0.299903553555674 -99 -99 -99 -99 -99 -99 -99 -99 -99 -99 -99 -99
-99 2.73266438309658 -99 -99 -99 -99 -99 -99 -99 4.12134206918118 2.65908199027207 -99 2.28736774001529 -99 -99
-99 -99 -99 -99 -99 -99 -99 -99 -99 -99 -99 -99 -99 -99 -99
-99 -99 -99 -99 -99 -99 -99 -99 -99 -99 0.609573810219843 -99 -99 -99 -99
-99 -99 -99 1.68495804454675 -99 -99 -99 -99 -99 -99 -99 -99 -99 -99 -99
-99 -99 -99 -99 -99 -99 -99 -99 -99 -99 -99 -99 -99 -99 -99
-0.680202737918729 -99 -99 -99 -99 -99 -99 -99 -99 0.0872009548104038 -2.13003001601807 -99 -99 -99 -99
-99 -99 -99 -0.997837687881102 -99 -99 -99 -99 -0.151277362659047 -99 -99 -99 -99 -99 -99
-99 -99 -99 -99 1.33126139716324 -99 2.39764390622726 -99 2.49239932685397 -99 -99 -99 -99 -99 -99
1.33747275354219 -99 -99 -99 -99 -99 -99 -99 -0.449001216249323 -99 -99 -99 0.950719699555513 -99 -99
-99 -99 -99 -99 -0.455976093700214 -99 -99 -99 -99 -99 -99 -99 1.14004029290325 -99 -2.08372974924366
-99 -99 -99 -99 -99 -99 -99 -99 -99 -99 0.445300701332072 -99 -99 -99 -99
-99 -99 -99 -99 -99 -99 -99 -99 -99 0.289039171914258 -99 -99 -0.24395838003491 -99 -99
-99 -99 -99 -99 -99 -99 -99 -99 -99 -99 -99 -99 -99 -99 -99
-99 -99 1.42629847116753 -99 1.26861647118949 -99 1.94550074642928 -99 -99 -0.891870170968517 -99 -99 -99 -99 -99
-99 -99 -99 -99 -99 -99 -99 -99 -99 -99 -99 -99 -99 -99 -99
-99 -99 -99 -99 -99 -99 -99 -99 -99 -99 -99 -99 -99 -99 -99
-99 -99 -99 -99 -99 -1.46648358435924 -99 -99 1.53486718352477 -99 -99 -99 -99 -99 -99
-99 -99 -99 -99 -99 -99 0.238527977104485 -99 2.29815832100855 -99 -99 2.51853503271754 -99 -99 -99
-99 -99 -99 -99 -99 -99 -99 -99 -99 -99 1.48108786081585 -99 -99 -99 -99
-99 2.07139231246303 -99 0.221916672505521 -99 -99 -99 -99 -99 -99 0.400265505424006 -99 -99 2.88398095050347 -99
-99 -99 -99 -99 -99 2.07050662275772 -99 -99 -99 -99 3.15190397488118 -99 3.07949861775641 -99 -99
-99 -99 -99 -99 -99 -99 -99 -99 -99 -99 -99 -99 -99 -99 -99
-99 -0.824282943514555 0.477730257087729 -99 -99 -99 -99 -99 -99 2.09834907821707 -99 -99 0.835728191692214 -99 -99
-99 -99 0.737311615796757 -99 0.0280390550595151 -99 0.341184042525164 -99 -99 -99 -99 -99 1.41969116092924 -99 -99
-99 -99 -99 -99 -99 -99 -99 -99 -99 -99 -99 -99 -99 -99 -99
0.0804188463245386 -99 -99 -99 -99 -99 -99 -99 -99 -99 -99 -99 -99 -99 -0.710997108173448
1.44089131965441 -99 -99 1.01459348051124 -99 1.03784630285177 -99 -99 -99 -99 -99 -99 -99 -0.102486458125986 -99
-99 -99 -99 -99 -99 -99 -99 -99 -99 -99 0.326870694266397 2.8121809507079 -99 -99 -99
2.06216861844101 -99 -99 -99 -99 -99 -99 -99 -99 -99 -99 -99 -99 -99 -99
-99 -99 -99 -99 -99 -99 -99 -99 -99 -99 2.47144380743158 -99 -99 -99 0.504746210681219
1.7119686925595 -99 -99 -99 -99 -99 -99 -99 -99 -99 -99 -99 -99 2.94556194616236 -99
-99 -99 -99 -99 -99 -99 -99 -99 -99 -99 -99 -99 -99 -99 -99
-99 -99 -99 -99 -0.0197491665547771 -99 -99 -99 -99 -99 -99 -99 -99 -99 -99
-99 -99 -99 -99 -99 -99 -99 -99 -99 -99 -99 -99 -99 -99 -99
-99 -99 -99 2.27755003061737 -99 -99 3.26843447438037 -99 2.21616357882513 -99 -99 -99 4.40964874974171 -99 -99
-99 -99 -99 -99 -99 -99 -99 -99 -99 -99 -99 -99 -99 -99 -99
-99 -99 -99 -99 -99 -99 -99 -99 -99 -99 -99 -99 -99 -99 -99
-99 0.981736968026969 -99 -0.772115590978658 -99 -99 -99 -99 -99 2.45986204616993 -99 -99 -99 -99 -99
-99 -99 -99 -99 -99 -99 -99 -99 -99 -99 3.5155112261614 -99 -99 -99 -99
-99 -99 -99 -99 -99 -99 -99 -99 -99 -99 -99 -99 -99 2.52161295449383 -99
-99 -99 -99 -99 -99 -99 -99 -99 -99 -99 -99 -99 -99 -99 -99
-99 -99 -99 -99 -99 -99 -99 -99 -99 -99 -99 -99 -99 2.48642554547213 -99
-99 -99 -99 -99 -99 -99 -99 -99 -99 -99 -99 -99 1.28449371643452 -99 -99
-99 -99 -99 -99 -99 -0.0634420070928412 -99 -99 -99 -99 0.313296531602695 -99 -99 -99 -99
-99 -99 -99 -99 -99 -99 2.67276785027074 -99 -99 -99 -99 1.9371624439062 3.01638283941605 -99 -99
-99 -99 -99 -99 -99 -99 -99 -99 -99 -99 1.15605616047927 -99 -99 -0.616096070184488 -99
-99 -99 -99 -99 -99 -99 -99 -99 -99 -99 -99 -99 -99 -99 -99
-0.468030365564752 -99 -99 -99 -99 -99 -99 -99 -99 -99 -99 -99 -99 -99 -1.39705077990965
-99 -99 -99 -99 -99 -1.19702214596444 -99 -99 -99 -99 -99 -99 -1.53475270011468 -99 -99
-99 -99 -99 -99 -99 -99 -99 -99 -99 -99 -99 -99 -99 -99 -99
-99 -0.942209921865924 0.582957016962677 1.13832930212318 -99 -99 -99 -99 -99 1.40396702386395 -99 -99 -99 -99 -99
-99 -99 -99 -99 -99 -99 -99 -99 -99 2.38435429133586 -99 0.785059737260694 -99 -99 -99
-99 -99 -99 -99 -99 -99 -99 -99 -99 4.26849553321154 -99 -99 -99 -99 -99
-99 -99 -99 -99 -99 -99 -99 -99 -99 -99 -99 -99 -99 -99 -99
-99 -99 -0.215168759362543 -99 -99 -99 0.506058205061403 0.417515730904684 -99 -99 -99 -99 -99 -99 -99
-99 -0.447525237222695 -99 -99 -99 4.70259422387126 -99 -99 -99 -99 -99 0.753250559486254 0.986347920692706 -99 -99
-99 -99 -99 -99 -99 -99 -99 -99 -99 -99 -99 -99 -99 -99 -1.56405613873169
-99 -99 -99 -0.662828881167385 -99 -99 -99 -99 -99 -0.799447893995713 -99 -99 -99 1.23941527180503 -99
-99 -99 -99 -99 -99 -99 -99 -99 -99 -99 -99 -99 -99 -99 -99
-99 -99 -99 -99 -99 -99 -99 -99 -99 -99 -99 -99 0.121385624031347 -99 1.18596754844997
-99 -99 -99 -99 -99 -99 -99 2.17789651817679 -99 -99 -99 -99 2.76599028195597 -99 -99
-99 -99 -99 -99 -99 -99 -99 -99 -99 -99 0.313281974872303 -99 -99 -99 -99
-99 0.00602680964579272 -99 -99 -99 -99 -99 -99 -99 -99 -99 0.597604010712138 -99 -99 -99
-99 -99 -99 -99 -99 -0.197922048922209 -99 2.9871301802966 -99 -99 -99 -99 1.09324633937028 -99 -99
-99 -99 -99 -99 -99 -99 -99 -99 -99 -99 -99 -99 -99 -99 -99
-99 -99 -99 0.831255326442714 -99 -99 -99 1.48955628162306 -99 -99 -99 1.44816844970027 -99 0.0716004777871229 -99
2.03814016933736 2.07599588225534 -99 -99 -99 -99 -99 -99 -99 -99 -99 -99 -99 -99 -99
-99 1.35104536278613 -99 -99 -99 -99 -99 -99 2.69894727122553 -99 -99 -99 -99 -99 -99
-99 -99 -99 -99 -99 -99 -99 -99 -99 -99 -99 -99 -99 -99 -99
-99 -99 -99 2.30288919011478 -99 -99 -99 -99 -99 -99 -99 -99 3.06001840082381 -99 -99
-99 -99 -99 -99 -99 -99 -99 -99 -99 -99 -99 2.91859453269623 -99 -99 -99
-99 -99 -99 -99 -99 -99 -99 -99 -99 -99 -99 -99 -99 -99 -99
-99 -99 2.08916798717161 -99 -99 -99 -99 -99 -99 -99 -99 0.41689684616551 -99 -99 -99
-99 -99 1.09577272555771 -99 -99 -99 1.19580704448895 -99 -99 -99 -99 -99 -99 -99 -99
-99 -99 -99 -99 -99 -99 -99 -99 -99 -99 1.65645513442428 -99 1.15905666683621 -99 -99
-99 -99 -99 -99 -99 -99 -99 -99 -99 -99 -99 -99 -99 0.487722542867941 -99
-99 -99 -99 -99 -99 -99 -99 -99 2.39678314403732 -99 -99 -99 -99 -99 -99
-99 -99 0.688117961433357 -99 1.47000869446762 -99 -99 -99 -99 -99 -99 -99 -99 -99 -99
-0.593462050563986 -99 -99 1.14977297852246 -99 -99 -99 -99 -99 -99 -99 -99 -99 -99 -99
-99 -99 -99 -99 -99 -99 -99 -99 -99 -99 -99 -99 -99 -99 -99
-99 -99 -99 -1.11383931999856 -99 -99 -99 -99 -99 -99 -99 -99 -99 -99 -99
-99 -99 -99 -99 -99 -99 -99 -99 -99 -99 -99 -99 -99 -99 -99
-99 -99 -99 -99 -99 -99 -99 0.24679042942264 -99 -99 -99 -99 -99 -99 -99
-99 -99 -99 -99 -99 -99 -99 -99 -99 -99 -99 -99 -99 -99 -99
-99 -99 -99 -99 -99 -99 -99 -99 -99 -99 -99 -99 -99 -99 -99
-99 -99 -99 -99 -99 -99 -99 -99 -99 -99 -99 -99 -99 -99 -99
-99 1.16396760389605 -99 -99 -99 -99 -99 -99 -99 0.864904503047396 -99 -99 -99 -99 -99
-99 -99 -99 -99 -99 -99 -99 -99 -99 -99 -99 -99 -99 -99 -99
-99 -99 -99 3.52287326495456 -99 -99 -99 -99 -99 -99 -99 -99 -99 -99 -99
-99 -99 -99 0.368771904343087 -99 -99 -99 -99 -99 0.817030741952909 -99 -99 -99 -99 1.34373521734483
-99 -99 -99 -99 -99 -99 -99 -99 -99 -99 -99 -99 -99 1.33073672328784 -99
-99 -99 3.22351365421122 -99 -99 -99 -99 -99 -99 -99 2.18954490117579 -99 -99 -99 1.68727217162964
-99 -99 -99 -99 -99 -99 -99 0.710822693499368 -99 -99 -99 -99 -99 -99 -99
-99 -99 -99 0.120030529604241 2.01916713861933 -1.1368743853604 -99 -99 -99 -99 -99 -99 -99 -99 -99
-0.302552686911975 -99 -99 -99 -99 -99 -99 -99 -99 -99 -99 -99 0.71451804680795 -99 -99
-99 -99 -99 -99 -99 -99 -99 -99 -99 -99 -99 1.79825262674132 -99 -99 -99
-99 -2.36909037547646 -99 -99 -99 -99 -99 -99 -99 -99 -99 -99 -99 -1.66917050133159 -99
-99 -99 -99 -99 -99 -99 -99 -99 -99 -99 -99 -99 -99 -99 -99
-99 -99 -99 -99 -99 -99 -99 -99 -99 -99 -99 -99 -99 -99 3.34155233378094
-99 -99 -99 -1.38350955914485 -99 -99 -99 -1.4013589907476 -99 -99 -99 -99 -99 -99 -99
1.3954893495152 -99 -99 -99 -99 -99 -99 -99 -99 -99 -99 -99 -99 -99 -99
-99 -0.439098467801804 -99 -99 -99 -99 -99 -99 -99 -99 -99 -99 -99 -99 -99
-99 -99 -99 -99 -99 0.783323835969683 -99 -99 1.26450695457896 -99 -99 -99 -99 -99 -99
-99 -99 -99 -99 -99 -99 -99 -99 -99 -99 -99 -99 -99 -99 -99
2.53806474819903 -99 -99 -99 -99 -99 -99 -99 1.32254971975675 -99 -99 -99 -99 -99 -99
-99 -1.56170934880557 -99 -0.544871157583504 -99 -99 -99 -99 -99 -99 -99 -99 -99 -99 -99
-99 2.932864979623 -99 -99 -99 -99 -99 -99 -99 -99 -99 -99 -99 -99 -99
-99 -99 -99 -99 -99 -99 -99 -0.541598925034449 -99 -0.12468345771948 -99 -99 -99 -99 -99
-99 -99 -99 -1.75652193577261 -99 -99 -99 0.659281092407645 -99 0.431634195498012 -99 -99 -0.257206368145441 -99 0.000518825730657868
-99 -99 -99 -99 -99 -99 0.262742396780754 -99 -99 -99 -99 -99 -99 -99 -99
-99 -99 -99 -99 -99 -99 -99 -99 -99 -99 -99 -99 -99 -99 -99
-99 -99 -99 1.06714204646122 -99 -99 -99 -99 -99 -99 -99 -99 -99 -99 -99
-99 -99 3.39130467717645 -99 -99 -99 -99 -99 -99 2.51588186753599 -99 -99 1.82099159024711 -99 -99
-99 -99 -99 -99 -99 -99 -99 -99 -99 -99 -99 -99 -99 -99 -99
-99 -99 -0.0956270538751833 -99 -99 -99 -99 -99 -99 -99 -99 -99 -99 -99 -99
-2.84763816312973 -99 -99 -99 -99 -99 -99 -99 0.0750575602624098 -99 -99 2.4673444932771 -99 0.328616010074994 -99
2.59187040995921 -99 -99 -99 0.694451232144323 -99 -99 -99 -99 -99 -99 -99 -99 -99 -99
-99 -99 -99 -99 -99 -99 -99 -99 -99 -99 -99 -99 -99 -99 -99
-99 -99 -99 -99 -99 -99 -99 -99 -99 -99 2.15355917008865 -99 -99 -99 -99
-99 -99 -99 -99 -99 -99 -99 -99 -99 0.292551266004957 -99 -99 -99 -99 -99
-99 -99 -99 -99 -99 0.98734904860219 -99 -99 -99 -99 -99 -99 -99 -99 -99
-99 -99 -99 -99 -99 -99 -0.144702480747684 -99 -99 -99 -99 -99 -99 -99 -99
-99 -99 -0.303915401656301 -99 -99 -99 -99 -99 -99 -99 -99 1.26596184870311 -99 -99 -99
-99 -99 -99 0.200970387217492 -99 -99 -99 -99 -99 -99 -99 -99 -99 -99 -99
-99 -99 -99 -99 1.62665224720305 -99 -99 -99 -99 -99 -99 -99 -99 -99 -99
-99 -99 -99 -99 -99 -99 -99 -99 0.102054644152539 -99 -99 -99 -99 -99 -99
-99 -99 -99 -99 -99 -99 -99 1.21302359497502 -99 -99 -99 -99 -99 -99 -99
-99 -99 -99 -99 -99 -99 -99 1.68859813605615 -99 -99 -99 -99 -99 -99 -99
-99 -99 -99 -99 -99 -99 -99 -99 -99 -99 -99 -99 -99 -99 -99
-99 -99 -99 -99 -99 -99 -99 -99 -99 -99 -99 -99 -99 -99 -99
-99 -99 -99 -99 -99 -99 -99 -99 -99 -99 -99 -99 -99 -99 -99
-99 -99 -99 -99 -99 4.55152194831274 -99 -99 1.67074788929482 -99 -99 -99 -99 -99 -99
-99 -99 -99 -99 -99 2.13661648759649 -99 -99 -99 0.604269619084499 -99 -99 -99 -99 -99
-99 -99 -99 2.21744181388058 -99 -99 -99 -99 -99 -99 -99 -99 -99 -99 -99
-99 -99 -99 -99 -99 -99 -99 -99 -99 2.76692048255148 -99 -99 -99 -99 -99
-99 -99 -99 -99 -99 -99 -99 -99 -99 -99 -99 -99 -99 -99 1.69686593872679
-99 -99 -99 -99 -99 -99 -99 -99 -99 -99 -99 -99 -99 -99 -99
-99 -0.940456405969028 -99 -99 -99 -99 -99 -99 -99 -99 -99 -99 -99 -99 -99
-99 1.21532398053923 -99 -99 -99 -99 -99 -99 -99 -99 -99 -99 -99 -99 -99
-99 0.1571957553234 -99 -99 -99 1.20745268351515 -99 -99 -99 -99 -99 -99 -99 -99 -99
-99 -99 -99 -0.573303910036284 -0.242789982386962 -99 -99 -99 -0.0463243338628121 -99 -99 -99 -99 -99 -99
-99 -99 -99 -99 0.903753773916971 -99 -99 -99 -99 -99 -99 -99 -99 -99 -99
-2.08646836055356 -99 -99 -99 -99 -99 -99 0.562325313645044 -99 -99 -99 -99 -99 -99 -99
0.672325654129588 -99 -99 -99 -99 -99 -99 -99 -99 -99 -99 -99 -99 -99 -99
-99 1.42449692034539 -99 -99 -99 -99 -99 -99 -99 -99 -99 -99 -99 -99 -99
-99 -99 -99 -99 -99 -99 0.521673957432709 -99 -99 -99 -99 -99 -99 -99 -99
-99 -99 -99 -99 2.19204621487559 -99 -99 -99 -99 -99 -99 -99 -99 -99 -99
-99 -99 -99 -99 -99 -99 -1.57344687371157 -99 -1.59790797372416 -99 -99 -0.946657153374706 -99 -99 -1.25170990594662
-99 -99 -99 -99 -99 2.91037796323703 -99 -99 -99 -99 -99 -99 -99 -99 -99
-99 -99 1.00438283342062 -99 -99 -99 -99 -99 -99 -99 -99 -99 -99 -99 -99
-99 -99 -99 -99 -99 -99 -99 -99 -99 -99 -99 -99 -99 2.84342910874921 -99
-99 -99 -99 -99 2.25780789652438 -99 -99 -99 -99 1.17842972383485 -99 -99 1.89307341192253 -99 -99
-99 -99 -99 -99 -99 -99 -99 2.42625935311809 -99 -99 -99 -99 -99 -99 -99
-99 -99 -99 -99 -99 -99 -99 3.04124717843866 -99 -99 -99 -99 -99 -99 -99
-99 -99 1.42078038722738 -99 -99 -99 -99 -99 -99 -99 -99 -99 0.430266992372957 1.38352100594013 -99
-99 -99 -99 -99 -99 -99 -99 -99 -99 -99 2.82977966812588 -99 -99 -99 -99
-99 -99 -99 -99 -99 -99 -99 -99 -99 -99 -99 -99 -99 -99 -99
-99 -99 -99 -99 -99 -99 -99 -99 -99 -99 -99 -99 -99 -99 -99
-99 -99 -99 -99 -99 -99 -99 -99 -99 -99 -1.26052765160862 -99 -99 -99 -1.97759301885624
-99 -99 -99 -99 -99 3.67641701643137 -99 1.80776824321685 1.30657402515015 -99 -99 -99 -99 -99 -99
-99 -99 -99 -99 1.67022411797828 -99 -99 -99 -99 0.975023520176943 -99 0.0877883817872263 -99 -99 -99
-99 -99 -99 -99 -99 -99 -99 -99 -99 -99 -99 -99 -99 -99 0.82534422169616
1.8882646567855 -99 -99 -99 -99 1.45245470216863 -99 -99 -99 -99 0.268412495700878 -99 1.10395160903906 -99 -99
-99 -99 2.37453012912575 -99 -99 -99 1.30757801220964 -99 -99 -99 1.75729929046487 -99 -99 -99 -99
1.74599055103861 -99 2.96934211137224 -99 -99 -99 -99 -99 -0.250919213544584 2.11676251734709 -99 -99 -99 -99 1.50567215514982
-99 -99 -99 -99 -99 -99 -99 -99 -99 -99 -0.79946175869509 -99 -99 -99 -99
-99 -99 -99 -99 -99 -99 -99 -99 -99 2.13352449805272 -99 -99 -99 -99 -99
-99 -99 0.332196977299924 -99 -1.29835683047154 -99 -99 -0.2236622835843 -99 -99 -99 -99 -99 -99 -99
-99 -99 -99 -99 -99 -99 -99 -99 -99 -99 -99 -99 -99 -99 -99
-99 1.36247730646689 0.998561620672055 -99 3.10812665024664 -99 2.5851767625489 -99 -99 -99 -99 -99 -99 -99 -99
-99 -99 -99 -99 -99 -99 -99 -99 -99 -99 -99 -99 -99 -99 -99
-99 -99 -99 -99 -99 -99 -99 -99 -99 -99 -99 -99 -99 -99 -99
1.1160953954753 -99 -99 -99 -99 -99 -99 -99 -99 -99 -99 -99 -99 -99 -99
-99 -99 -99 -99 -99 -99 -99 -99 2.06924305977289 -99 -99 -99 -99 -99 -99
-99 -99 -99 -99 -99 -99 -99 -99 -99 -99 -99 0.349976957459813 1.25358274639116 -99 -99
-99 -99 -99 -99 -99 -99 -99 -99 -99 -99 1.9593997878139 1.08777475729879 -99 0.112990142089244 -99
-99 -99 -99 -99 -99 -99 -99 -99 -99 -99 -99 -99 -99 -99 -99
-99 -99 2.20741240097127 -99 -99 -99 -99 -99 -99 -99 -99 -99 -99 -99 -99
-99 -99 -99 -99 -99 -99 -99 -99 -99 -99 -99 -99 -99 -99 -99
1.91953712415803 -99 2.04063347814322 -99 -99 -99 -99 -99 -99 -99 -99 -99 -99 -99 -99
-99 -99 -99 -99 1.6078351466857 -99 -99 3.34606549148903 -99 -99 -99 -99 -99 -99 -99
-99 0.949207237840577 -99 -99 -99 -99 -99 -99 -99 -99 -99 -99 -99 -99 -99
-99 -99 -99 -99 -99 -99 -99 -99 -99 -99 -99 -99 -99 -99 -99
-99 -99 -99 1.8791294328388 -99 -99 -99 -99 -99 -99 -99 0.702841645817755 -99 -99 -99
-99 -99 -99 -99 -99 -99 -99 -0.22751694717932 -99 0.19714607373844 -99 -99 -99 -99 -99
-99 -99 -99 -99 -99 -99 -99 -99 -99 -99 0.536958125749126 -99 -99 -99 -99
-99 -99 -99 -99 -99 -99 -99 -99 -99 -99 -99 -99 -99 -99 -99
-99 -99 -99 -99 -99 2.35525129867576 -99 -99 -99 4.41520616480057 -99 -99 -99 -99 -99
-99 -99 -99 2.4164738473773 -99 -99 -99 -99 1.23844359494311 -99 -99 -99 -99 -99 -99
1.07816742278487 -99 -99 -99 -99 -99 -99 -99 -99 0.313978745156315 -99 -99 -99 -99 -99
0.187012179403416 -99 -99 -99 4.13189541820672 -99 -99 0.851371129133566 -99 -99 -99 -99 -99 -99 -99
-99 -99 -99 -99 -99 -99 -99 -99 -99 -99 -99 -99 -99 -99 -99
-99 -99 -99 -99 -99 -99 -99 -99 -99 -99 -99 -99 -99 -99 -99
-99 -99 -99 -99 -99 -99 -99 -99 -99 -99 -99 -99 -99 -99 1.90842500395794
-99 -1.83787750664164 -99 -99 -99 -99 -99 -99 1.65975627068195 -99 -99 -99 -99 -99 -99
-99 -99 -99 -99 -99 -99 -99 -99 -99 -99 -99 -99 -99 -99 -99
-99 0.862910716071951 -99 -99 -99 -99 -99 3.38817220799635 2.09869087584998 -99 -99 -99 -99 2.88504019383812 -99
-99 -99 -99 -99 -99 -99 -99 -99 -99 -99 -99 -99 -99 1.61264291893091 -99
-99 -99 0.0583967971987877 -99 3.21096062519606 -99 -99 -99 -99 -99 -99 -99 -99 -99 -99
-99 -99 -99 -99 -99 -99 -99 -99 -99 -99 -99 -99 -99 -99 -99
-99 -99 -99 -99 -99 2.01433253596544 -99 -99 -99 -99 -99 -99 -99 -99 -99
-99 -99 -99 -99 3.60871526392808 -99 -99 -99 -99 0.978496921809152 -99 -99 1.0189601037133 -99 -99
-99 1.14267742232164 -99 -99 -99 -99 -99 -99 -99 0.857125970775268 -99 -99 -99 -99 -99
-99 -99 -99 0.362939189532026 -99 -99 -99 -99 -99 -99 -99 -99 -99 -99 -99
-99 -99 -99 -99 -99 -99 -99 -99 -99 -99 -99 -99 -99 -99 -99
-99 -99 -99 -99 -99 -99 -99 -99 -99 -99 -99 -99 -99 -99 -99
-99 -99 0.170846389724335 -99 1.1591640335057 -99 -99 -99 -99 -99 -99 -99 -99 -99 -99
2.4040354926168 -99 -99 -99 -99 -99 -99 -99 -99 -99 0.507963754249396 -99 0.252691672095077 -99 -99
-99 -99 -99 -99 -99 -99 -99 -99 -99 -99 -99 -99 -99 -99 -99
-99 0.557939481945943 -99 2.14851653172925 -99 -99 -99 3.28927250074511 -99 -99 -99 -99 -99 1.09138753905438 -99
-0.00252165757518052 -99 -99 -99 -99 -0.596952600945852 -99 -99 -99 -99 -99 -99 -99 -99 -99
-99 -99 2.53659585538872 -99 -99 3.29871163087926 -99 -99 -99 -99 -99 -99 -99 -99 -99
-99 -99 -99 -99 -99 -99 1.19225413202808 -99 -99 -99 -99 0.100798740692406 -99 -99 -99
-99 -99 -99 -1.40922876955088 -99 -99 -99 -99 -99 -99 -99 -99 -0.35846188115965 -99 -99
-99 -99 -99 -99 -99 -99 0.98062987572889 -99 -99 -99 -99 -99 -99 -99 -99
-99 -99 -99 -99 1.22440537394015 -99 -99 -99 -99 -99 -99 -99 -99 -99 -99
-99 -99 -99 -99 -99 -99 -99 -99 -99 -99 -99 -99 0.979534389856923 -99 1.74462252539882
-99 -99 -99 -99 0.213101945966837 -99 -99 -99 -99 -99 -99 -99 -99 -99 -99
-99 -99 2.50366793746499 -99 -99 -99 -99 -99 -99 -99 -99 -99 -99 1.31822066598055 1.37388820106633
-0.871577829434923 -99 -99 -99 -99 -99 -99 -99 -99 -99 -99 -99 -99 -99 -99
-99 -99 -99 -99 -99 -99 -99 -99 -99 -99 -99 -99 -99 -99 -99
-99 -99 -99 -99 -99 -99 -99 -99 -99 -99 -99 -99 -99 -99 -99
-99 -99 -99 -0.000206431708465349 -99 -99 -99 -0.068503142725296 -99 -99 -99 -99 -99 -99 -99
-99 -99 -99 -99 -99 -99 -99 -99 -99 -99 -99 -99 -99 -99 -99
-99 -99 -99 -99 -99 -99 -99 -99 -99 -99 -99 -99 -99 -99 -99
-99 1.91563715327937 -99 -99 -99 -0.0986624311196007 2.20366360648715 -99 -99 -99 -99 -99 -99 -99 -99
-99 2.47739736684264 -99 3.30821123675663 -99 -99 -99 -99 -99 -99 -99 -99 -99 2.77714889642202 -99
0.352625023646854 -99 -99 -99 -99 -99 -99 -99 -0.387886712896087 -99 -99 -99 -99 -99 0.543754841742754
-99 -99 -99 -99 2.81457110395008 -99 -99 -99 -99 -99 -99 -99 -99 -99 -99
-99 -99 -99 -99 -99 -99 -99 -99 -99 -99 -99 -99 -99 -99 -99
-99 -99 -99 -99 -99 -99 -99 -99 -99 -99 -99 -99 -0.941131769452571 -99 -99
-99 -99 -0.704062038828983 -99 -99 -99 -99 -99 -99 -99 -99 -99 -99 -99 -99
3.09297707102407 -99 -99 -99 -99 -99 -99 -99 -99 -99 -99 -99 3.37214187375186 -99 -99
1.04497428974667 -99 -99 -99 -99 0.0875105292166489 -99 -99 -99 -99 -99 -99 -99 -99 -99
-99 -99 -99 -99 -99 -99 -99 -99 -99 -99 -99 -99 -99 -99 -99
-99 -99 -99 -99 -99 -99 -99 -99 -99 -99 -99 -99 -99 -99 -99
-99 -99 -99 -99 -99 -99 -99 -99 -99 -99 1.01758489159236 -99 -99 -99 -99
-99 -99 -2.55705949556406 -2.14507004313181 -99 -99 -99 -99 -99 -99 -99 -99 -99 -99 -99
-99 -99 -99 -99 -99 2.68352375331894 1.95238358181338 2.90563050084378 -99 -99 1.26556064585088 -99 -99 0.774273891298046 -99
-99 -99 -99 -99 -99 -99 -99 -99 -99 -99 -99 -99 -99 -99 -99
-99 -99 -99 2.59408418676693 -99 -99 -99 -99 -99 -99 -99 -99 -99 -99 0.252803085991377
-99 -99 -99 -99 -0.0735093705465331 -99 0.0040831379687416 -99 -99 -99 -99 -99 -99 -99 -99
-99 -99 -99 -99 -99 -99 -99 -99 -99 -99 -99 -99 -99 -99 -99
-99 -99 -99 2.70533988318984 -99 1.56982837872834 -99 2.4009567707648 -99 -99 -99 -99 -99 -99 -99
-99 -99 -99 -99 -99 -99 2.91323704206412 -99 2.2271079302272 -99 -99 -99 1.96249057780297 -99 -99
-99 -99 -99 -99 -99 -99 -99 -99 -99 -99 -99 -99 -99 -99 -99
-99 -99 -99 -99 -99 -99 -99 -99 -99 -99 -99 -99 -99 -99 0.110065218190389
-99 -99 -99 -99 -99 -0.00519891438995224 -99 -99 -99 -99 -99 -99 -99 -99 -99
-99 -99 -99 -99 -99 -99 -99 -99 -99 -99 -99 -99 -99 -99 -99
0.813856754846674 -99 -99 -99 -99 -99 -99 -99 -99 -99 -99 -99 -99 -99 -99
-99 -99 -99 -99 -99 -99 -99 -99 -99 -99 -99 -99 -99 -99 -99
-99 -99 -99 -99 -99 -99 -99 -99 0.185724119684853 1.55395761122055 -99 -99 -99 -99 -99
-99 -99 -99 -99 -99 -99 -99 0.448470067705017 -99 -99 -99 -99 -99 -99 2.49518657782202
-99 -99 -99 -99 -99 -99 -99 -99 -99 -99 -99 -99 -99 -99 3.37081032543291
-99 -99 -99 -99 -99 -99 -99 -99 -99 -99 2.91144152234763 -99 -99 -99 -99
-99 2.13286962069849 -99 -99 -99 -99 -99 -99 -99 -99 -99 -99 -99 -99 -99
-99 -99 -99 -99 -99 2.49968237120449 0.377269006927235 -99 -99 -99 -99 -99 -99 -99 -99
-99 -99 -99 -99 -99 -99 -99 -99 -99 -99 -99 -1.07171169737853 -99 -99 -99
-99 -0.755341265807526 -99 -99 -99 -99 -99 -99 -99 -99 -99 -1.23703411403915 -99 -99 -99
-99 -99 -99 -99 -99 -99 -99 3.10774554100169 -99 -99 -99 -99 -99 -99 -99
-99 -99 -99 -99 -99 -99 -99 1.49870003517892 -99 -99 -99 -99 -99 -99 3.84494767930712
-99 -99 -0.215612999442998 -99 -99 -99 -99 -99 -99 -99 -99 -99 -99 -99 -99
-99 -99 -99 -99 -99 -99 -0.651362407124062 -99 -99 -99 -99 1.16100922002918 -99 1.91576134870624 -99
-99 -99 -99 -99 -99 -99 -99 -99 -0.183176953294071 -99 -99 -99 -99 -99 -99
-99 -99 -99 -99 -99 -99 -99 -99 -99 -99 -99 -99 -99 -99 -99
-99 -99 0.272630657536741 -99 -99 -99 -99 -0.304533699553598 -99 -99 -99 1.27010464864908 -99 -99 -99
-99 0.797206550601495 -99 -99 -99 -99 -99 -99 -99 1.96357880311857 -99 -99 -99 -99 -99
-99 -99 -99 -99 -99 -99 -99 -99 -99 -1.16964942069299 -99 -99 -99 -99 0.638711580204059
-99 -99 -99 1.93846466398035 -99 -99 -99 -99 -99 -99 -99 -99 -99 -99 -99
-99 -99 -99 -99 -99 -99 2.02791817259523 -99 -99 3.06445156168383 -99 -99 -99 -99 0.683696732570162
-99 -99 -99 -99 -99 -99 -0.13282707883697 0.902424641099016 -99 -99 -99 -99 -99 -1.05665236920943 -99
-99 -99 -99 -99 -99 -99 -99 -99 -99 -99 -99 -99 0.396632905654637 0.218756280104106 -99
-99 -99 -99 -99 -99 -99 -99 -99 -1.4165517506113 -99 -99 0.258207424458404 -99 -99 -99
-99 -99 -99 -99 -99 -99 -99 -99 -1.48233903091402 -99 -99 -99 -99 -99 -99
-0.114146063178896 -99 -99 -99 -99 2.7136610617906 -99 -99 -99 -99 -99 -99 -99 -99 -99
-99 -99 -99 -99 1.25804893834794 1.42018163964842 -99 -99 -99 -99 -99 -99 -99 1.1905629682886 -99
-99 -99 -99 -99 -99 -99 -99 -99 -99 -99 -99 -99 -99 -99 -99
0.305633277815124 -99 -99 -99 -99 0.363901799547872 -99 -99 -99 -99 -99 1.12896022004445 -99 -99 -99
-99 -99 -99 -99 -99 -99 -99 -99 -99 -99 -99 -99 -99 -99 2.16258807928492
4.5078367100208 -99 -99 -99 -99 -99 -99 -99 -99 -99 -99 -99 4.18790099187885 -99 -99
-99 -99 -99 -99 -99 -99 -99 -99 -99 -99 -99 0.062774659212959 -99 -0.333562555780214 -99
-99 -99 -99 -99 -99 -99 2.9156412562637 -99 -99 -99 -0.433436006500379 -99 -99 -99 -99
-99 -99 -99 -99 -99 -99 -99 -99 -99 -99 -99 -99 -99 -99 -99
1.2774330446466 -99 -99 -99 -99 -99 -99 -99 -99 -99 -99 -99 0.99263149900912 -99 -99
-99 -99 -99 -99 -99 -99 -99 -99 -99 -99 -2.84969024378811 -2.30336673628623 -99 -99 -99
-99 -99 -99 -99 -99 -99 -99 -99 -99 -99 -99 -99 -99 -99 3.43672058297647
-99 -99 -99 -99 -99 -99 -99 -99 -99 -99 3.7872160519582 -99 -99 -99 -99
-99 -99 -99 -99 -0.73746972853412 -99 -99 -99 -99 -99 -99 -99 -99 -99 -99
-99 -99 -2.4960118169803 -1.71371155027894 -99 -99 -99 -99 -99 -99 -99 -99 -99 -99 -99
-99 -99 -99 -99 -99 -99 -99 -99 -99 2.66723279244752 -99 -99 -99 -99 -99
-99 -99 -99 1.24480276976287 -99 3.45466389354175 -99 -99 -99 -99 -99 -99 -99 -99 2.70721945373103
-99 -99 -99 -99 -99 -99 -99 1.12273051477229 0.711847457839961 -99 -99 -99 -99 -99 -99
-99 2.4753697704113 3.20989648940839 -99 -99 -99 -99 -99 2.10139698985087 -99 -99 -99 -99 -99 0.919935165484314
-99 -99 -99 -99 -99 -99 -99 2.30156758735349 -99 -99 -99 2.80859727836629 1.1720796841475 -99 -99
-99 -99 2.94873213666288 -99 -99 -99 2.86784222875872 -99 -99 -99 -99 -99 2.5049261051286 -99 -99
-99 -99 -99 -99 -99 -99 -99 -99 -99 2.90882699929181 -99 -99 -99 -99 -99
-99 -99 -99 -99 -99 -99 2.06838412916154 -99 1.12996641997854 -99 -99 -99 -99 -99 -99
-99 1.77409628330348 -99 -99 -99 1.4888120383499 -99 2.40610143092615 -99 -99 -99 -99 -99 -99 -99
-99 -99 -99 -99 -99 -99 -99 -99 1.77134421711509 -99 -99 -99 -99 -99 -99
-99 -99 -99 -99 -99 -99 -99 -99 -99 -99 -99 -99 -99 -99 -99
-99 -99 1.82421648660445 -99 -99 -99 -99 -99 -99 -99 -99 -99 -99 -99 -99
-99 -99 -99 -99 -99 -99 -99 -0.147858583278328 -99 -99 -99 -99 -99 2.55025377207642 -99
-99 -99 -99 -99 -99 -99 -99 -99 -99 -99 -99 -99 -99 -99 -99
-99 -1.7040366876778 -99 0.124250783877255 -99 -99 -99 -99 -99 -99 -99 -99 -99 -99 -99
-99 1.32512061663835 -99 -99 -99 -99 -99 -99 -99 -99 -99 -99 -99 -99 1.65729725800393
3.02147974674973 -99 -99 -99 -99 -99 0.835473698154846 -99 -99 -99 1.5530208716042 1.77329664316126 -99 -99 -99
-99 -99 -99 -99 -99 1.38375242689314 -99 -99 -99 -99 -99 -99 -99 -99 -99
0.893788059855986 -99 -99 -99 -99 -99 -99 -99 -99 -99 -99 -99 -99 -99 -99
-99 -99 -99 -99 -99 -99 -99 -99 -99 -99 1.8601891358046 -99 -99 -99 -99
-99 -99 -99 -99 -99 -99 -99 -99 -99 -99 -99 -0.655630002560546 -99 -99 -99
-99 -99 -99 -99 -99 -99 -99 -99 -99 -99 -99 -99 -99 -99 -99
-99 -99 -99 -99 -99 -99 -99 -99 -99 0.570562618557866 -99 -99 -99 -99 -99
-99 -99 -99 -99 1.23098399361759 -99 -99 -99 -99 -99 -99 -99 -99 -99 -99
-99 0.53040814340425 -99 -99 2.42960205834732 -99 -99 -99 -99 -99 -99 -99 0.592700351848518 2.62436172655798 -99
-99 -99 -99 -99 1.88275022588034 -99 -99 -99 -99 -99 -99 -99 -99 -99 0.5224358085927
-99 -99 -99 1.79849946756074 -99 -99 -99 0.648635501021231 -99 -99 -99 -99 -99 -99 -99
-99 -99 -99 -99 -99 -99 -99 -99 -99 -99 -99 -99 -99 -99 -99
-99 -99 -99 -99 -99 -99 -99 2.15740843996634 -99 -99 -99 -99 2.13800148582803 -99 -99
-0.624660736677095 -99 -99 -99 -99 -99 2.10315969885214 -99 -99 -99 -0.847309734189509 -99 -99 -99 -99
-99 -99 -99 -99 -99 -99 -99 -99 -99 -99 -99 -99 -99 -99 -99
-99 -99 -99 -99 -99 -99 -99 -99 -99 1.1225219077787 -99 -99 -99 -99 -99
-99 -99 -99 -99 -99 -99 2.69240500451966 -99 -99 -99 1.3775284771005 0.416309837473755 -99 -99 -99
-99 -99 -0.568049592157815 -1.47804361427273 -99 -99 0.522102351743908 -99 -99 -99 -99 -99 -99 -99 -99
-99 -99 -99 -99 -99 -99 -99 -99 -99 -99 -99 -99 0.625895031592749 -99 -99
-99 -99 -99 -99 -99 -99 -99 -99 -99 1.50095707271018 -99 -99 -99 -99 1.06846602737507
-99 -99 -99 2.7441173095771 -99 -99 -99 -99 0.452640179858068 0.0730938084257353 -99 -99 -99 -99 -99
-99 -99 -99 -99 -99 -99 -99 -0.112084188676262 -99 -99 -99 -99 -99 -99 -99
-99 -99 -99 0.158741740154917 -99 -99 0.973402062136422 -99 -99 -99 -99 -99 -99 -99 -99
0.829960768428122 -99 -99 0.958941301068578 1.42651546825799 2.52256325628674 -99 -99 -99 -99 -99 0.733428144114886 0.691076979644642 -99 -99
-99 -0.921178735236037 -99 -99 -99 -99 2.11649521488224 -99 -99 -99 -99 -99 -99 -99 -99
-99 -99 -99 -99 -99 -0.452961972771626 0.00645481777408019 -99 -99 -99 -99 -99 -99 -99 -99
-99 0.319758553834893 -99 -99 -99 -0.697079893301932 1.48184564496092 -99 -99 -99 0.63666637762854 -99 -99 0.943636416599323 -99
-99 1.5078186676667 -99 -99 -99 -0.514910610947815 -99 -99 -99 -99 1.28555874981963 -99 -99 -99 -99
-99 -99 -99 -99 -99 -99 -99 -99 -99 3.81684697021847 -99 -99 -99 -99 -99
-99 -99 -99 -99 -99 -99 -99 -99 -99 -99 -99 -99 -99 -99 -99
-99 -99 -99 -99 -99 -99 -99 -99 -99 -1.15113676487572 -99 -99 -99 -99 -99
-99 -99 0.296401658350649 -99 -99 -99 -99 -99 -99 -99 -99 -99 -99 -99 -99
-99 -99 -99 -99 -1.11924726143718 -99 -99 -99 -99 -99 -99 -99 -99 -99 -99
-99 -99 -99 -99 -99 -99 -99 -99 -99 -99 -0.132706523594541 -99 -99 1.36024979555168 2.06599360308351
-99 -99 -99 -99 0.954388315648942 -99 -99 2.00124101322586 -99 -99 -99 -99 -99 -99 -99
-99 -99 -99 -99 -99 -99 -99 -99 -99 -99 -99 -99 -99 -99 0.377448783549269
-99 -99 -99 -99 0.991084280054476 -99 -99 -99 -99 -99 -99 -99 -99 -99 3.43755337443978
-99 -99 -99 -99 -99 -99 -99 -99 -99 -99 -99 1.16762302911178 -99 -99 -99
-99 -99 -99 -99 -99 -99 -99 -99 -99 -99 1.60394524477397 -99 -99 -99 -99
-99 -99 -99 -99 -99 -99 -99 -99 -99 -99 -99 -99 -99 -99 -99
-99 -99 -99 -99 -99 -99 -99 -99 -99 -99 -99 -99 -99 -99 -99
-0.167751065282389 -99 -99 -99 -99 -99 -99 -99 0.570747425541323 -99 0.76448116668776 -99 -99 -99 -99
-99 -99 -99 -99 -99 -99 -99 -99 -99 -99 -99 2.34296628227335 -99 -99 -99
-99 -99 0.326430257035299 3.8798783071861 -99 -99 2.57050145370368 -99 -99 -99 -99 -99 -99 -99 -99
-99 -99 -99 -99 0.363890187324141 -99 -99 -99 -99 -99 -99 -99 -99 -99 -99
-99 -99 -99 -99 -99 -99 -99 -99 0.0153039812985102 -3.44349211290631 -99 -99 -99 -99 -99
-99 -99 -99 -99 -99 -99 -99 -99 -99 -99 -99 -99 -99 -99 -99
-99 -99 1.10850307379379 -99 -99 -99 -99 -99 -99 -99 -99 0.42031418554319 -99 -99 -99
-99 -99 -99 -99 -99 1.08721225411277 -99 -99 -99 -99 -99 -99 2.04047835763803 -99 -99
-0.334103801041165 -99 -99 -99 -99 1.44853298886363 -99 -99 -99 -99 -99 -99 -99 -99 -99
-99 -99 -99 -99 -99 -99 -99 -99 1.98637425517993 -99 -99 -99 -99 -99 -99
-99 -99 -99 -99 -99 -99 -99 -99 -99 -99 -99 3.74862660377308 -99 -99 -99
-99 -99 -99 -99 -99 -99 -99 -99 -99 -99 -99 -99 -99 -99 -99
-99 -99 -99 -99 -99 2.18464569122845 -99 -99 -99 1.75547713172872 -99 -99 -99 -99 2.30679153887118
-99 -99 -99 -99 -99 -99 -99 -99 -99 -99 -99 -99 -99 -99 -99
-99 -99 -99 -99 -99 -99 -99 -99 -99 -99 -99 -99 -99 -99 -99
-99 -99 -99 -99 -99 -99 -99 -99 -99 -99 -99 -99 -99 -99 0.149561448139154
-99 -99 2.79196411561846 -99 -99 -99 -99 -99 -99 -99 -99 -99 -99 -99 -99
-99 -99 -99 -99 -1.2730890660212 -1.33187742720547 -99 -99 -99 -99 -99 -99 -99 -1.10500063448578 -99
-99 0.895815773777686 -99 -99 -99 2.85685259768801 -99 -99 -99 -99 -99 -99 -99 -99 -99
-99 -99 -99 2.2978535738397 -99 -99 -99 -99 -99 1.39320345216605 -99 0.214024728918913 -99 -99 -99
-99 -99 -99 -99 3.03610252251372 -99 -99 -99 -99 -99 -99 -99 -99 -99 -99
-99 -99 -99 -99 -99 -99 -99 -99 -99 2.3037544354446 -99 -99 -99 -99 -99
-99 -99 -99 -99 -99 -99 -99 -99 -99 -99 -99 0.475764463314156 -99 -99 -99
-1.26264656164113 -99 -99 -99 -99 -99 -99 -99 -99 -99 -99 -99 -99 -99 -99
-99 -99 -99 -99 2.30288066514224 -99 -99 -99 -99 1.5273580019773 -99 -99 -99 0.773121510931541 -99
-99 -99 -1.2224600678961 -99 -99 -99 -99 -99 -99 -99 0.188794221701804 -99 -99 -99 -0.411499377184024
-99 -99 -99 0.162171012209668 -99 -99 -99 -99 -99 -99 -99 -99 0.0415742143651676 -99 -99
-99 -99 -99 -0.113331505399902 -99 -99 -99 -99 -99 -99 -99 -99 -99 -99 -99
-99 0.734066659553162 -99 -99 -0.743692992815057 -99 -0.121740145398706 -99 -99 -99 -99 -99 -99 -99 -99
-99 -99 0.066921510257699 2.1638175769756 -99 -99 -99 -99 -99 -99 -99 -99 -99 -99 -99
-99 -99 -99 -99 -99 -99 -99 -99 -99 -99 -99 -99 -99 -99 -99
-99 -99 -99 -99 -99 -99 -99 -99 -99 -99 -99 -99 -99 -99 -99
-1.45880882580648 -1.23551164021633 -99 -99 -99 -99 -99 -99 -99 -99 -99 -99 -0.105056965422349 -99 -1.11605280133727
-99 -99 -99 -99 -99 -99 -99 -99 -99 -99 -99 -99 -99 -99 -99
-99 -99 -99 -99 -99 -99 -99 -99 -99 -99 -99 -99 -99 -99 -99
-99 -99 -99 0.0512789649227984 -99 -99 -99 -99 -99 -99 1.2886915821874 -99 -99 -99 -99
3.57230445927083 -99 -99 -99 -99 -99 -99 -99 -99 -99 -99 -99 -99 -99 -1.08335090148758
-99 -99 -99 -99 -99 -99 -99 -99 -99 -99 -99 -99 -99 -99 -99
-99 -99 -99 -99 -99 -99 -99 -99 -99 -99 -99 -99 -99 -99 -99
1.62535014097183 -99 -99 -99 -99 -99 -99 -99 0.260520787290537 -99 -99 -99 -99 2.62926719855498 -99
-99 -99 -99 -99 -99 -99 -99 -99 -99 -99 -99 -99 -99 -2.53048612598351 -99
-99 2.80388997733789 -99 -99 -99 -99 -99 -99 -99 -99 -99 -99 -99 -99 -99
-99 -99 -99 -99 -0.455206671364926 -99 -99 -99 -99 -99 -0.00464533983243776 -99 -99 -99 -99
1.66752038259927 -99 -99 2.06854045455903 -99 0.212262822819792 -99 -99 -99 -99 -99 -99 -99 -99 -99
-99 -99 -99 -99 -99 -99 -99 -99 -99 2.79949809139987 -99 -99 1.08051406567396 -99 -99
0.224198573842651 -99 -99 -99 -99 -99 -99 -99 -99 -99 -99 -99 -99 -99 -99
-99 -99 -99 -99 -99 -99 -99 -0.257936471512019 -99 -99 -99 -99 -99 -99 -99
-99 -99 -99 -99 -99 -99 -99 -99 -99 -99 0.00249278834515521 -99 -99 -99 -99
-99 -99 -99 -99 -99 1.16209346416616 -99 0.59096304324406 -99 -99 -99 -99 -99 -99 -99
2.31119702117483 -99 2.25052720332473 -99 -99 -99 -99 1.55621445942162 -99 -99 2.31591843281702 -99 -99 -99 3.31723676723448
-99 -99 -99 -99 -99 -99 -99 -99 -99 -99 -99 -99 -99 2.26203817890769 -0.659577847934852
-99 -99 -99 -99 0.164119758568279 -99 -99 -99 -99 -99 -99 -99 -99 -99 -99
-99 -99 -99 -99 -99 1.4836106764252 -99 -99 -99 -99 -99 -99 -99 -99 -99
-99 -99 -99 -99 -99 -99 -99 -99 -99 -99 -99 -99 -99 -99 2.2823842886007
-1.15050677248707 -99 -1.05991653392363 0.964514573842945 -99 -99 -99 -99 -99 -99 -99 -99 -99 -1.29042357717153 -99
-99 -99 2.36991415760356 -99 -99 -99 -99 -99 -99 -99 -99 -99 -99 -99 -99
-2.97789561933795 -99 -99 -1.53847499399103 -99 -99 -99 -99 -99 -99 -99 -99 -99 -99 -1.10954706223871
-99 -99 -99 -99 -99 -99 -99 -99 0.843624356543319 -99 -99 -99 -99 -99 -99
-99 0.825824622340347 -99 -99 -99 -99 -99 -99 -99 -99 -99 -99 -99 -99 -99
-99 -99 -99 -99 -99 -99 -99 -99 -99 -99 -99 -99 -99 -99 -99
-99 -99 -99 -99 -99 -99 -99 -99 -99 -99 -99 1.85023000128321 -99 1.31045124522489 -99
-99 3.10916792660817 -99 -99 -99 -99 -99 -99 -99 -99 -99 -99 -99 -99 1.88890173615043
-99 -99 -99 -99 -99 -99 -99 -99 -99 -99 0.818678318465443 -99 -99 -99 -99
-99 -99 -99 -99 -0.389065186381192 -99 -99 -99 -99 0.130403736928642 -99 -99 -99 -99 -99
-99 -99 -99 -99 -99 -99 -99 -99 3.56292405238617 -99 -99 -99 -99 -99 -99
-99 -99 -99 -99 -99 -99 -99 -99 -99 -99 -99 1.33576313358124 1.04120438322725 -99 -99
-99 -99 -99 -99 -99 3.18133728127396 -99 -99 -99 -99 -99 0.785903160264104 -99 -99 1.94466297174009
-99 -99 -99 -99 -99 0.930806903512331 0.964367983384533 -99 -99 -99 -99 -99 -99 -99 -99
-99 -99 -99 -99 -99 -99 -99 -99 -99 -99 -99 -99 -99 -99 -99
-99 -99 -99 -99 -99 -99 -99 0.291175396739561 -99 -99 -99 -99 -99 -99 -99
-99 -99 -99 -99 -99 -99 -99 -99 -99 -99 -99 -99 -99 -99 -99
-99 -99 -99 -99 -99 -99 -99 -0.338769088252072 -99 -99 -99 -99 -99 -99 -99
0.396424842676775 -99 -99 -99 -99 -99 -99 -0.92645637835215 -99 -99 2.81291041527454 -99 -99 -99 -99
-99 -99 -99 -99 -99 -99 -99 -99 -99 -99 -99 -99 -99 -99 -0.182369412359333
-99 -99 -99 -99 -99 1.90742487788507 -99 -99 -99 -99 -99 -99 -99 -99 -99
-99 -99 -99 -99 -99 -99 -99 -99 -99 -99 -99 -99 0.388934413742284 -99 -99
-99 -99 -99 1.36893106631827 -99 -99 -99 -99 -99 -99 -99 -99 -99 -99 -99
-99 -99 -99 -99 -99 1.18621125184025 -99 1.78295282117886 -99 -99 -99 -99 -99 -99 -99
-99 -99 -99 -99 0.22702854492022 -99 -99 -99 -99 -99 -99 -99 -99 -99 -99
-99 -99 -99 -99 2.47459847435633 -99 -99 -99 -99 -99 -99 -99 -99 2.94656882008397 -99
-99 -99 -99 -99 -99 -99 -99 -99 1.97027810186022 -99 -99 2.3197757668642 -99 -99 -99
-99 -99 -99 -99 -99 -99 -99 -99 -99 -99 -99 -99 -99 -99 -0.475963846411473
-99 -99 -99 0.552739997046246 -99 -99 -99 -99 -99 -99 -99 -99 -99 -99 -99
-99 -99 -99 -99 -99 -99 -99 -99 -99 -99 -99 -99 -99 -99 -99
-99 -99 -99 -99 -99 -99 -99 -99 -99 -99 -99 1.18555071825681 -99 0.514460463162222 -99
-99 -99 1.79844302874852 -99 -99 -99 -99 -99 -0.956150862639696 -99 -99 -99 -99 -99 -99
0.768734210075448 -99 -99 -99 -99 -99 -99 -99 -99 1.94834157422042 -99 -99 -99 -99 -99
-99 -99 -99 -99 -99 -99 -99 -99 -99 -99 -99 -99 -99 1.22106422142607 -99
-99 -99 2.22525406278095 2.22034676458603 -99 -99 -99 -99 -99 -99 1.59741808775909 -99 -99 -99 -99
1.21287460341742 -99 -99 -99 -99 -99 -99 -99 -99 -99 -99 -99 -99 -99 -0.00624558221534222
0.382181756466153 -99 1.71945246128961 -99 -99 -99 -99 -99 -99 -99 -99 -99 -99 -99 -99
-99 -99 -99 -99 -99 -99 -99 -99 -99 -99 -99 -99 -99 -1.41754657669006 -99
3.20289280480957 -99 -99 -99 -99 -99 -99 -99 -99 -99 -99 1.31336262091982 -99 2.54427166629451 -99
-99 -99 -99 -99 -99 -99 -99 -99 -99 0.770749411424782 -99 -99 -99 -99 -99
-99 -99 -99 -99 -99 -99 -99 -99 -99 -0.245042993873371 -99 -99 -99 -99 -99
-99 -99 -99 2.34933241601634 -99 -99 -99 -99 -99 0.419396148124444 -99 -99 -99 1.62949133029217 -99
-99 -99 -99 -99 -99 2.61124044833019 -99 -99 -99 -99 -99 -99 -99 -99 -99
-99 -99 -99 -99 -99 -99 -99 -99 -0.704339365042572 -99 -99 -99 -99 -99 -2.0809891855489
-99 -99 -99 -99 -99 1.48046344760743 -99 -99 -99 1.96506199275015 -99 -99 1.33465325089521 1.84326419118093 -99
-99 -99 -99 -99 -99 -99 -99 -99 -99 -99 -99 -99 -99 -99 -99
-0.671452403243146 -99 -99 -99 -99 -99 0.573892294975664 -99 -99 -99 -99 -99 -99 -99 -99
-99 -2.26468047048936 -99 -99 -99 -99 -99 -99 -99 -99 -99 -99 2.36387021371755 -99 -99
-99 -99 -99 -99 1.2661270073192 -99 -99 -99 -0.084005772083787 -99 -99 -99 -99 -99 -99
-99 -99 -99 -99 -99 1.00541561761581 0.716421132831414 -99 -99 -99 -99 -99 -99 -99 -99
-99 -99 -99 -99 -99 0.923255419211482 -99 -99 -99 -99 -99 -99 -99 -99 -99
-99 1.94439324268752 -99 -99 1.86627584977936 -99 -99 -99 -99 -99 -99 -99 -99 -99 -99
-0.836831730035359 -99 -99 -99 -99 -99 -99 -99 1.97393312222571 -99 -99 -99 -99 -99 -99
-99 -99 -99 -99 -99 -0.296540302947464 -99 0.99345014630034 -99 -99 -99 -99 -99 -99 -99
-99 -99 -99 -99 -99 -99 -99 -99 -99 -99 -99 -99 -2.78576753149355 -2.77170652872189 0.167400639174218
-99 4.7177888288114 -99 -99 -99 -99 4.20642105347108 -99 -99 2.84479868459935 1.43040310091089 -99 -99 -99 -99
-99 -99 -99 -99 -99 -99 -99 -99 -99 -99 -99 -99 -99 -99 -99
-99 -99 -99 -99 -99 -99 -99 -99 -99 -99 -99 -99 -99 -99 -99
-99 -99 -99 -99 -99 -99 -99 -99 -99 -99 0.48243912694338 -99 -99 -99 -99
-99 -99 -99 -99 -99 -99 -99 -99 -99 0.325523910199416 -99 -99 -99 -99 -99
4.79465851665398 -99 -99 2.9274324168905 -99 -99 -99 -99 -99 -99 -99 2.38300909866929 -99 -99 -99
-99 -99 -99 -99 0.386400827913776 -99 -99 -99 -99 -99 -99 -99 -99 -99 -99
-99 -99 2.68292771828198 -99 -99 -99 3.77447816884349 -99 4.09726143539094 -99 -99 -99 -99 -99 -99
-99 -99 -99 -99 -99 -99 -99 -99 -99 -99 1.75138179197631 -99 -99 -99 -99
2.25430650761491 -99 -99 -99 -99 1.26052493685788 -99 -99 -99 -99 -99 -99 -99 -99 -99
-99 -99 -99 -99 -99 -99 -99 -99 -99 -99 -99 -99 -99 -99 3.44563185102581
-99 -99 -99 -99 -99 -99 -99 -99 -99 -99 -99 -99 -99 -99 -99
-99 1.67767650834965 -99 -99 -99 -99 -99 -99 -99 -99 -99 -99 -99 -99 -99
-99 -99 -99 -99 -0.219417318136142 -99 -99 -99 -99 -99 -99 -99 -99 -99 -0.901527173802963
-99 -99 -99 -99 -99 -99 -99 -99 -99 -99 -99 -99 -99 -99 -99
-99 -99 -99 -99 -99 -99 -99 -99 -99 -99 -99 -99 -99 1.13420125355278 -99
-99 1.0223694526711 -99 -99 -99 -99 -99 -99 -99 -99 -99 -99 -99 -99 0.661478775253645
0.28188630473207 -99 -99 -99 -99 -99 -99 -99 -99 -99 -1.17003461246296 -99 -99 -99 -99
-99 1.98898647436817 -99 -99 -99 -99 -99 1.71357547838217 2.73192939804513 3.96955702014365 -99 -99 -99 -99 -99
-99 -99 -99 -99 -99 -99 -99 -99 -99 -99 -99 2.27949440726841 -99 -99 -99
-99 -99 -2.49403766064141 -99 -99 -99 -99 1.18470961852268 -99 -99 -99 -99 -99 -99 -99
-99 -99 -99 -99 -99 -99 -99 -99 -99 -99 -99 -99 -99 -99 -99
-99 -99 -99 -99 -99 -99 -99 -99 -99 -99 -99 -99 -99 -99 -99
-99 -99 -99 -99 -99 -99 -99 -99 -99 -99 -99 -99 -99 -99 -99
-99 -99 -99 -99 -99 -99 -99 -99 -0.260798588903436 -99 -99 -99 -99 -99 -99
-99 -99 -99 -99 4.29585195399086 -99 -99 -99 -99 -99 -99 -99 -99 -99 -99
-99 1.48731044197169 -99 -99 -99 -99 -99 -99 -0.173571174129117 -99 -99 -99 -99 -99 -99
-99 -99 -99 -99 -1.21747996505801 -99 -99 -99 -99 -99 -99 -99 -99 -99 -1.52049167612336
-99 -99 -99 -99 -99 -99 -99 -99 -99 -99 -99 -99 -99 -99 -99
-99 -99 -99 -99 -99 -99 -99 -99 -99 -99 -99 -99 -99 -99 -99
-0.205059543210956 -99 -99 -99 -99 -99 -99 -99 -99 -99 -99 -99 -99 -99 -99
-99 -99 -99 -99 -99 -99 -99 -99 -99 -99 -99 -99 -99 -99 -99
2.06946377446154 -99 -99 -99 -99 -99 -99 -99 -99 -99 -99 -99 -99 -99 -99
-99 -99 -99 -99 -99 -99 -99 -99 2.12772450935701 -99 -99 -99 -99 -99 -99
1.16186963647936 -99 -99 -99 -99 -99 -99 -99 -99 -99 -99 -99 -99 -99 -99
-99 -99 -99 -99 -99 -99 -99 -99 -99 -99 -99 -99 -99 -99 -99
-99 -99 -99 -99 -99 -99 -99 -99 -99 -99 -99 -99 -99 -99 -99
-99 3.68067709371603 0.413432205745486 -99 -99 -99 -99 -99 -99 2.30506506410529 1.43586643325672 -99 -99 -99 -99
-99 -99 -99 -99 -99 -99 -99 -99 -99 -99 -99 -99 -99 -99 -99
2.67846804097638 -99 -99 -99 -99 1.8749624687459 -99 -99 -99 -99 -99 -99 -99 -99 -99
-99 -99 -99 3.47768660396363 -99 -99 -99 -99 -99 -99 -99 -99 -99 -99 -99
-99 -99 -99 -99 -99 3.24004212531901 -99 -99 -99 -99 -99 -99 -99 -99 -99
-99 -99 -99 -99 -99 -99 -99 -99 -99 -99 -99 -99 -99 -99 -99
-99 0.455509228086668 -99 -99 -99 0.987662185494104 -99 -99 -99 -99 -99 -99 -99 2.03729194405697 -99
-99 -99 -99 -99 -99 -99 -99 -99 -99 -99 -99 -99 -99 0.0872929297785791 -99
-99 -99 -99 -99 -99 -99 -99 -99 -99 -99 -99 0.200875336362428 -99 -99 -99
-99 -99 -99 -99 -99 -99 -99 -99 -99 -99 -99 -99 -99 -99 -99
-99 -99 -99 -99 -99 -99 -99 -99 -99 -99 -99 -99 -99 -99 -99
0.403884954211551 -99 -99 -99 -99 -99 0.553289952159472 -99 -99 -99 -0.987200545738404 -0.895604470658652 -99 -0.483205936315563 -99
-99 -99 -99 -99 0.851342059119763 -99 -99 -99 -99 0.532901199809376 -99 0.713537025871894 1.71490244168953 0.0679021763055808 -99
-99 -99 -99 -99 -99 -99 -99 -99 -99 -99 -99 -99 -99 -99 0.274857479803963
-99 -99 -99 -99 -99 -99 -99 -99 -99 -99 -99 -99 -99 -99 -99
-99 -99 -99 -99 -99 -99 -99 -99 -99 -99 -99 -99 -99 -2.16691628247052 -99
-99 0.85152866369494 -99 -99 -99 1.55539552629945 -99 -99 -99 -99 -99 -99 -99 -99 -99
-99 -99 -99 -99 3.81859223212131 -99 -99 1.95571871475273 -99 -99 -99 -99 -99 -99 -99
-99 -99 -99 -99 -99 -99 -99 -99 -99 -99 -99 -99 -99 -99 -99
-99 -99 -99 4.75369715286172 -99 -99 -99 -99 -99 -99 -99 4.02423440155759 -99 -99 -99
-99 -99 -99 -99 -99 -99 -99 -99 -99 -99 -99 -99 -99 -99 0.317721633494378
-99 -99 -99 -99 -99 -99 -99 -99 2.39525937101699 0.551769838239765 -99 -99 -99 -99 -99
0.10900191739098 -99 -99 -99 -99 -99 -99 -99 -99 -99 -99 -99 0.920253586503959 -99 -99
-99 -99 -99 -99 0.5985881938013 -99 -99 -99 -99 -99 -99 -99 -99 -99 -99
-99 -99 -99 -99 -99 -99 -99 -99 -99 -99 -99 -99 -99 -99 -99
-99 -99 -99 -99 -1.48059180988397 -99 -99 -99 -99 -99 -99 -99 -99 -99 -99
-99 -99 -99 -99 -1.51732665991047 -99 -99 -2.01855584150456 -99 -99 -99 -99 -99 -1.57470040247788 -99
-0.668312430091138 -99 -99 -99 -99 0.565567784084551 -99 -99 -0.146329818085685 2.11279922042172 1.71691317376103 2.51156917647299 -99 -99 -99
-99 -99 -99 -99 -99 -99 1.18414318278338 -99 -99 -99 -99 -1.95528473746784 -99 -99 -99
-99 -99 -99 -99 -99 -99 -99 -99 -99 1.78167996520831 -99 -99 -99 -99 -99
-99 -99 -1.62508116263177 -99 -99 -99 -99 -99 -99 -99 -99 -99 -99 -99 -99
-99 2.72036779396297 -99 2.79516996992835 -99 -99 -99 -99 -99 -99 2.39381389037152 -99 -99 -99 0.707048349016443
-99 -99 -99 -99 -99 -0.318070844222889 -99 -99 -99 -99 -99 -99 -99 -99 -99
-99 -99 0.172096778155804 -99 -1.2293141059029 1.13369885972103 -99 -99 -99 -99 -99 -1.1989326025747 -99 -99 -99
-99 -99 -99 -99 -99 -99 -99 -99 -99 -99 -99 -99 -99 1.06354830019433 -99
-99 -99 -99 -99 -99 -99 -99 -99 -99 -99 -99 -99 -99 -99 -99
-99 -99 -99 -99 -99 -99 -99 -99 -99 -99 -99 -99 -99 -99 -99
-99 -99 -99 -99 -99 -99 -99 -99 -99 -99 -99 -99 -99 -99 -99
-99 -99 -99 -99 -99 -99 -99 -99 1.80268001156303 -99 -99 -99 -99 -99 -99
-99 -99 -99 -99 -99 -99 -99 -99 -99 -99 0.847855322495655 -99 -99 -99 -99
-99 -99 -99 -99 -99 -99 -99 -99 -99 -99 -99 -99 0.647061769571965 -99 -99
-99 -99 -99 -99 0.561972845812354 -99 -99 -99 -99 -99 -99 -99 -99 -99 -99
-99 -99 -99 -99 -99 -99 -99 -99 -99 -99 -99 -99 -99 2.06697531892263 -99
-99 -99 -99 -99 -99 -99 -99 -99 -99 -99 -99 1.81310551782071 -99 -99 -99
-99 -99 -99 -99 -99 -99 1.9002064881629 -99 -99 -99 -99 -99 -99 -99 -99
-99 -99 -99 -99 -99 -99 -99 -99 -99 -99 -99 1.89450772747035 -99 -99 -99
-99 -99 -99 -99 -99 -99 -99 -99 -99 -99 -99 3.4035063459714 -99 -99 -99
-99 -99 -99 0.987733476636074 -99 -99 -99 -99 -99 -99 -99 -99 -99 -99 -99
-99 -99 -99 -99 -99 -99 2.8557328955183 -99 -99 -99 -99 -99 -99 -99 -99
-99 -99 -99 -99 -99 -99 -99 -99 -99 -99 -99 -99 0.509209128423841 -99 -99
-99 -99 -99 -99 -99 -99 -99 -99 -99 -99 -99 -99 -99 -99 -99
-99 1.6543082256583 -99 1.90868341741414 -99 -99 -99 1.5636186757015 -99 -99 1.75382623452896 -99 1.53750710792227 -99 -99
-99 -99 -99 1.23489490006117 -99 -99 2.17145277530318 -99 -99 -99 -99 -99 -99 -99 -99
-99 -99 -99 -99 -99 0.911024022165105 -99 -99 -99 -99 -99 -99 3.12308322033729 -99 2.05950119434373
-99 -99 1.65696904007307 -99 -99 -0.583831709195952 -99 -99 -99 -99 0.980540635860921 -99 -99 -99 -99
-99 -99 -99 -99 -99 -0.497930605538665 -0.12339418324766 -99 -99 -99 -99 -99 -99 2.31107839360334 -99
-99 -99 -99 -99 -99 -99 -99 -99 -99 -99 -99 -99 -99 -99 -99
-99 -99 -99 -99 -99 -99 0.540490314603399 -99 -99 -99 0.698965543405595 -99 -99 -99 -99
-99 -99 -99 1.57234029149796 -99 -99 3.3539013471792 -99 -99 -99 -99 -99 -99 -99 -99
-99 -99 -99 -99 -99 -0.65531326924377 -99 -99 -99 -99 -99 -99 -99 -99 -99
-99 -99 -99 -99 -99 -99 -99 -99 1.56509639808498 -99 -99 2.33490347663249 -99 -99 -99
2.31653738213175 -99 -99 0.0803504883940622 -99 -99 -99 -99 -99 -99 2.06647190374437 -99 -99 -99 -99
-99 -99 -99 -99 -99 -99 -99 -99 -99 -99 -99 -99 -99 -99 -99
-99 3.7642866392994 2.87858379502377 -99 -99 -99 -99 -99 -99 -99 -99 -99 -99 -99 -99
-99 -99 -99 -99 -99 -99 -99 -99 -99 1.42398044541059 -99 -99 -99 -99 -99
-99 -99 -99 -99 -1.55617289104115 0.671271075401952 -99 -99 -99 -99 -99 -99 -99 -99 -99
-99 -99 -99 -99 -99 -99 -99 2.07527261180199 -99 -99 -99 -99 -99 -99 -99
-99 -99 -99 -99 -99 -99 -99 -99 -99 -99 -99 -99 -99 -99 -99
-99 -99 -99 -99 -99 -99 -99 2.18380987237898 -99 -99 -99 -99 -99 -99 -99
-99 -99 -99 -99 -99 -99 -99 -99 -99 -99 -99 -99 -99 -99 -99
-99 -99 0.312920725598427 -99 -99 -99 -99 1.02106400624795 -99 -99 -99 -99 -99 -99 3.9809728580916
-0.137185315054578 2.82333057271063 -99 -99 -99 -99 -99 -99 -99 -99 -99 -99 -99 -99 -99
-99 -99 -99 3.19350285782005 -99 -99 -99 -99 0.785063186447989 -99 -99 -99 -99 3.33508806806124 -99
-99 -99 -99 1.0365338067819 -99 -99 -99 -99 -99 -99 -99 -99 -99 -99 -99
-99 -99 -99 -99 -99 -99 -99 -99 -99 3.35387771878066 -99 -99 -99 -99 -99
-99 -99 -99 -99 -99 -99 -99 -99 -99 -99 -99 3.37035990780848 -99 -99 -99
-99 1.36516178092187 -99 -99 -99 -99 -99 -99 -99 -99 -99 -99 -99 -99 -99
-99 -99 -99 -99 -99 -99 -99 -99 -99 -99 0.644945308955936 -99 -99 -99 -99
-99 -99 -99 -0.404151242620187 -99 -99 -99 -99 -99 -99 -99 -99 -99 -99 -0.421727501754133
-99 -99 -99 -99 -99 -99 -99 -99 -99 -99 -99 -99 -99 -99 -0.0592870073405629
-99 -99 -99 -99 -99 -99 -99 -99 -99 -99 -99 -99 -99 -99 -99
-99 -99 -99 -99 -99 -99 -99 1.59799048242408 -99 -99 -99 -99 -99 -99 -99
-99 -99 -99 -99 -99 -99 -99 -99 -99 -99 -99 -99 -99 -99 -99
-99 -99 -99 -99 -99 1.3921279001046 -99 -99 0.0113740959461844 -99 -99 -99 -99 -99 -99
-99 -99 -99 -99 -99 -99 -99 -99 -99 -99 -99 -99 -99 -99 -99
-99 -99 -99 -99 0.603239474643066 -99 0.312446249522902 -99 -99 -99 -99 -99 -99 -99 -99
-99 -99 -99 -99 -99 1.45989239571745 -99 -99 -99 -99 -99 -99 -99 -99 0.553336138469379
-99 -1.14225325469721 -99 -99 -99 -99 -99 -1.57249069804432 -99 -99 -99 -99 -99 -0.0592189971764439 -99
1.98200098072181 0.349337980641181 -99 -99 -99 -99 -99 -99 -99 -99 -99 -99 -99 -99 -99
-99 -99 -99 -99 -99 -99 -99 -99 -99 -99 -99 -99 -99 -0.122932360451601 -99
-99 -99 -99 1.88271612394163 -99 -99 1.4760491539078 -99 -99 -99 -99 -99 -99 1.22578174527823 -99
-99 -99 -99 -99 1.21340680754481 -99 -99 -99 -99 -99 0.645057030659323 -99 3.28158470633652 -99 -99
-99 -99 -1.06445365386085 -99 -99 -99 -99 -99 -99 -99 -0.805686056105123 -3.39469897352761 -99 -99 -99
-99 -99 -99 -99 -99 -99 -99 0.610459132542921 -99 -99 -99 -99 -99 -99 -99
-99 -99 -99 -99 -99 -99 -99 1.56641433283615 2.14910362112756 -99 -99 -99 -99 -99 4.14404856018287
-99 -99 -99 2.25583648488441 -99 2.72071310639434 -99 -99 3.16523207667599 -99 1.40674558389125 -99 -99 -99 -99
-99 -99 -99 -99 0.380762012942969 -99 -99 -99 -99 -99 -99 -99 1.56958489737166 -99 -99
-99 -99 -99 -99 -99 -99 -99 -99 -1.56859285177569 -99 0.938701632537022 -99 -99 -99 -99
-99 -99 -99 -99 -99 -99 -99 -99 -99 -99 -99 -1.04588968446095 -99 -99 -99
-99 -99 -99 -99 -99 -99 -99 -99 -99 -99 -99 -99 -99 -99 -99
-0.321199300957172 -99 1.47610081146432 -99 -99 -99 0.491743818496104 -99 -99 -99 -99 0.962195907227193 -99 -99 -0.912515723270343
-99 -99 -99 -99 -99 -99 -99 -99 -99 -99 -99 -99 -99 -99 -99
-99 -99 -99 -99 0.819097463103707 -99 -99 -99 -99 -99 -99 -99 -99 -99 2.36082137563833
-99 -99 -99 -99 -99 3.35337255685166 -99 -99 -99 -99 -99 -99 -99 -99 -99
-99 -99 -0.419630368860349 -99 0.695887142151224 -99 -99 -99 -1.77634426819447 -99 -99 -99 -99 -99 -99
-99 -99 -99 -99 -99 -99 -99 -1.32529625910213 -99 -99 -99 -99 -99 -99 -1.12899296177304
-99 -99 -99 -99 -99 -99 -99 -99 -99 -99 2.95324202658943 -99 -99 -99 -99
-99 -99 -99 -99 -99 -99 -99 1.11229584988396 -99 -99 -99 -99 -99 -99 -99
-99 -99 2.62430813851772 -99 -99 -99 -99 -99 -99 1.35911018390619 -99 -99 -99 -99 -99
-99 -99 -99 2.3792790653224 -99 -99 -99 -99 -99 -99 -99 -99 1.83100722731535 -99 -99
-99 -99 -99 -99 -99 -99 0.763764366366632 -99 -99 -99 -99 -99 -99 -99 -99
-99 -99 -99 -99 -99 -99 -99 -99 2.74798598189671 -99 -99 2.88903994046223 -99 -99 1.98408073458917
-99 -99 -99 -99 -99 -99 -99 -99 -99 -99 -99 -99 -99 -99 0.267008026115538
-99 -99 -99 -99 -99 -99 -99 -99 -99 0.999721772132414 -99 -99 -99 -99 -99
-99 -99 -99 -99 -99 -99 -99 -99 -99 -99 -99 3.29190310227318 -99 -99 -99
-99 0.104438590823761 -99 -99 -99 -99 -99 -99 -99 0.851901430056211 -99 -99 -0.290749984243289 -99 -99
-99 -99 -99 -99 -99 -99 -99 -99 -99 -99 -99 -99 -99 -99 -99
-99 -99 -99 -0.0286972768625098 -99 -99 -99 -99 -99 -99 -99 -99 0.37030586117399 -99 -99
-99 -99 -99 -99 -99 -99 1.17167557248857 -99 -99 1.93202820836918 -0.0138451838917006 -99 -99 -99 -99
-99 -99 -99 -99 -0.275974164107794 -99 -99 -99 -99 -99 -99 -99 -99 -99 -99
-99 -99 -99 -99 -99 -99 -99 -99 -99 2.72384088836354 -99 -99 -99 -99 -99
-99 -99 -99 1.18845896672006 -99 -99 1.61075068554725 -99 -99 -99 -1.14977186259778 3.37067051540118 -99 -99 -99
-99 -99 -99 -99 -99 -99 -99 -99 -99 -99 -0.862918131623992 -99 -99 -99 -99
-99 -99 -99 -99 -99 -99 -99 -99 -99 -99 -99 -99 -99 -99 -99
-99 -99 -99 -99 1.78811950879779 -99 -99 -99 -99 -99 -99 -99 -99 -99 -99
-99 -99 -99 -99 -99 -99 -99 -99 -99 -1.51006228464525 -99 -99 -99 -99 -99
0.0145243078546691 1.94831728543689 -99 -99 0.599311145988855 -99 -99 -99 -99 -99 -99 -99 -99 -99 -99
-99 -99 -0.933518584088236 -99 -99 -99 -99 -99 -99 -99 -99 -99 -99 -99 -99
2.19385887817182 -99 -99 -99 -99 -99 -99 -99 -99 -99 -99 -99 -99 -99 -99
-99 -99 -99 -99 -99 -1.19439157967138 -99 -99 0.254246736026717 -99 -99 -99 -99 -99 -99
-99 -99 -99 -99 -99 -99 -99 -99 -99 -99 -99 -99 -99 -0.00433449326192403 -99
-99 1.97511646874178 -99 -99 -99 -99 -99 -99 -99 -99 -99 -99 -99 -99 -99
-99 -99 -99 -99 -99 -99 -99 -99 -99 -99 -99 -99 -99 -99 -99
-99 -99 -99 -99 -99 -99 -0.287720505499573 -99 -99 -99 -99 -99 -99 -99 -99
-2.17435483249811 -99 -99 1.23840607929129 -99 -99 -99 -99 -99 -99 -99 -99 -0.885903959527736 -99 -99
-99 4.64140792997491 -99 -99 2.79084184017748 -99 3.55008378026187 -99 -99 -99 -99 -99 -99 -99 -99
-99 -99 -99 -99 -99 -99 -99 3.01053047409014 -99 -99 -99 2.04184304992953 -99 2.9095613132449 -99
-99 -99 -99 -99 -99 -99 -99 -99 -99 -99 -99 -99 -99 1.04334989774818 -99
-99 -99 1.84976466787947 -99 -99 2.28864827823035 -99 -99 -99 -99 -99 -99 -99 -99 -99
-99 -99 -99 -99 -99 -99 -99 -99 -99 -99 -99 -99 -99 -99 -99
0.44611274155631 -99 -99 -99 -99 1.85734470134469 -99 -99 -99 -99 -1.23834712109025 -99 -0.263473555346963 0.998745742488626 -99
-99 -99 -99 -99 -99 -99 -1.97522479219339 -99 -99 -99 -99 -99 -99 -99 -1.91983644035784
-99 -99 -99 -99 -99 -99 -99 -99 -99 -99 -99 -99 -99 -0.243388626209508 -99
-99 -99 -99 -99 -99 -99 -99 -99 -99 -99 -99 -99 -99 -99 -99
-1.01489992751202 -99 -99 1.05048237940781 -99 -99 -99 -99 -99 -99 -99 -99 -99 -99 -99
-99 -99 -99 -99 -99 -99 -99 -99 0.418581419501262 -99 -99 -99 -99 -99 -99
0.675175522447796 -99 0.977783080409271 0.553599664800074 -99 -99 -99 -99 -99 -99 -99 -99 -99 -99 -0.234829325188552
-99 -99 -99 -99 -99 1.31181821116863 -99 -99 -99 3.54963200530179 -99 -99 -99 -99 -99
-99 -99 -99 -99 -99 -99 -99 -99 -99 -99 -99 -99 -99 -99 -99
-99 -99 -99 -99 -99 -99 -99 -99 -99 1.87628780580417 -99 -99 -99 -99 -99
-99 -99 -99 -99 -99 -99 -99 -99 -99 -99 -99 -99 -99 -99 -99
-99 -99 -99 -99 -99 -99 -99 -99 -99 -99 -99 -99 -99 -99 -99
-99 -99 -99 -99 -99 -99 -99 -99 -99 -99 -99 -99 -99 -99 -99
-99 -99 -99 -99 -99 -99 -99 -99 -99 0.512241196555286 -99 -99 -99 -99 -99
-99 -99 -99 -99 -99 -99 -99 -99 -99 -99 -99 -99 -99 -99 -99
-99 -99 -99 -0.818702699044062 -99 -99 -99 -99 -99 -99 -99 0.00893721385671997 -99 -99 -99
-99 -99 -99 -99 -99 -99 -99 -99 -99 1.38389711708393 -99 1.52797114614499 1.72178541788477 -99 -99
-99 -99 -99 -99 -99 -99 -99 -0.304290727744199 -99 -99 -99 -99 -99 -99 -99
-99 -99 -99 -99 -99 -99 1.3386720296341 -99 -0.86330524184316 -99 -99 -99 -99 -99 -99
-99 -99 -0.00260286208914939 -99 -99 -99 -99 -99 -99 -99 -99 -99 -99 -99 -99
-99 -99 -99 0.783431801568054 -99 -99 -99 -99 -99 -99 -99 -99 -99 -99 -99
