-99 -99 -99 -99 -99 -99 -99 -99 -99 -1.62047649393542 -99 -99 -99 -99 -99
-99 -99 -99 -99 -99 2.04292142845922 -99 -99 -99 -99 0.333159116793948 -99 -99 -99 -99
0.0564940705944313 -99 -99 -99 -99 -99 -99 -99 -99 -2.75719343553093 -99 -0.206401629313474 -1.31003178020268 -99 -99
-99 -99 -99 -99 0.158804528013111 -99 -99 -99 0.779206460661521 -99 -99 -99 1.55329597660356 -99 -99
-99 -99 -99 -99 -99 -99 0.910062460478637 -99 -99 -99 -99 -99 -99 -99 -99
-99 -99 -99 -99 -99 -99 -99 -99 -99 -99 -99 -99 -99 -99 -99
-99 -99 -99 -99 -99 -99 -99 -99 -99 1.64971764520749 -99 -99 -99 -99 1.76856522688277
-99 -0.26118442718851 -99 -99 -99 -99 -99 -99 1.03699916283296 -99 -99 -99 -0.345617364301633 -99 -99
-99 -99 -0.342712700693013 -99 -99 -99 -99 -99 -99 -99 -99 -99 2.51297488791785 -99 -99
-99 -99 -99 -99 -99 -99 -99 -99 -99 -99 -99 -99 -99 -99 -99
-99 0.630218205269105 -99 -0.32932681634756 -99 -0.147456671093828 -99 -99 -99 -99 -99 -99 -99 -99 -99
-99 -99 -99 2.23959194076917 -99 -99 -99 -99 -99 -99 1.35048755231674 -99 -99 -99 -99
-99 -99 -99 -99 -99 -99 2.34119553777303 -99 -99 -99 -99 -99 -99 -99 -99
-99 -99 -99 -99 -99 -99 -99 -99 -99 0.86372696905174 -99 -99 -99 2.21411507177677 -99
-99 -99 -99 -99 -99 -99 -99 -99 -99 -99 -99 -99 -99 -99 -99
-99 -99 -0.190541671322258 -99 -99 -99 -99 -99 -99 -99 -99 -99 -99 -99 -99
-99 -99 -99 -99 -99 -99 0.651503563451284 -99 -99 0.996498116892612 0.0774507144145303 -99 1.58523845257913 -99 -99
-99 -99 -99 0.723560840529614 -99 -99 -99 0.469095892232159 -99 -99 -0.539846749217391 -99 -99 -99 -99
1.70686745731415 2.43811547598124 -99 -99 -99 -99 1.97163522618427 -99 -99 -99 -99 1.92055955746352 -99 -99 -99
-99 -99 -99 0.629727199635263 -99 2.35203233060352 -99 -99 -99 -99 -99 -99 -99 -99 -99
-99 -99 -99 -99 -99 -99 -99 -99 -99 1.2692107212123 -99 -99 -99 -99 -99
-99 -99 -99 -99 -99 -99 -99 -99 -99 -99 -99 -99 -99 -99 -99
-99 -99 -99 -3.17611483293727 -99 -99 -99 -99 -99 -99 -99 -99 -99 -99 -99
-99 -99 -99 -99 0.691733166753703 -99 -99 -99 -99 -99 -99 -99 -99 -99 -99
-99 -99 -99 -99 -99 -99 -99 -99 -99 -99 -99 -99 -99 -99 -99
-99 -99 -99 -99 2.50579123869237 -99 -99 -99 -99 3.21223997436944 -99 -99 -99 1.85366779047849 -99
-99 -99 -99 -99 -99 -99 -99 -99 -99 -99 -99 -99 -99 -99 -99
-99 1.04680855461887 0.898982167454356 -99 -99 -99 -99 -99 -99 -99 -99 -99 -99 -99 -99
-99 -99 -0.0990486156325223 -99 -99 -99 -99 -99 -99 -99 0.531569593662118 -99 -99 -99 -99
-99 -99 -99 1.59878931818354 -99 -99 1.66129786943014 -99 -99 3.10003303626085 -99 -99 -99 -99 -99
-99 -99 -99 -99 -99 -99 2.35452953849563 -99 3.40234679330327 1.75500589934315 -99 -99 1.66796280786764 -99 -99
-99 0.935066730859951 -99 -99 -99 -99 -99 -99 -99 -99 -99 2.4514796040142 1.40307470752261 -99 -99
-99 -99 -99 -99 -1.39855162400526 -99 -99 -2.71618342068752 -99 -99 -99 -99 -0.0469696964171213 -0.467400655915126 -99
-99 -99 -99 -99 -99 -99 -99 -1.03779352967536 -99 0.697271485395429 -99 -99 -99 -99 -99
-99 -99 -99 -99 -99 -99 -99 -99 -99 -99 -99 -99 -99 -99 1.44200958530743
-99 2.68993850532734 -99 -99 -99 -99 1.71567759977161 -99 -99 -99 -99 -99 -99 -99 -99
-99 -99 -99 -99 -99 -99 -99 -99 -99 -99 -99 -99 -99 -99 2.17261896022073
2.98605932362756 -99 -99 -99 -99 -99 -99 -99 -99 -99 -99 1.94595236228477 -99 0.104069614902182 -99
-99 -99 -99 -99 -99 -99 -99 -99 -99 -99 -99 -99 -99 -99 -99
-99 -99 -99 -99 -99 -99 -99 -99 -99 -99 -99 -99 -99 -99 -99
1.76354561827763 -99 -99 -99 -99 -99 -99 -99 -99 -99 -99 -99 -99 -99 -99
-99 -99 -99 -0.532723548015345 -99 0.345055364466215 -99 -99 -99 -99 -99 -99 -99 -99 -99
-99 -99 -99 -99 -99 -99 -0.473239373973528 -99 -99 -99 -99 -99 -99 -99 -99
-99 -99 -99 -99 -99 -99 -99 -99 -99 -99 2.60157573593878 -99 -99 -99 -99
-99 -99 -99 -99 0.212663542373069 -99 -99 -99 -99 -99 1.2568759951314 -99 -99 -99 -99
-99 -99 -99 -99 0.669977294459923 -99 -99 -99 -99 -99 -99 -0.640001127219506 -99 -99 1.27468473392074
-99 -99 -99 -99 -99 -99 -99 -99 -99 -99 -99 -99 -99 -0.36116623979638 -99
-99 -99 -99 -99 -99 1.79983259482948 -99 -99 -99 -0.678228398448635 -99 -99 -99 -99 -99
2.35168632729403 -99 -99 -99 -99 -99 -99 -99 -99 -99 -99 0.681765094436855 0.39363943335701 -99 -99
-99 -99 -99 -99 -99 -99 -99 -99 -99 -99 -99 -99 -99 -99 -99
-99 -99 -99 -99 -99 -99 -99 -99 -99 0.720818715255383 -99 -99 -99 -99 -99
-99 -99 -99 -99 -99 3.38533384444242 -99 1.31406657363378 -99 -99 -99 -99 -99 -99 -99
-99 -99 -99 -99 0.521648879933925 -99 -99 1.88094747828456 -99 -99 -99 -99 2.38182531015336 -99 -99
-99 -99 -99 -99 -99 -99 -99 -99 -99 -99 -99 -99 -99 -99 -99
-99 -99 -99 -99 -99 -99 -99 -99 -99 -99 -99 -99 -99 -99 -99
-99 -99 -99 -99 -99 1.62622949399004 -99 -99 -0.156767377804124 -99 2.39297286849753 -99 -99 -99 -99
-99 -99 -99 -99 -99 -99 -99 -99 -99 -99 -99 -99 -99 -99 -99
-99 -99 -99 -99 -99 -99 -99 -99 -99 -99 -99 -99 -99 -99 -0.171102050590108
-99 -99 -99 -99 -99 -99 -99 2.19292436490909 -99 -99 -99 -99 -99 2.53999518916938 -99
1.3316720961916 -99 -99 -0.671842533596296 -99 -99 -99 -99 -99 -99 -99 -99 -99 -99 2.04286837262423
-99 -99 -99 -99 -99 -99 -99 -99 1.84178958462159 3.73463952822541 -99 -99 -99 -99 -99
-99 -99 -99 -99 -99 -99 -99 -99 -99 -0.237102167676514 -99 -99 -99 -99 -99
-99 -99 -99 -99 -99 -99 -99 -99 -99 -99 1.57089951844324 -99 -99 -99 -99
-99 -99 -99 -99 -99 -99 -99 0.199422701733701 -99 -99 -99 -99 -1.10697171586804 -99 -99
-99 -99 -99 2.32744939177838 -99 -99 -99 0.384494082558258 -99 -99 -99 -99 -99 -99 -99
-99 -99 -99 -99 1.87243590624219 -99 -99 -99 1.39480054951529 -99 -99 -99 -99 -99 -99
-99 -99 -99 -99 -99 -99 -99 -99 -99 -99 -99 -99 -99 -99 -99
-99 -99 1.76189598018561 -99 -99 -99 0.100593004155697 -99 -99 -99 -99 -99 -99 -99 -99
-99 -99 -99 -99 -99 -99 -99 -99 -99 -99 0.596467160945593 -99 -99 -99 -99
-99 -99 -99 -99 -99 -99 -99 -99 -99 -99 -99 -99 -99 4.30246863195353 -99
-99 -99 -99 -99 2.10957383460018 -99 -99 -99 1.14793520248907 0.16323957161619 -99 -99 -99 -99 -99
-99 -99 -99 -99 2.93289491293214 -99 -0.00488178907742975 -99 -99 1.91070988914276 -99 -99 -99 -99 -99
-99 -99 -99 -99 -99 -99 -99 -99 -99 -99 -99 -99 -99 -99 -99
-99 -99 0.854331316575071 -99 -99 -99 -99 -99 -99 -99 -99 -99 -99 -99 -99
-99 -99 -99 -99 0.688752282696919 -99 -99 -99 -99 -99 -99 -99 -1.11183205949115 -99 -99
-99 -99 -99 -99 -99 2.59038826154314 -99 -99 -99 -99 3.84450083999909 -99 1.58259312810848 -99 -99
-99 -99 -99 -99 -99 -99 -99 1.24513368390474 -99 -99 -99 1.78350986109865 -99 -99 -99
-99 -99 -99 -99 -99 -99 0.0661830964145028 0.448683895189829 -99 0.193817631457427 -99 -99 -99 -99 -99
-99 -99 1.00293424125784 -99 1.57471254882366 -99 -99 -99 -0.108373046199904 -99 -99 -99 -99 -99 -99
-99 0.291721927696824 -99 -99 -99 -99 -99 -99 -99 -99 -99 -99 -99 -99 -99
-99 -99 -99 -99 5.31729082912407 2.72743610804048 -99 -99 -99 -99 -99 -99 -99 -99 -99
-99 -99 -0.294035002281547 -99 -99 -99 -99 -99 -99 0.383398496830029 -99 -99 -0.451109141112433 -99 -99
-99 -99 -99 -99 -99 -99 -99 -99 -99 -99 -99 -99 -99 -99 -99
-99 -99 -99 -99 -99 2.04884080050776 -99 -99 -99 -99 -99 -99 -99 -99 0.132678690825254
-99 -99 -99 -99 -99 -99 -99 -99 -99 -99 -99 -99 -99 -99 -99
-99 -99 -99 -99 -99 -99 -99 -99 -99 -99 0.118344533787435 -99 -99 -99 -99
-99 2.80780795624972 -99 -99 -99 -99 -99 1.05574607334833 -99 3.06522275176608 -99 -99 1.13161228377645 -99 -99
-99 -99 -99 -99 -99 -99 -99 -99 1.00215806501585 -99 0.317114107107942 -99 -99 -99 -99
-99 -99 -99 -99 -99 -99 -99 -99 -99 -99 -99 -99 -99 0.712167739162866 -99
-99 -99 -99 -99 -99 -99 -99 -99 -99 -99 -99 -99 -99 -99 -1.3720103285998
-99 -99 -99 -99 -99 -99 -99 -99 -99 -99 -99 -99 0.824664125903825 -99 -99
-99 -99 -99 -99 -99 -99 -99 -99 -99 -99 -99 2.12673784720544 -99 -99 0.0424029578187181
-99 -99 -99 -99 -99 -99 -99 -99 -1.49190089762608 -99 -99 -99 -99 -99 0.418697668971624
-99 -99 -99 -99 -99 -99 -99 -99 -99 -99 -99 -99 -99 -99 -99
-99 -99 -99 -99 -99 -99 2.10516637745779 -99 -99 -99 -99 -99 -99 -99 -99
-99 -99 -99 -99 -99 -99 -99 -0.307226828100489 -99 -99 -99 -99 1.58073609822957 -99 -99
-99 -99 -99 -99 -99 -99 -99 -99 0.168535191496338 -0.888236589935509 -99 -99 0.946418105790868 -99 -99
-99 -99 -99 -99 -99 -99 -99 -99 -99 -99 -99 -99 -99 -0.164404435349042 -99
0.129554105911229 -99 -99 -99 -99 -99 -99 -99 -99 -99 -99 1.35096864661422 -99 0.250802372946888 -99
-99 -99 -99 -99 -99 -99 -0.424831992013891 -1.35803444461192 -99 -99 -99 -99 -99 -99 -99
0.409786159827242 -99 -0.822676682018129 -99 -0.175912532491245 -99 -99 -99 -99 -99 -99 -99 1.24798815211224 -99 -99
-99 -99 -99 -99 -99 -99 -99 -0.325055178380472 -99 -99 0.637969675262177 -99 -99 -99 -99
-99 -99 0.288622142816656 -99 -99 -99 -99 -99 -99 1.69286128623168 -99 1.07747190529537 -99 -99 -99
-99 -99 -99 -99 -99 -99 -99 -99 -99 -99 -99 -99 -99 -99 -99
-99 -99 -99 -99 -99 -99 -99 0.686188041349872 -99 -99 -99 -99 1.17119959587295 -99 -99
-99 -99 -0.351873770546991 -99 -99 -99 -99 -99 -99 -99 -99 -99 0.665711991244617 -99 1.65529116869626
-99 -99 -99 -99 -99 -99 -99 -99 -99 0.0141801894550487 -99 -99 -99 -99 -99
-99 -99 -99 -99 -99 -99 -99 -99 -99 2.16169132399485 -99 -99 -99 -99 -99
-99 -99 -99 -99 -99 -99 -99 2.23151993845274 -99 -99 -99 -99 -99 -99 -99
-99 1.61333171759479 -99 -99 -99 -99 -99 -99 1.30272901222633 -99 -99 -99 -99 2.76422594738576 -99
-99 -99 -99 -99 -99 -99 -99 -99 0.991391826501746 -99 -99 -99 -99 -0.286349541053157 -99
-99 -99 1.76247059339622 -99 -99 -99 -99 -99 -99 -99 -99 -99 -99 2.89618264677479 -99
-99 -99 -99 -99 -99 -99 -99 -99 -99 -99 -99 -99 -99 -99 1.90430617742943
-99 0.653857931212899 -99 -99 -99 -99 -99 -99 -99 -99 2.28808824560528 -99 -99 -99 -99
-99 2.29044587608655 -99 -99 -99 -99 -99 -99 -99 -99 -99 -99 -99 -99 -99
-99 -99 -99 -99 -99 -99 -99 -99 -99 -99 -99 1.1095361733652 -99 -99 -99
-99 -99 -99 -99 -99 2.50828150965704 -99 -99 -99 -99 -99 -99 -99 -99 -99
-99 -99 -99 -99 -99 -99 -99 -99 -99 -99 0.666381317905661 -99 -99 -99 -99
-99 -99 -99 -99 -99 0.168147737179324 -99 -99 -99 -99 -99 -99 -99 -99 -99
-99 -99 -99 1.52186882260265 -99 -99 -99 -99 -99 -99 -99 -99 -99 -99 -99
-99 -1.03306719999775 -99 -99 -99 -99 -99 -99 -99 -99 -99 -99 0.689171685233664 -99 -99
-99 -99 -99 -99 -99 -99 -99 -99 -99 -99 -99 -99 -99 -99 -99
-99 -99 -99 -99 2.12116663254338 -99 -99 -99 -99 -99 -99 5.57190483445602 -99 -99 -99
1.81820780191876 -99 -99 -99 -99 0.972443523411003 -99 -99 -99 -99 -99 -99 -99 -99 -99
-99 -99 -99 -99 -99 -99 -99 -99 -99 -99 -99 -99 -99 -99 -99
-1.11322958760185 -99 -99 -99 -99 -99 -99 -99 -99 -99 -99 -1.12324241750289 -99 -99 -99
-99 -2.73269772373671 -99 -99 -99 -99 -99 -99 -99 -99 -99 -99 -99 -99 -99
2.13698046006083 -99 -99 -99 -99 -99 -99 -99 -99 -99 -99 -99 -99 -0.0962220603933412 -99
-99 -99 -99 -99 -99 -99 -99 -99 -99 -99 -99 -99 -99 -99 -99
-99 -99 -99 -99 -99 1.05683124279237 -99 1.69006135549819 -99 -99 -99 -99 -99 -0.935398595000914 -99
-99 -99 -99 -99 -99 -99 -99 -99 -99 -99 -99 -99 -99 -99 1.30745672564362
-99 -99 -99 -99 -99 -99 -99 -99 -99 -99 -99 -99 -99 -99 -99
-99 -99 -99 -99 -99 -99 -99 0.575493147901276 -99 -99 -99 -99 -1.52489331697111 -99 -99
-99 -99 -99 -99 -99 -99 -99 -99 -99 -0.466866286991302 -99 -99 -99 -99 -99
1.74612068423351 -99 2.41151320404559 -99 -99 -99 -99 -99 -99 -99 -99 1.10418858324337 -99 -99 -99
0.927909056975528 -99 -99 -99 -99 -99 -99 -99 -99 -99 -99 -99 -99 -99 -99
-0.179034458310598 -99 -99 -99 0.768474417655968 -99 -99 -99 -99 -99 -99 -99 -99 -0.2262270212156 -99
-99 -99 -99 -99 -99 3.222704320799 -99 -99 -99 -99 1.32728107289299 -99 -99 -99 -99
-99 -99 -99 0.18907676843834 -99 -99 -99 -99 -99 -99 -99 -99 1.65453410563257 -99 -99
-99 -99 -99 -99 -99 -99 -99 -99 -99 -99 -0.699356736425469 -99 -99 -99 -99
-99 -99 -99 -0.046752863436798 -99 -99 -0.65920717018914 -99 -99 -99 -99 -99 -99 -99 -99
-99 3.59315250973257 -99 -99 -99 -99 -99 -99 -99 -99 -99 -99 -99 -99 -99
-99 -99 -99 -99 -99 -99 -99 -99 -99 1.97771750545842 -99 -99 -99 -99 -99
-99 -1.86302277525006 -99 -99 -0.306379802475756 -99 -99 -99 -99 -99 -99 -99 -99 -99 -99
-99 -99 -99 -99 -99 -99 -99 -99 -99 -99 -99 -99 2.0702030536643 -99 -99
-99 -99 -99 -99 -99 -99 -99 -99 -99 -99 -99 -99 3.01425819391707 -99 -99
-99 -99 0.805566413147586 1.95556318985349 -99 -99 -99 0.553027820161395 -99 0.403766446269955 2.84587908771652 -99 -99 -99 -99
-99 -99 -99 -99 -99 -99 -99 0.391130278167898 -99 -99 -99 -99 -99 1.22526041662615 -99
-99 -99 -99 -99 -99 -99 -99 -99 -0.66819675992738 -99 -99 -99 -99 -99 2.1591627383136
-99 -99 0.475578472611414 -99 -99 -99 -99 -99 -99 -99 -99 -99 -99 -99 -99
-99 -99 -99 -99 1.92913640866249 1.38978430166584 -99 -99 -99 -99 -99 -99 -99 -99 -99
-99 -99 -99 -99 -99 -99 1.60301435751209 -99 -99 -99 -99 -99 -99 -99 -99
-99 -99 1.48227214646719 -99 -99 -99 0.25838315753101 -99 -99 -99 -99 -99 -99 -99 0.0102374828813926
-99 -99 -99 -99 -99 -99 -99 -99 -99 -99 -99 -99 -99 -99 -99
-99 -99 -99 -99 -99 -99 -99 -99 -99 -99 -99 -99 -99 -99 -99
-99 -99 -99 -99 -99 -99 -99 1.24408246168955 -99 -99 -99 -99 -99 -99 -99
-99 -99 -99 1.0710482520425 -99 -99 -99 -99 -99 0.743238264803917 -99 -99 -99 -99 -99
-99 -99 -99 -99 -99 1.43536572099535 -99 -99 -99 -99 -99 -99 -99 -99 -99
-99 -99 2.42800280028195 -99 1.61690420389095 -99 -99 -99 -99 -99 -99 -99 -99 -99 -99
-99 -99 -99 -99 -99 -99 -99 -99 -99 -99 -99 -99 -99 -99 -99
-99 -99 -99 -99 -99 -99 -99 -99 -99 -99 -99 -99 -99 -99 -99
-99 -99 -99 -99 -99 -99 0.038621350966312 -99 -99 -99 -99 -99 0.00935462556951216 -99 -99
-99 -99 -99 -99 -99 -99 0.623602689326781 -99 -99 -99 -99 -99 -99 -99 -99
-99 -99 -99 -99 -99 -99 -99 -99 -99 -99 -99 -99 -99 -99 -99
-99 -99 -99 -99 -99 -99 -99 -99 -99 -99 -99 -0.74083941665096 -99 2.16775831533138 -99
-99 -99 -99 -99 2.24419889240343 -99 -99 -99 -99 -99 -99 1.90473561119026 -99 -99 -99
-99 -0.395128245736595 -99 -99 -99 -99 -99 -99 -99 0.472388820309504 -99 -99 -99 0.667848437046475 -0.126758700966647
-99 -99 -99 -99 -99 -99 -99 -99 -99 0.831401906473274 -99 -99 -99 -99 -99
-0.310520905042727 -99 -99 -99 1.93468972047757 -99 -99 -99 -99 -99 -99 -99 -99 -99 -99
-99 -99 -99 -0.0327783606209251 0.139121766752925 -99 -99 -99 -99 -99 -99 -99 1.08320387690326 -99 -99
-99 -99 -99 -99 1.04289413183302 -99 -99 -99 -99 -99 -99 -99 -99 -99 -99
2.71927052799695 -99 -99 -99 -99 -99 0.171369163669375 -99 -0.607040846051653 -99 -99 -99 -99 -99 -99
-99 -99 -99 -99 -99 -99 -99 1.43342764404727 -99 -99 -99 -99 -99 -99 -99
-99 -99 -99 -99 -99 -99 -99 2.91309760774576 1.79147349418178 -99 2.82876826305771 -99 -99 -99 2.54747959580672
-99 -99 -99 -99 -99 -99 -99 -99 -99 -99 -99 -99 -99 -99 -1.20497378499696
-99 -99 -99 -99 -99 -99 -99 -99 -99 -99 -99 -0.595096996381289 -99 -99 -99
-99 -99 -99 -99 -99 -99 -99 -99 1.57850552245775 -99 -99 -99 -99 -99 -99
-99 -99 -99 3.74036968791712 -99 -99 -99 -99 -99 -99 1.99762573657483 -99 -99 -99 -99
-99 -99 -99 -99 -99 0.842240402400976 -99 -99 -99 -99 1.32830367809575 -99 -99 -99 -99
-99 -99 -99 -99 -99 -99 -99 -99 -99 -99 0.424001903596132 -99 -99 -99 -99
-99 0.809106541631586 -99 -99 0.0793661818822388 -99 -99 -99 -99 -99 -99 -99 -99 -99 0.407996627475712
-99 -99 -99 -99 -99 -99 -99 -99 -99 -99 1.94943744919763 -99 -99 -99 -99
-99 1.97710246549656 -99 -99 -99 -99 -99 -99 -99 -99 -99 -99 2.06211076450989 1.02901752082024 -99
-99 -99 -99 2.66569718106746 -99 -99 0.450055457349892 -99 -99 -99 -99 -99 -99 -99 -99
-99 -99 -99 -99 -99 -99 -99 -99 -99 -99 -99 -99 -99 -99 -99
-99 -99 -99 -99 -99 -99 -99 -99 -99 -99 -99 -99 -99 -99 -99
-99 2.78685516210884 -99 -99 -99 -99 -99 -99 -99 -99 -99 -99 -99 -99 4.84063317441161
-99 -99 -99 -99 -99 -99 -99 -99 -99 -99 -99 -99 -99 -99 -99
-99 -99 3.10168316583446 -99 -99 -99 -99 -99 -99 -99 -99 -99 -99 -99 -99
-99 2.26460050477706 -99 -99 3.3298536640741 -99 -99 -99 -99 -99 -99 -99 -99 -99 -99
-99 -99 -99 -99 -99 -99 -99 0.899771216049904 -99 -99 -99 -99 -99 -99 -99
0.54544112341297 -99 -99 1.23864511807373 -99 -99 -99 -99 -99 -99 -99 -99 -99 -99 -99
-99 -99 -99 -99 -1.14834506064674 -99 -99 -99 -99 -99 1.94218754337726 -99 -99 -99 -99
-99 -99 -99 -99 -99 -99 -99 -99 -99 -99 -99 -99 -99 -99 -99
-99 -99 -99 -99 -99 -99 -99 -99 -99 -99 -99 -99 -99 -99 -99
2.58627847543834 -99 -99 -99 -99 -99 -99 0.690521879799022 -99 -99 -99 -99 -99 -99 -99
-99 1.13300017294254 -99 -99 -99 -99 -99 1.8542978350242 -99 -99 -99 -99 -99 -99 -99
-99 -99 -99 2.19657555635485 -99 -99 -99 -99 -99 -99 -99 -99 -99 -99 -99
-99 -99 -99 1.40471126628149 -99 -99 -99 -99 -99 -99 -99 -99 -99 -99 -99
-99 -99 -99 -99 -99 0.16529213539241 -99 -99 -99 -99 -99 -99 -99 -99 -99
-99 -99 -99 -99 -99 -99 -99 -99 -99 -99 -99 -99 -99 -99 -99
-99 -99 1.62062658483782 -99 -99 2.58045230126778 -99 -99 -99 -99 -99 -99 -99 -99 -99
-99 -99 -99 -99 -99 -99 -99 -99 -99 -99 -99 -99 -99 -99 -99
-99 -99 -99 -99 -99 -99 -99 2.59863682609592 -99 -99 -99 -99 -99 -99 -99
-99 -99 -99 -99 -99 -99 -0.965800938174012 -99 -99 -99 -99 0.168063896348127 -99 -99 -99
-99 -99 -99 -99 -99 -99 -99 -99 -99 -99 -99 -99 -99 -99 -99
-99 -99 -99 -99 -99 -99 -99 -99 -99 -99 -99 -99 -99 -99 -99
-99 -99 1.50208652843238 -99 -99 -99 -99 -99 -99 -99 -99 -99 -99 -99 -99
-99 -99 -99 0.688999362744978 -99 -99 -99 -99 -99 -99 -99 3.86095202854572 -99 -99 -99
-99 -99 -99 0.485982001377843 -99 -99 -99 -99 -99 -99 -99 -99 -0.223410056151403 -99 -99
-99 -99 -99 -99 -99 -99 -99 -99 -99 -99 -99 -99 -99 -99 4.59027096675895
2.08374419517855 -99 0.292223568181444 -99 -99 -99 -99 -99 0.567474814681611 -99 -99 -99 -99 -99 -99
-99 1.20664190614418 -99 -99 -99 -99 -99 -99 -99 -99 -0.336473861669355 -99 -99 -99 -99
0.871587158076888 -99 -99 -99 -99 -99 -99 -99 -99 -99 1.5153742755179 -99 -99 -99 -99
-99 -99 -99 -99 -99 1.46078497156707 -99 -99 -99 -99 -99 -99 -99 -99 -99
-99 -99 -99 -99 -99 -99 -99 -99 -99 -99 -99 -99 -99 1.55665147077528 -99
-99 -99 -99 -99 -99 -99 -99 -99 -99 -99 -99 -99 -99 -99 -99
-99 -99 -99 -99 -99 1.2359943662241 -99 -99 -99 -99 -99 -99 -99 -99 -99
-99 -1.06161298644754 -99 -99 -99 -99 -99 -99 -99 -99 -99 -99 -99 -99 -99
-99 -99 -99 -99 -99 -99 -99 -99 -99 -99 -99 -1.52286966615724 -99 -99 -99
-99 -99 -99 -99 -99 -99 -99 -99 -99 -99 -99 -99 -99 -99 -99
-99 -99 -99 -99 -99 -99 -99 -99 -99 -99 -99 -99 -99 -99 -99
-99 -99 -99 -99 -99 -99 -99 -99 -99 -99 -99 0.192272067434382 -99 -99 -99
-99 -99 -99 -99 -99 -99 -99 -0.2458864119605 -99 -99 -99 -99 -99 -99 -99
-99 -99 -99 -99 -99 0.880721602074702 -99 -99 -99 -99 -99 -99 -99 -99 -99
-99 -99 -99 -99 -99 -99 -99 -99 -99 -99 -99 -99 -99 -99 -99
-99 -99 -99 -99 -99 -99 -99 -99 -99 -99 -99 -99 -99 -99 -99
-99 -99 -99 -0.551086069449957 -99 -99 -99 -99 -99 -99 -99 -0.771267324230709 -99 -99 -99
-99 -99 -99 -99 1.27496411941216 -99 -99 1.40735656508065 -99 -99 -99 -99 -99 -99 -99
-99 -99 -99 -99 -99 -99 -99 -99 2.25400700133167 -99 -99 -99 -99 -99 -99
-99 -99 -99 -99 -99 -99 -99 -99 -99 -99 -99 -99 -99 -99 -99
-99 -99 -99 -99 -99 -99 -99 -99 -99 -99 -99 -99 -99 -99 -99
2.70675697390775 -99 1.98268818756593 2.96314582130669 -99 -99 -99 -99 -99 -99 -99 1.47162390826672 -99 -99 -99
-99 -99 -99 -99 -99 -99 -99 -99 -99 -99 -99 -99 -99 -99 -99
-99 -99 -99 -99 -99 -99 -99 -99 -99 -99 -99 -99 -99 -99 -99
-99 -99 -99 -99 -99 -99 -99 -99 -99 -99 -99 -99 -99 -99 -99
-0.403087601483547 -99 -99 -99 -99 -99 -99 -99 -99 -99 -99 0.650569228826414 -99 -99 -99
-99 -99 -99 -99 -99 -99 -99 -99 -99 -99 -99 -99 0.170081542534457 -99 -99
-99 -99 1.15687941492704 -99 -99 -99 -99 -99 -99 2.07173544640577 -99 -99 -99 -99 -99
-0.157243215179313 -99 -99 -99 -99 -99 -99 -99 -99 2.90873569073641 -99 -99 -99 -99 -99
-99 -99 -99 -99 -99 -99 -99 -99 -99 -99 -99 -99 -99 -0.0715771178332334 -99
-99 -99 -99 -99 -99 -99 -99 -99 -99 -99 -99 -99 -99 -99 -99
-99 -99 -99 -99 -1.28100301055302 -99 -99 -99 -99 -99 -99 -0.795858312809591 -99 -99 -99
-99 -99 -99 -99 -99 -99 -99 -99 -99 -99 -99 1.37836528341258 1.19568076927012 -99 -99
-99 -99 1.14710448271619 -99 -99 -99 -99 -99 -99 -99 -99 -99 -0.268955209803109 -99 -99
-99 -99 -99 -99 -99 -99 -99 -99 -99 -99 -99 -99 -99 -99 -99
-99 -99 -99 -99 -99 -99 -99 -99 -99 0.456011816437014 -99 0.316784676872413 -99 -99 -99
-99 -99 -99 -99 -99 -99 -99 -99 -99 -99 -99 0.245908898940807 0.0557664419626196 -99 -99
-99 -99 -99 -99 -99 -99 -99 -99 -99 -99 -1.67939650891258 -99 -99 -99 -99
-99 -99 -99 -99 -99 -99 -99 -99 -99 -99 -99 -99 -99 -99 -99
-99 -99 -99 -99 -99 -99 -99 -99 -99 -99 -99 -99 -99 -99 -99
1.51304650703073 -99 -99 -99 -99 -99 -99 -99 -99 -99 1.61164109625471 -99 -99 -99 -99
-99 -99 -99 -99 -99 -99 -99 -99 -99 -99 -99 -99 -99 -99 -99
-99 -99 -99 -99 -99 -99 -99 -99 -99 -99 -99 -99 -99 -99 -99
1.64580089124063 -99 -99 -99 -99 -99 -99 -99 -0.0272396102703836 -99 -99 -99 -99 -99 -99
-99 -99 -99 -99 -99 -99 -99 0.447975742361646 1.32726289894911 -99 -99 -99 -99 -99 -99
-99 -99 -99 -99 -99 1.14751873174501 -99 -99 -99 -99 -99 0.120128079474561 1.01409377025471 -99 -99
-99 -99 -99 -99 -99 -99 0.747397043929674 0.691078745043591 -99 1.40390019561168 -99 -99 -99 1.02644341691066 -99
-99 -99 -99 -99 -99 -99 -99 -99 -0.394264749632601 -99 -99 -99 -99 -99 0.940533189666347
-99 -99 -1.58363228068357 -99 -99 -99 -99 -99 -99 -99 -99 -99 -0.461817250561015 -99 -99
-99 -99 2.51307207400145 -99 -99 -99 -99 -99 -99 -99 -99 -99 -99 -99 2.43124269310583
-99 -99 -99 -99 -99 -99 -99 -99 -99 -0.114116119956757 -99 -99 -99 -99 -99
-99 -99 -99 -99 -99 -99 -99 -99 -99 -99 -99 -99 2.10288350121562 -99 -99
-99 -99 -99 -99 -99 -99 -99 -99 -99 -99 -99 -99 -99 3.04602781663103 -99
-99 -99 -99 -99 -99 -99 -99 -99 1.15473906906999 -99 -99 -99 -99 -99 -99
-99 3.59574953699097 -99 -99 -99 -99 -99 -99 -99 -99 -99 -99 -99 -99 -99
-99 -99 -99 -99 -99 -99 -99 -99 -99 -99 -99 -99 -99 -99 -99
-99 -99 -99 -99 -99 -99 -99 -99 -99 -99 -99 -99 -99 3.29213725023364 -99
-99 3.29307661439403 0.767192045007006 -99 -99 -99 -99 -99 -99 -99 -99 -99 -99 -99 -99
-99 -99 -99 -99 -99 -99 -99 -99 -99 -99 -99 -99 -99 -99 -99
-99 -99 -99 -99 -99 -99 -99 -99 -99 -99 -99 -99 -99 -99 -99
-99 -99 1.77908073019089 -99 -99 -99 -99 2.41313631307437 -99 -99 -99 -99 -99 -99 -99
-99 -99 -99 1.10438136973232 -99 0.132662369956531 -99 -99 -99 -99 -99 -99 -99 -99 -99
-99 -99 -99 -99 -99 -99 -0.263814369624896 1.30883446032373 -99 0.452069908533931 -99 -99 1.93969600861301 -99 -99
-99 -99 -99 -99 -99 -99 -99 -99 -99 -99 -99 -99 -99 -99 -99
-99 -99 -99 -99 -99 -99 -99 -99 -99 -99 -99 -99 -99 -99 0.659671784801864
-99 -99 -99 0.36763168584629 -99 -99 -99 -99 -99 -99 2.73862531787675 -99 -99 -99 -99
-99 -99 -99 -99 -99 -99 -99 -99 -99 -99 -99 -99 -99 -99 -99
-99 -99 -99 -99 -99 -99 -99 -99 -99 -99 -99 -99 -99 -99 -99
-99 0.923618113983507 -99 -99 -99 -99 -99 -99 -1.71832889025255 -99 1.07571229192377 -99 -99 0.344858901374576 -99
-99 -99 2.47055299537447 3.15706243770431 -99 -99 -99 -99 -99 -99 -99 1.12331872743073 -99 -99 -0.175821407379984
-99 -99 -99 -99 -99 -99 1.55191161935066 -99 -99 -99 -99 -99 0.618048100418125 -99 -99
-99 -99 -99 -99 -99 -99 -99 -99 -99 -99 -99 -99 -99 -99 -99
-99 -99 -99 -99 -99 -99 -99 -99 -99 -99 -99 -99 -0.197271131291054 -99 -99
-99 0.596234043397978 -99 2.51683874470044 -99 -99 -99 -99 -99 -99 -99 -99 3.58638277643283 -99 -99
-99 -99 -99 -99 -99 -99 -99 -99 2.60611655129386 -99 -99 -99 -99 -99 -99
-99 -99 -99 -99 -99 -99 -99 -99 -99 -99 -99 -99 -99 -99 -99
-99 -99 1.0234652925076 -99 -99 -99 -99 -99 -99 -99 -99 -99 -99 -99 -99
-99 -99 -99 -99 -99 -99 -99 -99 -99 -99 -99 -99 -99 -99 -0.385464700645597
-99 -99 -99 -99 0.927607087029179 1.3620265155627 -0.604386811070435 -99 -99 -99 -99 -99 -99 -99 -99
-99 -99 -99 -99 -99 -99 -99 -99 -99 -99 -99 -99 -99 -99 -99
-99 -99 -99 -99 -99 -99 -99 -99 -99 0.634753294739411 -99 -99 -99 -99 -99
-99 -99 -99 1.64626766906634 -99 -99 -99 -99 -99 -99 1.72176577360473 -99 -99 0.938786250551428 -99
-99 -0.665437987264217 -99 -99 -99 -99 -0.00815158902341473 -99 -99 -99 -99 -99 -99 -99 -99
-99 0.909228173685198 0.96071662091742 -99 -99 -99 -99 -99 -99 -99 -99 -99 -99 -99 -99
-99 -99 -99 -99 -99 -99 -99 -99 -99 -99 -99 -99 -99 -99 -99
-99 -99 -99 -99 -99 -99 -99 -99 -99 -99 -99 -99 -99 -99 -99
-99 -99 -99 -99 3.06985768911693 -99 -99 -99 -99 -99 -99 -99 -99 -99 -99
-99 -99 -99 -99 -99 -99 -99 -99 -99 -99 -99 -99 -99 -99 -99
-99 -99 -99 -99 -99 -99 -99 -99 -99 -99 -99 3.80065998556401 -99 -99 -99
1.24086357749528 -99 -99 -99 -99 -99 -99 -99 -99 -99 -1.02537079311608 -99 0.535308686370295 -99 -99
-99 -99 -99 -99 -99 0.806080565653586 -99 -99 -99 -99 -99 -99 0.342326921395498 -99 -99
-99 -99 -99 -99 -99 -99 -99 -99 -99 -99 -99 0.389630637181026 -99 -99 -99
-99 -99 -99 -99 -99 1.03403311682985 -99 -99 -99 -99 -99 -99 -0.0607564385141375 -99 -99
-99 -99 -99 -99 -99 -99 -99 -99 -99 -99 -99 0.239152844348984 -99 -99 -99
-99 -99 -99 0.640519115812718 -99 -99 -99 -0.722959879779257 -99 -99 1.48081196574831 -99 -99 -99 -99
-99 -99 1.65900725294794 -99 -99 -99 -99 -99 -99 2.80143723497634 -99 -99 -99 -99 -99
-99 -99 -99 -99 -99 -99 -99 -99 -99 -99 -99 -99 -99 -99 -99
-99 -99 -99 -99 2.6668894113899 -99 -99 -99 -99 -99 -99 -99 -0.546989645330493 -99 -99
-99 -99 -99 -1.30838631484368 -99 -99 -99 -99 -99 -99 -99 -99 -99 -99 -99
-99 -99 -99 -99 -99 -99 -99 -99 2.63254735392892 -99 -99 -99 -99 -99 -99
-99 -99 -99 -99 -99 -99 -99 -99 -99 -99 -99 -99 -99 -99 -99
-99 -99 -99 -99 -99 -99 -99 -99 -99 -99 -99 -99 -99 -99 -99
-99 -99 -99 -99 2.71761775507851 -99 -99 -99 -99 -99 -99 -99 -99 -99 -99
-99 -99 -99 -99 -99 -99 -99 -99 -99 -99 -99 -99 -99 -99 -99
-99 -99 -99 -99 -99 -99 -0.452763291871233 -0.746321763172166 -99 -99 -99 -99 -99 -99 -99
-99 -99 -99 -0.348099781106139 -99 -99 -99 -99 -99 2.00699045826873 -99 -99 -99 -0.749512079051613 -99
-99 -99 -99 -99 -99 -99 -99 -99 -99 -99 -99 -99 -99 -99 -99
-99 -99 -99 -99 -99 -99 -99 -99 -99 2.83040779744631 -99 -99 -99 -99 -99
-99 3.91680723607886 -99 -99 -99 -99 -99 -99 -99 -99 -99 -99 -99 -99 -99
-99 -99 -99 -99 -99 -99 -99 -99 2.09872348034521 -99 -99 -99 -99 -99 -99
-99 -99 -99 -99 -1.49537119384997 -99 -99 -99 -99 -99 -99 -2.21783117525707 -99 -99 -99
-99 -99 -99 -99 -99 -99 -99 -99 0.408053680664722 -99 -99 -99 -99 -99 -99
-99 -99 1.69613913452651 1.66438563926017 -99 -99 -99 -99 -99 -99 -99 -99 -0.241556004834716 -99 -99
-99 -99 -99 -99 -99 0.919994600168243 -99 -99 -99 -99 -99 -99 -99 -99 -99
-99 -99 -99 1.53126832763976 -99 -99 -99 -99 -99 -99 -99 -99 -99 -99 -99
-99 -99 -99 -99 -99 -99 -99 -99 -99 -99 -99 -99 -99 0.25594003295442 -99
1.04096768480109 -99 1.7052972047446 -99 0.64554009181196 -99 -99 1.52697881625224 1.8053937562578 -99 -99 -99 -99 -99 -99
-99 -99 3.60644942117342 -99 -99 1.50889240096472 2.49120504857083 -99 -99 -99 -99 1.25736419910727 -99 1.45353698380545 -99
0.0626009681614665 -99 -99 -99 -99 -99 -99 -99 -99 -99 -99 -99 -99 -99 -99
0.010292271170565 -99 -99 -0.704826990777635 -99 -99 -99 -99 -99 -99 -99 -99 -99 -99 -99
-99 -99 -99 -99 -99 -99 -99 -99 -99 -99 -99 -99 -99 -99 -99
-99 -99 -99 -99 -99 -99 -99 -99 -99 -99 -99 -99 -99 -99 -99
-99 -99 -99 -99 -99 -99 -99 -99 -1.47730083000754 -99 -99 -99 -99 -99 -99
-99 -99 -99 3.16001979872169 -99 3.57483973713619 -99 -99 -99 -99 -99 -99 -99 -99 -99
-99 -99 -99 -99 -99 -99 2.66591537576091 -99 -99 2.70019196891087 -99 2.43574244688595 -99 -99 -99
-99 0.254560710800014 -99 -99 -99 -99 -99 -99 0.79849855549727 -99 -99 -99 -99 -99 -99
-99 -99 -99 -99 -99 -99 -99 -99 -99 -99 -99 -99 -99 2.50866781213359 -99
-99 -99 2.76084884114227 -99 -99 -99 -99 1.4238070912954 -99 -99 -99 -99 -99 -99 -99
1.83448153352604 3.97821533089855 -99 -99 -99 -99 -99 -99 1.66471450288647 -99 -99 -99 -99 -99 -99
-99 -99 1.05642211463067 -99 -99 -99 -99 -99 -99 -99 -99 -99 -99 -0.419709947800488 2.83500881375673
2.40876599615485 -99 -99 -99 -99 -99 -99 -99 1.55705910767243 -99 1.4372889874201 -99 -99 -99 -99
-99 -99 -99 -99 -99 -99 -99 -99 -99 -99 -99 -99 -99 -99 -99
-99 -99 -99 -99 -99 -99 -99 -99 1.87452081536199 -99 -99 -99 -99 -99 -99
-99 -99 -99 -99 1.46549253514853 -99 3.27422949911539 -99 -99 -99 0.2017865586688 -99 -99 -99 -99
-99 -99 -99 -99 -99 2.21957376351165 -99 -99 -99 -99 0.348771826430113 -99 -99 1.14105447623783 -99
-99 -99 -99 -99 -99 -99 -99 -99 -99 -99 -99 -99 -99 -99 0.680278609601676
-99 0.410817304210064 -99 -99 1.19615154007433 -99 -99 -99 -99 -99 -99 -99 -99 -1.40349782855149 -99
-99 -99 -99 -99 -99 -99 -99 -0.52191245494299 -99 -99 -99 -99 -99 -99 -99
-99 -99 -99 1.28592332606489 -99 -99 -99 -99 -99 0.949793569946386 -99 -99 -99 -0.656540245184414 -99
-99 -99 -99 -99 -99 -99 -99 -99 -99 -99 -99 -99 -99 0.634865317581031 -99
-99 -99 -99 -99 -99 -99 -99 -1.15528725098011 -99 -99 -99 -99 -99 -99 -99
-99 -99 -99 -99 -99 -99 -99 -99 -99 -99 -99 -99 -99 0.865266136179944 -99
-99 -99 -99 -99 -99 0.363477112311556 -99 -99 -99 -99 -99 -99 -99 1.32354066327514 -99
-99 -99 -99 -99 1.49693314407859 -99 -99 1.17509707245916 -99 -99 -99 -99 -99 -99 -99
-99 -99 -99 0.916473234130062 -99 -99 -99 -99 -99 1.14195745000623 -99 2.48920981177751 0.418212486281598 -99 -99
-99 -99 -99 -99 -99 -99 3.70225609891157 -99 1.60912743564352 -99 -99 -99 -99 -99 -99
0.668307470986954 -99 -99 -99 -99 2.37138927473766 -99 -99 -99 -99 -99 -99 1.81973930573998 -99 -99
-99 -99 -99 -99 1.07961340820399 -99 -99 -99 -99 -99 1.46386366811337 -99 -99 1.00113890159124 -99
-99 -99 -99 -99 -99 -99 -99 -99 1.1113226571601 -99 -99 -99 -99 -99 -99
-99 -99 -99 2.16013822814787 -99 -99 -99 -99 -99 -99 -99 -99 -99 -99 -99
-99 -99 -99 -99 2.6211618026508 -99 -99 -99 -99 -99 -99 -99 -99 -99 -99
-99 -99 -99 -99 -99 -99 -99 -99 -99 -99 -99 -99 -99 -99 -99
-99 -99 -99 -99 -99 -99 -99 -99 -99 -1.51034266267192 -99 -99 -99 -99 -2.70134591779686
-99 -99 -99 -99 -99 -99 -99 -99 -99 -0.282022354269317 -99 -99 -99 -99 -1.03350523752459
-99 -99 -99 -99 -99 -99 -99 -99 -99 -99 -99 -99 -99 -99 -99
-99 0.481900794693546 -99 -99 -99 -99 -99 -99 -99 -99 1.56714862452516 -0.220945919597215 -99 -99 -99
-99 -99 -99 -99 2.1354434336334 -99 -99 -99 1.0531643272128 -99 -99 2.74517819830283 -99 -99 -99
-99 -99 -99 -99 -99 -99 -99 -99 -99 -99 -99 -99 -99 -99 -99
2.95851510189751 -99 -99 -99 -99 1.71171124224894 -99 -99 1.185496315432 -99 -99 -99 -99 -99 -99
-99 -99 -99 -99 -99 -99 -0.410286190367171 -99 -99 -99 -99 -99 -99 -99 -99
-99 -99 -99 0.930894595852462 -99 -99 -99 -99 -99 -99 -99 0.655721983076488 0.346573760614394 -99 -99
-99 -99 -99 -99 -99 -99 -99 2.94209121784462 -99 -99 -99 -99 2.60544644496632 -99 -99
-99 -99 -99 -99 1.34035336662991 -99 -99 -99 -99 -99 -99 -99 0.170514628407038 -99 -99
3.097259958094 -99 -99 -99 -99 -99 -99 -99 -99 -99 -99 -99 -99 -99 -99
-99 2.94407066129079 -99 -99 -99 -99 -99 -99 -99 -99 -99 -99 0.822486703803166 -0.341920900303452 -0.808667269100747
-99 -99 -99 -99 -99 -99 -99 -99 -99 -99 -99 -99 0.241190816201112 -99 -99
-99 -99 -99 -99 -99 -99 -99 -99 -99 1.44763341080496 -99 -99 -99 -99 -99
2.42158329698409 -99 -99 -99 2.45725122244302 -99 -99 -99 -99 -99 -99 -99 -99 -99 -99
-99 -99 -99 -99 -99 -1.45288809563705 0.550041201772376 -99 -99 -99 -99 -99 -99 -99 -99
-99 -99 -99 -99 -99 -99 -99 2.26398971293874 -99 -99 -99 -99 -99 -99 -99
1.53966845556355 -99 -99 -99 -99 -99 -99 -99 -99 -99 -99 -99 -99 -99 -99
-99 -99 -99 -0.198738567697021 -99 1.76972833826726 -99 -99 -99 -99 -99 -99 -99 -99 -99
-99 -99 -99 -99 -99 -99 -99 1.99287563232014 -99 -99 -99 -99 1.94911034886505 -99 -99
-99 -99 -99 -99 -99 -99 -99 -99 -99 -99 -99 -99 2.13108816370983 -99 -99
3.62689154461869 -99 -99 -99 -99 -99 -99 -99 -99 -99 -99 2.63958936295045 -99 -99 -99
-99 3.4632372379606 -99 -99 -99 -99 -99 -99 -99 -99 -99 -99 -99 -99 -99
-99 -99 -99 -99 -99 -99 -99 -99 -99 -99 -99 -99 -99 -99 -99
-99 -99 -99 4.08515788135949 -99 -99 -99 -99 -99 -99 -99 -99 -99 -99 -99
-99 -0.6136295189271 -99 -99 -99 -0.268653523478406 -99 -99 -99 -99 -99 -99 -99 0.705147719535399 -99
-99 -99 -99 -99 -99 -99 -99 -99 -99 -99 -99 -99 2.46212864692689 -99 -99
-99 -99 -99 -99 -99 -99 -99 -99 -99 0.183992716921243 -99 -99 -99 -99 -99
-99 -99 -99 -99 -99 -99 -99 -99 -99 -99 0.138768733272771 -99 -99 -99 0.376209124633165
-99 -0.721581406761621 -99 -0.688742381339048 -99 -99 -99 -99 -99 -99 -99 -99 -0.620626421310244 -99 -99
-99 1.06065667954082 -99 -99 -99 -99 -99 -99 1.7672748660137 0.500828431378399 -99 -0.0457244152805119 -99 -99 -99
2.97229639406342 -99 3.05693086209318 1.62793452514346 -99 2.35464767511609 -99 -99 -99 -99 -99 -99 -99 1.22447730510564 -99
-99 -99 -99 1.89491535251168 -99 0.395499140385854 -99 -99 -99 -99 -99 -99 -99 -99 -99
-99 -99 -99 -99 -99 -99 -99 -99 -99 -99 -99 -99 -99 -99 -99
-99 -99 -99 -99 -99 -99 -99 -0.113072557884081 0.513265417631292 -99 -99 -99 -99 -99 1.29902531130962
-1.18041443994591 -99 -99 0.651247345363721 -99 -99 -99 0.524262931031137 -99 -99 -99 -99 -99 -99 -99
-99 -99 -99 0.525571603367025 -99 -99 -99 -99 0.892344200319689 -99 -99 -99 -99 -99 -99
-99 -99 -99 -99 -99 -99 -99 -99 -99 -99 -99 1.94421778590943 -99 -99 -99
0.792393331847011 -99 -99 -99 -99 -99 -99 -99 -99 -99 -99 -99 -99 -99 -99
-99 -99 -99 1.97477563253729 -99 -99 -99 -99 -99 -99 -99 -99 -99 -99 -99
-99 -99 -99 -0.101497472724712 -99 -0.327674387987627 -99 -99 -99 -99 -99 -99 -99 -99 -99
-99 -99 -99 -99 -99 -99 -99 -99 -99 -99 -99 -99 -99 -99 -99
-99 -99 -99 -99 -99 -99 -99 -99 -99 -99 -99 -99 -99 -99 -99
-99 -99 -99 -99 -99 -0.364090303968221 -99 1.26958810989327 -99 -99 -99 -99 -99 -99 -99
-99 -99 -99 -99 -99 -99 -99 0.31000603862315 -99 -99 -99 -99 -99 -99 3.85897616731022
-99 -99 -99 -99 -99 -99 -99 -99 -99 -0.140074063924122 0.40259538267816 -99 -99 -99 -99
-99 -99 -99 1.05186849419068 -99 -99 -99 -99 -99 -99 -99 -99 -99 -99 -99
-99 -99 -99 -99 -99 -99 -99 -99 -99 -99 -99 -99 -99 -99 -99
-99 -99 -99 -99 -99 -99 3.40432330511948 -99 -99 -99 -99 -99 1.91444691640989 1.06074736113111 -99
-99 -99 -99 1.21249272838865 -99 -99 0.46865562240895 -99 -99 -99 -99 -99 -99 -99 -99
-0.566313132357909 -99 -99 -99 -99 -99 -99 -99 -99 -99 -99 -99 -99 -99 -99
-99 -99 -99 2.02295196139404 -99 1.98487252597045 -99 -99 -99 -99 -99 1.13943805159062 -99 -99 1.48683234159608
-99 -99 -99 -99 -99 -99 0.364890478097115 -99 0.354825278628711 -99 -99 -0.368595523528001 0.0887248468892645 -1.20276854814603 -99
-99 -99 -99 -99 -99 -99 -99 -99 -99 1.75432936501599 0.983014061150153 -99 -99 -99 1.93900400763983
-99 -99 -99 -99 2.5524395085373 -99 -99 -99 -99 -99 -99 -99 -99 -99 -99
-99 -99 2.59102667701257 2.61877135329703 -99 -99 -99 -99 -99 -99 -99 -99 -99 -99 -99
-99 -99 -99 -99 -99 -99 -99 -99 -99 -99 -99 -99 -99 -99 -99
-99 -99 1.82833915451672 -99 -99 -99 0.114571481005365 1.40841046570166 -99 -99 -99 -99 -99 -99 1.3197804368002
-99 -99 -99 -99 -99 -99 -99 -99 -99 -99 -99 -99 -99 -99 0.113239635516416
-99 -99 -99 -99 -99 -99 -99 -99 -99 -99 -99 -99 -99 -99 -99
-99 -99 -99 -99 -99 -99 -99 -99 -99 -99 1.92732739715859 -99 -99 -99 -99
-99 -0.0673023823061107 -99 -99 -99 -99 -99 -99 -99 -99 -99 -99 -99 -99 -99
-99 -99 -99 -99 -99 -99 -99 -99 -99 -99 -99 -99 -99 -99 -1.44400293153042
-99 -99 -99 -99 -99 -99 -99 -99 -99 1.67048314429767 -99 -99 -99 -99 -99
-99 -99 3.32384064896813 -99 -99 -99 -99 -99 -99 -99 -99 -99 -99 -99 -99
-99 -99 -99 -99 -99 -99 -99 -99 -99 -99 -99 -99 -99 -0.539608392504208 0.116244403936079
-99 0.850190967353366 -1.40697456548966 0.366646993986699 -99 -99 -99 -99 -99 -99 -99 -99 2.72560905810786 -1.13467931250753 -99
-99 -99 -99 -99 -99 -99 -99 -99 -99 -99 -99 -99 -99 -99 -99
-99 -99 1.31621777501967 -99 -99 -99 -99 -99 -99 -99 -0.360129316739578 -99 -99 -99 -99
-99 -99 -99 -99 -99 -99 -99 -99 -99 -99 -99 -99 -99 1.12729083886147 -99
-99 -99 -99 -99 -99 -99 -99 -99 -99 -99 -99 -99 -99 -99 -99
-99 -99 -99 0.270604165050594 -99 -99 -99 -99 -99 -99 -99 -99 -99 -99 -99
-99 -99 -99 -99 -99 -99 -99 -99 0.962649715319727 5.13885876139045 -99 -99 3.63987920815049 -99 -99
-99 -99 -99 -99 -99 -99 -99 -99 -99 -99 -99 -99 -99 -99 -99
-99 -99 1.50137671424013 -99 -99 -99 -99 -99 -99 -99 1.86115589255559 -99 -99 -99 -99
-99 -99 -99 -99 -99 1.6081231351819 -99 1.02267980754537 -99 -99 -99 -99 -99 -99 1.33041057126091
-99 -99 -99 -99 2.85540969112457 -99 -99 -99 -99 -99 -99 -99 -99 -99 -99
-99 -99 -99 -99 1.65146605636889 -99 -99 -99 -99 0.929090418117306 -99 3.24601662325954 -99 -99 -99
-99 -99 -99 -99 -99 -99 -99 1.27918436707973 0.0121800104238807 -99 -99 -99 -99 -99 -99
-99 -99 1.21333230733806 -99 -99 -99 -99 1.20454357825177 -99 -99 2.49844767303679 -99 -99 2.7343260797162 -99
-99 -99 -99 -99 -99 -99 -99 -99 -99 -99 -99 -99 -99 -99 -99
-99 -99 -99 -99 -99 -99 -99 -99 -99 -99 -99 -99 -99 -99 -99
-99 -99 -99 -99 -99 -99 2.99301597876866 -99 -99 -99 -99 -99 2.50198826643277 -99 1.81863365740672
-99 -99 -99 -99 -99 -99 -99 -99 -99 -99 -99 -99 -99 -99 -99
-99 0.109480101884931 -2.35638708996371 -99 -99 -99 -99 -99 -99 -99 -99 -99 -99 -99 -99
-99 -99 -1.04373095149726 -99 -99 -99 0.953086613478455 -99 -99 -99 -99 -99 -99 -99 -99
-99 -99 0.744420766406771 -99 -99 -99 -99 -99 -99 -99 -1.17194375672808 -99 -99 -99 -99
-99 -99 -99 -99 -99 -99 -99 -99 -99 -99 -99 -99 2.2077352955962 -99 -99
-99 -99 -99 -99 -99 -99 -99 -99 -99 1.33821229380273 -99 -99 -99 -99 0.518969545858509
-99 -99 -99 -99 -99 -99 -99 -99 -99 -99 -99 -0.947561852878478 -99 -99 -1.23085972156414
-99 -99 -99 -99 -99 -99 -99 -99 -99 -99 -99 0.184448314723213 -99 -99 -99
-99 -99 -99 -99 -99 -99 -99 -99 -99 -99 -99 -99 -99 -0.546462921310035 -99
-99 -99 -99 -1.08386977359791 -99 -99 -99 -99 -99 -99 1.65963736292426 -99 -99 -99 -99
-99 -99 -99 -99 -99 -99 -99 -99 -99 -99 -99 4.01264982420813 -99 -99 -99
-99 -99 -99 2.71581236715567 -99 -99 -99 -99 -99 -99 -99 -99 -99 -99 -99
-99 -99 -99 -99 1.54087898657518 -99 -99 -99 0.0228165979777263 -99 -99 -99 -99 1.80963463912895 -99
-99 3.66577593352903 -99 -99 3.18755016564168 3.08703771361506 -99 -99 -99 -99 -99 -99 -99 1.27541888936561 -99
-99 -99 -99 2.22929679642879 -99 -99 0.861525522235287 -99 -99 -99 -99 1.91614903517075 -99 -99 -99
-99 -99 -99 -99 -99 -99 -99 -99 -99 -99 -99 -99 -99 -99 -99
-99 -99 -99 -99 -99 -99 -99 -99 -99 -99 -99 -1.80480189855742 -99 -99 -99
-99 -99 -99 -99 -99 1.28871195211298 -99 -99 -99 -99 -99 -99 -1.34233429278887 -99 -99
-0.436293122590776 -99 -99 -99 -99 -99 -99 1.11767446005166 -99 -99 -99 -99 -0.419777441089733 -99 -0.636546862294478
-99 -99 -99 -99 1.33210097992054 -99 -99 -99 -99 -99 -99 2.00926641065139 -99 -99 -99
-99 -99 -99 0.0227224529701024 -99 -99 -99 0.133911526432257 -99 0.547301712540221 -99 -99 -99 -99 -99
-99 -99 -99 -99 -99 -99 -99 -99 -99 -99 -99 -99 -99 -99 -99
-99 -99 -99 -99 -99 -99 -99 -99 -99 -99 -99 -99 -99 -99 -99
-99 -99 -99 -99 -99 -99 -99 -99 -99 -99 -99 -99 -99 -99 -99
-99 0.436236057605341 -99 -99 -99 -99 -99 -99 -99 -99 -99 -99 -99 2.41169142302945 -99
0.914900747513554 -99 -99 -99 -99 -99 -99 0.163271504019758 -99 0.718209559009228 -99 -99 -99 -99 -99
-99 -99 -99 -99 -99 -99 -99 -99 -99 -99 -99 -99 -99 -99 -99
-99 -99 1.66641874286108 -99 -99 -99 -99 -99 -99 0.999090068550368 -99 -99 -99 -99 -99
-99 3.14194541128907 -99 4.64767001937661 -99 -99 -99 -99 -99 -99 -99 -99 -99 -99 -99
-99 -99 -99 -99 -99 -99 -99 0.845624517070055 -99 -99 -99 -99 0.317536534014462 -99 -99
-99 1.9484869284871 -99 -99 -99 -99 -99 -99 -99 -99 -99 -99 -99 -99 -99
-99 -99 -99 -99 -99 -99 -99 -99 -99 -99 -99 1.11997981000801 -99 -99 -99
-99 -99 -99 -99 -99 -99 -99 -99 -99 -99 -99 -99 1.74709642478048 -99 -99
-99 -0.225576211607016 -99 -99 -99 -99 -99 -99 -99 -99 -99 -99 -99 -99 -99
-99 -99 -99 1.55083933284937 -99 -99 2.88760158381471 -99 -99 -99 -99 -99 -99 -99 -99
-99 -99 -99 -99 -99 -99 -99 -99 -99 -99 -99 -99 -99 4.86845059790475 -99
-99 -99 -99 1.44671239043133 -99 -99 -99 1.1999971226715 -99 -99 0.240052114301306 -99 -99 -99 -99
-99 -0.803730978918756 -99 -99 -99 -99 -99 -0.712644581030072 0.287697650836253 -99 -1.20409214875338 -99 -99 -99 -99
-99 -99 -99 -99 3.07747848438818 -99 -99 -99 -99 -99 -99 -99 -99 -99 2.87567481602473
-99 -99 -99 -99 3.77144926304755 -99 -99 -99 -99 -99 -99 -99 -99 -99 -99
3.3422315333887 -99 -99 -99 -99 -99 0.412287649745115 -99 1.02259245117547 -99 -99 -99 -99 -99 -99
-99 -99 -99 -99 -99 -99 -99 -1.19167362164579 -99 -99 -99 -99 -99 -99 -99
0.808957891291987 -99 -99 -99 -99 -99 -99 -99 -99 -99 -99 -99 -99 1.09443262902637 -99
-99 -99 -99 -99 -99 -99 -99 -99 -99 -99 0.965950282041508 -99 0.972220935860731 -99 -99
-99 -99 -99 -99 -99 -99 -99 -1.01033225627438 -99 -99 -99 -99 -99 -99 -99
-99 -99 -99 -99 -99 -99 -99 -99 -99 -99 -99 -99 -99 -99 -99
-99 -99 -99 -99 -99 -99 -99 -99 -99 -99 -99 -0.0255359639034938 -99 -99 -99
-99 -99 -99 -99 -99 -99 -99 -99 -99 -99 -99 -99 -1.8332237820212 -99 -3.04001389075309
-0.559564878455911 -99 -99 -99 1.77589854928483 1.33922091493915 -99 -99 -99 -99 2.3050794679329 -99 -99 2.88342181022894 -99
-99 -99 -99 -99 -99 -99 0.71690798468812 -99 -99 -99 -99 0.228080308488538 0.634031794141744 -99 -99
-99 -99 -99 -99 1.64003171324366 -99 1.56035653034118 -99 -99 -99 -99 -99 -99 -99 -99
-99 -99 0.614138378842168 -99 -99 2.29630458578284 -99 -99 -99 -99 -99 -99 -99 -99 -99
-99 -99 -99 1.66685119601763 -99 -99 -99 -99 -99 -99 -99 -99 -99 -99 -99
-99 -99 -99 1.08864190326185 -99 -99 -99 -99 -99 -99 -99 -99 -99 0.692425097443229 -0.467925025713059
-99 -99 -99 3.0271129568912 -99 -99 -99 -99 -99 -99 -99 -99 -99 -99 -99
-99 -99 -99 -99 -99 -99 -99 -99 2.20511699129242 -99 -99 -99 -99 -99 -99
-99 -99 -99 -99 -99 -99 -99 -99 -99 -99 -99 -99 -99 -99 -99
-99 -99 -99 -99 -99 -99 -99 -99 -99 -99 -99 -99 -99 -99 -99
-99 -99 -99 -99 -99 -99 -99 -99 -99 -99 -99 -99 -99 -99 -99
-99 -99 -99 -99 -99 -99 -99 -1.38562903870675 -99 -99 -2.43135379860356 -99 -99 -99 -99
-99 -99 -99 -99 -99 -99 -99 -99 -99 0.630609841556336 -99 -99 -99 -99 -99
-99 -99 -99 -99 -99 -99 -99 -0.424594545365466 -99 0.415782729547324 -99 -99 -99 0.638354796296922 -99
-99 -99 -99 -99 -99 -99 -99 -99 -99 -99 -99 -99 1.79823301678984 -99 -99
-99 -99 -99 -99 -99 -99 2.16497666588261 -99 -99 -99 -99 -99 -99 -99 -99
-99 -99 -99 -99 -99 -99 -99 -99 -99 -99 -99 -99 -99 -99 1.13451643704806
-99 -99 -99 -99 -99 -99 -99 0.932737998018381 -99 -99 -99 -99 -99 -99 -99
-99 -99 -99 -99 -99 -99 -99 -99 -99 -99 -99 -99 -99 -99 -99
-99 -99 1.04780307855993 -99 -99 -99 -99 -99 0.305369851893286 -99 -99 -99 -99 -99 1.17845892285847
-99 -99 -99 1.33435744110562 -99 -99 -99 0.823593795036617 -99 -99 -99 -99 -99 -99 -1.01348108241735
-99 -99 -99 -99 -99 -99 -99 -99 -99 -99 -99 -99 -99 -99 -99
-99 -99 -99 -99 -99 -99 -99 -99 -99 -99 -99 -99 -99 -99 -99
-99 -99 -99 1.76792032087076 -99 -99 -99 2.31561348500654 -99 -99 -99 -99 0.598702991773743 -99 -99
-99 -99 -99 -99 -99 -99 -99 -99 -99 -99 -99 -99 -99 -99 -99
-99 -99 -99 -99 -99 2.00677458580985 -99 -99 -99 -99 -99 1.23112140478473 -99 -99 -99
-99 -99 -99 -99 -99 -99 -99 -99 -99 -99 -99 -99 -99 -99 -99
-99 -99 -99 -99 -99 -99 -99 -99 -99 -99 -99 -99 -99 -99 -99
-99 -99 -99 -99 -99 -99 -99 -99 -99 -99 -99 -99 -99 -99 -99
-99 -99 -99 -99 -99 -99 0.819845972540227 -99 -99 -99 -99 -99 -99 -99 -99
-99 -99 -99 -99 -99 -99 -99 -99 -99 -99 -99 0.798253868990591 2.1977539824677 -99 -99
-99 -99 -99 -99 -99 -99 -99 -99 -99 3.08208637750062 -99 -99 -99 -99 -99
-99 -99 0.910001563078644 -99 -99 -99 -99 -99 -99 -99 -99 -99 -99 -99 -99
-99 -99 -99 -99 -99 -99 -99 -99 -99 -99 -99 -99 -99 -99 -99
-99 -99 -99 -99 -99 -99 -99 -99 0.944167054823048 -99 -99 -99 -99 -99 -99
-99 -99 -99 -99 -99 -99 0.958733262563794 -99 -99 -99 -99 -99 -99 -99 -99
-99 -99 -99 -99 0.820207762495759 -99 2.9904891855371 -99 -99 -99 -99 -99 -99 -99 -99
-99 -99 -99 -1.93669134454938 -99 -99 -99 -99 -99 -99 -99 -99 -99 -99 -99
-99 -99 0.889598143044117 -99 -99 -99 2.63379569480864 0.555744665881674 -0.295317982244216 1.62236323374045 -99 -99 -99 -99 -99
-99 -99 -99 -0.809186822749068 -99 0.0274450637843588 -99 -99 -99 -99 -99 -99 -99 -99 -99
-99 -99 -99 -99 -99 -99 -99 -99 -99 -99 -99 -99 -99 -99 -99
-99 -99 -99 -99 2.94072269811281 -99 -99 -99 1.65096132200099 -99 -99 -99 -99 -99 -99
-99 -99 -99 -99 -99 -99 -99 -99 -99 -99 -99 -99 -99 -99 -99
-99 -99 1.92352395069618 -99 -99 -99 -99 -99 -99 -99 -99 -99 1.69532438503845 -99 -99
0.677353430504289 -99 -99 -99 -99 -99 -99 -99 -99 -99 1.48003254968361 -99 -99 -99 1.28152545947205
-99 -99 -99 -99 -99 -99 -99 -99 -99 -99 -99 -99 -99 2.05598493354936 -99
-99 -99 -99 -99 -99 -99 -99 1.09184559010738 -99 -99 -99 -99 -99 -99 -99
-99 -99 -99 -99 -99 -99 -0.0914141043490084 -99 -99 -99 -99 -99 -99 -99 -99
-99 -99 -99 -99 -99 -99 -99 -99 -99 -99 -99 -99 -99 -99 -99
-99 -99 -99 -99 -99 -99 -99 0.532165544534129 -99 -99 -99 1.5224127637935 -99 -99 -99
-99 -99 -99 -99 -99 -99 0.824050542981175 -99 -99 -99 1.10542363516297 -99 -99 -0.74106770386408 -99
-99 -99 2.29223327153161 -99 -99 1.57198699311763 -99 -99 -99 -99 -99 -99 -99 -99 -99
-99 -99 -99 -99 -99 -99 -99 -99 -99 -99 -99 -99 -99 -99 -99
-99 -99 -99 -99 -99 -1.26578023342517 -99 -99 -99 -99 -99 -99 -99 -99 1.14776635994139
-99 2.44183315560103 -99 -99 -99 -99 -99 -99 1.03811999690312 -99 -99 -99 -99 -99 -99
-99 -99 -99 -99 -99 -99 -99 -99 -99 -99 -99 -99 -99 -99 -99
-99 -99 -99 -99 -99 -99 -99 -99 -99 -99 -99 -99 -99 -99 -99
-99 -99 -99 -99 -99 -99 -99 -99 -99 -99 -99 -99 -99 -99 -99
2.84900410854779 -99 -99 -99 -99 0.826509598038113 -99 -99 -99 -99 -99 -99 -99 -99 -99
-99 -99 -0.945439741363432 -99 -99 0.382622491135452 -99 -99 -99 -99 -99 -99 -99 -0.765171151037822 -99
-99 -99 -99 1.55588887264517 2.83589918158214 -99 -99 -99 -99 1.05634407015567 3.03670049146335 1.82578243121554 -99 -99 -99
-99 -99 -99 -99 -99 -99 -99 -99 -2.95891261416549 -2.59789635395242 -99 -99 -2.57672337141428 -99 -99
-99 -99 -99 -99 1.27706395063067 -99 -99 -99 -99 -99 -99 -99 -99 -0.479408541843142 -99
-99 -99 -99 -99 -99 -99 -99 0.795986843125268 -99 4.39961029625721 -99 2.17130730535323 -99 -99 -99
2.06270349741246 -99 -99 -0.276630943135971 -99 -99 -99 -99 -99 -99 -99 -99 -99 -99 -99
-99 -99 -99 -99 -99 -99 -99 -99 -99 -99 -99 -99 -99 -99 -99
-99 -99 -99 -99 -99 2.31388285511399 -99 0.446467007797694 -99 -99 -99 -99 -99 -99 -99
-99 -99 -99 -99 -99 -99 -99 -99 1.92697231588447 -99 -99 1.4024854414124 -99 -99 -99
-99 -99 -99 2.24670100997674 -99 -99 -99 -99 -99 -99 -99 -99 -99 -99 1.00323373168907
-99 -99 -99 -99 -99 -99 -99 -99 -99 -99 -99 -0.288277811037936 -99 -99 -1.90412576346453
-0.564220615703267 -99 -99 -99 -99 -99 -99 -99 -0.63438595759736 -99 0.546988681355526 -99 -99 -99 -99
-99 -99 -99 -99 -99 -99 -99 1.45932393609403 -99 1.00359411116446 0.478181698488089 -99 -99 -99 -99
-99 -99 -99 -99 -99 -99 -99 -99 -99 -99 -99 -99 -99 -99 -99
-99 -99 -99 -99 -99 -99 -99 -99 2.36468143076321 -99 -99 -99 -99 -99 -99
-99 -99 -99 -99 -99 -99 -99 -99 -99 0.948655984613491 -99 -99 -99 -99 -99
2.51178536658472 -99 -99 -99 -99 4.64523010535678 -99 -99 -99 -99 1.95660823288861 -99 -99 -99 -99
-99 -99 0.994724752941822 4.27109126844017 -99 -99 -99 -99 -99 -99 -99 -99 -99 -99 -99
-99 -99 2.60573405095948 5.17835158993222 -99 -99 -99 -99 -99 -99 -99 -99 -99 -99 0.821471582206453
-99 0.34176775130823 -99 -0.921091349375651 -99 -99 -99 -99 -99 -99 -99 -99 -99 -99 -99
-99 -99 -99 -99 -99 -99 -99 -99 -99 -99 -99 -99 -99 -99 -99
-99 -99 -99 -99 -99 -99 -99 -99 -99 -99 0.448680738605936 -99 -99 -99 -99
-99 1.78552011176264 -99 -99 -99 -99 -99 -99 -99 -99 -99 -99 -99 -99 -99
-99 -99 -99 1.16626894413588 -99 -99 -99 2.22606163565381 -99 -99 -99 -99 -99 -99 0.731397384774245
-99 -99 -99 -99 -99 -99 -99 -99 -99 -99 -99 -99 -99 -0.881604730153027 -99
-99 -99 -99 -99 -99 -99 -99 -99 -99 -99 -99 -0.333167976866027 -99 -99 -99
-99 -99 -0.218230393074544 -99 -99 -99 -99 -99 -99 -99 -99 -99 -99 -99 -99
-99 -99 -99 -99 -99 -99 -99 -99 -99 -99 -99 -99 -99 -0.299845584628731 -99
-99 -99 -99 -99 0.193268166681395 -99 -99 -99 -99 -99 -99 -99 -99 -99 -99
-99 -99 -99 -99 -99 -99 -99 -99 -99 -99 -99 -99 -99 -99 -99
1.36501153615879 -99 -99 -99 -99 1.91357691255099 -99 0.413758851659503 -99 -99 -99 -99 -99 -99 -99
-99 -99 -99 -99 -99 -99 -99 -99 -99 -99 -99 -99 -99 -99 -99
-99 -99 0.360610499080331 -99 -99 -99 -99 -99 -99 -99 -99 -99 -99 -99 -0.562386845864796
-99 -99 -99 -99 -99 -99 -99 -99 -99 -99 -99 -99 -99 -99 1.95897884392475
-99 -99 -99 -99 -0.390801935053823 -99 -99 -99 -99 -99 -99 0.248968785316462 -99 -99 -99
-99 -99 -99 -99 -99 -99 -99 -99 -99 -99 -99 1.06355891318056 -99 -99 -99
-99 -99 -99 -99 -99 2.69827331958144 -99 -99 1.71239758021306 -99 -99 -99 -99 -99 -99
-99 -99 -99 -99 -99 -99 -99 -99 -99 -99 -99 -99 -99 -99 -99
-99 -99 -99 -99 -99 -99 -99 -99 -99 -99 -99 -99 -99 -99 -99
-99 -99 -99 -99 -99 -99 -99 1.99314895261711 -99 -99 -99 -99 -99 -99 -99
-99 -99 -99 -99 -99 2.99191186839622 -99 -99 -99 -99 -99 -99 2.40679911677891 -99 -99
-99 -0.141755547933869 -99 -99 -99 -99 -99 -99 -99 -99 -99 -99 -99 -99 -99
-99 -99 -99 -99 -99 -99 -99 -99 -99 -99 -99 -99 -99 -99 -99
-99 -99 -99 -99 -99 -99 -99 -99 -99 -99 -99 -99 1.03385851395154 -99 -99
-99 -99 -99 0.844496762720159 -99 -99 -99 -99 -99 1.04315010558249 -99 -99 -99 -99 -99
-99 -99 -99 -99 1.90722229879345 5.28255314586355 -99 -99 -99 -99 2.47721913762599 -99 -99 -99 -99
-99 -99 2.3902626898752 -99 -99 1.35292920984072 -99 -99 -99 -99 3.54710717002559 -99 -99 2.0143912975817 -99
-99 1.021670779018 -99 -99 1.67683099417439 -99 0.790847619641886 -99 -99 -99 -99 -99 -99 -99 -99
-99 -99 -99 -99 -99 -99 -99 -99 -99 -99 -99 -99 -99 -99 -99
-99 -99 -99 -99 -99 -99 -99 -99 -99 -99 -99 -99 -99 -99 -99
-99 -99 -99 -99 -99 -99 -99 -99 3.07851658584872 -99 -99 2.75003399668127 -99 -99 -99
-99 -99 -99 -99 -99 -99 -99 4.04929803354876 -99 -99 -99 3.57222523586673 -99 -99 -99
-99 -2.85289107087294 -99 -99 -1.29185646227628 -99 0.192992256635284 -99 -99 -99 -99 -99 -99 -99 -99
-99 -99 -99 -99 -99 -99 -99 -99 -99 -99 -99 -99 -99 -99 -99
-99 -99 -99 -99 -99 -99 -99 -99 -99 -99 -99 -99 -99 -99 4.20445386492009
-99 -99 -99 -99 -99 3.47534444973519 -99 -99 -99 -99 -99 1.6421461653565 -99 -99 -99
-0.356832224580559 -99 -99 -99 -99 -99 -99 -99 -99 2.61348918858943 -99 -99 1.7615305648056 -99 -99
-99 -99 -99 -99 -99 -99 -99 -99 -99 -99 -99 -99 -99 -99 -99
-99 -0.0968863236596773 -99 -99 -99 -99 -99 -99 -99 -99 -99 -99 -99 -99 -99
-99 -99 -99 -99 -99 -99 -99 0.865068288857127 -99 -99 -99 -99 -0.121860696317592 1.56925624927492 -1.275142934684
-99 -99 -99 -99 -99 -99 -99 -99 -99 -99 -99 -99 -99 -99 -99
0.627214910674353 -0.282275943489366 -99 -0.0340024112079114 -99 -99 -0.320995543028846 -99 -99 0.449380673870062 -99 -99 -99 -99 -99
-99 -99 -0.895715981576303 -99 -99 -99 -99 -99 -99 -99 0.121673539635347 -99 -99 -99 -99
-99 -99 -99 -99 -99 -99 -99 -99 -99 -99 0.320789353052074 -99 -99 -99 -99
-99 -99 -99 -99 -99 -99 -99 -99 -99 1.21927083857399 -99 -99 -99 -99 -99
-99 -99 -99 -99 -99 -99 -99 -99 -99 -99 -99 -99 -99 -99 -99
-99 -99 -99 0.820107174505212 0.00201862851251722 -99 -99 -99 -99 -99 -99 -99 -99 -99 -99
-99 0.427538325878184 -99 -99 -99 -99 -99 -99 -99 -99 -99 -99 -99 -99 -99
-99 -99 -99 -99 -99 -0.202934382320002 -99 -99 -99 -99 -99 -0.256601412213839 -99 -99 -99
-99 -99 -99 0.484682726335618 -99 -99 0.14320961406601 -99 -99 -99 -99 -99 -1.71092115625881 -99 -99
1.3568287811874 -99 -99 -99 -99 -99 -99 -99 -99 -99 2.12241753421909 -99 -99 -99 -99
-99 -99 -99 -99 -99 -99 -99 -99 2.57249917015137 -99 -99 -99 -99 -0.2035401187192 -99
-99 -99 -99 -99 -99 -99 -99 -99 -99 -99 0.283368088515053 -99 -99 -99 -99
0.0316176896609386 -99 -99 -99 -99 -99 -99 -99 -99 -99 -99 -0.00420880710393323 -99 -99 -1.6573964572593
-99 2.7675090836183 -99 -99 -99 -99 -99 -99 -99 -99 -99 -99 -99 -99 -99
-99 0.764260546300567 2.37140088573235 -99 -99 -99 -99 -99 -99 -99 -99 0.295727241196599 -99 -99 -99
1.4640256879903 -99 -99 -99 -99 -99 -99 -99 -99 -99 -99 -99 -99 -99 -99
-99 -99 -99 -99 -99 -99 -99 -99 0.0610579668429125 -99 -99 -99 -99 -99 -99
-99 -99 1.29491495101073 -99 -99 -99 -99 -99 -99 -99 -99 -99 -99 -99 -0.81424808664106
0.105273138953172 -99 -99 -99 -99 -99 -99 -99 -99 -99 -99 -99 -99 -99 -99
-99 -99 -99 -99 -99 -99 -99 -99 -99 -99 -99 -99 -99 -99 -99
-99 -99 -99 3.00086063370296 1.00730873699178 -99 -99 -99 -99 -99 -99 -99 -99 -99 -99
-99 -99 -99 -99 -99 -99 -99 -99 -99 -99 -99 -99 -99 -99 -99
-99 -99 -99 -99 -99 1.80811901034861 1.79779918132309 -99 -99 -99 -99 -99 -99 -99 2.71907177011349
-99 -99 -99 -99 -99 -99 -99 -99 -99 -99 -99 -99 -99 -99 -99
-99 -99 -99 -99 -99 -99 -99 0.0234369846385287 -99 -99 -99 -99 -99 -99 -99
-99 1.92189399489377 -99 -99 -99 0.792975543043897 -99 -99 -99 -99 -99 -99 -99 -99 0.423921854279933
-99 -99 -99 -99 -99 -99 -99 -99 -99 -99 -99 -99 0.221041236637565 -99 -99
-99 -99 -99 -99 -99 -99 1.91877776714789 -99 -99 -99 -99 -99 -99 -99 -99
-99 -99 -99 -99 -99 -99 -99 -99 -99 -99 -99 -99 -99 -99 -99
1.50019610992334 -99 -99 -99 -99 -99 -99 -99 -99 -99 -99 -99 -99 -99 -99
-99 -99 -99 -99 3.62418186107713 -99 -99 -99 -99 -99 -99 -99 -99 -99 -99
-99 -99 2.93426678796937 -99 -99 -99 -99 -99 -99 -99 -99 -99 -99 -99 -99
-99 -99 -99 -99 -99 -99 1.15696769122436 -99 -99 -99 -99 -99 2.56020975645564 -99 -99
-1.45090571533371 -99 -99 -99 -99 -99 -99 -99 -99 -99 -99 -99 -99 -99 -99
-99 -99 -99 -99 -99 -99 -99 -99 -99 -99 -99 -99 -99 -99 1.40758003523529
-99 -99 -99 -99 -99 -99 -99 -99 -99 -99 -99 -99 -99 -99 -99
-99 -99 -99 -99 -99 -99 -99 -99 1.26858873332693 -99 -99 -99 -99 -99 -0.588888658670779
-99 -99 -99 -99 -99 -99 -99 -99 -99 -99 -99 -99 -99 -99 -99
-99 -99 -99 -99 -99 -1.94931246420889 -99 -99 -99 -99 -99 -99 -99 -99 -0.573135169991482
3.39322845448009 -99 -99 2.00273893295734 -99 -99 -99 -99 -99 -99 -99 -99 -99 -99 -99
-99 -99 -99 -99 -99 -99 -99 -99 -99 -99 -99 1.0112277897541 -99 -99 -99
-99 -99 -99 -99 -99 -99 -1.36368227696351 -99 -99 -99 -99 0.372361009814463 -99 -99 -99
-99 -99 -99 -99 -99 0.976716289539483 -99 -99 -99 -99 -99 -99 -99 -99 -99
-99 -99 -99 0.191460726563944 2.00963890438633 -99 -99 -99 1.89093253657096 -99 -0.53442042332499 -99 -99 -99 -99
-99 -99 -99 -99 -99 -99 -99 -99 -99 -99 -99 -99 -99 -99 -99
-99 -99 -99 0.923011778856713 -0.0534683125787645 -99 -0.678735484354998 -99 -99 -99 -99 -99 -99 -99 0.752319705726614
-99 -99 -99 -99 -99 -99 -99 -99 -99 -99 2.52641528871868 2.99286022985314 -99 -99 3.0414001122923
-1.74314671424403 -99 0.355246653172456 -99 -99 -99 -99 -1.77567391686776 -99 -99 -99 -99 -99 -99 -99
-99 -99 -99 -99 -99 -99 -99 -99 -99 -99 -99 -99 -99 -99 -99
-99 1.41797091443713 -99 -99 -99 -99 -99 -99 -99 -99 -99 -99 -99 2.34041251505323 -99
-99 -99 -99 -99 -99 -99 -99 -99 -99 -99 -99 -99 -99 -99 -99
-99 -99 -99 -99 -99 -99 -99 -99 -99 -99 -99 -99 2.4858159593135 -99 -99
-99 -0.42537958079654 -99 -99 -99 -99 -99 -99 -99 -99 -99 -99 -99 -99 -99
-99 -99 -99 -99 -99 -99 -99 -99 0.809457865292585 -99 -99 -99 -99 -99 -99
-99 -99 -99 -99 1.70533414999062 -99 -99 -99 -99 -99 -99 -99 -99 -99 1.76682513684556
-99 -99 -99 -99 4.18714465721132 -99 -99 -99 -99 -99 -99 -99 -99 -99 -99
-99 -99 -99 -99 -99 -99 -99 -99 1.67909527365511 -99 -99 -99 -99 -99 -99
-99 -99 -99 -99 -99 -99 -99 -99 -99 -99 -99 -99 -99 -99 -99
-99 -99 -99 -99 -99 -99 -99 -99 -99 -99 -99 -99 -99 -99 -99
-0.911872425835481 -99 -99 -99 -99 -2.57148448221804 -99 -99 -99 -99 -0.687549780373039 -99 -99 -99 -0.123301659807688
-99 -99 -99 -99 -99 0.664045690710463 -99 -99 -99 -99 -99 -99 -99 -99 -99
-99 -99 -99 -99 -99 -99 -99 -99 -99 -99 -99 -99 -99 -99 -99
-99 -99 -99 -99 -99 0.58847830439955 -99 -99 -99 -0.172863787941874 -99 -99 -99 -99 -99
-99 -99 -99 -99 -99 -99 -99 1.40772422991616 -99 -99 -99 -99 -99 -99 1.67814428823777
-99 -99 -99 -99 -99 -99 -99 -99 -99 -99 -99 -99 -0.339760959753421 -99 -99
-99 -99 -99 -99 -99 -99 -99 -99 -99 1.64223826264658 -99 -99 -99 -99 -99
-99 -99 -99 -99 -99 -99 -99 -99 -99 -99 -99 -99 -99 -99 -99
-99 -99 -99 -99 2.54562165470818 -99 -99 -99 -99 3.08596273911887 -99 -99 -99 -99 2.03293423258696
-99 -99 -99 3.43151249961522 -99 -99 -99 -99 -99 -99 -99 -99 -99 -99 -99
-99 -99 -99 -0.406512766911779 -99 -99 -99 -99 -99 -99 -99 -99 -0.21727880194215 -99 0.641155645645553
-99 -99 -99 -99 -99 -99 -99 -99 -99 -0.672540654719012 -99 -99 -99 -99 -99
-99 -99 -99 -99 -99 -99 -99 1.17616175505952 -99 2.299669422852 -99 -99 1.45191389265421 1.34691104028402 -99
-99 -0.789500731736627 -99 1.01253328622889 -99 -99 -99 -99 -99 0.217060710723535 -99 -99 -99 -99 -99
-99 -99 -99 -99 -99 -99 -99 -99 -99 -99 -99 -99 -0.2135541818466 -99 -99
-99 -99 -99 -99 -0.790156442438132 -99 -99 -99 -99 -99 -99 -99 -99 -99 -99
-99 -99 -99 -99 -99 -99 -99 -99 -99 -99 -99 -99 -99 -99 -99
-99 -99 -99 -99 -99 -99 -99 -99 -99 -99 -99 -99 -99 -99 -99
-99 -99 -99 -99 -99 -99 -99 -99 -99 -99 -99 -99 -99 -99 -99
-99 -99 -99 -0.436165950798766 0.433719869173604 -99 -99 -99 -99 -99 -99 -99 -99 -99 -99
-99 -99 -99 -99 -99 -99 -99 -99 -99 -99 1.4589891910278 -99 -99 -99 -99
-99 -99 -99 -99 -99 -99 -99 -99 -0.875627507305813 -99 -99 -1.35970180159887 -99 0.370147639174989 -99
-99 -99 -99 -0.338531506783345 -99 -99 -99 0.620557735716092 -99 -99 -99 -99 -99 -99 -99
-99 -99 -99 -99 -99 3.31979612132032 -99 -99 -99 -99 -99 -99 -99 -99 -99
-99 -99 -99 -99 -99 -99 -99 -99 -99 -99 -99 -99 -99 -99 -99
-99 -99 -99 -99 -99 -99 -99 -99 -99 -99 0.318538855153394 -99 -99 -99 -99
-99 -99 -99 -99 -99 1.033298573452 0.0921265886616 -99 1.19209716221323 -99 -99 -99 -99 -99 -99
-99 -99 -99 -99 -99 -99 -99 1.04929797502229 -99 1.22700136023817 -99 -99 1.58002328594629 1.32125932676713 -99
-99 -99 -99 -99 -0.139404247150091 -99 -99 -99 -99 -99 -99 -2.01581664280933 -99 -99 -99
-99 -99 -99 -99 -99 -99 -99 -99 -99 -99 -99 -99 -99 -99 -99
-99 -99 -99 -99 -99 -99 -99 -99 -99 -99 -99 -99 -99 -99 -99
-99 -99 -99 -99 -99 -1.62799958947045 0.182434184700817 -0.249684412491486 -99 -99 -99 -99 -0.0576873077433828 -99 -99
0.379379581693005 -99 -99 -99 -99 -99 -99 -99 -99 1.456848776209 1.86784869359744 -99 -99 0.770352187795229 3.31118983081551
-99 -99 -99 -99 -99 -99 -99 -99 -99 -99 -99 -99 -99 -99 -99
-99 2.20694270246586 -99 -99 -99 -99 4.57707752119452 -99 -99 -99 -99 -99 0.38248827771784 -99 -99
-99 -99 -99 -99 -99 -99 -99 -99 -99 -99 -99 -99 -99 -99 -99
0.815177789741659 -99 -99 -99 -99 -99 0.201726707687503 -99 -99 -99 -99 -99 -99 -99 -99
-99 -99 -99 -99 -99 -99 -99 -99 -99 1.09080893692768 -99 -99 -99 -99 -99
1.4545754138892 -99 -0.295315302364257 -99 -99 -99 -99 -99 -99 -99 -99 -99 2.01816653411267 -99 2.05751765842155
-99 -99 -99 -99 -99 -99 -99 -99 -99 -99 -99 -99 -99 -99 -99
-99 -99 -99 -99 -99 -99 -99 -99 -99 -99 -99 -99 -99 -99 2.63330835340559
-99 -99 -99 -99 0.948125701843292 -99 -0.438320209799029 -99 -99 -99 -99 -99 -99 0.101035633982754 -99
-99 -99 -99 2.73752312041524 -99 -99 -99 -99 -99 -99 -99 -99 -99 -99 1.50227517046126
-99 -99 -99 -99 3.25836823611214 -99 -99 -99 -99 -99 -99 -99 -99 -99 -99
-99 -99 -99 -99 -99 -99 -99 -99 -99 -99 -0.636308673920198 -99 -99 -99 -99
-99 -99 -99 0.358689166867006 -99 -99 -99 -99 -99 -99 -99 -99 -99 -99 0.184132673164789
-99 -99 -99 -99 -99 -99 -99 -99 -99 0.978774575268218 -99 -99 -99 -99 -99
-99 -99 -99 1.77581857441894 -99 -99 -99 -99 -99 -99 -99 -99 -0.164636837100097 -99 -99
-99 -1.02022318939423 -99 -99 -0.29988175996181 -1.96563041235362 -99 -99 -99 -99 -99 -99 -99 -99 -99
-99 -99 -99 -99 -99 -99 -99 -0.917675774908552 -99 -99 -99 -99 0.217015446363058 -99 -99
-0.228514101187987 -99 -99 -99 -99 0.402290799137381 -99 -99 -99 -99 -99 -99 -99 -0.409855135884643 -99
-99 -99 -99 -99 -99 -99 -99 -99 -99 -99 -99 -99 -99 -99 2.14722203427685
-99 -99 -99 -99 -99 -99 -99 -99 -99 -99 -99 1.39228700532038 -99 -99 -99
-99 -99 -99 -99 -99 -99 -99 -0.8179886764748 -99 -99 -99 -99 -99 -0.255702034594019 0.0780870095653191
-99 -99 4.17869202393656 -99 -99 -99 -99 -99 -99 2.02356138045255 -99 -99 -99 0.717744957483201 -99
-99 -99 -99 -99 -99 -99 -99 -99 -99 -99 -99 -99 -99 0.635960838289576 -99
-99 -99 -99 -99 -99 -0.226105290154977 -99 -99 -99 -99 -99 -99 2.26643153520065 -99 -99
0.750148739913073 -99 -99 -99 -99 -1.28830956244975 -99 -99 -99 -99 -99 -99 -99 -99 -99
-99 -99 -99 -99 -99 -99 -99 -99 -99 -99 -99 -99 -99 -99 -99
-99 -99 -99 -99 -99 -99 1.51170966715646 -99 -99 -99 -99 -99 -99 -99 -99
2.50879810402525 -99 -99 -99 -99 1.04859269160612 -99 -99 -99 -99 -99 -99 -99 -99 -99
-99 -99 -99 -99 -99 -99 -99 -99 -99 -99 1.63728394119597 -99 -99 -99 -99
0.427461593909988 -99 1.42608491310887 -99 -99 -99 -99 1.22258504912606 -99 -99 -99 -99 -99 2.0867958750492 -99
-99 -99 -99 -99 -99 -99 -0.0230978188220716 -99 -99 -99 0.388044305719243 -99 1.78982960617739 -99 -99
1.80793998042518 -99 -99 -99 -99 -99 -99 0.474211962362306 1.39438196345882 -99 -99 -99 -99 -99 -99
-99 -99 -99 -99 -99 -99 -99 -99 -99 -99 -99 -99 -99 -99 -99
-0.643439259041519 -99 -99 -99 -99 -99 -99 -99 -99 -99 -99 1.65050382036212 -99 -99 -99
-99 -99 -99 -99 -99 -99 -99 1.74823357999684 -99 -99 -99 -99 -99 -99 -99
-99 -99 -99 -99 -99 -99 -99 -99 -99 -99 -99 -99 -99 -99 -99
-99 -99 -99 -99 -99 -99 -99 -99 -99 -99 -99 -99 -99 -99 -99
-99 -99 -99 -99 -99 -99 -99 -0.620923807120074 -99 -99 -99 -99 -99 -99 -99
-99 -99 -99 0.803832118903543 -99 -99 -99 -99 -1.16735214265325 -99 -99 -99 -99 -99 -99
-99 -99 -99 -99 -99 -99 -99 -99 4.31033577668498 -99 -99 -99 1.38191571319934 -99 -99
-99 -99 -99 -99 -99 -99 0.837346894921081 -99 -99 -99 -99 -99 -99 -99 -99
-99 -99 -99 -99 -99 -99 -99 -99 -99 -0.224714470514779 -99 -99 -99 -99 -99
-99 -99 -99 -99 -99 -99 -99 -99 -99 -99 -99 -99 -99 -99 -99
-99 -99 -0.329428217135276 -99 -1.7473605551956 -99 -99 -99 -99 -0.32601477999634 -99 -99 -99 -99 -99
-99 -99 -99 -99 -99 -99 -99 -99 -99 -1.1875789298743 -99 -99 -99 -99 -99
-99 -99 -99 1.98831120395626 -99 -99 -99 -99 -99 -99 -99 -99 -99 -99 -99
-99 -99 -99 3.47277431750683 0.935497562138486 -99 -99 -99 3.12373809747429 -99 -99 -99 -99 -99 -99
-99 -99 -0.402151668601289 -99 -99 -99 -99 -99 -99 -99 -99 -99 -99 -99 -99
-99 -99 -99 -99 0.776549319481808 -99 -99 -99 -99 -99 -99 -99 -99 -99 -0.517543917834001
-99 -99 -99 -99 -99 -99 -99 -99 4.40234463389984 -99 2.48261478636848 -99 -99 -99 -99
-99 -99 -99 -99 -99 -99 -99 -99 -99 -99 -99 -99 -99 -99 -1.47518053305479
1.64717090838982 -99 -99 -99 -99 -99 3.25837815237544 -99 -99 -99 -99 -99 -99 -99 -99
-99 -99 0.172529756797192 -99 -99 -99 -99 -99 -99 -99 -99 -99 -99 -99 -99
-99 1.6967332493802 -99 -99 -99 -99 -99 -99 -99 -99 -99 -99 -99 -99 -99
-99 -99 -99 -99 -99 -99 -0.997240970431285 -99 -99 -99 -99 -99 -99 -99 -99
-99 -99 -99 -99 -99 1.62678214180806 -99 -99 -99 -99 -99 -99 2.68968662278363 -99 -99
-99 -99 -99 -1.69239188569427 -99 -99 -99 -99 -99 -99 -99 -99 -99 -99 -99
-99 -99 -99 -99 -99 -99 -99 -99 -99 -99 1.21568937556354 -99 -99 -99 -99
-99 -99 -99 -99 -99 -99 -99 -99 -99 -99 -99 -99 -99 -99 -99
-99 -99 -99 -99 -99 -99 -99 -99 -99 -99 -99 -99 -99 -99 -99
-99 -99 -99 -99 -99 -99 -99 -99 -99 -99 0.0941802053599213 -99 -99 -99 -99
-99 -99 -99 -99 3.14812682701973 -99 -99 -99 -99 -99 -99 -99 4.08350565480293 -99 -99
-99 -99 -99 -99 -99 -99 -99 -99 -99 -99 -99 -99 -99 -99 -99
-99 -99 -99 -99 -99 -99 -99 -99 -0.105338647103194 -99 -99 -99 -99 -99 -99
-99 -99 -99 -99 -99 -99 -99 -99 -99 -99 -0.361862947230869 -0.881099677618201 -99 -99 -99
-99 -99 -99 -99 -99 -99 -99 -99 -99 -99 -99 -99 -99 -99 -99
2.45646332306515 -99 -99 -99 -99 -99 -99 -99 2.30270212065633 -99 -99 -99 1.8387721734807 -99 -99
-99 -99 -99 -99 -99 -99 -99 -99 -99 -99 -99 -99 -99 -99 -99
-99 -99 -99 -99 -99 -99 -99 -99 -99 -99 -99 -99 -99 -99 -99
-99 -99 -99 0.339900833185994 -99 -99 -99 0.844623864485631 -99 -99 -99 -99 -99 -99 -99
-99 -99 0.0403134727984685 0.949901561532538 -99 -99 -99 -99 -99 -99 -99 -99 2.87011435531547 -99 -99
0.416197148474508 -99 -99 -99 -99 -99 -99 -99 -99 1.00534441266889 -99 -99 -99 -99 -99
-99 -99 4.01248968013347 -99 -99 -99 -99 -99 -99 -99 -99 -99 -99 -99 -99
-99 -99 -99 -99 -99 -99 -99 -99 -99 -99 -99 -99 -99 3.97377221248993 -99
-99 -99 -99 -99 -99 -99 -99 -99 -99 -99 0.0119629020191725 -99 -99 -99 -99
-99 -99 -99 -99 -99 -99 -99 -99 0.633145446211216 -99 -99 -99 -99 -99 -99
0.209782946727854 -99 -99 -99 -99 -1.25154388224159 -99 -99 -99 -0.91122219245338 -99 -99 -99 -99 -99
-99 -99 2.09046017623408 -99 -99 -99 -99 0.452503745280026 -99 -99 -99 -99 -99 -99 -99
-0.602921047059677 -99 -99 -99 -99 -99 -99 -99 2.1472193540327 -99 -99 -99 -99 -99 -0.228338370066745
-99 0.492413214374499 -99 -99 -99 -99 -99 -99 -99 -99 -99 -99 -0.761199168324101 -99 -0.481832898563347
-99 -99 -99 -99 -99 -99 -99 -99 -99 -99 -99 -99 -99 -99 -99
-99 -99 -99 -99 -99 0.646257578536399 -99 -99 -99 -99 -99 -99 -99 -99 -99
-0.18720929095605 -99 -99 -99 -99 -99 -99 -99 1.95177435933169 -99 -99 -99 -99 -99 -99
-99 -99 -99 -99 -99 -99 -99 -99 -99 -99 -99 -99 -99 -99 -99
-99 -99 -99 -99 -99 -99 -99 -99 -99 -99 -99 -99 -99 -99 -99
-99 -99 -99 -99 -99 -99 -99 -99 -99 -99 -99 0.0318465011931357 -99 -99 -99
-99 -99 -99 -99 -99 -99 -99 -99 -99 -99 -99 -99 -99 -99 -99
-99 -99 -99 -99 -99 -99 -99 0.667463438625786 -99 -99 -1.10308836548254 -99 -99 -99 -99
-99 -99 -99 -99 -99 -99 -99 -99 -99 -99 -99 -99 -99 -99 -99
-99 -99 -99 -99 -99 -99 -99 -99 -99 -99 -99 -99 -99 -99 -99
-99 -99 -99 -99 -99 -99 -99 -99 -99 -99 0.81477951250282 -2.10504115049597 -99 -99 -99
-99 -99 -99 -99 -99 2.06732704163943 1.10839042972918 -99 -99 1.39390473288326 -99 -99 -99 -99 -99
-99 -99 -99 -99 -99 -99 -99 -99 -99 -99 -99 -99 -99 -99 -99
-99 -99 -99 -99 -99 -99 -99 3.28283048817284 -99 -99 -99 -99 -99 -99 -99
-99 -99 -99 -99 -99 -99 -99 1.05324255046753 -99 -99 -99 -99 -99 1.87232788388974 -99
-99 -99 -99 1.90982363284343 -99 2.13426774439654 -99 -99 -99 1.9569310937602 -99 -99 -99 -99 -99
-99 -99 -99 -99 -99 -99 -99 -99 -99 -99 -99 -99 -99 0.639288758351116 -99
-99 -99 -99 -99 -99 -99 -99 -99 -99 -99 -99 1.88945115988847 -99 3.77758208754822 -99
2.7527881993088 -99 -99 -99 -99 0.0607322056976898 -99 -99 -99 -99 -99 5.15286514613174 -99 -99 -99
-99 -99 -99 -0.405583884107769 -99 -99 -99 -99 -99 -99 -99 -99 -99 -99 -99
-99 -99 -99 -99 -99 -99 -99 -99 -99 -99 -99 -99 -99 -99 -99
-0.0493742818458038 -99 -99 -1.88454663584707 -99 -99 -99 -99 -99 -99 -99 -99 -99 -99 -0.717506745235495
-99 -99 -99 -99 -99 -99 -99 -99 -99 -99 -99 -99 -99 -99 0.816050001507628
-99 -99 -99 -99 -99 -99 -99 -99 -99 -99 -99 -99 -99 -99 1.51527954059907
2.25787532968938 -99 -99 -99 -99 0.51245486917858 -99 -99 -99 -99 -99 -99 -99 0.551742304525159 -99
-99 -99 -99 -99 -99 -0.327380105673301 -99 -99 -99 -99 -99 -99 -99 -99 -99
-99 -99 -99 0.731081949113822 -99 -99 -99 -99 -99 -99 -99 -99 -99 -99 -99
1.20259699519891 -99 -99 2.73385822044789 -99 -99 -99 -99 -99 0.172308643642455 1.25769464046433 -99 -99 -99 -99
-99 -99 -99 -99 -99 -99 -99 -99 -99 -99 -99 -99 -99 -1.69852837348217 -99
-99 -99 -99 -99 -99 -99 -99 -99 -99 -99 -99 -99 -99 -99 -99
-99 -99 -99 -99 -99 -99 -99 -99 -99 1.49600788774718 -99 -99 -99 -99 -99
-99 -99 -99 -99 -99 -99 -99 -99 -99 -99 -99 -99 -99 -99 0.458196889386856
-99 -99 -99 -99 -99 3.49641124950308 -99 -99 -99 -99 3.07139041511755 -99 -99 -99 -99
-99 -99 -99 -99 -99 -99 1.15132127170386 -99 -99 -99 -99 -99 -99 -0.459776273643783 -99
-99 2.49503446243577 -99 -99 -99 -99 -99 -99 -99 -99 -99 -99 -99 -99 -99
-99 -99 -99 -99 -99 -99 -99 -99 -99 -99 -99 -99 -99 -99 -99
-99 -99 -99 -99 1.60242894447192 -99 -99 -99 -99 -99 -99 -99 -99 -99 -99
4.84503368445919 -99 -99 -99 3.43817028834375 -99 -99 -99 -99 -99 -99 -99 -99 -99 -99
-99 -99 -99 -99 2.51054323139043 -99 -99 -99 -99 -99 2.72744758809579 -99 -99 -99 -99
-99 -99 -99 -99 -99 -99 -99 -99 -99 0.537264180371677 -99 -99 -99 -99 -99
-99 -99 0.411626149806551 -99 -99 0.0341335407411831 -99 -99 -99 -99 -99 -0.540353447924519 -99 -99 -99
-99 -99 -99 -99 -99 -99 -99 -99 -99 -99 -99 -99 -99 -99 -99
-99 -99 -0.431436522227701 -0.579504578306896 -99 -99 -99 -99 -99 -99 -99 -99 -99 -99 -99
-99 -99 -99 -99 -99 -99 -99 -99 -99 -99 -99 -99 -99 -99 -99
-99 -99 -99 -99 -99 -99 1.24791690622786 -99 -99 -99 -99 -99 -99 -99 -99
-99 -99 -99 -99 -99 -2.66044413586719 -99 -99 -99 -99 -99 -99 -99 -0.179240308888593 -99
-99 -99 -99 -99 -99 -99 -99 -99 -99 -99 -99 -99 -1.42509613615518 -99 -99
-99 -99 -99 2.19650962611034 -99 0.710589747309097 -99 -99 -99 0.908291707716094 -99 -99 -99 -99 -99
-99 -99 -99 -0.232787325847017 -99 -99 -99 -99 -99 -99 -99 -99 -99 -99 -99
-99 -99 1.24191041239675 2.18350671431062 -99 -99 -99 -99 -99 -99 -99 -99 -99 -99 -99
-99 -99 -99 -99 -99 -99 -99 -99 -99 -99 -99 -99 -99 -99 -99
-99 -99 2.08199619560705 -99 -99 -99 -99 -99 -99 -99 -99 -99 1.92060464697661 2.95232167768953 -99
-99 -99 -99 -99 -99 -99 -99 -99 -99 -99 -99 -99 -99 -99 -0.252238595931015
-99 -99 -99 -99 -99 -99 -99 -99 -99 -99 -99 -99 -99 -99 -99
-99 -99 -99 -99 -99 -99 -99 -99 -0.0608694750380463 -99 -0.0117118039042583 0.980034669072416 -99 -99 0.46620860333392
-99 -99 -99 -99 -99 0.720439302699336 -99 -99 -99 -99 -99 -99 -99 -99 -99
-99 -99 -99 -99 -99 -99 -99 -99 -99 -99 -99 -99 -99 -99 -99
-99 -99 -99 -99 -99 -99 -99 -99 -99 -99 -99 -99 -99 -99 0.837955550520679
-99 -99 2.10834196035518 -99 -99 -99 -99 -99 -99 -99 -99 -99 -99 -99 -99
1.49298667654629 -99 -99 -99 -99 -99 -99 -99 -99 -99 -99 -99 -99 -99 -99
-99 -99 -99 -99 -99 -99 -99 -99 -99 -99 -99 -99 -99 -99 -99
-99 -99 -99 0.361460765027721 -99 -99 -99 -99 0.704121161236911 -99 -99 -99 -99 -99 -1.51138668800637
-99 -99 -99 -99 -99 -99 0.213924719541153 -99 -99 -99 -99 -99 -99 -99 -99
-99 -99 -99 -99 -99 -99 -99 -99 -99 -99 -99 -99 -99 -99 -99
-99 -99 -99 -99 -99 -99 -99 -99 -99 -99 -99 -99 -99 -99 -99
-99 -99 -99 -99 -99 -99 -99 -99 -99 -99 -99 -99 -99 -99 -99
-99 -99 0.569013215068011 -99 -99 -99 -99 -99 -99 -99 -99 -99 -0.213033478846042 -99 -99
0.533395444478426 -99 -99 -99 -99 -99 -99 -99 -99 -99 -99 -99 -99 1.50098295036219 -99
-99 -99 -99 -99 -99 1.01852707067938 0.244919831806835 2.80664719222554 -99 -99 -99 -99 0.00395980683414798 -0.0633865794959843 -99
-99 -99 -99 -99 -99 -99 -99 1.36878722948527 -99 -99 -99 -99 -99 -99 -99
-99 -0.344484173538569 -99 -99 -99 -99 -99 -99 -99 -99 -99 -99 -99 -99 -99
-99 -99 -99 -99 -99 -99 -99 -99 -99 -99 -99 -99 -99 2.47246781818607 -99
-99 -99 -99 -99 -99 1.3467144964683 -99 -99 -99 -99 -99 -99 -99 -99 -99
-99 -99 -99 1.54708544914124 -99 3.65648783276815 -99 -99 -99 -99 -99 -99 -99 -99 -99
-99 -99 -99 -99 -99 -99 -99 -99 -99 0.869387286496674 -99 -99 -99 -99 -99
-99 -99 -99 -99 1.34095557330266 -99 -99 -99 -99 -99 -99 -99 -99 -99 -99
-99 3.19104367874926 -99 -99 4.13641067898847 -99 2.65744654035214 -99 -99 -99 -99 -99 -99 -99 -99
-0.9962024993248 -0.238889012285057 -99 -99 -99 -99 -99 -99 -99 -99 -99 -99 -99 -99 -99
-99 -99 -99 -0.101055780402621 -99 -99 -99 -99 -99 -99 -99 -99 -99 -99 -99
-99 -99 -99 -99 -99 -99 1.73113739291988 -99 -99 -99 -99 -99 -99 -99 -99
-1.31414760769317 -99 -99 -99 -99 -0.704152810761908 -99 -99 -99 -99 -99 -99 -99 -99 -99
-99 -99 -99 -99 -99 -99 -99 -99 -99 -99 -99 -99 -99 -99 -99
-99 -99 -99 -99 -99 -99 -99 -99 -99 -99 -99 -99 -99 -0.339035706214941 -99
-99 -99 -99 -99 -99 -99 -99 1.54090357159219 -99 -99 -99 -99 -99 -99 -99
-99 -99 -99 -99 -99 -99 -99 -99 -99 -99 -99 -99 -1.95307844656218 -99 1.21532048503396
-99 -99 -99 -99 -99 -99 -99 2.95409347180117 -99 -99 -99 -99 -99 -99 2.54761138581121
-99 -99 -99 -99 -99 -99 -99 -99 -99 -99 -99 -99 -99 -99 -99
-99 -99 -99 -99 -99 -99 -99 -99 -99 -99 1.86168529090959 -99 -99 -99 -99
-99 -99 -99 -99 1.95449745995828 -99 -99 -99 -99 -99 -0.264255331569629 -99 -99 -99 -99
-99 -99 -99 -99 0.986141653558567 -99 -99 -99 -99 2.09175743132036 -99 -99 -99 -99 -99
-99 -99 -99 -99 -99 -99 -99 -99 -99 -99 -99 -99 -99 -99 -99
-99 -99 -99 -99 -99 -99 -99 -99 -99 -99 -99 -99 -99 -99 -99
-99 -99 -99 -99 5.90114471529672 1.37708587244563 -99 -99 -99 -99 -99 -99 -99 -99 -99
-99 -99 -99 -99 -99 -99 2.08671657816077 -99 -99 -99 -99 -99 -99 1.69245239148011 -99
-99 -99 -99 -99 -99 -99 -99 -99 -0.743258314136769 -99 -99 -99 -99 -99 -99
0.99190964223687 -99 -99 -99 -99 0.274713262280931 -99 -99 1.78125256789853 -99 -99 -99 -99 -99 -99
-99 -99 -99 -99 -99 -99 -99 -99 -99 -99 -99 -99 -99 -99 -99
0.271570394272537 -99 -99 -99 -99 -99 -99 -0.991524509380173 -99 -99 -99 -99 -99 -99 -99
-99 -99 -99 -99 -99 -99 -0.188298679207309 -99 -99 -99 -99 -99 -99 -99 -99
-99 -99 -99 -99 -99 -99 -99 -99 -99 -99 -99 -99 -99 -99 -99
-99 -99 -99 -99 -99 -99 -99 -99 -99 1.78294925586147 -99 -99 -99 -99 -99
-99 -99 -99 -99 -99 -99 -99 -0.00832501294179555 -99 -99 -99 -99 -99 -99 -99
-99 -99 -99 -99 -99 -99 -99 -99 -99 -99 1.72668640898324 -99 -99 -99 0.202047962945958
-99 -99 -99 -99 1.340415087756 -99 2.43245411717351 -99 -99 -99 -99 -99 -99 2.13872953672692 -99
-99 -99 -99 -99 -99 -99 0.496897884118698 -99 -99 -99 -99 -99 -99 -99 -99
-99 -99 -99 -99 -99 -99 -99 -99 1.34192292174032 -99 -99 -99 -99 -99 -99
-99 -99 -99 -99 -99 -99 -99 -99 -99 2.05113955404827 -99 -99 -99 -99 -99
2.96997735424996 -99 -99 1.72402767275896 -99 -99 -99 -99 -99 -99 -99 -99 -99 -99 -99
-99 -99 -99 -99 -0.333382294132401 -99 1.66883638499325 -99 -99 -99 -99 -99 -99 -99 -99
-99 -99 -99 -99 -99 -99 -99 -99 4.56639377567 -99 -99 -99 -99 -99 -99
-99 -99 0.423621537514667 -99 -99 -99 -99 -99 -99 -99 -99 -99 -99 -99 0.124845706805875
-99 -99 -99 -99 -99 -99 -99 -99 -99 -99 -99 -1.46926918371293 -99 -99 -99
-99 4.56758165072187 -99 -99 -99 -99 -99 -99 -99 -99 2.68899988490594 -99 -99 -99 -99
-99 -99 -99 -99 -99 -99 -99 -99 -99 -99 -99 -99 -99 -99 -0.570795279091378
2.25043146143974 -99 -99 -99 -99 -99 -99 -99 -99 -99 -99 1.37526736026865 -99 -99 -99
-99 -99 -99 -99 0.0757515474885845 -99 1.44263695242304 1.0888809307874 -99 -99 -99 -99 -99 -99 -99
-99 -99 -99 -99 -99 -99 -99 -99 -99 0.908601669299567 -99 -99 0.58422254779638 -99 -99
-99 -99 -99 -0.257068308094639 0.790855832750804 -99 -99 -99 -99 -99 1.90493245789493 2.0931530497971 -99 -99 -99
2.11791374589389 -99 -99 -99 -99 -99 -99 -99 -99 -99 -99 -99 -99 -99 -99
-99 -99 4.45674993263228 -99 -99 -99 -99 -99 -99 -99 -99 -99 -99 -99 -99
-99 -99 -99 -2.19292255243774 -99 -99 -99 -99 -99 -99 -99 -99 -99 -99 -99
-99 1.72553970760426 -99 -99 -99 -99 -99 2.80963876224488 -99 -99 -99 -99 -99 -99 -99
-99 -99 -99 -2.23997644179825 -3.09978558385087 -99 -99 -99 -99 -99 -99 -99 -99 -99 -99
-99 -99 -99 -99 -99 -99 -99 -99 -1.66388216770871 -99 -99 -99 -99 -99 -99
1.28733095735235 -99 -99 -99 -99 -99 -0.712001325230245 -99 -99 1.5845769107567 -99 -99 -99 -99 -99
-99 -99 -99 -99 -99 -99 1.53072864677725 -99 -99 -99 -99 -99 -99 -99 -99
-1.483314347376 -99 -99 -99 -99 -99 1.24849964150538 -99 -99 -99 -99 -99 -99 -99 -99
-99 -99 -99 -99 -99 -99 -99 -99 -99 -99 -99 -99 -99 -99 -99
-99 -99 -99 -99 -99 -99 -99 -99 -99 -99 2.17220489730992 -99 -99 -99 -99
-99 -99 -99 -99 -99 -99 -99 -99 -0.455093528110732 -99 -99 -99 -99 -99 -99
-99 -99 -99 -99 -99 -99 -99 -99 -99 -99 -99 -99 -99 -99 -99
-99 -99 -99 -99 -99 -99 -99 -99 -99 -99 -99 -0.868740166202976 -99 -99 -99
-99 -99 -99 -99 -99 -99 -99 -99 -99 -99 -99 -99 -99 -99 -99
-99 -0.72226367492506 -99 -1.62866602175507 -99 -99 -99 -99 -0.596327347749555 -99 -99 -99 -99 -99 -99
-99 3.38439119486225 -99 2.96399432039016 -99 -99 2.9926768352582 -99 2.36730987923019 0.396570271604329 2.6368205649971 -99 -99 -99 -99
-99 -99 -99 -99 2.10190724588611 -99 -99 -99 1.25174048028388 -99 -99 -99 -99 -99 -99
-99 -99 -99 -99 -99 -99 -99 -99 -99 -99 -99 -99 -99 -99 -99
-99 -99 2.53705579393067 2.34785232058866 -99 -99 -99 -99 -99 -99 -99 -99 -99 -99 -99
-99 0.59797965715366 -99 -99 -99 -99 -99 -1.1722460460465 -0.555368541977421 -99 -99 -99 -99 -99 -99
-99 -99 -99 -99 -99 -99 -99 -99 -99 -99 -99 -99 -99 -99 -99
-99 -99 -99 1.0120432309067 2.19254909940805 -99 -99 -99 2.38864078909759 -99 -99 -99 -99 -99 1.40639499404744
-99 -99 -99 -99 -99 -99 -99 -99 -99 -99 -99 -99 -99 -99 3.32149042194729
-99 -99 -99 -99 -99 4.25828549949137 -99 -99 -99 -99 -99 -99 -99 -99 -99
-99 -99 -99 -99 -99 -99 -99 -99 -99 -99 -99 -99 -99 1.26792954434683 -99
-99 -99 -99 -99 -99 -99 -99 -99 -99 -99 -99 -99 -99 -99 -99
-99 -99 -99 -99 -99 -99 -99 -99 -99 -99 -99 -99 -99 -99 -99
-99 -99 1.28999891929051 -99 -99 -99 -99 1.32538435174437 -99 -99 -99 -99 -99 -99 -99
-99 -99 -99 -99 -99 -99 -99 -99 -99 -99 -99 -99 -99 -99 -99
-99 0.83616012040874 -99 -99 0.940431893028595 -99 -99 -99 -99 -99 -99 -99 -99 -99 -99
-99 -99 -99 -99 -99 -99 -99 -99 -99 -99 -99 0.590384394486426 -99 -99 -99
-99 -99 1.14654255177658 -99 0.499036804529346 -99 -99 -99 -99 -99 -99 -99 -99 -99 -99
-99 -99 -99 -99 -99 -99 -99 -99 -99 -99 -99 -99 -99 -99 -99
-99 -99 -99 3.23323362535362 -99 -99 -99 -99 -99 -99 -99 -99 -99 -99 -99
-99 0.781488568187328 -99 -99 -99 -99 -99 -99 -99 -99 -0.416136569566336 -99 -99 0.691509433581968 -99
-99 -99 -99 -99 -99 -99 -99 -99 -99 -99 -99 -99 -99 -99 -99
-99 -99 -99 -99 -99 -99 -99 -0.368325774319702 -99 -99 -99 -99 -99 -99 -99
-99 -99 -99 -99 -99 -99 -99 -99 -99 -99 -99 2.39800346736983 -99 -99 3.45412236444316
-99 -99 -99 1.01944002089331 -0.22554161612918 -0.338994804047765 -99 -99 -99 -99 -99 -99 -99 -99 -99
-99 1.46070988983587 -99 -99 -99 -99 -99 -99 -99 -99 -99 -99 -99 -99 -99
-99 -99 -99 -99 -99 -99 2.20179450927737 -99 -99 -99 -99 -99 -99 -99 -99
-99 -99 -99 -99 -99 -99 -99 -99 -99 -99 -99 -99 -99 -99 -99
-99 -99 -0.892867248787042 -99 -99 -99 -99 -99 -99 -99 -99 -99 -99 -99 -99
-99 -99 -99 -99 -99 -99 -99 -99 -99 -99 -99 -99 -99 -99 -99
-99 -99 -99 -99 -99 -99 -99 1.98578238402035 -99 -99 -99 -99 -99 -99 -99
-99 -99 -99 -99 0.232369625789526 -99 0.873209546445466 -0.0338980250699312 0.875988185459512 -99 -99 -99 -99 -99 -99
-99 -99 -99 -99 -99 -99 -99 -99 -99 -99 -99 -99 -99 -99 -99
-99 -99 -99 1.79783525844646 -99 -99 -99 -99 -99 -99 -99 -99 -99 -99 -99
-99 -99 -99 -99 1.92035622536137 -99 -99 -99 -99 -99 -1.04675558606231 -99 -99 0.520301623792599 -99
-99 -99 0.447269324530835 -99 -99 -99 -99 -99 -99 -99 -99 -99 -99 -1.31509252307498 -99
-99 -99 -99 -99 -99 -99 -99 -99 -99 -99 -99 -99 -99 -99 -99
-99 -99 2.77420856298833 3.27137633333472 -99 -99 -99 -99 2.39424258354797 -99 -99 -99 -99 -99 -99
-99 -99 -99 -0.242919217425899 -99 0.69513536415414 -99 -0.599488124142723 -99 -99 -99 -99 -99 -99 -99
-99 -99 -99 -99 -99 -99 -99 -99 -99 -99 -99 -99 1.15847273068762 -99 -99
-99 -99 -99 -99 -99 -99 2.71471113481255 -99 -99 -99 -99 -99 -99 -99 -99
-99 -99 -99 -99 -99 -99 -99 -99 -99 -2.47695596856905 -99 -99 -99 -1.44356199149386 -99
-99 2.74516417750237 -99 -99 -99 -99 -99 -99 -99 -99 -99 -99 -99 -99 -99
-99 0.218600881319087 -99 -99 -99 -99 -99 -99 -99 -99 -99 -99 -99 -99 -99
-99 -0.0012196156647748 -99 -99 -99 -99 -99 -99 -99 -99 -99 -99 0.857698428394291 -99 -99
-99 -99 -99 -99 -99 -99 -99 -99 -99 -99 -99 -99 -99 -99 -99
-99 -99 -99 -99 -99 -99 -99 -99 -99 -99 -99 -99 -99 -99 -99
-99 2.50964488949632 -99 -99 -99 -99 -99 -99 1.82405415263096 -99 -99 1.356994810749 -99 -99 -99
-99 0.954381306060323 -99 -99 -99 -99 -99 -99 -99 -99 -99 -99 -99 -99 -99
-99 -99 -99 -99 -1.6849371381438 -99 -99 -99 -2.11974224394374 -99 -99 -99 -99 -99 -99
-99 -99 -99 -99 -0.166486353087114 -99 -99 -99 -99 -99 -99 -1.23975674754341 -99 -99 -99
-99 -99 -99 -99 -99 0.318538495225103 -99 -99 -99 2.87363151212914 -99 -99 -99 -99 1.62249586876899
-99 -99 -99 1.52495785912292 -99 -99 -99 -99 -99 -99 -99 -99 -99 -99 -99
-99 -99 -99 -99 -99 -99 -99 -99 -99 -99 -99 -99 -99 -99 -99
-99 -99 -99 -99 -99 -99 -99 -99 -99 -99 -99 -99 -99 -99 -99
-0.0634925671854181 -99 -99 -99 -99 -99 -99 -99 -99 -99 -99 -99 -99 -99 -99
0.0128143342619716 -99 -99 -99 -99 -99 -99 -99 -99 -99 -99 -99 2.03248589695415 -99 -99
-0.0785294972997017 -99 0.869346860043646 -0.623370099844672 -99 -99 -99 -99 -99 -99 -99 -99 -99 -99 -99
-99 -99 -99 -99 -99 -99 -99 -99 -99 -99 -99 1.6026909214531 -99 1.54408941432673 -99
-99 -99 -99 -99 -99 -99 -99 -99 -99 -99 -99 -99 -99 -99 -99
-99 -99 -99 -99 5.72226342422737 -99 -99 -99 -99 -99 -99 2.30458998140355 -99 -99 -99
-99 -99 -99 -99 -99 -99 -99 -99 -99 -99 -99 -99 -99 -99 -2.45769260989303
-99 -99 -99 -99 -99 -99 -99 -99 -99 0.502734683210924 -99 -99 -99 -99 -99
-99 -99 -99 -99 -99 -99 -99 -99 -99 -99 -1.19309962634699 -99 -99 -99 -99
-99 -99 -99 -99 -99 -99 -99 -99 -99 -99 3.55769874458843 -99 -99 -99 -99
-99 -99 -99 -99 -99 -99 -99 -99 1.01085128818399 -99 -99 -99 -99 -99 2.74983857641513
-99 2.04110204107498 1.95756120200932 -99 -99 -99 -99 -99 -99 -99 -99 -99 -99 -99 -99
-99 -99 -0.686713170053647 -99 -99 -0.0569895148388684 -99 -99 -99 1.33735351206113 0.277331050796986 -99 -99 -99 -99
-99 -99 -99 -99 -99 -99 -99 -99 -99 -99 3.41563623293022 -99 -99 -99 -99
-99 -99 -99 -0.289525713750786 -99 -99 -99 -99 -99 -99 -99 -99 -99 -99 -99
-99 -99 1.88899602563133 3.21819812239077 -99 -99 -99 -99 -99 2.06526482974087 -99 1.45634930725098 -99 -99 -99
1.06090094563503 -99 -99 -99 -99 -99 -99 -99 -99 -99 -99 1.35924686683699 1.5814243864378 -99 -99
-99 -99 -99 -99 -99 -99 -99 -99 -99 0.700806102133907 -99 -99 -99 -99 -99
-99 -99 -99 -99 -99 -99 -99 -99 -0.862982227111271 0.416404993773754 -99 -99 2.62094381445227 -99 -99
-99 -99 -99 -99 -99 -99 -99 -99 -99 -99 -99 -99 -99 -99 -99
-99 -99 -99 -99 -99 -99 1.21664694362268 -99 -99 -99 -99 -99 0.757111229802028 -99 -99
1.10092877559966 -99 -99 -99 -99 -99 -99 2.57832296992359 -99 -99 -99 -99 -99 -99 -99
-99 -99 2.22284486145797 -99 -99 -99 -99 -99 -99 -99 -99 -99 -99 -99 -99
-99 -99 -99 -99 -99 -99 -99 -99 -99 2.09518745359374 -99 -99 -99 -99 -99
-99 -99 -99 -99 -99 -99 -99 -99 -99 -99 -99 -99 -99 0.353913253387248 -99
