-99 -99 -99 -99 -99 -99 -99 -99 -99 -99 -99 -99 -99 -99 -99
-99 -99 -99 -99 -99 -99 -99 -99 -99 -99 -99 -99 -99 -99 -2.54473656484181
-99 -99 1.6647500199966 -99 -99 -99 -99 -99 -99 -99 -99 -99 -99 -99 -99
-99 -99 -99 -99 -0.0744301582945719 -99 -99 -99 -99 -99 -99 -99 -99 -99 -99
-99 -99 -99 -99 -99 -99 0.685666153991182 -99 -99 -99 -99 -99 -99 -99 -99
-99 -99 -99 -99 -99 2.17187838856761 -99 4.28687465468371 -99 0.931633867986079 1.20240877117632 -99 -99 -99 -99
-99 0.812965567267729 -99 -99 -99 -99 -99 -99 2.51368805887072 -99 -99 -99 -99 -99 -99
-99 -99 -99 -99 -99 -99 1.95962646324626 -99 -99 -99 -99 -99 -99 -99 -99
0.302301567405164 -99 -99 -0.731235331139378 1.06889791218694 -99 -99 -99 -99 -99 -99 -99 -99 -99 -99
2.09738755896024 -99 -99 -99 -99 -99 -99 -99 -99 -99 -99 2.67576731173054 -99 -99 2.81028744641352
-99 -99 -99 -99 -99 -99 -99 -99 -99 -99 -99 -99 -99 -99 -99
-99 -99 -99 -99 -99 -99 -99 -99 -99 1.60263974569093 -99 -99 -99 -1.50196658519596 -99
-99 -2.30268248725751 -99 -99 -99 -99 -99 -99 -99 -99 -99 -99 -99 -99 -99
-99 -99 -99 -99 -99 -99 -99 -99 -99 -99 -99 -99 -99 -99 -99
-99 -99 -99 -99 -99 -99 -99 -99 -99 1.76748615722212 0.824176127211324 -99 -99 -99 -99
-99 -99 -99 -99 -99 -99 -99 -99 -99 0.0412942512963348 -99 -99 -99 -99 -99
-99 -99 -99 -99 -99 -99 -99 -99 -99 -99 1.30458351536659 -99 -99 -99 -99
-99 -99 -99 -99 -99 -99 -99 -99 -99 -99 -99 -99 -99 -99 -99
-99 -99 -99 -99 -99 -99 -99 -99 -99 1.35360521110094 -99 -99 -99 -99 -99
-99 -99 -99 2.07497984088584 -99 -99 -99 -99 -99 -99 -99 -99 2.21090226336216 -99 -99
-99 -99 -99 -99 -99 1.38579516923901 2.30511656741063 -99 -99 -99 -99 -99 -99 -99 0.428231983689152
-99 -99 -99 -99 -99 -0.766226573947546 -99 -99 -99 -99 -99 -2.07106067490934 -99 -99 -99
-99 -99 -99 -99 -99 -99 -99 -99 -99 -99 -99 -99 -99 -99 -99
-0.287410753654394 0.635928294039736 -99 -99 -99 -99 -99 -99 -99 -99 -99 -99 1.71766681320653 -99 -99
-99 -99 -99 -99 0.263068069719541 -99 -99 -99 2.23057395902809 -99 -99 -99 -99 -99 -99
-99 1.34212380632482 -99 -99 1.51662003732597 -99 -99 -99 -99 -99 0.670733250516714 -99 1.62519690516991 -99 -99
-99 -99 -99 -99 -99 -99 -99 -99 -99 -99 -99 -99 -99 -99 -99
-99 -99 -99 -99 -99 -99 -99 -99 -99 -99 -99 -99 -99 -99 -99
-99 -99 -99 -99 -99 -99 -99 -99 -99 -99 2.0446823354306 -99 1.70300058092686 -99 -99
-99 -99 -99 -99 -99 -99 -99 -99 -99 -99 -99 0.246809664610981 -99 -99 -99
-99 -99 0.715404957218329 -99 -99 0.622930100449041 -99 -99 -99 -99 -99 -99 -99 -99 -99
-99 -99 -99 -99 -99 2.68758510619871 -99 -99 -99 -99 -99 1.72084927024942 -99 0.940244347195072 -99
4.27966176301372 -99 -99 -99 -99 -99 -99 -99 -99 -99 -99 -99 -99 -99 2.51830767297188
-99 -99 -99 -99 -99 -99 -99 -99 -99 -99 -99 -99 -99 -99 -99
-99 -99 -99 -99 -99 -99 -99 -99 -99 -99 -99 -99 -99 1.11472077249751 -99
-99 -99 -99 -99 -99 -99 -99 -99 -99 -99 -99 -99 -99 -99 -99
-99 -99 3.77314061627859 -99 -99 1.0978500045199 -99 -99 -99 0.810189550247786 -99 -99 -99 -99 -99
-99 -99 -99 -99 -99 -99 -99 -99 -99 -99 -99 -99 -99 -99 -99
-99 -99 -99 -99 -99 -99 -99 -99 -99 -99 -1.39049645335807 -99 -99 -99 -99
-99 -99 -99 0.16572979597022 -99 -99 -99 -99 -99 1.50190260615579 -99 -0.801555866772553 -99 -99 -99
-99 -99 -99 -99 -99 -0.0281912411374401 -99 -99 -99 -99 -99 -99 2.03606695391662 -99 -99
-99 -99 -99 -99 -99 -99 -99 -99 -99 -99 -99 -99 -99 -99 -99
-99 -99 -99 -99 -99 -99 -99 -99 -99 -99 -99 -99 -99 -99 -99
-99 -99 -99 -99 -99 -99 1.63597912032161 -99 2.05985634826747 0.0701428640500008 -99 -99 -99 -99 -99
1.98920554810584 -99 -99 -99 -99 -99 -99 -99 -99 -99 -99 -99 -99 -99 -99
-99 -99 -99 -99 -99 -99 -99 -99 -99 -99 -99 2.10214967545827 -99 2.73136963334163 -99
-99 -99 -99 -99 -99 -99 -99 -0.720493092438537 0.993740629578157 -99 -99 -99 -99 -99 -99
-99 -99 -99 -99 -99 -99 -99 -99 -99 -99 3.20997619410549 -99 -99 -99 -99
-99 -99 -99 -99 1.95038648746567 -99 -99 -99 -99 -99 1.05470273894637 -99 -99 -99 0.700160289110236
0.190092016552129 -99 -99 -99 -99 -99 -99 -99 -99 -99 1.11704930960906 -99 -99 -99 -99
-99 -99 -99 -99 -99 -99 -99 0.0308266866333324 -99 -99 0.0316472025780393 -99 -99 -99 -99
-99 -99 -99 -99 -99 -99 -99 0.67461154124814 -99 -99 1.41306127445627 -99 1.03746577259679 -99 -99
-99 -99 -99 -99 -99 -99 -99 -99 -99 -99 -99 -99 -99 -99 -99
-99 -99 -99 -99 -99 -99 -99 0.117929751558586 -99 -99 -99 -99 -99 -99 -99
-99 -99 -99 -99 -99 -99 -99 1.87690896017727 -99 -99 -99 -99 -99 -99 -99
-99 -99 -99 -1.03355681592799 -99 -99 -99 -99 -99 -99 -99 -0.966039662115151 -99 -99 -99
-99 -99 -99 -99 -99 -99 -99 -99 -99 -99 1.25942796929362 -99 -99 -99 -99
-99 -99 -99 -99 -99 -99 -99 -99 -99 -99 -99 -99 -99 -99 -99
-99 -99 -99 -99 -99 -99 -99 -99 -99 -99 -99 -99 -99 -99 -99
-99 -99 -99 -99 1.13641759345587 -99 -99 -99 -99 -99 -99 -99 -99 -99 -99
0.539223496198508 -99 -99 -99 -99 -99 -99 1.1539754596311 -99 -99 -99 -99 0.602460097346748 -99 -99
-99 -99 -99 -99 -99 -99 -99 -99 -99 -99 -99 -99 -99 -99 -99
-99 -99 -99 1.92908496606229 -99 -99 -99 -99 -99 -99 -99 -99 -99 -99 -99
-99 -99 -99 -0.322538482386031 0.925858287672711 -99 -99 -99 -99 -99 -99 -99 -99 -99 -99
-99 -99 -99 -99 -99 -99 1.80123547028716 1.62608537284514 -99 -99 -99 -99 -99 -99 -99
-99 -99 -99 -99 -99 -99 -99 2.15428845945487 -99 -99 -99 -99 -99 -99 -99
-99 -99 -99 -99 -99 -99 -99 1.95302708954104 -99 -99 -99 -99 -99 -99 -99
-99 -99 -99 -99 0.598705442443878 -99 -99 -99 -99 -99 -99 -99 -99 -99 -99
-99 -99 -99 0.864234519729645 1.60114244671037 -99 -99 -99 -99 -99 -99 -99 -99 -99 -99
-99 -99 -99 -99 -99 -99 -99 -99 1.62644123954099 -99 -99 -99 -99 -99 -99
-99 -99 2.06916870278096 0.57503552154712 -99 -99 -99 -99 -99 -99 -99 3.29810111997363 -99 -99 -99
-99 -99 -99 -99 -99 -99 -99 -99 -99 -99 -0.70386738985041 -99 -99 -99 -99
-99 -99 -99 -99 -99 -99 2.18604028278468 -99 -99 -99 -99 -99 -99 -99 -99
-99 -99 -99 -99 -99 -99 -99 -99 -99 -99 -99 -99 -99 -99 -99
-99 -99 -99 -99 -99 -99 -99 -99 -99 -99 -99 -99 -99 -0.872221208824207 -99
-99 -99 -99 -99 -99 -99 0.104997307664017 -99 -99 -99 -99 -99 -99 -99 -99
-99 -99 -99 -99 -99 -99 -99 -99 -99 -99 -99 -99 -99 -99 -99
-99 -99 -99 -99 -99 2.26268626205819 -99 -99 -99 0.796753945888866 -99 -99 -99 -99 -99
-99 -99 -99 -99 -99 -99 -0.222870709971059 -99 1.8519604709598 -99 -99 -99 -99 -99 -99
-99 2.36554033903542 3.13876256315902 -99 -99 -99 -99 -99 2.85851668468551 -99 2.38038925100504 3.48734639471009 -99 -99 -99
-99 -99 -99 -99 -99 -99 -99 -99 -99 1.57715788949913 -99 0.37308458391464 -99 -99 -99
-99 0.783945880541129 0.984890111274511 -99 -99 -99 -99 -99 -99 -99 -99 -99 -99 -99 -99
-99 -99 -1.1462904089611 -99 -99 -99 -99 -99 -99 -99 -99 -99 -99 -99 -99
-99 -99 0.654281560659591 -99 -99 -99 -99 -99 -99 -99 -99 -99 -0.457999733267153 -99 -99
-99 -99 -99 -99 -99 -99 -99 -99 -99 -99 -99 -99 -99 -99 -99
-99 -99 -99 -99 -99 -99 -99 -99 -99 2.08951610552473 -99 -99 -99 -99 -99
-99 -99 -99 -99 -99 -99 3.20394243070859 -99 -99 -99 -99 -99 2.6476746854693 -99 -99
2.79081334915585 -99 -99 -99 -99 -99 -99 -99 -99 -99 -99 -99 -99 -99 -99
-99 -99 -99 -99 -99 -99 -99 -99 -99 -99 -99 -99 -99 -99 -99
-99 -99 -99 -99 -99 -99 -99 -99 -99 -99 -99 -99 -99 -99 -99
-99 -99 -99 -99 -99 -99 -99 1.4561236696491 -99 0.998425958554716 -99 -99 -99 -99 -99
-99 -99 -99 -99 -99 -99 -99 -99 -99 -99 -99 1.15111333957945 -99 -99 -99
-99 -99 -99 -99 -99 -99 1.82698927017688 -99 -99 0.299272199611663 -99 1.10484350424598 -99 0.129112181715417 -99
-99 -99 -99 -99 -99 -99 0.890484051222614 -99 -99 -99 -99 -99 -99 -99 -99
-99 -99 -99 1.83138412974029 -99 -99 -99 -99 -99 -99 -99 -99 -99 -99 -99
-99 -99 -99 -99 -99 -99 -99 -99 -99 -99 -99 -99 -99 -99 -99
-99 -99 -99 -99 -99 -99 -99 1.19223050297619 -99 -99 -99 -99 -99 -99 -99
-99 -99 1.29233239741502 -99 0.503745671290752 -99 -99 -99 -99 -99 -99 -99 0.462778793954412 -99 -99
-99 -99 -99 -99 0.215423707532568 -99 -99 -99 -99 -99 0.969945207859128 -99 -99 -99 0.69172903669101
-99 -99 -0.797190277821017 -99 -99 -99 -99 -99 -99 -99 -99 -99 -99 0.560871574501469 -99
-99 -99 -99 -99 -99 -99 -99 2.17505281433531 -99 -99 1.55357150576946 -99 -99 -99 -99
0.0158000228082187 -99 0.116783167744183 -99 -99 -99 -99 -99 -99 -99 -99 -99 -99 -99 -99
-99 -99 -99 -99 -99 -99 -99 -99 -99 -99 -99 -99 -99 -99 -99
-99 -99 -99 -99 -99 -99 -99 -99 -99 -99 -99 -99 -99 -99 -99
-99 -99 1.38143277493183 -99 -99 -99 -99 -99 -99 -99 -99 -99 -99 -99 -99
0.481012075283599 -99 -99 1.70955327837379 -99 -99 -99 -99 -99 -99 -99 -99 -99 -99 -99
-99 -99 -99 -99 -99 -99 -99 -99 -99 -99 -99 0.248208466712325 -99 -99 -99
-99 -99 -99 -99 -99 -99 1.43992579078757 -99 -99 -99 -99 -99 -99 -99 -99
-99 -99 -99 -99 -99 -99 -99 -99 -99 -99 -99 -99 -99 -99 -99
-99 -99 -99 -99 -99 -99 -99 -99 -99 -99 -99 -99 -99 -99 3.17968064310201
-99 -99 -99 -99 -99 -99 -99 -99 -99 -99 -99 -99 -99 -99 -99
-99 -99 -99 -99 -99 -99 -99 -99 -99 -99 -99 -99 -99 -99 -99
-99 -99 -99 -99 -99 -99 -99 -99 -99 -99 -99 -99 -99 1.08702073754236 -99
-99 2.77664596409224 -99 -99 -99 -99 -99 -99 -99 -99 -99 -99 -99 -99 -99
-99 -99 -99 -99 -99 -99 -99 -99 -99 1.44901624902322 -99 -99 -99 -99 -99
-99 -99 -99 -99 -99 -99 -99 -99 -99 -1.06758185557645 -99 -99 -99 -99 -99
-99 -99 -99 -99 -99 0.954154757242751 -99 -99 -99 3.34618698659462 -99 -99 -99 -99 -99
-99 -99 -0.987910908753486 -99 -99 -99 -99 -99 -99 -99 -99 -0.505092473076871 -99 -99 -99
-99 -99 -99 -99 -99 -99 -99 -99 -99 -99 -99 3.27426746793607 -99 -99 -99
-99 -99 -99 -99 -99 2.12462986331734 -99 -99 -99 -99 -99 -99 -99 -99 -99
-99 -99 -99 -99 -99 -99 -99 1.51531859181297 -99 -99 -99 -99 2.25075630266075 -99 -99
-99 -99 -99 -99 -0.113711478557388 -99 -99 -99 -99 -99 -99 -99 0.108780398756988 -99 -99
-99 -99 -99 -99 -99 -99 -99 -99 -99 -99 -99 -99 -99 -99 2.45779180754079
-99 1.35098079938664 -99 -99 -99 -0.528435644488625 -99 -99 -99 -99 -99 -99 -99 -99 -99
-99 -99 -99 -99 -99 3.04374258985889 -99 -99 -99 -99 -99 -99 -99 -99 2.12736666073312
-99 -99 -99 -99 -99 -99 -99 -99 3.95742366947628 -99 -99 -99 -99 -99 -99
-99 -99 -99 -99 -99 -99 -99 1.86904443752463 -99 -99 -99 -99 -99 -99 -99
1.8627814724407 -99 0.0441341271705961 -99 -99 -99 -99 -99 -99 -99 -99 -99 -99 -99 -99
-99 -99 -99 -99 -99 -99 -99 -99 -99 -99 -99 -99 -99 -99 -99
-99 -99 -99 -99 -99 -99 -0.703773883216381 -99 -99 -99 -99 -99 -99 -99 -0.146273271504707
-99 -99 -99 -0.159359951120244 -99 -99 -99 -99 -99 -99 -1.6725801903328 -99 -99 -99 -99
-99 -99 -99 -99 -99 -99 -99 -99 -99 -99 -99 -99 1.23186521334765 -99 -99
0.28762663139463 -99 -99 -99 -99 -99 -99 -99 -99 -99 -99 0.0992697178133928 -99 -99 0.190652883707886
-99 -99 -99 -99 -99 -99 -99 -99 -99 -99 -99 4.08041149032535 -99 -99 -99
-99 -99 -99 0.511438865076285 -99 -99 -99 -99 -99 -99 -99 -99 -99 -99 -99
1.99470714419938 -0.241584670870758 -99 -99 0.992505877880674 -99 -99 -99 -99 -99 -99 -99 -99 -99 -99
-99 -99 -99 -99 -99 -99 -99 -99 -99 -99 -99 -99 -99 1.90179219948288 -99
-99 -99 -99 -99 -99 -99 -99 -99 -99 -99 -99 -99 -99 -99 2.03150947011332
-99 -99 -99 -99 -99 -99 -99 -99 -99 2.50895607395987 1.32044247443234 -99 -99 -99 -99
-99 1.65025644751117 -99 -99 -99 -99 -99 -99 -99 3.18504227156461 -99 -99 -99 -99 -99
-99 -99 -99 -99 -99 -99 -99 -99 -99 -99 -99 -99 -99 -99 -99
-99 -99 -99 -99 -99 0.258359205261854 -99 -99 -99 -99 -99 -99 -99 -99 -99
-99 -99 -99 -99 -99 -99 -99 -99 -99 -0.593875698017101 -99 -99 -99 -99 -99
-99 -99 -99 -99 -99 -99 -99 -99 -99 0.0847643537816896 -99 -99 -99 -99 -99
2.56964848416971 -99 -99 -99 -99 -99 -99 -99 -99 -99 -99 -99 -99 -99 -99
-99 -99 -99 2.86937767535038 -99 -99 -99 -99 1.17015059955525 -99 -99 -99 -99 -99 -99
1.91545551131277 -99 -99 -99 -99 -99 -99 -99 -0.652864708203158 -99 -99 -99 -99 -99 -99
-99 -99 -99 -99 -99 -99 -99 -99 0.629549538672141 -99 -99 -99 -99 -99 -99
-99 -99 -99 -99 -99 -99 -99 -99 -99 -99 -99 -99 -99 -99 -99
-99 -99 -99 -99 -99 -99 -99 0.860411924448474 -99 0.417620515754055 -99 -99 -1.50999362176196 -99 -99
-99 -99 -99 -0.427657176668243 -99 -99 -99 -99 -99 -99 -99 -99 -99 -99 -99
-99 -99 -99 -99 -99 -99 -99 -99 -99 -99 -2.62147272890064 -99 -99 -99 1.31668032626096
-99 -99 -99 -99 -99 -99 -99 -99 -99 -99 -99 -99 -99 -99 -99
-99 -99 -99 -99 -99 -99 -99 -99 -99 -99 -99 -99 -99 -99 -99
-99 -99 -99 -99 1.26355884486527 -99 -99 -99 -99 -99 -99 -99 -99 -99 -99
-0.931705295209722 -99 -99 -99 -99 -99 0.317832425050517 -99 -99 -99 -99 -99 -99 -99 -99
-99 -99 -99 -99 -99 -99 -99 -99 -99 -99 -99 -0.626132256263561 -99 -99 -99
-99 -99 -99 -99 -99 -99 -99 -99 -99 -99 -99 -99 -99 -99 -99
-99 -99 -99 -99 -99 -99 -99 -99 -99 -99 -99 -99 0.0962612831909054 -99 -99
-99 -99 -99 -99 -99 -99 -99 -99 -99 -99 -99 -99 0.0429501403968263 -99 -99
-99 -99 -99 -99 -99 -99 -99 -99 -99 -99 -99 -99 -99 1.49041912318293 -99
-99 0.756398400197677 -99 -99 -99 -99 -99 -99 -99 -99 -99 -99 -99 -1.56182742945037 -99
-99 -99 -99 -99 -99 -99 -99 -99 -99 -99 -99 -99 -99 -99 -99
-99 -99 -99 -99 -99 -99 -99 -99 -99 -99 -99 -99 -99 -99 -99
-99 -99 -99 -99 -99 -99 -99 -99 -99 -99 -99 -99 -99 -99 -99
-99 -99 -99 -99 -99 -99 -99 -99 -99 -99 -99 -99 -99 0.88272793575266 -99
-99 1.23030626334413 -99 -0.20118994894254 -99 -99 -99 -99 -99 -99 -99 -99 -99 -99 -99
-99 -99 -99 -99 -99 -99 -99 -99 -99 -99 1.09555765232544 -99 -99 -99 -99
-99 -99 -99 -99 -99 -99 -99 -99 -99 -99 -99 -99 -99 -99 -99
-99 -99 -99 -99 -99 -99 -99 0.670262784192839 -99 -99 0.368940685278756 1.76157882662923 2.20762548705834 -99 1.92892854399552
-99 2.65773987997459 -99 -99 -99 -99 -99 -99 0.594168677995118 0.14533907829819 -99 0.602860890111432 -99 -99 -99
-99 -99 -99 -99 -99 -99 -99 -99 0.482399137464365 -99 -99 2.12081211282742 -99 -99 -99
1.69051163790956 -0.752059693631653 -99 -99 -99 -99 -0.689588890082739 -99 -99 -99 -0.147920294295457 -99 -99 -99 -99
-99 -99 -99 -99 -99 -99 -99 -99 -99 -99 -99 -99 -99 -99 -99
1.14755481278908 -99 -99 -99 -99 -99 -99 -99 -99 -99 -99 -99 -99 -99 0.408812988381471
-99 -99 -99 -99 -99 -99 -99 -99 -99 1.96073993549311 -99 1.71511046157678 -99 -99 -99
-99 -99 -99 -0.341068959605025 -99 0.128956392895553 -99 -99 -99 -99 -99 -99 -99 -99 -99
1.80266500252337 -99 -99 -0.565668635888742 -99 -99 -99 -99 -99 -99 -99 -99 -99 -99 -99
-99 -99 -99 -99 -99 -0.184275496962677 -99 -99 -99 -99 0.40797826538772 -99 -99 -99 -99
-99 -99 -99 -99 -99 -99 -99 -99 1.57020971943801 1.24017755600741 -99 -99 -99 -99 -99
-99 0.379245018526341 -99 -99 -99 -99 0.958980330973802 -99 -99 -99 -99 -99 -99 -99 -99
-99 -99 -99 -99 -99 -99 -99 -99 -99 -99 -99 -99 3.73631883198862 -99 -99
-99 -99 -99 1.43558175668114 -99 -99 -99 -99 -99 -99 -99 -99 -99 -99 -99
-99 2.93760814117216 0.936976669124411 -99 -99 -99 0.5355437037763 -99 -99 -99 -99 -99 -99 -99 -99
0.195352317579408 -99 -99 -99 -99 -99 -99 -1.24810806028223 0.694329728989087 -99 -99 -1.79471731431234 -99 -99 -99
-99 -99 -99 4.07368779336484 -99 -99 2.01439369107684 -99 -99 -99 -99 -99 -99 -99 -99
-99 -99 -99 -99 -99 -99 -99 -99 -99 -99 2.09038090937362 -99 -99 -99 -99
-99 -99 -99 2.10981490725998 -99 -99 -99 -99 -99 -99 -99 -99 -99 -99 -99
-99 -99 -99 -99 -99 2.10581045281864 0.893649630146092 0.458953508272588 -99 -99 -99 -99 -99 -99 -99
-99 -99 -99 -99 -99 -99 -99 -99 -99 -99 -99 -99 -99 -99 -99
-99 -99 -99 -99 -99 -99 -99 -99 -99 -99 -99 -99 -99 -99 -99
-99 -99 2.99290911955172 -99 -99 -99 -99 -99 -99 2.54180061176494 -99 -99 -99 -99 1.78602787863753
-99 -99 -99 -99 -99 0.978960763845577 -99 -99 2.4488335568565 -99 -99 -99 -99 -99 -99
-99 -99 -99 -99 -99 -99 -99 -99 -99 -99 0.699294484478795 -99 -99 -99 -99
-99 -99 -99 -99 -99 -99 -99 -99 2.46430194820218 -99 -99 -99 1.59974197568062 -99 -99
-99 -99 -99 -99 -99 -0.974176825806786 -99 -99 -99 1.88100079714489 -99 -99 2.11505279873755 -99 -99
-99 -99 -99 -99 -99 -99 -99 -99 3.02647523083837 -99 -99 -1.18879996690548 1.81463476879279 -99 -99
-99 -99 -99 -99 -99 -99 -99 -99 -99 -99 -99 -99 -99 -99 -99
-99 -99 4.42075830861623 -99 -99 -99 -99 -99 -99 -99 -99 -99 -99 3.31934076370444 -99
-99 -99 -99 -99 -99 -99 -99 -99 -99 -99 -0.139635097693739 -99 1.10338326963183 -99 -99
-99 -99 -99 -99 2.18992170641362 -99 2.87644122448117 -99 -99 -99 -99 -99 -99 -99 -99
-99 -99 -99 -99 -0.17802901909736 1.90201000441359 -99 -99 -99 -99 -99 1.00236883768839 -99 -99 -99
-99 -99 -99 -99 -1.01399780698042 -99 -99 -99 -99 -99 -99 -99 -99 -99 -99
-99 -99 -99 -99 -99 -99 -99 2.98641620989656 3.48544978849123 -99 2.87298215147959 -99 -99 -99 -99
-99 1.47700997736188 -99 -99 -99 -99 -99 -99 -99 -99 -99 1.78471534701585 -99 -99 -99
-99 1.27615902953608 -99 -99 -99 -99 -99 -99 -99 -99 -99 -99 -99 -99 -99
-99 -99 -99 -99 -99 -99 -99 -99 -99 -99 -99 4.37013114736538 -99 -99 -99
-99 -99 -99 -99 -99 -99 -0.353548360423338 -99 -99 -99 -99 -99 -99 -99 -99
-99 -99 -99 -99 -99 -99 -99 -99 -99 -99 -99 -99 -99 -99 -99
-99 -99 -99 -99 -99 -99 1.38526525501439 -99 -99 3.01092574885485 -99 3.60903237151827 2.71129309867773 -99 2.23373068412802
-99 -99 -99 -99 -99 -99 -99 -99 -99 0.958190256136569 -99 -99 -99 -99 -99
-99 -99 -99 -99 -99 -99 1.9956853652532 -99 1.89272811757302 -99 -99 -99 -99 -99 -99
-99 -99 -99 -99 -99 0.748566900061807 0.490666650178224 -99 -99 -99 -99 -99 -99 -99 -99
-99 -99 -99 -99 -99 3.17404685449261 -99 2.3191446030293 -99 -99 -99 -99 -99 -99 -99
-99 -99 -99 -99 -99 -99 -99 -99 -99 -99 -99 -99 -99 -99 -99
-99 -99 -99 -99 -99 -99 -99 -99 -99 -99 -99 -99 -99 -99 -99
-99 -99 -99 -99 1.42634905247566 -99 -99 -99 -99 -99 1.81698639857242 -99 -99 -99 -99
-99 -99 2.29872964469112 -99 -99 -99 -99 -99 -99 -99 -99 -99 0.672440462368318 -99 -99
-99 4.14892629613254 -99 -99 -99 -99 -99 -99 -99 -99 -99 -99 -99 -99 -99
-99 -99 -99 -99 -99 -99 -99 -99 -99 -99 -99 -99 -99 -99 -99
-99 -99 -99 -99 -99 -99 -99 -99 -99 -99 -99 -99 -99 -99 -99
-99 -99 -99 -99 -99 -99 -99 -99 -99 -99 -99 -99 -99 -99 -99
-99 -99 -99 -99 2.81244534175004 -99 -99 4.14021723559845 -99 5.47526190518464 -99 -99 -99 -99 -99
-99 -99 -99 -99 -99 -99 -99 -99 -99 -99 -99 -99 -99 -99 1.77445681408374
-99 -99 -99 0.495205286293864 -99 -99 -99 -99 -99 -99 -99 -99 -99 -99 -99
-99 -99 -99 -99 -99 -99 -99 -99 -99 -99 -99 -99 -99 -99 -99
-99 -99 -99 -99 -99 -99 -99 -99 0.28267681126975 -99 -99 2.50094314806551 -99 3.16541226622123 -99
-99 -99 -99 -99 -99 -99 -99 -99 -99 -99 -99 0.500860063975549 -99 -99 -99
-99 -99 -99 0.397267631402883 -99 -99 -99 -99 -99 -99 -99 -99 -99 0.621731235638207 -99
-99 -99 -99 -99 -99 -99 -99 -99 -99 -99 3.34974353218763 -99 -99 -99 -99
-99 -99 -99 -99 -99 -99 0.797486082282719 -99 -99 -99 -99 -99 -99 -99 -99
-99 -99 -99 -99 -99 -99 -99 -99 -99 -99 -99 -99 -99 -99 -99
-99 0.799901867348316 -99 -99 -99 -99 -99 3.25133516488674 -99 -99 -99 -99 -99 -99 -99
-99 -99 1.79692693301696 -99 -99 -99 -99 -99 -99 -99 -99 -99 -99 -99 -99
-99 -99 -99 -99 -99 -99 -99 -0.443361839518784 -99 -99 -99 -99 -99 -99 -99
-99 -99 -99 -99 -99 -99 -99 -99 -99 -99 -99 -99 -99 -99 -99
-99 -99 0.713386774342421 -99 -99 -99 -99 -99 -99 -99 -99 -99 -99 -99 -99
-99 -99 -99 -99 -99 -99 -99 -99 -99 -99 -99 -0.689217629894197 0.887943094968829 -99 -99
-99 -99 0.323452114626835 -99 -99 -99 -99 2.25387790953721 -99 -99 -99 -99 -99 -99 -99
-99 3.20418436362638 -99 -99 -99 -99 -99 -99 -99 -99 -99 -99 -99 -99 -99
-99 -99 -99 1.6481266264766 -99 -99 -99 -99 -99 -99 -99 -99 -99 -99 -99
-99 -99 -99 -99 1.90428324620159 -99 -99 -99 -99 1.9067413701794 -99 -99 -99 -99 -99
-99 -99 -99 -99 -99 -99 -99 -99 -99 -99 -99 -99 -99 -99 -99
-99 -99 -99 -99 -99 -99 -99 -99 0.358295369178092 -99 -99 -99 -99 -99 -99
-99 -99 -99 -99 -99 -99 -99 -99 2.13688825912967 -99 0.0499880206745154 -99 -99 -99 -99
-99 -99 -99 -99 -99 -99 -99 -99 -99 -99 0.00702100288548735 -99 0.750314150622501 -1.55369544895848 -99
-99 -99 -99 -99 -99 -99 0.571050871592399 -99 -99 -99 -99 -99 -99 -99 -99
-99 -99 -99 -99 -99 -99 -99 -99 -99 -99 -99 -99 -99 -99 -99
-99 -99 3.54153050273968 -99 -99 -99 -99 -99 -99 1.90378895589437 -99 -99 -99 3.37055301770608 -99
-99 -99 3.35491612405632 -99 2.43048527344998 -99 -99 0.794476250601849 -99 -99 -99 -99 -99 -99 -99
-99 -99 -99 -99 -99 -99 1.1386555531811 -99 -99 -99 -99 -99 -99 -99 0.849423344524836
-99 -99 -0.856791747696878 -99 -99 -99 -99 -99 -99 -99 -99 0.976946272363608 -99 -99 0.766977116631553
-99 -99 1.31290627061899 -99 -99 -99 -99 -99 -99 -99 -99 -99 -99 -99 -99
-99 -99 -99 -99 -99 -99 -99 -99 -99 -99 -99 -99 -99 -99 -99
-99 -99 -99 -0.577784210896669 -99 -99 -99 -99 -99 -99 -99 -99 -99 -99 -99
-99 -99 -99 -99 -99 -99 -99 -99 -99 -99 -99 -99 -99 -99 -99
-99 -99 -99 -99 -99 -99 -99 -99 -99 -99 -99 0.377856728862105 -99 -99 -99
-99 -99 -99 -99 -99 3.92721188221461 -99 -99 -99 -99 3.81890956323099 -99 -99 -99 -99
-99 -99 -99 -99 2.07048828046111 -99 -99 -99 -99 -99 -99 -99 -99 -99 -99
-99 -99 -99 -99 -99 -99 -99 -99 -99 -99 2.2233901013581 -99 2.16134496127804 -99 -99
-99 -99 3.78954813221537 -99 -99 -99 -99 2.97641250703277 -99 -99 2.82745970249503 -99 -99 -99 4.70427551829109
1.13592795833277 -99 -99 -99 -99 -0.165726865569012 -99 -99 -0.41981814584864 -99 -99 -99 -99 -99 -99
-1.60458257335511 -99 -99 -99 -99 -99 -99 -99 -99 -99 -99 -99 -99 -99 -99
-99 -99 -99 -99 1.0533980379926 0.972335081164806 -99 -99 -99 -99 -99 -99 -99 -99 -99
-99 1.42765010579941 -99 -99 -99 -99 1.64113515061921 -99 -99 -1.15539532945759 -99 -99 -99 -99 -99
1.37107892432714 -99 -99 -99 -99 -99 -99 -99 -99 -99 -99 -99 -99 -99 -99
-99 -99 -99 -99 -99 -99 -99 -99 -0.372316488062749 -99 1.01235488405569 -99 -99 -99 -0.423446954966947
-99 -0.529051787939799 -99 -99 -99 -99 -99 -99 2.64251604315725 -99 -99 1.21787027096808 -99 -99 -99
-99 -99 -99 -99 1.06811520096755 -99 -99 -99 -99 -99 -99 -99 -99 -99 -99
-0.58641599732153 -99 -99 -99 -99 -99 -99 -99 -99 -99 -99 -99 -99 -99 -99
-99 -99 -99 -99 -99 -99 -99 -99 -99 -99 -99 -99 -99 -99 -99
-99 -99 -99 -99 -99 -99 -99 -99 -99 -99 -99 -99 -0.660804844936639 -99 -99
-99 -99 -99 -99 -0.00736530430155602 -99 -99 -99 -99 -99 -99 -99 -99 -99 -99
-99 -99 -0.0816520019283311 -99 -99 -99 -99 -99 -99 -99 -99 -99 -99 -99 -99
-99 -99 -99 -99 0.327566206225302 -99 -99 -99 -99 -99 -99 -99 -99 -99 -99
-99 -99 -99 -99 -99 -99 -99 -99 -99 -99 -99 -99 -99 -99 -99
-99 -99 -99 -99 -99 -99 0.656594777952727 -99 -99 -99 -99 -99 -99 -99 -99
-99 -99 -99 -99 -99 -99 -99 -99 -99 -99 -99 0.836245392537768 -99 -99 -99
-99 -99 -99 -99 -99 -99 -99 -99 0.869598362079648 -99 -99 -99 -99 -99 -99
1.24801001925501 1.79674660512046 -99 -99 -99 -99 -99 -99 -99 -99 -99 -99 -99 -99 -99
-99 -99 -99 -99 -0.341082829475255 -99 -99 -99 -99 -99 -99 0.462325227724324 -99 -99 -99
-99 -99 0.725062512219103 -99 -99 -99 -99 -99 -99 -99 -99 -99 -99 -99 -99
-99 -99 -99 -99 -99 -99 -99 -99 0.595216073529433 -99 -99 -99 -99 -1.4848941839652 -99
3.86150235874743 2.50755661645791 -99 -99 2.06649801613443 1.67342831005578 -99 1.21022689169455 -99 -99 -99 3.42372198640274 -99 -99 -99
-99 -99 0.709362609594927 -99 -99 -0.98853980002236 -99 -99 -99 -99 0.369679072015724 -99 -99 -99 -99
-99 -99 -99 -99 -99 -99 -99 -99 -99 -99 -99 -99 -99 -99 -99
-99 1.22465721817146 -99 -99 -99 -99 1.65204458719993 -99 -99 -99 -99 -99 -99 -99 -99
-99 -99 2.2611949722658 -99 -99 1.13705162177796 -99 -99 -99 -99 0.500731682293186 -99 -99 -99 -99
-99 0.0901268927992424 -99 -99 -99 -99 -99 -99 -99 -99 -99 2.38922362569989 -99 1.45248498110334 -99
-99 -99 -99 -99 -99 -99 -99 -99 1.57123039727148 -99 -99 -99 -99 -99 0.419982780795971
0.106195218520738 -99 -99 -99 -99 -99 -99 -99 -99 2.63887964129096 -99 -99 0.391313031764935 -99 -99
-99 -99 -99 -99 -99 -99 -99 -99 -99 -99 -99 -99 -99 -99 0.135715372851565
-99 -99 -99 -99 -99 -99 -99 -99 -99 -99 -99 -99 -99 -99 -99
-99 -99 -99 -99 -99 -1.45796316604525 -99 -99 -99 -99 -99 -99 -99 -99 -99
-99 -99 -99 -99 -99 -99 -99 -99 -99 -99 -99 -99 -99 -99 -99
-99 -99 -99 -0.402899100420685 -99 -99 -99 -99 -99 -99 -99 -99 -99 -99 -99
-99 -99 -99 -99 -99 -99 -99 -99 1.29307936814942 -99 -99 0.707272819075946 -99 -99 -99
-99 -99 -99 -99 -99 -99 -99 -99 -99 -99 -99 -0.350128969489886 -99 -99 -99
-99 -99 -99 -99 1.21464367401653 -99 -99 -99 -99 -99 -99 -99 0.299340303308871 -99 -99
-0.245180731501786 -99 -99 -99 -99 -99 -99 -99 -99 -99 2.01626879786397 -99 -99 -99 -99
-99 -99 -99 -99 -99 -99 -99 -99 -99 3.16282497507206 -99 -99 3.73926963245849 -99 -99
-99 -99 -99 -99 -99 -99 -99 -99 -99 -99 -99 2.21955534654519 -99 -99 -99
-99 -99 -99 -99 -99 -99 -99 -99 -99 -99 -99 -99 -99 -99 -99
-99 -99 -99 -99 -99 -99 -99 -99 -99 -99 -99 -99 -99 -99 -99
-99 -99 -99 -99 -99 -99 -99 -99 -99 -99 0.900264572957117 -99 -99 -99 -99
-99 -99 1.88617834747006 -99 -99 -99 -99 -99 0.831065701436421 -99 -99 -99 -99 -99 -99
-99 -99 -99 -99 -99 -99 -99 -99 -99 -99 -99 -99 -99 -99 -99
1.4607245211854 -99 -99 -99 -99 -99 -99 -99 -99 -99 -99 -99 -99 -99 -99
-99 2.15929355215339 2.69540702078106 -99 1.358571378758 -99 -99 -99 -99 -99 -99 -99 -99 -99 -99
-99 -99 -99 -99 -99 -99 -99 -99 -99 -99 -99 -99 -99 -99 -99
-2.39816633736392 -99 -99 -99 -99 -99 -99 -99 -99 -99 -99 -99 -99 -0.416511313287271 -99
-99 -99 -99 -99 -99 -99 -99 -99 -99 -99 -99 -99 -99 -99 -99
-99 -99 -99 -99 -99 4.06956267090908 -99 -99 -99 -99 -99 -99 -99 -99 -99
-99 -99 -99 -99 -99 -99 -99 -99 -99 -99 -99 3.05203515094315 -99 -99 -99
-1.26325795650525 -99 -99 -99 -1.0451430223595 -1.58360943429433 -1.82088166417603 -99 -99 -99 -99 -99 -99 -0.910263080788156 -99
-99 -99 -99 -99 -99 -99 -99 -99 -99 -99 -99 -99 -99 -99 -99
-99 -99 -99 -99 -99 -99 -99 -99 -99 -99 -99 -99 -99 -99 -99
-99 -99 -99 1.74676386963724 -99 -99 -99 -99 -99 -99 -99 -99 -99 -99 -99
-99 -99 -99 -99 -99 -99 -99 -99 -99 -99 -99 -99 -99 1.60691985260074 -99
-99 -99 -99 1.59875434464423 -99 -99 -99 -99 1.48158840353779 -99 -99 -99 -99 -99 -99
-99 -99 -99 -99 -99 -99 -99 -99 -99 -99 -99 -99 -0.910935864101806 -99 -99
-99 -99 -0.899765066919646 -99 -99 -99 -99 -99 -99 -99 -99 -99 -99 -99 -99
-99 -99 -99 1.67162973938374 -99 -99 -99 -99 -99 -99 -99 -99 -99 0.869556946681511 -99
-99 -99 -99 -99 -99 -99 -99 -99 -99 -99 -99 -99 -99 -99 -99
-99 -99 1.11450706129599 -0.334437262121332 -99 -99 -99 -99 -99 -99 -99 -99 1.41177041008714 -99 -99
-99 -99 -99 -99 -99 -99 -99 -99 -99 1.00720044528815 -99 -99 -99 -99 -99
-99 1.97880863355646 -99 -99 -99 -99 -99 -99 -99 -99 -99 -99 -99 -99 -99
-99 -99 -99 -99 -99 -99 -99 -99 -99 -99 -99 -99 -99 -99 1.67095937450186
-99 -99 -99 -99 -99 -99 -99 -99 -99 -99 -99 -99 -99 -99 -99
-99 -99 -99 -99 1.78708030233578 -99 -99 -99 1.94847604681083 -99 -99 -99 -99 -99 -99
-99 -99 -99 -99 -99 -99 -99 -99 -99 1.00115527361093 -99 1.85238870820632 -99 -99 -99
-99 -99 -99 -99 -99 -99 -99 -99 -99 -99 -99 -99 -99 -99 -99
-99 -99 -99 -99 -99 -99 -99 -99 -99 -99 -99 -99 -99 -99 -99
-99 -99 -99 -99 -99 -99 -99 -99 -99 -99 -99 -99 -99 -99 -99
-99 -99 -99 0.00166615293008276 -99 -99 -99 -99 -99 -99 -99 -99 -99 -99 -99
-99 1.20055705376843 -99 -99 -99 -99 1.04683749816115 -99 -99 -99 -99 -99 -99 -99 -99
-99 -99 -99 3.55386743372221 -99 -99 4.78215107733294 -99 -99 -99 -99 -99 -99 -99 -99
-99 -99 3.54663846977878 -99 -99 -99 2.98349271003429 -99 4.2510837391305 -99 -99 -99 -99 -99 -99
1.13450255689993 -99 -99 0.120764207965647 -99 -99 -99 -99 -99 -99 -99 -99 -99 -99 -99
1.40687860125863 -99 -99 0.834609878819649 -99 -99 -99 -99 -99 -99 -99 -99 -99 -99 -99
-99 -99 -99 -99 -99 -0.174977668196272 -99 -99 -99 0.218534172587029 -99 -99 -99 -99 -99
-99 2.78146129934138 -99 -99 -99 -99 -99 -99 -99 -99 -99 -99 -99 -99 -99
-99 -99 -99 1.64390641009592 -99 -99 0.393583947935306 -99 -99 -99 -99 -99 -99 -99 -99
-99 -99 -99 -99 -99 -99 -99 1.29855059516827 -99 -99 -99 -99 -99 -99 -99
-99 -99 -99 -99 -99 -99 -99 -99 -99 -99 -99 -99 -99 -99 -99
0.762704274179618 -99 -99 1.25322438139618 -99 -99 -99 -99 -99 -99 -99 -99 -99 -99 -99
-99 -99 -99 -99 -99 -99 -99 -99 -99 -99 -99 2.68329896139413 2.29783732460939 -99 -99
-99 -99 -0.372835235968171 -99 -99 -99 -99 -99 -99 0.863010997767897 -0.701833638566251 -99 -0.874266561547163 -99 -99
0.627313091572017 -99 -99 -99 -99 0.0447532909291155 -99 -99 -99 -99 -99 -99 -99 -99 -99
-99 -99 -99 -99 -1.85994941860657 -99 -1.41299765363563 -99 -99 -99 -99 -99 -99 -99 -99
-99 -99 -99 -99 -99 -99 2.13598432115518 -99 -99 -99 -99 0.415105763514009 -99 -99 -99
-99 2.9391139714598 -99 -99 -99 -99 -99 -99 -99 -99 -99 -99 -99 -99 -99
1.63969832403898 -99 -99 0.0902874496215333 -99 -99 -99 -99 -99 -99 -99 -99 -99 -99 -99
-99 -99 -99 -99 -99 -99 -99 -99 -99 -99 -99 -99 -99 -99 -99
-99 -99 -99 -0.833897947501659 -99 -99 -99 -99 -99 -0.647024038122249 -99 -1.75044714129552 -99 -99 -99
-99 -99 -99 -99 -99 -99 -99 -0.31941436004572 -99 -99 -99 -1.00061651931747 -99 -99 -99
-99 -99 -99 -99 -99 -99 -99 -99 -99 -99 -99 -99 -99 -0.934279384769008 -99
-99 -99 -99 -99 -99 -99 -99 -99 -99 -99 -99 -99 -99 -99 -99
-99 -99 0.906815447838473 0.885316623905431 -99 -99 -99 -99 -99 -99 -99 -99 -99 -99 -99
-99 -99 1.73837388794192 0.329114947419133 -99 -99 -99 -99 -99 -99 1.06059452427367 -99 -99 -99 -99
-99 -99 -99 -99 -99 -99 -99 -2.4434262099961 -99 -99 -99 -99 -99 -99 -99
-99 -99 -99 -99 -99 -99 -99 -99 -99 1.39617972601656 -99 1.94631345065479 -99 -0.459341847013872 -99
-99 -99 1.17921330541508 -99 -99 0.226824843383196 -99 -99 -99 0.208380219789122 -99 -99 -99 -99 -99
-99 -99 -99 -99 0.329953025791676 -99 -99 -99 -99 -99 -99 -99 -99 0.485983494363792 -99
-99 -99 -99 -99 -99 -99 -99 -99 1.02455097314601 -99 -99 -99 -99 -99 2.65018092688049
-99 -99 -99 -99 -99 -99 -99 -1.55942424165623 -99 -99 -99 -99 -99 -99 -99
-99 -99 -99 -99 -99 -99 -99 -99 -99 2.38757638211109 -99 -99 -99 -99 -99
-99 -99 -99 -99 -99 -99 -99 -99 -99 -99 -99 -99 -99 2.43590738730109 -99
-99 1.40255384533657 -99 -99 -99 -99 -99 -99 -99 -99 -99 -99 -99 -99 -99
-99 -99 -99 -99 -99 -99 -99 -99 -99 -99 -99 -99 -99 -99 1.34226485187299
-99 -99 -99 -99 -99 -99 -99 -1.2002932880173 -1.40880997278237 0.813527522739565 -99 -99 -99 -99 -99
-99 -99 -99 -99 3.51398978723474 -99 -99 -99 -99 -99 -99 -99 -99 -99 -99
-99 -99 -1.57017841650896 -99 -99 -99 -99 -99 -99 -99 -99 -99 -99 -99 -99
-99 -99 -99 -99 -99 -99 -99 -99 -99 -99 -99 -99 -99 -99 -99
-99 -99 -99 -99 -99 -99 -99 -99 -99 -99 -99 -99 -99 -99 -99
-99 -99 -99 -99 -99 -99 -99 -99 -99 -99 -99 -99 -99 -99 -99
-99 -99 -99 -99 -99 -99 -99 -99 -99 -99 -99 -99 -99 1.27067955197908 -99
-99 -99 -99 -99 -99 0.311653298455604 -99 -0.333471524968037 -99 -99 -99 -99 -99 -99 -99
-99 -99 -99 -99 -99 -99 -99 1.76310769511023 -99 -99 -99 -99 -99 -99 -99
-99 0.836387117803098 -99 -99 -99 -99 -99 -99 -99 -99 -99 -99 1.89146360085327 2.63710012363896 -99
-99 -99 0.291515316176932 -99 -99 -99 -99 -99 -99 -99 -99 -99 0.560175800881253 -99 -99
-99 2.29203519015211 -99 -99 -99 -99 -99 -99 -99 -99 -99 -99 -99 -99 -99
1.31404122211286 -99 -99 -99 -99 -99 -99 -99 -99 -99 -99 -99 -99 -99 -99
-99 -99 -99 -99 -99 -99 -99 -99 -99 -99 -99 -1.59204784131794 -99 -99 -99
-99 -99 2.58308270034048 -99 -99 -99 -99 -99 -99 -99 -99 -99 -99 -99 -99
-99 -99 -99 -99 -99 -99 -99 -99 -99 -99 -99 -0.110574742549458 -99 -99 -99
-99 -99 -99 -99 -99 -99 -99 -99 -99 -99 0.852860625391066 0.822164767188726 -99 -99 -99
-99 -99 -99 -99 -99 -99 -0.0826831455449919 -99 -99 -99 0.735260597305343 -99 -99 -99 -99
-99 -99 -99 -99 -99 -99 -99 -99 -99 -99 -99 1.3439822743595 3.62866532240076 -99 -99
-99 -99 -99 -99 -99 -99 -99 -99 -99 -99 -99 -99 -99 1.79578732705329 -99
-99 -99 -99 -99 -99 -99 -99 -99 -99 -99 -99 -99 -99 -99 -99
-0.622472020422383 0.874802660244197 -99 -99 -1.73671598001039 -99 -99 -99 -99 -99 -99 -99 -1.31488604817281 -99 -99
-99 -99 -99 -99 -99 -99 -99 -99 -99 -99 -99 0.674509036507398 -99 1.67969941016163 -99
-99 -99 0.244865778521446 -99 -99 -0.2689013276397 -99 -1.0796228280106 -99 -99 -99 -99 -99 -99 -99
-99 -99 -99 -99 -99 -99 -99 -99 -99 -99 -99 -99 1.6591336009797 0.0430247451531388 -99
-99 -99 -99 -99 -99 -99 -99 -99 1.29035344994413 -99 -0.797102371226195 -99 2.16683741541001 -99 -99
-99 -99 -99 -99 -99 -99 -99 -99 -99 -99 -99 -99 -99 -99 -99
-99 -99 -99 -99 -0.307578828555993 -99 1.04175056128502 -99 -99 -99 -99 -99 -99 -99 -99
-99 -99 -99 -99 -99 -99 -99 -99 -99 -99 -99 -99 -99 -99 -99
-99 -99 -99 -99 2.77327422421718 -99 -99 -99 -99 -99 -99 -99 1.09218665204075 -99 -99
-99 -99 -99 -99 2.12726705471279 -99 -99 -99 -99 -99 -99 -99 -99 -99 -99
-99 -99 3.73572040239797 -99 -99 -99 -99 -99 -99 -99 -99 -99 -99 -99 3.62180759618641
-99 -99 -99 -99 -99 0.256322693089159 0.149049068059285 -99 1.44388201494925 -99 -99 1.0533941524175 -99 -99 -99
-99 -99 -99 -99 -99 -99 -99 -99 -99 -99 -99 -99 3.01642383510389 -99 -99
-99 -99 -99 -99 -99 -99 -99 2.3800797134145 0.442305503143484 -99 -99 -99 -99 -99 -99
-99 -99 -99 -99 -2.32493073438862 -99 -99 -99 -99 -99 -99 -99 0.0403629474880682 -99 -99
-99 -99 1.28278987207768 -99 -99 -99 -99 -99 -99 -99 -99 0.341076889410708 -99 -99 -99
1.6577173357242 -99 -99 -99 -99 -99 -99 -99 0.912924585981536 -99 -99 -99 -99 -99 -99
-99 -99 -99 -99 -99 -99 -99 0.775989339563688 -99 -99 0.939830259653056 -99 -99 -99 -99
-99 -99 -99 -99 -99 -99 -99 -99 -99 -99 -99 -99 1.86977846931273 -99 -99
-99 -99 -99 -99 -99 -99 -99 -99 -99 -99 -99 0.46412487642851 -99 -99 -99
-99 -99 -99 -99 -99 -99 -99 -99 -99 -99 -99 -99 -99 -99 -99
-99 -99 -99 -99 -99 -99 -99 3.70496809011324 -99 -99 -99 -99 1.28040797209708 1.65531751255068 -99
-99 -99 -99 -99 -99 -99 -99 -99 -99 -99 -99 1.76741979578196 -99 -99 -99
-99 -99 -99 -99 -99 -99 -99 -99 -99 -99 -99 -99 2.88159277277651 -99 -99
-99 -99 -99 -99 -99 -99 -99 -99 -99 -99 -99 -99 2.33953992457095 -99 -99
-99 -99 -99 -99 -99 -99 -99 -99 -99 -99 -99 -99 -99 -99 1.07935360681459
-99 -99 -99 -99 -99 -99 -99 0.790707752476248 -99 -99 0.65350564711305 0.0384403507106683 -99 -99 -99
-99 -99 -99 -99 -99 1.22313262155365 -99 -99 -99 -99 -99 -99 -99 -0.977838796673073 -99
-99 -99 -99 -99 -99 1.48655876757969 -99 -99 -99 -99 -99 -99 -99 -99 -99
-99 -99 -99 -99 -99 -99 -99 -99 -99 -99 -99 -99 -99 -99 -99
-99 -99 -99 -99 -99 -99 -99 -99 -99 -99 -99 -99 -99 0.0610329618116572 -99
-99 -99 -99 -99 -99 -99 -1.07774631799024 -99 -99 -99 -99 -99 -99 -99 -99
-99 -99 -99 -99 -99 -99 -99 -99 -99 -99 -99 -99 -99 -99 -1.02916384981762
-99 1.06389070129071 -99 -99 -99 -99 -99 -99 -99 3.00950701535707 1.11868640452754 -99 -99 0.737903463704785 -99
-99 -99 -99 -99 -1.34164634902027 -99 -99 -99 -99 -99 -99 -99 -99 -99 -99
-99 -99 0.167154884686707 -99 -99 -99 -99 -99 -99 2.02372825567274 -99 -99 -99 -99 -99
-99 -99 -99 -99 -99 -99 -99 -99 -99 -99 -99 -99 0.486964206016356 -99 -99
-99 -99 -99 -99 -99 -99 -99 -99 1.63148469837645 -99 -99 -99 -99 -99 -99
-99 -99 -99 -99 -99 -99 1.33422155229721 1.40375900382623 -99 -99 -99 -1.41412869171236 -99 -99 -99
-99 -99 -0.205313962966212 -99 -99 -99 -99 -99 -99 -99 -99 -99 -99 -99 -99
-99 -99 -99 -99 -99 -1.45138921993321 -99 -99 -99 -99 -99 -99 -99 -99 -99
-99 -99 -99 -99 -99 -99 -99 -99 -99 -99 -0.269930507257891 -99 -99 -99 -99
-99 -99 -99 -99 -99 -99 -99 -99 -0.0739854374271733 -99 -99 -99 -99 -99 -99
-99 -99 -99 -99 -99 -99 -99 -99 -99 -99 -99 -99 -99 3.15396783142876 -99
-99 -99 -99 -99 -99 -99 -99 -99 -0.442390575005574 -99 -99 -99 -99 -99 -0.446428992187067
-99 -99 -99 -99 -99 0.243224194378914 -99 -99 -99 -99 -99 -99 -99 0.99398373825099 -99
2.31897112247226 -99 -99 -99 -99 -99 -99 -99 -99 -99 -99 -99 -99 -99 -99
-99 -99 -99 -99 -99 -99 -99 -99 -99 -99 -99 -99 -99 -99 -99
-99 -99 1.45200529143759 -99 1.99482111498002 -99 -99 -99 -99 -99 -99 -99 -99 0.12759846399618 -99
0.0435461478351393 -99 -99 -99 -99 -99 -99 -99 -99 -99 -99 -99 -99 -99 -99
-99 -99 -99 -99 -99 -99 -99 -99 -99 -99 -99 -99 -99 -99 2.53848437510341
-99 -99 -99 -99 -99 -1.26456189054675 -99 -1.10222671203702 -99 -99 -99 -99 -99 -99 -99
-99 -99 -99 -99 -99 -99 1.56508407480401 -99 -99 0.406059728082087 -99 -99 -99 -99 -0.0583013700441886
-99 0.589556656878696 -99 -99 -99 -99 -99 -99 -99 -99 -99 -99 -99 -99 -99
-99 0.80416348534396 -99 -99 -99 -0.350170345367978 -99 -99 2.82111136557833 -99 -99 -99 -99 -99 -99
-99 -99 -99 -99 -99 -99 -99 -99 -99 -99 -99 -99 -99 -99 -99
-99 -99 -99 3.20928350154371 -99 -99 -99 -99 -99 -99 -99 -99 -99 -99 -99
-99 -0.394555458059763 -99 1.0408701781513 -99 -99 -99 -99 -99 -99 0.439844758445327 -99 -99 -99 -99
-99 -99 -99 -99 -99 -99 -99 -99 -99 -99 -99 -99 -99 -99 -99
-99 2.61934617270668 -99 -99 0.422851458294955 -99 -99 -99 -99 -99 -99 -99 -99 -99 -99
-99 -99 -99 -99 -99 -99 -99 -99 -99 -99 -99 -99 -99 -99 -99
-99 -99 -99 -99 3.90805576114234 -99 -99 -99 -99 -99 -99 -99 3.46753370819051 -99 -99
0.831123647156834 -99 -99 -99 -99 -99 -99 -99 -99 -99 -99 -99 -99 -99 -99
-99 -99 -99 -99 -99 -99 -99 -99 -99 -99 -99 -99 2.3201181731113 -99 -99
-0.385676009163344 -99 -99 -2.55590906933228 -99 -99 -99 -99 -99 0.362372616397984 -1.06278625003719 -99 -99 -99 -99
-99 -99 -99 -0.861935644299597 -99 -99 -3.03360346934345 -99 -99 -99 -99 -99 -99 -99 -99
-99 -99 -99 -99 -99 -99 -99 -99 -99 -99 -99 -99 -99 3.43799380176951 -99
-0.979707161714738 -99 -99 -99 -99 -99 -99 -99 -99 -99 -1.01408566092471 -99 -99 -99 -1.15802345989928
-99 -99 -99 1.36445264852626 -99 -99 -99 -99 -99 -99 -99 -99 -99 2.58269960614495 0.287257035892517
-99 -99 -99 -99 -99 -99 -99 -99 -99 -99 -99 -99 -99 -99 -99
-99 -99 -99 1.22917083533583 -99 -99 -99 -1.17371594455511 -99 -99 -99 1.38989400918592 -99 -99 -99
-99 -99 -99 -99 -99 -99 -99 -99 -99 -99 -99 -1.21795672227889 -99 -99 -99
-99 -99 -99 -99 2.98039098440827 -0.693566270793954 -99 -99 -99 -99 -99 -99 -99 -99 -99
-99 -99 -99 -99 -99 -99 -99 0.210416476988299 -99 -1.08203416804586 1.39804370534533 -99 0.688186585677276 -99 -99
-99 -99 -99 -99 -99 -99 -99 -99 -99 0.361710984077384 -99 -99 -99 -99 -99
-99 -99 -99 -99 2.0465550382872 -99 -99 -99 -99 -99 4.28357508679692 1.53738699903144 2.75655913987743 -99 -99
3.72610923233944 -99 -99 -99 -99 -99 1.47950845479311 -99 -99 -99 -99 -99 -99 -99 -99
-99 -99 0.410944583399483 1.92773662248814 1.8889845782586 -99 -99 -99 -99 2.70519703988887 -99 -99 -99 -99 -99
-99 2.23258611296578 -99 -99 -99 -99 -99 -99 -99 -99 1.28070600784596 -99 -99 -99 -99
-99 -99 1.03105257036348 -99 -99 -99 -99 -99 -99 1.14330801528696 -99 -99 -99 -99 -99
2.69060863934719 -99 -99 -99 1.22765122837556 -99 -0.348160899568592 -99 0.545886214448262 -99 -99 -99 -99 -99 -99
-99 -99 -99 -99 0.59550382934931 -99 -99 -99 -99 -99 -99 -99 -99 -99 -99
-99 -99 -99 2.54915849376495 -99 -99 -99 -99 -99 -99 -99 -99 -99 -99 -99
-99 -99 -99 -99 -99 -99 -99 -99 -99 -99 -99 1.51588925528429 -99 -99 -99
-99 -99 -99 -99 -99 -99 -99 -99 -99 -99 -99 -99 -99 -99 -99
-99 0.168312199913397 -99 -99 -99 -99 -99 -99 -99 -99 -99 -99 1.48687923427404 -99 -99
-99 -99 -99 3.11490801836847 -99 -99 -99 -99 -99 -99 -99 -99 -99 -99 -99
-99 -99 -99 -99 2.15563413980355 -99 -99 -99 -99 -99 -99 -99 -99 -99 -99
-99 -99 -99 0.482893304233319 -99 -99 -99 -99 -99 -1.30832525372022 -99 -99 -99 -99 -99
-99 -99 -99 -99 -99 -99 -99 -0.613047978083976 -99 -0.799701489954889 -99 -99 -99 -99 0.765109631374855
-99 -99 -99 -99 -99 0.424253321514127 -99 -99 -99 -99 0.869611335338566 -99 -99 -99 -99
-99 1.10895108567957 -99 -99 -99 -99 -99 -99 -99 -99 -99 -99 -99 -99 0.634492265259764
-99 -99 -99 -99 -99 -99 -99 -99 -99 -99 1.39649206674575 -99 -99 -99 -99
1.47665739176372 -99 0.471800520458225 -99 -99 -99 -99 -99 -99 -99 -99 -99 -99 -99 -99
-99 -99 -99 -99 -99 -99 -99 -99 -99 -99 -99 -99 -99 -99 -99
-99 -99 -99 -99 -99 -99 -99 -99 -99 -99 2.30210887733546 -99 -99 -99 -99
-99 -99 -99 0.175670116292174 -99 -0.661625621326161 -99 -99 -99 -99 -99 -99 -99 -99 -99
-99 2.79275253952857 -99 -99 -99 -99 -99 0.0343838680138298 1.00898163041316 -99 -99 -99 -99 -99 -99
-99 -99 -99 -99 -99 -99 -99 -0.147396736289646 -99 -99 -99 1.68618113548235 -1.21411449380193 -99 -99
-99 -99 -99 1.63627501027113 -99 -99 -99 -99 -99 -99 -99 -99 -99 1.88058647064648 -99
-99 -99 -99 -99 1.4093456261167 -99 -99 -99 -99 0.534304195108544 -99 -99 -99 0.0944090786600228 -99
-99 -99 -99 -99 -99 -99 -99 -99 -99 -0.563364021785842 -99 -99 -99 -99 -99
-99 0.750727407393606 -99 -0.702223042472361 -99 -99 -99 -99 -99 -99 -99 -99 -99 -99 -99
-99 -99 -99 3.37566146946289 -99 -99 -99 -99 -99 -99 -99 -99 -99 -99 -99
-99 -99 -99 -99 -99 -99 -99 -99 -99 -99 -99 -99 1.12367257501462 -99 -99
-99 -99 -99 0.287671232610071 -99 -99 -99 -99 -99 -99 0.978917131472842 -99 -99 -99 -99
-99 -99 -99 1.02590182346447 -99 -99 -99 -99 -99 -99 -99 -99 -99 -99 -99
-99 -99 -99 -99 -99 -99 -99 -99 -1.6840992312928 -99 -99 -99 -99 -99 -99
-99 -99 -99 -99 -99 -99 -99 -99 -99 -99 -99 -99 -99 -99 -99
-99 -99 -99 -99 -99 -99 -99 -99 -99 -99 -99 -99 -99 -99 -99
-99 -99 -99 -99 -99 -99 1.28266946432244 -99 -99 -99 -99 -99 -99 -99 -99
1.23181471460791 -99 -99 -99 -99 -99 -99 -99 -99 -99 -99 -99 -99 -99 -99
-99 -99 -99 -99 -99 -99 0.916959072494865 -99 -99 -99 0.61987770612221 -99 -99 -99 -99
1.43409548594682 -99 -99 -99 -99 -99 -99 -99 -99 -99 -99 1.36775839009949 -99 -99 -99
-99 -99 -99 -99 -99 -99 -99 -99 -99 -99 -99 -1.00398881271533 -99 -99 -99
-99 -99 -99 -99 -99 -99 -99 0.99263339637784 1.35874786846961 -99 -99 -99 0.109874187113076 -99 -99
-99 -99 -99 -99 1.59874452219851 -99 -99 -99 -99 -99 -99 -99 -99 -99 -99
-99 -99 -99 0.0124711346588251 -99 -99 -99 1.25118245862356 -99 -99 -99 -99 -99 -99 -99
-99 -99 -99 -99 -99 -99 -99 2.92964819453189 -99 -99 0.671110503983412 -99 -99 -99 -99
-99 -2.29927763021951 -99 -99 -99 -99 -99 -99 -99 -99 -99 -99 -99 -99 -0.826823657730838
-99 -99 -99 -99 -99 -99 -99 -99 -99 -99 -99 -99 2.10905177128274 -99 -99
-99 -99 -99 -99 -99 -99 -99 -99 -99 -0.310288971966015 -99 -0.249452862078483 -2.09542102503731 -99 -99
-99 -99 -99 -99 -99 -99 -99 -99 -99 -99 -99 -99 -99 -99 -99
-99 -0.353151069554389 -99 -99 -99 -99 -99 -99 -99 -99 -99 -99 -99 -99 -99
-99 -99 -99 -99 -99 -99 -99 -99 -99 -99 -99 -99 -99 -99 -99
-99 -99 -99 -1.69239019626445 -99 -99 -99 -99 1.02713574398868 0.709430820024509 -99 0.0783438058527814 -99 -99 -99
-99 -99 -99 -99 -99 -99 -99 -99 1.93553656883791 -99 -99 -99 -99 0.551815543836481 -99
-99 -99 -99 -99 -99 -99 -99 -99 -99 -99 -99 -99 -99 -99 -99
-99 -99 -99 -99 -99 1.65251730791647 -99 -99 -99 -99 -99 -0.351315569067651 0.245696576915809 -99 -99
-99 -99 -99 -99 -99 -99 -99 -99 -99 -99 -99 1.85118017889145 -99 -99 -99
-99 -99 -99 -99 -99 -99 -99 -99 -99 -99 -99 -99 -99 -99 -99
-99 1.4523890793802 -99 1.31435594475312 -99 -99 -99 -99 -99 2.48916419633066 -99 -99 -99 -99 1.92783493357028
-99 -99 -99 -99 -99 3.11387692240422 -99 2.27550829716794 -99 -99 -99 -99 -99 -99 -99
-99 -99 -99 -99 -99 -99 -99 -99 -99 -99 -99 -99 -99 -99 -99
-99 -99 -99 -99 -99 -99 -99 -99 -99 -99 -99 -99 -99 -99 -99
-99 -99 -99 -99 -99 -99 0.344635865408697 -99 -99 -99 -99 -99 -0.199471821828316 -99 -99
-99 -99 -99 0.274044068180522 -99 -99 -99 -99 -99 -99 -99 -99 -99 -99 -99
-99 -99 -99 -99 -99 -99 -99 -99 -99 -99 -99 -99 -99 -99 -99
-99 -99 -99 1.46120470420843 -99 -99 -99 -2.13513270767262 -99 1.111281640063 -99 -99 -99 -99 -99
-99 0.0776463254538282 0.788771597876235 -99 -99 -99 -99 -99 0.938219128826462 -99 -99 -99 -99 -99 -99
-99 -99 -99 -99 -99 -99 -99 -99 -1.16365690633395 -99 -2.29327985205383 -99 -99 -99 -99
-99 -99 -99 -99 -99 -99 -99 -99 -99 -99 -99 -99 -99 -99 -99
-99 -99 -99 -99 -99 -0.0793929790153012 -99 -99 -99 -99 -99 -99 -99 -99 -99
-99 -99 -99 0.0146922675147246 -99 -99 -99 -99 -99 -99 -99 -99 -99 -99 -99
-99 -99 -99 -99 -99 -99 0.622932548743222 -0.0242394011609304 -99 -99 -99 -99 -99 -99 -99
-99 -99 -99 -99 2.61606634816638 -99 -99 -99 -99 -99 -99 -99 -99 -99 -99
-99 -99 -99 -99 -99 -99 -99 -99 -99 -99 -99 -99 -99 2.35462549921903 -99
-99 -99 -99 -99 -0.637772958413423 -99 -99 -99 -99 -99 -99 -99 -99 -99 -99
-99 -99 -99 -99 -99 -99 -99 -99 -99 -99 -99 -99 -99 -99 0.481316362870804
-99 -99 -99 -99 -99 -99 -99 -99 -99 -99 -99 -99 2.84402368725631 -99 -99
-99 -99 -99 -99 -99 -99 -99 -99 -99 -99 -99 -99 -99 1.26846926219536 -99
-99 -99 -99 -99 -99 -99 -99 -99 -99 -99 -99 -99 -99 3.70800403205347 -99
-0.698863708232665 -99 -99 -99 -99 -99 -99 -99 -99 -99 -99 -99 -99 -99 -99
-99 -99 -99 -99 -99 -99 -99 -99 -99 -99 -99 -99 -99 -99 -99
-99 -99 -99 -99 -99 -99 0.540553918599558 -99 -99 -99 -0.549242982497856 -99 -99 -99 -99
-99 -99 -0.474660851332608 -99 -99 -99 1.90033815774261 2.40775768181572 1.89017062164008 -99 -99 -99 -99 -99 -99
-99 -99 -99 -99 -99 -99 -99 -99 -99 -99 -99 -99 -99 -99 -99
-99 -99 -99 -99 -99 -99 -99 -99 -99 -99 -99 -99 -99 -99 -99
-99 -99 -99 -99 -99 -99 -99 -99 -99 -99 -99 -99 -99 -99 0.416417533938379
-99 -99 -99 -99 -99 -99 -99 0.318666579888378 -99 -99 -99 -99 -99 0.0558574763906197 -99
-99 -99 0.547528862002275 -99 -99 -99 -99 -99 -99 -99 -99 -99 -99 -99 -99
-99 -99 -99 -99 -99 -99 -99 -99 -99 -99 -99 -99 -99 -99 0.49633235781136
-99 -99 -99 -99 -99 -99 -99 -99 -99 -99 -99 -99 -99 1.38792356270917 1.27032411149996
1.72359742936054 -99 -99 -99 -99 -99 -99 2.94645073700667 1.23961022891434 -99 -99 -99 0.65851929042695 -99 -99
-99 -99 -99 -99 -99 -99 2.68966904002591 -99 -99 -99 -99 -99 1.42253774771649 -99 -99
-99 -99 -99 -99 -99 -99 -99 -99 -99 3.5188593600357 -99 -99 0.383299305825119 1.27330022923675 -99
0.456600393405343 -99 -99 -99 1.53651024953518 -99 -99 -99 -99 -99 -99 2.74783114443909 -99 2.58131110517718 -99
-99 -99 -99 2.17476335240815 -99 2.74710876488649 -99 -99 -99 1.69012014024463 -99 -99 -99 -99 -99
-99 -99 -99 -99 -0.614727293098396 -99 -99 -99 -1.54985304984374 -99 -99 -99 -99 -99 -99
-99 -99 -99 -99 -99 -99 -99 -99 -99 -99 -99 -99 -99 -99 -99
-99 0.824775790329338 -99 -99 -99 -99 -99 -99 -99 -99 -0.356865327047005 -99 -99 0.123090407173347 -99
0.293399075573427 -99 -99 -99 -99 -99 -99 -99 -99 -99 -99 -99 0.575334284927925 -99 -99
-99 -99 -99 -99 -99 -99 -99 -99 -99 0.870318610458753 -99 -99 -99 -99 -99
-99 -99 -99 -99 -99 -1.90626374928032 -99 -99 -99 -99 -99 -99 -99 -99 -99
-99 -99 -99 -99 -99 -99 -99 -99 -99 -99 -99 -99 -99 -99 -99
-99 -99 -99 -99 -99 -99 -0.923971185829576 -99 -99 -99 -99 -99 -99 -99 -99
-99 -99 -99 -99 -99 -99 -99 -99 -99 -99 -99 -99 -99 -99 -99
-99 -99 -99 -99 -99 -99 -99 -99 -99 -99 -99 -99 -99 -99 -99
-99 -99 -99 -99 -99 -99 -99 -99 -99 2.04420617688672 -0.550508531377401 -99 2.17446541486339 0.0417256069121528 -0.450808261385579
-99 -99 -99 -99 -99 -99 -99 -99 -99 -99 -99 -99 -99 -99 -99
-99 -99 -99 -99 1.16539497746699 -99 -99 -99 -99 -99 -99 -99 -99 -99 1.3096071721982
-99 -99 -99 -99 0.814805514885659 -99 -99 -99 -99 -99 -99 -99 -99 -99 -99
-99 -99 -99 1.18292739922931 -99 -99 -99 -99 -99 -99 -99 1.19659281215085 -99 -99 -99
0.00688206352863208 -99 -99 -99 -99 -99 -99 -99 -99 -99 -99 -99 -99 2.22404441417822 -99
-99 -99 -99 -99 -99 -99 -99 -99 -99 -99 -99 -99 -99 -99 -99
-99 -99 -99 -99 -99 -0.445237830331557 -99 -99 -99 -99 1.24914457057637 -99 -99 1.78348021971829 -99
-99 -99 -99 -99 -99 -99 -99 0.954614516986808 -99 -99 -99 -99 -99 -99 -99
-99 -99 -99 -99 -99 -99 -99 -99 -99 -99 -99 -99 -99 -99 -99
-99 -99 -99 1.11698325892256 -99 -99 -99 -99 -99 -99 -99 -99 -99 -99 -99
0.920965483933688 -99 -99 -99 -99 -99 -99 -99 -99 -99 -99 -99 -99 -99 -99
3.15265306507214 -99 -99 -99 -99 -99 -99 -99 -99 -99 -99 -99 -99 -99 -99
-0.373718785177899 -99 -99 -99 -99 -99 -99 -99 -99 -0.675764260097701 -99 -99 -1.97044346872563 -99 -99
-99 0.158838871130545 -99 -99 1.7768657582853 1.6973271037183 -99 -99 -99 0.548785781889302 -99 -99 -99 -99 -99
-99 -99 -99 -99 -99 -99 -99 -99 -99 -99 -99 -99 -99 -99 -99
-99 -99 -99 -99 -99 -99 -99 -99 -0.34076659866618 -99 -99 -99 -99 -99 -99
-99 -99 -99 -99 -99 2.98944678791865 -99 -99 -99 3.27027200754635 -99 -99 4.69404820301786 -99 -99
-99 -99 -99 -99 -99 -99 -99 -99 -99 -99 -99 -99 -99 -99 -99
-99 -99 -99 -99 -99 -99 -1.93961428885645 -99 -99 -99 -99 -99 -99 -0.541282476355368 -99
-99 -99 -99 -99 -99 -1.89455886672854 0.68739775186174 -99 -99 0.53360750932206 -99 -99 -2.44417999117605 -99 -99
-99 0.449303462062101 -99 -0.150366554545205 -99 -99 -99 -99 -99 -99 1.25244758302608 -99 -99 -99 -99
-99 -99 -99 -99 0.234454942538081 -99 -99 -99 -99 -0.76866981109301 -99 -99 -99 -99 -99
-99 1.67547026480733 -99 -99 -99 -99 -99 -99 -99 -99 -99 -99 -99 -99 -99
-99 -99 -99 -99 -99 -99 2.16567666220925 -99 -99 -99 -99 -99 -99 -99 -99
-99 -99 -99 -99 0.0990571975191286 -99 -99 -99 -99 -99 -99 2.06247826484937 -99 -99 -99
-99 -99 -99 0.0551756259315723 -99 0.901569916879284 -99 -99 -99 -99 0.620643829311598 -99 -99 -99 -99
-99 -99 -99 -99 -99 -99 -99 -99 -99 -99 -99 -99 -99 -99 -99
-99 -99 -99 -99 2.12336502299708 -99 -99 -99 -99 -99 -99 -99 -99 -99 -99
-99 -99 -99 -99 -0.48677139797702 -99 -99 -99 -99 -99 -99 -99 -99 -99 -99
-99 -99 -99 -99 2.99990842243168 -99 -99 -99 -99 -99 -99 -99 -99 -99 -99
-99 -99 -99 -99 -99 -99 -99 -99 -99 -99 -99 -99 -99 -99 -99
-99 -99 -99 -99 -99 4.16931074440904 -99 -99 -99 -99 -99 -99 -99 -99 -99
-99 -99 -99 -99 -99 -99 -99 -99 -99 -99 -99 -99 -99 -99 -99
-99 -99 -99 -99 -99 -99 -99 -99 -99 -99 -99 -99 -99 -99 -99
1.87314329198139 -99 -99 -99 -99 -99 -99 -99 -99 -99 -99 1.94080853140406 -99 -99 -99
-99 -99 -99 -99 -99 -99 -99 -99 -99 -99 -99 -99 -99 -99 0.200946685497004
-0.538687849570778 -99 -99 -99 -99 -99 -99 -99 -99 -99 -99 -99 -99 -99 -99
-99 -99 -99 -99 -99 -2.36062727072547 -99 -99 -2.91255497564155 -0.54851716294502 -1.89778409886782 -99 -99 -99 -99
-99 -99 -99 -99 1.45485334052311 -99 -99 -99 -99 -99 -99 -99 -99 -99 -99
1.20141652706383 -99 -99 -99 -99 -99 0.1932836939948 -99 -99 -99 -0.958462318476393 -99 -99 -99 2.28511351920538
-99 -99 -99 -99 -99 -99 -99 -99 -99 -99 -99 -99 -99 -99 -99
-99 -99 -99 -99 -99 -99 -99 -99 -99 -99 -99 -99 -99 -99 -99
-99 -99 -99 -99 -99 -99 0.214545532905792 -99 -99 -99 -99 -99 -99 -99 -99
-0.520214284152717 -99 -99 -99 -99 -99 -99 -99 -99 -99 -99 -99 -99 -99 -99
-99 -99 -99 -99 -99 -99 -99 -99 -99 -99 -99 1.82941648916663 2.40345348974512 -99 -99
-99 -99 -1.18841043969281 -99 -99 -99 -99 -99 -0.0185323927137224 -99 -99 -99 0.57680073644647 2.19369025446599 -99
-99 -99 -99 -99 -99 -99 -99 -99 -99 0.127581554509646 -99 -99 -99 -99 -99
-99 -99 -99 -99 -0.384719173051088 -99 1.71956143087287 -99 -99 -99 -99 -99 -99 -99 -99
-99 -99 -99 -99 -99 -99 -99 -99 -99 -99 3.25677381432904 -99 -99 -99 -99
-99 -99 -99 -99 -99 -99 -99 -99 -99 -99 -99 -99 -99 -99 2.16616724058025
-99 -99 -99 -99 -99 -99 -99 -99 -99 -99 1.31133275020698 -99 -99 -99 -99
-99 -99 -99 -99 -99 -99 -99 -99 -99 -99 -99 -99 -99 -99 -99
-99 -99 -99 -99 -99 -99 -99 -99 2.91380947496506 -99 -99 -99 -99 -99 -99
-99 -99 -99 -99 -0.335176094830344 0.152804242886712 -99 -99 -99 -99 -99 -99 -99 -99 -99
-99 -99 -99 -99 -99 1.9709975164917 -99 -99 -99 -99 -99 -99 -99 -99 -99
-99 -99 -99 -99 -99 -99 -99 2.20413698800934 3.81775237878478 1.27996559529417 -99 -99 -99 -99 -99
1.3249111131854 -99 -99 -99 0.994418515835087 -99 -99 -99 -99 -99 -99 -99 -99 -99 -99
-99 -99 0.809180439869633 -99 -99 -99 -99 -99 -99 -99 -99 -99 -99 -99 -99
0.282720914917766 -99 -99 -99 -99 -99 -99 -99 -99 -99 -99 -99 -99 -99 -99
0.156415609032937 -99 -99 -99 -99 -99 -99 -99 -99 -99 -99 -99 -99 -99 -0.760816527945055
-99 -99 -99 -99 -99 -99 -99 -99 -99 -99 -99 -99 -99 -99 0.520406378159684
-99 -2.10557843754711 -99 -99 -99 -99 -99 -99 -99 -99 -99 -0.376047259693914 -99 -99 -99
-99 -99 -99 -99 -99 -99 -99 -99 -99 -99 -99 -99 -99 -99 -99
0.759846139471125 -0.525034054055286 -99 -99 -99 -99 -99 -99 -99 -99 -99 -99 -99 -99 -99
-99 -99 -99 -99 -99 -99 -99 -99 -99 -99 -99 -99 -99 -99 -99
-99 -99 -99 2.64826299439545 -99 -99 -99 -99 -99 -99 -99 -99 -99 -99 -99
-99 -99 -99 -99 -99 -99 -99 -99 -99 -99 -99 -99 -99 -99 -99
-99 -99 -99 -99 -99 -99 -99 -99 -99 -99 -99 -99 -99 -99 -99
-99 -99 -99 -99 -99 -99 -99 -99 -99 -99 -0.488362517074249 -99 -99 -99 -99
-99 -99 -99 -99 -99 -99 -99 -99 -99 -99 -99 3.14024735490166 -99 -99 0.963757144725989
-99 -99 -99 -99 0.476192408286748 -99 -99 -99 -99 -99 -99 -99 1.56562857958687 -99 -99
-99 -99 -99 -99 -99 -99 -99 -99 -99 -99 -99 -99 -99 -99 -99
-99 -99 -99 -99 4.50899658598211 -99 -99 -99 -99 -99 -99 -99 -99 -99 3.20186471252426
-99 -99 -99 -99 0.605017227782889 -99 -99 -99 -99 -99 1.59799516627849 -99 -99 2.22258176761977 -99
-99 -99 -99 -99 -99 -99 -99 0.0834709650105685 -99 -99 -99 -99 -99 -0.255147210342719 -0.0536125234991234
2.8657594386282 -99 -99 -99 -99 -99 -99 -99 -99 -99 -99 -99 -99 -99 -99
0.277949079218363 -99 -99 -99 -99 -99 -99 -99 -99 -99 -99 -99 -99 -99 -99
0.0464158176981421 -99 0.693254863019206 -99 -99 -99 -99 -99 -99 -99 -99 -99 2.87060823965222 -99 -99
-99 3.01440220798694 -99 -99 -99 -99 -99 -99 4.58313778388221 -99 -99 -99 -99 -99 -99
-99 -99 -99 -0.622416375938206 -99 -99 -99 -99 -99 -99 -99 -99 -99 -99 0.902923115735727
-99 0.793181936560425 -99 -99 -99 -99 -99 -99 -99 -99 -99 -99 -99 -0.717150607772738 -99
-99 -99 -99 -99 -99 -99 -99 -99 -99 -99 -99 -0.470742643827393 -99 -99 -99
-99 -99 -99 -99 -99 -99 -99 -99 -99 1.6967136756764 -99 -99 -99 -99 -99
-99 -99 -99 -2.00171784220431 -99 -99 -99 -99 -99 -99 0.273628873122748 -99 -99 -99 -99
-99 -99 -99 -99 -99 -99 -99 -99 -99 -99 0.961561760027491 -99 -99 -99 -99
-99 -99 -99 1.71604172360118 -99 -99 -99 -99 -99 -99 -99 -99 -99 -99 -99
-99 -99 -99 -99 -1.01320230850353 -99 -99 -99 -99 -99 -99 -99 -99 -99 -1.15859903961519
-99 -99 -99 -99 -99 -99 -99 -99 -99 -99 -99 -99 -99 -99 -99
-99 -0.727351574372636 -99 -99 -99 -99 -99 -99 -99 0.565415292873761 -99 -99 -99 -99 -99
-99 -99 -99 -99 -99 -99 -99 -99 -99 -99 -99 -99 -99 -99 -99
-99 -99 -99 -99 -99 -99 -99 2.17574389274105 -99 -99 3.36129604693471 -99 -99 -99 -99
0.812965788464735 -99 2.69772399990839 -99 -99 2.92670099903646 -99 -99 -99 -99 1.62413159097075 1.9829845489328 -99 -99 -99
-99 -99 -99 -99 -99 -99 -99 -99 1.58834272379482 -99 -99 -99 -99 -99 -99
-99 -99 -99 -99 -99 -99 -99 -99 -99 1.06631873901516 -99 -99 -99 2.9506644028173 -99
-99 -99 0.703763967298965 -99 -99 -99 -99 -99 2.39612665946732 -99 -99 -99 -99 -99 -99
-99 -99 -99 -99 -99 -99 -99 -99 -99 -99 -99 -99 -99 -99 -99
-99 -99 -99 0.0614413435595259 -99 -99 -99 1.52915121615169 -99 -99 0.0862270796461169 -99 -99 -99 0.525862027628257
-99 -99 -99 -99 -99 -99 -99 -99 -99 -99 -99 -99 -99 -99 -99
-99 -99 -99 -99 -99 -99 -99 -99 -99 -99 -99 -99 -99 -1.28199973686711 -99
-99 -99 -99 -99 0.162563119976177 -99 -99 -99 -99 -99 -99 -99 -99 -99 -99
-0.939743311319513 -99 -99 -99 -99 -99 -99 -99 -99 -99 -99 -99 0.748518110788382 -99 -99
-99 -99 -99 -99 0.024343158138614 -99 -99 -99 -99 -99 -99 -99 -99 0.928688717197895 -99
-99 -99 -99 -99 -99 -99 -99 -99 -99 1.95939449454388 -99 -99 -99 -99 -99
-99 -99 -99 -99 -99 -99 -99 0.595100437020441 -99 -99 -99 -99 -99 -99 -99
-99 -99 -99 -99 -99 0.361424005888019 -99 -99 -2.34275183891391 1.93765703498256 -99 -99 -99 -99 -99
-99 -99 -99 -99 -99 -99 -99 -99 -99 -99 1.19386603092829 -99 2.24645621743184 0.753068912057545 -99
-99 -99 -99 -99 -99 -99 -99 0.646070587737696 -99 -99 -99 -99 -99 -99 -99
-99 -99 -99 -99 -99 -99 -99 -99 -99 -99 -99 -99 -99 -99 -99
-99 -99 -99 -99 -99 -99 0.820808379308536 -0.422740347073578 -99 -99 -99 0.547157707704218 -99 -99 -99
-99 -99 -99 -99 -99 -99 -99 -99 -99 -99 -99 -99 -99 -99 -99
-99 -99 -99 -99 -99 -99 -99 -99 -99 -99 -99 -99 -99 -99 -99
-99 -99 -99 -99 0.767669083742124 2.79098728027935 -99 -99 -99 -99 -99 -99 -99 -99 -99
-99 -99 -99 1.40686798749669 -99 -99 -99 -99 -99 -99 -99 -99 -99 -99 0.624736359986505
-99 -99 -99 -99 -99 -99 -99 -99 -99 -99 -99 -99 -99 -99 -99
-99 -99 -99 -99 -99 -99 1.17865760099657 -99 -99 -99 -99 -99 -99 -99 -99
-99 -99 -99 -99 -99 -99 -99 -99 -99 -99 -99 -99 -99 -99 -99
-99 -99 -99 -99 -99 -99 -99 -99 -99 -99 1.33029557980192 0.00571343569443017 -99 -99 -99
-99 -99 -99 -99 -99 -99 -99 -99 -99 -99 -99 -99 -99 -99 0.249332253586422
-99 -99 -99 -99 -99 -99 1.28027992767527 -99 -99 2.50435666058856 -99 -99 -99 -99 -99
-99 -99 -99 -99 -99 -99 -99 -0.3765846616251 -99 -99 0.785401781852263 -99 -99 -99 -99
-99 -99 -99 -99 -99 -99 -99 -99 -99 -99 -99 -99 -99 -99 -99
-99 -99 2.00679905862569 -99 -99 -99 -99 -99 -99 -99 -99 -99 -99 2.80383463486698 -99
-99 -99 -99 -99 -99 -99 -99 -99 -99 -0.797875806621232 -99 -99 -99 -1.1824854024519 -99
-99 -99 -99 -99 1.55703671054196 -99 -99 -99 -99 -99 -99 -99 -99 -99 -99
2.91133418952699 -99 -99 0.697077933689027 -99 -99 -99 -99 -99 -99 -99 -99 -99 -99 -99
-99 -99 0.286138708665482 -99 -0.520769344524611 -99 -99 -99 -99 -99 -99 -99 -99 -99 -99
-99 -99 -99 -99 -99 -99 -99 -99 -99 -99 -99 -99 -99 -99 -99
-99 -99 -99 -99 -99 -99 -99 -99 -99 -99 -99 -99 -99 -99 -99
-99 1.77956569505712 -99 -99 2.37185488895849 -99 -99 -99 -99 1.62569151744826 -99 -99 -99 -99 -99
-99 -99 -99 -99 -99 -99 -99 -99 -99 -99 -99 -99 -99 -99 2.23952007766452
-99 -99 -99 -99 -99 -99 -99 -99 -99 -99 -99 -99 -99 2.89828610574566 -99
-99 -99 -99 -99 -99 -99 -99 -99 -99 1.34613183549575 -99 -99 -99 -99 -99
-99 -99 -99 -0.750274367439811 -99 -99 0.748332431839016 -99 -99 -99 -99 -99 -99 -99 -99
-99 -99 -99 -99 -99 -99 -99 -99 -99 -99 -99 -99 -99 -99 -99
-99 1.27218238447721 -99 -99 -99 -99 -99 -99 -99 1.09974159030404 -99 -99 -99 -99 -99
-99 -99 -99 -99 -99 -99 -99 -99 -99 -99 -99 -99 -99 -99 -99
0.971405441759567 -99 -99 -99 -99 2.72049703818695 -99 -99 -99 -99 -99 -99 -99 -99 -99
-99 -99 -99 -99 -99 -99 -99 -99 -99 -99 -99 -99 -99 -99 -99
-99 2.86672644412209 -99 -99 -99 -99 -99 -99 -99 -99 -99 -99 -99 -99 -99
-99 -99 -99 -99 -99 -99 -99 -99 -99 -99 -99 -99 -99 -99 -99
-99 -99 -99 -99 -99 -99 -99 -99 -99 -0.0394268025405187 -99 -99 -99 -99 -99
-99 -99 0.176214803420234 -99 -99 -99 -99 -99 -99 -99 -99 -99 -99 -99 -99
-99 -99 -99 -99 -99 -99 -99 -99 -99 -99 -99 -99 -99 -99 -99
-99 -99 -99 -99 1.93138032361552 -99 -99 -99 -99 -99 -99 -99 -99 -99 -0.453575130470036
-99 -99 0.991194929858079 1.08597032463674 -99 -99 -99 -99 -99 -99 -99 -99 -99 -99 -99
-99 -99 -0.217136171723246 -99 -99 -99 -99 -99 -99 -99 -99 -99 -99 -99 -99
3.55471033020151 -99 -99 -99 -99 -99 -99 -99 -99 -99 -99 -99 -99 -99 1.90006842569792
-99 -99 -99 -99 -99 -99 -99 -99 -0.706266921582699 -99 -0.953307160210957 -99 -99 -0.133729499983575 -99
-99 -99 -99 -99 -99 -99 -99 -99 -99 0.162722190350718 -99 -99 -99 -99 -99
-99 -99 -99 -99 -99 -99 -99 -99 -99 -99 -99 -99 0.597317540126603 -99 -99
-99 -99 -99 -99 -99 -99 -99 -99 -99 4.01079136236753 3.05994120028005 -99 -99 -99 -99
-99 -99 -99 -99 -99 -99 -99 -99 -99 -99 -99 -99 -99 -99 -99
-99 -99 -99 -99 -99 1.11190110510511 -99 -99 1.12428962496327 -99 -99 -99 -99 -99 -99
-99 -99 -99 2.54167009189476 -99 -99 -99 -99 -99 -99 -99 -99 -99 -99 -99
-99 -99 -99 -99 0.25767829623206 -99 -99 -99 -99 -99 -99 -99 -99 -99 -99
2.06689320419124 -99 -99 -99 -99 -99 -99 -99 1.32239857755416 -99 -99 1.09670005252771 -99 -99 -99
-99 -1.12755855309036 -0.125684964597087 -99 -99 -99 1.30188385673351 -99 -99 -99 -99 -99 -99 -99 -99
2.26309930551465 -99 -99 -99 -99 -99 -99 -99 -99 -99 -99 -99 -99 2.0034470151405 -99
-99 -99 -99 -99 -99 -99 -99 -99 -99 -99 -99 2.62458251439249 -99 -99 -99
-99 -99 -99 -99 -99 -99 -99 -99 -99 -99 -99 -99 -99 -99 -99
-99 -99 -99 -99 -99 -99 -99 -99 -99 -99 -99 -99 -99 -99 -99
-99 -99 -99 -99 -99 -1.52497687514619 -99 -99 -99 -1.74099703725411 -99 -99 -1.34371210973306 -99 -99
-99 -99 1.50013150861549 -99 -99 -99 -99 -99 0.041620604707729 -99 -99 -99 -99 -99 -99
-99 -99 -99 -99 -99 -99 -99 -99 -99 -99 -99 -99 -99 2.72439702829443 -99
-99 -99 -99 -99 -99 -99 -99 -99 -99 -99 -99 -99 1.51944386922366 -99 -99
-99 -99 -99 -99 -99 -99 0.0805051484993983 -99 -99 -99 -0.726007328935516 -99 -99 -99 -99
-99 -99 -99 -99 -99 -99 -99 -99 -99 -99 -99 -99 -99 -99 -99
-99 -99 -99 -99 -99 -99 -99 -0.491886981370204 -99 -99 -99 -99 -99 2.00689504694228 -99
-99 -99 -99 2.70779336756396 -99 -99 -99 1.67702889916082 -99 -99 -99 -99 -99 -99 -99
-99 -99 -99 -99 2.77203624803376 -99 -99 -99 -99 -99 -99 -99 -99 -99 1.89127202951946
-99 -99 -99 -99 -99 -99 -99 -99 -99 -99 -99 1.34095151886199 -99 -99 -99
-99 -99 -0.430432642686237 -99 -99 -99 -99 -99 -99 -99 1.89879660386844 -99 -99 -99 0.0899529021097428
-99 -99 -99 -99 1.20884215358333 -99 -99 -99 -99 -99 -99 -99 -99 -99 -99
-99 -99 -99 -99 -99 -99 -99 -99 -99 -99 -99 -99 -99 -99 -99
-99 -99 -99 -99 -99 -99 -99 -99 -99 -99 -99 -99 -99 3.08725771233511 -99
-99 -99 -99 -99 -99 -99 -99 -99 -99 -99 -99 -99 -99 -99 -99
-99 1.0203763889164 -99 -0.120727555425926 -99 1.0892666339793 -99 -99 -99 -99 -99 -99 -99 -99 1.90972165548445
-99 -99 2.02414853193352 -99 -99 -99 -99 -99 -99 -99 -99 -99 -99 -99 -99
-99 -99 -99 -99 -99 -99 -99 0.397782389431334 -99 -99 -99 -99 -99 -99 -99
-99 -99 -99 -99 -99 -99 -99 -99 -99 -99 -99 -99 -99 2.77047195136288 -99
-99 -99 -99 -99 -0.0903279235285259 -99 -99 -99 -99 -99 -99 -99 -99 0.0759123343807159 -99
-99 -99 -99 -99 -99 -99 -99 -99 -99 -99 -99 -99 -99 -99 -99
-99 1.62206167662196 3.75183168651165 -99 -99 -99 -99 -99 3.99729729435519 -99 2.82979383417009 -99 1.9897241114444 -99 -99
-99 -99 -99 -99 -99 -99 -99 -99 -99 -99 -99 -99 -99 -99 -99
-99 -99 -99 -99 -99 -99 -99 -99 -99 -99 -99 -1.04097166468597 -99 -99 -99
-99 -99 -99 -99 -99 -99 -99 -99 -99 -99 -99 2.33930335361494 -99 -99 -99
-99 -99 -99 -99 -99 -99 0.398555116700212 -99 -99 -99 -99 -99 -99 -99 -99
-99 -99 -99 -99 -1.21439986898518 -99 -99 -99 -99 -99 -99 -99 -99 -99 -99
-99 -99 -99 -0.115104905712408 -99 -99 -99 -99 -99 -99 -99 -99 -99 -99 -99
-99 -99 -99 -99 -1.59917103499909 -0.474830976001419 -99 -99 -99 -99 -99 -99 -99 -99 -99
-99 -99 -99 -99 -99 -99 -99 -99 -99 -99 -99 -99 -99 -99 -99
-99 1.98628475984037 -99 -99 -0.564218047298912 -99 -99 -99 1.15258088702761 -99 -99 -99 -99 -99 -99
-99 -99 -99 -99 -99 -99 -99 -99 -99 -99 -99 -99 -99 -99 -99
-99 -99 -99 -99 -99 -99 -99 -99 -99 -99 -99 -99 -99 -99 -99
-99 -99 -99 -99 -99 -99 -99 -99 1.64967281277511 -99 -99 -99 -99 -99 -99
-99 -99 -99 -99 -99 -99 -99 -99 -99 -99 -99 -3.02295331374516 0.804881975090744 -99 -99
-99 -99 -99 -99 -99 -99 -99 -99 -99 -99 -99 -99 -99 -99 -99
-99 -99 -0.967400480454115 -99 -99 -99 -99 -1.00721428512326 -99 -99 -99 -0.157734742479593 -1.31773821555427 -0.0952593511249871 -99
-99 -99 -99 -99 -99 -99 -99 -99 -99 -99 -99 -99 -99 -99 -99
-99 -99 -99 -99 -99 -99 -99 -99 -99 -99 -99 -99 -99 -99 -99
-99 -99 -99 -99 -99 -99 -99 -0.732330181558509 -99 -99 -99 -99 -99 3.06517162524021 -99
-99 2.47176327399519 -99 -99 1.62863645378271 -99 0.778503935672672 -99 -99 -99 -99 -99 -99 -99 -99
-99 -99 -99 -99 -99 -99 -99 -99 -99 -99 -99 -99 -99 -99 -99
-99 -99 -99 -99 -99 -99 -99 -99 -99 -99 -99 -99 -99 -99 -99
-99 -99 -99 -99 -99 -99 -99 -99 -99 -99 -99 -99 -99 -99 -99
-99 -99 -99 -99 -99 -99 -99 -99 -99 -99 -99 -99 -99 -99 2.05318498683123
-99 -99 -99 -99 -99 -99 -99 -99 -99 -99 -99 -99 -99 -99 -99
-99 -99 -99 -99 -99 -99 -99 -99 -99 -99 -99 -99 3.96126535957917 -99 -99
-99 -99 -99 -99 -99 -99 -99 -99 -99 -99 -99 -99 -99 0.808247813979305 -99
-99 -99 -99 -99 1.30953902784218 -99 -99 -99 -99 -99 -99 -99 -99 -99 -99
-99 -99 -99 -99 -99 0.360951940024847 -99 -99 -99 -99 -99 -99 -99 -99 -99
-99 -99 -99 -99 -99 -99 -99 -99 -99 -99 -99 -99 -99 -99 -99
-99 -99 -99 -99 -99 -99 -99 -99 -99 -99 -99 -99 0.644360339260938 -99 -99
-0.00927581819328349 -99 -99 0.755497889768534 -99 -99 -99 -99 -99 -99 -99 -99 -99 -99 -99
-99 -99 -99 -99 -99 -99 -99 -99 -99 -99 -99 -99 -99 -99 -99
-99 -99 -99 -99 -99 -99 -99 -99 -99 -99 -99 -99 -99 -99 -99
-99 -99 -99 -99 -99 -99 -99 -99 -99 -99 -99 -99 -99 -99 -99
-99 2.33177458673832 3.39521794710916 2.68836159629645 -99 -99 -99 -99 -99 -99 -99 -99 -99 -99 -99
-99 -99 1.48273291316273 -99 -99 -99 -99 -99 -99 -99 -99 1.50318218214393 -99 -99 -99
-99 -99 -99 -99 -99 -99 -99 -99 -99 -99 1.95838458220086 -99 -99 -99 -99
-99 -99 -99 -99 -99 -99 -99 -99 -99 -99 -99 -99 -99 -99 -99
-99 -99 -99 -99 -99 -99 -99 -99 -99 -99 -99 -99 -99 -99 -99
-99 -99 -99 -99 -99 -99 -99 -99 -99 -99 -99 -99 -99 -99 -99
-99 -99 1.62346813576508 -99 -99 -99 -99 -99 -99 -99 -99 -99 -99 -99 -99
-99 -99 -99 -99 -99 -99 -99 -99 -99 -99 -99 -99 -99 -99 -99
-99 -99 -99 -99 0.869193761631537 -99 -99 -99 -99 -99 -99 -99 -99 -99 -99
-99 -99 -99 -99 -99 -99 -99 -99 -99 -99 -99 -99 -99 -99 -99
0.906065803507914 -99 -99 -99 -99 -99 -99 -99 -99 -99 -99 -0.567086925789207 -99 -2.14036100170441 -99
-99 -99 -99 -99 -99 3.72154671173193 -99 -99 -99 -99 -99 -99 -99 -99 -99
-99 -99 -99 -99 -99 -99 -99 -99 -99 1.31617046535101 -99 -99 -99 -99 -99
-99 1.27060904403547 -99 -99 -99 -99 -99 -99 -99 -99 -99 1.13373309303616 -99 1.12382234340611 -99
-99 -99 -99 -99 -99 -99 -99 -99 -99 -99 -99 -99 -99 -99 -99
-99 -99 -99 -99 -99 -99 -99 -1.86728685527944 1.99163414112385 2.00007747332408 -99 -99 -99 -99 -99
0.474932544702182 -99 -99 -99 -99 -99 -99 -99 -99 1.03001934967951 -99 -99 -99 -99 -99
-99 -99 1.6399005150723 -99 -99 -99 -99 -99 -99 -99 -99 -99 -99 -99 -99
-99 -99 -99 -99 -99 -99 -99 -99 -99 -99 -99 -99 -99 -99 -99
-99 -99 -99 -99 -99 -99 -99 -99 -99 -99 -99 -99 -99 -99 -99
-99 -99 -99 -99 -99 -99 1.52090203394235 -99 -99 -99 -99 -99 -99 -99 -99
-99 1.76883877240716 -99 -99 -99 -99 -99 -99 -99 -99 -99 -99 -99 -99 -99
-99 0.73067669039905 2.0263346372174 -99 -99 2.43586556412882 -99 0.819086054114614 -99 -99 -99 -99 -99 -99 -99
-99 -99 -99 -99 -0.270929337455923 -99 -99 -99 -99 -99 -99 -99 -99 -99 -99
-99 -99 -99 0.742164409544372 -99 -99 -99 -99 -99 -99 -99 -99 -99 -99 -99
-99 -99 -99 -99 1.74876564026175 -99 -99 -99 -99 -99 -99 -99 -99 -99 0.710253116124542
-99 -99 -99 -99 0.499257986895424 -99 -99 -99 -99 -99 -99 -99 -99 -99 -99
-99 -99 -99 2.90805795197309 -99 -99 -99 -99 -99 -99 -99 -99 -99 -99 -99
-99 -99 -99 -99 -99 -99 -99 -99 -99 1.95748715488022 -99 -99 -99 -99 -99
-99 -99 -99 -99 -99 -99 -99 -99 -99 -99 -99 -99 -99 -99 -99
-99 -99 -99 -99 -99 -99 -99 -99 -99 -99 -99 -99 -99 -99 -99
-99 -99 -99 -99 -99 -99 -99 -99 1.11161773831322 -99 -99 -99 -99 1.19246292861021 -99
-99 -99 -99 -99 -99 -99 -99 -99 -0.244290747325526 -99 -99 -99 -99 -99 -99
-99 -99 -99 -99 -99 -99 -99 -99 -99 -99 -99 -99 -99 -99 -99
-99 -99 -99 -99 -99 -99 -99 -99 -99 -99 -99 -99 -99 -99 -99
-99 -99 -99 -99 -99 -99 0.942902358114271 -99 -99 -99 -99 -99 1.72837419465618 -99 2.8816683659624
-99 -99 -99 -99 -99 -99 -99 -99 -99 -99 -99 2.90995120636102 -99 -99 -99
-99 -99 1.660662988889 -99 -99 -99 -99 -99 -99 -99 -99 -99 0.647794196177981 -99 -99
2.28035332031224 1.15704246614101 -99 -99 -99 -99 -99 -99 -99 -99 -99 -99 1.71371606607146 -99 -99
-99 -99 -99 -99 -99 -99 -99 -0.568609064663967 -99 -99 -99 -99 -99 -99 -99
-99 -99 -99 -99 -99 -99 -99 -99 -99 -99 -99 -0.643281637498873 -99 -99 -99
-99 -99 -99 -99 1.72126182048911 -99 -99 -99 -99 -99 -99 -99 -99 -99 -99
-99 1.16532328608485 -99 -99 -1.91033027836778 -99 -99 -99 -99 -99 -99 -99 -99 -99 -99
-99 -99 -99 -99 -99 -99 -99 -99 -99 -99 -99 3.92545312407707 -99 -99 -99
-99 0.223009721485147 -99 -99 -99 -99 -99 -99 -99 -99 2.03911857819754 -99 -99 -99 -99
-99 -99 -99 -99 -99 -99 -99 -99 -99 -99 -99 -99 1.735732655622 1.30025839025648 -99
-99 -99 -99 -99 1.16781964500317 -99 -99 -99 -99 -99 -99 -99 -99 -99 2.0327705517024
-99 -99 -99 -99 -1.32761413409507 -0.877236685564084 -99 -99 0.186477670336326 -99 -99 -99 -0.264543313198468 -99 -99
-99 -99 -99 -99 -99 -99 -99 -99 -99 -99 -99 -99 -0.959007322089539 -99 -0.382229572739137
-99 -99 -99 -99 -99 -99 -99 -99 -99 -99 -99 1.14793735984386 -99 -99 0.171148970907596
-99 -99 -99 -99 -99 -99 2.42404044137268 0.890068102839072 -99 -99 -99 1.95093259298047 -99 -99 0.215276669385301
-99 -99 -99 -99 -99 -99 -99 -99 -99 -99 1.57534308914983 -99 -99 -99 2.11393572125504
-99 -99 -99 -99 -99 -99 -99 -99 -99 -99 -99 -99 -99 -99 -99
-99 -99 -99 -99 -99 -99 -99 -99 -99 -99 -99 -99 -99 -99 -99
-99 -99 -99 -99 -99 -99 -99 -99 -99 -99 -99 -99 -99 -99 -99
-99 -99 -99 -99 -99 -99 -99 -99 -99 -99 0.439647607322697 -99 -99 -0.641754522983099 0.276443680275333
-99 -99 -99 -99 -99 -99 -99 -99 -99 -99 0.544763224879344 1.82324245357085 -99 -99 -99
-99 -99 -99 -99 0.754651151307485 -99 -99 -99 -99 -99 -99 -99 -99 -99 -99
-99 -99 -0.118812544055226 -99 -99 -99 -99 -99 -99 -99 -99 -99 -99 -99 -99
-99 -99 -99 -99 -99 -99 -99 -99 -99 -99 -99 -99 -99 3.12034615695627 -99
-99 -99 -99 -99 -99 -99 -99 -99 -99 0.488453974430879 -99 -99 -99 -99 -99
-99 -99 -99 0.463648214750077 -99 -99 -99 -99 -99 -99 -99 0.802882414502914 -99 -99 -99
-99 -99 -99 -99 -99 -99 -99 -99 -99 -99 -99 -99 -99 -99 -99
1.55671536489079 -0.551230255526972 -99 1.70545739310204 -99 -99 2.48913426884037 -99 -99 -99 -99 1.17346685075661 -99 -99 -99
-99 -99 -99 -99 -99 -99 -99 -99 -99 -99 -99 -99 -99 0.802033698539536 -99
-99 -99 -99 -99 -99 -99 -99 -99 -99 -99 -99 -99 -99 -99 -99
-99 -99 -99 -99 -99 -99 -99 -99 -2.0182006100649 -99 -99 -99 -99 -99 -99
-99 -99 -99 -99 -99 -99 -99 -99 -99 -99 -99 -99 -99 -99 -99
-99 1.97766486524154 -99 -99 0.941418187614152 -99 -99 -99 -99 -99 -99 -99 -99 -99 -99
-99 -99 -99 -99 -99 -99 -0.139680478566827 -99 -99 -99 -99 -99 -99 -99 -99
-99 -99 -99 -99 -99 -99 -99 -99 -99 -99 -99 1.54090644173693 -99 -99 -99
-99 -99 -99 -99 -99 -99 -99 -99 -99 -99 -99 -99 -99 -99 -99
-99 -99 -99 -99 -99 -99 -99 -99 -99 -99 -99 -99 3.39301723150758 -99 -99
0.98587229152659 -99 -99 -99 -99 -99 -99 -99 -99 -99 -99 -99 -99 -99 -99
-99 -99 -99 -99 -99 -99 0.295215015519355 -99 -99 -99 -99 -99 -99 -99 -99
-99 -99 -99 -99 -99 -99 -99 -99 -99 -99 0.36103306245243 -99 -99 -99 0.811883177276033
-99 -99 -99 -99 1.4194904946398 -99 -99 -99 -99 -99 -99 -99 -99 -99 -99
-99 0.84183026054553 -99 -99 -99 -99 -99 -99 -99 0.554233192661515 -99 -99 -99 -99 -99
2.39025968120526 -99 -99 -99 -99 -99 1.13865182410873 -99 -99 -99 2.44977396979206 -99 -99 -99 -99
-99 -99 -99 -99 -99 -99 -99 -99 0.941757448786875 -99 -2.08714479298736 -99 -99 -99 -99
-99 -99 -99 -99 -99 -99 -99 2.19661554560105 -99 -99 -99 -99 -99 -99 -99
-99 -99 2.09751240967407 -99 -99 -99 -99 -99 1.45091937914439 -99 -99 1.98974341916007 -99 -99 -99
-99 -99 -99 -99 -99 -99 -99 -99 -99 -99 -99 -99 -99 -99 -99
0.898362881346122 -99 -99 -99 0.242645620804921 0.594961070871913 -99 1.39351651820771 -99 -99 -99 0.0185049803732147 -99 -99 -99
-99 -99 0.0485456990006113 -99 -99 -99 -99 -99 -99 -99 -99 -99 -99 -99 -99
-99 2.58766296248061 -99 -99 -99 -99 -99 -99 -99 -99 -99 -99 -99 -99 -99
-99 -99 -99 -99 -99 -99 -99 -99 -99 -99 -99 -99 -99 -99 -99
-99 -99 -99 -99 -99 -99 -99 -99 -99 -99 -99 -99 -99 -99 -99
-99 -99 -99 -99 -99 1.76214256345338 1.50380406535473 -99 -99 -99 -99 -99 -99 -99 -99
-99 -1.28026795637104 -99 -99 -99 -99 -99 -99 0.404457856621949 -99 -99 -99 -99 -99 -99
-99 -99 -99 -99 -99 -99 -99 -99 -99 -99 -99 -99 -99 -99 -99
-99 -99 -99 -99 -99 -99 0.595426514785079 -99 -99 -99 -99 -99 -99 -99 -99
-99 -99 -99 -99 -99 -99 -99 -99 -99 2.40409566067864 -99 -99 -99 1.97713625134252 -99
-99 -99 -99 -99 -99 -99 -99 -99 -99 -99 -1.67975687834599 -99 -99 -99 -99
-99 -99 -99 -99 -99 -99 -99 -99 -99 -99 -99 -99 -99 -99 -99
-99 -99 -99 -99 -99 -99 -99 3.43990554303806 -99 -99 -99 -99 -99 -99 -99
-99 -99 -99 -99 -1.19336525644982 -99 -99 -3.30931706006644 -99 -99 -99 -99 -99 -99 -99
-99 -99 -0.342023558689145 -99 -99 -99 -99 -99 -99 -99 0.376757399028788 -99 -99 -0.382704001682627 -99
-99 -99 -99 -99 -99 -99 -99 -99 1.50817504956718 -99 -99 -99 -0.205334345176089 -99 -99
-99 -99 -99 -99 -99 -99 -99 -99 1.14698332057802 3.71162804440268 -99 -99 -99 -99 -99
-2.802566620189 -99 -99 -2.79235150657681 -99 -99 -99 -99 -99 -99 -99 -99 -99 -99 -99
-99 0.646492156200846 -99 -99 -99 -99 -99 -99 -99 -99 -99 -99 -99 -99 -99
2.00352845323361 -99 -99 -99 -99 -99 -99 -99 -99 -99 -99 -99 -99 -99 -99
-99 1.12054315081855 -99 -0.776793729192497 -99 -99 -99 -99 -99 -99 -99 -99 -99 -99 -99
-99 -99 -99 -99 -99 -99 -99 -1.68156841369997 -99 -99 -99 -99 -99 -99 -99
-99 -99 0.378893966266207 -99 -99 -99 -99 -99 -99 -99 -99 -99 -99 -0.509322298573955 -99
-99 -99 0.872599169611928 -99 -99 -99 -99 -99 -99 -99 0.517622908832247 -99 -99 -99 -99
-99 -99 -99 -99 -99 -99 -99 -99 -99 -99 -99 -99 -99 -99 -99
-99 -99 -99 -99 -99 -99 -99 1.83497065959788 -99 -99 -99 -99 -99 -99 0.10361043539864
-99 -99 -99 -99 -99 -99 -99 -99 -99 -99 -99 -99 -99 -99 -99
-99 -99 -99 -99 -99 0.0809566603829626 -99 -99 -99 2.56643432635964 -99 -99 2.56550254924488 -99 -99
-99 0.99293575969095 2.47001100114738 -99 -99 -99 -99 -99 -99 -99 -99 -99 1.54545079813394 -99 -99
-99 -99 -99 -99 -99 -99 -99 -99 -99 -99 -99 -99 -99 -99 -99
-99 -99 -99 -99 -99 -99 -99 -99 -99 -99 -99 -99 -99 -99 -99
1.8109457436653 -99 -99 -99 -99 -99 -99 -99 -99 -99 -99 -99 -99 -99 -99
2.83944952786175 -99 -99 -99 -99 -99 -99 2.30655356729695 -99 -99 -99 -99 -99 -99 2.18689524831462
-99 -99 -99 -99 -99 -99 -99 -99 -99 -99 -99 -99 -99 -99 3.38984293736773
-99 -99 -99 2.33236251441067 -99 -99 -99 -99 -99 -99 -99 -99 3.28509081160988 -99 -99
0.794344134196563 1.46899142768516 -99 -99 -99 0.440547174091656 -99 -99 1.04986499930742 -99 -99 -99 -99 -99 -99
-99 -99 -99 5.03850503504235 -99 -99 -99 -99 -99 -99 -99 -99 -99 -99 -99
-99 -99 0.832247872475204 -99 -99 -99 -99 -99 -99 -99 -99 -99 -99 -99 -99
-99 -99 -99 -99 0.727760519566513 -99 0.422137402458143 -99 -99 -99 -99 0.922951738720637 -99 -0.0186652908927851 -99
-99 -99 -99 -99 -99 -99 -99 -99 -99 -99 -99 -99 -99 -99 -99
-99 -99 -99 -99 -99 -99 -99 -99 -99 -99 -99 -99 -99 -99 -99
3.64282441665977 -99 -99 1.78910564399005 -99 -99 -99 -99 -99 -99 -99 -99 1.95038939992664 -99 -99
-99 0.224741460273899 -99 -99 -99 -99 -99 -99 -99 -99 -99 -99 -99 -99 -99
-99 -99 -99 -99 -99 -99 -99 -99 -99 -99 -99 -99 -99 -99 -99
-99 -99 -99 -99 -99 -99 -99 -99 -99 -99 -99 -99 -99 -99 -99
-99 -99 -99 -99 -99 -99 -99 -99 -99 -99 -0.438132750164378 -99 -99 -99 -99
-1.01343103711911 -99 -99 -99 -99 -99 -99 -99 -0.781851726724831 -99 -99 -99 -99 -99 -99
-99 1.94242679525363 -99 -99 -99 -99 -99 -99 -99 -99 -99 -99 -99 -99 -99
-99 -99 -99 -99 -99 -99 -99 -99 -99 -99 -99 -99 -99 -99 -99
-99 -99 -99 -99 -99 -99 -99 -99 -99 -99 -99 -99 -1.34719431809677 -99 -99
-99 -99 -99 -99 -99 -99 -99 -99 -99 -99 -99 -99 -99 -99 -99
-99 -99 1.20484112675848 -99 -99 -99 -99 -99 -99 -99 -99 -99 -99 -99 -99
-99 -99 -99 -99 -99 -99 -99 -99 -99 -99 -99 -99 -99 -99 -99
-99 -99 -99 -99 -99 -99 -99 -99 -99 -99 -99 -99 -99 -99 -99
-2.96576505931042 -99 -99 -99 -99 -99 -99 -99 1.06619414905684 -99 -99 -99 -99 -99 -99
-99 0.305143974974054 -99 1.96962366822238 1.96517157374721 -99 -99 -99 -99 -99 -99 1.63856501761132 -99 -99 -99
-99 -99 -99 -99 -99 -99 -99 -99 -99 -99 -99 2.22416644021597 -99 -99 -99
-99 -99 -99 -99 -99 -99 -99 -99 -99 1.19798119642403 -99 -99 -99 -99 -99
3.10607981178075 -99 -99 -99 -99 1.75482232549401 -99 0.41659752329078 -99 -99 -99 -99 -99 -99 -99
-99 -99 -99 -99 -99 -99 -99 -99 -99 -99 -99 -99 -99 -99 -99
-99 -99 -99 -99 -99 -99 -99 -99 0.228153927688334 -99 -99 -99 -99 -99 -99
0.347693628870312 -99 -99 -99 -99 -99 -99 0.366471388793944 -99 -99 2.43177081521198 -99 -99 -99 -99
-99 -99 -99 -99 -99 -99 -99 -99 -99 -99 -99 -99 -99 -99 -99
-99 -99 -99 -99 -99 -99 -99 -99 -99 -99 -99 -99 -1.03533384589581 -99 -99
1.84796411048978 0.61065948109137 -99 -99 -99 -99 -99 -99 -99 -99 -99 -99 -99 -99 -99
-99 -99 -99 -99 -99 -0.252147063680427 -99 -99 -99 -99 -99 -99 -99 -99 -99
-99 -99 -99 -99 -99 -99 -99 -99 -99 -99 -99 -99 -99 -99 -99
-99 -99 -99 -99 -99 -99 -99 -99 -99 -99 -99 0.302540943092213 -99 -99 -99
-0.538252479440329 -99 -99 -99 -99 -99 -99 -99 -99 -99 -99 -99 -99 -99 -99
-99 4.45355773697299 -99 -99 -99 -99 -99 -99 -99 -99 -99 -99 -99 -99 -99
-99 -99 -99 -99 -99 -99 -99 -99 -99 -99 -99 -99 -99 -99 -99
-99 -99 -99 -99 -99 -99 -99 1.14383651943759 -99 -99 -99 -99 -99 -99 -99
-99 -99 -99 -99 -99 -99 -99 -99 -99 -99 -99 0.927563048705818 -99 -99 -99
-99 -99 -99 -99 -99 -99 -99 -99 -99 -99 -99 -99 -99 2.36684387553281 -99
-99 -99 -99 -99 -99 -99 -99 -99 -99 1.58163192809481 -99 -99 -99 -99 -99
-99 -99 -99 -99 -99 -99 -99 -99 -99 -99 -99 -99 -99 -99 -99
-99 -99 -99 -99 -99 -99 -99 -99 -99 -99 -99 -99 -99 -99 -99
1.92913273966444 -99 -99 -99 -99 -99 -99 -99 -99 -99 1.36968768284015 -99 -99 -99 -99
-99 2.53856892195118 -99 -99 -99 -99 -99 -99 -99 -99 -99 -99 2.9976977360139 -99 -99
-99 -99 -99 -99 -99 -99 -99 -99 -99 -99 -99 -99 -99 -99 -99
-2.87533261837557 -99 -99 -99 -99 -99 -99 -99 -99 -99 -99 -99 -99 -99 -99
-99 -99 -99 -99 -99 3.77483439202385 -99 -99 0.492558569236586 -99 -99 -99 -99 -99 -99
1.81448848763576 -99 -99 -99 -99 -99 -99 -99 -99 -99 0.222550651573004 -99 -99 -99 -0.207281728300388
-99 -99 -99 -99 -99 -99 -99 -99 -99 -99 -99 -99 -99 -99 -99
-99 -99 -99 0.993603464433937 -99 -99 -99 -99 -99 -99 -99 1.99346143565671 -99 -99 -99
-99 -99 2.37486764942889 -99 -99 1.58864417264011 -99 -99 -99 -99 -99 -99 -99 -99 -99
-99 -99 -99 -99 -99 -99 -99 -99 -99 -99 0.116546376164778 -99 -99 -99 -0.331330007412725
-99 -99 -99 -99 -99 -99 -99 -99 -99 -99 -99 -99 -99 -99 -99
-99 -99 -99 -99 -99 -99 -99 -99 -99 -99 -99 -99 3.29915887302238 -99 -99
-99 -99 -99 -99 -99 2.8405678371316 -99 2.09703124800651 0.57326522379474 -99 -99 -99 -99 -99 -99
-99 -99 -99 -99 1.55508933525063 -99 -99 -99 -99 -99 -99 -99 -99 -99 -99
-99 -99 -99 -99 -99 -99 -99 -99 -99 -99 -99 -99 -99 -99 -99
0.837322828998935 -99 -99 -99 -99 -99 -99 -99 -99 1.63742152845688 2.33043168618088 -99 -99 1.20709252290298 -99
-99 -99 -99 -99 -99 -99 -99 -99 1.23858586378601 -99 3.24590074064629 -99 -99 3.67604388727489 -99
-99 -99 -99 -0.32485906799372 -99 -0.400138623844919 -99 -99 -99 -99 -99 -99 -99 -99 -99
-99 -99 -99 -99 -99 -99 -99 -99 0.424797091537207 1.52357404411739 -99 -99 -99 -99 -99
-99 1.89173629105365 -99 -99 -99 -99 -99 -99 -99 -99 -99 -99 -99 -99 -99
-99 -99 -99 -99 -99 -99 -0.346310426606403 -99 -99 -99 -99 -99 -99 -99 -99
-99 -99 -99 -99 -99 -99 -1.25391092994404 -99 -99 -99 -0.228006249157268 -99 -99 -99 -99
-99 -99 -99 -99 -99 -99 -99 -99 -99 -99 1.24767995135107 -99 -99 -99 -99
-99 -99 -99 -99 -99 -0.356602535776321 -99 -99 -99 -99 -99 -99 -99 -99 -99
-99 -99 -99 -99 -99 -99 -99 -99 -99 -99 -99 -99 -1.74859574644426 -99 -99
-99 -99 3.66310695664254 -99 -99 -99 2.41815509564024 -99 -99 -99 5.19294504801998 -99 -99 -99 -99
-99 -99 -99 -99 -99 -99 -99 -99 -99 -99 -99 -99 0.747203722230038 -99 -99
-99 -99 -99 -99 -99 -99 -99 -99 0.435689131200446 -99 -99 -99 -99 -99 -99
-99 -99 -99 -99 1.57462294571014 -99 0.209384771006457 1.80678634695924 -99 -99 -99 -99 -99 -99 -99
-99 -99 -99 -99 -99 -99 -99 -99 -99 -99 -99 -99 -99 -99 -99
-99 -99 -99 2.097074853099 -99 -99 -99 -99 -99 -99 -99 -99 2.73519030736825 -99 -99
-99 -99 -99 -99 -99 -99 2.58405705084365 -99 -99 -99 -99 -99 -99 -99 -99
-99 -99 -99 -99 -99 -99 -99 -99 -99 -99 -99 -99 -99 -99 -99
-99 -99 1.67114054034718 -99 -99 0.619030383316438 -99 -99 -99 -99 -99 -99 -99 -99 -99
-99 -99 -99 -99 -99 -99 -0.426387374982415 -0.191860971692786 -99 -99 -99 -99 -99 -99 -99
-99 -99 -99 -99 3.49721238452682 3.16687103845724 -99 -99 -99 -99 -99 2.0200250426699 -99 -99 -99
-99 -99 -99 -99 -99 -99 -99 -99 -99 -99 1.08376041875615 -99 -99 -99 -99
-99 -99 0.343781445348106 -99 0.246765286045189 -0.0230350429620574 -99 -99 -99 -99 -99 -99 -99 -99 -99
-99 -99 -99 -99 2.00542763445878 -99 -99 4.09361702769309 -99 1.85762074562944 2.44255344612259 -99 4.38608791540234 -99 -99
-99 0.945717409812983 -99 -99 -99 -99 -99 -99 -99 -99 -99 -99 -99 -99 -99
-99 -99 -99 -99 -99 -99 -99 -99 -99 -99 -99 -99 -99 -99 -99
-99 -99 -99 -99 2.36169731830532 -99 -99 -99 -99 -99 -99 0.38757738466734 -99 -99 -99
-99 -99 -99 -99 -99 -99 0.972206936691826 -99 1.59298333987786 -99 -99 -99 -99 -99 -99
-99 -99 -99 -99 -99 -99 -99 -99 -99 -99 -99 -99 -99 -99 -99
1.29529435719504 -99 -99 -99 2.16952942140776 -99 -99 -99 -99 -99 -99 -99 -99 -99 -99
-99 -99 -99 0.988030791989082 -99 -99 -99 -99 -99 -99 -99 -99 -99 -99 -99
-99 -99 -99 -99 -99 -99 -99 -0.696659659950962 -99 -99 -0.14804608508272 -99 -99 -99 -99
-99 -99 -99 -99 -99 -99 -99 -99 -99 -99 -99 2.74800623807234 -99 -99 -99
-99 -99 -99 -99 -99 -99 -99 1.99714292321727 -99 -99 -99 -99 -99 -99 -99
2.59272212664163 -99 -99 -99 -99 0.663653287008228 -99 -99 -0.468408831340431 -99 -2.03418830073636 -99 -99 -99 -99
-99 -99 -99 -99 -99 -99 -99 1.89614425629531 -99 -99 -99 -99 -99 -99 -99
-99 -99 -99 -99 -99 -99 -99 -99 -99 -99 -99 -99 -99 -99 0.152719668522473
-99 -99 -99 -99 1.3198358924143 -99 -99 -99 -99 -99 -99 -99 2.07255494372026 -99 -99
