-99 -99 -99 -99 -99 -99 -99 -99 -99 -99 -99 -99 -99 -99 -99
-99 -99 -99 -99 -99 -99 -99 -99 -99 -99 -99 -99 -99 2.72980511301836 -99
-99 -0.43648664573256 -99 0.939494613799258 -0.927955065810497 -99 -99 -99 -99 -99 -99 -99 -99 0.266823955269298 -99
-99 -99 -99 -99 -99 -0.706349860467778 -99 -99 -99 -99 -0.298861635085659 -99 -0.875907596090263 -99 -99
-99 -99 -99 -99 -99 -99 -99 -99 -99 -99 -99 -99 -99 -99 -99
0.43307782184266 -99 0.407296694458691 -99 -99 1.50292222109194 -99 -99 -99 -99 -99 -99 -99 -99 -99
-99 0.411217932350728 1.87417727757729 -99 -99 -99 -99 -99 -99 -99 -99 -99 -99 -99 -99
-99 -99 1.01628101275741 -99 -99 -99 -1.34080698513055 -99 -99 -99 -99 -99 -99 -99 -99
-99 0.599200446133301 -99 -99 -0.594022184833141 -99 -99 -99 -99 -99 -99 -99 -99 -99 -99
-99 -99 2.44205079204469 -99 -99 -99 -99 -99 -99 -99 -99 -99 -99 -99 -99
-99 1.27960858776544 -99 -99 -99 0.402696998453117 -99 -99 -99 -99 -99 -99 -99 -99 -99
-99 -99 -99 -99 -99 -99 -99 -99 -99 -99 -99 -0.523909721485529 -99 -99 -99
-99 -99 -99 -99 -99 -99 -99 -99 -1.0344570743084 0.0545746861139363 -99 1.05260876068866 -99 -99 -99
-99 2.42068635627942 -99 -99 -99 -99 -99 -99 -99 -99 3.30431626647252 -99 -99 -99 -99
-99 -99 -99 -99 -99 -99 -99 -99 0.515037331303442 -99 -1.73978651147255 -99 -99 -99 -99
-0.0770369262365238 -99 -99 -99 -99 -99 -99 -99 -99 -99 -99 -99 -99 -99 0.510545120674891
-99 -99 -0.293361495772791 -99 -0.849533071855631 -99 -99 -0.676580255089401 -99 -99 -99 1.78930756894279 -99 -99 -99
-99 -99 -99 -0.0197453003232144 -99 -99 -99 -99 -99 -99 -99 -99 -99 -0.031416630112735 -99
-99 -99 -99 2.00100315537053 -99 -99 -99 -99 -99 -99 -99 0.424284849029132 -99 -99 -99
-99 -99 -99 -99 -99 -99 -99 -99 -99 -99 3.83344883604812 -99 -99 -99 -99
-99 -99 -99 -99 -99 -99 1.70638828928694 -99 -99 -99 -99 1.61564215541985 -99 -99 -99
-99 -99 -99 -99 -99 -99 -99 -99 -99 -99 -99 -99 -99 -99 -2.33813157794569
-99 -99 -99 -99 -99 -99 -99 -99 -99 -99 -99 -99 -99 -99 -99
-99 -99 -99 -99 -99 -99 -99 -99 -99 -99 -99 -99 -99 -99 -99
1.4836914303502 1.48565135090918 -99 -99 -99 -99 0.0993444961849398 -99 1.16217239421415 -99 -99 -99 -99 -99 1.95042164977552
-99 3.18912340407807 -99 -99 -99 -99 -99 -99 -99 -99 -99 2.11473437373015 -99 0.0747656309167077 -99
-99 3.07810302955279 -99 2.74578482216537 -99 -99 -99 -99 -99 3.70019501996522 -99 -99 -99 -99 -99
-99 -99 1.1297542915257 1.74687640710001 0.719818066520664 -99 -99 -99 -99 -99 -99 -99 -99 -99 -99
-99 -99 -99 -99 -99 -99 -99 -99 -99 -99 2.01041524506874 -99 -99 -99 -99
-99 -99 -99 -99 -99 2.19362597441605 -99 -99 0.860408226636103 -99 0.799770219798399 -99 -99 -99 -99
-99 -99 1.75309973193359 -99 1.25625668358559 -99 0.229915084955805 -99 -99 -99 -99 -99 -99 -99 -99
-99 -99 -99 -99 -99 -99 -99 -99 -99 2.28394218945242 -99 -99 -99 -99 -99
-99 -99 -99 -99 -99 -99 -99 -99 -99 -99 -99 -99 -99 -99 -99
-99 -99 -99 -99 -99 -99 -99 -99 -99 -99 -99 -99 -99 -99 -99
-99 -99 -99 -99 -99 -99 -99 -99 -99 -99 -99 -99 -99 -99 -99
-99 -99 -99 -99 -99 -99 -99 -99 -99 -99 -99 -99 -99 -99 0.289068149569161
-99 -99 -99 -99 -99 -99 -99 -99 -99 0.117038079371315 -99 -99 -99 -99 -99
-99 -99 -99 -99 -99 -99 -99 -99 -99 -99 -99 -99 -99 2.98250687939915 -99
0.201574269393788 -99 -99 1.18366715879305 -99 1.45082523157951 -99 -99 -99 -99 -99 2.05466287096112 -99 -99 -99
-99 -99 -99 -1.17934291842081 0.169512938811159 -99 -99 -99 -99 -99 -99 -99 -99 -99 -1.0799407335944
-99 -99 -99 -99 -99 -99 -99 -99 -99 -99 -99 2.16998194021558 -99 -99 -99
-99 -99 -99 -99 1.3348461011886 -99 -99 -99 -99 -99 -99 -99 -99 -99 3.82245841256078
-99 -0.820760125867264 -99 -99 1.55227825199433 -99 -99 -99 -99 -99 -99 -99 -99 1.74175724058429 -99
-99 -99 -99 -99 -99 -99 -99 -99 0.0274690063393735 -99 -99 -99 -99 -99 -99
-99 -99 -99 -99 -99 -99 -99 -99 -99 -1.87093176904471 -99 -99 -99 -0.294100056575022 -99
-99 -99 -99 -99 -99 -99 -99 -99 -99 -99 -99 -99 -99 -99 -99
-99 -99 -99 -99 -99 -99 -99 -99 1.99260760625018 0.725680784468684 -99 -99 -99 -99 -99
-99 -99 -99 1.9772722458313 -99 -99 -99 -99 -1.11851455171426 -99 -99 -99 -99 -99 -99
-99 -0.0839802542709609 -99 -99 0.183761600143123 -99 0.281870104751365 0.176637147951488 -99 -99 -99 -99 -99 -99 -99
-99 -99 -99 0.957587159498069 -99 -99 -99 -99 -99 -99 -99 -99 -99 0.526769716085964 -99
-99 -99 -99 -99 -99 -99 0.556621196434023 -99 -99 -99 -99 -99 -99 -99 -99
-99 -99 -99 -99 -99 -99 -99 -99 -99 -99 -99 -99 -99 -99 -99
-99 -99 -99 -99 -99 -99 -99 -99 -99 -99 -99 -99 -99 -99 -99
-99 -99 -99 1.0890449232265 -99 -99 -99 4.13413958275043 -99 -99 -99 -99 -99 -99 2.02932414171277
-99 -99 -99 -99 -99 -99 -99 -99 -99 -99 -99 -99 -99 -99 -99
-99 -99 -99 -99 -1.81814283877506 -99 -99 -99 -99 -99 -99 -0.376817846793377 -99 -99 -99
-99 1.27291350385309 1.53720232280933 -99 -99 -99 -99 -99 -99 1.59241938717639 -99 -99 -99 -99 -99
-99 -99 3.32006736119398 -99 1.85177651163244 -99 3.95566754413788 -99 -99 -99 -99 -99 2.13597787953548 -99 -99
-99 -99 -99 -99 -99 -99 0.380338193964859 -99 -99 -99 -99 -99 -99 -99 -99
-99 -99 -99 1.18427954832405 -99 -99 -99 -99 -99 -99 -99 -99 -99 -99 1.24931623766613
-99 -99 -99 -99 -99 -99 -99 -99 -99 1.96409643989622 -99 1.95328529630805 -99 -99 -99
-99 2.26724063998705 -99 -99 -99 2.87642432455345 -99 -99 -99 -99 -99 -99 2.80751082807663 -99 -99
-99 -99 -99 -99 -99 -99 -99 -2.90418905253264 -0.223816952133208 -0.511692107456809 -99 -99 -99 -99 -99
0.938272346571558 -99 -99 -99 -99 -99 -99 -99 -99 -99 -99 -99 -99 -99 -99
-99 -99 -99 -99 2.09013147263161 -99 -99 -99 -99 1.27414278825893 -99 -99 -99 -99 2.93477721755843
-99 -99 -99 -99 -99 -99 -99 -99 -99 -99 -99 -99 -0.390119377341644 -99 -99
-99 -99 -99 -99 -99 -99 -99 -99 -99 1.66628693507969 -99 -99 -99 -99 -99
-99 -99 -99 -99 -99 -99 -99 -99 -99 -99 -99 -99 -99 -99 -99
-99 -99 -99 -99 -99 -99 -99 1.70269814789162 -99 -99 -99 -99 -99 -99 -99
-99 -99 -99 -99 -99 -99 -99 -99 -99 -99 -99 -99 -99 -99 1.64843052536618
-99 -99 -99 -99 -99 -99 -99 -99 -99 -99 -99 -99 -99 -99 -99
-2.55867567102791 -99 -99 -99 -99 -99 -99 -99 -99 -99 -99 -99 -99 -99 -99
2.6032780415786 -99 -99 -99 -99 -99 -99 -99 -99 -99 -99 -99 0.0754022257741624 -99 -99
-99 -99 -99 -99 -99 -99 -99 -99 0.873691049197768 -99 -99 -99 -0.676792062565361 -99 -99
-99 -99 -99 -99 -99 -99 -99 -99 -99 -99 -99 -99 -99 2.61841542276556 -99
1.33218654514789 -99 -99 -99 -99 -99 -99 3.22791444390918 -99 -99 -99 -99 -99 -99 -99
-99 -99 -99 -99 -99 -99 -99 -99 -99 -99 -99 -99 -99 -99 -99
-99 -99 1.23553600855662 3.41430875028332 1.77054224794641 -99 -99 -99 -99 -99 -99 -99 -99 -99 -99
-99 -99 -99 -99 -99 -99 -0.382508546443136 -99 -99 -99 -99 -99 -99 -99 -99
-99 -99 -99 -99 -99 -99 -99 -99 -99 -99 -99 -99 -99 1.08866793564145 -99
-99 -99 -99 -99 -99 -99 -99 -99 -99 -99 -99 2.58173589975286 3.75882585688617 -99 -99
-99 -99 -99 -99 -99 -99 -99 -99 -99 -99 -99 -99 -99 -99 -99
-99 -99 -99 -99 -99 -99 -99 -99 0.404863574203829 0.373477238273383 -99 -99 -99 -99 0.410961834007326
-99 -99 -99 -99 -99 -0.286317316337841 -99 -99 -99 -99 -0.938471718443913 -99 -99 -99 -99
-99 -99 -99 -99 -99 -99 -99 -99 -99 -0.924701171326027 -99 -99 -99 -99 -1.95791148412054
-99 -99 -99 -99 -99 -99 -99 -99 -99 -99 -2.33063126645823 -99 -99 -99 -99
-99 -99 -99 -99 -1.74432073925178 -99 -0.794636388924414 -1.3801582580164 -99 -99 -1.35664903015815 -99 -99 -99 -99
-99 -99 1.46887446194161 -99 -99 -99 -99 -99 -99 -99 -99 0.807453598679972 -99 -99 2.81287228240328
-99 -99 -99 -99 -99 -99 -99 -99 -99 -99 -99 1.57985909762573 -99 -99 -99
-99 -99 -99 -99 -99 -99 -99 -99 -99 0.00722967045900902 -99 -99 -99 -99 -99
0.247170526284136 -99 -99 -99 -99 -99 -99 -99 -99 -99 0.114532091390266 -99 -99 -99 -99
-99 -99 -99 -99 -99 -99 -99 3.70804777120613 -99 -99 -99 3.03679148533665 -99 -99 -99
-99 -99 -99 -99 -99 -99 -99 -99 -99 -99 -99 -99 -99 -99 -99
0.964312740901835 2.35815916007625 -99 -99 -99 -99 -99 -99 -99 -99 -99 -99 2.65396703632095 -99 -99
-99 -99 -99 -99 -99 -99 -99 -99 -99 -99 -99 -99 -99 -99 -99
-99 -99 -99 -99 -99 -0.130680778953401 -99 -99 -99 -99 -99 -99 -99 -99 -99
-99 -99 -99 -99 -99 -99 -99 -99 -99 -99 2.55057088310275 -99 1.55352452245653 -99 -99
-99 -99 -99 -99 -99 -99 -99 -99 2.57927646373648 -99 -99 -99 -99 -99 -99
-99 -99 -99 -99 -99 -99 -99 -99 -99 -99 -99 -99 -99 -99 -99
-0.252595482160768 -99 -99 2.09496156664169 -99 -99 -99 -99 0.715541659529302 -99 1.24347112670141 -99 -99 -99 -99
-99 -99 -99 -99 -99 -99 -99 -99 -99 -99 -99 -99 -99 -99 -99
-99 -99 -99 -1.15034024430612 -99 -99 -99 -99 -99 -99 -99 -99 -99 -99 -99
-99 -99 -99 -99 -99 -99 -99 -99 -99 -99 -99 -99 -99 -99 -99
0.565009313627314 -99 -99 -99 -99 -99 -99 -99 -99 -99 -99 -99 -99 0.269295766965938 -99
-99 -99 -99 -99 -99 -99 -99 2.02292080494622 -99 2.86887955938198 -99 -99 -99 -99 -99
-99 -99 -99 -99 -99 2.95982176449442 -99 -99 -99 -99 -99 -99 1.26313788727237 -99 -99
-99 -99 -99 0.103801207428352 -99 -99 -99 -99 -99 -99 -99 -99 -99 -99 -99
-99 -99 -99 -99 -99 -99 -99 -99 -99 -99 -99 -99 -99 3.42869662436259 -99
-99 -99 -99 -99 -99 -99 -99 -99 0.366814060487854 -99 -99 -99 -99 -99 -99
-99 -99 -99 -1.89502017826571 -99 -0.416728179663652 -99 -99 -99 -99 -99 -99 -99 -99 -99
-99 -99 -99 -99 -99 -99 -99 -99 -99 -99 -99 -99 -99 -99 -99
-99 -99 4.36829098284446 -99 -99 -99 -99 -99 -99 -99 -99 -99 -99 -99 -99
-99 -99 -99 -99 -99 -99 -99 -99 -99 -99 -99 -99 -99 -99 2.02991824502476
-99 -99 -99 -99 -99 -99 -99 -99 -99 -99 -99 -99 -99 -99 -99
-99 -99 -99 -99 -99 -99 -99 -99 -99 -99 -99 -99 -99 -99 -99
-99 -99 -99 -99 -99 -99 -99 -99 1.60235195652298 2.0990326964366 -99 -99 -99 -99 -99
-99 -99 -99 -99 -99 -99 -99 2.46712576461732 -99 -99 0.0806871521520323 -99 -99 -99 -99
-0.877465257768104 -99 -99 -0.911932324198858 -99 -99 -99 -99 -99 -99 -0.555708922022347 -99 -99 -99 -99
-99 -99 -99 -99 -3.10004738149741 -99 -0.568613768185983 -99 -99 -99 -99 -99 -99 -99 -99
-99 -99 -99 -99 -99 -99 -99 -0.258913913322261 -99 -99 -99 -99 -99 -99 -99
0.572640859477275 -99 -99 -99 -99 -99 -0.3839463445188 -99 -99 -99 -99 -99 -99 2.01801007874549 -99
-99 1.57662605857493 -99 -99 -99 -99 -99 1.3578540843757 -99 -99 -99 -99 -99 -99 -99
-99 -99 -99 -99 -99 -0.265704196830654 -99 -0.782811427442531 -99 -99 -99 -99 -99 -99 -99
-99 -99 0.312692742774339 -99 -99 -99 -99 -99 -99 -99 -99 -99 -99 -99 -99
-99 -99 -99 -99 -99 -99 -99 -99 -99 -99 0.166846805811571 -99 -99 -99 -99
-99 -99 -99 -99 -99 -99 -99 -99 -99 2.38289293557915 -99 -99 -99 -99 -99
-99 -99 -99 -99 -0.00108120226189112 -99 -99 -99 -99 -99 0.624957686670705 -99 -99 -99 -99
-99 -99 -99 -99 -99 -99 -99 -99 -99 -99 -99 -99 -99 -99 -99
-99 -99 -99 -1.56319383122615 -0.166214381587287 -99 0.897900175517034 -99 0.0405396839588158 -99 -99 -99 -99 -99 -99
2.09631747100009 -99 -99 -99 -99 -99 -99 -99 -99 -99 1.45353051699539 -99 -99 -99 -99
-99 -99 -99 -99 -99 -99 -99 -99 -99 -99 -99 -99 -99 -99 -99
-0.959962223132602 0.857455748971319 -99 -99 -99 -99 -99 -99 -99 -99 -0.126179187034735 -99 -99 -99 -99
-99 -99 -99 -99 -99 -99 -99 -99 -99 -99 -99 -99 -99 -99 -99
0.0380298646596556 -99 -99 -99 -99 -99 -99 -99 -99 -99 -99 -99 -99 2.05799062386033 -99
-99 -99 -99 1.27010255470362 -99 -99 -99 2.63514032479739 -99 -99 -99 -99 -99 -99 -99
-99 -99 -99 -99 -99 -99 -99 -99 -99 -99 -99 -99 -99 -99 -99
-99 -99 -99 -99 -99 -99 -99 -99 -99 -99 -99 -99 -99 -99 -99
-99 -99 -99 -99 -99 -99 -99 -99 -99 -99 -99 -99 -99 -99 -99
-99 -99 1.05788753054501 -99 -99 -99 -99 -99 -99 -99 -99 -99 -99 -99 0.966334664009262
-99 -99 -99 -99 -99 -99 -99 -99 -99 -99 -99 1.16626102368557 -99 -99 -99
-99 -99 -99 -99 -99 -99 -99 -99 -99 -99 -99 -99 -99 -99 -99
-99 -99 -99 -99 -99 -99 -99 -99 -99 -99 -99 -99 -99 -99 -99
-99 -99 -99 -99 -99 -99 -99 -99 -99 -99 -99 -99 -99 -99 -99
-99 -0.0769424188803125 -99 -99 -99 -99 -99 -99 -99 -99 -99 -99 -99 1.97253567484228 -99
-99 -99 -99 -99 -99 -99 -99 -99 -99 -99 -99 0.283335568776709 -99 -0.0859340191184041 -99
-99 -99 -99 1.33382162581829 -99 -99 -99 -99 -99 -99 -99 -0.143878241789837 -99 -99 -99
-99 -99 -99 -99 3.12974993537222 -99 -99 2.56900283344825 -99 -99 -99 -99 -99 -99 -99
-99 -99 -99 -99 -99 -99 -99 -99 -99 -99 -99 -99 -99 -99 -99
1.78897027092177 -99 -99 -1.28781985522312 -0.381887423834172 -99 -99 -99 -99 -99 -99 -99 -99 -99 -99
-99 -99 -99 -99 -99 -99 -99 -99 -99 -99 -99 -99 1.59094236529675 -99 -99
1.14301909098082 -99 0.357784745412432 -99 -99 0.148841211683534 -99 -99 -99 -99 -99 -99 -99 -99 -99
-99 -99 -99 -99 -99 -99 -99 -99 -99 -99 -99 -99 -99 -99 -99
-99 -99 -99 -99 -99 -99 -99 -99 -99 -99 -99 -99 -99 -99 -99
-99 -99 -99 0.179785084124733 -99 -99 -99 -99 -99 -99 -99 -99 -99 -99 -99
-99 2.98972930666419 0.961710296593138 -99 -99 1.30991899276599 3.27389614405343 -99 3.41104973409232 -99 -99 -99 -99 -99 -99
-99 -99 -99 -99 -99 -99 -0.0628270197513583 -99 -99 -99 -99 -99 -99 -99 -99
-99 -99 0.545662164602567 -99 -99 -99 -99 -99 -99 -99 -99 -99 -99 -99 -99
-99 -99 -99 -99 -99 -99 -99 -99 -99 -99 -99 -99 -99 -99 -99
-99 -99 -99 -99 -99 -99 -99 -99 0.970306396854247 -99 -99 -99 -99 -99 -99
-99 -99 -99 -99 -99 -99 -99 -1.11901114493251 -99 -99 -99 -99 -99 -99 -99
-99 -99 -99 -99 -99 -99 -99 0.893722052628003 -99 -99 -99 -99 -99 -99 -99
-0.17890921201165 -99 -99 -99 -99 -99 -99 -99 -0.0658430640076058 1.49521694354871 -0.788097583004124 -99 -99 -99 -99
-99 -99 -99 -99 -99 -99 -99 -99 -99 -99 2.50022014604745 -99 -99 -99 1.08162419677896
-99 -99 -99 -99 -99 -99 0.51558414064955 -99 -99 -99 -99 -99 -99 -99 -99
-99 -99 -99 -99 -99 -99 -99 -99 -99 -99 -99 -99 -99 1.15237728482299 -99
0.176929717061391 -99 -99 -99 -99 -99 -99 -99 -99 -99 -99 -99 -99 -99 -99
-99 -99 -99 0.38737615953848 -99 -99 -99 -99 2.74733231242369 -99 -99 -99 -99 -99 -99
-99 -99 -99 -99 -99 -99 1.41627394656871 -99 -99 -99 -99 -99 -99 -99 -99
-99 -99 -99 -99 -99 -99 -99 -99 -99 -99 -99 -99 -99 -99 -99
-99 -1.35889645873439 -99 1.06389777823248 -99 -99 -99 -99 -99 -99 0.665397470478678 -99 -99 -99 -99
-99 -99 -99 -99 1.59378662976957 -99 -99 -99 -99 -99 -99 -99 -99 -99 -99
-99 -99 -99 2.45808364592427 -99 -99 -99 -99 -99 3.15655858360331 -99 -99 -99 -99 -99
-99 -99 -99 -99 -99 -99 -99 -99 -99 -99 -99 -99 -99 -99 -99
-99 -99 0.684786427430228 -99 -99 -99 -99 -99 -99 -99 -99 -99 -99 -99 -99
-99 -99 3.42019972589975 -99 -99 -99 -99 3.35101294784771 -99 -99 -99 -99 -99 -99 -99
-99 -99 -99 -99 -99 -99 -1.04223706261501 -99 -99 -99 -99 -99 -99 -99 -99
-99 -99 1.77729085565611 -99 -99 -99 -99 -99 -99 -99 -99 -99 -99 -99 -99
-99 -99 -99 -99 -99 -99 2.00886182533093 -99 -99 -99 0.794007481895017 -99 -99 -99 -99
-99 -99 -99 -99 -99 -99 -99 -99 -99 -99 -99 -99 -99 -99 -99
-99 -99 -99 -99 1.85889197127236 -99 -99 -99 -99 -99 -99 0.330800957249472 -99 -99 -99
-99 -99 -99 -99 -99 -99 -99 -99 -99 1.38954217935555 -99 -99 -99 -99 -99
-99 -99 -99 -99 -99 -99 -99 -99 -99 -99 -99 -99 1.48737231429836 1.34232878976251 -99
-99 -99 -99 -99 -99 -99 -99 -99 2.86356666819006 0.125894581147636 0.997787577824497 -99 4.05529338151385 -99 -99
-99 -99 -99 -99 -99 -99 -99 -99 -99 -99 -99 -99 -99 -99 -99
-99 -99 -99 -99 -99 -99 -99 -99 -99 -99 -99 -99 -99 -99 0.724492202268911
-99 -99 -99 -99 -99 -99 -99 -99 -99 -99 -99 -99 -99 -99 -99
-99 -99 -99 -99 -99 -99 -99 -99 -99 -99 -99 -99 -99 -99 -99
-99 -99 -99 -99 -99 -99 -99 -99 -99 -99 -99 -99 -99 -99 -99
-99 -99 -99 -99 -99 -99 -99 -99 -99 -99 -99 -99 -99 -99 -99
-99 -99 -99 -99 2.89195906883708 -99 -99 -99 -99 -99 -99 -99 -99 -99 -99
1.83004373481435 -99 -99 -99 -99 -99 -99 -99 -99 -99 3.02167344113522 -99 -99 -99 -99
-99 0.929734985018929 -99 -99 -99 -99 -99 -99 0.656776036446702 -99 -99 1.55984797553931 -99 -99 -99
-99 -99 -99 -99 -99 -99 2.60039440596366 -99 -99 -99 -99 -99 -99 -99 -99
-99 -99 2.09419408483673 -99 -99 -99 -99 -99 1.3735639318182 -99 -99 -99 -99 1.77326187068771 1.25171599116894
-99 -99 -99 -99 -99 -99 -99 -99 -99 -99 -99 -99 0.700512502825171 -99 -99
-99 -99 -99 -99 -99 1.46734888212312 -99 -99 -99 -99 -99 0.964621553233693 -99 -99 -99
-99 -99 -99 -99 -99 -99 -99 -99 -99 -99 -99 -99 -99 -99 3.79211654366932
-99 0.924089245474129 -99 -99 1.234743662899 -99 -99 -99 -99 -99 -99 -99 -99 -99 -99
-99 -99 -99 -99 -99 -99 -99 -99 0.894293095879104 -99 -99 -99 -99 -99 -99
-99 -99 -1.16222741078951 -99 -99 -99 -99 0.0422035044548317 -99 -99 -99 1.29031296689593 -1.04522228070959 -99 -99
-99 -99 -99 -99 -99 -99 -99 -99 -99 -99 -99 0.593928816694782 -99 -99 -99
-99 -99 -99 -99 -99 -99 -99 -99 -99 -99 -99 -99 -99 -99 -99
-99 -99 -99 -99 -99 -1.42179030911123 -99 -99 -99 -99 0.874597973849861 -99 -99 0.434551271377766 -99
-99 -99 -99 -99 -99 -99 -99 -99 -99 -99 -99 -99 -99 -99 -99
-99 -99 -99 -99 -99 -99 -99 -99 -99 -99 -99 -99 -99 -99 -99
-99 -99 -99 3.10182694381193 -99 -99 -99 -99 -99 -99 -99 -99 -99 -99 -99
-99 -99 -99 -99 -99 -99 -99 -99 -99 -99 -99 -99 -99 -99 -99
-99 -99 -99 -99 -99 -99 -99 -99 -99 -99 -99 -99 -99 -99 -99
-99 -99 -99 -99 -99 -99 -99 -99 -99 -99 -99 -99 -99 -99 -99
-99 -99 -99 -99 -99 -99 -99 -99 -99 -99 -99 -99 -99 -99 -99
-99 -99 -99 -99 -99 -99 -99 -99 3.16594772657318 0.721515162219696 -99 2.2534853463727 -99 -99 -99
-99 -99 -99 -99 -99 -99 -99 -99 -99 -99 -99 -99 -99 -99 -99
-99 -99 0.376986998893587 -99 -99 -99 -99 -99 -99 -99 -99 -99 -99 -99 -99
-99 -99 -99 -99 -99 -1.99060681821291 -99 -99 -99 -99 -99 -99 -99 -99 -99
-99 0.400972680149263 -99 -99 -99 -99 -99 -99 -99 -99 -99 -99 -99 -99 -99
-99 -99 -99 -99 -99 -99 -99 -99 -99 -99 -99 -99 -99 -99 -99
-99 -99 -99 -99 -99 -99 -99 -99 -99 -99 -99 -99 -99 -99 -99
-99 -99 -99 -99 -99 -99 -0.722529049675128 -99 -99 -99 -99 -99 -99 -99 -99
-99 -99 -99 -99 -99 0.539651122090577 -99 -99 -99 -99 -99 -99 -99 -99 -99
-99 3.83593283267712 -99 -99 3.56448474944541 -99 -99 -99 -99 -99 -99 -99 -99 -99 -99
-99 -99 -99 -99 -99 -99 -99 -99 -99 3.19464031556419 -99 -99 -99 -99 -99
-99 -99 -99 -99 -99 -99 -99 -99 -99 -99 -99 -99 -99 -99 -99
-99 -99 -99 -99 -99 -99 -99 -99 -99 0.439113407125017 -99 -99 1.27001929728965 -99 0.106246786956545
-99 -99 -99 -99 2.10895820562379 -99 -99 -99 -99 -99 -99 -99 -99 -99 -99
-99 -99 -99 -99 -99 -99 -99 -99 -99 -99 -99 -99 -99 -99 -99
-99 -99 -99 -99 -99 -99 -99 -99 -99 -99 0.362715788411232 -99 -99 -99 -99
-99 -99 -99 -99 -99 -99 -99 -99 -99 -0.781731696675639 -99 -99 -99 -99 -99
-99 -99 -99 -99 -99 -99 -99 -99 -0.159419509178073 -0.0163492798966751 -99 -2.08770968846059 -99 -99 -99
-99 -99 -99 -99 -99 -99 -99 -99 -99 -99 -99 -99 -99 -99 -99
-99 -99 -99 0.591188309117362 -99 -99 -99 -99 -99 -99 -99 -99 -99 -99 -99
-99 -99 -99 -99 -99 -99 -99 1.51985987066319 -99 -99 -0.63850339872032 -99 -99 -99 -99
-99 -99 -99 -99 -99 -99 -99 -99 -99 -99 -99 -99 -99 -99 -99
-99 -99 -99 -99 1.09938192820249 -99 -99 -99 -99 0.593418603255174 -99 -99 -99 -99 -99
-99 -99 -99 -99 0.774378879512982 -99 -99 1.14207233048071 -99 -99 -99 1.30670833823218 -99 -99 2.81023562867564
-99 -99 -99 -99 -99 -99 -99 -99 -99 -99 0.494693893552511 -99 -99 -99 -99
-99 -99 -99 -99 -0.404271565004827 -99 -99 -99 -99 -99 -99 -99 -99 -99 -99
-99 -99 -99 -99 -99 -99 -99 -99 -99 -99 -99 -99 -99 -99 -99
-99 -99 -99 -99 -99 -99 -99 -99 -99 1.53978389799346 -99 -99 -99 -99 -99
-99 -99 -99 1.98966183849154 -99 -99 -99 -99 -99 -99 -99 -99 -99 -99 -99
-99 -99 -99 -99 -99 -99 -99 -99 -99 -99 -99 -99 -99 -99 -99
-99 -99 -99 -99 -99 -99 -99 -99 -99 -99 -99 -99 -99 -99 -99
-99 -99 -99 -99 -99 -99 -99 -99 -99 -99 -99 -99 -99 0.703659815387529 -99
-99 -99 -99 -99 -99 -99 -99 -99 -99 -99 -1.34619460374673 -99 -99 -99 -99
-99 -99 -99 -99 -99 -99 -99 -99 -99 -99 -99 -99 -99 -99 -99
1.08975878417532 0.531050245413841 -99 -99 -99 -99 0.548709440333951 -99 1.0239801428794 -99 -99 -99 -99 -99 -99
-99 -99 -99 -99 -99 -99 -99 -99 -99 -99 1.63730026419119 -99 -99 -99 -99
-99 -99 -99 -99 -99 -99 -99 -99 -99 -99 -99 -99 -99 -99 -99
-99 -99 -99 -99 2.02069673370998 -99 -99 -99 -99 -99 -99 -99 -99 0.833896342573575 -99
-99 -99 -99 -99 -99 -99 -99 -99 -0.706218250236107 -99 1.03481879493508 -99 -99 -99 -99
-99 -99 -99 -99 -99 -99 -99 -99 -99 -99 -99 -99 -99 -99 -99
-99 2.15575034679306 -99 -99 -99 -99 1.48983668791134 -99 -99 -99 -99 -99 -99 -99 -99
-99 0.808117820046088 -99 0.189335058006801 -99 -99 -0.574020821452453 -99 -99 -99 -99 -99 -99 -99 -99
-99 -99 -99 -99 -99 -99 -99 -99 -99 -99 -99 -99 -99 -99 2.09317725371868
-99 -99 -99 -99 -99 -99 -99 -99 -99 1.25942018141976 -99 -99 -99 -99 -99
-99 -99 -99 -99 -99 -99 -99 -99 -99 -99 -99 -99 -99 1.83103165479616 -99
-99 -99 -99 0.897248058609755 -99 -99 -99 -99 -99 -99 -99 -99 -99 -99 -99
3.16748345662933 -99 -99 -99 -99 -99 -99 -99 -99 -99 -99 -99 -99 -99 -99
-99 -99 -99 -99 2.44325697175015 -99 -99 -99 -99 2.00592078908698 -99 -99 -99 -99 -0.286582285053854
-99 -99 -99 -99 -99 -99 -99 -99 -99 -99 -99 -99 -99 -99 -99
2.5494576294104 -99 -99 -99 -99 -99 -99 -99 -99 -99 -99 -99 -99 -99 -99
-99 -99 -99 -99 -99 -99 -99 -99 -99 1.68899482949774 -99 -99 -99 -99 -99
-99 -99 -99 -99 -99 -99 -99 -99 -99 -99 -99 -99 1.71531356629912 -99 -99
-99 -99 -99 -99 -99 -99 -99 -99 -99 -99 -99 -99 -99 -99 -99
-99 -99 -99 -99 -99 -99 -99 -99 -99 -99 -99 2.35392628485973 -99 -99 -99
-99 -99 -99 -99 -99 0.509694294630682 -99 -99 -99 -99 -99 1.86997868161697 2.77827618782443 -99 -99
-99 -99 -99 -99 -99 -99 -99 -99 -99 -99 -99 -99 -99 -99 -99
-99 -99 -99 -0.988821873100591 -99 -99 -99 -99 -99 -99 -99 -99 -99 -99 -99
-99 -99 -99 -99 -99 -99 -99 -99 -99 -99 -99 -99 -99 -99 -99
-99 -99 -99 -99 0.929352921213466 -99 -99 -99 -99 -99 -99 -99 -99 -99 -0.315779930605555
-99 -99 -99 -99 -99 -99 -99 -99 0.626036212897434 -99 -99 -99 -99 -99 -99
-99 -99 -99 -99 -99 -99 -99 -99 -99 0.826089401407708 -99 -99 -99 -99 -99
-99 -99 -99 -99 -99 -99 1.83764748979105 -99 -99 -99 -99 -99 -99 -99 0.999343488696812
-99 -99 -99 -99 -99 -99 -99 -99 -99 -99 -99 -99 -99 -99 -99
-99 -99 -99 -99 -99 -99 -99 -99 -99 -99 -99 -99 -99 -99 -99
-99 -99 -99 -99 -99 -99 -99 -99 -0.0229490857194996 -99 -99 -99 -99 -99 -99
-99 3.23856420938003 -99 -99 -99 -99 -99 2.81385761875209 -99 -99 -99 -99 -99 -99 -99
-99 -99 -99 -99 -99 -99 1.67502658653477 -99 -99 -99 -99 -99 -99 -99 -99
-99 -99 -99 -99 -99 -99 3.41647151229791 -99 -99 -99 -99 -99 -99 -99 -99
-99 -99 -99 -99 3.72961183448145 -99 -99 -99 -99 -99 -99 -99 -99 -99 -99
-99 -99 -99 -99 -99 -99 -99 -99 -99 -99 -99 -99 -99 -99 -99
-99 -99 -99 -99 -99 -99 -99 -99 -99 -99 -99 3.19829254841363 -99 -99 -99
-99 -99 -99 -99 -99 -99 -99 -99 -99 -99 -0.750915682496395 -99 -99 -99 -99
-99 -99 2.45375224578964 -99 -99 -99 -99 -99 -99 -99 -99 -99 -99 1.34694772327293 -99
0.71042122431697 -99 -99 -99 -99 2.02821054339567 -99 -99 -99 -99 -99 -99 -99 -99 0.717339885263257
-99 -99 -99 -99 0.375746063579254 -99 -99 -99 -99 -99 -99 -99 -99 -99 -99
-99 -99 -99 -99 -99 -99 -99 -99 -99 2.03954108696381 -99 -99 -99 -99 -99
-99 -99 -99 -99 -99 -99 -99 -99 -99 -99 -99 -99 -99 -99 -99
-99 -99 -99 -99 -99 -99 -99 1.35925376398216 -99 -99 -99 -99 -99 -99 -99
-99 -99 -99 -99 0.411431092887139 -99 -99 -99 -99 -99 -99 -99 -99 -99 -99
-99 -99 -99 -99 -99 -99 -99 -99 -99 -99 -99 -99 -99 -99 -99
-99 -99 -99 -99 -99 -99 -99 -99 -99 -99 -99 -99 -99 -99 -99
-99 -99 -99 -99 -99 -99 -99 -99 -99 -99 -99 -99 -99 -99 -99
-99 -99 -99 -99 -99 -99 -99 -99 -99 -99 -99 -99 -99 -99 -99
-99 -99 -99 -99 -99 -99 -99 -99 -99 -99 -99 -99 -99 -99 0.0495672080209517
-99 -99 -99 -99 -99 -99 -99 -99 -99 -99 -99 -99 0.203001109783437 -99 -99
2.41979901894501 -99 -99 -99 0.757523205806215 -99 -99 -99 -99 -99 -99 -99 -99 -99 -99
-99 -99 -99 -99 -99 -99 -99 -99 -99 -99 -99 1.81348027962732 -99 -99 -99
-99 -99 -99 -99 -0.220673892197584 -99 -99 -99 -99 -99 -99 -99 -99 -99 -99
-99 -99 -99 0.467104650491839 -99 -99 2.15077291351554 -99 3.6118186493595 -99 -99 1.80481104449435 -99 -99 -99
-99 -99 -99 -99 -99 -99 -99 -99 -99 -99 -99 -99 -99 -99 0.368268650193152
-99 -99 -99 -99 -99 -99 -99 -99 -99 -99 -99 -99 -99 0.887927022829291 -99
-99 2.1341184085424 -99 -99 -99 -99 -99 -99 -99 -99 0.506350072429023 1.00171380839181 1.62552147341137 -99 -99
0.829911744966337 -99 -99 -99 -99 -99 -99 -99 -99 -99 -99 -99 -99 -99 -99
-99 -99 -99 -99 1.60610617194484 -99 -99 -99 -99 -99 -99 -99 -99 -99 -99
-99 -99 -99 -99 -99 -99 -99 -99 -99 -99 -99 -99 -99 -99 -99
-99 -99 -99 -99 -99 2.30845856644249 -99 -99 -99 -99 -99 -99 -99 -99 -99
-99 -99 -99 -99 -99 -99 -99 -99 -0.336001125182404 -99 0.800750603423968 -99 -99 -99 -99
-99 0.843048319705284 -99 -99 -99 -99 -99 -99 -99 -99 -99 -99 -99 -99 -99
-99 -99 -99 -99 -99 -1.32121337270989 -99 -0.402035748618354 -99 -99 -99 -1.55392024218996 -99 0.524244513991444 -0.335642087355071
-99 -99 -99 -99 0.118189138264883 -99 -99 -99 -99 -99 -99 -99 -99 -99 -99
-99 -99 -99 2.14674506119365 -99 -99 -99 -99 -99 -99 -99 -99 2.99855866209351 1.10225500060665 -99
-99 -99 -99 -99 -99 0.649612392847484 -99 1.67999688777951 -99 -99 -99 -99 -0.646945311909613 -99 2.32141978661029
1.25472068791859 0.117622071688236 -99 -99 -99 -0.214130325100052 -99 -0.693153145518405 -99 -99 -99 -99 1.64431659408957 -99 -1.13411211579383
-99 -99 -99 -0.8427413861081 -99 -99 -99 -99 -99 -99 -99 -99 -99 -99 -99
-99 -99 -99 -99 -99 -99 -99 -99 -99 -99 -99 -99 -99 -99 1.69044544425755
-99 -99 -99 -99 -99 -99 -99 -99 -99 -99 -99 -99 -99 -2.01616543823903 -99
-99 -99 -0.868866280857507 -99 -99 -99 -99 -99 -99 1.34368626125952 -99 -99 -99 -99 -99
-99 -99 -99 -99 -99 -99 -99 -99 -99 -99 -99 -99 -99 1.1675901496855 -99
-99 -99 -99 -99 -99 -99 2.03543689569405 -99 -99 -99 -99 -99 -99 -99 -99
-99 -99 0.111014801111843 -99 -99 -99 0.0916392109558822 -99 -99 -0.893466126078276 -99 -99 -99 -99 -99
-99 -99 -0.311969056151541 1.49268322949443 -99 -99 -99 -99 -99 -99 -99 -99 -99 -0.303103501955369 -99
-99 -99 1.82696979998325 -99 -99 -99 -99 -99 -99 -99 -99 -99 -99 -99 -99
-99 -99 -99 -99 -99 -99 -99 -99 -99 -99 -99 -99 -99 -99 -99
-99 -99 -99 -99 -99 -99 -99 -99 -99 -99 -99 -99 -99 -99 -99
-99 -99 -99 -99 -99 0.913985652863028 -99 -99 -99 -99 -99 -99 -99 -99 -99
-99 -99 0.466495646145925 0.503521637019987 -99 -99 -99 -99 -99 -99 -99 -99 0.680565321445534 -99 -99
2.0707901591147 -99 -99 -99 -99 -99 -99 -99 -99 -99 -99 -99 -99 -99 -99
-99 -99 -99 -99 -99 -99 -99 -99 -99 -99 -99 -99 -99 -99 -99
-99 -99 -99 -99 -99 -99 -99 -99 -99 -99 -99 -99 -99 1.87335811181859 -99
-99 -99 -99 -99 -99 -99 0.734063989141112 -99 -99 -99 -99 -1.00383303048278 -99 -99 -99
-99 1.53826649812268 -99 -99 -99 -0.54473649630074 -99 -99 -99 -99 -99 -99 -99 -99 -99
-99 -99 -99 -99 -99 -99 3.00080499447957 -99 1.62932495988358 -99 1.848981083719 1.5389347225896 -99 -99 -99
-99 -99 -99 -99 -99 -0.543235364689231 -99 -99 -99 -99 -99 -99 -99 -99 0.412680925265944
-99 -99 -99 -99 -99 -99 -99 -0.831607421489714 -99 -99 -99 -99 -99 -99 -99
-99 -99 0.547895497730866 -99 -99 -99 -99 -99 -99 -99 -99 -99 -99 -99 -99
-99 -99 -99 -99 -99 0.545364528280711 -99 -99 -99 -99 -99 -99 -99 -99 -99
-99 -99 -99 -99 -99 -99 -99 -99 -99 -99 -99 -99 -99 -99 -99
-99 -99 -99 -99 -99 -99 -99 -99 -0.197289693271981 -99 -99 -0.0886743485528503 -99 -99 -99
-99 -99 -99 -99 -99 -99 -99 -99 -99 -99 -99 -99 -99 -99 -99
-99 -99 -99 -99 -1.21442786340686 -99 -99 -99 -99 -99 -99 -99 -99 -99 -99
-99 -99 -99 -99 -99 -99 -99 -99 -99 -99 -99 -99 -99 -99 -99
-99 -99 -99 -99 -99 -1.26064891001379 -99 -99 -99 -99 1.16696796325323 -99 -99 -99 -99
-99 -99 -99 -99 -99 -99 -99 -99 -99 -99 -99 -99 0.186623503578471 -99 -99
-99 -99 -99 -99 -99 1.28968938073377 -99 -99 -99 -99 -99 -99 -99 -99 -99
-99 -99 -99 -99 0.33806135184259 -99 -99 -99 -99 -99 -99 -99 -99 -99 -99
-0.606346271776939 -99 -99 -0.745878002077349 1.48181934970911 -99 -99 -99 -99 -99 -99 -99 -99 -99 -99
-99 -99 -99 -99 -99 -99 2.01062196482193 -99 -99 -99 -99 -99 -99 -99 -99
-99 -99 -99 -99 -99 -99 -99 -99 -0.105503799519831 -99 -99 -99 -99 -99 -99
2.79943752029984 -99 -99 -99 -99 1.65751163630064 -99 -99 -99 -99 -99 -99 -99 -99 -99
-99 -99 -99 0.474354582107059 -99 -99 -99 2.17053207743151 -99 -99 -99 1.05455931061817 -99 -99 -99
0.11746643746643 -99 1.33728554017342 -99 -99 -99 -99 -99 -99 -99 1.7851859453523 -99 -99 -99 -99
1.51924781485594 -99 -99 -99 -99 -99 -99 -99 -99 -99 -99 -99 -99 -99 -99
-99 -99 -99 -99 -99 -99 -99 -99 -99 -99 -99 -99 1.67607939090615 -99 -99
-99 -99 -99 0.154837583368307 -99 -99 -99 -99 -99 -99 -99 -99 -99 -99 -99
-99 0.44860330808186 -99 -99 -99 -99 -99 -99 -99 -99 -99 -99 1.0459735440977 3.19102863655115 -99
-99 -99 -99 -99 -99 1.92109511479858 -99 -99 -99 -99 -99 -99 -99 -99 -99
-99 -99 0.954590253210559 -99 -99 -99 -99 -99 -99 -99 -99 -99 -99 -99 -99
-99 -99 -99 -99 -99 -99 -99 -99 -99 -0.63297331081173 -99 -99 -99 -99 -99
-99 -99 -99 -99 -99 -99 -99 -99 -99 -99 -99 -99 -99 -99 -99
-99 -99 -99 -99 -99 -99 -99 -99 -99 -99 -99 -1.94187116682339 -99 -99 -99
-99 -99 -99 0.534066194116262 -99 -99 -99 -99 -99 -99 -99 0.58536996078059 -99 -99 -99
-99 -99 -99 -99 -99 -99 -99 -99 -99 -99 -99 -99 -99 -99 -99
-99 -99 -0.603259906389771 -0.486593323816211 -99 -99 -99 -99 -99 -99 -99 -99 -99 -99 0.132072672635943
-99 -99 -99 -99 -99 -99 -99 -99 -99 -99 -99 -99 -99 -99 2.76153708813445
-99 -99 2.09961203169429 -99 -99 -99 0.672390378025743 0.177339010332231 -99 -99 -99 -99 -99 -99 -99
-99 -99 -99 1.16473544637227 -99 -99 -99 -99 -99 -99 -99 -99 -99 -99 -99
-99 -99 -99 -99 -99 -99 -99 -99 0.961674967529093 -99 -99 -99 -99 -99 -99
-99 -99 -99 -99 -99 -0.175272833954087 -99 -99 -99 -99 -99 -99 -99 -99 -99
-99 -99 -99 -99 -99 -99 -99 -99 -99 -99 -1.66394644261394 -0.00619386804980127 -99 -99 -99
-99 -99 -99 -99 -99 -99 -99 -99 -99 -99 -99 0.176250029808585 -99 1.52004391345963 -99
-99 -99 -99 -99 -0.463106101465146 -99 -99 -99 -99 -99 2.11863200980968 -99 -99 -99 -99
-99 -99 -99 -99 1.12694059584883 -99 -99 -99 -99 -99 2.81397867892422 -99 -99 -99 -99
2.28559582782907 -99 3.45076385968877 -99 -99 -99 -99 -99 -99 -99 -99 -99 -99 -99 -99
-99 -99 1.16123881838668 -99 -99 -99 -0.415897323454056 -99 -99 -99 -99 1.05959380731513 -0.31277910747749 -99 -99
-99 -99 -99 0.897298259014698 -99 1.30369291476157 -99 -99 -99 -99 -99 -99 1.94861236221125 -99 -99
-99 -99 -99 -99 -99 -99 -99 -99 -99 -99 -99 -99 -99 -99 -99
-99 -99 -99 -99 -99 -99 1.03728252347403 -99 -0.815182179672401 -99 -99 -99 -99 -99 -99
-99 -99 -99 -99 -99 -99 -99 -99 -99 -99 -99 -99 -99 -99 -99
1.9135145070127 -99 -99 -99 -99 -99 -99 0.366282841295317 -99 -99 -99 -99 -99 -99 -99
-99 -99 -99 -99 -99 -99 -99 -99 -99 -99 -99 -99 -99 2.87763797732616 -99
-99 -99 -99 -99 0.0158749177673028 -99 -99 -99 1.13963181365205 -99 -99 -99 -99 -99 -99
-99 -99 1.69714500639008 -99 -99 -99 -99 -99 -99 -99 -99 -99 -99 -99 -99
-99 -99 -99 -99 -99 -99 -99 -99 0.534872607844974 -99 -99 -99 -99 -99 -99
-99 -99 -99 -99 -99 -99 -99 -99 -99 -99 -99 -1.46558685064381 -99 -99 -99
-99 -99 -99 -99 -99 0.535252689329441 -99 -99 -1.40700542979332 -99 -99 -0.463679859646242 -0.335742147167274 1.02689822050201 -99
-99 -99 -99 0.0131613365080924 -99 -99 -99 -99 -99 -99 -99 -99 -99 -99 -99
-99 2.0215908035026 -99 1.7418207833914 -99 -99 -99 3.15202983298527 -99 -99 -99 -99 -99 -99 -99
-99 -99 0.220196079534238 -99 -99 -99 -99 -99 -99 -99 -99 -99 -99 -99 -99
-99 -99 -99 -99 -99 -99 -99 -99 -99 -99 -99 -99 -99 -99 -99
-99 -1.43804736712114 -99 2.43758045756562 -99 -99 -99 -99 -99 -99 -99 -99 -99 -99 -99
-99 -99 -99 -99 -99 -99 -99 2.63320849259143 -99 -99 -99 -99 4.00537924605577 -99 2.67017970383541
-99 -99 -99 -99 -99 -99 -99 1.50734497418374 -99 -99 -99 -99 -99 -99 -99
-99 1.21800171491584 -99 -99 -99 -99 -99 -99 -99 -99 0.572424702598077 -99 -99 -99 -99
3.11697842829985 -99 -99 2.86869280000016 -99 -99 -99 1.67119884794495 -99 1.82779913626981 -99 1.5503841566732 -99 -99 -99
-99 -99 -99 -99 3.66880335095802 -99 -99 -99 3.40478776247739 -99 3.45877300560827 -99 -99 -99 2.32751821018174
1.50349009078899 -99 -99 -99 -99 -99 -99 3.24348712991474 -99 -99 -99 -99 -99 -99 -99
-99 -99 -99 -99 -99 -99 -0.281009412399514 -99 -1.3542309767199 -99 -99 -99 -99 -99 -99
-99 -99 -99 -99 -99 -99 1.91787800115487 -99 1.69880904870392 -99 -99 -99 1.61972042225646 -1.32041953488704 -99
-99 -99 -99 -99 -99 -99 -99 -99 -99 -99 -99 -99 -99 -99 -99
-99 -99 -99 -99 -99 -99 -99 -99 -99 -99 -99 -99 -99 -99 -99
-99 -99 -99 -99 -99 -99 4.70375670893394 -99 -99 -99 3.62099234464133 -99 -99 -99 2.8642477666901
-99 -99 -99 -99 -99 -99 -99 0.339342896052158 -99 0.580509760885296 -0.753631620498129 -99 -99 -99 -99
-2.60365143913941 -99 -99 -99 -99 -99 -99 -99 -99 -99 -99 -99 -99 -99 -99
-99 -99 -99 -99 -99 -99 -99 -99 -99 -99 -99 -99 -99 -99 -99
-1.56803078847681 0.212137303216012 -99 -99 -99 -99 -99 -99 -99 -99 -99 -99 -99 0.531150487869545 -99
-99 -99 -99 -99 -99 -1.18234036949228 0.037007264384212 -99 -99 -99 -99 -99 -99 -99 -99
-99 -99 -99 -99 -99 -99 -99 -99 -99 -99 -99 -99 -99 -99 -99
-99 -99 -99 -99 -99 -99 -99 -99 -99 -1.25251748214487 -99 -99 -99 -99 -99
-99 -99 -99 -99 2.25262259300365 -99 -99 -99 -99 -99 0.574407702927336 -99 -99 -99 -99
-99 -99 -99 -99 -99 -99 -99 -99 -99 -99 -99 -99 -99 -99 -99
2.24113628167238 -99 -99 -99 -99 -99 -99 -99 -99 1.85741452343474 -99 -99 -99 -99 -99
-99 -99 -99 -99 -99 -99 -2.26570989376417 -99 -99 -2.30387957674352 -99 -99 -99 -99 -99
-99 0.50186912489292 -99 -99 -99 -99 -99 -99 -99 -99 -1.02463154775493 -99 -99 -99 2.39474954706362
-0.0652376032843753 0.823020175111537 -99 -99 -99 -99 -99 -99 0.664083964133085 -0.182220052002271 -99 -99 -99 -99 -99
-99 -99 -99 2.20341648484045 -99 -99 1.91499104742228 -99 -99 -99 -99 -99 -99 -99 -99
-1.30859754138853 -99 -99 -99 -99 -99 -0.413280106792693 -99 -99 -99 -99 -99 -99 -99 -0.443414178375079
-99 -99 -99 -99 -0.632568773311287 -99 -99 -99 -99 -99 -99 -99 -99 1.38962008240377 1.29837236466799
-99 -99 -99 -0.895686280618045 -99 -99 -99 -99 -99 -99 -99 -99 -99 -99 -99
-99 -99 -99 3.28766738207163 -99 3.08064524061405 -99 -99 -99 1.84108362477215 3.7346931134579 -99 -99 -99 -99
-99 -99 -99 -99 -99 -99 -99 -99 -99 -99 -99 -99 -99 -99 2.07397940890747
-99 -99 -99 -99 -99 -99 -99 -99 0.69704116856009 -99 -99 -99 -99 -99 -99
-99 -0.735219054402648 -99 -99 -99 -99 -0.167150324979618 -99 -99 -99 -99 -99 -99 -99 -99
4.27133898052048 -99 -99 -99 -99 -99 -99 -99 -99 -99 2.63736419010078 -99 -99 3.82371003879056 -99
-99 -99 -99 -0.344029215166999 -99 -99 -99 -99 -99 -99 -99 -99 2.20073505569893 -99 -99
-99 -99 -99 -99 -99 -99 -99 -99 -99 -99 1.20183771853317 3.41551897547957 -99 -99 -99
-99 -99 -99 -99 -99 -99 -99 -99 1.46040257510875 -99 -99 -99 -99 -99 -99
-99 -0.987272766068714 -99 -99 -99 -99 -99 -99 -99 -2.20539269935286 -99 -99 -99 -99 -99
-99 -99 0.3561095188805 -99 -99 0.699826375993486 -99 -99 -99 -99 0.630212856397122 0.539545947922818 -99 -99 -99
-99 -99 -99 -99 -99 -99 -99 -99 -0.572459327914326 -99 -99 -99 0.170164874125539 -99 -0.363811639519784
-99 -99 -99 -99 -99 -99 -99 -99 -99 -99 -99 1.02490349707584 -99 -99 -99
-99 -99 -99 -99 -99 -99 -99 -99 0.741613685577343 -99 -99 -99 1.34366858431509 -99 -99
-99 -99 -99 -99 -99 -2.22838464998608 -99 -99 -99 -99 -99 -99 -99 -99 -99
-99 -99 -99 -99 -99 -99 -99 -99 -99 0.362285640299022 -99 -99 -99 -99 -99
-99 -99 -99 -99 -99 -99 -99 -99 -99 -99 -99 -99 -99 -99 -99
-99 -99 -99 -99 -99 -99 -99 -99 -99 3.44285336158095 -99 -99 -99 -99 -99
-99 -0.971965356178462 -99 -99 -99 -99 -99 -99 -99 -99 0.397976446549129 -99 -99 -99 -99
-99 -99 -99 -99 -99 -99 -99 -99 -99 -99 -99 -99 -99 -99 -99
-99 -99 -99 -99 -99 -99 -99 -1.53351707714671 -99 -99 -99 -99 -99 -99 -99
-99 -99 -99 -99 -99 1.16510761152475 -99 -99 -99 -99 -99 -99 -99 -99 -99
2.08192858182918 -99 -99 -99 -99 -1.27818153707148 -99 -99 -99 -99 -99 1.46739208567078 -99 -99 -99
-99 -99 -0.282052867715396 -99 1.63842394997175 -99 -99 -99 -99 -99 -99 -99 0.780528421909132 -99 -99
-99 -99 -99 -99 -99 -99 -99 -99 -99 -99 -99 -99 -99 1.07664953725335 -99
-99 -99 -99 -99 -99 -99 -99 -99 -99 -99 -99 -99 -99 -99 -99
-99 -99 -99 -99 -99 -99 -99 -99 -99 -99 -99 -99 -99 -99 -99
-99 -99 -99 -99 -99 -99 -99 -99 -99 -99 -99 -99 -99 -99 -99
-99 -99 0.745544972601756 -99 -99 -99 -99 -99 -99 -99 -99 1.39217219765274 -99 -99 0.780799419414672
-99 -99 -99 -99 -99 -99 -99 -99 -99 1.1042917434044 -99 -99 -99 -99 -99
-99 -99 -99 -99 -99 -99 -99 -99 -99 -99 -99 -99 -99 -99 -99
-99 -99 -99 -99 -99 -99 -99 -99 -99 -99 -99 -99 0.945788392362644 -99 -99
-99 -99 -99 -99 -99 -99 -99 -99 -99 -99 -99 -99 -99 -99 -99
-99 -99 2.36457484828813 -99 2.65486230660733 0.251918409178074 -99 -99 -99 -99 -99 -99 -99 -99 -99
1.7430947384163 -99 -99 -99 -99 -99 3.38202183407171 -99 -99 -99 -99 -99 -99 -99 -99
-99 -99 -99 -99 -99 -99 -99 -99 -99 -99 -99 -99 -99 -99 -99
-99 -99 -99 -99 -99 -99 -99 -99 -99 -99 -99 -99 -99 -99 -99
-99 -99 1.76131096345701 -99 -99 -99 -99 -99 -99 -0.61834716564614 -99 -99 -99 -99 -99
-99 1.50567491865542 -99 -99 -99 -99 -99 -99 -99 -99 -99 -99 -99 -99 -99
-99 -99 -99 -99 -99 -99 -99 -99 -99 -99 -99 -99 -99 -99 -99
-99 -99 -99 -99 -99 -99 -99 -99 -99 -99 -99 -99 -99 -99 -99
-99 -99 -99 -99 -99 -99 -99 1.96037897167775 -99 0.157294286872923 -99 0.727861140185721 -99 -99 1.17060833323229
-99 -99 -99 -1.10536750138644 -99 -99 -99 -99 -99 -99 -99 -99 -99 -99 -99
-99 -99 -99 -99 -99 0.409895620436633 -99 -0.454222960497732 -99 -99 -99 -99 -99 -99 -99
-99 -99 -99 -99 -99 -99 -99 -99 -99 -99 -99 -99 -99 -99 -99
-99 -99 -99 -99 -99 -0.709627605443429 -99 -99 -99 -99 -99 -99 -99 -99 -99
-99 -99 -99 -99 -99 -99 -99 -99 -99 -99 -99 -99 -99 -99 -99
-99 -99 -99 -99 -99 -99 -99 -99 0.260552214812175 -99 -99 -99 -99 -99 -99
1.79440016380869 -99 -99 -99 -99 -99 -99 -99 -99 -99 -99 -99 -99 -99 -99
1.43263804503859 -99 -99 -99 -99 -1.30683423340381 -99 -99 -99 -99 -99 -99 -99 -99 -99
-99 -99 -99 -99 -99 -99 -99 -99 -2.20769834722634 -99 -99 -99 -99 -99 -99
-99 -99 -99 -99 -99 -99 -1.93295382708317 -99 -99 -99 0.357536136408355 -99 -99 -99 -99
-99 1.09538051880089 -99 -99 -99 -99 -99 -99 -1.45552611738741 -99 -99 -99 -99 -99 -99
-99 -99 -99 -99 -99 -99 -99 -99 3.71108255827475 -99 -99 -99 -99 1.68317635982658 -99
-2.628578828576 -99 -99 -99 -99 -99 -99 -99 -99 -99 -99 -99 -99 -99 -99
-99 -99 -99 -99 -99 -99 -99 -99 -99 -99 -99 -99 -99 -99 -99
-99 2.51665671634754 -99 1.40289239516142 -99 -99 -99 -99 -99 -99 -99 -99 -99 -99 -99
-99 -99 -99 -99 -99 -99 -99 -99 -99 -99 -99 -99 -99 -99 -99
-99 -0.303006702893625 -99 -99 -99 -99 -99 -99 -99 -99 2.64828230553991 -99 0.114840820848743 -99 -99
-99 -99 -99 -99 -99 3.41525566237782 -99 -99 -99 -99 -99 -99 -99 -99 3.03735497713933
-99 -99 0.488541728427787 -99 -99 -99 -99 -99 -99 -99 -99 -99 -99 -99 -99
-99 -99 -99 0.370398567766848 -99 -99 -99 -99 -99 -99 0.669321053456692 -99 -99 -99 -99
-99 -1.56146468752842 -99 -99 -99 -99 1.76128685495294 -0.646248360473042 -99 -99 -99 -99 -99 -99 -99
-99 -99 -99 1.52452397381288 -99 -99 -99 3.14650290521101 -99 -99 0.725706843010413 -99 -99 1.18280730489805 -99
-99 -99 -99 -99 -99 0.883758339527704 -99 -99 -99 0.692952354032847 1.82477108356614 -99 -99 -99 -99
3.06099228230168 -99 -99 -99 1.368381225332 -99 -99 -99 -99 -99 -99 1.78465429250094 -99 -99 -99
-99 -99 -99 -99 -99 -99 -99 -99 -99 -99 -99 -99 -99 -99 -99
2.33797455928498 1.42813222553054 -99 -99 -99 -99 -99 -99 -99 -99 0.487398124946721 -99 1.29996597282925 -99 -99
0.511969402951263 -99 -99 -99 -99 -99 -99 -99 2.73749838556743 -99 -99 -99 -99 -99 -99
-99 -99 -99 -99 -99 -99 -99 -99 -0.00760607147184422 -99 -99 -0.918806021926152 -99 -99 -99
-99 -99 -99 -99 -99 -99 -99 -99 -99 -99 -99 -99 -99 -99 -99
-99 -99 -99 -99 -99 0.541556001074656 -99 -1.27665832180066 -99 -99 -99 -99 -99 -99 -99
-99 -99 -99 -99 -99 -99 -99 -99 -99 -99 -99 -99 -99 -99 -99
-99 -99 -99 2.41633211421107 0.63071384922772 -99 -99 3.5177949134118 -99 -99 -99 -99 -99 -99 -99
3.97552172417518 -99 -99 -99 -99 2.12369677654673 -99 -99 -99 -99 -99 -99 -99 -99 -99
-99 -99 -99 -99 -99 -99 -99 -99 1.71870804047026 -99 -99 -99 -99 -99 -99
-99 -99 -99 1.42586653322169 -99 -99 -99 -99 -99 -99 2.27479425453743 -99 -99 -99 2.81982628350048
-99 -99 -0.576778675855155 -99 -99 -99 -99 -99 -99 -99 -99 -99 -99 -99 1.17726784302651
-99 -99 -99 3.21341899830141 -99 -99 -99 -99 -99 -99 -99 -99 -99 -99 -99
-99 -99 -99 -99 -99 -99 -99 -99 -99 -99 -99 -99 -99 -99 -99
-99 -99 -99 -99 -99 -99 -99 -99 -99 -99 -99 -99 -99 -99 -99
-99 -99 -0.440494141583278 -99 -99 -99 -99 -99 -99 -99 -99 -99 -99 3.34608327094255 -99
-99 -99 -99 -99 -99 -99 -99 -99 -99 -99 -99 -99 -99 -99 -99
-99 -99 -99 -99 -99 -99 -99 -99 -99 -99 -99 -99 -99 -99 -99
-99 -99 -99 -99 -99 -99 -99 -99 -99 -99 -99 -99 -99 -99 -99
-99 -99 -99 -99 -99 -99 2.72287399768783 -99 -99 -99 -99 -99 -99 -99 -99
-99 -99 -99 -99 -99 -99 -99 -99 -99 -99 -99 1.56295418254628 -99 -99 -99
-99 -99 -99 -99 -99 -99 -99 -99 -99 -99 -99 -99 -99 -99 -99
-99 -99 -99 -99 -99 -99 -99 -99 -99 -99 -99 -99 -99 -99 -99
-99 -99 -99 -99 -99 -99 -99 -99 -99 -99 -99 -99 -99 -99 -99
-99 -99 -99 -99 -99 -99 1.86234893904452 -99 -99 -99 -99 -99 -99 -99 0.0369045061672791
-99 -99 -99 -99 -99 -99 -99 -99 -99 -99 -99 -99 -99 -99 -99
-99 -99 -99 -99 -99 -99 -99 -99 -99 -99 -99 -99 -99 -99 -99
-99 -99 -99 -99 -99 -99 -99 -99 -99 -99 1.3037646101136 -99 -99 -99 -99
-99 -99 -99 -99 2.56087081134842 -99 -99 -99 -99 -99 -99 -99 -99 -99 -99
-99 0.751879420556336 -99 -99 2.69766968350403 -99 -99 -99 -99 -99 -99 -99 -0.72156947771737 -99 -99
-99 -99 2.51549166714003 -99 -99 -99 -99 3.32320794529126 -99 -99 -99 -99 2.10580200156857 -99 -99
-99 0.235354557876861 -99 -99 -99 -99 -99 -99 -99 -99 -99 -99 -99 -99 -99
-99 -99 -99 -99 -99 -99 -99 -99 -99 -99 -99 1.80170979533212 -99 -99 -99
1.24962542682577 -99 -99 -99 -99 -99 -99 -99 -99 -99 -99 -99 -99 -99 -99
-99 -99 -99 -99 -99 -99 -99 -99 -99 -99 -99 -99 -99 -99 -99
-99 -1.38789465486074 -99 -99 -99 0.654634701121109 1.62712921746575 -99 -99 -99 -99 -99 -99 -99 -99
-99 -99 -99 -99 -99 -99 -99 -99 -99 -99 -99 -99 2.59863299547243 -99 -99
-99 -99 -99 3.29253419034232 -99 -99 -99 -99 -99 -99 -99 -99 -99 -99 -99
-99 -99 -99 -99 -0.360563344740666 0.122412875455976 0.379288697739559 -99 -99 -99 -99 -1.59905148563677 -99 -99 -99
-99 -99 -99 -99 -99 -99 -99 -99 -99 -99 -99 -99 -99 -99 -99
-99 -99 -99 -99 -99 -99 -99 -99 -99 -99 -99 1.41281281112854 -99 -99 -99
-99 -99 -99 -99 -99 -99 -99 4.60670515585267 -99 -99 -99 -99 -99 -99 -99
0.603101174500419 0.367739303519441 -99 -99 -99 -99 -99 -99 0.00378845026271135 -99 -99 -99 -99 -1.00402156207877 -99
1.90604769925559 -99 -99 -99 -99 -99 -99 -99 -99 -99 -99 -99 -99 -99 2.20413534865771
-99 -99 -99 -99 -99 -99 -99 -99 -99 -99 -99 -99 -99 -99 -99
-99 -99 -99 -99 -99 -99 -99 -99 -99 -99 -99 1.53437877919405 -99 3.10612316081745 2.92356404090497
-99 -99 -99 -99 1.40565194662096 -99 -99 -99 -99 -99 -99 -99 -99 -99 -99
-99 -99 -99 -99 -99 -99 -99 2.3515689281634 -99 1.57521808407169 0.735583236978996 -99 -99 -99 -99
-99 -99 -99 -99 -99 -99 -99 -99 -99 -99 -99 -99 -99 -99 -99
-99 -99 -99 -99 -99 -99 -99 -99 -99 -99 -99 -99 -99 -99 -99
-99 -99 -99 -99 -99 0.14237883554169 -99 -99 -99 -99 -99 -99 -99 -99 -99
-99 -99 -99 0.657892904516419 -99 -99 -99 -99 -99 -99 -99 -99 -99 -99 -99
-99 -99 -99 -99 -99 -99 -99 -99 -99 -99 -99 -99 -99 -99 -0.682379367426267
-99 -99 -99 -99 -99 1.32778921222853 -99 -99 -99 1.76320553467846 -99 -99 -99 -99 -99
-0.427801084831003 -99 -99 -99 -99 -99 -99 -99 -99 -99 -99 -99 -99 -99 -99
-99 -99 -99 -99 -99 -99 -99 -99 -99 1.5525848088299 -99 -99 -99 -99 -99
-99 -99 -99 -99 -99 -99 -99 -99 -99 -99 -99 -99 -99 -99 -99
-99 -99 0.558075115435116 -99 -99 -99 -99 -99 -99 -99 -99 -99 -99 -99 -99
-99 -99 -99 -99 -99 -99 -99 0.977049410810619 -99 -99 -99 -99 -99 -99 -99
-99 -99 -99 -99 -99 0.264731836173316 -1.51306705435675 -99 -99 -99 -99 -0.792699237007862 -99 -99 0.213062337210536
-99 -99 -99 -1.03742806379982 -99 -99 -99 -99 -99 -99 -99 -99 -99 -99 -99
-99 -99 -99 -99 -99 -99 -99 -99 -99 -99 -99 -99 -99 -99 -99
-99 -99 -99 -99 -99 -99 -99 -99 -99 -99 -99 -99 -99 -99 -99
-99 -99 -99 -99 -99 -99 -99 -99 -99 -99 -99 -99 -99 -99 0.787819803699087
-99 -99 -99 -99 -99 -99 -99 -99 -99 -99 -99 -99 -99 -99 -99
-99 -99 -99 -99 -99 -99 -99 -99 -99 1.63095290783683 -99 0.119146452323036 -99 -99 -99
-99 -99 -99 -99 -99 -99 1.03261943757621 -99 -99 -99 -99 -99 -99 -99 -99
-99 -99 -99 0.925041727447452 -99 0.186328420757614 -99 -99 2.30273048883653 -99 -99 -99 -99 -99 -99
-99 -99 -99 -99 -99 -99 -99 -99 -99 -99 -99 -99 -99 -99 -99
-99 -99 -99 -99 -99 -99 -99 -99 -99 -99 -99 -99 -99 -99 -1.25719385884472
-99 -99 -99 -99 -99 -99 -99 -99 -99 -99 -99 -99 -99 -99 -99
-99 -99 -99 -99 -99 -99 -99 -99 -99 -99 -99 -99 -99 -99 -99
-99 -99 -99 -99 3.04246115406404 -99 -99 1.92678429412177 -99 -99 -99 1.77511348708303 -99 -99 -99
-99 -99 -99 -99 1.57757560156752 -99 -99 -99 -99 -99 -99 -99 -99 -99 2.11797647566606
-99 0.136576172274894 -99 -99 -99 -99 -99 -99 -99 -99 -99 -99 -99 -99 -99
-99 -99 -99 -99 -99 -99 -99 -99 -99 -99 -99 -99 -99 1.45231937950428 0.418566112565861
-99 -99 -99 -99 -99 -99 -99 1.95537987069153 -99 -99 -99 -99 -99 -99 -99
-0.239934585717543 -1.00574362298615 -99 -0.092193837895209 -99 -99 -99 -99 -99 -99 -99 -99 -99 -99 -99
-99 -99 -99 -99 -99 -99 -99 -99 -99 -99 -99 -99 -99 -99 -99
-99 2.62098924383834 -99 -99 -99 -99 -99 -99 -99 -99 -99 -99 -99 -99 -99
-99 -99 -99 -99 -99 -99 -99 -99 -99 -0.642837738517063 -99 -1.3389046072488 -99 -99 -99
-0.472869129287272 -99 -99 -99 -99 -1.30035351839071 -99 -99 -0.315001091604475 -99 -99 0.684961669816789 -99 -99 -99
-99 -99 -99 -99 -99 -99 -99 1.41285442121909 -99 -99 -99 -99 -99 -99 -99
-99 -99 0.540226787467881 -99 -99 -99 -99 -99 -99 -99 -99 -99 -99 -99 -99
-99 -99 -99 -99 0.655580834305029 -99 -99 -99 -99 -99 -99 -99 -99 -99 -99
-99 -99 0.768180732321553 -99 -99 1.76748383170999 -99 -99 -99 -99 -99 -99 -99 0.680671303537151 -99
-99 0.32267597445252 -99 -99 -99 0.621144758128189 -99 -99 -99 -99 -99 -99 -99 -99 -99
-99 -99 -99 -1.73977470805603 -99 -99 -99 -99 -99 -3.23152500741914 -99 -99 -99 -99 -99
-99 -99 -99 -99 -99 -99 -99 -99 -99 -99 -99 -99 -99 -99 -99
-99 -99 -0.328699356227631 -99 2.16975265898549 -99 -99 -99 -99 -99 -99 -99 -99 -99 -99
-99 -99 -99 -99 -99 -99 -99 -99 0.819665739734108 -99 -99 -99 -99 -99 -99
-99 -99 -99 1.19398344460703 -99 -99 -99 -99 -99 -99 2.53104687700298 -99 -99 -99 -99
-99 -99 -99 1.95717366250297 -99 -99 -99 -99 -99 -99 -99 -99 -99 -99 -99
-99 0.0651949277914505 -99 -99 -99 -99 -99 -99 -99 -99 -99 -99 -99 -99 -99
0.575630936418817 -99 -99 -99 -99 -99 2.88671644615266 -99 -99 -99 -99 -99 -99 -99 -99
3.01108153537764 -99 -99 -99 -99 -99 -99 -99 -99 -99 -99 -99 3.34372134920599 -99 -99
-99 -99 -99 -99 -99 -99 -99 -99 -99 -99 -99 -99 1.30167938084912 -99 -99
-99 -99 0.0560840790034164 -99 -99 -99 -99 -99 -99 -99 -99 -99 -99 -99 -99
-99 -99 -99 -99 -99 -99 -0.518942311339174 -99 -99 -99 -99 -99 -99 -99 -99
-99 -99 -99 -99 -99 -99 -0.727811714980086 -99 -99 -99 -99 -99 -99 -99 -99
-99 -99 -99 -99 -99 -99 -99 -99 -99 -99 -99 -99 -99 -99 -99
-99 -99 -99 -99 -99 -99 -99 -99 -0.173450986546743 -99 -99 -99 -99 -99 -99
-99 -99 -99 -99 -99 1.74187595002098 -99 -99 -99 -99 -1.1047006597997 -99 -99 -99 -99
-99 -99 -99 -99 -99 -99 -99 -99 -99 -99 -99 -99 -99 -99 -99
-99 -99 -99 -99 -99 -99 -99 -99 -99 -99 -99 -99 -99 1.1161021968631 -99
-99 -99 -99 -99 -99 -99 -99 -99 -99 -99 -99 -99 -99 -99 -99
-99 -99 -99 -99 -99 -99 -99 -99 -99 -99 3.99506829329955 -99 -99 -99 -99
2.78192480508067 -99 -99 -99 -99 -99 -99 -99 -99 3.67428279671156 -99 -99 -99 -0.60465775544741 -99
-99 -99 -99 -99 -99 -99 -99 -99 -99 -99 -99 -99 -99 0.358330811669736 -99
-99 -99 -0.239504626704964 -99 2.27818705232284 -99 -99 -99 -99 -99 -99 -99 2.41334917003798 -99 -99
-99 -99 -99 -99 0.899447572469207 -99 -99 -99 -99 -99 -99 -99 -99 -99 -99
-99 -99 -99 -99 -99 -99 -99 -99 -99 -99 -99 -99 -99 -99 -99
-99 -99 -99 -99 -99 -99 -99 -99 -99 0.850392982350703 -99 -99 -99 -99 -99
-99 -99 -99 -99 -99 -99 -99 -99 -99 -99 -99 -99 -99 -99 1.70293883037558
-0.0365860360022725 -99 -99 -99 -99 -99 -99 -99 -99 -99 -99 -0.699383865267905 -99 -99 -99
-99 -99 -99 -99 -99 -99 -99 -99 -99 -99 -99 -99 -99 -99 -99
-99 -99 -99 -99 -99 -99 -99 -99 -99 0.312027529819123 -99 -99 -99 -99 -99
-0.570313590267784 -99 -99 -99 -99 -99 -99 -99 -99 -99 -99 -99 -99 -99 -1.26553922438515
-0.656678084834757 -99 -99 -99 0.390333603108764 -99 -99 -99 -99 -99 -99 -99 -99 -99 -99
0.250274825898648 -99 -99 -99 -99 -99 -99 1.36469940802697 -99 -99 -99 -99 -99 -99 0.149374972217627
-99 -99 -99 -99 -99 -99 -99 -99 -99 -99 -99 -99 -99 -99 -99
-99 -99 -99 -99 -99 -99 -99 -99 -99 -99 -99 -99 -99 -99 -99
-99 -99 -0.735961241429442 -0.867685489539813 -99 -99 -99 -1.24039901353647 -99 -99 0.368186887682679 -99 0.0798427270149663 0.0628769660386101 -99
-99 -99 -99 -99 -99 -99 -99 -99 -99 -99 -99 -99 -99 -99 -99
-99 -99 -99 -99 -99 -99 -99 -99 -99 -0.393975477511756 -99 -99 -99 -99 -99
-99 -99 -99 -99 -99 1.01995965268282 -99 -99 -99 -99 -99 -99 -99 -99 -99
-99 -99 -99 -0.790063082794733 -99 -99 -99 -99 -99 -99 -99 -99 -99 -99 -99
-99 -99 0.605285191334897 2.08806183548626 -99 -99 -99 -99 -99 -99 -99 -99 -99 -0.25563299580907 -99
-1.34058364216418 -99 0.00636560308490886 -99 -99 -99 -99 -99 -99 -99 -99 -99 -99 -99 -99
-99 -99 -99 -99 -99 -99 -99 -99 -99 -99 -99 -99 -99 -99 -99
-99 -99 -99 -99 2.69378386521391 -99 -99 -99 -99 -99 -99 1.55675077227396 -99 -99 -99
-99 -99 -99 -99 -99 -99 -99 -99 -99 -99 -99 2.84165012787972 -99 -99 -99
-99 -0.378661955267464 -99 -99 -99 -99 -99 -99 -1.30794448416027 -99 -99 -99 -99 -99 -99
-99 -99 -99 -99 -0.380778367141416 -99 -99 -99 -99 -99 -99 -99 -99 -99 -99
-99 -99 -99 -99 -99 -99 -99 -99 -99 -99 -99 1.36667897295061 -99 -99 -99
-99 -99 -99 -99 -99 -99 -99 -99 -99 -99 -99 -99 -99 -99 -99
-99 -99 -99 -99 -99 -99 -99 -99 0.0297345699778991 -99 -99 -99 -99 -99 -99
-99 -99 -99 -99 -99 -99 -99 0.822735827340777 -99 -99 -99 -99 -99 -99 1.02859901322852
-99 -0.38075743627331 -99 -99 0.199520470134106 -99 -99 -99 -99 -99 -99 -99 -99 -99 -99
-99 -99 -99 -99 -99 -99 -99 -99 2.1881447204862 -99 -99 -99 -99 -99 -99
-99 -99 -99 -99 -99 -99 -99 -99 -99 -99 -99 -99 -99 -99 -99
-99 -99 -99 -99 -99 -99 -99 -99 -0.327815241488046 -99 -0.760220885061474 -99 -99 -99 1.06136340247834
-99 -99 0.664191929320047 -99 -99 -99 -99 -99 -99 -99 -99 -99 -99 -99 -99
-99 -99 -99 -99 -99 -99 -99 -99 -99 0.192743117202634 -99 -99 -99 -99 -99
-99 -99 -99 -99 -99 -99 -99 -99 -99 -99 -99 -99 -99 -99 -99
-99 -99 -99 -99 -99 -0.184917981129557 -99 -99 -2.58035086762018 -99 -99 -99 -99 -99 -99
-99 -99 -99 -99 -99 -99 -0.33200812374662 -99 -99 -99 -99 -99 -99 -99 -99
-99 -99 -99 -99 -99 2.0212520944958 1.09055393848084 -99 -99 -99 -99 -99 -99 -99 -99
-99 -99 -99 -99 0.879989139444652 -99 -99 -99 -99 -99 -99 -99 -99 1.21919466182345 -99
-99 -99 -99 -99 -99 -99 -99 -99 -99 -99 -99 -99 -99 -99 -99
-99 -99 -99 -99 -99 2.16446388121892 -99 -99 -99 -99 -99 0.520818700710149 -99 -99 2.95170330685653
-99 -99 -99 -99 -0.937115014721491 -99 -99 -99 -99 -0.377712277669126 -99 -99 -99 -99 2.61285176087914
-99 -99 -99 -99 -99 -99 -99 1.996482723172 -99 -99 0.499746218526319 -99 -99 -99 -99
-99 -99 -99 -99 -99 -99 -99 -99 -99 -99 -99 -99 -99 -99 -99
-99 -99 -99 -99 -99 -99 -99 -99 -99 -99 -0.369113595023612 -99 -99 -99 -99
-99 -99 -99 3.75192735069259 -99 -99 -99 -99 -99 -99 -99 -99 -99 -99 -99
-99 -0.881039251819387 -99 -99 -99 -99 -99 -99 -99 -0.646045184009307 -99 -99 -99 -99 -99
-99 3.7308834494334 -99 -99 -99 -99 -99 2.72887797258821 -0.539841742784025 -99 1.98974173016759 -99 -99 -99 -99
-99 -99 -99 -99 -99 -99 -99 -99 -99 0.999625091985284 -99 -99 -99 -99 -99
0.0108882390496362 -99 -99 -99 -99 -99 3.10833822986421 -99 -99 -99 -99 -99 -99 -99 -99
-99 -99 -99 1.32599612511038 -99 -99 -99 -99 -99 -99 -99 -99 -99 2.34202083775989 -99
-99 -99 -99 -99 -99 -99 -99 -99 -99 -99 -99 1.48344281279791 -99 -99 -99
-99 -99 -99 -99 -99 -99 -99 1.12459736416459 -99 -99 -99 -99 -99 -99 -99
-99 -99 -99 -99 -99 -99 -99 -99 2.07872503633102 -99 -99 -99 -99 -99 -99
-99 -99 -99 -99 -99 -99 -99 -99 -99 -99 -99 -99 -99 -99 -99
-99 -99 -99 -99 1.92148118493058 -99 -99 -99 -99 -99 -99 -99 -99 -99 -99
-99 -99 -99 -99 -99 -99 -99 -99 -99 -99 -99 -99 -99 -99 -99
-99 -99 -99 -99 -99 -99 -99 -99 -99 -99 -99 -99 -99 -99 -99
-99 -99 -99 -99 -99 -99 -99 -99 2.12893879897092 2.54733601228343 1.21171309067534 -99 -99 -99 -99
-99 -99 -99 -99 -99 -99 -99 -99 -99 -99 -99 -99 -99 -99 -99
-99 -99 -99 -99 -99 2.22099073667861 -0.523206931623883 -99 -99 -99 -99 -99 -99 -99 -99
-99 2.39756739323197 -99 -99 -99 -99 -99 -99 -99 -99 -99 -99 -99 -99 -99
-99 -99 -99 -99 -1.15544530094898 -99 -99 -99 -99 -99 -99 -99 -99 0.256701256965731 -99
-99 -99 -99 -99 -99 -99 -99 -99 -99 -99 -99 -99 -99 -99 -99
-99 -99 -99 -99 -99 -99 -99 -99 -99 -99 -99 0.758336447429902 -99 -99 -99
-99 0.308159259896744 -99 -99 -99 -99 -99 -99 -99 -0.141488929257961 -99 -99 -99 -99 -99
-99 -99 -99 -99 -99 -99 2.31944076943017 -99 -99 -99 -99 -99 -99 -99 -99
-99 -99 -99 -99 -99 -99 -99 -99 -99 -99 -99 -99 -99 -99 -99
-99 -99 0.358543762534293 -99 -99 -99 -99 -99 -99 -99 -99 -99 -99 -99 -99
-99 -99 -99 2.04973591723881 -99 1.92484835469795 -99 -99 -99 -99 -99 -99 -99 -99 -99
-99 -99 -99 -99 -99 -99 -99 -99 -99 -99 -99 -99 -99 -99 -99
-99 -99 -99 -99 -99 -1.96754800183801 -99 -99 -99 -99 -99 1.12779738981059 -99 -99 -99
-99 -99 -99 -99 -99 -99 -99 -99 -99 -99 -99 -99 1.27468505646548 -99 -99
0.0131193294477895 -99 -99 -99 -99 -99 -99 -99 -99 -99 -99 -99 -99 -99 -99
-99 3.22739427704916 -99 -99 -99 -99 -99 -99 -99 -99 -99 -99 -99 -99 -99
-99 -99 -99 -99 -99 -99 -99 -99 -99 -99 -99 -99 -99 -99 -99
-99 -99 -99 -99 -99 -99 -1.05232736727035 -99 -99 -99 -99 -99 -99 -99 -99
-99 -99 -99 -99 -99 -99 -99 -99 -99 -99 -99 -99 -99 -99 -99
-99 -0.769510889819227 -99 -99 -99 -0.155837651582067 -99 -99 -99 -99 0.760638585194686 -99 -99 -99 -99
-99 -99 0.322108347251383 -99 -99 -99 -99 -99 -99 -99 1.21102595056461 -0.940078228525218 -99 -99 -99
-99 -99 -99 -99 -99 -99 -99 -99 -99 -99 -99 1.21457962399868 -99 -99 -99
-99 -99 -99 -99 -99 -99 -0.0756501380609764 0.0418642253796198 -99 -99 -99 -99 -99 -99 -99
0.581399789342842 -99 -99 -99 0.24172642147363 1.21568170993365 -99 -99 -99 -99 -99 -99 -99 -99 1.65261282086026
-99 -99 -99 -99 -99 2.11248570723227 -99 -99 2.78679478110165 -99 -99 -99 -99 -99 2.8221987994816
1.17773985979655 -99 -99 -99 -99 -99 1.2667991022099 -99 -99 -99 -99 -99 -99 -99 -99
-99 -99 -99 -99 -99 -99 -99 -99 -99 -99 -99 -99 0.68152739863039 -0.408403136375989 -99
-99 -99 -99 -99 -99 -99 -99 -99 -99 -99 -99 1.9069189922857 -99 -99 0.861419072516342
-99 -99 -99 -99 -99 -99 -99 -99 -99 -99 -99 -99 -99 -99 -99
-99 -99 -99 -99 -99 -99 -99 -99 0.312587964105168 -99 -99 -99 -99 -99 -99
-99 -99 -99 -99 -99 -99 -99 -99 -99 -99 -99 -99 3.3252393499844 -99 -99
-99 1.108964034837 -99 -99 -99 -99 -99 -99 3.59339856694102 -99 -99 -99 -99 -99 -99
-99 -99 -99 -99 -99 -99 -99 -0.413705456451318 -99 -99 -99 -99 -0.889792964364972 -99 -99
-99 3.02634145015355 -99 -99 -99 -99 -99 -99 -99 -99 -99 -99 -99 -99 -99
-99 -99 -99 -99 -99 3.34785961591587 3.33424390146566 -99 2.24461504994376 -99 -99 -99 -99 -99 -99
-99 -99 -99 -99 -99 -99 -1.45918556264678 -99 -99 -99 -99 -99 -99 -99 -99
0.997169740706227 -99 -99 -99 -99 -99 -99 -99 -99 -99 -99 -99 -99 -99 -99
-99 -99 -99 -99 -99 -99 -99 -99 -99 -99 -99 -99 -99 -99 -99
-99 -99 -99 -99 -99 0.845078683664605 -99 -99 -99 -99 0.765822215746911 -99 -99 -99 -99
-99 -99 -99 -99 -99 -99 -99 -99 0.733437871992844 1.15076430355662 -99 -99 -99 -99 -99
-99 -99 -99 -99 -99 -99 -99 -99 -99 -99 -99 -99 -99 -99 -99
-99 -99 3.21832022058235 -99 -99 -99 -99 -99 1.40818364322139 0.389587314878449 -99 -99 -99 -99 -99
-99 -99 -99 -99 -99 -99 -99 -99 -99 -99 -99 -99 -99 -99 -99
-99 -99 -99 -99 -99 -99 -99 -99 -99 -99 -99 -99 0.82752556051443 2.982253705914 -99
-99 -99 -99 -99 -99 -99 -99 -99 -99 -99 -99 -99 -99 0.154036836456235 -99
-99 -99 -99 -99 -99 -99 -99 -99 1.08023334875349 -99 -99 -99 -99 0.833989234464213 -99
-0.90423780548097 -99 -99 -99 -99 1.69711106494865 -99 -99 0.94521169189256 -99 -99 -99 -99 -99 -99
-99 -99 -99 -99 -99 -99 -99 -99 -99 0.821732771457506 -99 -99 -99 -99 -99
-99 -99 -99 -99 -99 -99 -99 -99 -99 1.06175684347067 1.34392417498447 -99 -99 -99 -99
-99 -99 -99 -99 -99 -99 -99 -99 -99 -99 -99 -99 0.872922925757353 -99 -99
-99 -99 -99 -99 -99 -99 -99 -99 -99 -99 -99 -99 -99 -99 -99
-99 -99 -99 -99 -99 -99 -99 -99 -99 -99 -99 -99 -99 -99 -99
-99 -99 -99 -99 -99 -99 -99 -99 -99 -99 -99 -99 -99 -99 -99
-99 -99 -99 -99 -99 -2.6769383157511 -99 -99 -0.741306712310335 -99 -99 -99 -99 -99 -99
-99 -99 1.79141599240033 -99 -99 -99 -99 -99 -99 -99 -99 -99 -99 -99 -99
-99 -99 -99 -99 -99 -99 -99 -99 -99 -99 -99 -99 -99 -99 -99
-99 -99 -99 -99 -99 -99 -99 -99 -0.436786850759395 -99 -99 -99 -99 0.314424306601448 -99
-99 1.94089358686075 -99 -99 -99 -99 -99 3.91923639384701 -99 -99 -99 -99 -99 -99 -99
-99 -0.359033543481552 -99 -99 -99 -99 -99 -99 -99 -99 -99 -99 0.229172362533031 -99 -99
-99 -99 -99 -99 -99 -99 -99 -99 -99 -99 -99 -99 -99 -99 -99
-1.54171746856745 -99 -99 -99 -99 -99 -99 -99 -99 -99 -99 -99 -2.67443887161475 -99 -99
-99 3.37150952910467 -99 -99 -99 -99 -99 -99 -99 -99 4.59634057002934 -99 -99 -99 -99
-99 -99 -99 -99 -99 -99 -99 -99 -99 -99 -99 -99 -99 -99 -99
-99 -99 -99 -99 -99 -99 1.21917276702698 -99 -99 -99 -99 -99 -99 -99 0.410124870192239
-99 -99 -99 -99 -99 -99 -99 -99 -99 -99 -99 -99 -99 -99 -99
-99 -99 1.50394357082803 -99 -99 -99 -99 -99 -99 -99 -99 -99 -99 -99 -99
-99 -99 -0.172872022346466 -99 2.806955537005 -99 -99 -99 -99 -99 -99 -99 -99 -99 -99
-99 -99 3.36099005875392 -99 -99 -99 -99 -99 -99 -99 -99 -99 -99 -99 -99
-99 -99 -99 -99 -99 -99 -99 -99 -99 0.184660554279185 -99 -99 -99 0.145691700011433 -99
-99 -99 -0.678335925696795 -99 -99 -99 1.06647776925806 -99 -99 -99 -99 -99 -99 -99 -99
-99 -99 -99 -99 -99 -99 -99 -99 -99 1.44228194506678 -99 -99 -0.636323879060666 -0.547017496850583 -99
-99 2.01309455934466 -99 2.33559417809854 -0.592501277625338 -99 -99 -99 -99 2.25399484986672 -99 -99 -99 -99 -99
-99 -99 -99 -99 -99 -99 -99 -99 -99 -99 1.66090637114221 -99 -99 -99 -99
2.87738283954023 -99 -99 -99 -99 1.60765198334748 -99 -99 -99 -99 -99 -99 -99 -99 -99
-99 -99 -99 -99 -99 -99 -99 -99 -99 -99 -99 -99 -99 -99 -99
-99 -99 -99 -99 -99 -99 -99 -99 -99 -99 -99 -99 -99 -99 -99
-99 -99 -99 0.304026228167056 -99 -99 -99 -1.60005814398815 -99 -99 -99 -99 -99 -99 -99
-99 1.78255122790174 -99 -99 -99 -99 -99 -99 -99 -99 -99 -99 -99 -99 -99
-99 0.170940569411361 -99 -99 -99 -99 1.64140400097075 -99 -99 -99 -99 -99 -99 -99 -99
-99 -99 -99 -99 -99 -99 -99 0.367810308359591 -99 -99 -99 -99 -99 -99 -99
-99 -99 3.05529577898654 -99 -99 -99 -99 -99 -99 -99 -99 -99 -99 -99 -99
-99 -99 -99 -99 -99 -99 -99 -99 -99 -99 -99 -99 -99 -99 -99
-99 -99 -99 -99 -99 -99 -99 -99 1.08626672827482 -99 -99 -99 -99 1.66949915344123 -99
1.48377898488544 -99 -99 -99 3.19545627768241 -99 -99 -99 -99 -99 -99 -99 -99 -99 -99
-99 -99 -99 -99 -99 -99 -99 -99 -99 -99 -99 -99 -99 -99 -99
-99 -99 -99 -99 -99 -99 -99 -99 -99 -99 -99 -99 -99 -99 -99
-99 -99 -99 -99 -99 0.878177913205147 -99 -99 -99 -99 -99 -99 -99 -99 -99
0.900100978388139 -99 -99 -99 -99 -99 -99 -99 -99 -99 -99 -99 -99 -99 -99
-99 -99 -99 -99 -99 -99 -99 -99 -99 -99 -99 -99 -99 -99 -99
-99 -99 2.15030704278029 -99 -99 -99 -99 -99 -99 -99 -99 -99 -99 -99 -99
-99 -99 -99 -99 -99 -99 -99 -99 -99 1.48731869782346 -99 -99 -99 -99 -99
-99 -99 -99 -99 1.10812355353241 -99 -99 -99 -99 -99 -99 -99 -99 -99 -99
-99 -99 -99 -99 -99 -99 -99 -99 1.18961752004967 -99 -99 -99 -99 -99 -99
-99 -99 -99 -99 -99 1.11451823438718 -99 -99 -99 1.89622174778245 1.38994913993923 0.430392122300972 -99 -99 -99
-99 -99 -99 -99 -99 -99 -99 -99 -99 -99 -99 -99 -99 -99 -99
-99 -99 -99 2.37486658854133 -99 -99 -99 -99 -99 -99 -99 -99 -99 -99 1.17722277329213
-99 -99 -99 -99 -99 -99 -99 -99 -99 -99 -99 -99 -99 -99 4.39690579569115
-99 -99 -99 1.02026986495533 -99 -99 -99 -99 -99 -99 -99 -99 -99 -99 -99
0.248617401434458 -99 -99 -99 -99 -99 -99 -99 -99 -99 -99 1.66066805772227 -99 -99 -99
-99 -99 -99 0.76422656757633 -99 -99 -99 0.279569246367135 1.00242783634872 -99 -99 -99 -99 -99 -99
-99 -99 -99 -99 -99 -99 -99 -99 2.22757467912296 -99 -99 -99 -99 -99 -99
-99 -99 -99 -0.400767970204755 -99 -99 -99 -99 -99 -99 -99 -99 -99 0.974541211570297 1.28020250389386
-99 -99 -99 -99 -99 0.652381117948066 -99 -99 -99 -99 -99 -99 -99 -99 -99
-99 -99 -99 -99 -99 -0.978702550581226 1.31025585720344 -99 -99 -99 -99 -99 -99 -99 -99
-99 5.67857944920285 -99 -99 -99 -99 -99 -99 -99 -99 -99 -99 -99 -99 -99
-99 0.282256981519754 -99 -1.32234352186734 -99 -99 -0.0907751683375877 0.301625990532744 -99 -99 -99 -99 -99 -99 -99
-99 -0.184331847770259 -99 -99 -99 0.119489917084508 -99 -99 -99 -99 -99 -99 -99 -99 -99
-99 -99 -99 -99 -99 -99 -99 -99 -99 0.706264889795676 -99 -99 -99 -99 -99
0.451708180487805 -99 -99 -99 -99 -99 -99 -99 -99 -2.71247040975176 -99 -99 -99 -99 -99
-99 -99 -99 -99 -99 -99 -99 -99 -99 -99 -99 -99 -99 -99 -99
-99 -99 -99 -99 0.493408865164256 -99 -99 -0.00193196559365094 -99 -99 -99 -99 -99 -99 -99
-99 -99 -99 -0.157100348242422 -99 -99 -99 -99 -99 -99 -99 -99 -99 -99 -99
-99 -99 -99 -99 -99 -99 -99 -99 -99 -99 -99 -99 -99 -99 -99
-99 -99 -99 -99 -99 -99 -99 -99 -99 -0.294504521190882 -99 -99 -99 -99 -99
-99 -99 -99 -99 -99 -99 -99 -99 -99 -99 -99 -99 -99 -99 0.68259833407582
-99 -99 1.07408400532473 -99 -99 -99 -99 -99 1.85801681534782 -99 -99 -99 -99 -99 -99
-99 -99 -99 -99 -99 -99 3.00156244213209 -99 -99 -99 -99 -99 -99 -99 -99
-99 -99 -99 -99 -99 -99 -99 -99 1.25690440289934 -99 3.0967206580287 -99 -99 2.17308120577011 -99
-99 -99 -0.288130115670552 -99 -99 -99 -99 -99 -99 -99 -99 -99 -99 -99 -99
0.326141874266776 -99 -99 -99 -99 -99 -99 4.04548184001921 -99 -99 -99 -99 -99 -99 -99
-99 -99 -99 -0.884203183008186 -99 -99 -99 -99 -99 -99 -99 -99 1.37891887511452 -99 -99
1.98453208435641 -99 -99 -99 -99 -99 -99 -99 -99 -99 -99 -99 -99 -99 -99
-99 -99 -99 -99 -99 0.124921950679073 -99 -99 -99 -99 -99 -99 -99 -99 -99
-99 -99 -99 -99 -99 -99 -99 -99 0.52456139126991 -99 -99 -99 -99 1.04939409316421 -99
-99 -99 -99 -99 -99 -99 -99 -99 -99 -99 -99 -99 -99 -99 -99
-99 -99 -99 -99 -99 -99 -99 -99 -99 -99 1.08950144806872 -99 -99 -99 -99
0.538214114903774 -99 -99 -99 -99 1.82807670015852 -99 -99 -99 -0.456782136440197 -99 -99 -0.508413872323487 -99 -99
-99 -99 -99 -99 -99 -99 -99 -99 -99 -99 -99 -99 -99 0.939390852356489 -99
-99 -99 -99 -99 -99 -99 -99 -99 1.78661405913732 -99 -99 -99 -99 -99 -99
-99 -99 -99 -99 -99 -99 -99 -99 -99 -99 -99 -99 -99 -0.418614000283612 -99
-99 -99 -99 -99 -1.10601856040631 -99 -99 -99 -99 -2.46205274702665 -99 -99 -99 -99 -99
-99 -99 -0.361743939339465 -99 -99 -99 -99 -99 -99 -99 -99 -99 -99 -99 -99
-99 -99 -99 -99 -99 -99 -99 -99 -99 2.23116204424413 -99 -99 -99 -99 -99
-99 -99 -99 -99 -99 -99 0.274848136043665 -99 -99 -99 -99 -99 -99 -99 -99
-99 -99 -99 -99 -99 -99 -99 -99 -99 -99 -99 -99 -99 -99 -99
-99 -99 -99 -99 -99 -99 -99 -99 -99 -99 0.164006615854196 -99 -99 -99 -99
-99 -99 -99 -99 1.50641335070855 -99 -99 -99 -99 -99 -99 0.981597889102377 -99 -99 0.685499995036998
-99 -99 -99 -99 -99 -99 -99 -99 -99 -99 2.44089385038231 -99 -99 -99 -99
-99 -99 -99 -99 -99 -99 -99 -99 -99 -99 -99 -99 -99 0.720271732757472 -99
-99 -99 -99 -99 -99 -99 -99 -99 -99 -99 -99 -99 -99 -99 -99
-99 -99 -99 -99 -99 -99 -99 -99 -99 -99 -99 -99 -99 -99 -99
-99 -99 -99 -99 -99 -99 -99 -99 -99 -99 -99 -99 -99 -99 -0.734598490568909
-99 -99 3.64457121049224 -99 -99 -99 -99 -99 -99 -99 2.57315469365537 -99 -99 -99 -99
-99 -99 -99 -99 -99 -99 -99 0.713805364222567 -99 -99 -99 -99 -99 0.238149720558103 -99
-99 -99 -99 -99 -99 -99 -99 0.700053050636648 -99 -99 -99 -99 -99 -99 -99
-99 -99 -99 -99 -99 -99 -99 -99 -99 -99 -99 -99 -99 -99 -99
-99 1.28068433268639 -99 -99 -99 -99 -99 -99 -99 -99 -99 -99 -99 -99 -99
1.98410282325502 -99 -99 -99 -99 -99 -99 -99 -99 -99 -99 1.54178035580288 -99 -99 -99
-0.780327133484148 -99 -99 -99 -99 -99 -99 -99 -99 -99 -99 -99 -99 -2.37319793169994 -2.03955622966384
1.24625271036716 -99 -99 -99 0.386617728857528 -99 -99 -99 0.584458322798881 -99 -99 -99 -99 -99 -99
-99 -99 0.181564832543339 -99 -99 -99 -99 -99 -1.49078782399467 -99 0.566190972649111 -99 -99 -99 -99
-99 -99 -99 -99 -99 -99 -99 -99 -99 -99 -99 -99 -99 -99 -99
-99 -99 0.500603758759322 -99 -99 -99 -99 -99 -99 -99 -99 -99 -99 -99 -99
-99 -99 -99 -99 -99 -99 -99 -99 -99 -99 -99 -99 -99 -99 -99
-99 -99 -99 1.07035406501649 -99 -99 4.78061288204376 -99 -99 -99 -99 -99 -99 -99 -99
-99 -0.969156342876911 -99 -99 -99 -99 -99 -99 -99 -99 -99 0.095152310611501 -99 -99 -1.13136919878793
-99 -99 -99 -99 -99 -99 -99 -99 -99 -99 -99 -99 -99 -99 -99
-99 -99 -99 -99 0.805003806535603 -99 -99 -99 -99 -99 1.54444089331714 -99 -99 1.13159289760133 -99
-99 -99 -99 -99 -99 -99 -99 -99 -99 -99 -99 -99 -99 -99 -99
-99 -99 -99 -99 -99 -99 1.79712249533382 -99 -99 -99 -99 -99 -99 -99 2.48582962989313
-99 -99 -99 -99 -0.0349232313601591 -99 0.80715351453017 -99 -99 -99 0.228891097621858 -99 -0.0664990385590758 -99 -99
-99 -99 -99 -99 -99 -99 0.572175878609592 -99 -99 -99 -99 -99 -99 -99 -99
-99 1.917682729372 -99 -99 -99 -99 -99 -99 -99 -99 -99 -99 -99 -99 -99
-99 -99 -99 -99 -99 -99 -99 -99 -99 -99 -99 -99 -99 -99 -99
-99 -99 -99 -99 -99 -99 -99 -99 -99 -99 1.65430541903739 -99 -99 -99 -99
-99 -99 -99 -99 -99 -99 1.10852479787453 -99 -99 -99 -99 -99 -99 -99 -99
2.10509991291975 -99 -99 -99 -99 -0.897498573830888 1.23393408070727 -99 -99 -99 -99 -99 -99 -99 -99
-99 -99 1.45144536940699 -99 -99 0.480712163381778 1.09165304852574 -99 -99 1.30372961743217 -99 -99 -99 -99 -99
-99 -99 -99 -99 -99 -99 -99 -99 -99 -99 -99 -99 -99 -99 -0.807625047111815
-99 -99 -99 -99 -99 -99 -1.01349971093543 -99 -99 -99 -99 -99 -99 -99 -99
-0.477513253314173 -99 -99 -99 -99 -99 0.80223865898977 -99 -99 -99 -99 -99 -99 -99 -99
2.78564248833516 -99 -99 -99 -99 2.50590876733361 -99 -99 -99 -99 -99 -99 -99 -99 2.72361300721962
-99 -99 1.00801361364981 -99 -99 -99 1.93306796387568 -99 -99 -99 -99 -99 -99 -99 -99
-0.761293629955504 1.14586702306348 -99 -99 -99 -99 -99 -99 -99 -99 -99 -99 -99 -99 -99
-99 -99 -99 -99 -99 2.25894845344612 -99 -99 -99 -99 -99 -99 2.95214334109073 -99 -99
-99 3.09829136465 -99 -99 -99 -99 -99 -99 -99 -99 -99 -99 4.15516295253274 -99 -99
-99 -99 -99 1.62874050346136 -99 -99 -99 -99 -99 -99 -99 -99 -99 -99 -99
-99 -99 -99 -99 1.89457067555972 -99 -99 -99 -99 -99 -99 1.08221549380783 -99 -99 -99
-99 -99 -99 -99 -99 -99 -1.25085977930341 -99 -99 -99 -99 -99 -99 -99 -99
-99 -99 -2.74807255501791 -99 -99 -99 1.16845685556134 -99 -99 -99 -99 -99 -99 -99 -99
3.94979574823118 -99 -99 -99 -99 -99 -99 -99 -99 -99 -99 -99 -99 -99 -99
-99 -99 -99 -99 -99 -99 -99 -99 -99 -99 -99 -99 -99 -99 -99
-99 -99 -99 -99 -99 -99 -99 -99 -99 -0.573249162465236 -0.0821813616741851 -99 -99 -99 -99
-99 -99 -99 -99 0.710132979478796 -99 -99 -99 -99 -99 -99 -99 -99 -99 -99
-99 -99 -99 -99 -99 -99 0.69440765033094 -99 -99 -99 -99 -99 -99 -99 -99
-1.00104899815101 -99 -0.607522110014282 0.0990956787337886 -99 -99 -99 -99 -99 -99 -99 -99 -99 -99 0.119903177178315
-99 -99 0.228036287060768 -99 -99 -99 -99 -99 -99 -99 -99 -99 0.183035147699894 -99 -0.792353434900358
-99 4.2164191205637 -99 -99 5.8104611800712 -99 -99 4.7339470717694 3.92195962224845 -99 -99 -99 -99 -99 -99
-99 -99 -99 -99 -99 -99 -99 -99 -99 -99 -99 -99 -99 -99 -99
-99 -99 -99 -99 -99 -99 -99 -99 -99 -99 -99 -99 -99 -99 -99
-99 -99 -99 -99 -99 -99 -99 -99 -99 -99 -99 -0.25905275773957 -99 -99 -99
-99 -99 -99 -99 -99 -99 -99 -99 -99 -99 -99 0.480400681726624 2.18180946681301 -99 -99
-99 -99 -99 -99 -99 -99 4.59471944928435 4.47780256571328 -99 5.09468902720571 -99 -99 -99 -99 -99
-99 -99 -99 -99 -99 -99 -99 -99 -99 -99 -99 -99 -99 -99 -99
-99 -0.315706590530039 -99 -99 -99 -99 -99 -99 -99 -99 -99 -99 -99 -99 -0.183075277210043
-99 -99 2.53998574017497 2.74160269698622 -99 -99 -99 -99 -99 -99 -99 0.713342664219991 -99 -99 -99
-99 -99 -99 -99 -99 -99 -1.08365541184475 -99 1.76938024659496 -99 -99 -99 -99 -99 -99
2.21201549068761 -99 -99 -99 -99 -99 -99 -99 -99 -99 2.52999603702806 -99 1.3770627225173 2.39282064176717 -99
-99 -99 -99 -99 -99 -99 -99 -99 -99 0.840517122414611 -99 -99 1.43860411350393 -99 -99
-99 -99 -99 -99 -99 -99 -99 -99 -99 -99 -99 -99 -99 -99 -99
-99 -99 -99 -99 -99 -99 0.552408736728465 -99 -99 -99 -99 2.3243019063563 -99 -99 -99
-99 -99 -99 -99 -99 -99 -99 -99 -99 -99 -99 -99 -99 -99 -99
-99 -99 -99 -99 -99 -99 -99 3.64089006848969 -99 -99 -99 -99 -99 -99 -99
-99 -99 -99 0.146219545722414 -99 -99 -99 -99 -99 -99 -99 -99 -99 0.101214515336818 -0.476932570017292
-99 -99 1.72786195986644 -99 -99 -99 -99 -99 -99 -99 -99 -99 -99 -99 -99
-99 -99 -99 -99 -99 -99 -99 -99 -99 -99 -99 0.840794213340234 -99 -99 -99
-99 -99 -99 -99 -99 -99 -99 -99 -99 -99 -99 -99 -99 -99 -99
-99 -99 -99 -99 -99 1.49045743866697 -99 -99 -99 2.92657674476696 -99 -99 -99 -99 -99
0.519325965491314 -99 -99 -99 -99 -99 -99 -99 -99 -99 2.19309109012067 -99 -99 -99 -99
-99 -99 -99 -99 -99 -99 -99 -99 -99 -99 -99 -99 -99 -99 -99
-99 -99 -99 -99 -99 -99 -99 -99 -99 -99 -99 -99 -99 -99 -99
-99 -99 -99 -99 -99 -99 -99 -99 -99 -99 -99 -99 -99 -1.1305945921775 -99
-99 -99 -99 -99 -99 4.30460132712348 -99 -99 -99 -99 -99 2.45907129012767 -99 -99 -99
-99 -99 -99 3.37759424631281 -99 0.242771465221751 -99 -99 0.549005072272053 1.54817634474177 -99 -99 -99 -99 -99
-99 -99 0.819531801758487 -99 -99 -99 -99 -99 -99 -99 -99 0.917520051288137 -99 -99 -99
-99 -99 -99 -99 -99 -99 -99 -99 -99 -99 -99 -99 -99 -99 -99
-99 -99 -99 -99 -99 -99 1.25841581220526 -99 -1.64831918760104 -99 -99 -99 -99 0.0395027344448187 -99
-99 -99 -99 -99 -99 -99 -99 -99 -99 1.00528196805289 -99 1.19923770568419 -99 -99 -99
-99 -99 -99 -99 -99 -99 -99 -99 -99 -0.13663516898439 -99 -99 -99 -99 -99
-99 -99 -2.80944409206094 -99 -99 -99 -99 -99 -99 -0.642990433224068 -99 -99 -99 -99 -99
-99 -99 -99 -99 1.89183478846913 -99 -99 -99 -99 -99 -99 -99 0.403141084066957 -99 -99
-99 -99 1.1007671558285 -99 -99 -99 -99 -99 -99 -99 -99 -99 -99 -99 -99
-99 -99 -99 -99 -99 -99 -99 0.997335731251016 -99 -99 -99 -99 -99 -99 -99
-99 -99 -99 -99 -99 -99 -99 -99 -99 -99 -99 -99 -99 1.91273163544532 -99
-99 -99 -99 -99 -99 -99 -99 -99 -99 -99 -99 -99 -99 -99 -99
-99 -99 -99 -99 -99 -99 -99 -99 2.83637761439966 -99 1.73988916010827 2.03205636698326 -99 -99 -99
-99 -99 -99 -99 -0.444525192768125 -99 -99 -99 -99 -99 -99 -99 -99 0.843714432488374 -99
-99 -99 -99 -99 -99 -99 -0.0883332069600404 -99 -99 -99 -99 -99 -99 -99 -99
-99 -99 -99 -99 0.383250275625179 -99 -99 -99 -99 -99 -99 -99 -99 -99 -99
-99 -0.499245679235467 -0.63870414861684 -99 -0.00773179597542817 -99 -99 -99 -99 -99 -99 -99 -99 -99 -99
-99 -1.56688795269086 -99 -99 -99 -99 0.464330839209307 -99 -99 -99 -1.69084060256225 -99 -99 -99 -99
3.14097507636627 -99 -99 -99 -99 -99 -99 -99 -99 -99 -99 0.733473906987993 -99 -99 -99
-99 -99 -99 0.180291961205472 -99 -99 -99 -99 -99 -99 -99 -99 -99 -99 -99
-99 -99 -99 -99 -99 0.0588257366636578 -99 -99 -99 -99 -99 -99 -99 -99 -99
-99 -99 1.4319468861771 -99 -99 -99 -99 -99 -99 -99 -99 -99 -99 -99 -99
-99 -99 -99 -99 1.04361404916687 -99 -99 -99 -99 -99 -0.188066627049722 -99 -99 -99 -99
-99 -99 2.69475181442247 -99 -99 -99 -99 0.932698112865212 -99 -99 -99 -99 -99 -99 -99
-99 -99 -99 -99 -99 -99 -99 2.18347908569274 -99 -99 -99 -99 -99 -99 -99
-99 3.96720819239488 -99 -99 -99 -99 -99 -99 0.581382763689089 0.513157368651471 -99 -99 -99 -99 -99
-99 -99 -99 -99 -99 -99 -99 -99 -99 -99 -99 -99 -99 -99 -99
-99 -99 1.5996113440443 -99 -99 2.0589273197229 -99 -99 -99 -99 -99 -99 -99 -99 -99
-99 -99 -99 1.07999575392365 -99 -99 -99 -99 -99 -99 -99 0.60539248168859 -99 -99 -99
-99 -99 -99 -99 -99 -99 -99 -99 -99 -99 -99 -99 -99 -99 -99
-99 -99 -99 -99 -99 -99 -99 -99 -99 0.394450556745391 -0.331992918054902 -99 -99 -99 -99
-99 0.577217318027719 -99 -99 -99 -99 -99 -99 -99 -99 -99 -99 -99 -99 -99
-99 -99 -99 -99 -99 -99 -99 -99 -99 1.62156634703505 -99 -99 -99 -99 -99
-99 -99 -99 -99 -99 -99 -99 -99 -99 -99 -99 -99 -99 -99 -99
-99 -99 -99 -99 -99 -99 -99 -99 -99 0.809622478925952 -99 -99 2.81844966582544 -99 -99
-99 -99 -99 -99 -99 -99 -99 -99 -99 -99 0.0154701576579916 -1.85864018406735 -99 -99 -0.865901539495621
-99 -99 -99 -99 -99 -99 -99 -99 -99 -99 -99 -99 -99 -99 -99
-99 -99 -99 -99 -99 -99 -99 -99 -99 -99 1.90082089571156 -0.465821943736759 -99 -99 -99
-99 -99 -99 -99 -99 0.856590916551937 -99 -99 -99 -99 -99 -99 2.47274006821277 -99 -99
-0.980519566049474 0.570833633722673 -99 -99 -99 -99 -2.46900731356889 -99 -99 -99 -99 -99 -99 -99 -99
-99 2.49441278640799 -99 0.191900146681737 -99 -99 -99 -99 -99 -99 -99 -99 -99 -99 -99
-99 -99 -99 -99 -99 -99 -99 -99 -99 -99 -99 -99 -99 -99 -99
-99 -99 -99 -99 -99 -99 -99 -99 -99 -99 1.30645749126055 -99 -99 -99 -99
-99 1.78001717731162 -99 -99 -99 -99 -99 -99 -99 -99 -99 -99 -99 -99 -99
-99 -99 -99 -99 -99 -99 -99 -99 -99 3.96025035647926 -99 -99 -99 -99 -99
-99 -99 -99 -99 -99 -99 -99 -99 -99 2.49653865681916 -99 -99 -99 -99 -99
-99 -99 -99 1.37723685298584 -99 -99 -99 -99 -99 -99 -99 -99 -99 -99 -99
-99 -99 -0.74803918932413 -99 -99 -99 -99 -99 -99 -99 -99 -99 -99 -99 -99
-99 -99 1.94089416119634 -99 -99 0.152994958873685 -99 -99 -99 0.621182595707382 -99 -99 -99 -99 -99
-99 -99 1.40358585882543 -99 -99 -99 -99 1.10821223810435 -99 -99 -99 -99 -99 -99 -99
-99 1.75455839939637 -99 -99 -99 -99 -99 -99 -99 -99 1.3301494408912 -99 -99 -99 -99
-99 -99 -99 1.65011987334647 -99 0.990995522295304 -99 -99 -99 -99 -99 -99 -99 -99 -99
-99 -99 -99 -99 0.95529138191293 -99 -99 -99 2.54187573944857 -99 1.54859568163282 1.89833228302573 -99 -99 -99
-99 -99 -99 -99 -99 -99 -99 -99 2.84836678367387 -99 -99 -99 1.95964749237677 1.83018461268575 -99
-99 -99 -99 -99 -99 -99 -99 -99 -99 -99 -99 -99 -99 -99 -99
-99 -99 -99 -99 -99 -99 -99 -99 0.72290121800305 -1.69429910601178 -99 -99 -99 -99 -99
2.39130665102697 -99 -99 1.91175329670956 -99 -99 -99 -99 -99 -99 -99 1.60275207154154 -99 -99 -99
-99 -99 -99 -99 -99 -99 -99 -99 -99 -99 -99 -99 -99 -99 1.85254071799437
-99 -99 -99 -99 -99 0.0126482322930722 1.04255870717476 -99 1.97399698813696 -99 -99 -99 -99 -99 -0.826299004930582
-99 -99 -99 2.1830387612489 -99 -99 -99 -99 -99 -99 -99 -99 -99 -99 -99
-99 -99 -99 -99 -99 -99 -99 -99 -99 -99 -99 -99 -99 -99 -99
-0.906600418525627 -99 1.57120311772074 -99 -99 -99 -99 -99 -99 -99 -99 0.46717827340148 -99 -99 -99
-99 0.38683644776222 -99 -99 -99 -99 -99 -99 -99 -99 -99 -99 -99 -99 -99
-99 -99 0.823428447335058 -99 -99 -99 -99 -99 -99 -99 -99 -99 -99 -99 -99
-99 -99 -99 -99 -99 -99 -99 -99 -99 -99 -99 -99 -99 -99 -99
-99 -99 1.8199315740117 -99 -99 -99 -99 -99 -99 -99 -99 -99 2.25907895811623 -99 -99
-99 -99 -99 -99 -99 -99 -99 -99 -99 -99 -99 0.667675279678448 -99 -99 -99
-99 -99 -99 -99 -99 -99 -99 -99 -99 -99 -99 -99 -99 -99 -99
-99 -99 -99 -99 1.80196048432021 -99 -99 -99 -99 -99 -99 -99 1.0100383573352 -99 -99
1.61745053955804 -99 -99 -99 -99 0.917913535599983 -99 -99 -99 -99 -99 -99 -99 -99 0.152480942191236
-99 -99 -99 -99 -99 -99 -99 -99 -99 -2.20434418680587 -99 -99 -99 -99 -99
-99 -99 -99 -99 -99 -99 -99 -99 -99 -99 0.663992878365304 -99 -99 -99 -99
-99 1.97451322361322 -99 -99 -99 -99 -99 -99 -99 -99 -99 -99 -99 -99 -99
-99 -99 -99 -99 -99 -99 1.63315927967668 0.233219762465275 -99 -99 -99 -99 -99 -99 -99
-99 -99 -99 -99 -2.09605874118125 -99 -1.41708285709177 -99 -99 -99 -99 -99 -99 -99 -99
-99 -99 -99 -99 -99 -99 -99 -99 -99 -99 -99 -99 -99 -99 -99
-99 -99 -99 -99 -99 1.33754229976402 -99 -99 -99 -0.756556415037051 -99 -99 -99 -99 -99
-99 -99 -99 -99 -99 -99 -99 -99 -99 -99 -99 -99 -99 -99 -99
-99 -99 -99 -99 -99 0.523438819884977 -99 0.490405917412245 -99 -99 -99 -99 -99 0.434865013904932 -99
1.48468017035395 -99 -99 -99 -99 -99 -99 -99 -99 -99 -99 -99 -99 -99 -99
-99 -99 -99 -99 -99 -99 -99 -99 0.0614800693226563 -99 -99 -99 -99 -99 -99
-99 -99 -99 -99 -99 -99 0.106679133275437 -99 -99 -99 2.53875449827775 -99 -99 -99 -99
-99 -99 -99 1.7904210916737 -99 -99 -99 -99 -99 -99 -99 -99 -99 -99 -99
-99 -99 -99 -99 -0.733326815250769 -99 -99 -99 -99 -99 -99 -99 -99 -1.05135910594838 -99
1.73947394548295 -99 -99 -99 -99 -99 -99 -99 -99 -99 -99 -99 -99 -99 -99
-99 -99 -99 -99 1.15599873999366 -99 -99 -99 -99 -99 1.52392234228684 -99 -99 0.454613373765002 -99
0.82647145750654 -99 -99 -99 -99 -99 -99 -99 -99 -99 -99 -99 -99 -99 -99
-99 -99 -99 -99 -99 -99 -99 -99 -99 -99 -99 -99 -99 -99 -99
-99 -99 -99 -99 -99 -0.0435265889607372 -99 -99 -99 -99 -99 -99 -99 -99 -99
-99 -99 -99 -99 -99 -99 -99 -99 -99 -99 -1.29184331585662 -99 -99 0.44767011356553 -99
-99 0.743089253099503 -99 -99 -99 -99 -99 -99 -99 -99 -99 -99 -99 -99 -99
-99 1.04337802715234 -99 -99 -99 -99 -99 -99 -99 -99 -99 -99 -99 -99 -99
-99 -99 -99 -99 -99 -99 -99 -99 -99 -99 -99 -99 -99 -99 -99
-99 -99 -99 -99 -99 -99 -99 -99 -99 -99 -99 -99 -99 -99 -99
-99 -99 -99 -99 -99 -99 -99 -99 -99 -99 -99 -99 -99 -99 -99
-99 -99 -99 0.957215778968365 -99 0.507908211531699 0.596609582211053 -99 -99 -99 -99 -99 -99 -99 -99
-99 -99 -99 -99 -99 -99 -99 -99 -99 -99 -99 -99 -99 -99 -99
-99 -99 -99 -99 -99 -99 -99 -99 -99 -99 -99 -99 -99 -99 -99
-99 -99 -99 -99 -99 -99 -99 -99 2.34579537552811 -99 -99 -99 -99 -99 -99
-99 -99 -99 1.348400755346 -99 -99 -99 -99 -99 -99 -99 -99 1.1816644821964 -99 -99
-99 -99 -99 -99 -99 -99 -99 -99 -99 -99 -99 -99 -99 -99 -99
-99 -99 -99 -99 -99 -99 -99 -99 -99 -99 0.660341832326242 -99 -99 -99 -99
-99 -99 -0.0761590268707764 -99 -99 -99 -99 -99 -0.836237636121706 -99 -99 -99 -99 -99 -99
-99 -99 -99 -99 -99 -99 -99 -99 -99 -0.110779800077987 -99 -99 -99 -99 -99
-99 1.8537899625213 -99 -99 -99 -99 -99 -99 -99 -99 -99 -99 -99 -99 -99
0.404958255008988 -99 -99 -99 -99 -99 -99 -99 -99 -99 -99 -99 -99 -99 -99
-99 -99 2.21191769401605 -99 -99 -99 -99 -99 -99 -99 -99 -99 -99 -99 -99
-99 -99 -99 -99 -99 -99 1.48167664559167 -99 -99 -99 1.72455440705648 -99 -99 -99 -99
-99 -99 -99 -99 -99 -99 -99 -99 -99 -99 -99 -99 -99 -99 1.40183557447699
-99 -99 -99 -99 -99 -99 -99 -99 -99 -99 -99 -99 -99 -99 2.56618305491908
-99 0.982873886924931 -99 -99 -99 -99 -99 -99 -99 -0.832145797881854 -99 -99 -99 -99 -0.411750762266845
-99 -99 -99 -99 -99 -99 -99 -99 -99 -99 -99 -99 -99 1.70155501097963 -99
-99 -99 -99 -99 -99 -99 -99 -99 0.374824115109326 -99 -99 -99 -99 -99 -99
-99 -99 -99 -99 -99 -99 -99 -99 -99 -99 -99 -99 -99 -99 -99
-99 -99 -99 -99 -99 -99 -99 -99 -1.776198425861 -1.01286616526165 -99 -0.781068178409009 -99 -99 0.752521329549403
-99 0.451506124604107 -99 -99 -99 -99 -99 -99 -99 -99 -99 -99 -99 -99 -0.0662727669787355
-99 -99 -99 -99 -99 -99 -99 -99 -99 -99 -99 -99 -99 -99 -99
-99 -99 -99 -99 -99 -0.057343101880732 -99 -99 -99 -99 -99 -99 -99 -99 -99
-99 -99 -99 -99 -99 1.80963166656391 -99 -99 -99 -99 3.52121051482784 -99 -99 -99 -99
-99 -99 -99 -99 -99 -99 -99 -99 -99 -99 3.64198868012282 -99 -99 -99 -99
2.9131704504748 -99 -99 -99 -99 -99 0.296446274049124 -99 -0.829087566166192 -99 -99 -99 -99 -99 -99
0.603974912730196 -0.370750538470052 -99 -99 -99 -99 -99 -99 -99 -99 -99 -99 -99 -99 -99
-99 -99 -99 -99 -99 0.815960674738415 -99 -99 -99 -99 -99 -99 -99 -99 -99
-99 -99 0.957144007620583 -99 -99 -99 -99 -99 1.53961093091407 -99 -99 -99 -99 -99 -99
-0.994983067345431 -99 -99 -99 -99 -99 -99 -99 -99 -99 -99 -99 -1.17881413575602 -99 -99
-99 1.52642628977241 -99 -99 -99 -99 -99 -99 -99 0.844834523824046 -99 -99 -99 -99 -99
-99 -99 -99 1.32967516445611 -99 -99 -99 -99 -99 -99 -99 -99 -99 0.477563332718052 -99
-99 -99 -99 -99 -99 0.831844506257446 -99 4.24590404553673 -99 -99 -99 -99 -99 -99 -99
-99 -99 -99 -99 -1.59787390873269 -99 -99 -99 -99 -99 -99 -99 -99 -99 -99
-0.540458080212985 -99 -1.35414799274749 -99 -99 0.857599358263534 -99 -99 -99 -99 -99 -99 -99 -99 -99
-99 -99 -99 -99 -99 -99 -99 -99 -99 -99 -99 -99 -99 -99 -99
-99 -99 1.53493991309662 -99 -99 -99 -99 -99 -99 -99 -99 -1.48148499807444 -99 -99 -99
-99 -99 -99 -1.6187783032901 -99 -99 -99 -99 -0.949614033738398 -99 -99 -1.45077034053111 -99 -99 -99
-1.94321480125707 -99 -99 -99 0.00656558480626357 -99 -99 -99 -99 -99 -99 -0.49006966677034 -99 -99 -99
-99 -99 -99 3.32240526879347 -99 -99 -99 -99 -99 -99 -99 -99 -99 -99 -99
