-99 -99 -99 -2.78401418064202 -99 -99 -99 -99 -99 -99 -99 -99 -99 -99 -99
-99 -99 -99 -99 0.913355631034953 -99 -99 -99 -99 -99 -99 -99 -99 -99 -99
-99 -99 -99 -1.12637777948402 -99 0.600689418396011 -99 -99 -99 -99 -99 -99 -99 -99 -99
-99 -99 -99 -99 -99 -99 -99 -99 -99 -99 -99 -99 -99 -99 -99
-99 -99 -99 0.326131963235155 -99 1.471138546034 -99 -99 -99 -99 -99 -99 -99 -99 -99
-99 -99 -99 -99 -99 -1.10155393708936 -99 -99 -99 -0.35414562915904 -99 -2.92136233073391 -0.413762628551296 -99 -99
-99 -99 -99 -99 1.34458632369225 -99 -99 -99 -99 -99 -99 -99 -99 -99 -99
-99 0.791758284658568 -99 -99 -99 -99 -99 -99 -99 1.39710440822374 -99 -99 1.67162605180694 -99 -99
-99 -99 -99 -99 -99 -99 -0.342870209887719 -99 -99 -99 -99 -99 -99 -99 -99
1.57824500014052 -99 -99 -99 4.46596138285337 4.52152802289141 -99 -99 -99 -99 -99 -99 -99 -99 -99
-99 -99 -99 -99 -99 -99 -99 -99 -99 -99 -99 -99 -99 -99 -99
-99 -99 -99 3.22276569111878 -99 -99 -99 -99 -99 2.3857469485512 -99 -99 -99 -99 2.94006341324061
-99 -99 -99 -99 -99 -99 -99 -99 -99 -99 -99 0.767557001644146 -99 -99 -99
-99 -99 -99 -99 -99 -99 -99 -99 -99 -99 -99 -99 -99 -99 -99
-99 -99 -99 -99 -99 -99 -0.201749843527427 -99 3.03101314358354 -99 -99 -99 -99 -99 -99
0.964447899246502 -99 -99 -99 -99 -99 -99 -99 -99 -99 2.16295789273946 -99 -99 -99 -99
-99 -99 -99 -99 -0.561669846175705 -99 -99 -99 -99 -99 -99 -99 -99 -99 0.372236733378205
-99 -99 -99 -99 -99 -99 -99 -99 -99 -99 -99 -99 -99 -99 -99
-99 4.98258511010536 -99 -99 -99 -99 2.22748407477183 3.08554912318151 -99 -99 -99 -99 -99 -99 -99
-99 -99 -99 -99 -99 -99 -99 -99 -99 -99 -99 -99 -0.71448162310652 -99 -99
-99 -99 1.29638095921684 -99 -99 -99 -99 -99 -99 -99 -99 -99 -99 -99 -99
-99 -99 1.26121936229411 -99 -99 -99 0.502972599349946 -99 -99 -99 -99 -99 -99 -99 -99
2.05287134171541 -99 -99 -99 -99 -99 -99 -99 -99 1.59525254197617 -99 -99 -99 -99 -99
-99 -99 -99 -99 2.06285116689839 -99 -99 -99 -99 -99 -99 2.52064897559339 -99 -99 -99
-99 -99 -99 -99 -99 -99 3.02524123542359 -99 -99 -99 -99 -99 -99 -99 -99
-99 -99 -99 -99 -99 -99 -99 -99 -99 0.320166974366176 -99 -99 -99 -99 -99
-99 -99 -99 -99 -99 -99 -99 0.663764428104145 -99 -99 -99 -99 -99 -99 0.0992200694034602
-99 -99 -99 -99 -99 -1.07648959087358 -99 -99 -0.189266085498013 -99 -99 -99 -99 1.10497938027498 -99
-99 -99 -99 -99 -99 2.31747599232317 -99 -99 -99 -99 2.74429718019533 0.898743232561999 -99 -99 -99
-99 -99 -99 -99 -99 -99 -99 2.54578572532508 -99 -99 -99 -99 -99 -99 -99
-99 -99 -99 -99 -99 -99 -99 -99 -99 -99 -99 -99 -99 -99 -99
-99 -99 -99 -99 -99 -99 1.01942210930339 0.789614083214884 -99 -99 -99 1.92277727267287 -99 -99 -99
-99 -99 0.921141363651325 -99 -99 -99 -99 -99 -99 -99 -99 -99 1.83980711407749 -99 -99
-99 -99 -99 2.66193204950826 -99 -99 -99 -99 -99 0.0368530797683302 -99 -99 -99 -99 -99
-99 -99 -99 -99 -99 -99 -99 -99 -99 -99 3.99761053795185 -99 -99 5.91319835971953 -99
-99 -99 -99 -99 -99 -99 0.967343242813572 -99 -99 -99 -99 -99 -99 -99 -99
-2.13027181621171 -99 -99 0.0558761688473679 -99 -99 -99 -99 -99 -0.341400189650544 -99 -99 -99 -99 -99
-99 -0.0190043075008379 -99 -99 -99 -99 -99 -99 -99 -99 -99 -99 -99 -99 -99
0.382436952972897 -99 1.65674183462964 -99 -99 -99 -99 -99 -99 -99 -99 -99 -99 -99 -99
-99 -99 0.693293527828281 -99 -99 -99 -99 -99 -99 -99 2.95602469909427 -99 -99 -99 -99
-99 -99 -99 -99 -99 1.87334092695279 -0.218790586114466 -99 -99 -99 -99 -99 -99 -99 0.364066240682149
-99 -99 -99 -99 -99 0.748657625210486 -99 -99 -99 -99 -99 -99 -99 -99 -99
-99 -99 -99 -99 -99 -99 -99 -99 -99 -99 -99 -99 -99 -99 -99
1.95215951418294 -99 -99 -99 -99 -99 -99 -99 -99 -99 -99 -99 -99 -99 -99
-99 -99 -0.575329705147269 -99 -99 -99 -99 -99 -99 -99 -99 -99 -99 -99 -99
-99 -99 -99 -99 -99 -99 -99 -99 -99 -99 -99 -99 -99 -99 3.3623212043438
-99 -99 -0.127039010535977 -99 -99 -99 -99 0.567097791168459 -99 -99 -99 0.354549532951935 -99 -99 -99
0.478232955046913 -99 0.902740585466019 -99 -99 -99 -99 0.10775956331818 -99 -1.13983185920546 -99 -99 -99 -99 -99
-99 0.311388862877309 -99 -99 -99 -99 -99 -99 -99 -99 -99 0.666833542045701 -99 -99 -99
0.350621961722628 -99 -99 -99 -99 -99 -99 -99 -99 -99 -99 -99 -99 -99 -99
-99 -99 -99 -99 -99 -99 -99 -99 -99 -99 -99 2.30141914289402 -99 -99 -99
-99 -99 -99 -99 -99 -99 -99 -99 -99 -99 -99 -99 -99 -99 -99
-99 -99 -99 -99 -99 -99 -99 -99 1.87071469383736 -99 -99 -99 -99 -99 -99
-99 -99 -99 -99 1.03394270612026 -99 -99 -99 0.883768145780788 -99 -99 -99 -99 2.40104693970769 -99
-99 -99 -99 -99 -99 -99 -99 -99 1.3107567371776 -99 -99 0.272519177506346 -99 -99 -99
-99 -99 -99 -99 -99 -99 -99 -99 -99 -99 -99 -99 -99 -99 -99
-99 0.806727319714741 -99 -99 -99 -99 -99 -99 -99 -99 -99 -99 -99 -99 0.845394507233464
-99 -99 -99 -99 2.65728293114837 -99 -99 -99 -99 -99 -99 -1.27150700217779 -99 -99 -99
-99 -99 -99 -99 1.18894481122681 -99 -99 -99 -99 -99 -99 -99 -99 -99 -99
-1.45505291556615 -99 -99 -99 -99 -99 -99 -99 -99 -99 -99 -1.73983447344599 -99 -99 -99
-99 -99 -99 -99 -99 -99 -99 -99 -99 -99 -99 -99 -99 -99 -99
-99 -99 -99 -2.92590408781139 -99 -99 -99 -99 -99 -99 -99 -99 -99 -99 -99
-99 -99 -99 -99 1.84312319721401 -99 -99 -99 -99 -99 -99 -99 -99 -99 -99
-99 -99 -99 -99 -99 -99 2.85932544270101 2.39370763927668 -99 -99 -99 -99 -99 -99 -99
-99 -99 -0.22258221089743 -99 0.538094538193982 -99 -99 -99 -99 -99 -99 -99 -99 -99 -99
-99 -99 -99 -99 -99 -99 -99 -99 0.604073955728754 -99 -99 -99 -99 -99 -99
-0.0583361650290699 -99 -99 -99 -99 -99 -99 -99 -99 -99 -99 -99 2.16324912009224 -99 -99
-99 -99 -99 -99 -99 -99 -99 -99 -99 -0.224798441538026 1.2328096319257 -99 0.696490836320801 -99 -99
-99 -99 -99 -99 -99 -99 2.71313513157745 -99 -99 -99 -99 -99 -99 -99 -99
-99 -99 -99 -99 -99 -99 -99 -99 -99 -99 -99 -99 -99 -99 2.14162003771392
3.37874737802631 -99 -99 -99 -99 -99 -99 -99 -99 -99 -99 -99 -99 -99 -99
-99 -99 -99 -99 1.73581044187176 -99 -99 -99 0.959356193333219 -99 1.54761177962943 -99 -99 -99 -99
-99 -99 -99 -99 -99 -99 -99 -99 -99 -99 -99 -99 -99 -99 -99
-99 -99 1.42020017081513 -99 -99 -99 -99 -99 -99 -99 2.13963380822784 0.681108934737333 -99 -99 -99
-99 -99 -99 -99 -99 -99 -99 -99 -99 0.816816899365282 -99 -99 -99 -99 -99
1.21598884006155 -99 -0.959287244734615 -99 -99 -99 -99 -99 -99 -99 -99 1.1561817543046 -99 -99 0.189499722303161
3.0580388641345 -99 -99 -99 -99 -99 -99 -99 -99 -99 -99 -99 -99 -99 -99
-99 -99 1.37891229910319 -99 -99 -99 -99 -99 -0.0821741061265833 -99 -99 -99 -99 -99 -99
-99 -99 -99 -99 2.36063595474413 -99 -99 -99 -99 -99 -99 -99 -99 -99 -99
-99 -99 -99 -99 3.95882816935633 -99 0.962008171428597 -99 -99 -99 -99 -99 -99 -99 -99
1.03443944660157 -99 -99 -99 -99 -99 -99 -99 -99 -99 -99 -99 -99 -99 -99
-99 -99 -99 -99 -99 -99 -99 0.970830587209026 -99 -99 -99 -99 -99 -99 -99
-99 -99 -99 -99 -99 -99 -99 -99 0.996736904420143 2.02474763489235 -99 -99 0.688508938015195 -99 -99
-99 -99 -99 -99 -99 -99 -99 -99 0.49409036172221 -1.10474932075672 -99 -99 -99 -99 1.31167842255797
-99 -99 -99 -99 -99 -99 -99 -99 -99 -99 -99 -99 -99 -99 -99
-99 -99 -99 0.642445868895414 -99 -99 -99 -99 -99 -99 -99 -99 -99 1.70524099757458 -99
-99 -99 -99 -99 -99 -99 -0.219895143933748 -99 -99 -99 -99 -99 -99 -99 -99
-99 -99 -99 -99 -99 -99 -99 0.736061862091777 1.62075673851334 -99 -99 -99 -99 -99 -99
-99 -99 -99 -99 -99 -99 -99 -99 -99 0.755551483501549 2.2304771461411 -99 -99 -99 -99
-99 -99 -99 -99 -99 -99 -99 -99 -99 -99 -99 2.10352006279294 -99 -99 2.79097575673417
1.54245166079567 -99 -99 -99 0.836372717468045 -99 -99 -99 -99 -99 -99 -99 -99 -99 -99
-99 -99 -99 -99 -99 1.2504572378985 -99 -99 -99 -99 -99 -99 -99 -99 -99
-99 -99 -99 -99 -99 -99 -99 -99 -99 -99 2.65225437976052 2.00873244027896 -99 -99 -99
0.327799101325998 -99 -99 -99 -99 -99 -99 -99 1.36952095929385 -99 -99 2.35673992104499 -99 -99 -99
-99 0.0704991481766322 -99 -99 0.0860528918651875 -2.85183202545023 -99 -0.539741741172286 -3.07784543074533 -99 -99 -99 -99 -99 -99
-99 -99 1.14213960622817 -99 -99 -99 -99 -99 -99 -99 -99 1.22185262598562 1.19236197037794 -99 -99
-99 -99 -99 -99 -99 -99 2.03242773110183 -99 -99 -99 -99 -99 -99 -99 -99
-99 -99 -99 -99 -99 -99 -99 -99 -99 -99 -99 -99 -99 -99 -99
1.15158557827063 -99 -99 -99 -99 -99 -99 -99 -99 -99 -99 -99 3.24481509435193 -99 -99
-99 -99 -99 -99 -99 -99 -99 1.67944469044398 -99 -99 -99 -99 -99 -99 -99
-99 -99 -99 0.147279526207862 -99 -99 -99 -99 -99 -99 -99 -99 -99 -99 -99
-99 -99 -99 -99 -99 -99 4.27185739899677 -99 -99 -99 -99 -99 -99 -99 -99
-99 2.05452456635108 -99 3.28487588361046 -99 -99 -99 -99 -99 -99 -99 -99 -99 -99 -99
-99 -99 -99 -99 -99 -99 -99 -99 -99 -99 -99 -99 -99 -99 -99
-99 -99 -99 -99 -99 -99 -99 -99 -99 -99 -99 -99 -99 -99 -99
-99 -99 -99 -99 0.892919276664204 -99 -99 -99 -99 -99 -99 -99 1.95954599643224 -99 -99
-99 -99 0.418227584908016 -99 -99 -99 -99 0.434828889581377 -99 -99 -99 -99 0.882420988372485 -99 1.31012035616477
2.14093043695425 -99 -99 2.15937174918895 -99 -99 -99 -99 -99 -99 -99 1.55607376996676 -99 -99 -99
-99 -99 -99 -99 -99 0.697548906265723 -99 -99 -99 -99 -99 -99 -99 -99 -99
-99 -99 -99 -99 -99 -99 1.35834497494717 -99 -0.0763485950476324 -99 -99 -99 -99 -99 -99
-99 -99 -99 0.550064081345115 -99 -99 -99 1.69772104766148 -99 -99 -99 -99 -99 -99 -99
-99 -99 -99 -99 -99 -99 -99 -99 -99 -99 -99 -99 -99 -99 -99
-99 -99 -99 -99 -99 -99 -99 -99 -99 -99 -99 -99 -99 -99 -99
-99 -99 -99 -99 -99 -99 -99 0.0916086003715807 -99 -99 -99 0.526851189548578 -99 -99 -99
-99 -99 -99 -99 -99 -99 -0.55693773674827 -99 0.389213715987428 -99 -99 -99 -99 -0.381778890391052 -99
-99 -99 -99 -99 -99 -99 -99 -99 0.615449977739082 -99 -99 -99 -99 -99 -99
-99 -99 -99 -99 -99 -99 -99 -99 -99 -99 -99 -99 -99 -99 -99
-99 -99 -99 -99 -99 -99 -99 -99 -99 2.26376554237509 -99 -99 -99 -99 -99
0.671033801357892 -0.788407551594641 -99 -99 -99 -99 -99 -99 -99 -99 -99 -99 -99 -99 -99
0.847608756572524 -99 -99 -99 -99 -99 -99 -99 -99 2.06494198092229 -99 -99 -99 -99 -99
-99 -99 -99 -99 -99 -99 -99 -99 -99 -99 -99 -99 -1.06142447114539 -99 -99
2.13165429982604 -99 -99 -99 -99 -99 -99 -99 -99 -99 -99 -99 -99 -99 -99
-99 0.803542466436368 -0.453250515672009 -99 -99 2.79856857305506 0.907544341212299 3.64517201455747 -99 -99 -99 -99 -99 -99 -99
-99 -99 -99 -99 -99 -99 -99 -99 0.672895489779975 -99 -99 -99 -99 -99 -99
-99 -99 -99 -99 -99 -99 -99 2.28729217441099 -99 -99 -99 -99 -99 -99 -99
-99 -99 1.61135608080772 -99 -99 -99 -99 -99 -99 -99 2.42231041065037 -99 -99 -99 -99
-99 -99 -99 -99 -99 1.32292826950298 0.726124535140781 -99 2.05074054056666 -99 -99 -99 -99 -99 -99
-99 -99 -99 -99 -99 -99 -99 -99 -99 -99 -99 -99 -99 -99 -99
-99 -99 -99 1.15629624609648 -99 -99 -99 -99 -99 -99 -99 -99 -99 -99 -99
0.794017147071684 -99 -99 -99 -99 -99 -99 -99 -0.129189064834305 -99 -99 -99 -99 -99 -99
-99 -99 3.69961331591435 -99 -99 -99 -99 -99 2.05776207613773 -99 -99 -99 1.79581453825669 -99 -99
-99 -99 -99 1.34236181670539 -99 -99 -99 -99 -99 -99 -99 -99 -99 -99 -99
-99 -99 -99 -99 -99 -99 -99 -99 -99 -99 -99 -99 -0.428628330278555 -99 -99
-99 -99 -99 -99 -99 -99 2.6433746623676 -99 -99 -99 -99 -99 -99 -99 -99
-99 -99 -99 1.58853636229275 -99 -99 -99 2.2772444349108 -99 -99 -99 -99 0.207163182136806 -99 -99
-99 -99 -99 1.35218243391632 -99 -99 -99 -99 -99 3.03302100394684 -99 -99 -99 -99 -99
-99 -99 -99 -99 -99 -99 -99 -99 -99 -99 1.53353842441383 -99 2.50382514646398 -99 2.93989964778485
-99 -99 -99 -99 -99 -99 -99 -99 -99 -99 -99 -99 -99 -99 -99
-0.0321983238231245 -99 -99 -99 -99 -99 -99 -99 -99 -99 -99 -99 -99 -99 -99
-99 -99 -99 -99 -99 -99 0.589004426005996 -99 -99 -99 -99 -99 -99 -99 -99
-99 -99 -99 -0.702397513293846 -99 -99 -99 -99 -99 -0.255338509629236 -99 -1.39170542986326 -99 -99 -99
-99 -99 -99 -99 0.664614297217728 -99 -99 -99 2.75731555465354 -99 -99 -99 -99 -99 -99
-99 -99 -99 -99 -99 -99 -99 -99 3.13697586616987 -99 -99 2.47542144615994 -99 -99 -99
-99 -99 -99 -99 -99 -3.34847868221828 -99 -99 -99 -99 -99 0.740492861877246 -99 -99 -99
-99 -99 -99 -99 -99 -99 -99 -99 -99 -99 -99 -99 -99 -99 -99
1.36600068137731 -99 -99 -99 -99 -99 -99 -99 -99 -99 -99 -99 -99 -99 0.840801097504059
-99 -99 -99 -99 -99 -99 2.73348922922609 -99 2.92554448772643 -99 -99 2.56837533307887 -99 -99 -99
2.68513812619331 -99 -99 -99 -99 -99 -99 -99 -99 -99 -99 -99 -99 -99 -99
-99 -99 -99 -99 -99 0.986038550996767 -99 -99 -99 1.50168052329214 -99 -99 -99 -99 -99
-99 -99 -99 -99 -99 -99 -99 -99 -99 0.411973393730583 -99 -99 -99 -99 1.57527869354761
-99 -99 -99 -99 -99 -99 -99 -99 -99 -99 -99 -99 -99 -99 -99
-99 -99 -99 -99 -99 -99 -99 -99 -99 -99 -99 -99 -99 -99 -99
-99 -99 -99 -99 -99 1.55093178783484 -99 -99 -99 -99 -99 -99 -99 -99 2.13841185106444
-99 -99 -99 -99 -99 -99 -99 -99 -99 -99 -99 -99 -99 -99 -99
-99 -99 -99 -99 -99 -99 -99 -99 -0.798143917832446 0.202163640268606 -99 -99 -99 -99 -99
-99 -99 -99 -99 2.54762121997949 -99 -99 1.95103577117465 -99 -99 -99 0.301713481105247 3.29356992694186 -99 2.70017841115225
-99 -99 -99 -0.870930486290205 -99 0.525590114584886 -99 -99 -99 -99 0.673046067879549 -99 -99 -99 -99
-99 0.627015142710623 -99 -99 -99 -99 -99 -99 2.20170955390245 -99 -99 -99 -99 -99 -99
-99 -99 -99 -99 -99 -99 -99 -99 0.674697962084305 1.92241776726766 -99 -99 -99 -99 -99
0.505940171097937 1.27594384845792 -99 -99 -99 -99 -99 -99 -99 -0.42836484365712 -99 -99 -99 -99 -99
-99 -99 -99 -99 -99 -99 0.0441316726408285 -99 -99 -99 -99 -99 -99 -99 -99
-0.481798681596224 -99 -99 -99 -99 -99 -99 -99 -99 -99 -99 -99 -99 -99 -99
-99 -99 -99 -99 -99 -99 -99 -99 -99 -99 -99 -99 0.0500834928218349 -99 -99
-99 0.155619169446911 -99 -99 -99 -99 -99 -99 -99 -99 2.71355929430487 -99 -99 -99 -99
-99 -99 0.12259728313168 -99 -99 -99 -99 -99 -99 -99 -2.94999282281641 -99 -99 -99 -99
-99 -99 -99 1.05359714988685 -99 2.42818060363804 -99 -99 -99 -99 -99 -99 -99 -99 -99
1.11129747096495 -99 -99 -99 -99 -99 -99 1.78533630135298 -99 2.16176378475054 -99 -99 -99 -99 -99
-99 -99 -99 -0.154441481953097 -99 -99 -99 -99 -99 -99 -99 -99 -0.534038070945736 -99 -99
-99 -99 -99 -99 -99 -99 -99 -99 -99 -99 -99 -99 0.0610451872738518 -99 -0.0516570217830479
-99 -99 -99 -99 -99 -99 -99 -99 -99 -99 -99 -99 -99 -99 2.35048775792751
-99 -99 -99 -99 2.07199733493733 -99 -99 -99 -99 -99 -99 -99 -99 -99 -99
2.73423841517544 -99 -99 -99 -99 -99 -99 -99 -99 -99 -99 -99 -99 -99 -99
-99 -99 -99 -99 -99 -99 -99 -99 -99 -99 -99 -99 -99 -99 -99
-99 -99 -99 0.126861347329533 -99 1.30600644521316 -99 -99 -99 -99 -99 -99 -99 -99 0.586578122983768
-99 -2.36469643308464 -99 -0.0682752517286558 -99 -99 -99 -99 -99 -99 -99 -99 -99 -99 -99
-99 -99 -99 -99 -99 -99 -99 -99 -99 -99 -99 -99 -99 0.552067706264054 -99
1.88449188359681 -99 -99 -99 -99 -99 -99 -99 -99 -99 -99 -99 2.71124755519714 -99 -99
3.95010786088228 0.754553663272672 -99 2.04586437199933 -99 -99 -99 0.979949766405514 -99 -99 -99 -99 -99 -99 -99
-99 -99 -99 -99 -99 -99 -99 -99 -99 -99 -99 -0.483730772848927 -99 -99 -99
-99 -99 -99 -99 -99 -99 -99 -99 1.93261945083031 -0.0995896056467998 -99 -99 -99 -99 -99
-99 -99 -99 -99 -99 -99 -99 -99 -99 -99 -99 -99 2.56454652341913 -99 -99
-99 -99 -99 -99 -99 -99 -99 -99 -99 -99 -99 2.07141999961835 -99 -99 0.46406352270705
-99 -0.536738910450866 -99 -99 -99 -99 -99 -99 -99 -99 -99 -99 -99 -99 -99
-99 -99 -99 -99 -99 -99 -99 -99 -99 -99 -99 -99 -99 -99 -0.616033915705057
-99 -99 -99 -99 -99 -99 -99 -99 -99 -99 -99 -99 -99 -99 -99
1.62856301809403 1.10382315682545 -99 -99 -99 -99 -99 -99 -99 -99 -99 -99 -99 -99 -99
-99 -99 -99 -99 1.23380796310927 -99 -99 -99 -99 -99 -99 -99 -99 -99 -99
-99 -0.654952792309256 -99 -99 -99 -99 -99 -99 -99 -99 -99 -99 -99 -99 -99
-99 -99 -99 -99 -99 -99 -99 -99 -99 -99 -99 -99 -99 -99 -99
-99 -99 -99 -99 -99 -99 -99 1.46006794890705 -99 0.672423762139438 -99 4.00246916296937 -99 -99 -99
-99 -1.06082755325756 -99 -99 0.375322659376521 -99 -99 -99 0.400841136868943 -0.220508913414476 -99 -99 -99 -99 -99
-99 -99 -99 -99 -99 -99 -99 -99 -0.648171447409 -99 -99 -99 -99 -99 -99
-99 -99 -99 -99 -99 -99 -99 -99 -99 -1.98121014767115 -99 1.16265374344067 -99 -99 -99
-99 -99 -99 -99 -99 -99 -99 -99 -99 -99 -99 -99 -99 -99 -99
-99 -99 -99 -99 -99 -99 -99 -99 -99 -99 -99 -99 -99 -99 -99
-99 -99 -99 -99 -99 -99 -99 -99 -99 -99 -99 -99 -99 -99 -99
-99 -99 -99 -99 -99 -99 -99 -99 0.217542531384463 0.0717319437208158 -1.00659480386796 2.56453062899365 -99 -99 -99
-99 -99 -99 -99 -99 -99 -99 -99 -99 -99 -99 -99 -99 -99 -99
-99 -99 -99 -99 -99 -99 -99 -99 -99 -99 -99 -0.837169906095001 -99 -99 -99
-99 -99 -99 -99 -99 0.272105556625627 -99 -99 -99 -99 -99 -99 0.26716855901149 -99 0.965229229175754
-99 -99 -99 -99 -99 -99 -99 -99 -99 -99 -99 -99 -99 2.26655787865703 -99
-99 -99 -99 0.210085451102248 -99 -99 -99 -99 0.512792770355507 -99 -99 -99 -1.25900335412749 -99 -99
-99 -99 -99 -99 -99 -99 -99 -99 -99 -99 -99 -99 -99 -99 -99
-99 -99 -99 -99 -99 -99 -99 -99 -99 -99 -99 -0.209509769321293 -99 -99 -99
-99 -99 -99 -99 -99 -99 -99 -99 -99 -0.422192583623616 -99 -99 -99 -99 -99
-99 -99 1.00440720626011 -99 -99 -99 -99 -99 -99 -99 0.253015192915124 0.518371214075308 -99 -99 -99
2.7715207085339 -99 -99 -99 -99 -99 -0.654528338871184 -99 -99 -99 -99 -99 -99 -99 -99
-99 -99 -99 -99 -99 -99 -99 -99 1.90433556289142 -99 -99 -99 -99 -99 -99
-99 -99 -99 -99 -99 -99 -99 -99 -99 -99 -99 -99 -99 -99 -99
-99 -99 -0.837837860059991 -99 -99 -99 -99 -99 -0.987509973611986 -99 -99 -99 -99 0.776921186015327 -99
-99 -99 1.66444008712648 -99 -99 -99 -99 -99 -99 -99 -99 -99 -99 1.85601851838824 -99
-99 -99 -99 0.612755474832395 -99 -99 -99 -99 -99 -99 0.903370353604296 -99 -99 -99 -99
-99 -99 -99 -99 -99 -99 -99 -99 -99 -99 -99 -99 -99 -99 -99
0.470268905869974 -99 -99 -99 -99 -99 -99 -99 -99 -99 -99 -99 -99 -99 -99
-99 -99 0.929140677947257 -99 -99 -99 -99 -99 -99 -99 -99 -99 -99 -99 -99
-99 -99 -99 -99 -99 -99 -99 2.28520372605793 -99 1.85149945000428 -99 -99 -99 -99 -99
-99 0.800661785385472 -99 -99 -99 -99 -99 0.559285395779526 -99 -99 -99 -99 -99 -99 -99
-99 -99 -99 -99 -99 -99 -99 -99 -99 -99 -99 -99 -99 -99 -99
-99 -99 -99 0.585699749926654 -99 -99 -99 -0.547509813920028 -99 -99 -99 -99 -99 -99 1.60699653637808
-99 1.50814908462657 -99 -99 -99 -99 -99 -99 -99 -99 -99 -99 -99 -99 -99
-99 -99 -99 -99 -99 -99 -99 -1.85089364762896 -99 -1.127344106795 -99 -99 -99 -0.158208136459433 -99
-99 -99 -99 -99 -99 -99 -99 -99 -99 -99 -99 -99 -99 -99 -99
-99 -99 -99 -99 -99 -99 -99 -99 -99 -99 -99 -99 -99 -99 -99
-99 1.33627504162553 -99 -99 -99 -99 -99 -99 1.5605810846389 -99 -99 -99 -99 -99 -99
-0.191603902809762 -99 -99 -99 -99 -99 -99 -99 -99 -99 -99 -99 -99 -99 -99
-99 -99 1.40523836744597 -99 -99 -99 -99 -99 0.456404219632202 -99 -99 -99 -99 -99 -99
-99 -99 -99 -99 0.566522848467944 -99 -99 -99 -99 -99 -99 -99 -99 -99 0.876969421020676
-99 -99 -99 -99 -99 -99 -99 -99 -99 -99 -99 -99 -99 -99 0.885193668830984
-99 -99 -99 -99 -99 -99 1.13046328609326 -99 -99 -99 1.35179677417613 -99 -99 -99 -99
-99 -99 -99 -99 -99 3.54901115869824 -99 -99 2.2810032246709 -99 -99 1.36733413913241 -99 -99 -99
0.718403047321838 -99 -99 -99 -99 -99 -99 -99 1.70381401827992 -99 -99 -99 -99 -99 -99
-99 -99 -99 -99 -99 -99 -99 -99 -99 -99 -99 -99 -99 -99 -99
-99 -99 -99 -99 -99 -99 -99 -99 -99 -99 -99 -99 -99 -99 -99
-99 -99 -99 -99 -99 -99 -99 -99 -99 -99 -99 -99 -99 -99 -99
-99 -99 1.47866113972494 -99 -99 -99 -99 -99 -99 -99 -99 -99 -99 -99 -99
0.367114046443697 -99 -99 -99 -99 -99 -99 -99 -99 -99 -99 -99 -99 -99 -99
-99 -99 -99 -99 -1.12970191116251 -99 -99 -99 -99 1.30040942964844 0.921630781502332 -99 -99 -99 -99
-99 -99 -99 -99 -99 -99 -99 -99 -99 -99 -99 -0.382197047025626 -99 -99 -99
-99 -99 -99 -99 -99 -99 -99 -99 -99 3.03657111393919 -99 -99 -99 -99 -99
-99 -99 -99 -99 -99 -99 -99 -99 -99 -99 -99 -99 -99 -99 -99
-99 -99 -99 -99 -99 1.36179285344844 -99 -99 -99 -99 -99 -99 -99 -99 -99
-99 -99 -99 -99 -99 -99 -99 -99 -99 -99 -99 -99 -99 -99 -99
2.15641125831227 -99 -99 -99 -99 -99 -99 -99 -99 -99 1.05883190224394 -99 -99 -99 -99
-99 -99 1.27545885019611 -99 -0.859366744380123 -99 -99 -99 -99 -99 -99 -99 -99 -99 -99
-99 -99 2.34548792590025 -99 -99 3.81599082167118 -99 -99 -99 -99 -99 -99 -99 -99 -99
-99 -99 -99 -99 -99 -99 -99 -99 -99 -99 -99 -99 -99 -99 -99
-99 -99 -99 -99 -99 -99 -99 -99 -99 -99 -99 -99 -99 -99 0.875966598563817
5.42315237817499 -99 -99 -99 -99 6.30943174179449 -99 -99 -99 -99 -99 -99 5.99758057648715 -99 -99
-99 -99 -99 -99 -99 -99 -99 -99 -99 -99 -99 -99 -99 -99 -99
-99 -99 -99 -99 -99 -99 -99 3.07633642154599 2.28968606819603 -99 -99 -99 1.02889119215303 -99 -99
-99 1.50600228724043 -99 -1.6221843289595 -99 -99 -99 -99 -99 -99 -99 -99 -0.973588529337236 2.171459994389 -99
-99 -99 -99 -99 -99 0.67638719057073 -99 -99 -99 -99 -99 -99 -99 -99 2.53241280159013
-99 -99 -99 -99 -99 -99 -99 -99 -99 -99 -99 -99 -99 -99 -99
-99 -99 -99 -99 -99 -99 -99 -99 -99 -99 -99 2.92559906412498 -99 -99 -99
-99 -99 -99 -99 -99 -99 -99 -99 -99 -99 -99 -99 -99 -99 -99
-99 -99 -99 -99 -99 -99 -99 -99 -99 -99 -99 -99 -99 -99 -99
-99 -99 -99 -99 -99 -99 -99 -99 -99 -99 1.23109765465159 -99 -99 -99 -99
-0.804630540420446 -99 -99 -99 -99 -99 -0.518135553453386 -99 -99 0.664402762904983 -99 -99 -99 -99 -99
2.70017131672207 -99 -99 -99 -99 -99 2.7714549344665 2.70542615703936 5.08436571367564 -99 -99 -99 -99 -99 -99
-99 3.01676622012344 -99 -99 -99 -99 -99 -99 -99 1.77150593547938 -99 -99 -99 -99 -99
-99 -99 1.01387327647166 -99 -99 -99 -99 -99 -99 -99 -99 -99 -99 -99 -99
-99 -99 -99 -99 -0.247837505661048 -99 -99 -99 -99 0.194362394728262 -99 1.05780631975793 -99 -99 -99
-99 -99 -99 -99 -99 -99 -99 -99 -1.54454195419746 -99 -99 -99 -99 -99 -3.18690163547078
-99 -99 -99 -99 -99 -99 -99 -99 -0.785738305376278 -99 -99 -99 -99 -99 -99
-99 -99 -99 -99 -99 -99 -99 -99 -99 -99 -99 -99 -99 -99 -99
0.204810220099073 -99 -99 -99 -99 -99 -99 -99 -99 -99 -99 -99 -99 -99 -99
-0.152923723919718 -99 -99 -99 -99 -99 -99 0.756224637634461 -99 -99 -99 -99 -99 -99 -99
-99 2.58485336207074 -99 -99 -99 -99 -99 -99 -99 -99 2.6476473932206 -99 -99 3.67668427287059 -99
-99 -99 -99 2.00861225797481 -99 -99 -99 -99 -99 -99 -99 -99 -99 -99 -99
-99 -99 -99 -99 -0.182952710429205 -99 -99 -99 -99 -99 -99 -99 -99 -99 -99
-99 -99 -99 -99 -99 -99 -99 1.21052212333429 -99 -99 -99 -99 -99 -99 -99
-99 -99 -99 -99 -99 -99 -99 -0.102221595073972 -99 -99 -99 -99 -99 -99 0.173269371164104
-99 -99 -99 -99 -99 -99 -99 -99 -99 -99 -99 -99 -99 -99 -99
-99 0.990525970771008 -99 -99 -99 -99 -99 -99 -99 1.64134296267391 0.865499260949288 -99 -99 -99 0.511799997231045
2.6624003031564 -99 -99 -99 -99 -99 -99 -99 -99 -99 -99 -99 -99 -99 2.83101048358292
-99 -99 -99 -99 -99 -99 -99 -99 -99 -99 -99 -99 -99 -99 -99
-99 -99 -99 -99 -99 -99 -99 -99 -99 -99 -99 -99 -99 -99 -99
-99 -99 -99 -99 -99 -99 -99 -99 -99 -99 -99 -99 -99 -99 0.493169015940718
-99 -99 -1.24166127400169 0.417364953940708 -99 -99 -99 -99 -99 -99 0.791691577297429 -99 -99 0.124868684395382 -99
-99 -99 -99 -99 -99 -99 -99 -99 -99 -99 -99 -99 -99 -99 -99
-99 2.24685590301851 -99 -99 -99 -99 1.52950228766066 -99 -99 -99 -99 -0.139615926277895 -99 -99 -99
-99 -99 1.84776117189672 -99 -99 -99 -99 -99 -99 -99 -99 -99 -99 -99 -99
-99 -0.359480723331866 -99 -99 -99 -99 -0.216292783823471 0.806348263522582 -99 -99 -99 -99 -99 -99 -99
-99 -99 1.45388283087979 -99 -99 -99 -99 -99 -99 -99 -99 -99 -99 3.81286101037513 -99
-99 -99 0.24809680200255 -99 -99 -99 -99 -99 -99 -99 -99 -99 -99 -99 -99
-99 -99 -99 -99 -99 -99 -99 -99 -99 -99 0.172766199017978 -99 -99 -99 -99
-99 -99 -99 -99 -99 -99 -0.0496336205396299 1.36785156762396 -99 -99 -99 -99 -99 -99 -99
-99 -99 -99 -99 -99 -99 -99 -99 -99 -99 -99 -99 -99 -99 -99
-99 -99 -99 -99 -99 -99 -99 2.80989596134573 -99 -99 -99 3.43684122778912 -99 -99 -99
-99 1.06873253392287 -99 -99 -99 -99 -99 -99 -99 -99 -99 -99 -99 -99 -99
-99 -99 -99 -99 -99 -99 -99 -99 -99 -99 -99 -99 -99 -99 -99
-99 -99 -99 0.989371505458707 -99 -99 -99 -99 -99 -99 -99 -99 -99 -99 -99
-99 2.57475364681495 0.441269508781778 -99 -99 -99 -99 -99 -99 -99 -99 -99 -99 -99 -99
1.30135787959807 -99 -99 -99 -99 -99 -99 -99 -99 -99 -99 -99 -99 -99 -99
-99 -99 -99 -99 -99 -99 -99 -99 -99 -99 1.72216143269118 -99 -99 -99 -99
-99 -0.0762952508202022 -99 -99 1.08747150870925 -99 -99 -99 -99 -99 -99 -99 -99 -99 -99
2.60724739906086 -99 -99 -99 -99 -99 -99 -99 -99 -99 -99 -99 -99 -99 -99
-99 -99 -99 -99 -99 -99 -99 -99 -99 -99 2.30915481152939 -99 -99 -99 -99
-99 -99 -99 -99 -99 -99 -99 -99 -99 -99 -99 -99 1.93308291278182 -99 -1.46382872595982
-99 -99 -99 -99 -99 -99 -99 -99 -99 -99 -99 -99 2.00939437794067 -99 -99
-99 -99 -99 -99 -99 -99 -99 -99 -99 -99 -99 -99 1.61220235254186 -99 -99
-99 -99 -99 -99 -99 -99 -0.366738910222396 -99 -99 -99 -99 -99 -99 -99 -99
-99 -99 -99 -99 -99 -0.546278469568011 -99 -99 -99 -99 -99 -1.03495946844606 -99 -99 -99
-99 -99 -99 -99 -99 -99 -99 -99 -99 -0.0686444808499251 -0.495884115584027 -99 -99 -99 -99
-99 -99 -99 -99 -99 -99 -99 -99 -99 -99 -99 -99 -99 -99 -99
-99 -99 -99 -99 -99 -99 -99 -99 -99 -99 -99 -99 -99 1.31241249234132 4.68853984327793
-99 -99 -99 -99 -99 -99 1.76124934653739 -99 -99 -99 -99 -99 -99 -99 -99
-99 -99 -99 -99 -99 -99 -99 -99 -99 -99 -99 -99 -99 -99 -99
-99 -1.54501895427333 -99 -0.748724999659389 -99 -99 -0.535478971527321 0.740041563952972 -99 0.50845175496259 -99 -99 -99 -1.77800511970677 -99
-99 -99 -99 -99 -99 -99 1.00549984962362 -99 -99 -99 -99 -99 -99 -99 -99
-99 -99 -99 -99 -99 -99 -99 -99 -99 -99 -99 3.59539554568798 -99 -99 -99
-99 -99 -99 -99 -99 -99 -99 -99 -99 -99 -99 -99 -99 -99 -0.154859097224904
-99 -99 -99 -99 -99 -99 -99 -99 -99 -99 -99 -99 -99 -99 -99
-99 -99 -99 0.170066771843759 -99 -99 -99 -99 3.05494086498246 -99 -99 -99 -99 -99 -99
-99 -99 -99 -0.952013347584375 -99 -99 -99 -99 -99 -99 -99 -99 -99 -99 -99
-99 -99 -99 -99 -99 -99 -99 -99 -99 -99 -99 -0.655146667748066 -99 -99 -99
-99 -99 -99 -99 -99 -99 -99 -99 -99 -99 -99 -99 -99 -99 -99
2.66997243961679 -99 -99 -99 -99 -99 -99 -99 -99 -99 -99 -99 -99 -99 -99
-99 -99 -99 -99 -99 0.104451861705163 -99 -99 -99 -99 -99 -0.637769251007771 -1.26720631972108 -99 0.315621235772576
-99 -99 0.98075048512043 2.13345800976476 -99 -99 -99 -99 -99 -99 -99 3.44052891273707 -99 -99 -99
-99 -99 -99 -99 0.352417486543313 -99 -99 -99 -99 -99 -99 -99 -99 -99 -99
-99 -99 -99 1.98950710910642 -99 -99 -99 -99 -99 -99 0.993761972933378 1.68269438065135 -99 -99 -99
-99 -99 -99 -99 -99 -99 -99 -99 -99 -99 -99 -99 -99 -99 -99
-99 -99 -99 -99 -99 -99 -99 -99 -99 -99 -99 -99 -99 -99 -99
-99 -99 1.99806760401705 -99 -99 -99 -99 -99 -99 -99 0.929003326015295 -99 0.547354918302191 -99 -99
-99 -99 -99 -99 -99 -99 -99 -99 -99 -99 0.16125555474701 -99 -99 -99 -99
-99 -99 -99 -99 -99 -99 -99 -99 1.09866640297759 2.46165114851466 -99 -99 -99 -99 -99
-0.237151245556066 -99 -99 -99 -99 -99 -99 -99 -99 -99 -99 -99 -99 -99 -99
-99 -99 0.857235370686387 -99 -99 -99 -99 -99 -99 -99 -99 -99 3.24047419153513 -99 -99
-99 -99 -99 -99 -99 -99 -99 -99 -99 -99 -99 -99 -0.48099382310325 -99 -99
-99 -99 -99 -99 -99 -99 -99 -99 -99 -99 -99 -99 -99 -1.59246277031863 -99
-99 1.78377645369535 -99 -99 -99 -99 -99 -99 -99 -99 -99 2.14786337048109 -99 -99 -99
-99 -99 -99 -99 -99 -99 -99 -99 -99 -99 1.31235639886756 -99 -99 -99 -99
-99 -99 -99 -99 -99 -99 -99 -99 -99 -99 2.58818938303701 -99 -99 -99 -99
-99 -99 -99 1.58517087145293 -99 -99 -99 -99 -99 -0.0296437462437547 -99 -99 -99 -99 -99
-99 -99 -99 -99 -99 -99 -99 -99 -99 -1.51046801291728 -99 -99 -99 -99 -99
-99 -99 -99 -99 -99 -99 -99 -99 -99 -99 -99 -99 -99 -99 -99
-99 -99 -99 -99 -99 -99 -99 -99 -99 -99 -99 -99 -99 1.02753333397321 -99
-99 -99 -99 -99 -99 -99 -99 -99 -99 -99 -99 -99 -99 -99 -99
-99 -99 -99 -99 -99 -99 -99 -99 -99 -99 -99 2.8466365309112 -99 -99 -99
-99 -99 -99 -99 -99 -99 -99 1.7566843163614 -99 -99 -99 -99 -99 1.35586907414713 -99
-99 -99 -99 -99 -99 -99 -99 -99 -99 -99 -99 3.54755728697443 2.5388016131005 -99 -99
-99 -99 -99 -99 -99 0.548883336034618 -99 0.604914218141128 -99 -99 -99 -99 -99 -99 -99
-99 -0.763475417502671 -99 -99 -99 -99 -99 -99 -99 -99 -99 -99 -99 -99 -99
-99 -99 -99 -99 1.85127481437754 -99 -99 -99 -99 -99 0.687938741219973 -99 1.26365443600091 -99 -99
-99 -99 -99 -99 -99 -99 -0.0903116542952298 -99 -99 -99 -99 -99 -99 -99 -99
-99 -99 -99 -99 -99 -99 -99 -99 -99 -99 -99 3.25449665579156 -99 -99 1.83127234918247
0.435470386279993 -99 -99 -99 -99 -99 -99 -99 -99 -99 -99 0.629043048201586 -99 -99 -99
-99 -99 -99 -99 -99 -99 -99 -99 -99 -99 -99 -99 -99 -99 -99
-99 -99 -99 -99 -99 -99 -99 -99 -99 -99 -99 1.24056242376209 -99 -99 -99
3.3544636309806 -99 -99 -99 2.56046482236913 1.18580139029672 -99 -99 -99 -0.395653152817721 1.31057254932408 -99 -99 -99 -99
-99 -99 -99 -99 -99 -99 -99 -99 -99 -99 -99 -99 -99 -99 -99
-99 -99 -0.166469711052161 -99 -99 -99 -99 -99 -99 -99 -99 -99 -99 -99 -99
-99 -99 -99 -99 -99 -99 -99 1.37559998145944 -99 -99 -99 -99 -99 -99 -99
-99 -99 -99 -99 -99 -99 0.291816390342758 -99 -99 -99 -99 -99 -99 -99 -99
-99 -99 -99 -99 -99 -99 -99 -99 -99 -99 -99 -99 -99 -99 -99
-99 -99 -99 -99 -99 0.948804571198888 0.0112989773779308 -99 -99 -99 -99 -99 -99 -99 -99
-99 -99 -99 -99 -99 -99 -99 -99 -99 -99 -99 -99 -99 -99 -99
-99 -99 -99 -99 -99 -99 -99 -99 -99 -99 -99 -99 -99 -0.767298101013539 0.0820707668400618
-99 -99 -99 -99 -99 -99 -99 2.77568782206633 -99 -99 -99 -99 -99 -99 -99
-99 -99 -99 -99 -99 -99 -99 -99 -99 -99 -99 -99 -99 -99 -99
-99 -99 -99 -99 -99 -99 -99 -99 -99 -99 -99 -99 -99 -99 -99
-99 1.58797227736298 -99 -99 -99 -99 -99 -99 -99 -99 -99 -99 -99 -99 -99
-99 -99 -99 -99 -99 -99 -99 -99 -0.181096448033738 -99 -99 -99 -99 -99 -99
-99 -99 -99 3.75741739182756 -99 -99 -99 -99 -99 -99 4.51259645671268 5.52603982968923 -99 -99 -99
-0.599083325608202 -99 -99 -99 -99 -99 -99 -99 -99 -99 -99 -99 -0.179941808871702 -99 -99
-99 -99 -99 -99 -99 -99 -99 -99 -99 -99 -99 1.28476612308724 -99 -99 -99
-0.0531508689227833 -99 -99 -99 -99 -99 -99 -1.75921568381355 1.19417220393409 -99 -99 -99 -99 -99 -99
0.0328271179555979 -99 -99 -99 -99 -99 -99 -99 -99 -99 1.56769467863623 -99 -99 -99 -99
-99 -99 -99 -99 -99 -99 -99 -99 -99 -99 -99 -99 -99 -99 0.99275688387098
-99 0.614980107542245 -99 -99 -99 -0.312018652868188 -0.617458882227517 -99 0.69504387865796 -99 -99 -99 -99 -0.947090204235797 -99
-99 -99 -99 -99 1.38813140476229 -99 -99 -99 -99 0.591989269229881 -99 -99 -99 -99 -99
-99 -99 -99 -99 -99 -99 -99 -99 -99 0.140057695981922 -99 -99 -99 -99 -99
-99 -99 -99 -99 1.63602385528469 -99 -99 -99 -99 -99 -99 -99 -99 -99 -99
-99 -99 -99 -99 -99 -99 -99 -99 -99 -99 -99 -99 -99 -99 -99
-99 -99 -99 -99 -99 0.742404662795145 -99 -99 -99 -99 -0.977944478208282 -99 -99 -99 -99
-99 -99 -99 -99 -99 2.20319617975063 -99 -99 -99 -99 -99 -99 -99 -99 2.64252899387036
-99 -99 -99 -99 -99 -99 -99 -99 -99 -99 -99 -99 -99 2.12907539985213 -99
-99 -99 -99 -99 -99 -99 -99 -99 -99 -99 -99 -99 -99 -99 -99
-99 -99 -99 -99 1.84531120427144 -99 -99 -99 -99 -99 -99 -99 -99 -99 -99
-99 -99 -99 -99 -99 -99 -99 -99 0.551379378672422 1.0254030014575 -99 -99 -99 -99 -99
-99 -99 -99 -99 -99 -99 -99 2.26956924129837 -99 -99 -99 -99 -99 -99 -99
-99 -99 0.861703989762254 -99 -99 -99 -99 -99 -99 -99 0.995705540666948 -99 -99 1.47783498262254 -99
-99 -99 -99 -99 -99 -99 -99 -99 1.40815007996642 -99 -99 -99 -99 -99 -99
-99 -99 -99 -99 -99 -99 -99 -99 -99 -99 -99 -99 -99 -99 -99
-99 -99 -99 -1.79155281857899 -99 -99 -99 -0.561078659581819 -99 -99 -99 -99 -99 -99 -99
-99 -99 -99 -99 2.32920942291044 -99 -99 -99 -99 -99 -99 -99 -99 -99 0.360816195917706
-99 -99 -99 -99 -99 -99 -99 -99 -99 -99 -99 -99 -99 -99 -99
0.925195667854237 -99 -99 -99 -99 -99 -99 -99 -99 -99 -99 -99 -99 3.28284112232008 -99
-99 -99 -99 -99 -99 -99 0.661960708917151 -99 -99 -99 -99 -99 -99 -99 -99
-99 -99 1.59583620057871 -99 -99 -99 -99 -1.63618043787561 -99 -99 -99 -99 -99 -99 -99
-99 -99 -99 -99 -99 -99 -99 -99 -99 -99 -99 -99 -99 -99 -99
-99 1.13682229876113 -99 0.139714023632602 -99 -99 -99 -99 -99 -99 -99 -99 -99 -99 -99
-99 -99 -99 -99 -99 -99 1.95827376258209 -99 -99 -99 -99 -99 -99 -99 -99
-99 -99 -99 -99 -99 -99 -99 -99 -99 -99 -99 -99 -99 -99 -99
-99 -99 -99 -99 -99 0.789907442659631 -99 -99 -99 -99 -99 -99 -99 -99 -99
-99 -99 -99 2.08619389433624 -99 -99 -99 -99 1.8529042488996 -99 -99 -99 -99 -99 -99
-99 2.47553979239233 -99 -99 -99 -99 -99 -99 -99 -99 0.910441919851139 -99 -99 -99 -99
-99 -99 -99 -99 -99 -99 -99 -99 -99 -99 -99 -99 -99 -99 -99
-99 -99 -99 -99 -99 -99 -99 -99 -99 -99 -99 -99 -99 2.73814609442136 -99
-99 -99 -99 -99 -99 -99 -99 -99 -99 -99 -99 -99 -99 -99 -99
-99 -99 -99 -99 -99 -99 -99 -99 -99 -0.127292265014399 -99 -99 1.32403498308197 -99 -99
-99 -99 -99 -99 1.12754442097086 -99 -0.190304794011594 -99 -0.378084419162448 -99 -2.94406256532607 -99 -99 -99 -99
-99 -99 -99 0.578268064410995 -99 -99 -99 -99 -99 -99 -99 -99 -99 -99 0.633905548361733
-99 -99 -99 -99 -99 -99 -99 -99 -99 0.999210900426542 -99 -99 -99 -99 -99
-99 -99 -0.545717926958513 -99 -99 -99 -99 -99 -99 -1.99971481165165 -99 -99 -99 -99 -99
-99 -99 -99 -99 -99 -99 -99 -99 -0.414610341743002 -99 -99 -99 -99 -99 -99
-99 0.244615817658118 -99 -99 -99 0.599409966821779 -99 -99 -99 -99 -99 -99 -99 -99 -99
-99 1.57059679623914 -99 -99 -99 -99 -99 -99 -1.13792463371807 -99 -0.629937844937091 -99 -99 -99 -99
-99 -99 -99 -99 -99 -99 -99 -99 -99 -99 -99 -99 -99 -99 -0.425447977617786
-99 -99 -99 -99 -99 -99 2.53820376732396 -99 -99 -99 -99 -99 -99 -99 -99
-99 -99 -99 -99 0.674055119797352 -99 -99 -99 -99 -99 -99 -99 -99 0.0593004035523311 -99
-99 0.616731798624496 -99 -99 -99 -99 -99 -99 -99 2.54115035039914 -99 -99 -99 -99 -99
-99 3.22804304127041 -99 -99 -99 -99 3.85538069679314 -99 -99 -99 -99 1.27119321042986 -99 -99 -99
-99 -99 -99 0.270593476532003 -99 -99 0.0270535000861767 -99 -99 -99 -99 -99 -99 -99 -99
-99 -99 -99 -99 -99 -99 -99 -99 -99 -99 -99 -99 -99 -99 -99
-99 -99 -99 -99 0.289187236611746 -99 -99 -0.976193048382186 -99 -99 -99 -99 -99 -1.74923549475973 -1.65378765801574
-99 -99 -99 -99 -99 -99 -99 -99 -99 -99 -99 1.58672737767187 2.61761892435459 -99 -99
-99 -99 -99 -0.436296337765088 -99 -99 -99 -99 -99 -1.29632866378671 -99 -99 -99 -99 -99
-99 -99 -99 2.03979592240262 -99 -99 -99 -99 -99 -99 -99 -99 -99 -99 -99
-99 -99 -99 -1.91155385963983 -99 -99 -99 -99 -99 -99 -99 -99 0.576199667131408 -99 -99
-99 -99 -99 -99 -99 -99 -99 0.404343126731297 -99 -99 -99 0.0666539901140458 -99 -99 -99
-99 -99 -99 -99 -99 -99 -99 -99 -99 -99 -99 0.249575774389666 -99 -99 -99
-99 -99 -99 1.18542050873426 2.80181224246902 -99 -99 -99 1.1030398036757 -99 3.41893750871368 -99 2.41336328219336 -99 -99
-99 -99 -99 -99 -99 -99 -99 -99 -0.652697774321994 -99 -99 1.18966763217785 -99 -99 -99
-99 -99 -99 -99 -99 -99 -99 -99 -99 -99 -99 -99 -99 -99 -99
-99 -99 -99 -99 -99 -99 -99 -99 2.98541006601488 -99 -99 -99 -99 -99 -99
-99 -99 -99 -99 2.07599371476046 -99 -99 -99 -99 -99 -99 -99 -99 -99 -99
-99 -99 2.03390982082913 -99 -99 -99 -99 -99 -99 -99 -99 -0.885996132067207 -99 -99 0.520043071406581
-99 -99 -99 -99 -0.383255987313433 -0.906999903292913 -99 -99 -99 -99 -99 1.38884304448442 1.95123087651181 -99 -99
-99 -99 1.59261378782541 -99 -99 -99 -99 -99 -99 0.378320392518681 -99 -99 -99 1.61141133136468 -99
-99 -99 -99 -99 -99 -99 -99 -99 -99 -99 -99 -99 -99 -99 0.841253496012634
-99 -99 -99 -99 -99 -99 -99 -99 -99 -99 -99 -99 -99 -99 -99
-99 -99 -99 -99 -99 -99 -99 -99 -99 -99 -99 -99 -99 -99 -99
-99 -99 -99 -0.300055284706796 -99 -99 -99 -99 -99 -99 -99 -99 -99 -99 -99
-99 -99 -99 -99 -99 -99 -99 -99 -99 -99 -99 -99 -99 -99 -99
-99 -99 0.357857725201208 -99 -99 -99 -99 -99 -99 -99 -99 -99 -99 -99 -99
-99 -99 -99 -99 -99 -99 2.28994291827356 -99 -99 -99 -99 -99 -99 -99 -99
-99 -99 -99 1.36220792538537 -99 -99 -99 -99 -99 -99 -99 1.51290122588861 -99 -99 -99
-99 -99 -99 -99 -99 -99 -99 -99 -99 -99 -99 -99 -99 0.150898604015413 -99
-99 -0.463441665306363 -99 -99 -99 -99 -99 -99 -99 -99 -99 -99 -99 -99 -99
-99 -99 -99 -99 -99 -99 -2.02357861890268 -99 -99 -99 -99 -99 -0.873194329768269 -99 -99
-99 -99 -99 0.580813597055194 -99 -99 -99 -99 1.9672019776233 -99 -99 -99 -99 -99 -99
-99 -99 -99 -99 -99 -99 -99 -99 0.758117119322258 -99 -99 -0.651449691728185 -99 -99 -99
-99 -99 -99 -99 -99 -99 -99 -99 1.38445203646204 -99 -99 -99 -99 -99 -99
-99 -99 -2.34293704609011 -0.576258267863767 -99 -99 -99 -99 -99 -99 -99 -99 -99 -99 -99
-99 -99 -99 -99 -99 -99 -99 -99 -99 -99 -99 3.90204133405937 -99 -99 3.36909793470771
-99 -99 -99 -99 -99 -99 -99 1.16350999438735 -99 -99 -99 -99 -99 -99 -99
-99 -99 -99 -99 -99 -99 1.73071047659643 -99 2.21249039680612 -99 -99 -99 -99 -99 1.69044744013736
-0.890213296638814 -99 -99 -99 -99 -99 -99 -99 -99 -99 -99 -99 -99 -99 -99
1.02669093487355 -99 -99 -99 -0.362388807108707 -99 -99 -99 -99 -99 -99 -99 -99 -99 0.530648420725953
-99 -99 -99 -99 -0.772883463616858 -99 -1.59557838049548 -99 -99 -99 -99 -99 -99 -99 -99
2.66174019695301 -99 -99 -99 -99 -99 -99 -99 1.01741388273954 -99 -99 -99 -99 -99 -99
-99 -99 -99 -99 -99 -99 -99 -99 -99 0.743183527635381 -99 -99 -99 -99 -99
-99 -99 -99 -99 -99 -99 -99 1.47999138227224 -99 -99 -99 -99 0.443946518863538 -99 -99
-99 -99 -99 -99 -99 -99 -99 -99 -99 -99 1.11253925134707 -99 -99 -99 -99
-99 -99 -99 -99 -99 -99 -99 -99 1.35892348493386 -99 -99 0.594864287430442 -99 -99 -99
-99 -99 0.434945897457698 -99 -99 -99 -99 -0.969400958413925 -99 0.327142464276145 -99 -99 -99 -99 -99
-99 2.54479488048143 -99 -99 -99 -99 -99 -99 -99 -99 1.2237932068863 -99 -99 -99 -99
-99 -99 -99 -99 -99 -99 -99 -99 -99 -99 1.24382499953155 -99 -99 -99 -99
-99 -99 -99 -99 -99 -99 -99 -99 -99 -99 -99 -99 -99 -99 -99
-99 -99 -99 -99 -99 -99 2.5540204113189 1.6442510642445 -99 -99 -99 -99 -99 -99 -99
1.6075921740499 0.425929796037846 -99 -99 -99 -99 -99 -99 -99 -99 -99 -99 -99 -99 -99
-99 -99 -99 -99 -99 -99 -99 -99 -99 -99 -99 -99 2.40616196502377 -99 -99
-99 -99 -99 -99 -99 -99 -99 -99 1.48786159802533 -0.0617821390367972 -99 -99 -99 -99 -99
-99 -99 -99 -99 -99 4.2903794559439 -99 -99 -99 -99 -99 -99 -99 -99 -99
-99 1.88899888293482 -99 -99 -99 -99 -99 2.51485102987945 -99 -99 -99 -99 -99 -99 -99
-99 -99 -99 -99 -99 -99 -99 -99 -99 -99 -99 -99 -99 -99 -99
-99 -99 -99 -99 -99 -99 -99 2.38622099050182 -99 -99 -99 -99 -99 -99 -99
-99 -99 -99 -99 -99 -99 -99 -99 -99 -99 -99 -99 -99 -99 -0.119465419066364
-99 -99 -99 -99 -99 -99 -99 -99 -99 -99 -99 -99 -99 -99 -99
-99 -99 -99 -99 -99 -99 -99 -99 -99 -99 -99 -99 -99 -99 -99
-99 -99 -99 -99 -99 -99 -99 -99 -99 1.6077339315162 -99 -99 -99 -99 -99
-99 -99 -99 -99 -99 -99 -99 -99 -99 -99 -99 -99 -1.80721815310037 -99 -99
-99 -99 -99 -99 -99 -99 -99 1.55450819438257 -99 -99 -99 -99 -99 -99 -99
-99 -99 -99 -99 -99 -99 0.433660275088345 -99 -99 -99 -99 -99 -99 -99 -99
-99 -99 -99 -99 -99 -99 -99 -99 -99 -99 -99 -99 -99 -99 -99
-99 -99 -99 -99 1.51041691924016 -99 -99 -99 -99 0.262074342478075 -99 -99 -99 -99 -99
-99 0.561757875731033 -99 -99 -99 -0.351266005725489 -99 2.97058831181005 -99 -99 -99 -99 -99 -99 -99
-99 -99 -99 -99 1.00059160233878 -99 -99 -99 1.58431668867983 -99 -99 -99 0.0248288172792516 -99 -99
-99 -99 -99 -99 -99 -99 -99 -99 -99 -99 -99 -99 -99 -99 -99
-99 -99 -99 -99 2.46832164528992 -99 -99 -99 -99 -99 -99 -1.66394967132341 -99 0.983950852161616 -99
-0.984449756848504 -99 -99 -99 -99 -99 -99 -99 -99 -99 -0.215547515611906 1.33882530309051 -99 -99 -99
-99 -99 -99 -99 -99 -99 -99 -99 -99 -99 -99 -99 -99 -99 -99
-99 -99 -99 -99 -99 -99 -99 -0.465092471157362 -99 -99 -99 -99 -99 -99 -99
-99 -99 2.55425571318846 2.88401676209664 -99 -99 -99 -99 -99 -99 -99 -99 -99 -99 1.36890678034278
-99 -0.0179122213247298 -99 -99 -99 -99 -99 -99 1.2277978374948 -99 -99 -99 -99 -0.566260040439637 -99
-99 -99 -99 -99 1.74338231438001 -99 -99 -99 -99 -99 -99 -99 1.59713224657118 -99 -99
-99 0.921717089598995 -99 -99 -99 -99 -99 -99 -99 -99 -99 -99 1.78835776879599 -99 -99
-99 2.05003239074858 -99 -99 -99 -99 -99 3.13353608490653 -99 -99 -99 -99 -99 -99 -99
-99 -99 -99 0.929313502232609 -99 -99 -99 -99 -99 -99 -99 -99 -99 -99 -99
-99 -99 -99 -99 4.9315280580645 -99 -99 -99 -99 -99 -99 -99 -99 -99 4.91038466649345
-99 3.07340042343779 -99 -99 2.75057033408345 -99 -99 -99 -99 -99 -99 -99 -99 -99 -99
1.33831321805146 -99 -99 -99 -99 -99 -99 -99 -99 -99 -99 -99 -99 -99 -99
-99 -99 -99 1.15710079446175 -99 -99 -99 -99 -99 -99 -99 -99 -99 -99 -99
-99 -99 -99 -99 -99 -99 -99 -1.39459244141312 -99 -99 -99 -99 -99 -99 -99
-99 -99 -99 -99 -99 -99 -99 -99 -99 -99 -99 -99 -99 -99 -99
-99 1.92229651703329 -99 -99 -99 -99 -99 -99 -99 -1.03102307273777 -99 -99 -99 -99 -99
-99 -99 -99 -99 -99 -0.0671765668179516 -99 -99 -99 -99 -99 -99 -99 -99 -99
-99 -99 -99 -99 -99 -99 0.0369348080826719 -99 -99 -99 0.895077073279017 -99 -99 -99 -99
-99 -99 -99 -99 -99 -99 -99 -99 -99 -99 -99 1.79978556281727 -99 -99 -99
-99 -99 -99 -99 -99 1.93097833989361 -99 -99 -99 1.43824547143187 -99 -99 -99 -99 -99
-99 -99 -99 -99 -99 -99 -2.36698592832566 0.0438323710582625 -99 -99 -99 -99 -99 -99 -99
-99 -99 -99 -99 -99 -99 -99 -99 -99 -99 -99 -99 -99 0.22292761311227 -99
-99 -0.547705654992186 -99 -99 -99 -1.07201885864299 -99 -99 -99 -99 -99 -99 -99 -99 -99
-0.871355542006657 -99 -99 -99 -99 -99 -99 -99 -99 -99 -99 -99 -0.835155014410777 -99 -99
-99 -99 -99 -99 -99 -99 -99 -99 -99 -0.246556998663736 1.42159649406572 -99 -99 -99 -99
-99 2.25564036184403 -99 -99 -99 -99 2.97417948776695 -99 -99 -99 -99 -99 -99 -99 -99
-99 -99 -99 -99 -99 -99 -99 -99 -99 -99 -99 -99 -99 -99 -99
-99 -99 -99 -99 -99 -99 2.16827204934819 -99 -99 -99 -99 -99 -0.627390864452382 -99 1.1934544536892
-99 -99 -99 1.13273199819234 -99 -99 0.392742144111384 -99 -99 -99 -99 -99 -99 -99 -99
-99 -99 -99 -99 -99 -99 -99 -99 -99 -99 -99 -99 -99 -99 -99
-99 -99 -99 -99 -99 -99 2.68832270069503 -99 -99 -99 3.50811844924699 2.05211560918834 -99 -99 -99
-99 -99 -99 -99 -99 -99 -99 -99 -99 -99 -99 -99 2.09398538518481 -99 -99
-99 -99 -99 -99 -99 -99 -99 -99 -99 -99 -99 -99 -99 -99 -99
-99 -99 -99 -99 -99 -99 -99 -99 -99 -99 -99 -99 -99 -99 -99
1.85634504088751 -99 -99 -99 -99 2.91780109032919 -99 -99 -99 -99 -99 -99 -99 -99 -99
-99 -99 -99 -99 -99 -0.951286641817357 -99 -99 -99 -0.132821471497871 0.386241850123802 -99 -99 -99 -99
-99 -99 -99 -99 -99 -99 -99 -99 -99 -99 -99 -99 0.696136489477345 -99 -99
0.0636905181136811 -99 -99 -99 -99 -99 -99 -99 -99 -99 -99 -99 -99 -99 -99
-99 -99 -99 -99 -99 -99 -99 -99 -99 -99 -99 -99 -99 -99 -99
-99 -99 -99 -99 -99 1.42664722958833 -99 -99 -99 -99 -99 -99 -99 2.06515990187347 -99
-99 -99 -99 -99 0.0102684040261963 -99 -99 -99 -99 2.529164532499 -99 -99 -99 -99 -99
-99 -99 -99 -99 -99 -99 -99 -99 -99 -99 -99 -99 -99 -99 -0.22300745251024
-99 -99 -99 -99 -99 -99 -99 -99 -99 -99 -99 -99 -99 -99 -99
-99 -99 -99 -99 -99 -99 -99 -99 -99 -99 0.933902139888517 -99 -99 -99 -99
-99 -99 -99 -99 -99 -99 -99 -99 -99 -0.573794164785097 -99 -99 0.910228816068817 -99 -99
-99 -99 -99 -99 -99 -99 -99 -99 -99 -99 -99 -99 -99 -99 -99
-99 -99 -99 -99 -99 -99 -99 -99 -99 -99 -99 -99 -99 -99 -99
-99 -99 -99 -99 -99 -99 -99 -99 -99 -99 -99 -99 -99 -99 -99
-99 -99 -99 -99 -99 -99 -99 -99 -99 -99 -99 -99 -99 -99 -99
-99 -99 -99 -99 -99 -99 -99 -99 -99 -99 -99 -99 -99 -99 -99
-99 -99 -99 -99 1.83591989162662 -99 -99 0.154547012415614 -99 -1.15775005260256 -99 -99 -99 -99 -99
-99 -99 -99 -99 -0.0299561778672515 -99 -99 -0.922258905734963 -99 0.22265909219741 -99 -99 -99 -99 -99
-99 -99 2.24130213032693 2.19657430945834 -99 -99 -99 -99 -99 -99 -99 -0.0792172511446299 -99 -99 -99
-99 1.05350925297346 -99 -99 -99 -99 -99 -99 -99 -99 -99 -99 -99 -99 -99
-99 -99 2.26616235085201 -99 -99 -99 -99 -99 1.79459984777304 2.47643738014677 -99 -99 -99 -99 -99
-99 -99 -99 -99 -99 -99 -99 -99 -99 -99 -99 3.50191829827009 -99 -99 -99
-99 -99 -99 -99 -99 -99 -99 -99 -99 -99 -99 -99 -99 -99 2.05080920061796
-99 -99 -99 -99 -99 -99 -99 -1.33417527088645 -99 -99 -99 -99 -99 -0.526130687424171 -99
-99 -99 -99 -99 -99 -99 -99 -99 -99 -99 -99 -99 -99 -99 -99
-99 -99 -99 -99 2.06191211508363 -99 -99 -99 -99 -99 -99 -99 -99 -99 -99
-99 -99 -99 0.957485987359157 -99 1.74834198912781 -99 -99 -99 -99 -99 -99 -0.0643602438022632 -99 -99
-99 -99 -99 -99 -0.570492416821385 -99 -99 0.586303186356052 -99 -99 -99 -99 -99 -99 -99
-99 -99 -99 -99 -99 -99 -99 -99 -99 -99 3.09703336131123 -99 -99 -99 -99
-99 -99 -99 -99 -99 0.61391002812948 -99 -99 0.256395209512957 -99 1.73173062838951 -99 -99 -99 -99
-99 -99 -99 -99 -99 -99 -99 -99 -99 -99 -99 -99 -99 -99 -1.10079505616602
-99 -99 -99 0.20483012075721 -99 -99 -99 -99 -99 -99 -99 -99 -99 -99 -99
-99 -99 -99 -0.248602600345905 -99 -0.108538334523266 -99 -99 -99 0.586522247241369 -99 -99 -99 -99 -99
-99 -99 -99 2.43353647945459 4.59229508039756 -99 -99 -99 -99 -99 -99 -99 -99 -99 -99
-99 -99 -99 1.45691837185645 -99 -99 -99 -99 -99 -99 -99 -99 -99 2.66398669082168 -99
-99 -99 -99 -99 -99 -99 -99 -99 -99 -99 -0.92585248092054 -99 -99 -99 -99
-99 0.185038590515007 -99 -99 -99 0.951317295518595 -99 -99 -99 -99 -99 -99 -0.844393320193857 -99 -99
-99 -99 -99 -99 -99 -99 -99 -99 -99 -99 2.68626415012463 -99 -99 -99 -99
-99 -99 -99 -99 -99 -99 -99 -99 2.71151024227946 -99 -99 -99 -99 -99 -99
-99 -99 -99 -99 -0.207873601956717 -99 -99 -99 -99 -99 -99 -99 -99 -99 -99
1.19627173553492 -99 -99 -99 -99 -99 -99 0.25971001024146 -99 -99 -99 -99 -99 -99 -99
-99 -99 -99 -99 -99 -99 -99 -99 -99 -99 -99 -99 -99 -99 -99
-99 -99 -99 -99 -99 -99 -99 -99 -99 -99 -99 -99 -99 -99 -99
-99 -99 -99 3.47162540399651 -99 -99 -99 -99 -99 -99 -99 -99 -99 -99 -99
-99 -99 -99 -99 -99 -99 -99 3.59388005215255 2.45964998729857 -99 1.28736988961438 1.02530967783954 -99 3.82214627136588 -99
-99 -99 -99 -99 1.24200424293981 -99 -99 -99 -99 -99 -99 -99 -99 -99 -99
-99 -99 -99 -99 -99 -99 -99 -99 -99 -99 -99 1.66329612801724 -99 -99 -99
-99 -99 -99 -99 -99 -99 -99 -99 -99 -99 -99 -99 0.599169507272034 -99 -99
-99 -99 -99 -99 -99 -99 -99 -99 -99 -99 -99 0.484765191007197 -99 -99 -99
-99 -99 -99 -99 -99 -99 -99 -99 -99 -99 1.34718246139685 0.374527159367546 -99 -99 -99
-99 -99 -99 -99 -99 -99 -99 -99 -99 -99 -99 1.84622497339191 -99 -99 -99
-99 -99 -99 -99 -99 -99 -99 -99 -99 -99 -99 -99 3.29080206855377 -99 -99
-99 -99 -99 -99 -99 -99 -99 -99 -99 -99 -99 -99 -0.281666173481286 -99 -99
-99 -99 -99 -99 -99 -99 -99 -99 -99 -99 -1.59597408093827 -99 -0.250532965955724 -99 -99
0.391831047804201 -99 -99 -99 -99 0.356420789558765 -99 -99 -99 -99 0.186847071126221 -99 -99 -99 -99
-99 -99 -99 -99 -99 -99 -99 -99 -99 -99 -99 -99 0.186275091942581 -99 -99
-99 -99 -99 -99 -99 -99 -0.38581887265273 -99 -99 -99 -99 0.159936914390022 -99 -99 -99
-99 -99 -99 -99 -99 -99 -99 -99 -99 -99 -99 -99 -99 -0.476389533192465 -99
-99 -99 -99 -99 -99 -99 -99 -99 -99 0.416277301668126 -99 -1.15733269543208 -99 -99 -99
-99 -99 -99 -99 -99 0.43605141015295 -99 -99 -99 -99 -99 -99 -99 -99 -99
-99 2.03102898309615 -99 -99 -99 -99 -99 -99 -99 -99 -99 -99 -99 -99 -99
-99 -99 -99 -99 -99 -99 -99 -99 -99 -99 -99 -99 -99 -99 0.698969053557061
-99 -99 -99 -99 -99 -99 -99 0.0409653269171303 2.39305102374704 -99 -99 -99 -99 -99 -99
-99 -99 -99 -99 -99 -99 -99 -99 -99 -99 -99 -1.3195640489173 -99 -99 0.263265805190032
0.189500907212461 -99 -99 -0.12817155671974 -99 -99 -99 -99 -99 -99 -99 -99 -99 -99 -99
-99 -99 -99 -99 -99 -99 -99 -99 -99 -99 -99 -99 -99 -99 -99
-99 -99 -99 -99 -99 -99 -99 -99 -99 -99 -99 -99 -99 -99 -99
-99 -99 -99 -99 -99 -99 -99 -99 -99 -99 -99 -99 -99 -99 -99
3.19916368866261 -99 -99 -99 -99 -99 -99 -99 -99 -99 -99 -99 -99 -99 -99
-99 -99 -99 -99 -99 -99 -99 -99 -0.0920463054507206 3.13836394847022 -99 -99 1.49513515303968 -99 -99
-99 -99 -99 0.786308307793163 -99 -99 0.167119961292746 -99 -99 -99 -99 -99 -99 -99 -99
-99 -99 1.76561396525759 -99 -99 -99 -99 -99 -99 -99 -99 4.02471399985504 -99 -99 -99
-99 -99 -99 -99 -99 -99 -99 -99 -99 -99 -99 -99 1.99423209179508 -99 -99
-99 -99 -99 -99 -99 -99 -99 -99 -99 -99 -99 -99 0.114089764969707 -99 -99
2.13258127475126 -99 -99 -99 -99 2.66364476634705 -99 -99 -99 -99 -99 -99 -99 -99 -99
-99 -99 -99 -99 0.162702673089107 -99 -99 -99 -99 0.293510378378836 -99 -99 1.30270425268628 -99 0.0816846534570794
-99 -99 -99 -99 -99 -99 -99 -99 -99 -99 -99 -99 -99 0.342202635856623 -99
-99 -99 -99 -99 -99 -99 -99 -99 -99 -99 -99 -99 -99 -99 -0.898012617886601
-99 -99 -99 -99 -99 -99 -99 -99 -99 -99 -99 -99 -99 -99 -99
-99 -99 -99 -99 -99 -99 -99 -99 -99 -99 -99 -99 -99 0.582605785165909 -99
-99 -99 2.48336569740063 -99 -99 -99 -99 -99 -99 0.422250349679645 -99 -99 -99 -99 -99
-99 -99 -99 -99 -99 2.61717234068993 -99 -99 -99 -99 -99 -99 -99 -99 -99
-99 -99 -99 -99 -99 -99 -99 -99 -99 -99 -99 -99 -99 -99 -99
-99 -99 -99 -99 -99 -99 -99 -99 1.76407365168483 -99 -99 -99 -99 -99 -99
-99 -99 -99 -99 -99 -99 0.603795705838591 -99 -99 -99 -99 -99 -99 -99 -99
-99 -99 -99 -99 -99 -99 -99 -99 -99 -99 -99 -99 -99 -99 -99
-99 -99 -99 -99 -99 -99 -99 -99 -99 -99 -99 -99 -99 -99 -99
-99 -99 -99 -99 -99 -99 -99 -99 0.0440179732919697 -0.693912865608375 -99 -99 -99 -99 -99
-99 -99 -99 -99 -99 2.37996243301529 -99 -0.438405090095483 -99 -99 -99 -99 -99 -99 -99
-99 -99 -1.85385960835896 -0.47761059179951 -1.14319905810132 2.3685698902158 -99 -99 -99 -99 -99 -99 -99 -99 0.062267220311196
-99 -99 -99 -99 -99 -99 -99 -99 -99 -99 -99 -99 0.0169298228983437 -99 -99
-99 -99 -99 2.5129278246499 -99 -99 -99 -99 -99 2.65221400771074 2.04445786592316 -99 -99 -99 -99
-99 -99 -99 -99 -99 -99 2.37279782545545 -99 -99 -99 -99 -99 -99 -99 -99
-99 -99 -99 -99 0.945125104643886 -99 -99 -99 -99 -99 -99 -99 -99 -99 -99
-99 -99 -99 -99 2.89417701152578 -99 -99 -99 -99 -99 -99 -99 -99 2.67114369539225 -99
-99 -99 -99 -99 -99 -99 -99 -99 -99 -99 -99 -99 -99 -99 -99
-99 -99 -99 -99 -99 -99 -99 -99 -99 -99 -99 -99 -99 -99 -99
-99 -99 -99 -99 0.727709430394022 -99 0.311441862777594 -99 -99 -99 -99 -99 -99 -99 -99
-99 -99 -99 -99 -99 -99 -99 -99 -99 -99 -99 -99 -99 -99 -99
-99 -99 -99 0.979464205827736 -99 -99 -99 -99 -99 -99 -99 -99 -99 -99 -99
-99 -99 -99 -99 -99 -99 -99 -99 -99 -99 -99 -99 -99 -99 -99
1.23121360044906 -99 -99 -99 -99 -99 -99 -99 -99 -99 -99 -99 -99 -99 -99
0.0756838653223909 1.48665383733365 -99 -99 -99 -99 -99 0.604884037528246 -99 -99 -99 -99 -99 0.226030163406092 -99
-99 -99 -99 -99 -99 -99 -99 3.70093080717407 -99 -99 -99 -99 -99 -99 -99
-99 -99 -99 -99 -99 -99 -99 -99 -99 0.115725267332825 -99 -99 -99 -99 1.5411974248979
-99 -99 -99 -99 -99 -99 -99 -99 -99 -99 -99 -99 -99 -99 -99
-99 -99 -99 -99 -99 -99 -99 -99 -99 1.82469633209852 -99 2.45096600247394 1.04751822579013 -99 -99
-99 -99 -99 -99 -99 -99 -99 -99 -99 -99 -99 -1.53489230828432 -99 -99 -99
-99 -99 -99 -99 -99 -99 -99 -99 -99 -99 -99 -99 -99 -99 -99
-99 -99 -99 -99 -99 -99 -99 -99 -99 -99 -99 -99 -99 -99 -99
-99 -99 -99 -99 -99 -99 -99 -99 -99 -99 -99 0.604719993096703 -99 -99 -99
-99 -99 -99 -99 -99 -99 -99 -99 -99 -99 -99 -99 -99 -99 -99
-99 -99 -99 -99 -99 -99 -99 -99 -99 -99 -99 -99 -99 -99 2.68028807515312
-99 -99 -99 -99 -99 -99 -99 -99 0.604436935907324 -99 -99 -99 -0.985588333115472 -99 -99
3.58024643331165 -99 -99 -99 -99 -99 -99 -99 -99 -99 -99 -99 -99 -99 -99
-99 -99 -99 -99 -99 -99 -99 -99 -99 -99 -99 2.33167554018536 -99 -99 -99
-99 -99 -99 -99 -99 -1.82238948418589 -99 0.813474116721676 -99 -99 -99 -99 -99 -99 -99
-99 -99 -99 -99 -99 -99 -99 -99 -99 -99 -99 -99 -99 -99 -99
-99 -99 -99 -0.862070363332743 -99 -99 -99 -99 -99 -99 -99 -99 0.869845270742018 -99 -99
-99 -99 -99 -99 -99 -99 -99 -99 0.189280259983603 -99 0.671602812867315 -99 -99 -99 -99
-99 -99 -99 -99 -99 -99 -99 -99 -99 -99 -99 -99 -99 -99 -99
0.461424586786701 -99 -99 -99 -99 -99 -99 -99 -99 -1.25548768559393 -99 -99 -99 -99 -99
-99 -99 0.000483751845013369 -99 -99 -99 -99 -99 -99 -99 -99 -99 -99 -99 -99
-99 -99 -99 -99 -99 -99 -99 -99 -99 -99 -99 -99 -99 -99 -99
-99 -99 -99 -99 -99 -99 -99 -99 -99 -99 -99 -99 -99 -99 -99
-99 -99 -99 -99 -99 -99 -99 -99 -99 -99 -99 -99 -99 -99 -99
-99 -99 -99 -99 -99 2.13867458658827 -99 3.08442918201218 -99 -99 -99 -99 -99 -99 -99
-99 -99 1.39680436917872 -99 -99 -99 -99 -99 -99 -99 -99 -99 -99 -99 -99
-99 -99 -99 -99 -99 -99 -99 -99 -99 -99 -99 -99 4.66242055887345 -99 -99
-99 -99 -99 -99 -99 -99 -99 -99 -99 -99 -99 -99 3.78624696492971 -99 -99
2.07339768939334 -99 1.22760348439078 -99 -99 -99 -99 -99 -99 1.64317026801328 -99 -99 -99 -99 -99
-99 -99 -99 -0.736713247764213 -99 -99 -0.730627654483818 -99 -99 -99 -99 -99 -99 2.90292162437786 -99
-99 -0.154188018665519 -99 -99 -99 -99 -99 -99 -1.45966633596183 -0.549864720160256 -99 -99 -99 -99 -99
-99 -99 1.13888921881922 -99 -99 -99 -99 -99 -99 -99 -99 -99 0.971090922945229 -99 -99
-99 -99 -99 -99 -99 -99 -99 -99 -99 -99 -99 1.75222165799221 -99 -99 2.63505612532969
-99 3.06245455428899 -99 -99 -99 -99 -99 -99 -99 -99 -99 -99 -99 -99 -99
-99 -99 -99 -1.07432026215678 -99 -99 -99 -99 -99 -1.51862016735089 -1.05787135828068 -99 -99 0.131035053578368 -99
-99 -99 -99 -99 0.324435650513405 -99 -99 -99 -99 -99 -99 -99 -99 -99 -99
-99 -99 -99 -99 -99 -99 -99 -99 -99 -99 -99 -99 -99 -99 -99
-99 -99 -99 -99 -99 -99 1.12474017032481 -99 -99 -99 -99 -99 -99 -99 -99
-99 -99 -99 -99 -99 -99 -99 -99 -99 -1.41402044164793 -99 -99 -99 -99 -99
-99 -99 -99 -99 -99 -99 -99 -99 -99 -99 3.01984502778018 1.17666650373464 -99 -99 -99
-99 -99 -99 -99 -99 -99 1.20948709138015 -99 -99 -99 -99 -99 -99 -99 -99
-99 -99 -99 -99 -99 -99 -99 -99 -99 -99 -99 -99 -99 -99 -99
-99 -99 -99 -99 -99 -99 -99 -99 1.67617068529536 -99 3.70139891068469 -99 -99 -99 -99
-99 -0.636973299617484 -99 -99 -99 -99 -99 -99 -99 -99 4.2357637846584 -99 2.01071964596584 -99 -99
-99 -99 -99 -99 -99 -99 -99 -99 -99 -99 -99 -99 -99 -99 -99
-99 -99 0.32718944490225 -99 -99 -99 -99 -99 -99 -99 -99 -99 -99 -99 -99
-99 -99 -99 -99 -99 -99 0.971760847384749 -99 -99 -99 -99 -99 -99 -99 -99
1.06671932401006 -99 -99 -99 -99 -99 -1.0463415649317 -99 -99 -99 -99 -99 0.506447927577413 -99 -99
-99 -99 -99 -99 -99 -99 -99 -99 -99 -99 -99 -99 -99 1.48433198125793 -99
-99 -99 -99 -99 -99 -99 -99 -99 -99 -99 -99 -99 -99 -99 -99
2.18000451006071 -99 -99 -99 -99 1.73216262936476 1.47172526983195 -99 -99 -99 -99 -99 -99 -99 -99
-99 -99 -99 -99 2.37893049226943 -99 -99 -99 -99 -99 -99 -99 -99 -99 -99
-99 -99 2.42076477890538 1.15496239221478 -99 -99 -99 -99 -99 -99 -99 -99 -99 -99 -99
3.49375395809617 -99 -99 -99 -99 -99 -99 -99 -99 -99 0.391985738155003 -99 -99 -99 -99
-99 -99 -99 -99 -0.387199808745299 -99 -99 -99 -99 -99 -99 0.241184627675834 1.28416909673105 -99 -99
1.40390912006512 3.18929667500673 -99 -99 -99 -99 -99 -99 -99 -99 -99 -99 -99 -99 -99
-99 -99 -99 -99 -99 -99 -99 -99 -99 -99 3.60752551182 -99 -99 -99 -99
-99 -99 -99 -99 -99 -99 -99 -99 -99 -99 -99 -99 -99 -99 -99
-99 1.59350698767054 -99 -99 -99 -99 -99 -99 -99 -99 -99 -99 -99 2.75164035760597 2.75230937898473
-99 0.239080789043407 -99 -99 -99 0.74481966257528 -99 -99 -0.579415730796709 -99 -99 -0.811802945442531 -99 -99 -99
-99 -99 -99 -99 -99 -99 -99 -99 -99 -99 -99 -99 -99 -99 -99
-99 -99 -99 -99 -99 -99 -99 -99 -99 -99 -99 -99 -99 -99 -99
-99 -99 -99 -99 -99 -99 -99 -99 -99 -99 -99 -99 -99 -99 -99
-99 0.9164657682872 -99 -99 -99 -99 -99 -99 -99 -99 -99 -1.29213730742461 -99 -99 -99
-99 -99 -99 -99 -99 -99 -99 -99 -99 -99 -99 -99 -99 -99 -99
-99 -99 -99 -99 -99 -99 -99 -99 -99 -99 -99 -99 -99 -99 -99
1.80991922324615 -99 -99 -99 -99 -99 -99 -99 -99 -99 -99 -99 0.994891362823706 -99 -99
-99 -99 -99 -99 -99 -99 -99 -99 -0.236728001773348 -99 -99 0.591360742349952 -99 -99 -99
-99 -99 -0.177735065844392 -99 -99 -99 -99 -99 -99 -99 -99 -99 -3.15940533700186 -99 -99
-99 -99 -99 -99 -99 -99 -99 -99 -99 -99 -99 -99 -99 -99 -99
-99 -99 -99 -99 -99 -99 1.20674478893024 -99 -99 -99 -99 1.29973827227122 -99 -99 0.846234797111663
-99 -99 -99 -99 -99 -99 -99 -99 -99 -99 -2.3877541235992 -99 -99 -99 -99
-99 -99 -99 -99 -99 -99 -99 -99 -99 -99 -99 2.58443410175802 -99 -99 -99
-99 -99 -99 -99 -99 -99 -99 -99 -99 2.73167566102406 -99 -99 -99 -99 -99
-99 -99 -99 -99 -99 1.2346920322986 -99 -99 -99 -99 0.472250771319982 -99 -99 -99 -99
-99 -99 -99 -99 -99 -99 -99 -99 -99 -99 -99 -99 -99 -99 -99
-99 1.07154288728023 -99 -99 1.08109221351135 -99 -99 -99 -99 -99 -99 -0.631363048016181 -99 2.1141863783959 1.21379633504919
-99 -99 -99 -99 -99 -99 -99 2.34783534314718 -99 -99 3.01737121763687 -99 2.42877460187002 -99 -99
2.28034571624845 -99 -99 -99 -99 -99 -99 -99 -99 -99 3.44278599570953 -99 -99 3.05378378032113 -99
-99 -99 -99 -99 -99 -99 -99 -99 -99 -99 -99 -99 -99 -99 -99
1.76766794552575 -99 -99 -99 -99 -99 -99 -99 0.0682935128357971 -99 -99 -99 -99 -99 1.43710462114044
-99 -99 -99 -99 -99 -99 -99 -99 -99 -99 -99 -99 -99 -99 -99
-99 -99 -99 -99 -0.0837004596008517 -0.101863449859772 -99 -99 -99 -99 -99 -99 -99 -99 -99
0.988201497252781 -99 -99 -99 -99 -99 -99 -99 -99 -99 1.79358799820004 -99 -99 -99 -99
-99 -99 -99 -99 -99 -99 -99 -99 -99 -99 -99 -99 0.752760148094874 -99 -99
-99 -99 -99 -99 -99 -99 -99 -99 -99 -99 -99 -99 -99 -99 -99
-99 -99 -99 -99 -99 -99 -99 -99 -99 -99 -99 -99 -99 -99 0.798885647891966
-99 -99 -99 -99 1.80017423380207 -99 -99 -99 -99 -99 -99 -99 -99 -99 -99
-99 -99 2.43525481283609 -99 -99 -99 3.98759291389362 -99 -99 -99 -99 -99 3.40875973736242 -99 -99
-99 -99 -99 -99 -99 -99 -99 -99 -99 -99 -99 -99 -99 -99 -99
-99 -99 -99 -99 -99 -99 -99 -99 -99 2.47220146651844 -99 -99 -99 -99 -99
-99 -99 -99 -99 -99 -99 -99 -99 -99 -99 -0.296190042794426 -99 -99 -99 -99
-99 -99 -99 -99 -99 -99 -99 -99 -99 0.487457885716521 -99 -99 -99 -99 -99
-99 -99 -99 -99 -0.475653000707773 -99 -99 0.763516882827448 -99 -99 -99 -99 -99 -99 -99
-99 -99 -99 -99 -99 -99 -99 -99 -99 2.41362513802106 -99 -99 -99 0.163552260258269 -99
-99 -99 -99 -99 -99 -99 -99 -99 -99 -99 -99 -99 -99 -99 -99
-99 -99 -99 -99 -99 -99 1.26789945626152 -99 -99 -99 -99 -99 -99 -99 -99
-99 -99 -99 2.12644517776628 0.0512386425531415 -99 -99 -99 -99 -99 -99 -99 -99 -99 -99
-99 -99 -99 0.267145995903187 -99 -99 -99 -99 -99 -99 -99 -99 -99 -99 -99
-99 -99 -99 -99 -99 -99 -99 -99 -99 -99 -99 -99 -99 -99 -99
-99 0.665664124956136 -99 -99 -99 -99 -99 -99 -99 -99 -99 -99 -99 -99 -99
-99 -99 -99 -99 -99 -99 -99 -99 -99 -99 -99 -0.0176206533468348 -99 -99 -1.65288273311082
-99 -99 -99 -99 -99 -99 -99 2.07546071306697 -99 -99 0.671384006308749 -99 -99 -0.168758453632506 -99
-99 -99 -99 -99 -99 -99 -99 -99 -99 1.35737472970285 -99 5.24268776144292 -99 5.18110867711672 -99
-99 -99 -99 -99 -99 -99 -99 -99 -99 -99 -99 0.640957663776101 -99 -99 0.26594425045024
-99 2.04898390226079 -99 -99 -99 -99 -99 -99 0.694543381564492 -99 -99 -99 -99 -99 -99
-99 -99 -99 -99 -99 -99 -99 -99 -99 -99 -99 -99 -99 -99 -99
-99 -99 -99 -99 -99 -99 -99 2.26808182375144 -99 -99 -99 -99 -99 -99 -99
-99 -99 -99 -99 -99 -99 -99 -99 -99 -99 -99 -99 -99 -99 -99
-99 -99 -99 -99 -99 -99 -99 -99 -99 -99 -99 -99 -99 -99 -99
-99 -99 -99 -99 -99 -0.805837954466326 -99 -99 -0.969486804154609 -99 -99 -99 -99 -99 -99
-1.76985660716892 -99 -99 -99 -99 -99 -99 -99 -99 -99 -99 -99 -99 -99 -99
-99 -99 -99 -99 -99 -99 -99 1.59396595157763 -99 -99 -99 -99 -99 -99 -99
-99 -99 -99 3.02387428706894 2.71778496638609 -99 -99 -99 -99 -99 -99 2.59962402965541 -99 -99 -99
-99 -99 -99 -99 -99 -99 -99 -99 -99 -99 -99 -99 -99 -99 -99
-99 -99 -99 -99 -99 -99 -99 0.582060992159959 -99 -99 -99 -99 -99 -99 -99
2.8422275637135 -99 -99 -99 -99 -99 -99 -99 -99 -99 -99 -99 -99 -99 -99
-99 -99 -99 -99 -99 -99 -99 -99 -99 -99 -99 -99 -99 1.72725590672722 -99
-99 -99 -99 -99 -99 -99 -99 -99 -99 -99 -99 -99 -99 -99 -99
-99 -99 -99 -99 -99 -99 -99 0.950557215685044 -0.568576342406182 1.30628646163558 -99 -99 -99 -99 -99
-99 -99 -99 -99 -99 -99 -99 -99 -1.53428461844018 -99 -99 -99 -99 -0.295843688885581 -99
0.651093083829149 -99 -99 -99 1.4699471744149 0.563760488638642 -99 -99 -99 -99 -99 2.31649156768867 -99 -99 -99
-99 -99 -99 -99 -99 -99 -99 -99 -99 -99 -99 -99 -99 -99 -99
2.68019484599084 -99 -99 -99 -99 -99 -99 -99 -99 3.93037179289672 -99 -99 -99 -0.111476162117073 -99
-99 -99 -99 -99 -99 -99 -99 -99 -99 -99 -99 -99 -99 -99 -99
-99 -99 -99 -99 -99 -99 -99 0.535100768291046 -99 -0.93501307989793 -0.586100349123726 -99 -99 -99 -99
-99 -99 -99 -99 -99 -99 -99 -99 -99 -99 3.28854749798754 -99 -99 -99 -99
-99 -99 -99 -99 -99 -99 -99 -99 -99 -99 -99 -99 -99 -99 -99
-99 0.592118839556876 -99 -99 -99 -99 -99 -99 -99 -99 -99 -99 2.22358243632794 -99 -99
-99 -99 -99 -99 -99 -99 1.89193371890386 -99 -99 -99 -99 -99 -99 -99 -0.0261070698178059
-99 0.308881905789858 -1.61643976595486 -99 -99 -99 -99 -99 -99 -99 -99 -99 -99 -0.0179983570890985 -99
-99 -99 -99 -99 -99 -99 -99 -99 -99 -99 -99 1.58501943145172 -99 -99 -99
-99 -99 -99 -99 -99 -99 -99 -99 -99 1.95741245597104 -99 -99 -99 -99 -99
-99 -99 0.293880632052918 -99 -0.373039041347132 -99 -99 -99 -99 -99 0.0616216720062931 -99 0.612206695044762 -99 -0.350134154332223
-99 -99 -99 -99 -99 -99 -99 -99 -99 -99 -0.807087548189676 -99 -99 -99 -99
1.76806975004141 -99 -99 -99 -99 2.16273449817477 -99 -99 -99 -99 -99 -99 2.05827003744172 -99 -99
-99 -99 -1.01287343789737 -99 -99 -99 -99 -99 -99 -99 -99 -99 -99 -99 -99
1.3276885404743 -99 -99 -99 -99 -99 -99 -99 -99 -99 -99 -99 -99 -99 -99
-99 -99 -99 -99 -99 -99 -99 -99 -99 -99 -99 -99 -99 -99 -99
-99 -99 -99 -99 -99 -99 -99 -99 -99 -99 -99 -99 -99 -99 -99
-99 -99 -99 -99 -99 -99 -99 -99 -99 -99 -99 -99 -99 -99 -1.25433990284096
-99 -99 -99 -99 -1.25190877424 -99 -99 0.747956532390716 -99 -99 -99 -99 -99 -99 -0.75788717416409
-99 -99 -99 0.510807331400732 -99 -99 -99 -99 -99 -99 -99 -99 -99 -99 -99
-99 -99 -99 -99 -99 -99 -99 -99 -99 -99 -99 -99 -99 -99 -99
-99 -99 -99 -99 -99 -99 -99 -99 -99 -99 -99 -99 -99 -99 3.01577489390793
-99 -99 -99 -99 -99 -99 -99 -99 -99 -99 -0.276964875533459 -99 -99 -99 -99
-99 -99 -99 -99 -99 -99 2.64433630030863 3.260625433553 -99 -99 -99 -99 -99 1.7337856246689 -99
-99 -99 0.026805930404443 -99 -99 -99 0.370591435266785 -99 -99 -0.591555303476652 -99 -0.970813411854464 -99 -99 -99
-99 -99 2.43971347128321 -99 -99 -99 -99 1.25231555228199 -99 -99 -99 -99 -99 -99 -99
-99 2.49013058390653 -99 2.6618261020336 -99 -99 2.02037284358209 -99 -99 -99 -99 -99 -99 -99 -99
-99 -99 -99 -99 1.23370853234068 -99 -99 -99 1.88019254174332 -99 -99 -99 -99 -99 -99
-99 -99 -99 -99 -99 2.872086692672 -99 -99 -99 -99 -99 -99 -99 -99 -99
-99 2.01986425442254 -99 -99 -99 -99 -99 -99 -99 -99 -99 -99 -99 -99 -99
-99 -99 -99 -99 -99 -99 0.46058448304057 -99 -99 -99 -99 -99 -99 -99 -99
-99 1.01681982121735 -0.865787709635639 -99 -99 0.560418637500907 -99 -99 2.27035868816832 -99 -99 -99 0.380782577136407 -99 -99
-99 -99 -99 -99 -1.06767151836091 -99 -99 -99 -99 -99 -99 -99 -99 -99 -99
-99 -99 -99 -99 -99 -99 -99 -99 -1.46282140910412 -99 0.378733739453397 -99 -99 -99 -99
-99 -99 -99 -99 1.45995597677508 -99 -99 -99 -99 -99 0.941617081063105 0.686852089190328 -99 -99 -99
-99 -99 0.807574555092897 -99 -99 -99 -99 -99 -99 -99 -99 -99 -99 -99 1.76073868367671
-99 -99 -99 -99 -99 -99 -99 -99 -99 -99 -99 -99 -99 -99 -99
-99 -99 -99 -99 -99 -99 -99 -99 -99 -99 -99 -99 -99 -99 -99
1.51022495808718 -99 -99 -99 -99 -99 -99 -99 -99 0.495919475649052 -99 1.13428932605629 -1.87353875664419 -99 -99
-99 -99 -99 0.652470425612879 -99 -99 -99 -99 -99 -99 -99 0.256261208191214 -99 -99 -99
-99 -99 -99 -99 -99 -99 -99 0.154781519303301 -99 -99 -99 -99 -99 -99 0.693508016799649
-99 -99 -99 -99 -99 -99 -99 -99 -99 -99 -99 -99 -99 -99 -99
-99 -99 -0.498814176204037 -99 -99 -99 -99 -99 -99 -99 -99 -99 -99 -99 -99
-99 0.838346243433384 -99 -99 -99 -99 -0.466462752299114 -99 -99 -99 -99 -99 -99 -99 -99
-99 -99 -99 -99 -99 -99 -99 -99 -99 -99 2.47534263741217 -99 -99 1.5881417003832 -99
-99 2.27575226184012 -99 -99 2.84298930760212 -99 -99 3.53965769968581 -99 -99 -99 -99 -99 -99 1.73120987142442
-99 -99 2.21688262450982 -99 -99 -99 1.63108106964922 -99 -99 -99 -99 -99 -99 -99 -99
-99 -99 -99 -99 -99 -99 0.064474535834747 -99 -99 -99 -99 -99 -99 -99 -99
-99 -99 -99 -99 -99 -99 -2.27900674425172 -99 -99 -99 -1.44109954463576 -99 -99 -99 -99
-99 -99 -99 -99 -99 1.03146636647692 -99 -99 -99 -99 -99 -99 -99 -99 -99
-99 -99 -99 -99 -99 -99 -99 -99 -99 -99 -99 -99 -99 -99 -99
-99 -99 -99 -99 -99 -99 -99 -99 -99 -99 -99 -99 -99 -99 2.72197531838506
-99 -99 0.35562312127939 1.4928236589955 -99 -99 1.37074811033939 -99 -99 -99 -99 0.294787270961021 -99 -99 -0.131002310893577
-99 -99 -99 -99 -99 -99 -99 -99 -99 -99 -99 -99 -99 -99 -99
-99 -99 -99 -99 -99 -99 2.92903143559095 -99 -99 -99 -99 -99 1.36333932587182 -99 -99
-99 -99 -99 -99 -99 -99 -99 -99 -99 -99 -99 -99 -99 -99 -99
-99 -99 -99 -99 2.47156612349276 -99 -99 2.14252849334539 -99 1.85740745721189 -99 -99 -99 -99 -99
-99 -99 -99 -99 -99 -99 -99 -99 -99 -99 -99 -99 -99 -99 1.24199651642953
2.37402073728302 -0.418910510562897 -99 2.26590840693482 -99 -99 3.45506676630637 -99 -99 -99 -99 -99 -99 -99 -99
-99 -99 -99 -99 -99 -99 -99 -99 -99 -99 -99 -99 -99 -99 -99
-99 -99 -99 -99 -99 -99 -0.501115485672652 -99 -99 -99 -99 -99 -99 -99 -99
-99 -99 -99 -99 -99 -99 -99 -99 -99 -99 -99 -99 -99 -99 -99
-99 -99 -99 -99 -99 -99 -99 -99 -2.18657044863418 -99 -99 -99 -99 -99 -99
0.671721915512671 -99 -99 -99 -99 -99 -99 -99 -99 -99 -99 -99 -99 -99 -99
-99 -99 -99 0.908983814058126 -99 -1.37798672332037 -99 -99 -99 -99 -99 -99 -99 -99 -99
-99 -99 -0.856368223471452 -99 -99 -99 -99 -99 -99 -99 -99 -0.325948476672723 -99 -99 -99
-99 -2.09553561422501 -99 -99 -1.79364888968721 -0.596718665286406 -2.36704589818877 -99 -99 -99 -99 -99 -99 -99 -99
-99 -99 -99 -99 -99 -99 -99 -99 -99 -99 -99 -99 -99 -99 -99
-99 -99 2.8427271277848 -99 -99 -99 -99 -99 2.65080100069658 -99 -99 -99 -99 -99 -99
-99 -99 -99 -99 -99 -99 -99 -99 -99 -99 -99 -99 -99 -99 -99
-99 -0.524090306357482 -99 -99 -99 -99 -99 -99 -99 -99 -99 -99 -0.719275646098766 -99 -99
-99 -99 -99 -99 -99 -99 -99 -99 -99 -99 -99 -99 -99 0.709243652892598 -99
-99 -99 -99 -99 -99 -99 -99 -99 -99 -99 -99 -99 -99 -99 0.275782484579644
-99 -99 -99 -99 -99 -99 -99 -99 -99 -99 -99 -99 -99 -99 -99
-99 -99 -99 -99 -99 -99 -99 -99 0.576154862381634 1.92585546208649 -99 -99 -99 -99 -99
-99 -99 -99 -99 -99 -99 -99 -99 -99 -99 -99 2.57071000716588 -99 -99 -99
-99 -99 -99 -99 -99 -99 -99 -99 -99 -99 -99 -99 -99 -99 -99
-99 -99 -99 -99 -99 -99 -99 -99 -99 -99 -99 1.03663960823936 -99 -99 -99
-99 -99 -99 -99 -99 -99 -99 1.64759925378112 -99 -99 -99 -99 -99 -99 -99
-99 -99 -99 -99 2.70254261275708 -99 3.33167390523888 -99 -99 -99 -99 -99 -99 -99 -99
-99 1.96188447549921 -99 -99 -99 -99 -99 -99 -99 -99 -99 -99 -99 -99 -99
-99 -99 -99 -99 -99 -99 -99 -99 -99 -99 -99 1.57669535532477 -99 -99 -99
-99 -99 -99 -99 -99 -99 -99 -99 -2.26162272112555 -99 -99 -99 -99 -99 -99
-99 -99 -99 -99 -99 -99 -99 -99 -99 2.08849636601724 -99 -99 -99 -99 -99
-99 -99 -99 -99 -99 -99 -99 -99 -99 -99 -99 -99 -99 -99 -99
-99 -99 0.0927047646356105 2.00265412384276 -99 -99 -99 -99 -99 -99 -99 -99 -99 -99 -99
-99 -99 -99 -99 -99 -99 -99 -99 -99 -99 0.654064449448596 1.91877688379591 -99 -99 0.254386764886422
-99 -99 -99 -99 -99 -0.873620816411869 -99 -0.54331053831537 -99 -99 -99 -99 -99 -99 0.516136572652621
-99 -99 -99 -99 -99 -99 -99 -99 -99 2.34012877126978 -99 -99 -99 -99 -99
-99 -99 -99 -99 -99 -99 -99 -99 -99 -99 -99 -99 -99 -99 -99
-0.140753587400799 -99 -99 -99 -99 -99 -99 -99 -99 -99 -99 -99 -99 -99 1.85291889029546
-99 -99 -99 -99 -99 -99 -99 1.10271527202738 -99 -99 1.86399418188447 -99 -99 -99 -99
-99 -99 -99 -99 -99 -99 -99 -2.3261128871894 -99 -99 -99 -99 -99 -99 -99
-99 0.301106958254547 -99 -99 -99 -99 -99 -99 -99 -99 -99 -99 -99 0.902294092253559 -99
-99 -99 -99 -99 -99 0.437790268962435 -99 -99 3.87062025247105 -99 -99 -99 -99 -99 -99
-99 1.47313952432927 -99 -1.53204788692883 -99 -99 -99 -99 -99 -99 -99 -0.200692776618261 -99 -99 -99
-99 -99 -99 -99 -99 -99 -99 -99 -99 -99 -99 -99 -99 -99 -99
-99 -99 -99 -99 -1.26821722150651 -99 -99 -99 -0.556974586508165 -99 -99 -99 -99 -1.31023156890275 -99
-99 -99 -99 -99 -99 -99 -99 -99 -99 -99 -99 -99 -99 0.358740198646712 -99
-99 -99 -99 -99 0.306248923141721 -99 -99 -99 -99 -99 -99 -99 -99 -99 -99
-99 -99 -99 -99 -99 -99 -99 -99 -99 -99 -99 -99 -99 -99 -99
-99 -99 -99 -99 -99 -99 -99 -99 -99 -99 2.12505832491509 -99 -99 -99 2.44666059351582
-99 -99 -99 -99 -99 -99 -99 -99 -0.424905434836093 -99 -99 0.460995020721358 -99 -99 -99
-99 -99 -99 -99 -99 -99 -1.2513945158538 -99 1.3158859977567 -99 -99 -99 -99 -99 -99
-99 -99 1.93556265861832 -99 -99 -99 -99 -99 -99 -99 -99 -99 -99 -99 -99
1.95516439801419 -99 -99 -99 -99 -99 -99 -99 1.57242495857621 -99 -99 -99 -99 -99 -99
-99 -99 -99 -99 -99 -99 -99 -99 -99 -99 2.01388450878992 -99 -99 -99 -99
-99 -99 -99 -99 -99 -99 -99 -99 -99 -99 -99 -99 -99 -99 -99
-99 -99 -99 -99 -99 -99 0.729869385739838 -99 -99 -99 -99 -99 -99 -99 -99
-99 -99 -99 -0.336519333630998 -99 -99 -99 2.19150783475409 -99 -99 -99 -99 0.66379237494311 0.457510901048278 -99
-99 1.44280246401086 -99 -99 1.6045677514526 -99 -99 1.35932348936044 -99 -99 3.97213277839852 -99 -99 -99 -99
-99 -99 -99 -99 0.853587232793351 -99 -99 -99 -99 -99 -99 -99 -99 -99 -99
3.6105562995735 -99 -99 -99 -99 -99 -99 -99 -99 -99 -99 -99 -99 -99 -99
-99 -99 -99 -99 -99 -99 -99 -99 -99 1.47816916306352 -99 1.63295016866871 -99 -99 -99
-99 -99 -99 -99 -99 -99 -99 -99 -99 -99 -99 -99 -99 -99 -99
-99 -99 0.461434946546183 -99 -99 -99 -99 -99 -99 -99 -99 -99 -99 -99 -99
-99 -99 -99 -99 -99 -2.37009790809877 -99 -99 -99 -99 -99 -99 -99 -99 -99
-99 1.14805506270185 -99 -99 -99 -99 -99 -99 -99 -99 -99 -99 -99 -99 1.57526569008988
-99 -99 -99 -99 -99 -99 -99 -99 -99 -99 -99 -99 -99 -99 -99
-99 -99 -99 -99 -99 -99 -99 -99 -99 -99 -99 -99 -99 -99 -99
-99 -99 -99 -99 -99 -99 -99 -99 -99 -99 -99 -99 1.47583319737123 -99 -99
-99 -99 -99 -99 0.636605055921653 -99 -99 2.11065611770693 -99 -99 -99 -99 -99 -99 -99
-99 -99 -99 -99 -99 -99 -99 -99 -99 -99 -99 -99 -99 -99 3.74785399251934
-99 -99 -99 -99 -99 -99 -99 -99 -99 -99 -0.692284340856661 -99 -99 -99 -99
-99 -99 -99 -99 -99 -99 -99 -99 0.654539492376722 -99 -99 -99 -99 -99 -99
-99 -99 -99 -99 -99 -99 2.01370241366171 -99 -99 -99 -99 -99 3.87424780346415 -99 -99
-99 -99 -99 -99 -99 -99 -99 0.632991384158239 -99 -99 -99 -99 -99 -99 -99
-99 -99 -99 -99 -99 -99 -99 -99 -99 -99 -99 -99 2.73541522241114 -99 -99
-99 -99 0.621956178939427 1.5800047329723 -99 -99 -99 -99 -99 -99 -99 -99 -99 -99 -99
-99 -99 -99 -99 0.552266010567173 -99 -99 -99 -99 -99 -99 1.41984567677397 -99 -99 -99
-99 -0.418568089403193 -99 -99 -99 -99 -99 -99 -99 -99 -99 0.369409683792989 -0.835403512849514 -99 -99
-99 -99 -99 -99 -99 -99 -99 -99 -99 -99 -99 1.16075193659877 -99 -99 -99
-99 -99 -99 -99 -99 -99 -99 -99 -99 -99 -99 -99 -99 -99 1.30464182217854
-99 -99 -99 -99 -99 -99 -99 -99 -99 0.136841086926478 -99 -99 -99 -99 -99
-99 1.19557466969013 -99 -99 -99 -99 -99 -99 -99 -99 -99 -99 -99 -99 -0.160808167755407
-99 -99 -99 -99 -99 -99 -99 -99 -99 -99 0.404245307895045 -99 0.520829486275919 -99 -99
0.557424688206695 -99 -99 -99 -99 0.835337406350571 -99 -99 -99 -99 0.186426798399311 -99 -99 -99 -99
-99 -99 -99 -99 -99 -99 -99 -99 -99 -99 -99 -99 -99 -99 -99
-99 -99 -99 -99 -99 -99 -99 -99 -99 -99 -99 -99 -99 -99 -99
-99 -99 -99 -99 -99 -99 -99 -99 -99 -99 -99 -99 -99 -99 -99
-99 -99 -99 3.7756715430934 -99 1.36633217073276 -99 -99 -99 -99 2.15600457916797 -99 -99 -99 -99
-99 -99 -99 -99 -99 -99 -99 -99 -99 -99 -99 -1.86452598752715 -99 -99 -99
-99 -99 -0.333913845003152 -99 -99 -99 -99 -99 -99 -99 -99 -99 -99 -99 -99
-99 -99 -99 -99 -99 -99 -99 -99 -99 -99 -99 0.950951311651264 -99 1.62227217095238 -99
-99 -99 -99 -99 -99 -99 -99 -99 -99 -99 -0.266744273005703 -99 -99 -99 -99
-99 -99 -99 -99 -99 -99 -99 -99 -99 -99 -99 -99 -99 -99 -99
-99 -99 -99 -99 -99 -99 1.73199471994719 -99 -99 -99 -99 -99 -99 -99 -99
-99 -99 -99 -99 -99 -0.846661195583887 -99 -99 -99 -99 -99 -99 -99 -99 -99
-99 -99 -99 -99 -99 -99 -99 -99 -99 -99 -99 -99 -99 -99 -99
-99 -99 -99 1.37603869051769 -99 -99 -99 -99 3.37308240046251 -99 2.72634051412235 -99 -99 -99 -99
-99 -99 -99 -99 -99 0.699198022557713 -99 -99 -99 2.77175933194899 -99 -99 2.17989209654417 -99 2.67793712137748
-99 2.22386095167248 -99 2.23000451038723 -99 -99 1.68925007749233 -99 -99 -99 -99 -99 1.07129275079437 -99 -99
-99 -99 -99 -99 -99 -1.70292901799406 -99 -99 -99 -99 -99 -99 -99 -99 -99
-99 -99 -99 -99 -99 1.24212616932337 -99 -99 -0.302972037815552 0.0218296287444177 -99 -99 -99 -99 -99
-99 -99 -99 -99 -99 -99 -99 1.82055830723707 -99 -99 -99 1.94838229270957 -99 -99 -99
-99 -99 -99 -99 -99 -99 3.25973414492747 1.44056665336077 -99 -99 -99 -99 -99 -99 -99
-99 -99 -0.0221984624725029 -99 1.07303182826855 -99 -99 -99 -99 -99 -99 -99 -1.18666615141219 -99 -99
-99 -99 -99 -99 -99 -99 -99 -99 -99 -99 -99 -99 -99 -99 -99
-99 -99 -99 -99 1.63395338506831 -99 -99 -99 -99 -99 -99 -99 -99 -99 3.27425065845135
-99 -99 0.533460725155991 -0.79461884435014 -99 -99 -99 -99 -99 -99 -99 -99 -99 -99 -99
-99 -99 -99 -99 -99 -99 -99 -99 -99 -99 -99 -99 -99 -99 3.32843628401484
0.941928817831678 -99 -99 -99 -99 -99 -99 -99 -99 -99 -99 -99 -99 -99 -99
-99 -99 -99 -99 -99 -99 1.91381390438911 -99 -99 -99 -99 -99 -99 -99 -99
-99 -99 -0.636192252044472 -99 -99 -99 -99 -99 -99 -99 -99 -99 -0.899012365966743 -99 -99
-99 -99 -99 -99 -99 -99 -99 -99 -99 -99 2.58165915961255 2.57990796419053 -99 -99 -99
-99 -99 -99 -99 -99 -99 -99 -99 -99 -99 -99 -99 -99 -99 -99
-99 -99 -99 -99 -99 -99 -99 1.74378007820868 -99 -99 -99 3.08092016189857 -99 -99 -99
-99 -99 -1.19243458678926 -99 -99 -99 -99 -99 -99 -99 -0.927883014078653 -99 -99 -99 -99
0.735701680824104 -99 -99 -99 -99 -99 -99 -99 1.08987464025372 2.17349615207976 -99 -99 -99 2.97544011892576 -99
-99 -99 -99 -99 -99 -99 -99 -99 -99 -99 -1.47867415558044 -99 -99 -99 -0.33287830632019
-99 -99 -99 -99 -99 -99 -99 -99 -99 -99 -99 -99 -99 -99 -99
-99 -99 -99 -99 -99 -99 -99 -99 -99 -99 -99 -99 -99 -99 -99
-99 -99 -99 -99 -99 -99 -99 -99 -99 -99 -99 -99 -99 -99 -99
-99 3.21844703046208 -99 -99 -99 -99 -99 -99 -99 0.123888020678684 -99 -99 -99 -99 -99
-99 -99 -99 1.65567754869061 -99 -99 -99 -99 -99 -99 -99 -99 -99 -99 -99
-99 -99 0.266325488363426 -99 -99 -99 -99 -99 -99 -99 -99 -99 -99 -99 -99
-99 -99 3.04930111594442 -99 -99 -99 -99 -99 -99 -99 -99 -99 -99 -99 -99
-99 -99 -99 -99 -99 -99 4.11875695861801 -99 3.70262764672832 -99 -99 -99 -99 -99 -99
-99 -99 -99 -99 -99 -99 -99 -99 -99 2.08367941553476 0.39097458152417 0.687403152464921 -99 -99 -99
-99 0.590156818788996 -99 0.805279966936327 -99 -99 -99 -99 -99 -99 2.68348960898714 -99 -99 -99 -99
-99 -99 -99 -99 -99 -99 -99 -99 -99 -99 -99 -0.0783367569977229 -99 -99 -99
-99 -99 -99 -99 -99 -99 -99 -99 -99 -99 -99 -99 -99 -99 0.598029867245287
-99 -99 -99 -99 -99 -99 -99 -99 -99 -99 -99 -99 -99 -99 -99
-99 -99 -99 -99 -99 -99 -99 -99 0.191657575023801 -99 -99 -99 -99 -99 -99
-99 -99 -99 1.14788490034008 -99 -99 -99 -99 -99 -99 -99 -99 -99 -99 -99
-99 -99 -99 -99 -99 -99 -99 1.43885198293748 -99 -99 -99 -99 -99 -99 0.768994530822859
1.6280844345549 -99 -99 -99 -99 -99 -99 -99 -99 -99 -99 -99 -99 -99 -99
-99 -99 -99 -99 -99 -99 -99 -99 -99 -99 0.62595038626496 -99 -99 -99 -99
-99 -99 -99 -99 -99 -99 -99 -99 -99 -99 1.37926397483466 -99 -99 -99 -99
-99 -99 -99 -99 -99 -99 -99 -99 -99 -99 0.467074909105599 -99 -99 0.122178863012826 -99
-99 -99 -99 -99 -99 -99 -99 -99 -0.291129072958585 -99 1.22985687243846 -99 -99 -99 -99
-99 -99 -99 -99 -99 -99 -99 1.16438152538932 -99 -99 -99 -99 -99 -99 -99
-99 -99 -99 -99 -99 -99 1.38194431058556 -99 -99 -99 -99 -99 -99 -99 -99
-99 -99 -99 -99 -99 -99 -99 -99 -99 -99 -99 -99 -99 -99 -99
-99 -99 -99 -99 -99 -99 -99 -99 -99 -99 0.509111012340821 -99 -99 -99 -99
-99 -99 -99 -99 -99 -99 -99 -99 -99 2.38858354057474 -99 -99 -99 -99 -99
-99 -99 1.8933591678092 2.47629820208585 -99 -99 -99 -99 -99 -99 -99 -99 -99 -99 -99
-99 -99 -99 -99 -99 -99 -99 -99 -99 -99 -99 -99 -99 -99 -99
-0.0365858677282815 -1.52487345885266 -1.93705242906491 -99 -99 -99 -99 -99 -99 -99 -99 -99 -99 -99 1.00430053074292
-99 0.0103436998837041 -99 -99 -99 -99 -99 -99 -99 -99 -99 -99 -99 0.777442999361858 -99
-99 -99 -99 -99 -99 -99 -99 -99 -99 -99 -99 1.29036369041701 -99 -99 -99
-99 -99 -99 -99 -99 -99 -99 -99 -99 -99 -99 -99 -99 -99 -99
-99 -99 -99 -99 -99 -99 -99 -99 -99 -99 -99 -99 -99 -99 -99
-99 -99 -99 -99 -99 -99 -99 -99 -99 -99 2.45499288749219 0.984963130223268 -99 -99 -99
-99 -99 -99 -99 -99 -99 -99 -99 -99 0.99585418175659 -99 0.829323271169792 -99 -99 -99
-99 -99 -99 -99 -0.717616812248325 -99 -99 -99 -99 2.89614642355936 -99 -99 -99 -99 -99
-99 -99 -99 -99 -99 -99 -99 -99 0.287188741000609 -99 -99 -99 -99 -99 -99
-99 -99 -99 0.865281514663165 -99 -99 -0.0728285893791767 -99 -99 -99 -99 -0.697923314965287 0.00164716465241277 -99 -99
1.47174310559407 -99 -99 -99 1.07381382774876 -99 -99 -99 -99 -0.493694801939015 -99 -99 -99 -99 -99
-99 -99 -99 -99 -99 -99 -99 -99 -99 -99 -99 -99 -99 -99 -99
-99 -99 -99 -4.37184541222127 -99 -99 -99 -99 -99 -1.21423028558597 -99 -99 -99 -99 -99
-99 -99 -99 -99 -99 -99 -99 -99 -99 -99 -99 -99 -99 -99 0.56671510807645
-99 -99 -99 -99 -99 -99 2.12526901566313 -99 -99 -99 -99 -99 -99 -99 -99
-99 -99 -99 -99 -99 -99 -99 -99 -99 -99 -99 -99 -99 -99 -99
-99 -99 -1.69782580347265 -99 -99 -99 -99 -99 -99 -99 -99 -0.522238910293757 -99 -99 -99
-99 -1.98458526858748 -2.83245588392984 -99 -99 -99 -99 -99 -99 -99 -99 -99 -99 -99 -99
-99 -99 -99 -99 -99 -99 -99 -99 -99 -99 -99 -99 -99 -99 -99
-99 -99 -99 0.0969360095149661 1.07049429331206 -99 -99 -99 -99 -99 -99 -99 -99 -99 -99
1.81742475113834 -99 -99 -99 -99 -99 -99 -99 -99 -99 -99 1.02143242102961 -99 -99 -99
-99 -99 -99 -99 -99 -99 -99 -99 -99 0.975300608667892 -99 -99 -99 -99 -99
-99 -99 -99 1.87535922740711 -99 -99 -99 -99 -99 -99 -99 -99 -99 2.80496429401703 2.15999256440055
-99 -99 -99 -99 -99 -99 -99 -99 -99 -99 -99 -99 -99 -99 -99
-99 -99 -99 -99 -99 -99 -99 -99 -99 -99 -99 -99 -99 -99 -99
-99 -99 -99 -99 -99 -99 -99 -99 -99 -99 -99 -99 -99 -99 -99
-99 -99 -99 -99 -99 -99 -99 -99 -99 -99 2.9922269547242 -99 -99 0.718820568721575 -99
-99 -99 -99 -99 -99 -1.61252144512191 -99 -99 -99 -99 -99 1.07360953053782 -99 -99 -99
-99 -99 -99 -99 -99 -99 -99 -99 -99 -99 -99 -99 -99 -99 -99
-99 -99 -99 -99 -99 -99 -99 -2.10901155187669 -99 -99 -99 -99 2.00739628263906 -99 -99
-99 -99 -99 -99 -99 -99 -99 -99 -99 -99 -99 -99 2.99705040739204 -99 0.096743903537621
-99 -99 -99 -99 -99 -99 -99 -99 -99 -99 -99 -99 -99 -99 -99
-99 -99 -99 -99 -99 -99 -99 -99 -99 -99 -99 -99 -99 -99 -99
-99 -99 -99 -99 -99 -99 -99 -99 -99 -99 -99 -99 -99 -99 -99
-99 -1.39439518962366 -99 -99 -99 -99 -99 -99 -99 -99 -99 -99 -99 -99 -99
-99 -99 -99 -99 -1.85061448425201 -99 -99 -99 -1.68648506824446 -99 -99 -99 -99 -99 -99
-99 -99 0.670686168219313 -99 -99 -99 -99 -99 -99 -99 -99 -99 -99 -99 -99
-99 -99 -99 -99 -99 -99 -99 -99 3.27554603128614 -99 -99 -99 -99 -99 1.09131721795036
-99 -99 -99 -1.07682679765992 -99 -99 -1.22301095844545 -99 -0.208850384260416 -99 -99 -99 -99 -99 -99
-99 -99 -99 -99 -99 -99 1.64283812491336 -99 1.51998245290582 -99 -99 -99 -99 -99 -99
-99 -99 -99 -99 -99 -99 -99 -99 -99 0.850778001076974 -99 -99 -99 -99 1.38510478726893
-99 -99 -99 -99 -99 -99 -99 -99 0.188361267277257 -99 -99 -99 -99 -99 -99
-99 -99 -99 -99 -99 -99 -99 -99 -0.0395739987231718 -99 -99 -99 -99 -99 -99
-99 -99 -99 -99 0.105130242005412 -99 -99 1.40835355326347 -99 -99 -99 -99 -99 -99 -99
-99 1.38095101777531 -99 -99 -99 -99 2.29027825714518 0.62455602861574 0.379142365900131 -1.14828136451432 -99 -99 -99 -99 -99
-99 -99 -99 -99 -99 -99 -99 -99 -99 -99 -99 -99 -99 -99 -99
-99 -99 0.555545019235557 -99 -99 -99 -99 -99 -99 -99 -99 -99 -99 -99 -99
-99 -99 -99 -99 -99 -99 -99 -99 -99 -99 -99 -99 -99 -99 -99
-99 -99 -99 -99 -99 -99 0.244066744181868 -99 -99 -99 -99 -99 -99 -99 -99
-99 -99 -99 3.92993101631047 2.75066504678804 -99 -99 -99 -99 -99 -99 -99 -99 -99 -99
-0.254866559567717 -99 -99 -99 -99 -99 -99 -99 -99 -99 -99 -99 -99 1.10169565821473 -99
-99 -99 -99 2.57499759584222 -99 -99 -99 -99 -99 -99 -99 -99 -99 -99 -99
-99 -99 -99 -99 -99 -99 -99 -99 -99 -99 -99 -99 -99 -99 -99
-99 -99 -99 -99 -99 -99 -99 -99 -99 -99 -99 -99 -1.84074645940713 -99 -99
-99 -99 -99 -99 -99 -99 -99 -99 -99 -99 -99 -99 -99 -99 -99
-99 -99 -99 -99 -99 -99 -99 -99 0.264536633243223 -99 -99 -99 -99 -99 -99
-99 -99 -99 -99 -99 -99 -99 -99 -99 -99 -99 -99 -99 -99 -99
-99 -99 -99 -99 -99 -99 -99 -99 -99 -99 -99 -99 -99 -99 -99
-99 -99 -99 -2.41628796772145 -99 -99 -99 -99 -99 -99 -99 -99 -99 1.39850760354044 -99
-99 1.27803132644215 -99 -99 -99 -99 -99 -99 -99 -99 -99 -99 -99 -99 -99
-99 -0.49829511813511 -3.38754976784629 -99 -99 -99 0.2443714344527 -99 -99 -99 -99 -99 -99 -99 -99
