-99 -99 -99 -99 -99 -99 -99 -99 -99 0.650735448009201 -99 -99 -99 -99 -99
-99 2.9141246616278 -99 -99 -99 -99 -99 -99 -99 -99 -99 -99 -99 2.32626889875387 -99
-99 -99 -99 -99 -99 -99 0.882520368698726 -99 -99 -99 2.79738755537952 -99 -99 -99 -99
-99 -99 -99 -99 -99 -99 -99 -99 -99 -99 -99 -99 0.587525423717005 -99 -99
-99 -99 0.320309004879547 -1.50135774951874 -99 -99 -99 -99 -99 -99 -99 -99 -99 -99 -99
-99 -99 -99 -99 -99 2.90002939236283 -99 -99 -99 -99 -99 -0.362157099867051 -99 -99 -99
-99 -99 -99 -99 -0.85683398201255 -99 -99 -99 -99 -99 -2.18002955448388 -99 -99 0.0313042370346364 -2.15880651292237
-99 -99 -99 -99 -99 2.63022786091142 -99 -99 -99 -99 -99 -99 -99 -99 1.72121842898979
-99 -99 -99 -99 -99 -99 -99 -99 2.36373745756513 -99 -99 -99 -99 -99 -99
1.12408339811632 -99 -99 -99 -99 -99 -99 -99 -99 -99 -99 -99 -99 -99 -99
-99 -99 -99 -99 -1.30690287224418 -99 -99 -99 -99 0.204002281012014 -99 -99 -99 -99 -99
-99 -99 -99 -99 -99 -99 -99 -99 -99 -99 -99 -99 -99 -99 -99
-99 -99 -99 -99 -99 -99 -99 -99 -99 1.50943873837279 -99 -99 -99 -99 -99
1.90638292205872 -99 -99 -99 -99 -99 -99 -99 -99 -99 -99 -99 1.4180587230482 -99 -99
-99 -99 -99 -99 -99 -99 1.14253289204123 -99 -99 -99 -99 -99 -99 -99 -99
-99 -99 -99 -99 -99 -99 -99 -99 -99 -99 -99 -99 -99 -99 -99
2.33437809342148 -99 -99 -99 -99 -99 -99 -99 -99 -99 -99 -99 5.31954320534961 -99 -99
-99 -99 1.74871362433167 -99 -99 -99 -99 -99 -99 -99 -99 -99 -99 -99 -99
-99 -99 -0.707226630892668 -99 -99 -99 -99 -0.767734544395572 -99 -99 -99 -99 -99 0.0259593713636109 -99
-99 -99 -99 -99 -99 -99 -99 -99 -99 -99 -99 -99 -99 -1.64797413211573 -99
-99 -99 2.13191935031796 -99 -99 -99 0.911028280729801 -99 -99 -99 -99 -99 -99 -99 -99
-99 -99 -99 -0.955586438310335 -1.20590550655092 -99 -99 -99 -99 -99 -1.08233435948209 -99 -99 -99 -99
-99 -99 -99 -99 -99 -99 -99 -99 -99 -99 -99 -99 -99 -99 -99
-99 -99 -99 -99 -99 -99 -99 -99 -99 -99 -99 -99 -99 -99 -99
-99 2.141102912805 -99 -99 -99 -99 -99 3.01313625546107 -99 -99 -99 -99 -99 -99 -99
-99 -99 -99 -99 -99 -99 -99 -99 -99 -99 -99 -99 1.61932357694998 -99 -99
-99 -99 -99 -99 -99 -99 -99 -99 -99 -99 3.60666101462897 -99 1.11447326817029 -99 -99
-99 -99 -99 -99 -99 -99 -99 -99 -99 -99 -99 -99 -99 -99 0.0509635792254708
-99 -99 -99 -99 -99 -99 -99 3.04864708794661 -99 -99 -99 -99 3.060013112242 -99 -99
-99 -99 -99 -99 -99 -99 -99 -99 -99 -99 -99 -99 -99 -99 -99
1.4631282247986 -0.328746269306325 -99 -99 -99 -99 -99 -0.249737728836785 -99 -99 -0.128533343068871 -99 -99 -99 -99
-99 3.35111831940342 -99 -99 -99 -99 -99 -99 -99 -99 -99 -99 -99 -99 -99
-99 -99 -99 -99 2.64943472598095 -99 -99 -99 -99 -99 -99 -99 -99 -99 0.669518967513935
-99 1.98126915254252 -99 -99 -99 -99 1.62012472556651 -99 -99 -99 -99 -99 -99 -99 -99
2.42943128352444 -99 -99 -99 -99 -99 -99 -99 -99 -99 -99 -99 -99 1.44002015295256 -99
2.44794283324986 -99 -99 -99 -99 -99 -99 -99 -99 -99 -99 -99 -99 -99 -99
-99 -99 -99 -99 -99 -99 1.54076799532643 -99 -99 -99 -99 -99 -99 -99 -99
-99 -99 -99 -99 -99 2.80583239066383 -99 -99 -99 2.77910495839885 3.80225154695559 -99 -99 3.40320517797367 -99
-99 -99 -99 1.90710212206417 -99 -99 -99 -99 -99 -99 -99 -99 -99 -99 -99
-99 -99 -99 -99 -99 -99 -99 0.980986997227312 -99 -99 -99 -99 -99 -99 -99
-99 -99 -99 -99 -99 -99 1.71444200477838 1.37203589848935 -99 -99 -99 -99 -99 -99 -99
-99 -99 -99 -99 -99 -99 -99 -99 -99 -99 0.42504968661041 -99 -99 -99 -99
-99 -99 -99 -99 -99 -99 -99 -99 -99 -99 -99 -99 -99 -99 -99
-0.440434593158261 -99 -99 -99 -99 2.00978564056866 -99 -99 -99 -99 -99 1.71944513704755 -99 -99 -0.234851605782627
-99 -99 -99 -0.650582815530753 -99 -99 -99 -99 -99 -99 -99 -99 -99 -99 -99
-99 -99 -99 -99 2.64844851828466 -99 -99 -99 -99 -99 -99 -99 -99 -99 -99
-99 -99 -99 -99 -99 -99 -99 -99 -99 -99 -99 -99 -99 -99 -99
-99 -99 -99 -99 -99 -99 -99 -99 -99 -99 -99 -99 -99 -99 -99
-99 -99 -99 -99 -99 -99 -99 -99 -99 1.78997880268482 -99 1.88575618380899 -99 -99 -99
0.0729343516250788 -99 -0.881045058720926 1.14511120575516 -99 -99 -99 -99 -99 -99 1.24620765800328 -99 -99 -99 -99
-99 -99 4.13617303853512 -99 -99 -99 -99 -99 -99 -99 -99 -99 -99 -99 -99
-2.70216401229984 -99 -99 -99 -99 -99 -99 -99 -99 -99 -99 -99 -99 -0.206628246126024 -99
-99 -99 -99 -99 -99 -99 -99 -99 -99 -99 -99 -99 -99 -99 -99
-99 -99 -99 -99 -99 -99 2.11392179527246 -99 -99 -99 -99 -99 -99 -99 -99
-99 -99 -99 -99 -99 -99 -99 -99 -99 0.178798213031926 -0.259886805590145 -99 -99 -99 -99
-99 -99 1.13270253024876 -99 -99 -99 -99 -99 -99 -99 -99 -99 -99 -99 -99
-99 -99 -99 -99 -99 -99 -99 -99 -99 -99 1.73591838963734 -99 -99 1.73012729406866 -99
-99 -99 -99 -99 -99 -99 -99 -99 1.20852777648865 -99 -99 -99 -99 -99 -99
-99 -99 -99 -99 -99 -99 -99 -99 -99 -99 -99 -99 -99 -99 -99
-99 -99 -99 -99 -99 -99 0.985232283872493 -99 -99 -99 2.43073036522217 -99 -99 -99 -99
-99 -99 -99 -99 -99 -99 -99 -99 -99 -99 -99 -99 -99 -99 -99
-99 -99 -99 0.822568216218769 -99 2.13144914984507 -99 -99 -99 -99 -99 -99 -99 -99 -99
-99 -99 -99 -99 -99 -99 -99 1.83201681400835 -99 -99 0.730528912471753 -99 -99 -99 -99
-99 -99 -99 -99 -99 2.61999006081689 0.910885856608638 -99 -99 -99 -99 -99 -99 -99 1.0418998403399
1.5922315653102 -99 -99 -99 -99 -99 -99 -99 -99 1.40471451593358 -99 -99 -99 -99 -99
-99 1.57839463859852 -99 -99 -99 1.09959425995282 0.625312723416718 -99 -99 -99 -99 -99 -99 -99 -99
-99 -99 -99 -99 -99 -99 -99 1.19984812989798 -99 -99 -99 -99 -99 -99 -99
-99 -99 -99 -99 0.987620605832071 -99 1.41515915403943 -99 -0.693923444315279 -99 -99 -99 -99 -99 -0.943506184170054
-99 -99 -99 -99 -99 -99 -99 -99 -99 -99 -99 -99 -99 -99 -99
-99 0.594282825407227 -99 -99 -99 -99 -99 -99 -99 -99 -99 -99 -99 0.789275749625645 -99
-99 -99 -99 -99 -99 -99 -99 -1.37217236075088 -99 -99 -99 -99 -99 -99 -99
-99 -99 -99 -99 0.277653878136804 -99 -99 -99 -99 -99 -99 -99 -99 -99 -99
-99 -99 -2.25021668321767 -99 -99 -99 -99 -99 -99 -99 1.34374018312396 -99 -99 -99 -99
-99 -99 -99 -99 -99 -99 -99 -99 -99 -99 1.73167789740473 -99 -99 -99 -99
-99 -99 -99 -0.822255315602133 -99 -99 -99 -99 0.570939988412813 -99 -99 -99 -99 -99 -99
-99 -99 -99 -99 -99 -99 -99 -99 -99 -99 -99 -99 0.411681906737507 -99 -99
-99 -99 -99 -99 -99 -99 -99 -99 -99 -99 -99 -99 -99 -99 -99
-99 -99 -99 -99 -99 0.0238061242121439 -99 -99 -99 -99 -99 -99 -99 -99 0.920223096927625
-99 -99 -99 -99 -99 -99 -99 -99 0.0371895030093687 -99 -1.80068596686993 -99 -99 -99 -99
-99 -99 0.527190932654099 -99 -99 -99 -99 0.134917798180315 -99 -99 -99 -99 -99 -99 -99
-99 -99 -99 0.603409044141709 -99 -99 -99 -99 1.81021966927263 -99 -99 -99 -99 -99 -99
-99 -99 -99 -99 -99 -99 -99 -99 -99 -99 -99 -99 -99 -99 -99
-99 0.819390211462931 1.38426351839061 -99 -99 -99 -99 -99 -99 2.46489022678957 1.32962964268618 -99 -99 -99 -99
-99 0.913859844270182 -99 -99 -99 -99 -99 -99 -99 -99 0.778785467797461 0.933107982588056 -99 -99 -99
-99 -99 -99 -99 -99 -99 -99 0.828732030735308 -99 -99 -99 -99 -99 -99 -99
-99 -99 -99 -99 -99 -0.639026025687093 -99 -99 -99 -99 -1.13132387739731 -99 0.317284004096362 -99 -99
-99 -99 2.88485750866287 -99 -99 -99 -99 -99 -99 -99 -99 1.37856374577474 1.93201901856674 -99 -99
1.84623941405938 -99 -99 -99 -99 -99 -99 -99 0.80910544478409 1.25012313246897 -99 2.59274699967698 -99 -99 -99
-99 -99 -99 -99 -99 -99 -99 -99 -99 -99 -99 -99 -99 -0.36160389608248 -99
-99 -99 -99 -99 -99 -99 -99 -99 -99 -99 -99 -99 -99 -99 2.76839841063714
-99 -99 -99 -99 -99 -99 -99 -99 -99 -99 -99 -99 -99 -99 -99
-99 -99 -99 -99 -99 -99 -99 -99 -99 1.24730813259092 -99 -99 -99 -99 -99
-99 -99 -99 -99 3.07940235951708 -99 -99 -99 -99 -99 -99 -99 -99 -99 -99
-99 -99 -99 -99 -99 -99 -99 -99 -99 -99 -99 -99 -99 -99 -99
1.70969278471661 -99 3.6314550272608 -99 -99 -99 -99 -99 -99 -99 -99 -99 -99 -99 -99
-99 -99 -99 -99 -99 -99 -99 -99 -99 -99 -99 -99 -99 -99 -99
-99 -99 -99 -99 -99 -99 -99 -99 -99 -99 -99 -99 -99 -99 -99
-99 -99 -0.00206181889965751 -99 -99 -99 -99 -99 -99 2.56191866427993 0.418727139431641 -99 -99 -99 -99
-99 -99 -99 -99 -99 -99 -99 -99 -99 -99 -99 -99 -99 -99 -99
-99 -99 -99 -99 -99 -99 -99 -99 -99 2.39755038644895 0.898992461290152 -99 -99 -99 -99
-99 -99 -99 -99 -99 -99 -99 -99 -99 -99 -1.32293217818451 -99 -99 -99 -99
-99 -99 -99 -99 -99 -99 -99 -99 -99 -99 1.62391650451787 -99 -99 -99 -99
1.10094537579324 -99 -99 -99 -99 -99 -99 -99 -99 -99 -99 -99 -99 -99 -99
-0.0395576039667336 -99 -99 -99 -0.868625236838737 -99 -99 -99 -99 -99 -99 -99 -99 -99 -99
-99 -0.025655271641835 1.31170862857998 -99 -99 -99 -99 -99 -99 -99 -99 -99 0.151385041407678 -99 -99
-99 1.59170649062444 -99 -99 -99 -99 -99 -99 -99 -99 -99 -99 -99 -99 -99
-99 -99 -99 -99 -99 -99 -99 -99 -99 -99 0.34898124632343 -99 -99 0.979569163625197 -99
-99 0.823144523077239 -99 -99 -99 -99 -99 -99 -99 -99 -99 2.98024921372175 -99 -99 -99
-99 -99 -99 -99 -99 -99 -99 -99 -99 -99 -99 -99 -99 -99 -99
-99 -99 -99 -99 -99 -99 -99 -99 -99 -99 -99 -99 -99 -99 -99
-99 -99 -99 3.18013859163272 -99 -99 -99 -99 -99 0.810561547507619 -99 -99 -99 -99 -99
-99 -99 -99 -99 -99 -99 3.66900688135346 -99 -99 -99 -99 -99 -99 -99 -99
0.705342633550541 0.465409250734383 -99 -99 -99 -99 -99 -99 -99 -99 -99 0.82145591540821 -99 -99 -99
-99 -99 -99 -99 -99 -99 -0.748178195659982 -99 -99 -99 -99 -99 -99 -99 -99
-99 -99 -99 -99 -99 -99 -99 -99 -99 -99 -99 -99 -99 -99 0.238641954692016
-99 -99 -99 -99 -99 1.68742819446355 -99 -99 -99 -99 -99 -99 0.205451005292466 -99 -99
-99 -99 -99 -99 -99 -99 -99 -99 -99 -99 -99 1.70116783146421 -99 -99 -99
-99 -0.878566597595127 -99 -0.685370524065455 -99 -99 -99 -99 -99 -99 -99 -99 -99 -99 -99
-99 -99 -99 -99 -99 -99 -99 -2.46542737075363 -99 -99 -99 -99 -99 -99 -2.43084351199794
0.0219351022787797 -99 -99 -99 -0.00563395620786444 -99 1.39584525737909 -99 -99 -99 -99 -99 -99 -99 -99
-99 0.531942183751035 -99 -99 -99 -99 -99 -99 -99 -99 -99 -99 -99 -99 -99
-99 -99 -99 -99 -99 -99 -99 -99 -99 -99 -99 1.10175906432858 -99 -99 -99
-99 -99 -99 -99 -99 -99 -99 -99 -99 -99 -99 -99 -99 -99 -99
-99 -99 -99 -99 -99 -99 -99 -99 -99 -99 1.29752465022323 -99 -99 -99 -99
-99 -99 -99 -99 -99 -99 3.32175113224187 -99 -99 -99 -99 -99 -99 -99 -99
-99 -99 -99 -99 -99 -99 -99 -99 1.16015976872311 -0.185818346343928 0.505606383582118 -99 -99 -0.085294991734896 -0.585335130784141
-99 -99 -99 -99 -99 -99 -99 -99 -99 -99 -99 -99 -99 -99 -99
-99 -1.08334758475909 -99 -99 -99 -99 -99 -99 -99 -99 -99 -99 -99 -99 -99
-99 -99 -99 -0.231971428449822 -99 -99 -99 -99 -99 -99 -99 -99 -99 -99 -0.19406801525157
-99 -99 -99 -99 -99 -99 -99 -99 -99 -99 -99 -99 -99 -0.0269516857349488 -99
-99 -99 -99 -99 -99 -99 -99 -99 -99 -99 -99 -99 -99 -99 -99
-99 -0.773068069830557 -99 -99 -99 -99 -99 -99 -99 -99 -99 -99 -99 -99 -99
-99 -99 -99 -99 -99 -99 -99 -99 -99 -99 -99 -0.365470502082926 -99 -99 -99
-99 -99 -99 -99 -1.28417942049064 -99 -99 -99 -99 -0.275899284366577 -99 -99 -99 -99 -99
-99 -99 -99 -99 -99 -99 -99 -99 -99 -99 -99 -99 -99 0.22411405598899 -99
-99 -99 -99 -99 -99 1.56063787326247 -99 -99 -99 -99 -99 -99 -99 -99 -99
-99 -99 -99 3.0708005909233 -99 -99 -99 -99 -99 -99 -99 -99 1.55793563405065 -99 -99
-99 -99 -99 -99 3.24752731490476 -99 -99 -99 -99 -99 -99 -99 -99 -99 -99
-99 -99 -99 -1.00098294620755 0.0715523373124805 -99 -99 -99 -99 0.426115057180293 -99 -99 -99 -99 -99
-99 -99 -99 -99 -2.03575472692515 -99 -99 -99 -99 -99 -99 -99 -99 -99 -99
-99 -99 -99 -99 -99 -99 -99 -99 -99 -99 -99 -99 -99 -99 -99
-99 -99 -99 -99 -99 -99 -99 -99 -99 -99 -99 -99 1.09966521882697 -99 0.893127409731423
-99 -99 -99 -99 -99 -99 -99 -99 -99 -99 -99 -99 -99 -99 -99
-99 -99 -99 -99 -99 -99 -99 -99 -99 -99 0.337669020116631 -99 -99 -99 -99
-99 -99 -99 -99 -99 -99 -99 -99 -99 -0.0100483885207305 -99 -99 -99 -99 -99
-99 -99 -99 -99 -99 -99 -99 -0.267015218499031 -99 0.0649528809090643 -99 0.527309903968665 -99 -99 -99
2.40347911171928 -99 -99 0.610921530546508 -99 -99 -99 -99 -99 2.07424901089434 -99 1.72695844355964 -99 -99 1.18021510497027
-99 -99 -99 -99 -99 -99 0.772013160113855 -0.60235992735946 -99 -99 -99 -99 -99 -99 -0.265172672605177
-99 2.15017797229211 -0.388464464006509 -99 -99 -99 -99 -1.38123159773274 -99 -99 1.10061432311318 -99 -99 1.31386546732381 -99
2.32459356557403 -99 -99 -99 -99 -99 -99 0.243467762891531 -99 -99 2.03502082244712 -99 -99 1.69432437633352 -99
-99 -99 -99 -99 -99 -99 -99 -99 -99 1.93476626959317 -99 -99 0.891573259358076 -99 -99
-99 -99 2.26852317696402 -99 -99 -99 -99 -99 -99 -99 -99 -99 -99 -99 -99
-99 -99 -99 -99 -0.12657968912498 -99 -99 -99 -99 -99 -99 -99 -99 -99 -99
-99 -99 -99 -99 -99 -99 1.19622685085347 -99 -99 -99 -99 -99 -99 -99 -99
-99 -99 -99 2.1045536961757 -99 -99 -99 -99 -99 0.824244485664321 -99 -99 -99 -99 -99
-99 -99 -99 1.27413879868086 -99 -99 -99 -99 -99 -99 -99 -99 -99 -99 -99
-99 -0.972955866893183 -99 -99 -99 -99 -99 -0.417674790021252 1.26289715224154 -99 -99 -99 -99 -99 -99
-99 -99 -99 -99 -99 0.0698378161745141 -99 -0.593879755457011 -99 -99 -99 -99 -99 -99 -99
-99 3.55270733713012 -99 -99 -99 -99 -99 -99 -99 -99 -99 -99 -99 -99 -99
-99 -99 -99 -99 -99 2.40329685926895 -99 -99 -99 -99 -99 -99 -99 -99 -99
-99 -99 -99 -99 -99 -99 -99 -99 -99 -99 -99 -99 -99 -99 -99
-99 0.101123257320411 -99 -99 -99 -99 -99 -99 -99 -99 -99 -99 -99 -99 -99
-99 -99 -99 -99 -0.875789438841576 -1.49196564521765 -99 -99 -99 -99 -99 -99 -99 -99 -99
-99 -99 -99 -99 -99 -99 -99 -99 -99 -99 -99 -99 -99 -99 -99
-99 -99 -99 0.296681140061274 -99 -99 -99 -99 -99 -99 -99 -99 -99 -99 -99
-99 -99 -99 -99 -99 -99 -99 -99 -99 -99 -99 -99 -99 -99 2.73711880600958
-99 -99 -99 -99 1.11747409456617 -99 -99 -99 -99 -99 -99 -99 -99 -99 -99
-99 -99 3.20962024310448 2.17180313312582 -99 -99 -99 -99 -99 -99 -99 -99 -99 -99 -99
-99 -99 -99 -0.288611574294854 -99 -99 -99 -99 -99 -99 -99 -99 0.425647499669172 -99 -99
-99 -99 -99 -99 0.917574252810171 -0.0276979144798839 -99 0.116872186506689 -99 -99 0.339545192584896 -99 -99 -99 -99
-99 -99 1.91532441633939 -99 -99 -99 -99 0.896389418697189 -99 -99 -99 -99 -99 -99 -1.30268102220142
-99 -99 -99 0.0649261553756773 0.961039533467318 -99 2.30004472032456 -99 -99 3.49455212394649 -99 -99 -99 -99 1.46274029851054
-99 -99 -99 -99 -99 -99 -99 -99 -99 -99 -99 -99 -99 -99 -99
-99 5.04514158267614 3.4467851816079 -99 -99 -99 -99 -99 -99 -99 3.02968020498339 2.30507197676094 -99 -99 -99
-99 -99 -99 -99 -99 -99 -99 -99 -99 -99 -99 -99 -99 -99 1.45751407007694
-99 -99 -99 -99 -99 -99 -0.946985732822092 -99 -99 -99 -99 -99 -99 -99 -99
-99 -99 -99 -99 -99 -99 -99 -99 -99 -99 -99 -99 -99 -99 -99
-99 -99 -99 -99 -99 -99 -99 0.484099767847753 -99 -99 -99 -99 -99 -99 -99
-99 -99 1.08311103694955 -99 -99 -99 -99 -99 -99 -99 -99 -99 -99 -99 -99
-99 -99 -99 -99 -99 -99 -0.14596728871792 -99 -99 -0.206783837719704 -99 -99 -99 -99 -99
-99 -99 1.96125590863189 -99 -99 -99 -99 0.025169328064131 -99 -99 -99 -99 -99 1.10434209903205 -99
-99 -99 -99 -99 -99 -99 -99 -99 -99 -99 -99 -99 -99 -99 -99
-99 -99 -99 -99 -99 2.97739360253771 -99 3.93281775021285 -99 -99 -99 -99 -99 -99 -99
-99 -99 -99 -99 -99 -99 -99 -99 -99 0.27226193567311 -99 -99 0.552056572567622 -99 -99
-99 -99 0.575079455453188 -99 -99 0.760498186607677 -99 -99 -99 -99 -99 -99 -99 -99 -99
-99 -99 -99 -99 -99 -1.21013421350529 -99 -99 -0.300212639704194 -99 -99 -99 -99 -99 -3.10642457434418
-99 -99 -99 -99 -99 -99 -99 -1.80943908441916 -99 -99 -99 -99 -99 -99 -99
-99 -99 -99 -99 -99 -99 -99 -99 -99 1.53638953139789 -99 -99 -99 -99 -99
-99 -99 -99 -99 -99 -99 1.48434753677946 -99 -99 -99 -99 -99 -99 -99 -99
-99 -99 -99 -99 -99 -99 -99 -99 -99 -99 -99 -99 -99 -99 -99
-99 -99 -99 -99 -99 -99 -99 -99 -99 -99 -99 -99 -1.12665462739387 -99 2.265324620348
-99 -99 -99 -99 -99 -99 -99 -99 2.01255162745453 -99 -99 0.117995365616979 -99 -99 -99
-99 2.94755419258147 -99 -99 -99 -99 -99 -99 -99 -99 -99 -99 -99 -99 -99
-99 -99 -99 -99 -99 -99 -99 -99 -99 -99 -99 -99 -99 -99 -99
-99 -99 -99 -99 -99 -99 -99 -99 0.879390778002364 3.41841083378767 -99 -0.87833179342508 -99 -99 -99
-99 -99 -99 -99 -99 -99 -99 -99 -99 -99 -99 -99 -99 -99 -99
-99 -99 -99 -99 -99 -99 -0.370076684268654 -1.42112788553817 -99 -99 -99 -99 -99 -99 -99
-99 -99 -99 -99 -99 -99 -99 -99 -99 -99 -99 -99 -99 -99 -99
-99 0.560123233120727 -99 -99 -99 -99 -99 -99 0.332021415632806 -99 -99 -99 -99 -99 -99
-99 -99 -99 -99 -99 -99 -99 -99 -99 1.12964676943275 -99 -99 -99 -99 -99
-99 0.226884269589738 -99 -99 -99 -99 -0.252041556314911 -0.393505795551195 -99 -99 -99 -99 -99 -99 -99
-99 -99 -99 -99 1.00997367205608 -99 -99 -99 -99 -99 -99 -99 -99 -99 -99
-99 -99 -99 -99 -1.64468774965099 -99 -99 -99 -99 -1.33843176680044 -99 -99 -99 -99 -99
-99 2.32882733038182 -99 -99 -99 -99 -99 -99 -99 -99 -99 -99 -99 -99 -99
-99 -99 -99 -99 0.492723259347247 -99 -99 -99 1.44446956154452 -99 -99 -99 -99 -99 -99
-99 -99 -99 -0.246340054176889 -99 -99 -99 -99 -99 -99 -99 -99 -99 -99 0.781628098836622
-99 -99 -99 -99 -99 -99 -99 -99 -99 0.427488487110203 -99 -99 -99 -99 -99
-99 -99 -99 -99 -99 -99 -99 -99 -99 -99 -99 -99 -99 -99 1.96545036704891
-99 -99 -99 -99 -99 -99 -99 -99 -99 -99 -99 -99 -99 -99 -99
-99 -99 -99 -99 -99 -99 -99 -99 -99 1.23151187743586 -99 -99 0.631789646969786 -99 -99
-99 -99 -99 -99 -99 -99 -99 -99 -99 -99 -99 1.04814013528051 -99 -99 2.68444368292907
-99 -99 -99 -99 -2.43537094004451 -99 -99 -99 -99 -99 -99 -0.411104224628551 -99 -99 -99
-99 -99 -99 -99 -99 -99 -99 2.49052130510915 -99 0.847621255114297 1.10535619365693 -99 -99 -99 -99
-99 1.75694221222832 -99 -99 -99 -99 -99 -99 -99 -99 -99 -99 -99 -99 -99
1.84131009452806 2.32730345161994 -99 -99 -99 -99 -99 -99 -99 -99 -99 1.66575850975157 -99 -99 -99
-99 -99 -99 -99 -99 -99 -99 -99 2.68741727096463 -99 -99 -99 -99 -99 -99
-99 -99 -99 -99 -99 -99 -99 -99 -99 -99 -99 -99 1.97698048514518 4.0860298813243 -99
-99 -99 -99 0.799796912495516 -99 -99 -99 -99 -99 -99 -99 -99 -99 -99 -99
-99 -99 -99 -0.233790879214543 -99 -99 -99 -99 -99 -99 -99 -99 -2.04728418371418 0.696910628367241 -99
-99 2.21253339992206 -99 -99 1.85615120805008 -99 -99 -99 -99 -99 -99 -99 -99 -99 -99
-99 -99 -99 -99 -99 -99 -99 -99 -99 -99 -99 -99 -99 -99 -99
-99 -99 -99 -99 -99 -99 -99 -99 -99 -99 -99 -99 1.04210470262078 -99 -99
-99 -99 -99 -99 -99 -99 -99 1.95258484417663 2.75878071194295 -99 -99 -99 -99 3.30926201116217 -99
-99 -99 -99 -99 -99 -99 -99 -99 -99 -99 -99 -99 -99 -99 -99
-99 -99 -99 -99 -99 -99 -99 -99 -99 -1.00788478447004 -99 -99 -99 -99 0.497391568010855
-99 -99 -99 -99 -99 -99 -99 -99 -99 -99 -99 -99 -99 -99 -99
-99 -99 -99 -99 -99 0.961619361234398 -99 -99 -99 1.6596159998423 -99 -99 -99 -99 -99
-99 -99 -99 -99 -99 -99 -99 -99 -99 -99 -99 -99 -99 -99 -99
2.18653470937033 -99 1.25127199974539 -99 -99 -99 -99 -99 -99 -99 -99 -99 1.13910615257742 -99 -99
-99 -99 -99 -99 -99 -99 -99 -99 -99 -99 -99 -99 -99 -99 -99
-99 -99 -99 -99 -99 -99 -99 0.49935134748897 -99 -99 -99 -99 -99 -99 -99
-99 -99 -99 -99 -99 -99 3.12661320137301 -99 -99 -99 -99 -99 -99 -99 -99
2.56799220568163 -99 -99 -99 -99 -99 -99 -99 -99 -99 -99 -99 -99 -99 -99
-99 -99 -99 -99 -99 1.4855806239042 -99 -99 -99 -99 -99 0.910022570976102 -99 -99 -99
0.853442965619741 -99 -99 -99 3.0364903640694 2.38756987881121 -99 -99 -99 -99 1.66399272261522 -99 -99 -99 -99
-99 -99 -99 -99 -99 -99 -99 -99 -99 -99 0.486461956897926 -99 -99 -99 -99
-99 -99 -99 -99 -99 -99 -99 -99 -99 -99 -99 -99 -99 -99 -99
-99 -99 -99 -99 -99 -99 -99 -99 -99 -99 -99 -99 -99 2.42353057416459 -99
-99 -99 0.0391648713945599 -99 -99 -99 1.71460090633418 -0.301205048045802 -99 -99 -99 -99 -99 -99 -99
-99 -99 -99 -99 -99 -99 -99 2.23269532623112 -99 -99 -99 -99 -99 -99 -99
1.70558798324682 -99 -99 -99 -99 -99 -99 -99 -99 -99 1.57516025907188 -99 -99 -99 -99
-99 -99 -99 -99 1.61154734841393 -99 -0.983227650890836 -99 -99 -99 -99 -99 -99 -99 -99
-99 -99 -99 -99 -99 -99 -99 0.0954813389131746 -99 2.17334321863429 2.04388731348821 1.33936990654342 -99 -99 -99
-99 -0.847949556364337 0.71692854811091 -99 -99 -99 -99 -99 -99 -0.348313318387252 -99 -99 -99 -99 -99
-99 -99 2.0340467726572 -99 -99 -99 -99 -99 -99 -99 -99 -99 -99 -99 -99
-99 -99 -99 -99 -99 -99 -99 -99 1.1963915674469 -99 -99 -99 -99 -99 -99
-99 -99 -99 -99 -99 -99 -1.85822500827706 -99 -99 -99 -99 -99 -99 -99 -99
-99 -99 -99 -99 -99 -99 2.13482527431513 -99 -99 -99 -99 -99 -99 -99 -99
-99 -99 -99 -99 -99 -99 -99 -99 -99 -99 -99 -99 -99 -99 -99
-99 -99 -99 1.27638291776888 -99 -99 -99 -99 -99 -99 -99 -99 -99 -99 -99
-99 -99 0.0384787057226459 -99 -99 1.06592104462949 -99 -99 -99 -99 -99 -99 1.66462717271802 -99 -99
-99 -99 -99 -99 -0.087102853836486 -99 -99 -99 -99 -99 -99 -99 -0.994462602850612 -99 -99
-99 -99 -99 0.319104777400909 -99 -99 -99 -99 -99 -99 -99 -99 -99 -99 1.74044797460159
-99 -99 -99 -99 -99 -99 -99 -99 -99 -99 -99 -99 -99 -99 -99
-99 -99 -99 -99 -99 -99 -99 1.48652234014533 -99 -99 0.929731117821682 -99 -99 -99 -99
-99 -99 -99 -99 -99 -99 -99 -99 -99 -99 -99 -99 -99 -99 -99
0.00765456355653571 -99 -99 -99 -99 -99 -99 -99 -99 -99 -99 -99 -99 -99 -99
-99 -99 -99 -99 -99 -99 -99 -99 -99 -99 -99 -99 -99 -99 -99
-0.554194408377925 -99 -99 -99 -99 0.134195644482873 -99 -99 -99 -99 -99 -99 -99 -99 -99
-0.370771842492021 -99 -99 -99 -99 -99 -99 -0.464277264734078 -99 -99 -99 -99 1.29011540861675 -99 -0.442172827391711
0.389304878598788 -99 -99 -99 -99 -99 -99 -99 -99 -99 0.187165887720465 -99 -99 -99 -99
-99 -99 -99 -99 -99 -99 -99 -99 -99 2.66715258535234 -99 -99 -99 -99 -99
-99 -99 -99 -99 -99 -99 -99 -99 0.841453088417648 1.79560669909467 -99 -99 -99 -99 -99
-99 -99 -99 -99 -99 -99 -99 -99 -99 -99 -99 -99 -99 -99 -99
-99 -99 -99 -99 -99 -99 -99 -99 -99 -99 -99 -99 -99 -1.20875669776904 -99
-99 -99 2.62654236002828 -99 -99 -99 -99 -99 1.58972001605544 3.30845689133311 -99 -99 -99 -99 0.82586270470487
-99 -99 -99 -99 -99 0.361746659411407 -99 -99 -99 -99 -99 -99 -99 2.07248345267981 -99
-99 -99 -99 -99 -99 -99 -99 -99 -99 -99 -99 -0.103645984991736 -99 -99 -99
-99 -99 -99 -99 -99 -99 -99 -99 -99 -99 -99 -99 -99 -99 -99
-99 -99 -99 -99 -99 -99 3.33160135938253 2.45960961499105 -99 1.76399106866754 -99 -99 -99 -99 -99
-99 -99 1.97435641383896 -99 -99 -99 -99 -99 -99 -99 -99 -99 -99 -99 -99
-99 -99 -99 -99 -99 -99 1.05858757489674 -99 -99 -99 1.95625143341859 -99 -99 -99 -99
-99 -99 0.90709002707907 -99 1.0474224534429 -99 -99 -99 -99 0.684670449432824 -99 -99 -99 -99 -99
-99 -99 -99 -99 -99 -99 -99 2.15874981577149 -99 -99 -99 -99 -99 -99 -99
-99 -99 -99 -99 -99 -99 1.4231892524419 -99 -99 -99 -99 -99 -0.101275371060483 -99 -99
-99 -99 -99 -99 -99 -99 -99 -99 1.83433557955619 -99 -99 -99 -99 -99 -99
-99 -99 -99 -99 1.32569655278657 -99 -99 -99 -99 -99 -99 -99 -99 -99 -99
-99 -99 -99 -99 -99 -99 -99 -99 -99 -99 -99 -99 -99 -99 -99
-99 -99 -99 -99 -99 -99 -99 -99 4.15778913331585 -99 -99 -99 -99 -99 -99
-99 -99 2.45276058498077 -99 -99 -99 -99 -99 -99 -99 -99 -99 -99 -99 -99
-99 0.879152623804793 -99 1.40139913173658 -99 -99 3.77428827891296 -99 -99 -99 -99 -99 -99 -99 -99
-99 -99 -99 -99 -99 -99 -99 -99 3.94356778983602 -99 -99 -99 -99 -99 -99
-99 -99 -99 -99 -99 -99 -99 -99 -99 -99 -99 -99 0.673547914837143 -99 -99
-99 -99 -99 2.43630239739977 -99 -99 -99 -99 -99 -99 -99 -99 -99 -99 -99
-99 -99 -99 -99 -99 -99 0.500412085437609 -99 -99 -99 -99 -99 -99 -99 -99
-99 -99 -99 -99 -99 -99 -99 -99 -99 -99 -99 -99 -99 -99 -99
-99 -99 -99 -99 -99 -99 -99 -99 -99 1.51558017610585 -99 -99 -99 -99 -99
-99 -99 -99 -99 -99 -99 -99 -99 -99 -99 -99 -99 -99 -99 -99
-99 -99 -99 -99 -99 -99 -99 -99 -99 -99 -99 -99 1.50806458276377 -99 -99
-99 -99 -99 1.55894745719375 2.86533267673319 -99 -99 -99 3.0033853501721 -99 -99 -99 -99 2.13805551225818 -99
0.209141180188164 -99 -99 -99 -99 -0.853814669860042 -99 -99 -99 -99 -99 -99 -99 -99 -99
-0.680538425635294 -99 -99 -99 -99 -99 -99 -99 -99 -99 -99 -99 -99 -99 -99
-99 -99 -99 1.17165093053965 -99 -99 -99 -99 1.32233562895408 -99 -99 -99 -99 -99 -99
-99 -99 -99 -99 -99 -99 -99 -99 1.62628318956064 -99 -99 -99 -99 -99 -99
-99 -99 -99 -99 -99 -99 -99 -99 -99 -99 -99 -99 -99 -99 -99
-99 -99 -99 0.602223563110919 -99 -99 -99 -99 -0.669743144018343 -99 -99 -99 0.635725208202803 -99 -99
-0.911760881964422 -99 0.961921933782509 -99 1.24236908232776 -99 -99 -99 -99 -99 -99 -99 -99 -99 -99
0.465946179932452 -99 -99 -99 -99 -99 0.852620732082383 -99 -1.84220841077964 -99 -0.0291931295727432 -99 -99 -99 -99
-99 -99 -99 -99 -99 -99 -99 -99 -99 -99 -99 -99 -99 -99 -99
-99 -99 -99 -99 -99 -99 -99 -99 1.67727075277506 -99 1.99679133037125 -99 2.94197613375662 -99 -99
-99 -99 -99 -99 -99 -99 -99 -99 -99 -99 -99 -99 2.09679530609242 -99 -99
-99 -99 -99 -99 -99 -99 -99 -99 -99 -99 -99 -99 -99 -99 -99
-99 -99 -99 -99 -99 -99 -99 -99 -99 -99 -99 -99 2.20345494479694 -99 -99
-99 -99 -99 -99 -99 -99 -99 -99 1.30311910207194 -99 -99 -99 -99 -99 -99
-99 -99 -99 -99 -99 -99 -99 -99 -99 -99 -99 -99 -99 -99 -99
-99 -99 -99 -1.88737982862047 -99 -99 -99 -99 -99 -99 -99 -99 -99 -99 -99
1.83015796197272 -99 -99 -99 -99 -99 -99 -99 -99 -99 2.37924066640812 2.60335114429183 -99 0.487506880165843 -99
-99 -99 -99 -99 1.67661803315145 -99 -99 -99 1.38499540162366 -99 -99 -99 -99 -99 -99
-99 -99 2.93304147507641 -99 0.391136833909263 -99 -99 -99 -99 -99 -99 -99 2.5021586092329 -99 -99
-1.34916946545864 -99 -99 -99 -99 -99 -99 -99 -99 -99 -99 -99 -99 -99 -99
-99 -99 -99 -99 -99 2.18639603615339 -99 -99 -99 -99 -99 -99 -99 -99 -99
-99 -99 -99 -99 -99 -99 -99 -99 -99 -99 -99 -99 -99 -99 -99
-99 -99 2.13339279839778 -99 -99 -99 2.61744076153213 -99 -99 -99 -99 -99 -99 -99 -99
-99 -99 -99 -99 -99 -99 -99 -99 -99 -99 -99 -99 -99 0.49828012667789 -99
-99 -99 -99 -99 -99 -99 -99 -1.14996975055072 -1.58369754359391 -99 -99 -99 -99 -99 -99
-99 -99 -99 -99 -99 -99 -99 -99 -99 -99 -99 -99 -99 -99 -99
-99 -99 -99 -99 -99 -1.12053537688821 -99 -99 -99 -99 -99 -99 -0.169358444443042 -99 -99
-99 -99 -99 -99 -99 -99 -99 -99 -99 -99 -99 -99 -99 -99 -99
-99 -99 -99 -99 1.90288480928518 -99 -99 -99 -99 -99 -99 -99 1.95532606063299 -99 -99
-99 -99 -99 -99 -99 -99 -99 1.01737272135605 -99 1.78987001573424 -99 -99 -99 1.09768850081251 -99
-0.201114210254743 -99 -99 -99 -99 -99 -99 -99 -0.705570432884323 -99 -1.47303285690156 -99 -99 -0.121321526573517 -99
-1.38823879823543 -99 -99 -99 -99 -99 -99 -99 -0.289381850978119 -99 -99 -99 -99 -99 -99
-99 -99 -99 -99 -99 -99 -99 -99 -99 -99 -99 -99 -99 -99 -99
-99 -99 -99 -99 -99 -99 -99 -99 -99 -99 -99 -99 -99 -99 -99
-99 -99 -99 -99 1.33200943224595 -99 -99 -99 2.48642090049425 -99 -99 -99 -99 -99 -99
-99 -99 -99 -99 -99 -99 -99 -99 -99 -99 -99 1.14838039808343 -99 -99 1.60467007595539
-99 -99 -99 -99 -99 -99 -99 -99 -99 -1.42100671385168 -99 -99 -99 -99 -99
-99 -99 -99 -99 -99 -99 -99 -99 -99 -99 -99 -99 -99 -99 -99
-99 -99 -99 -99 -99 -99 -99 -99 -99 -99 -99 1.74969822233152 -99 1.39114625908905 -99
-99 1.42089161388573 -99 -0.0211276363375681 -99 -99 -99 -99 -99 -99 -99 -99 -99 -99 -99
-99 2.4399879542057 -99 -99 3.77014270537235 3.19211201204424 -99 -99 -99 -99 -99 -99 -99 -99 -99
-99 -99 -99 -99 -99 -99 -99 -99 -0.0414038653698847 -99 -99 -99 -99 -99 -99
0.129987048511586 -99 -99 -99 -99 -99 -99 1.34467143412528 -99 -99 -99 -2.05128986096521 -99 -99 -99
-99 -99 -99 -99 -99 -99 -99 -99 -99 -99 -99 1.85088423988894 -99 -99 -99
-99 -99 -99 -99 -99 -99 -99 -99 -99 -99 1.16519988551813 -99 -99 -99 -99
-99 -99 -99 -99 -99 -99 -99 -99 -99 -99 -99 -99 -99 -99 2.61647797769808
-99 -99 -99 -99 -99 -99 -99 -99 -99 -99 1.32194060828471 -99 0.549346057859535 -0.729681569795131 -99
-99 -99 -99 4.87612362074772 -99 -99 4.65888820640534 -99 -99 -99 -99 -99 -99 -99 -99
-99 -99 -99 0.884914571728529 -99 -99 -99 -99 -99 -99 -99 -99 -99 -99 -99
-99 -99 -99 -99 -99 -99 -99 -99 -99 -99 -99 -99 -99 2.36417400316951 -99
-99 -99 -99 -99 0.174231544157826 -99 -99 -99 -99 -1.94976437099995 -2.15948145631137 -99 -99 -99 -99
-99 1.43295081146768 0.451764507692023 -99 -99 -99 -99 -99 -99 -99 -99 1.60786885834156 -99 -99 -99
-99 -99 -99 -99 0.816121258257939 0.257805179428384 -0.626338459943874 -99 0.572824551941651 -99 -99 -99 -99 -99 -99
-99 -99 -99 0.59603329732172 -99 -99 1.70604177958267 -99 -99 -99 0.659703226087893 1.7718486880092 -99 -99 -99
-99 3.95310941996993 -99 -99 -99 -99 -99 -99 -99 -99 -99 -99 -99 -99 -99
-99 -99 -99 -99 -99 -99 -99 -99 -99 -99 -99 -99 -99 -99 -99
-99 -99 -99 -99 -99 -99 -99 -99 -99 -99 -99 -99 -99 2.39435723306041 -99
-99 -99 -99 -99 -99 -99 -99 -99 -99 -99 -99 -99 -99 -99 -99
-99 -99 -99 -99 -99 -99 -99 -99 -99 -99 -99 -99 -99 -99 -99
-99 -99 -99 -99 -99 -99 1.05173950055396 -99 -99 -99 -99 -99 -99 -99 -99
-99 -99 -99 -99 -99 -99 1.46676423896503 1.19126518665014 -99 -99 3.84620447363934 0.638572746235849 -99 -99 -99
-99 -99 -99 -99 -99 -99 -99 -99 -99 -99 -99 -99 -99 -99 -99
-99 -99 -99 -99 -99 -99 -99 -1.0079486594918 -99 -99 -99 -99 -1.33963515145296 -99 -99
-99 -99 -99 -99 -99 -99 -99 -99 1.82416641601132 -99 -99 -99 -99 -99 -99
-99 -99 -99 -99 -99 -99 -99 -99 -99 -99 2.03740608258535 -99 -99 -99 -99
-99 -99 -99 2.62320056636731 -99 -99 -99 -99 -99 -99 -99 -99 -99 2.34589020582907 -99
-99 -99 -99 -99 -99 -99 -99 -99 -99 -99 -99 -99 -99 -99 -99
-99 -99 -99 -99 -99 -99 -99 -99 -99 -99 2.09492708659002 -99 -99 -99 -99
-99 -99 -99 3.4748037246786 -99 -99 -99 -99 -99 -99 -99 3.21131390120016 -99 -99 -99
-99 -99 -99 -99 -99 -99 -99 -99 -99 -99 -99 2.05025724826221 -99 -99 -99
-99 -99 -99 -99 -99 -99 -99 -99 -99 -99 -99 -99 -99 -99 -99
-99 -99 -99 -99 -99 -99 -99 -99 -1.33944203876023 -99 -99 -99 -2.14951539248131 -99 -99
-99 -99 -99 -99 -99 -99 -99 -99 -99 -99 0.722713854834633 -99 -99 -99 -99
-99 1.4026292699551 1.75312495874633 -99 -99 -99 -99 -99 -99 -99 -99 -99 -99 -99 -99
-99 -99 -99 -99 -99 -99 -99 -99 -99 -99 -99 -99 -99 -99 -99
-99 -99 -99 -99 -99 -99 -99 -99 -99 -0.51909907926011 1.27662093626909 -99 -99 -99 -99
-99 -99 -99 -99 -99 -99 -99 -99 -99 -99 2.97751489301533 -99 -99 -99 -99
-99 -0.262871617830021 -99 0.823577202048332 -99 -99 -99 -99 -99 -99 -99 0.424686485697822 -99 -99 -99
-99 -99 -99 -99 -99 1.35339467558624 -99 -99 -99 -99 -99 -99 -99 -99 -99
-99 -99 -1.17923891101302 -99 -99 -99 -99 -99 -99 -99 -99 0.704961592341396 -99 -99 -99
1.27189240308382 -99 -99 -99 -99 -99 -99 -99 -99 -99 -99 -99 -99 -99 -99
-99 -99 -99 -99 -99 4.23390013238994 -99 -99 -99 -99 -99 -99 -99 -99 -99
-99 -99 -99 -99 -99 -99 0.878748827138366 -99 -99 -99 -99 -99 -99 -99 -99
-99 -99 -99 -99 -99 -99 -99 -99 -99 -99 -99 -99 -99 -99 -99
-99 -99 -99 -99 -99 -99 -99 -99 -99 -99 -99 -99 -99 -99 2.30354711543575
-99 -99 -99 -99 -99 -99 -99 -99 -99 -99 -99 -99 -99 -99 -99
-99 -99 -99 -99 -99 -99 -99 -99 -99 -99 3.02791509305472 -99 -99 -99 -99
-99 2.05839495407386 -99 0.27590020990515 -99 -99 -99 -99 -99 -99 -99 -99 -99 -99 -99
-99 -99 -99 0.143406183482077 -99 -99 -99 -99 -99 -99 -99 -99 -99 -99 -99
-99 -99 -99 -99 -99 -99 -99 -99 -99 0.364196082576035 -99 0.489209078768116 -99 -99 -99
-99 -99 -99 -99 -99 -99 -99 -99 -99 -99 -99 -99 -99 0.795416942595646 -99
-99 -99 -99 -99 -99 -99 -99 -99 -99 -99 -99 -99 -99 -99 -99
-99 -99 2.4681578853182 -99 -99 -99 -99 -99 -99 -99 -99 -99 -99 -99 -99
-99 -99 -99 -99 -99 -99 -99 -99 -99 -99 -99 -99 -99 -99 1.03844285427353
-99 -0.554611719971109 -99 -99 -99 -99 -0.403862754401992 -99 -99 1.2032836614716 -99 1.06201408257816 -99 -99 -99
-99 -99 -99 -99 -99 -99 -99 -99 -99 -99 -99 1.02004508424781 -99 -99 -99
-99 -99 -99 -99 -99 -99 -99 -99 -99 -99 -99 -99 -99 -99 -99
-99 -99 1.21432077914042 -99 -99 -99 -99 -99 -99 1.73611439987897 -99 -99 -99 -99 -99
-99 -99 -99 -99 -99 -99 -99 -99 -99 -99 -99 -99 -99 -99 -99
-99 -99 -99 -99 -99 -99 -99 -99 -99 -99 -0.364616627996993 0.0347567863128526 0.0251516535207148 -99 -99
2.85904134811223 1.42690881645233 -99 -99 -99 1.42560835097925 -99 -99 -99 -99 2.03264701037279 -99 -99 1.88184323195687 -99
-99 -99 -99 -99 -99 -0.118884114117147 -99 -99 -99 -99 -99 -99 -99 -0.0985400882429723 -99
-99 -99 -99 -99 -99 -99 -99 -99 -99 -99 -99 -99 -99 0.0833016546016457 -99
-99 -99 -99 -99 -99 -99 -99 -99 -99 -99 -99 -99 -99 -99 -99
-99 -99 -99 -99 -99 -99 -99 -99 -99 -99 -99 -99 -99 -99 -99
-99 -99 -99 -99 -99 -99 -99 -99 -99 -99 -99 -99 -99 -99 -99
-99 -99 -99 -99 -99 -99 -99 -99 -99 -99 -99 -99 -99 -99 -99
3.47566774053264 -99 -99 -99 3.09121037630725 -99 -99 -99 -99 -99 -99 -99 -99 -99 -99
-99 -99 -99 -99 -99 -99 -99 -99 4.51412063765148 -99 -99 -99 -99 -99 -99
-99 -99 -99 -99 -99 -99 -99 -99 -99 -99 -99 -99 -99 -99 -99
-99 -99 -99 -99 -99 1.43375750310271 -99 0.493266386358809 -99 -99 -0.27298865536459 -99 -99 -99 -99
-99 -99 -99 -99 -99 -99 -99 -99 -99 -99 -99 -99 -99 -99 -99
0.683762998212999 -99 -99 -99 -99 -0.225868868481837 -99 -99 -99 -99 -99 -99 -99 -99 -99
-99 -99 -99 -99 -99 -99 -99 1.8854771477229 -99 3.04291419917663 -99 -99 -99 -99 -99
-99 -99 -99 -99 -99 -99 -99 -99 2.23880177628877 -99 2.0689760601621 -99 -99 -99 -99
-99 -99 -99 -99 -99 -99 -99 -99 -99 0.524974992894529 -99 -99 -99 -99 -99
-99 -99 3.1206877364649 2.89560649590616 -99 -99 -99 -99 -99 -99 2.58795130394773 -99 -99 -99 -99
-99 -99 -99 -99 -99 2.31876038994177 -99 -99 1.40273258013674 -99 -99 -99 3.7603480002429 -99 -99
-99 -99 3.19905427501547 -99 -99 -99 -99 -99 -99 -99 -99 -99 -99 -99 -99
-99 -99 -99 -99 -99 -99 -99 -99 -99 -99 -99 2.01910302091573 -99 -99 -99
-99 -99 -2.88613073877538 -99 -2.58437964564496 -99 -99 -99 -99 -99 -0.912661525892317 -99 -99 -99 -99
-99 -99 -99 -99 0.612621135554475 -99 0.864407530983984 -99 -99 -99 1.85460392481704 -99 -99 -99 -99
-99 -99 -99 -99 -99 -99 -99 -99 -1.67315173895205 -99 -99 -1.40054886760081 -99 -99 -99
-99 -99 -99 -99 -99 -99 -99 -99 -99 -99 -99 -99 -99 -99 -99
-99 0.502078573052383 -99 0.746312405438714 -99 -99 -99 -99 -99 -99 -99 -99 -99 -99 -99
-99 -99 -99 -99 -99 -99 -99 -99 -99 -99 2.36352590858028 -99 -99 2.6397988413542 -99
-99 -99 -99 -0.182734545410524 -99 -99 -99 -99 -99 -0.146313797040858 -99 -1.61993590281919 0.27081905806113 -1.51548085255245 -99
2.12468299448685 -99 -99 3.25968047368241 -99 -99 1.33656052691342 -99 -99 0.633706881019936 -99 -99 -99 -99 -99
-99 -99 0.708456300194385 -99 -99 -99 -99 -99 -99 -99 -99 -99 -99 -99 -99
-99 1.4547071368646 -99 -99 -99 -99 -99 -99 -99 -99 -0.581862459715849 -99 -99 -99 -99
-99 -99 -99 -99 -99 -99 -99 -99 2.74063525446702 -99 -99 3.08933313744545 -99 -99 -99
-99 -99 -99 -99 -99 -99 -99 -99 -99 -99 -99 2.03021096397763 -99 -99 0.777186399940461
-99 0.182923802125848 -99 -99 -99 -99 -99 -99 -99 -99 -99 -99 -99 -99 -99
-99 -99 -99 -99 -99 -99 -99 -99 -99 -99 -99 -0.727386300979051 -99 -99 -99
-99 -99 -99 -99 -99 -99 -99 -99 -99 -99 -99 -99 -99 -99 -99
-99 -99 -99 -99 -99 -99 -99 -99 -99 -99 -99 -99 2.47768147373791 -99 -99
-0.936268602588044 1.52503533911299 -99 -99 -99 -99 -99 -99 -99 -99 -99 -99 -99 -99 -99
-99 -99 0.654958527558826 -99 -99 -99 -0.456792482132769 -99 -99 -99 0.822279261036882 -99 -0.114292906787897 -99 -99
-99 -99 -99 -99 -99 -99 -99 -99 -99 -99 -99 -99 -99 -99 3.24342097140924
0.408353327664784 -99 -99 -99 -0.422646310718193 -99 -99 -99 -99 0.145120620442507 -99 -99 -99 1.93923480043334 -99
1.21751213843532 -99 -99 -99 -99 -99 -99 -99 -99 -99 -99 -99 -99 -99 -99
-99 -99 -99 -99 -99 -99 -99 -99 -99 -99 -99 -99 -99 -99 -99
-99 -99 0.402196540254014 -99 -99 -99 -99 -99 -99 -99 -99 -99 -99 -99 -99
0.919616083401761 -99 1.39659275140812 -99 -99 -99 -99 0.799656244549623 -99 -99 -99 -99 -99 -99 -99
2.37851079861255 -99 -99 -99 -99 -99 -99 -99 -99 -99 -99 -99 -0.293831181533924 -99 -99
-99 -99 -99 -99 -99 -99 -0.0404706630766798 -99 -99 -99 -1.08971654918822 -99 -0.474440305458566 -99 -99
-99 -99 -99 -99 -99 -99 0.379720465036192 -99 -99 -99 -99 -99 -99 -99 -99
-99 -99 -99 -99 -99 -99 -99 -99 -99 -0.433756714099998 -99 0.270730649881357 -99 -99 -99
-99 -99 -99 -99 1.76397512713849 -99 -99 -99 -99 -0.769077855042271 -99 -99 -99 -99 -99
-99 1.66196716539385 -99 -99 -99 -99 -99 -99 -99 1.87189419511933 -99 -99 -99 2.35445918289162 -99
-99 -99 -99 0.911191427787766 -99 -99 -99 -99 -99 1.64863484577345 -99 -99 -99 -99 1.92931490678262
-99 -99 -99 -99 -99 -99 -99 -99 -99 -99 -99 -99 -99 -99 -99
-99 -99 -99 0.201296975892111 -99 -99 -99 -99 -99 -99 -99 2.48994721819867 -99 0.290819000258703 -99
-99 -99 -99 -99 -99 -99 -99 -99 -99 -99 -99 -99 -99 -99 -99
-99 -99 1.69210880133556 -99 -99 -0.396543244789112 -99 -99 -99 -99 -99 -99 -99 -99 1.41053622047706
-99 -99 2.40341134173998 -99 -99 -99 -99 2.99497746202061 -99 -99 -99 -99 -99 -99 -99
-99 -99 -99 -99 -99 -99 -99 -99 -99 -99 -99 -99 -99 -99 -99
1.42723674310131 -99 -99 -99 -99 -99 -99 -99 -99 -99 3.50129153817398 -99 -99 -99 -99
-99 -99 -99 -99 -99 -99 -99 -99 -99 -0.558720739801281 -99 -99 -99 -99 -99
-99 -99 -99 -99 -99 -99 -99 -99 -99 -1.01942419791677 -99 -99 -99 -0.0813065636363233 -99
-99 -99 -99 -99 -99 2.09772357786057 -99 -99 -99 -99 -99 -99 -99 2.96716468495109 -99
-1.93734871181406 -99 -99 -99 -99 -99 -99 -99 -99 -99 -99 -99 -99 -99 -99
-99 1.64280695811554 -99 -99 0.847222316903925 -99 -99 -99 -99 -99 -99 -99 0.0963948948692143 -99 -99
-99 -99 -99 -99 -99 -99 -99 -99 -99 -99 -99 -99 -99 -99 -99
-99 -99 -99 -0.32068847910233 -99 -99 -99 -99 -99 -99 -99 -99 -99 -99 -99
-99 -99 -99 -99 -0.910794298972899 0.459607513234077 -99 -99 -99 -99 -99 -99 -99 -99 -99
-99 -99 -99 -99 -99 -99 -99 -99 -99 -99 -99 -99 2.17153789403776 -99 -1.41964952050028
-99 -99 -99 -99 -99 -99 -99 -99 -99 -99 -99 -99 -99 -99 -99
-99 -99 -99 -99 -99 -99 -99 -99 -99 -99 -99 -99 -99 -99 -99
-99 -99 -99 -99 -99 -99 -99 -99 -99 -99 4.52358328489226 -99 -99 -99 -99
-99 0.477414633865524 -99 1.13626975745213 -99 -99 -99 -99 -99 -99 -99 -99 -99 -99 -99
-99 -99 -99 -99 2.89039469746716 -99 -99 -99 -99 1.13283293829565 -99 -99 -99 -99 -99
-99 -99 -99 -99 -99 -99 -99 -99 -99 -99 -99 -99 1.04693575555776 -99 -99
-99 -99 -99 -99 -99 -99 -99 -99 -99 -99 -99 -99 -99 3.65853464893274 -99
-99 -99 -99 -99 -99 -99 -0.587807477743939 -99 -99 -99 -99 -99 -99 -99 0.812675182935424
-99 -99 -99 -99 -99 -99 -99 -99 -99 -99 -99 -99 0.839215850609204 -99 -99
-99 -99 -99 -1.53664145849633 -99 -99 -99 -99 -99 -99 -99 -0.0998783069876144 -99 -99 -99
-99 -99 -99 -99 -99 -99 -99 -99 -99 -99 -99 -99 -99 -99 -99
-99 -99 -99 -99 -99 -99 -99 -99 -99 -99 -99 -99 -99 -99 -99
-99 -99 -99 -99 -99 -99 -99 -99 0.942951129339873 -99 -99 -99 -99 -99 -99
-99 -99 -99 -99 -99 -99 -99 -99 -99 -99 -99 -99 -99 -99 -99
-99 -99 -99 -99 -99 -99 -99 -99 -99 -99 -99 -99 -99 -99 -99
2.72040352090227 -99 -1.55577498261613 -99 -99 -99 -99 -99 -99 -99 -99 -99 -99 -99 -99
-99 1.19425376215638 -99 -99 -99 1.65051457872545 -99 -99 -99 -99 -99 1.48064954137782 -99 -99 -99
-99 -99 -99 -99 -99 -99 -99 -99 -99 -99 -99 -99 -99 -99 -99
-99 -99 -99 -99 2.24114463852166 -99 -99 -99 -99 -99 -99 1.92048109458127 -99 -99 2.70691499070473
-99 -99 -99 -99 -99 -99 -99 -99 -99 -99 -99 -99 -1.37061881509964 -99 -99
-99 -99 -99 -99 -99 -99 -99 -99 -99 0.51117850863965 -99 -99 -99 -99 -99
3.35207627799779 -99 -99 -99 -99 -99 -99 -99 -99 -99 -99 -99 -99 3.22700573438877 -99
2.06975538726764 -99 -99 -99 -99 -99 -99 -99 -99 -99 -99 -99 3.82873459475169 -99 1.65191584252017
-99 -99 -99 -99 -99 1.3626229815305 -99 -99 -99 -99 -99 -99 -99 1.42320566956345 -99
-99 2.26748908238886 -99 -99 -99 -99 -99 -99 -99 -99 -99 -99 -99 -99 -99
1.11237386684043 -99 -99 -99 -99 -99 -99 -99 1.69309415401224 -99 -99 -99 -99 -99 -99
-99 -99 -99 -99 -99 -99 -99 -99 -99 -99 -99 -99 -99 -99 -99
-99 -99 -99 -99 -99 -99 0.36871608220597 -99 -99 -99 -99 -99 -99 -99 -99
-99 -99 -99 -99 -99 -99 -99 -99 0.638466880129651 -99 0.726922881953914 -0.180560099090929 -99 -99 -99
-99 -99 -99 -0.536461635936245 -99 -99 -99 -99 1.19377426248599 -99 -99 -0.279101876890306 0.261691406227159 -99 0.161600513913047
-99 -99 3.49437147502567 -99 -99 -99 -99 -99 -99 -99 -99 -99 -99 -99 2.98208473998324
-99 -99 -99 -99 -99 -99 -99 2.26814568116028 1.84944333175468 -99 -99 -99 -99 -99 -99
-99 -99 0.781328419008383 -99 -99 -99 -99 -99 1.83789628780333 -99 -99 -99 -1.43710829876813 -99 -99
-99 -99 -99 -99 -99 1.70451255837685 -99 -99 -99 1.0526836217416 -99 -99 -99 -99 -99
-99 -99 -99 -99 -99 -99 -99 -99 -99 -99 -99 -99 -99 1.3572544161081 -99
0.914966122093851 -99 2.55833413071443 -99 1.40083080764074 -99 -99 -99 -99 -99 -99 -99 -99 -99 -99
-99 -99 -99 -99 -99 2.1795948480327 1.46569854159982 -99 -99 -99 -99 -99 -99 -99 -99
-99 -99 -99 -99 -99 -99 -99 -99 1.35562169734506 -99 0.944220922491515 -99 -99 -99 0.70487637798185
-99 -99 -99 -99 -99 -99 -99 -99 -99 -99 -99 -99 -99 -99 -99
-99 -99 -99 -99 -99 -99 -2.22499471391804 -99 -99 -99 -99 -99 -99 -99 -99
-99 -99 -99 -3.48033988504656 -99 -99 -99 -99 -99 -99 -99 -99 -99 -99 -99
-99 -99 -99 -99 -99 -99 -99 -99 0.911887616527965 -99 -99 -99 0.797284013068448 -0.722572436990686 -99
-99 -99 -99 -99 -99 0.845314116743212 -99 -99 -99 -99 -99 -99 -99 -99 -0.0616975803623749
-99 2.99048129906254 -99 -99 -99 -99 2.15074550735482 -99 -99 -99 -99 -99 -99 -99 -99
1.76302469180608 -99 -99 -99 -99 -99 -99 -99 -99 -99 -99 -99 -99 1.35691594982542 -99
-99 -99 -99 -99 -99 -99 -99 -99 1.0545367974601 1.81975849739792 -99 -99 -99 -99 -99
-99 -99 -99 -99 -99 -99 -99 -99 2.29268086153663 -99 -99 -99 -99 -99 -99
-99 -99 -99 -99 -99 -99 -99 -99 -99 -99 -99 -99 -99 -99 -99
-99 -99 -99 -99 3.87067047342181 -99 -99 -99 1.29364932023465 -99 -99 -99 -99 -99 -99
-99 -99 -99 -99 -99 -99 -99 -99 -99 -99 -99 -99 -99 -99 -99
-99 -99 1.88096014239366 -99 -99 -99 -99 -99 -99 -99 -99 -99 0.663538421619422 -99 -99
-99 -0.233691691508336 -99 -99 -99 -99 -99 -99 -99 -99 1.14748895490017 -0.543775467679452 -99 -99 -99
-99 -99 2.46452151549351 -99 -99 -99 -99 -99 -99 -99 -99 1.37210814931649 -99 -99 -99
-99 -99 -99 -99 -99 1.67487652427105 -99 1.95606477294369 -99 -99 3.41300179882069 -99 -99 -99 -99
-99 2.0314085777144 -99 -99 -99 -99 -99 -99 -99 -99 -99 -99 -99 -99 -99
-99 -99 -99 -99 -99 -99 -99 -99 -99 -99 -99 0.982924987067467 -99 -99 -99
-99 -99 -99 -0.213182954240629 -99 -99 -99 -99 -99 -99 -99 1.66621374253373 -99 -99 -99
-99 -99 -99 -99 -99 -99 -99 -99 -99 -2.10529277949264 -99 -99 -99 -99 -99
-99 -99 -99 -99 -99 -99 -99 -99 -99 -99 -99 0.482110050121057 -99 -99 -99
-99 -99 -99 -99 -99 1.19479238290204 1.05305753950801 -99 -99 -99 -99 -99 -0.813414129680856 -99 -99
-99 -99 -99 -99 -99 -99 -1.12136342177628 -99 -99 -99 -99 -99 -99 -99 -99
-0.229395438317419 -99 -99 -99 -99 -99 -99 -99 -99 -99 0.0754941924774344 -99 -99 1.32662057127693 -99
-99 -99 -99 -99 -99 -99 -99 -99 -99 -99 -99 -99 -99 -99 -99
-99 -99 -99 -99 -99 -99 -99 -99 -99 -99 -99 -99 -99 -99 -99
-99 -99 -99 -99 -99 0.696779702438474 -99 -99 -99 -99 -99 -99 0.259794668774125 -99 -99
-99 -99 -99 -0.081943158257082 -99 -99 -99 -99 0.477499034576335 -99 -99 -99 -99 -99 -99
-99 2.86705506654435 -99 -99 -99 -99 -99 1.33498989185348 -99 3.33687751975698 -99 -99 -99 -99 -99
-99 -99 2.76070825079129 -99 0.489655956113497 -99 -99 -99 -99 -99 -99 -99 -99 -99 -99
-99 -99 -99 -99 -1.38085209621328 -99 -99 -99 -99 -99 -99 -99 -99 -99 -99
-99 -99 0.9078307732508 2.87839307869963 -99 -99 -99 -99 -99 1.37754210190719 -99 -99 -99 -99 1.18233815602296
-99 -0.45048656775169 -99 -99 -99 -99 -99 -99 -99 -99 -99 -99 -99 -99 -99
-99 -99 -99 0.328446878633395 -99 -99 -99 -99 -99 1.7437888279989 -99 -99 -99 -99 -99
-99 -99 -99 -99 -99 -99 -99 -99 -99 -99 0.34966838127711 -99 -99 -99 -99
-99 -99 -0.954068236223352 -99 -99 -99 -99 -99 -99 -99 -99 -3.1735883400398 -99 -99 -99
2.82313054320311 -99 -99 -99 -99 -99 2.03205817063864 1.41960421960904 -99 -99 -99 -99 -99 -99 -99
-99 -99 -99 -99 -99 -99 -99 -99 -99 -99 -99 1.87204105384205 -0.250647590206276 -99 -99
-99 -99 -99 -99 -99 -99 -99 -99 -99 -99 -99 -99 -99 -99 -99
-99 -99 -99 -99 -99 -99 -99 0.0071519013733613 -99 -99 -99 -99 -99 -99 -99
-99 -99 0.237177558787991 -99 -99 -99 -99 -99 -99 -99 -99 2.81534136267331 -99 -99 -99
-99 -99 -99 -99 -99 -99 -99 -99 -99 -99 -99 2.89012659729611 -99 -99 -99
-99 -99 -99 -99 3.0638717242766 -99 -99 4.12936119535184 -99 -99 -99 -99 -99 -99 -99
-99 -99 -99 -99 -99 1.41647456182164 -99 2.03600815170691 -99 -99 -99 -99 -99 1.49067440976779 -99
-99 -99 -99 -99 -99 -99 -99 -99 -99 -99 -99 -99 -99 -99 -99
-99 -99 2.68537292524089 -99 2.86991801970466 -99 1.22727775441328 -99 -99 -99 -99 -99 -99 -99 -99
-99 -99 -99 0.9946439481726 -99 -0.250520406098311 -99 -99 -99 -99 -99 -99 -99 -99 -99
-99 -99 -99 -99 -99 -99 -99 -99 -99 -99 -99 -99 -99 -99 -99
-99 -99 -99 -99 -99 -99 -99 -99 -99 0.80167861515848 -99 0.957127122950326 -99 1.14277918252761 -99
-99 -99 -99 -99 -99 -99 -99 -99 -99 -99 4.46831257464507 -99 -99 -99 -99
-99 -99 -99 1.71342763682074 -99 -99 1.96381151146544 -99 -99 -99 -99 -99 -99 -99 -99
-99 -99 -99 -99 -99 -99 -99 -99 -99 -1.69344389920781 -99 -99 -0.50033754319965 -0.662276103488696 -99
-99 -99 -99 -99 -99 -99 -99 -99 -99 -99 -99 -99 -99 -99 -99
-99 -99 -99 -99 -99 2.4492090474789 -99 -99 -99 0.986320241535634 2.02710039097088 -99 -99 -99 -99
2.32497105287977 -99 -99 -99 -99 -99 -99 -99 -99 -99 -99 -99 -99 -99 -99
-99 -99 -99 -99 -99 -99 -0.13898682812344 -99 -99 -99 -99 -99 -99 -99 -99
-99 -99 -99 -99 -99 -99 -99 3.00946555717199 -99 -99 -99 -99 -99 -99 -99
-99 3.26498815396468 -99 -99 -99 -99 -99 -99 -99 -99 -99 -99 -99 -99 -99
-99 -99 -99 0.950108886369066 -99 -99 -99 -99 -99 -99 1.42036928436168 -99 -99 -99 -99
-99 -99 0.953466979570401 -99 1.45424797203907 0.580941135255617 -99 0.893809387523051 -99 -99 -99 -99 -99 -99 -99
-99 -99 -99 -99 -99 -99 -99 -99 1.5831777862464 -99 -99 -99 -99 -0.442184397002656 -99
-99 -99 -99 -99 -99 1.47619818035674 -99 1.48965830515267 -99 -99 -99 -99 -99 -99 -99
-99 -99 -99 -99 -99 -99 -99 -99 -99 -99 -99 -99 -99 -99 -99
-99 -99 -99 -99 -99 -99 -99 -99 -99 -99 -99 -99 -99 -99 1.73728783381112
-99 -99 -99 -99 -99 -99 -0.0796780362272262 -99 -99 -99 -99 -99 -99 -99 -99
-99 -99 -99 -0.0629586852498025 -99 -99 -99 -99 -99 -99 -99 -99 -99 -99 -99
-99 -99 -99 -99 -99 -99 -99 -99 -99 -99 -99 -99 -99 -99 1.26626008624
-99 -99 -99 -99 -99 -99 -99 -99 -99 -99 3.26707653785006 -99 -99 -99 -99
-99 -0.410716983400065 -99 -99 -99 -99 -99 -99 -99 1.12570072717941 -99 -99 -99 -99 -99
-0.275433016355952 -99 -99 -99 -99 -99 -99 -99 -99 -99 0.78386610751203 -99 -99 -99 -99
-99 -1.10972715025881 -99 -99 -99 -99 -99 -99 -99 -99 -99 -99 -99 -99 -99
-99 -99 -99 -99 -99 -99 -99 -99 -99 -99 -99 -99 -99 -99 -99
-99 -99 -99 -99 -99 -99 -99 -99 -99 -99 -99 0.0325629800880621 -99 -99 -99
-0.784789179485033 -99 -99 -99 -99 -99 -99 -99 -99 -99 -99 -99 -99 -99 -99
-99 -99 -1.40417449796263 -99 -99 -99 1.29987766567964 -99 -99 -99 -99 -99 -99 -99 -99
-99 0.788367517441304 -99 -99 -99 -99 -99 -99 -99 -99 -99 -99 1.0381141522418 -0.449600486334451 -99
-99 -99 -99 0.978438517600971 -99 -99 -99 -99 -99 -99 -99 -99 1.27661083805538 -99 -99
-99 -1.01565169410756 -99 -99 -99 -99 -99 -99 -99 -99 -99 -99 -99 -99 2.51379779665837
-99 -99 -99 -99 -99 -99 -99 -99 -99 -99 -99 -99 -99 -99 -99
-99 -99 -99 -99 -99 -99 -99 -99 -99 1.79945475189031 -99 -99 -99 -99 -99
-99 -99 -99 -99 -99 -99 -99 -99 -99 -99 -99 -99 -99 -99 2.8536919905952
-99 -99 -99 -99 -99 -99 -99 -99 -99 -99 -99 -99 -99 -99 -99
-99 -99 -99 -99 -99 -99 -99 -99 -99 -99 -99 -99 1.78132192471551 -99 1.66236273934203
-99 -99 -99 -99 -99 -99 -99 -99 -99 -99 -99 -99 -99 -99 -99
1.49030164267495 -99 -99 -99 -99 2.82072504170735 -99 -99 -99 -99 -99 -99 -99 -99 -99
-99 -99 -99 -99 -99 -99 3.09168031975399 -99 -99 4.45773610218621 -99 -99 -99 -99 -99
-99 -99 -99 -99 -99 -99 -99 -99 -99 -99 -99 -99 -99 -99 -99
-99 -99 -99 -99 -99 -99 -99 -99 -99 -99 -99 -99 -99 -99 1.29826542547527
-99 -99 -99 -99 3.43711290445331 -99 -99 -99 -99 -99 -99 2.57728239958037 -99 2.00941026237132 -99
-99 -99 -99 -99 -99 -99 -99 0.0924982039411165 -99 1.45416013817389 -99 -99 -99 -99 -99
-99 -99 -99 -99 -99 -99 -99 -99 -99 3.18345007484314 -99 -99 1.07388467364677 -99 -99
-99 -99 -99 -99 -99 -99 -99 -99 -99 -99 3.66847677042349 -99 3.44902744798903 -99 -99
-99 -99 -99 -99 -99 -99 -99 -99 -99 -99 -99 -99 -99 -99 -99
-99 -99 -99 -99 -99 -99 -99 -99 -99 -99 -99 -99 -99 -99 -99
-99 -99 -99 -99 -99 -99 3.42349628666602 -99 -99 -99 -99 -99 -99 2.87963952530575 -99
-99 -99 -99 -99 -99 -99 -99 0.428867029555817 -99 -99 -99 -99 -0.0981139589308788 -99 -99
-99 -99 -99 -99 -99 -99 -99 -99 -99 -99 -99 -99 -99 -99 -99
-99 -99 -99 -99 -99 -99 -99 -99 -99 -99 -99 -99 -99 -99 -99
-99 -99 -99 -99 2.51522720536413 -99 2.46201736488367 -99 -99 -99 -99 -99 -99 -99 -99
-99 -99 -99 -99 -99 -99 -99 -99 -99 -99 2.80014694804941 1.2359382198638 -99 -99 -99
2.39552281166536 -99 -99 -99 -99 -99 -99 -99 -99 -99 -99 -99 -99 -99 -99
-99 -99 -99 -99 -99 -99 -99 -99 3.77490836862651 -99 -99 -99 -99 -99 -99
-99 -99 -99 -99 -99 -99 -99 -99 -99 -99 -99 -99 -99 -99 -99
-99 -99 -99 -99 -99 -99 -99 -99 -99 -99 -99 -99 -99 -99 -99
-99 -99 -99 -99 -99 -99 -99 -99 -99 -99 -99 -99 -99 -99 -99
-99 -99 -99 -99 -99 -99 1.1820370335579 -99 -99 -99 -99 -99 -99 -99 0.584469009046461
-99 -99 -99 -99 -99 -99 -99 -99 -99 -99 -99 -99 -99 -99 -99
0.514903594184994 -99 -99 -99 -99 -99 -99 -99 -99 -99 -99 -99 -99 -99 -99
-99 -99 -99 -99 -99 -99 -99 -99 -99 -99 -0.107135071542151 -99 -99 -99 -99
-99 -99 -99 -99 -0.219727855236182 2.10115346936139 -99 0.277181401250012 -99 -99 -99 -99 -99 -99 -99
-99 -99 -99 -99 -99 -99 -99 -99 -99 -99 -99 -99 -99 -99 1.11231592102863
-99 -99 4.09461689977954 -99 -99 -99 -99 -99 -99 -99 -99 -99 3.7476305953027 -99 -99
-99 -0.854790238524415 -99 -99 -99 -99 -99 -99 -99 -2.25017565601469 -99 -99 -99 -99 -99
-99 -99 -99 -99 -99 1.08988081065516 -99 -99 -99 -99 0.122448242332015 1.2139039734499 -99 -99 -99
-99 -99 -99 -99 -99 -99 -99 -99 -99 -99 -99 2.07497890209365 -99 -99 -99
2.88381005990418 -99 -99 -99 -99 -99 -99 4.10823938858892 -99 -99 -99 -99 -99 -99 5.60638607548171
-99 -99 -99 -99 -99 -99 -1.01909578363144 -99 -99 -99 -99 -99 -99 -99 -99
-99 -99 -99 1.43691147317919 -99 -99 -99 -99 -99 -99 -99 -99 -99 -99 -99
-99 -99 -99 -99 -99 -99 -99 -99 -99 -99 -99 -99 -99 -99 -99
-99 -99 -99 -99 -99 -99 -99 -99 -99 -99 -0.17533499165691 0.79600141688033 0.0234564878543764 -99 -99
-99 -99 -99 -99 -99 -99 1.68557310800541 -99 -99 -99 -99 -99 -99 -99 -99
-99 -99 -99 -99 -99 -99 -99 -99 -99 -99 -99 -99 -0.174299979676251 -99 -99
-99 -99 -99 -99 -99 -99 -99 -99 -99 -99 -99 -99 -99 -99 -99
-99 -99 -99 -99 -99 -99 -99 -99 -99 -99 -99 -99 -99 1.99671821851798 -99
2.69663195723792 -99 -99 -99 1.70462302605749 -99 -99 -99 -99 -99 -99 -99 -99 -99 -99
-99 -99 -99 -99 -99 -99 -99 -99 1.40660311107113 -99 -99 -99 -99 -99 -99
-99 -99 0.657992437117865 -99 -99 -99 -99 -99 -99 -99 -99 -99 -99 -99 -99
-99 -99 -99 -99 1.46814191426653 -99 -99 -99 -99 -99 -99 -99 -99 0.0982887726415994 -99
0.802692802040604 -99 -99 -99 -99 -99 -99 -99 -99 -99 -99 -99 0.298495196592879 -99 0.0545931413613949
-99 -99 -99 -99 -99 -99 0.988549696582766 -99 -99 -99 -99 -99 -99 -99 -99
-99 -99 -99 -99 -99 0.702680615239095 -99 -99 -99 -99 -99 -99 -99 -99 -99
-99 -99 -99 -99 -99 -99 -99 -99 -99 -99 -99 -99 2.92710118161621 -99 -99
-99 -99 -99 -99 -99 -99 -99 -99 -99 -99 -99 -99 -99 -99 -99
-99 -99 -99 -99 -99 -0.0344437913546249 -99 -99 -99 -99 -99 -99 -99 2.03141190599434 -99
-99 -99 -99 -99 1.4866996400802 3.57393013342946 -99 2.06173763632746 1.42817615247099 -99 -99 -99 3.81091657239418 -99 0.897149617863263
-99 -99 -0.66708922416389 -99 -0.419718328323119 -99 -99 -99 -99 -99 -99 -99 -99 -99 -99
-99 -99 2.851529435895 -99 -99 1.49380899286286 -99 -99 -99 -99 -99 -99 1.99721815941258 -99 -99
-99 0.172040839943352 -99 -99 -99 -99 -99 -99 -99 -99 2.79722709739949 -99 -99 -99 -99
-99 0.0101017310047269 -99 -99 -99 -99 -99 -0.236104714717281 1.22535067999484 -99 -99 -99 -99 -99 -99
-99 -99 -99 1.19040333533056 -99 -99 -99 -99 -99 -99 -99 -0.377833421029237 -99 -99 -99
-99 -99 -99 -99 -99 2.62327095801567 -99 -99 -99 -99 -99 -99 -99 -99 -99
1.38850541522269 -99 -99 2.78724083202783 -99 -99 -99 -99 -99 -99 -99 -99 -99 -99 -99
-99 2.54839842778807 -99 -99 2.21016659196116 -99 -99 -99 -99 3.24507471080731 -99 -99 -99 -99 -99
-99 -99 -99 -99 -99 -99 -99 -99 -99 -99 -99 -99 -99 -99 -99
-99 -99 1.84448728078642 -99 -99 -99 -99 -99 0.478069197174816 -99 1.93705841119298 -99 -99 -99 2.84316256864359
-99 -0.493783880157336 -99 -99 -99 -99 -0.609575207104149 -99 -99 -99 -99 -99 -99 -99 -99
-99 -99 -99 -99 -99 -99 2.28671810635511 -99 -99 -99 -99 -99 -99 2.27832106030935 -99
-0.762293675912667 -99 -0.168385601990622 -99 -99 -99 -0.363835109416107 -99 -99 -99 -99 -99 -99 -99 -99
0.682716339679328 -99 -99 -99 -99 -99 -99 -99 -99 -99 0.257367920458927 -99 -99 -99 -99
-99 -99 -99 -99 -99 -99 2.84676479851669 -99 -99 -99 -99 -99 -99 -99 -99
-99 0.843883773274594 -99 -99 -99 -99 -99 -99 -99 -99 -99 -0.602077330129356 -99 -99 -99
-99 -99 -99 -99 -99 -99 -99 -99 -99 -99 -99 3.22095823836372 3.12576532531756 -99 -99
-99 -99 -99 -99 -99 -99 -1.96714892743009 -99 -99 -99 -99 -99 -99 -99 -99
-99 -99 -99 -99 -99 -99 -99 -99 -99 -99 -99 -99 -99 -99 -99
-99 -99 -99 -99 -99 -99 -99 -99 -99 -99 -99 -99 -99 -99 -99
-99 -99 -99 -99 -99 2.99877739708817 -99 -99 -99 -99 -99 -99 1.61015138712329 -99 -99
-99 -99 -99 -99 2.00809445518976 -99 -99 -99 -99 -99 -99 -99 -99 -99 -99
-99 -99 -99 -99 -99 -99 -99 -99 -99 -99 -99 -99 -99 -99 -99
-99 -99 -99 -99 -99 -99 -99 -99 -99 -99 -99 -99 -0.674341143730448 -99 -99
-99 -99 -99 -99 3.27642235921889 3.08463945386936 -99 -99 1.95626185951452 -99 -99 -99 -99 -99 2.58641411336362
-99 -99 -99 -99 -99 -99 -99 -99 -99 -99 -99 -99 -99 0.923867958291988 -99
-99 -99 1.67340859068064 -99 3.25672663611966 -99 -99 -99 -99 -99 -99 -99 -99 -99 -99
-99 -99 4.14840571683761 -99 -99 -99 -99 -99 -99 -99 3.21491991085463 2.5102916712814 -99 -99 -99
-99 -99 -99 -99 2.4104696995684 -99 -99 -99 -99 1.88236582688707 -99 1.75761746265264 2.32209950163541 2.30659792991005 -99
-99 -99 -99 -99 -99 -99 -99 -99 -99 -99 -99 -99 -99 -99 -99
-99 -99 4.19891269755158 -99 -99 -99 -99 -99 -99 -99 -99 -99 -99 -99 -99
0.787331797595549 -99 -99 -99 -99 -99 1.59822351838223 -99 -99 -99 -99 2.12678371029526 -99 0.410668387853933 -99
-99 -99 -99 -99 -99 -99 -99 3.47660889499684 -99 -99 -99 -99 -99 -99 -99
-99 -99 -99 -99 -99 -99 -99 -99 -99 -99 0.195290670012743 -0.415422781213123 -99 0.268353002089323 -99
-99 -99 -99 -99 -99 -99 -99 -99 -99 -99 -99 -99 -99 -99 -99
-99 -99 -99 -99 2.48792001443589 -99 -99 -99 1.97456545991273 -99 1.68905091359486 -99 -99 -99 -99
1.50746371195746 -99 -99 -99 -99 -99 0.934653678119428 -99 -99 -99 -99 1.46218323721788 -99 -99 -99
0.462162633649639 -99 -99 1.05699083396953 -99 -99 -99 -99 2.86631150675642 -99 -99 -99 -99 2.57973413165288 -99
-99 -99 0.709938914665355 -99 -99 -99 -99 -99 1.0455303286085 -99 -99 -99 -99 -99 -99
-99 -99 1.13490817351013 -99 -99 -99 -99 -99 -99 -99 -99 -99 -99 -99 -99
-99 -99 -99 -99 -99 -99 -99 -99 -99 -99 -99 -99 0.878905957842551 -99 -99
-99 -99 -99 -99 -99 -99 -99 -99 -99 -99 -99 -99 -99 -99 -99
-99 -99 -99 -99 -99 -99 -99 1.92382858421713 5.08027055506413 -99 -99 -99 -99 -99 -99
-99 -99 -99 -99 -99 -99 -0.800618746541933 -99 -99 -99 -99 -0.324073504492746 -99 0.262631658692633 -99
-99 -99 -99 0.599057944511974 -99 -99 -99 -99 -99 -99 -99 1.68917674168583 -99 1.92406511903205 -99
-99 -99 -99 -99 -99 -99 -99 -99 0.430571255306247 -99 -99 1.10111489030625 -99 -99 -99
-99 -99 -99 -99 -99 -99 -99 -99 -99 -99 -99 -99 -99 -99 1.204786113705
-99 -99 1.76708726016464 2.4127831672668 -99 -99 -99 -99 2.36303225352927 -99 -99 -99 -99 -99 -99
-99 -99 -99 -99 -99 -99 -99 -99 -99 -99 -99 -99 -99 -99 -99
-99 -99 -99 -99 -99 1.67459631996582 -99 -99 -99 -99 -99 -99 -99 -99 -99
-99 -99 -99 -99 -99 -99 -0.21309255268266 -99 -99 -99 -99 -99 -99 -99 -99
-99 -99 -99 -99 -99 -99 -99 -99 -99 -99 -99 -99 -99 -99 2.62859752538589
-99 -99 -99 -1.75365877633425 -99 -99 -99 -0.0431461737429488 -99 -99 -99 -0.0442490474405388 -0.0318574832460872 -99 -99
-99 -99 -99 -99 -99 -99 -99 -99 -99 -99 -99 -99 -99 -99 -99
-99 -99 -99 -99 -99 0.854654908318565 -99 -99 -99 -99 -99 0.379573262356998 -99 -99 -99
-99 -99 -99 -99 -99 -99 -99 -99 -99 -99 -99 -99 -99 -99 -99
0.563656638418845 -99 -99 -99 -99 -99 -99 -99 -99 -99 -99 -99 -99 -99 -99
-99 -99 2.20684956259712 -99 -99 -99 -99 1.07753385118618 -99 3.11108074874831 0.0957947122786789 0.379905729538397 -99 -99 -99
-99 -99 -99 -99 -99 -99 -99 -99 -99 -99 -99 -99 -99 -99 -99
-99 2.80765232676932 -99 -99 -99 -99 -99 -99 1.83960181953488 1.54982165723694 -99 -99 -99 -0.0423716331000903 -99
-99 -99 -99 -99 -99 -99 1.24648807726293 -99 -99 -99 -99 -99 -99 -99 -99
0.0793354012818497 -99 -99 -99 -99 -99 -99 -99 -99 -0.207163535680068 1.80291028980297 -99 -99 -99 -99
-99 -99 -99 -99 -99 -99 -0.150252637232289 -99 -99 -99 -99 -99 -99 0.514744786801556 -99
2.0086469471218 -99 -99 -99 -99 -99 -99 -99 -99 -99 -99 -99 -99 -99 -99
-99 -99 -99 -99 -99 1.87864757257806 -99 -99 -99 -99 2.83689512235153 -99 -99 -99 -99
-99 -99 -99 -99 -99 -99 -99 -99 3.07201398926846 -99 1.84503343425729 -99 -99 -99 0.49046589895071
-99 -99 -99 -99 -99 -99 -99 -99 1.52778600659754 -99 -99 -99 -99 -99 -99
-99 -99 -99 -99 -99 -99 -99 -99 -99 -99 -99 -99 -99 -99 -99
-99 -99 -99 -99 -99 -99 -99 -99 -99 -99 -99 -99 -99 -99 -99
-99 0.407256703993333 -99 -99 -99 -99 -99 -99 -99 -99 0.145226945994831 1.0705838198033 -99 -99 -0.572189360782842
-99 -99 -99 -99 2.29498527867864 -99 -99 -99 -99 -99 -99 -99 -99 -99 -99
-99 -99 -99 0.909057052315464 -99 -99 -99 -99 -99 -99 -99 -99 -99 -99 -99
-99 -99 -99 -99 -99 -99 -99 1.84017130014968 -99 0.936293475122723 -99 -99 -99 -1.85018601459222 -99
-99 -99 -99 -99 -99 -0.101307544302492 -99 -99 -99 -99 -99 1.44531113506757 -99 -99 0.794957449913895
-99 -99 -99 -99 -99 -99 -99 2.64916657013883 -99 -99 -99 3.4920685090621 -99 -99 -99
-99 -99 -99 -99 1.90090932786935 -99 -99 -99 -99 -99 0.270221177809734 -99 -99 -99 -99
-99 -99 -99 -99 -99 -99 -99 2.68820011021284 -99 -99 -99 -99 1.53786469658597 -99 -99
-99 -99 -99 -99 -99 -99 -99 -99 -99 -99 -99 -99 1.64305619860277 -99 -99
-99 -99 -99 -99 -99 -99 -99 0.798848205805361 -99 -99 -99 -99 -99 -99 -99
-99 -99 -99 -99 2.67182241706694 -99 -99 -99 -99 -99 -99 -99 -99 -99 0.859623380683953
-99 -99 -99 -99 -99 -99 -99 -99 -99 2.17290794144599 -99 -99 -99 -99 -99
-99 -99 -99 0.882930985734519 -99 -99 -99 -99 -99 -99 -99 -99 -99 1.01745687662383 -99
-99 -99 -99 -99 -99 -99 -99 -99 -99 -99 -99 -99 -99 -99 -99
-99 -99 -99 -99 1.40287655381451 -99 -99 -99 -99 0.944465592499016 -99 -99 -99 -99 -99
-99 -99 -99 -99 1.10710175617425 -99 -99 -99 -99 -99 -0.80051267964693 -99 -99 -99 -99
-99 1.39863030565182 -99 -99 -99 -99 -99 -99 -99 -99 2.04285511027237 -99 -99 -99 -99
-99 -0.439922587897157 -99 -99 -99 0.420873037281502 -99 -0.838942420298617 -99 -99 -99 -99 -99 -99 -99
-99 -99 -99 -99 -99 -99 -99 -99 -99 -99 -99 -99 -99 -99 -99
-99 -99 -99 -99 -99 -99 -99 -99 -99 -99 -99 -99 -0.0297135328365556 -99 -99
-99 -99 -99 -99 -99 -99 -99 -99 -99 -99 -99 -99 -99 -99 -99
-99 -99 -99 -99 -99 -99 -99 3.417872170559 -99 -99 0.731591562595187 -99 3.4705824836531 -99 -99
1.50520091192908 -99 -99 -99 -99 -99 1.0989561952876 -99 -99 -99 -99 -99 -99 -99 -99
-99 -99 -99 -99 -99 -99 -99 -99 -99 -99 -99 -99 -99 -99 -99
-99 -99 -99 -99 -99 1.5088503655249 2.58552233771091 -99 -99 -99 -99 -99 -99 -99 -99
-99 2.90931130814865 -99 -99 -99 -99 -99 0.284017713600685 -99 -99 0.970257274110861 -99 -99 -99 -99
-99 -99 -99 -99 -99 -99 -99 -99 -99 -99 -99 -99 2.61434558168398 -99 -99
-99 -99 -99 -99 -99 -99 -99 -99 -99 -99 -99 -99 -99 -99 -99
-99 -99 -99 -99 -99 -99 1.12576405846081 -99 -99 -99 -99 -99 -99 -99 2.20635965587362
-99 -99 -99 -99 2.60105183437067 -99 -99 -99 -99 -99 -99 -99 -99 -99 -99
-99 -99 -99 -99 -99 -99 -99 -99 -99 -99 -99 -0.983141817558216 -99 -99 1.36062960085814
-99 -99 -99 -99 -99 -99 -99 -99 -99 -99 0.195378735935651 -99 -99 -0.127734251283831 -99
-99 -99 -99 -99 0.719514358610264 -99 -99 -99 -99 -99 -99 -99 -99 -99 -99
-1.35873296870672 -99 -99 -99 -0.600290516092801 -99 -99 -99 -99 -99 -99 -99 -99 -99 -99
-99 -99 -99 -99 -99 -99 -99 -99 -99 -99 -0.578464631934734 -99 -99 -99 -0.896796765271702
-99 -99 -99 -99 -99 -0.451243945428834 -99 -99 -99 -99 -99 -99 -99 0.715617780450553 -99
-99 -99 -99 -99 -99 -99 -99 -99 -99 -99 -99 -99 -99 -99 -99
-99 -99 -99 -99 -99 -99 -99 -99 -99 -99 -99 -99 -99 -99 -99
-99 -99 -99 -99 -99 -99 -99 -99 -1.43150972420715 -99 -99 -99 -99 -99 -99
-99 -99 2.00326962898758 -99 -99 -99 -99 -99 -99 -99 -99 -99 -99 -99 -99
1.61602681719904 -99 1.45271583059071 -99 -99 2.60783032368253 -99 -99 -99 -99 -99 -99 -99 -99 -99
-99 -99 -99 -99 -99 -99 -99 1.16938076288264 -99 -99 -99 -99 -99 -99 -99
-99 -99 -99 -99 -99 -99 -99 -99 -99 -99 -99 -99 -99 -99 -99
-0.220903223341162 -99 -99 -99 -99 -99 -99 -99 -99 -99 -99 -99 -99 -99 -99
-99 -99 -99 -99 -99 -99 -99 -99 -99 -99 -99 -99 -99 -99 -99
-99 2.40063742148934 -99 -99 -99 -99 -99 -99 -99 -99 -99 -99 1.49593895833539 -99 -99
-99 -99 -99 -99 -99 -99 -99 -99 -99 -99 -99 -99 -99 -99 -99
-99 -99 -99 -99 -99 -99 -99 -99 -99 -99 -99 -99 -99 -99 -99
-99 -99 0.0653936196862949 -99 -99 -2.18560196974265 -99 -99 -1.66078876112836 -99 -99 -99 -99 -99 -99
-99 -99 -99 1.27016307010509 -99 -99 -99 -99 -99 -99 2.44101181660993 -99 -99 -99 -99
-99 -99 -99 -99 -99 -99 -99 -99 -99 -99 -99 -99 -99 -99 -99
-99 0.566747917434676 -99 1.24046997450758 -99 0.405900535432943 -99 -99 -99 -99 -99 -99 -99 -99 -99
-99 -99 0.857075813048445 1.33510260949098 -99 -99 -0.874396316361528 -99 -99 -99 -99 -99 -0.688636582745204 -99 -99
-99 -99 -99 -99 -99 0.704183485073033 -99 -0.471066665999837 -99 -99 -99 -99 -99 -99 -99
-99 -99 1.09063792692379 -99 -99 -99 2.40453440967384 -99 -99 -99 2.9400767934629 -99 -99 -99 -99
-99 -99 -99 -99 -99 -99 -99 -99 -99 -99 -99 -99 1.84701725269027 -99 -99
-99 -99 -99 -99 -99 -99 -99 -99 -99 2.40609186854887 -99 -99 -99 -99 -99
-99 -99 -99 -99 -99 -99 -99 -99 -99 -99 -99 -99 -99 -99 -99
-99 -99 0.0790892363141007 -99 -99 -99 -99 -99 -99 -99 -99 -99 -99 -99 -99
-99 -99 -99 -99 -99 -99 -99 -99 -99 -99 -99 -99 -99 -99 -99
-99 -99 0.525089064827441 -99 -99 -99 -99 -99 -99 -99 -99 -99 -99 -99 -99
0.670208876286614 -99 -99 -99 -99 -99 -99 -99 3.73266082655283 -99 -99 -99 -99 -99 2.58734182706636
-99 -99 -99 -99 -99 -99 -99 -99 -99 -99 -99 3.84814332270295 2.47993747885061 -99 -99
0.3987143821996 -99 -99 -99 -99 -99 -99 -99 -99 -99 -99 -99 -99 -99 -99
-99 -99 -99 -99 1.66473290229227 -99 -99 -99 -99 -99 1.92785036321001 -99 -99 -99 -99
-99 -99 -99 -99 -99 -99 0.382885253301518 -99 -99 -99 -99 -99 2.10769825449195 -99 -99
-99 -99 -99 -99 -99 -99 -99 -99 -99 -99 -99 -99 -99 -99 -99
-99 -99 -99 -99 -99 -99 -99 -99 -99 -99 -0.440089694153489 -99 -99 2.32733237472192 -99
-99 -99 1.74449195297521 1.7086005044545 -99 -99 -99 -99 -99 -99 -99 -99 -99 1.29858295657296 -99
-99 -0.440406509380876 -99 -99 -99 -1.87534237045824 -99 -99 -99 -2.28718116400538 -99 -99 -99 -99 -99
-99 -99 -99 -99 -99 -99 -99 -99 -99 -99 -99 -99 -99 -99 -99
-0.444501953345585 -0.111073332587273 -1.16371457170751 -99 -99 -99 -99 -99 -99 -99 -99 -99 -99 -99 -99
-99 -99 -99 -99 -99 -99 -99 -99 -99 -99 -99 -99 -0.09974966248615 -99 -99
-99 -99 -99 -99 -99 -99 -99 -99 -99 -99 -99 -99 -99 -99 -99
0.906110748722109 -99 -99 -99 -99 -99 -99 0.97266416282921 0.53500738917126 -99 -99 -99 -99 -99 -99
-99 -99 -99 -99 -99 -99 -99 -99 -99 -99 3.05755759533255 -99 -99 -99 -99
-99 2.00075064442608 -99 -99 -99 -99 -99 -99 -99 -99 -99 -99 -99 -99 -99
0.840795619467749 -99 -99 -99 -99 0.0686273282278272 -99 -99 0.688212626128867 -99 -99 -99 -99 -99 -99
-99 -99 -99 -99 -99 -99 -99 -99 -99 -99 -99 -99 -99 -99 -99
-99 -99 -99 0.333095008735032 -99 -99 -99 -99 -99 -99 -99 -99 -99 -99 -99
-99 -99 -99 -99 -99 -0.748307356695294 -99 -99 -99 -99 -99 -99 -99 -99 -99
-99 -99 -99 -99 -99 -99 -99 -99 -99 -99 -99 -99 0.783995166611798 -99 -99
-99 -99 -99 -99 -99 -99 -99 -0.661754733884136 -99 -99 -99 -99 -99 -99 -99
-99 -99 1.61125122017175 -99 -99 -99 -99 -99 -99 0.624580501104722 -99 -99 -99 -99 -0.765696396601489
-0.420467892138385 -99 -99 -99 -99 -99 0.238586271561346 -99 -99 -99 -99 -99 -99 -1.06409618757531 -99
-99 -99 -99 -99 -99 -99 -99 -99 -99 -99 -99 -99 -99 -99 0.673809777373292
-99 -99 -99 -99 -99 -99 -99 -99 -99 -99 -99 -99 -99 -99 1.16644416639698
-99 -99 -99 -99 -99 -99 -99 -99 -99 -99 -99 -99 -99 -99 -99
-99 -99 -99 -99 -99 -99 -99 -99 -99 -99 -99 -99 -99 -99 -99
-99 1.14139539635488 -99 -99 -99 1.50839360204633 -99 -99 -99 -99 -99 -99 -99 -99 -99
-99 -99 -99 0.0556563094614502 -99 -99 -99 -99 3.70700463812453 -99 1.28711319679105 -99 -99 -99 -99
-99 -99 -99 -99 -99 1.83152845556745 -99 -99 -99 -99 -99 -99 -99 -99 -99
-99 -99 -99 -99 -99 0.699149151090241 -99 -99 -99 -99 -99 -99 -99 -99 -99
-99 -99 -99 0.64887792327681 1.07191993464914 -99 -99 -99 1.1363739596503 0.247798039790847 -99 -99 -99 -99 -99
-99 -99 -99 -99 -99 3.47588594914477 -99 -99 -99 -99 -99 -99 -99 -99 1.29921085426637
-99 3.13740264031196 -99 -99 -99 -99 -99 -99 -99 -99 -99 -99 -99 -99 -99
-99 -99 -99 -99 -99 -99 -99 -99 -99 -99 -99 -99 -99 -99 0.188197159830556
-99 -99 -99 -99 -99 -99 -99 -99 -99 -99 -99 2.51398637633432 -99 -99 -99
-99 -99 -99 -99 -99 -99 -99 -1.86301393480601 -99 -99 -99 -99 -99 -99 -99
-99 -99 -99 -99 -99 -99 -99 -99 -99 -99 2.66416313964161 -99 -99 -99 -99
-99 -99 -99 -99 -99 -99 -99 -99 -99 -99 -99 -99 -99 -99 -99
-99 -99 -99 -99 -99 -99 -99 -99 -99 -99 -99 -99 -99 -99 -99
-99 -99 -99 -99 -99 2.55450069678829 -99 -99 -99 -99 -99 -99 -99 -99 2.44968296704416
-99 -99 1.15341329503579 -99 -99 -99 -99 -99 -99 -99 -99 -99 -99 -99 -99
-99 -99 -99 -99 -99 -99 -99 -99 -99 0.756325174575694 -99 -99 -99 -99 -99
-99 -99 -99 3.23076285345383 -99 3.78916908684915 -99 -99 -99 -99 -99 -99 -99 -99 -99
-99 -99 0.777230852440801 -99 -99 -99 -99 -99 -99 -99 -99 -99 -99 -99 -99
-99 -99 -99 -99 -99 -1.09841888180745 -99 -99 -99 -99 -99 -99 -99 -99 -99
-99 -99 -99 -99 -99 -99 -99 1.77944054104363 -99 -99 -99 -99 -99 -99 -99
-99 -99 -99 0.930250768965717 -99 -99 -99 -99 -99 -99 -99 -99 -99 -99 -99
-99 -99 -99 -0.328709780232752 -0.406470968253752 -99 -99 -99 -99 -99 -99 -99 -1.74406036187771 -99 -99
-99 -99 -99 -99 -99 0.190864912384819 -99 -99 -99 -99 -99 -99 1.94423910316314 -99 -99
-99 -99 -99 -99 -99 -0.89655511530446 -99 -99 -99 0.292744800296778 -99 -99 -99 -0.106028662453269 -99
-99 -99 -99 -99 -99 -99 -99 -99 -99 -99 -99 -99 -99 -99 -99
-99 -99 -99 -99 -99 -99 -99 -99 -99 -99 -99 -99 1.92175957161822 -99 1.57882681941505
-99 -99 -99 -99 -99 -99 -99 -99 -99 -99 -99 -99 -99 -99 -0.726291562190119
-99 -99 -99 -99 -99 -99 -99 -99 -99 -99 -99 0.460199708900383 -99 -99 -99
-99 -99 -99 -99 -99 -99 -99 -99 -99 -99 -99 -99 -99 -99 -99
-99 0.583023364218126 0.554027985768744 1.53399944305062 -99 2.61308568901363 -99 -99 -99 -99 1.14181702074857 -99 -99 2.11150076993794 -99
-99 -99 -99 -99 0.00222568845910531 -99 -99 -99 -99 -99 -99 -99 -99 -99 -99
-99 -99 -99 -99 -99 -99 -99 2.7823361546156 -99 -99 -99 -99 -99 1.94003951967011 -99
-99 -99 -99 -99 -99 -99 -99 -99 -99 -99 -99 -99 -99 -99 -99
4.41096197749915 -99 -99 -99 -99 3.48362915366238 -99 -99 -99 -99 2.6813302516471 -99 -99 -99 -99
-99 -0.347258818660787 -99 1.6152762541998 -99 -99 -99 -99 -99 -99 -99 -99 2.07896954345814 -99 -99
-99 -99 -99 -99 -99 -99 -99 -99 -99 -99 -99 -99 -99 -99 -99
0.756604923546653 -99 -99 -99 -99 -99 -99 -99 -99 -99 -99 -99 -99 -99 -99
-99 0.281106659902875 -99 -99 -99 -99 -99 -99 -99 -99 -99 -99 -99 0.92178387865513 -99
-99 -99 -99 -99 -99 -99 -99 -99 -99 -99 -99 -99 -99 -99 -99
-99 -99 -99 -99 -99 -99 -99 -99 -99 1.60571093715925 2.09614281742004 -99 -99 -99 -99
-99 0.91872548942269 -99 -99 0.961605472279704 -99 -99 -99 -99 -0.0338672988317248 -99 -0.442856340764844 -99 -99 -99
-99 -99 -99 -99 -99 -99 0.935263757319059 -99 -99 0.806206002147191 -99 -99 -99 -99 -99
-99 -99 -99 -99 -99 -99 -99 -99 -99 -99 -99 -99 3.75365281211936 -99 -99
-99 -99 -99 -99 -99 -99 -99 -99 2.85633441425479 1.79943313469988 -99 1.63018199360675 -99 -99 -99
0.311362408993679 -99 -99 -99 -99 -99 -99 -99 -99 -99 -99 -99 -99 -2.03247346691507 -99
-99 -99 -99 -99 -99 -99 -99 -99 -99 -99 -99 -99 -99 -99 -99
-99 -99 -99 -99 -99 -99 -99 -99 -99 -99 -99 -99 -1.23788599686769 -99 -99
-99 -99 -99 -99 -99 -99 -99 -99 -99 -99 -99 -99 -99 -99 -99
-99 -99 -99 -99 -99 -99 -99 -99 -99 -99 -99 -99 -0.548560607305857 -99 -99
-99 -99 -99 -99 -99 -99 -99 -99 -99 -99 1.80482432454344 -99 -99 -99 -99
-99 -99 -99 -99 -99 -99 0.384801631145308 -99 -99 -99 -99 -99 -0.670516907146476 -99 -99
0.575492353747856 -99 -99 -99 -99 -99 -99 -99 -99 2.78510051401187 -99 -99 -0.897436813528763 -99 -99
-99 -99 -99 -99 -99 -99 -99 -99 -99 -99 -99 -99 -99 -99 -99
-99 -99 -99 -99 -99 -99 -99 -99 -99 -99 -99 -99 -99 1.65284800764897 -99
-99 -99 -99 1.58322003715546 -99 -99 -99 -99 -99 -99 -99 1.19599212011044 -99 -99 -99
-99 -99 -99 -99 -99 -0.0742068639694304 -99 -99 -1.11662277465666 -99 -99 -99 -99 -99 -99
-99 -99 -99 -99 -99 -99 -99 -99 -99 -99 -99 -99 -99 -99 0.0392992243885485
-99 -99 -99 -99 -99 -99 -99 -99 -99 -99 -99 -99 -99 -99 -99
-99 -99 -99 -99 -99 -99 -99 -99 -99 -99 -99 -99 -99 -99 -99
-99 -99 -99 -99 -99 -99 -99 -99 -99 -99 -99 -99 -99 -99 -99
-99 -99 -99 -99 -99 -99 -99 -99 -99 -99 -99 -99 -99 -99 -99
-99 -99 -99 -99 -99 -99 -99 -99 -99 -99 -99 -99 -99 -99 -99
-99 -99 -99 -99 -99 -99 3.63045972565208 -99 -99 -99 -99 -99 2.67251061748196 -0.990730404778488 -99
-99 -99 -99 -99 -99 -99 -99 -99 -99 -99 -99 -0.245025846816757 -99 -99 -99
-99 0.571879128622319 -99 -99 -99 -99 -99 -99 -99 -99 -99 -99 -99 -99 -99
-99 -99 -99 -99 -99 -99 -99 -99 2.40948496188283 -99 -99 -99 -99 -99 -99
-99 -99 -99 -99 -99 -99 -99 -99 -99 -99 -99 -99 -99 -99 -99
-99 -99 -99 -99 -99 -99 -99 -99 -0.573984770196882 -99 0.942531729976961 -99 -99 -99 -99
-99 -99 -99 -99 -99 -99 -99 -99 -99 -99 -99 -99 -99 -99 -99
2.68247197892353 -99 -99 -99 -99 -99 2.40156648229955 -99 -99 -99 -99 -99 -99 -99 -99
-99 -99 -99 -99 -99 2.63550457908875 -99 -99 -99 -99 -99 -99 -99 -99 -99
-99 -99 -99 -99 -99 -99 -99 -99 -99 -99 -99 -99 2.29644229722842 -99 -99
-99 2.0784225655508 -0.0384778012701625 -99 -99 -99 -99 -99 0.884964831582516 -99 1.20593522094044 -99 -99 -99 -99
-99 -99 -99 -99 -99 -99 -99 -99 -99 -99 -99 -99 -99 -99 -99
-99 -99 -99 -99 -99 -99 -99 -99 -99 -99 -99 -99 -99 -99 -99
-99 -99 -99 -99 -99 -99 0.848573167634171 -99 -99 -99 -99 -99 -0.207233000526149 -99 -99
-99 -99 -0.508205940281685 -99 -99 -99 1.15717268006065 -99 0.716584417778639 -99 -1.41936714249837 -99 -99 -99 -99
-99 -99 -99 -99 -99 -99 -99 2.40172136298402 -99 1.93391965608556 -99 2.4085918189383 -99 -99 -99
-99 -99 -99 -99 -99 -99 -99 -99 -99 -99 -99 -99 -99 -99 -99
-99 -99 -99 -99 -99 0.621091205409262 -99 -99 -99 -99 -99 -99 -99 -99 -99
-99 -99 -99 -99 -99 -99 -99 -99 -99 -99 -99 2.28377647987979 -99 0.963818209485431 0.977134527298366
-99 -99 -0.641986100190297 -99 -99 -99 -99 -99 -99 -99 -99 -99 -99 -99 -99
-99 -99 -99 -99 -99 -99 -99 -99 -99 -99 -99 -99 -99 -99 -99
-99 -99 -1.87587825020001 -99 -99 -99 -99 -99 -99 -99 -99 0.277533328635612 1.8143041581115 -99 -99
-99 0.157496593844357 -99 -99 -99 -99 -99 -99 -99 -99 -99 -99 -99 -99 -99
-99 -99 -99 -99 -99 -99 -99 -99 -99 -99 -99 -99 -99 -99 -99
-99 -99 -99 2.04482605219795 -99 -99 -99 -99 -99 -99 -99 -99 1.02008268637444 -99 -99
-99 -99 -99 -99 -99 -99 -99 -99 -99 -2.10619499477494 -99 -99 -99 -99 -99
-99 -99 -99 -99 -99 -99 -99 -99 -99 -99 -99 -99 -99 -99 -99
-99 -99 -99 -99 -99 -99 -99 -99 -99 -99 -99 -99 -99 1.54898640334896 -99
-0.130975248113273 -99 -99 -99 -99 -99 -99 -99 -99 -99 -99 -99 -99 -99 -99
-99 -99 -99 -99 -99 -0.93691929726802 -99 -99 -99 -99 -99 -99 -99 -99 -99
-99 1.10739908313997 -99 -99 -99 -99 -99 -99 -99 -99 -99 -99 -1.44625466675104 -99 -99
-99 -99 -99 -99 -99 -99 2.43636674391875 1.381642051127 -99 -99 -99 -99 0.874111434231122 -99 0.244485137493748
-99 2.15175383571182 -99 -99 -99 -99 -99 -99 0.95612115091707 -99 -99 -99 -99 -99 -99
-99 -99 2.19455940893482 -99 -99 -99 -99 -99 -99 -99 -99 -99 -99 1.06737974958635 1.38263495654431
-99 -99 -99 -99 -0.58712657034952 -99 -99 -99 -99 -99 -99 -99 -99 -99 -99
-99 -99 -99 0.128088816549832 -99 0.49710946196156 -0.844027803452201 -99 -99 -99 0.358458183634315 1.2148652677116 -99 -99 -99
-99 -99 -99 -99 0.184278426067518 -99 -99 -99 -99 -99 -99 -99 -99 -99 -99
-99 -99 -99 -99 -99 -99 -99 -99 -99 -99 -99 -99 -99 -99 -99
-99 -99 -99 -99 -99 -99 -99 -99 -99 -99 -99 -99 -99 -99 -99
-99 -99 -99 -99 1.7816289846301 -99 -99 1.27466570088351 -99 2.03071586635221 -99 -99 -99 -99 -99
-99 -99 2.60751005149069 -99 -99 -99 -99 -99 -99 -99 3.09592114156704 -99 -99 -99 -99
-99 -99 -99 -99 -99 -99 -99 -99 -99 -99 -99 1.99287032573026 -99 -99 0.873893764363206
-99 -99 -99 -99 -99 -99 -99 -99 -99 -99 -99 -99 -99 -99 -99
-99 -99 2.21834983990994 -99 -99 -99 -99 -99 -99 -99 -99 -99 -99 -99 -99
-99 0.581781151783278 -99 -0.470080641303907 -99 -99 -99 -1.70162532548619 -99 -99 -99 -99 -99 -99 -99
-99 -99 -99 -99 -99 -99 -99 -99 -99 -99 -99 -99 -99 -99 -99
0.583444325090311 -99 -99 -99 -99 -99 -99 -99 -99 -99 0.305525179873309 1.83805767225782 -99 -99 0.338121083381091
-99 -99 -99 -99 -99 -99 -99 -99 -99 -99 -99 0.060732781447666 -99 -99 -99
-99 -99 -99 -99 -99 -99 -99 -99 -99 -99 -99 -99 -99 -99 -99
-99 -99 -99 -99 -99 -99 -99 -99 -99 -99 2.07954314649793 -99 -99 -99 -99
-99 -99 -99 -99 -99 -99 4.3407920290379 -99 3.16484386447039 -99 -99 -99 -99 -99 -99
-99 -99 -99 -99 -99 -99 -99 -99 -0.171554198347755 -99 -99 -99 0.295749133578561 -99 -99
-99 3.30393083055949 -99 -99 1.21093626023947 -99 -99 -99 -99 -99 -99 -99 -99 -99 -99
-99 -99 -99 -99 -99 -99 -99 -99 -99 -99 -99 -99 -99 -99 -99
1.3929650667558 -99 -99 1.38875955319715 -99 -99 -99 -99 -99 -99 -99 -99 -99 -99 -99
-99 -99 -99 -99 -99 -99 -99 -99 1.04989853519811 -99 -99 -99 -99 -99 -99
-99 -99 -99 -99 -99 -99 -99 1.74237117000596 -99 1.3196830098395 -99 -99 -99 -99 -99
-99 -99 0.273456796347143 -99 -99 -99 -99 -99 2.19693650846175 -99 -99 -99 -99 -99 -99
-99 -99 -99 -99 -99 -99 -99 -99 -99 -99 -99 -99 -99 -99 2.73550004599475
-99 -99 -99 -99 1.96137386513589 -99 -99 -99 -99 0.802780240567798 -99 -99 -99 -99 -99
-99 -99 -99 -99 -99 -99 -99 -99 -99 -99 -99 -99 -99 -99 -99
-99 -99 -99 -99 -99 -99 -99 -99 -99 -99 -99 -99 1.20805700801436 -99 2.73023146103893
-99 -99 -99 -99 -99 -99 -99 -99 -99 -99 -99 -99 -99 -99 -99
-99 -99 -99 -99 -99 -99 -99 -0.13681206401045 -99 -99 -99 0.521172719189308 -99 -99 -99
-99 -99 -99 -99 1.6797352111049 -99 -99 -99 -99 -99 -99 -99 -99 1.31429387876218 -99
-99 -99 -0.178357756317578 -0.148426087066263 -99 -99 -99 -99 -99 -99 -3.31485364215094 -1.11163745424252 -99 -99 -99
-99 -99 -99 -99 3.56779902093423 -99 -99 -99 -99 -99 -99 -99 -99 -99 2.61537078524504
-99 -99 0.599893116817358 -99 -99 -99 -99 -99 -99 -99 -99 -99 -99 -0.648049540698005 1.42021886636715
-99 -99 -99 0.809473659276128 -99 -99 -99 -99 -99 -99 2.72012289226143 -99 -99 -99 -99
-99 4.46794310820595 -99 -99 -99 -99 -99 -99 -99 -99 -99 -99 -99 -99 -99
-99 0.50095571606661 -99 -99 -99 -99 -99 -99 -99 -99 -99 -99 -99 -99 -99
-99 2.24182751453767 -99 -99 -99 -99 -99 -99 -99 -99 -99 -99 -99 -99 -99
-99 -99 -99 -99 -99 -99 -99 -99 -99 -99 -99 2.55700904784831 -99 -99 -99
-99 -99 -99 -99 -99 -99 -99 -99 -99 -99 -99 -99 -99 -99 -99
-99 -99 -99 -99 -99 -99 -99 -99 -99 -99 -99 -99 -99 -99 -99
-99 -99 -99 -99 -99 -99 -99 -99 -99 -99 -99 -99 -99 -99 -99
-99 -99 -99 -99 -99 -99 -99 0.696993502238456 -99 -99 -99 -99 -99 -99 -99
-99 -99 -99 -99 -99 -99 -99 -99 -99 -99 1.41523532328501 -99 -99 -99 -99
-99 -99 4.69287910693221 -99 -99 -99 -99 -99 -99 -99 -99 -99 -99 -99 -99
-99 -99 -99 -99 -99 -99 -99 -99 0.774571412769631 0.471609066557615 0.369983020606847 -99 -99 -99 -99
-0.460006700501424 -99 -99 -99 -99 -99 -99 -99 -99 -99 -99 -99 -99 -99 -99
2.07508626065251 -99 -99 -99 0.857831309875594 -99 -99 -99 -99 -99 -99 -99 -99 -99 1.08492431994215
-99 -99 -99 -0.386316770392311 -99 0.271979871768794 -99 -99 -99 -99 -99 -99 -99 -99 0.803089051287255
-99 -99 -99 -99 -99 -99 -99 -99 -99 -99 -0.951634762360226 -99 -99 -99 -99
-99 -99 2.22236594758575 -99 -99 -99 -99 1.57333504334201 -99 -99 -99 -99 -99 -99 -99
-99 0.123298703208794 1.14454433344339 -99 -99 -99 1.07225858255085 -99 -99 -99 -99 -99 -99 -99 -99
-99 -99 -99 -99 -99 0.718274424156089 -99 -99 0.211915623095526 -99 -99 -99 -99 -99 0.189251291475835
-99 -99 -99 -99 -99 -99 -99 -99 1.47362924124242 -99 -99 -99 -99 -99 -99
-99 -99 -99 -99 -99 -99 -99 -99 -99 -1.74478566955131 -99 -99 -99 -99 -1.26325196018033
-99 -99 -99 -99 -99 -99 -99 -99 -99 -99 -99 -99 -99 -99 -99
-99 -99 2.23787178605728 -99 -99 -99 -99 -99 -99 -99 -99 -99 2.19868335065826 -99 -99
-99 -0.419063450063797 -99 -99 -99 -99 -99 -99 -99 -99 1.00412152843383 -99 -0.455977668787337 -99 -99
-99 -99 -99 2.20687240258999 -99 -99 -99 -99 -99 2.44610845522834 -99 -99 -99 -99 -99
-99 -99 -99 -99 0.886424425311394 -99 -99 -99 -99 -99 -99 -99 -99 -99 -99
-99 -99 -99 -99 0.621907229535914 -99 -99 -99 -99 -99 -99 -99 -99 -99 1.48460293512211
-99 -99 -99 -99 -99 -99 -99 0.304733842077098 2.41404041800015 -99 -99 -99 -99 -99 -99
-99 -99 -99 0.723679291953306 -99 -99 1.82259558095654 -99 -99 -99 -99 -99 -99 -99 -99
-99 -2.3773794678773 -99 -99 -99 -99 -99 -99 -99 -99 -99 -99 -99 -99 -99
-99 -99 -99 -99 -99 -99 -99 -99 -99 -99 -99 -99 -99 -99 -99
-99 -99 -99 -99 -99 3.24208119098951 -99 -99 -99 -99 -99 -99 -99 -99 -99
-99 -99 -99 -0.680127197132463 -99 -99 -99 1.20001560479343 -99 -1.44201313863438 1.53347317104467 -99 -99 -99 -99
-99 -99 -99 -99 -99 -99 -99 -99 -99 -99 -99 -99 -99 -99 1.66780821579123
-99 -99 -99 -99 -99 -99 -99 -99 -99 -99 -99 -99 -99 -99 -99
-99 0.653491715728693 -99 -99 -99 -99 -99 -99 -99 -99 -99 -99 -99 -99 -99
0.527725248437577 -99 -99 3.45774435881548 -99 -99 -99 -99 -99 -99 -99 -99 -99 -99 -99
-99 0.0177182780080923 -99 -99 -99 -99 -99 -99 -99 -99 -99 -99 -99 -99 -99
-0.83562142376595 -99 -99 1.44378035912709 -99 -99 -99 -99 -99 -99 -99 -99 -99 -99 -99
-99 -99 -99 -99 -99 -99 -99 -99 -99 -99 -99 -99 -99 -99 -99
-99 -99 -99 -99 -99 -99 2.25109749264596 -99 1.446144178625 -99 -99 -99 -99 -99 -99
-99 -99 -2.04696003819675 -99 -99 -99 -99 -99 -99 -99 -99 -99 -99 -99 -99
-99 -99 -99 -99 -99 -99 -99 -99 0.340599907514398 0.062832817096484 -99 -99 -99 -99 -99
-99 -99 -99 0.0215348382842522 -99 -99 -99 0.68528582995326 -99 -99 -99 -99 1.11792256733012 -99 -99
-99 -99 -99 -99 -99 -99 -99 -99 -99 3.94077085413558 -99 -99 -99 -99 -99
-99 -99 -99 -99 0.914678704432986 -99 -99 -99 -99 -99 -99 -99 -99 -99 -99
-99 -99 -99 -99 -99 -99 -99 -99 -99 -99 -99 -99 -99 -99 -99
-99 -99 -99 -99 -99 -99 -99 -99 -99 -99 -99 -99 -99 -99 -99
-99 -99 -99 -99 2.86850715269636 -99 -99 2.11761606234615 -99 -99 -99 -99 -99 -99 -99
-99 -99 -99 -99 -99 -99 -99 -99 -99 -99 -99 -99 -99 -99 -99
-99 -99 -99 -99 -99 -99 -99 -99 -99 -99 -0.725822212011124 -99 -99 -99 -99
-99 1.94624072995608 -99 -99 -99 -99 -99 -99 -99 -99 -99 -99 -99 -99 -99
-99 -99 -99 -99 -99 -99 -99 -99 -99 -99 -99 -99 -99 -1.61475434103683 0.95464390714411
-99 -99 -99 -99 -99 -99 -99 -99 -99 -99 -99 -99 -99 -99 -99
-99 -99 -99 -99 -99 -99 -99 -99 -99 -99 -99 -99 -99 -99 -99
-99 -99 -99 -99 -99 -99 -99 -99 -99 -99 -99 -99 -99 -99 -99
-99 -99 -99 -99 -99 -99 -99 -99 -99 -99 1.40016388666081 -99 -99 1.40942617196657 -99
-99 -99 -99 -99 -99 -99 -99 -99 -99 3.75252551607575 1.16372792723517 -99 -99 -99 -99
-99 0.854688643685604 -99 -99 -99 -99 -99 -99 -99 -99 -99 -99 -99 -99 -99
-99 -99 -99 -99 -99 -99 -99 -99 -99 -99 -99 -99 -99 0.190040254091508 -99
-99 -99 -99 -99 0.143447289432338 -99 -99 -99 -99 2.91465363567853 -99 -99 -99 -99 -99
-99 0.823202975815382 -99 -99 -0.617802160726658 -99 -99 -99 -99 -99 -99 -99 -99 -99 -99
-99 -99 -99 -99 -99 -99 -99 0.0123421033122694 -1.88863907880571 -99 -99 -99 -99 -99 -99
-99 -99 -99 -99 -99 -99 -99 -99 0.107298661539548 -99 -99 -99 -99 -99 -99
-99 -99 -99 -99 -1.84849249289086 -99 -99 -99 -99 -99 -99 -99 -1.40796366083875 -99 -99
-99 -99 -99 1.58224392330094 -99 -99 -99 2.16393099487192 -99 -99 1.66255991340284 -99 -99 -99 -99
-99 -99 -99 -99 -99 -99 -99 -99 -99 2.023855378071 -99 -99 -99 -99 -99
-99 0.408076031272833 -99 -99 -99 -99 -99 -99 -99 -99 -99 1.71709182559851 2.47279712845344 -99 -99
-99 -0.943250196806049 1.9864874597518 -99 -99 -99 -99 -99 -99 -99 -99 1.09462363208949 -99 -99 -99
-99 -99 -99 -99 -99 -99 -99 -99 -99 -99 -99 -99 -99 -99 -99
-99 -99 -99 -99 -99 -99 -99 -99 -99 -99 -99 -99 -99 -99 -99
-99 -99 -99 -99 -99 -99 -99 -99 -99 -99 -99 2.04619177588683 -99 -99 -99
-0.839731598568499 -99 -99 -99 -99 -99 -99 -99 -99 -99 -99 0.884748645191008 -99 -99 -1.96102931718598
-99 0.786468607761596 -99 -99 -99 -99 -99 -0.512082730038095 -0.0889151119005398 -0.327533841891524 -99 1.50945314524285 -99 -99 -99
-99 -99 -99 -99 -99 -99 -99 -99 -99 -99 -99 -99 -99 -99 -99
-99 -99 -99 -99 0.911324661976474 -99 0.897466710471781 -99 -99 -99 -99 3.06883336078861 -99 -99 -99
-99 -99 -99 -99 -99 -99 -99 -99 2.03612051285861 2.87263355467864 2.04979043659327 -99 -99 -99 -99
-99 -99 -99 -99 -99 2.74996093705549 -99 -99 -99 -99 -99 -99 0.711253700478351 -99 -99
-99 -99 -99 -99 -99 -99 0.152889325213151 -99 -99 -99 0.389232090446595 -99 -99 -99 -99
-99 0.178591934074279 -99 -0.125281976542884 -99 -99 -99 -99 -99 -99 -1.15356661617906 -99 -99 -99 -99
-0.406504546839331 -99 -99 -99 -0.160605804374403 -99 -99 -99 -99 -99 -99 -99 2.77628594602023 -99 -99
-99 -99 -99 -99 -99 -99 -99 -99 -99 -99 -99 -99 -99 -99 -99
