-99 -99 -99 -99 -99 0.17774962700453 -99 -99 -99 -99 -99 -99 -99 -99 -99
-99 -99 -99 -99 -99 -99 2.26767126246414 -99 -99 -99 2.23420616448904 -99 4.27538481428978 -99 -99
-99 -99 -99 -99 -99 -99 -99 -99 -99 -99 -99 0.882881220800565 -99 -99 -99
1.54154098107986 -99 -99 -99 -99 -99 -99 -99 -99 -99 -99 -99 -99 0.382872296191247 -99
-99 -99 -99 -99 -99 -99 2.7486237082038 -0.0258481732243627 -99 -99 -99 1.4357836735685 -99 -99 -99
-99 -99 -99 -99 -99 -99 -99 -99 -99 -99 -99 -99 -99 -99 -99
-99 -99 3.07901257656339 1.93213276016723 -99 -99 2.53001231944281 -99 -99 -99 -99 -99 -99 -99 -99
0.810571438796439 -99 -99 -99 -99 -99 -99 -99 -99 -99 -99 -99 -99 -99 -99
1.44354538977801 -99 -99 -99 -99 -99 -99 -99 -99 -99 -99 0.147724308131462 -99 -99 -99
-99 -99 -99 1.54793699790555 -99 -99 -99 -99 -99 -99 -99 -99 -99 -99 -99
-99 -99 -0.0151608220378747 -99 -99 -0.148425812982878 -99 -99 -99 -99 -99 -99 -99 -99 -99
-99 -99 3.31212860082411 -99 -99 2.86476667505522 -99 -99 2.67010194491776 -99 -99 -99 -99 -99 -99
-99 -99 1.87365680634529 1.5472894274461 -99 -99 -99 -99 -99 2.68787613956651 -99 -99 -99 -99 -99
-99 -99 1.02167942400833 -99 -99 -99 -99 -99 -99 -99 -99 -99 -99 -99 -99
-99 -99 -99 2.06696421174336 -99 -99 -99 1.99143322832763 -99 -99 -99 -99 -99 -99 -99
-99 -99 -99 -99 -99 1.67144017085116 -99 -99 -99 -99 -99 -99 -99 -99 -99
-99 -99 -99 -99 -99 -99 -99 -99 0.718934970082072 -99 -99 -99 -99 -99 -99
-99 -99 -99 -99 -99 -99 2.0850201622978 -99 -99 -99 -99 -99 -99 -99 -99
-99 2.9245128651344 -99 -99 -99 -99 -99 -99 -99 -99 3.6968624449199 4.15261129849448 -99 -99 -99
-99 -99 -99 -99 -99 -99 -99 -99 -99 -99 -99 -99 -99 -99 -99
-99 -99 -99 -0.0776074682506736 -99 -99 -99 -99 -99 -99 -99 -0.751001628240917 -99 -99 -99
-99 -99 -99 -99 -99 -99 -99 -99 -99 -99 -99 -99 -99 -99 -99
-99 2.56918146521487 -99 -99 -99 -99 -99 -99 -99 -99 -99 -99 -99 1.5050455312985 2.93032772571582
-99 2.43884115313598 -99 -99 -99 -99 -99 -99 -99 -99 -99 -99 -99 0.433842830086549 -99
-99 -99 -99 -99 -99 -99 0.405796569079932 -99 -99 -99 -99 -99 -99 -0.405890544860724 -99
-99 0.552786298042596 -99 -99 -99 -99 -99 -99 -99 -0.361625280339369 -99 -99 -99 -99 -99
-99 -99 -99 -99 -1.23754355599215 -99 -99 -99 -99 -99 -99 -99 -99 -99 -99
-99 -99 -99 -99 -99 2.40609059254648 -99 -99 -99 -99 0.439182410980908 -99 -99 -99 -99
-99 -99 -99 -99 -99 -99 -99 -99 -99 -99 -99 -99 2.24579066651398 -99 -99
-99 -99 -99 -99 2.37070868612172 -99 -99 0.464226353816211 -99 -0.253404467124773 -99 -99 -99 -99 -99
-99 -99 -99 -99 -99 -99 -99 -99 -99 -99 -99 -99 -99 -99 -99
-0.810146072256244 -99 -3.01930935667771 -99 -99 -0.954127313524419 -99 -99 -99 -99 -0.534787230899306 -99 -99 -99 -99
-99 -99 -99 -99 -99 -99 -99 -99 -99 -99 -99 -99 -99 -99 -99
-99 -99 -99 -99 -99 -99 -99 -99 -99 -99 -99 -99 -99 -0.485937159110553 -99
-99 -99 -99 -99 -99 -99 2.38887007992945 -99 -99 -99 1.04060918888101 -99 1.25706849966723 0.674234452848598 -99
-99 -99 -99 -99 -99 -99 -99 -99 -99 -99 -99 -99 -99 -99 -99
-99 -99 -99 -99 2.25755840207862 1.17627539554805 -99 -99 -99 3.25512017800511 3.04944735050146 -99 -99 -99 -99
-99 -99 -99 -0.0497122902832199 -99 -99 -99 -99 -99 -99 -99 -99 0.181958298997159 -99 -99
-99 -0.306916646482339 -99 -99 -99 -99 -99 -99 -99 -99 -99 -99 -99 -99 -99
-99 -99 -99 -99 -99 -99 -99 -99 -99 -99 -99 -99 -99 0.856033787305891 -99
-99 -99 -99 -99 -99 -99 -99 -0.0662186300346284 -99 -99 -99 -99 -1.46158917141226 -1.29027585811806 -99
-99 -99 -99 -99 -99 -99 -99 0.25261244695831 -99 -99 -99 -99 -0.72062603863867 -99 -99
-99 -99 -99 -99 1.08357700791244 0.701398420207397 -99 -99 -99 1.14005193597027 -99 2.47856840545074 -99 -99 -99
-99 -99 -99 -99 -99 -99 -99 -99 -99 -99 -99 -99 -99 -99 -99
-99 -99 -99 -99 -99 0.962690917028052 -99 -99 -99 -99 -99 -99 -99 -99 -99
1.26113514836008 -99 -99 -99 -99 -99 -99 -99 0.58404833095578 -99 -99 -99 0.665744723001651 -99 -99
1.37088648483436 -99 -99 -99 -99 -99 -99 -99 -99 -99 -99 -99 -99 1.96746914316908 -99
-99 -99 1.37528562827537 -99 -99 -99 -99 -99 -99 -99 -99 -99 0.19524786548894 -99 -99
-99 -99 -99 -99 -99 -99 0.623110432890998 -99 -99 1.83242964624258 -99 -99 -99 -99 -99
-99 -99 -99 -99 -99 -99 -99 -2.48084849172547 -99 -99 0.202681044833607 -99 -99 -99 -99
-99 -99 -99 -99 -99 -99 -99 -99 -99 -99 -99 -99 -99 -99 -99
-99 3.20657105033302 -99 -99 -99 -99 -99 2.12314306388092 -99 -99 -99 0.935882669603245 -99 -99 -99
-99 -99 -99 -99 -99 -99 -99 -99 -99 -99 -99 -99 -99 -99 -99
-99 -99 1.80356327646966 -99 -99 -99 -99 -99 -99 -99 -99 -99 1.18454930310101 -99 -99
-99 -99 -99 -99 -99 -99 -99 -99 2.26795456771872 -99 -99 -99 -99 -99 -99
-99 -99 0.434048091534311 -99 -99 -99 -1.37203128888138 -99 -99 -0.0661527750589148 -99 -99 -99 -99 -99
-99 -99 -99 -99 -99 -99 0.66129236457149 -99 -99 -99 -99 -99 -99 -99 -99
-99 -99 -99 1.18364313261468 1.49884913856452 -99 -99 -99 -99 -99 -99 -99 -99 -99 -99
-99 1.57315008953256 -99 -99 1.94592238321265 -99 -99 -99 -99 1.20019907898096 -99 -99 -99 -99 -99
-99 -99 -99 -99 -99 1.56541123176004 -99 -99 -99 -99 -99 -99 -99 -99 -99
-99 -99 -99 -99 -99 -99 -99 -99 -99 -99 -99 -99 2.22087499013232 -99 -99
-99 -99 1.03264609703996 -99 -99 -99 -99 -99 -99 -99 -99 -99 -99 -99 -99
-99 -99 -99 -99 -99 -99 -99 0.0632659174492661 -99 -99 0.0136625399646785 -99 -99 -99 -99
-99 -99 -99 -99 -99 -0.0854620579393108 -99 -99 -99 -99 -99 -99 -99 -99 -99
-99 0.978411044724262 -99 -99 -99 -99 -1.05270493907434 -99 -99 -99 -99 -99 -99 -99 -99
-99 -99 -99 1.45089912393269 -99 -99 -99 -99 -99 -99 -99 -99 -99 -99 -99
-99 -99 4.24717900105508 -99 -99 -99 -99 -99 -99 -99 -99 -99 -99 -99 -99
-99 -99 -99 -99 -99 -99 -99 -99 -99 -99 -99 -99 -99 -99 -99
-99 -99 -99 -99 2.94966464843688 -99 -99 -99 -99 -99 -99 -99 -99 -99 -99
1.84851062571007 -99 -99 -99 1.41589430560121 -99 -99 -99 -99 -99 -99 -99 -99 -99 -0.291687784250951
-99 -99 -99 -99 -99 0.59829133913374 -0.757236630754804 -99 -99 -99 -0.0290457052119648 -99 -99 -99 -99
-99 -99 -99 -99 -99 -99 -99 -99 -99 -99 -99 -99 -99 -99 -99
-99 -99 -99 -99 -99 -99 -99 -99 -99 -99 -99 -99 -99 -99 -99
-99 -99 -99 -99 -99 -99 -99 -99 -99 4.05918775913887 -99 -99 -99 -99 -99
-1.23067880180282 -99 -99 -0.372161127128375 -0.201241711293225 -99 -99 -99 -99 -99 -0.0316554853699214 -99 -99 -99 -99
-99 -99 -99 -99 -99 -99 -99 2.05377447906742 -99 -99 -99 -99 -99 2.52068116261255 -99
-99 -99 -99 -99 -99 -99 -99 -99 -99 -99 -99 -99 -99 -99 -99
-99 -99 -99 -99 -99 -99 -99 -99 -99 -99 -99 -99 -99 -99 -99
-99 -99 -99 -99 -99 -99 -99 -99 1.49366069033033 -99 -99 2.34282696070885 -99 -99 -99
-99 -99 -99 -99 -99 -99 -99 -99 -99 -99 -99 -99 -99 -99 -99
-99 -99 -99 -99 -99 -99 1.1538338941997 -99 -99 -99 -99 -99 -99 -99 -99
-1.53680660467668 -1.06033856726048 -99 -99 -99 -99 -99 -99 -99 -99 0.216058778781304 -99 -99 -99 -99
-99 -99 -99 -99 -99 -99 -99 -99 -99 -99 1.44429290385848 -99 -99 -99 -99
-99 2.20558603636973 -99 -99 -99 -99 -99 -99 -99 -99 -99 -99 -99 -1.87508947342775 -99
-99 -99 -99 -99 -99 -99 -99 -99 -99 -99 -99 -99 -99 -99 -99
-99 -99 -99 -99 -99 -99 -99 -99 -99 -99 -99 -1.36126903787342 -99 -99 -99
-99 -99 -99 -99 0.238926153803552 -99 -99 -99 -99 -99 -99 -99 2.34350086028312 -99 -99
-99 -99 -99 -99 -99 -99 1.05500426020564 -99 1.30468841639586 -99 -99 -99 -99 -99 2.47003616342805
-99 -99 1.08204592729876 -99 -99 -99 -99 -99 -99 -99 -99 -99 -99 -99 -99
-99 -99 -99 -99 -99 -99 -99 -99 -99 -99 -99 0.0390281346464545 -99 -99 -99
-99 -99 -99 -99 -99 -99 -99 -99 -99 -99 -99 -99 -99 -99 -99
-99 -99 -99 -99 -99 -99 -99 -99 -99 -99 1.26849778330662 -99 -99 -99 -0.233199443763928
-99 -99 -99 -99 -99 -99 -99 -99 -99 -99 -99 -99 -99 -99 -99
-99 1.38078215458623 -99 -99 -99 -99 -99 -99 -99 -99 -99 2.20068025701346 -99 -99 -99
-99 -99 -99 -99 -99 -99 -99 -99 -99 -99 -99 -99 -99 -99 -99
-99 -0.268562413596568 -99 -99 -99 -99 -99 0.122136138674588 -99 -99 -99 -99 -99 -99 0.905742315928092
-99 -99 -99 -99 -99 -99 -99 -99 -99 -99 -99 -99 -99 -99 -99
-99 -99 -99 -99 -99 -99 -99 2.74274559214021 -99 -99 -99 -99 -99 -99 2.81765790596626
-99 -99 -99 -99 3.45642815679097 1.43559617957188 -99 -99 -99 -99 -99 -99 1.63250328954714 -99 -99
-99 -99 -99 -99 -99 -99 -99 -99 -99 -99 -99 -99 -99 -99 -99
-99 -99 0.484307936520391 -99 -99 -99 -99 -99 -99 -99 2.22689336729438 -99 -99 -99 -99
-99 -99 -99 -99 -99 -99 -99 -99 -99 -99 -99 -0.553278873163074 -99 -99 1.80135185396839
-99 -99 -99 -99 -99 -99 -99 -99 -99 -99 -99 -99 -99 -99 -99
-99 -99 -99 -0.501143316471086 -99 -99 -99 -99 -99 -99 -99 -99 -99 -99 -99
-99 -99 -99 -99 -99 -99 -99 -99 -99 -99 -99 -99 -99 -99 -99
-99 -99 -99 -99 2.72428533831453 -99 -99 -99 -99 -99 -99 -99 -99 -99 -99
1.80408588957723 -99 -99 -99 -99 -99 -99 -99 -99 -99 -99 -99 -0.0446440021501948 -99 -99
-99 -99 -99 -99 -99 3.33953185347531 -99 -99 -99 -99 -99 -99 -99 -99 -99
-99 -99 -99 -99 -99 -99 -99 -99 -99 -99 -99 -99 -99 -99 0.61529361963503
-99 -99 -99 -99 -99 -99 -99 -99 -99 -99 -99 -99 -99 -99 -99
-99 -99 -99 -99 -99 -99 -99 -99 -99 -99 -99 -99 -99 -99 -99
-99 -99 -99 -99 -99 -99 -99 -99 -99 -99 -99 -99 -99 -99 -99
0.227326998480214 -99 0.92303709617377 -99 -0.58051365887615 -99 -99 -99 -99 -99 -99 -99 -99 -99 -99
-99 -99 0.28319996667275 -99 -99 -99 -0.280790157435126 -99 -99 -99 -99 -99 -1.77754206510523 -99 -99
-0.156197267082325 -99 -99 -99 -99 -99 -99 -99 -99 -99 -99 -99 -99 2.63364497125634 -99
-99 2.07090418584583 -99 -99 -99 -99 -99 -99 2.33368259302521 -99 -99 -99 -99 1.86094494334551 -99
-99 -99 -99 -99 -99 -99 -99 -99 -99 -99 -99 -99 -99 -99 -99
-99 -99 -99 -99 -99 -99 -99 -99 -99 -99 2.57461742717747 -99 -99 -99 -99
-99 -99 -99 -99 -99 -99 -99 -99 -99 -99 -99 -99 -99 -99 -99
-99 0.711650745864581 2.41267620538949 -99 -99 -99 -99 -99 -99 -99 -99 -99 -99 -99 -99
-99 -99 -99 1.14835627703764 -99 -99 -99 -99 -0.463715196750097 -99 -99 -99 -99 -99 -99
4.46986686652494 -99 -99 -99 -99 -99 -99 -99 -99 -99 -99 -99 -99 -99 -99
-99 -99 -99 -99 -99 -99 2.05389054476192 -99 -99 -99 -99 -99 -99 1.81704433813712 -99
-99 -99 -99 -0.232317789386942 -99 -99 -99 -99 -99 -99 -99 -99 -99 -99 -99
-99 -99 -99 -99 -99 -99 -99 -99 -99 0.428221608310352 -99 -99 2.58902265451192 -99 -99
0.553270282496384 -99 -99 -99 -99 -99 -0.24761739961767 -99 -99 -99 -99 1.73197124467444 -99 -99 -99
1.94564273748807 -99 -99 -99 -99 -99 -99 -99 -99 -99 -99 -99 -99 0.28461609365874 -99
-99 -99 -99 -99 -99 -99 -99 -99 -99 -99 -99 -99 -99 -99 -99
-99 -99 -99 -99 -99 -99 -99 -99 -99 -99 -99 -99 2.07607240816837 -99 -99
-99 -99 -99 -99 -99 -99 -99 -99 -99 -99 -99 -99 -99 -99 -99
-99 -99 -99 -99 -99 -99 -99 -99 -0.0937793258547033 -99 -99 -99 -99 -99 -99
-99 -99 -99 -99 -99 -99 -99 -99 -99 -99 -99 -99 -99 -99 -99
-99 -99 -99 -99 -99 -99 0.49261958058751 -99 -99 -99 -99 -99 -99 -99 -99
-99 -2.44659153880453 -99 -99 -99 -99 -99 -99 -99 -99 -99 -99 -99 -99 -99
-99 -99 1.40708226608887 -99 -99 -99 -99 -99 -99 -99 -99 -99 -99 -99 -99
-99 4.2889502957374 -99 -99 -99 -99 -99 -99 -99 -99 -99 -99 -99 -99 -99
-99 -99 -99 0.192595378411642 -99 -99 -99 -99 -99 -99 -99 -99 -99 -99 -0.935277330995032
-99 -99 -99 -99 -99 -99 -99 -99 1.26407514092639 -99 -99 -99 -99 -99 -99
-99 0.459682477853271 -99 -99 -1.64543987347795 -99 -99 -99 -99 -99 -99 -99 -99 -99 -99
-99 -99 -99 -99 -99 -99 -99 1.12808758090523 -99 -99 -99 -99 -99 -99 -99
-99 -99 -99 -99 -99 -99 -99 -99 -99 1.02548799787951 -99 -99 -99 -99 -99
-99 -99 -99 -99 -99 -99 -99 -99 -99 -99 -99 -99 1.41108548327814 -99 -99
-99 -99 -99 -99 -99 -99 0.0154749478611582 -99 -99 -99 -99 -99 -99 -99 -99
-99 -99 -0.167745683557704 -0.597973871571346 -99 -99 -99 -99 -99 1.56452731170587 -99 -99 -99 -99 -99
-99 -99 -99 -99 -99 1.00018848313387 -99 -99 -99 -99 -99 -99 0.566447338495044 -99 -99
-1.02248893524982 -99 0.32403813248041 -99 -99 -0.375294414412761 -99 -99 -99 -99 -99 -99 -99 -99 -99
-99 -99 -99 -99 -99 -99 -99 -99 -99 -99 -99 -99 -99 -99 -99
-99 -99 -99 1.13149913510275 -99 -99 -99 -99 1.41233475124547 -99 -99 -99 0.100508465026729 -99 -99
-99 -99 3.11079603117633 -99 -99 -99 -99 -99 -99 -99 -99 -99 -99 -99 -99
-99 -99 0.0216099034711263 -99 -99 -99 -99 -99 2.47066369681133 -99 -99 -99 -99 -99 -99
-99 -99 -99 -99 -99 -99 -99 -99 1.1607196331032 -99 -99 -99 -99 -99 -99
-99 -99 -99 -99 -99 -99 -99 -99 0.80833236220228 -99 -99 -99 -1.50345234538301 -99 -99
0.120540242459134 -99 -99 -99 -99 -99 -99 -99 -99 -99 -99 -99 -99 -99 -99
-99 -99 -99 -99 -99 -99 -99 -99 -99 -99 -99 -99 -99 -99 -0.098574566844883
-99 -99 -99 -99 -99 -99 -99 -99 -99 -99 -99 -99 -99 -99 -99
-99 1.86001046345495 -99 -99 -99 -99 1.74118989044232 -0.0922314864676952 -0.288678057562615 -99 -99 -99 -99 -99 -99
-99 -99 -0.491776781489732 -99 -99 -99 -99 -99 -99 -99 -99 1.00679954454532 -99 -99 -99
-99 -99 -99 -99 -99 -99 0.437327744074913 -99 -99 -99 -0.0641847545774008 -99 -99 -99 -99
-99 -99 -99 -99 -0.534147344180545 -99 -99 -99 0.168534524206612 -99 -99 -99 -99 -99 -99
-99 -99 -99 -99 -99 -99 -99 -99 -99 -99 -99 -99 -0.620133862446733 -99 -99
-99 -99 -99 -99 -99 -99 -99 -99 -99 -99 -99 -99 -99 -99 -99
0.245535140266108 -99 -99 -99 -99 -99 -99 -99 -99 -99 -99 -99 -99 -99 -99
-99 -99 -99 -99 -0.753778980023058 -99 -99 -99 -99 -99 -99 -99 -99 -99 -99
-99 -99 -99 3.19925604349092 -99 -99 -99 -99 -99 5.13074105251596 -99 -99 2.79622258178897 3.20170593014368 -99
-99 -99 -99 -99 -99 -99 -99 -99 -99 -99 -99 -99 -99 -99 -99
-99 -99 -99 -99 -99 -99 -99 -99 -99 -99 -99 -99 -99 -99 0.305348716854279
1.18754672753589 -99 -99 -99 -99 -99 -99 -99 -99 -99 -99 -99 -99 -99 -99
-99 -99 -99 -99 -99 0.0597700618191619 2.13177914142372 -99 2.90915009082081 -99 -99 -99 -99 -99 -99
-99 -99 -99 -99 -99 -99 -99 -99 -99 -99 -99 -99 -99 -99 -99
-99 -99 -99 -99 -99 -99 -99 1.95041111253267 -99 -99 -99 -99 -99 -99 2.95115797168591
-99 -99 -99 -99 -99 -99 -99 0.976775467853488 0.165934225531432 -99 -99 -99 -99 0.216686035742384 -99
-99 -99 -0.940332015897273 -99 -99 -99 -99 -99 -99 -99 -99 -99 -99 -99 -99
-99 0.983926289583189 -0.24739158382803 -99 -99 -99 -99 -99 -99 -99 -99 -99 -99 -99 -99
-99 -99 -99 -99 -99 -99 -99 -99 -99 -99 -99 -99 -99 -99 -99
-99 -99 -99 -99 -99 -99 -99 -99 -99 -99 -99 -99 2.35195294764839 -99 -99
-99 1.14235145953775 -99 -99 -99 -99 2.94393917251751 -99 -99 -99 -99 -99 -99 -99 -99
-99 -99 -99 -99 0.790801560156373 -99 -99 -99 -0.506006638636216 -99 -99 -99 -99 -99 -99
-99 -99 -99 -99 -0.813398794526699 -99 -99 -99 -99 -99 -99 -99 -99 -99 -99
-99 -99 -99 -99 -99 -99 -99 -99 -99 -99 -99 -99 -99 -99 -99
-99 -99 -99 -99 -99 -99 -99 -99 -99 -99 -99 -99 -99 -99 -99
-99 -99 -99 -99 -99 -99 -99 -1.67375176765389 -99 -99 -99 -99 -99 -99 -99
-99 -99 -99 -99 -99 -99 -99 -99 -99 -99 -99 -99 -99 -99 -99
-99 -99 -99 -99 -99 -99 1.75783993116883 1.26013386058929 -99 -99 0.968915782730787 -99 -99 -99 -99
-99 -99 -99 -99 -99 -99 -99 -99 -99 -99 -99 -99 -99 -99 0.731989235253168
-99 -99 -1.89383895990065 -99 -99 -99 -99 -0.353639684068157 -99 -0.972669196230421 -99 -99 -99 0.878211797695633 -99
-99 -99 -99 -99 -99 -99 -99 -99 -99 1.55854647298896 -99 -99 -99 -99 -1.2818338992689
-99 -99 -99 -99 -99 -99 -99 -99 -99 0.5658695896792 -99 -99 -99 -99 -99
-99 -99 -99 2.99702044309588 -99 -99 -99 -99 -99 -99 -99 -99 -99 -99 -99
-99 0.0760951842357106 -99 -99 -99 -99 -99 -99 1.2777947343761 -99 -99 0.429722375140035 -1.19600999681032 -99 -99
-99 -99 2.33382750782149 -99 -99 -99 -99 -99 -99 -99 -99 1.21245704629962 -99 -99 1.88287874101635
-99 -99 -99 -99 -99 -99 -99 -99 -99 -99 -99 -99 -99 -99 -99
-99 -99 -99 -99 -99 -99 -99 -99 1.16787413415854 -99 -99 -99 -99 -99 -99
0.537815388339877 0.508716967237648 -99 -99 -99 -99 0.765671329469886 -99 0.781912318264834 -99 -99 -99 -99 -99 -99
-99 -99 -99 -99 -99 -99 -99 -99 0.662493423987837 0.534169465875405 -99 -99 -99 -99 -99
-99 -99 -99 -99 -99 -99 -99 -99 -99 -99 -99 -99 -99 -99 -99
-99 -99 -99 -99 -99 -99 -99 -99 -99 -99 3.76907375485604 -99 -99 -99 -99
-99 -99 3.30421750219004 -99 -99 -99 -99 -99 -99 -99 -99 -99 -99 -99 -99
-99 -99 -99 -99 -99 -99 -99 -99 -99 -99 -99 -99 -99 -99 -99
-99 -99 -99 3.89523995419757 1.95413941287558 -99 -99 -99 -99 -99 -99 -99 -99 -99 -99
-99 -99 -99 -99 -99 -99 1.79759869575187 -99 -99 -99 -99 -99 -99 1.3801234205946 -99
-99 -99 -99 -99 -99 -99 -99 -99 -99 -99 -99 -99 -99 -99 -99
-99 -99 -99 -99 -99 -99 -99 -99 -99 -99 -99 1.12198818207772 -99 -99 -99
-99 -99 -99 -99 -99 -99 -99 -99 -99 -99 1.23363139063075 -99 -99 -99 -99
-99 -99 -99 -99 -99 1.32635113246073 -99 -99 -99 -99 -99 1.95132902936246 -99 -99 -99
-99 -99 -99 -99 -99 -99 -99 -99 -99 -99 -99 -99 -99 -99 -99
-0.243311816032417 1.23417563207522 -99 -99 -99 -99 -99 -99 -99 -99 -99 -99 -99 -99 -99
-99 -99 -99 -99 -99 -99 -99 -99 -99 3.5740688187772 -99 2.20439867351396 -99 -99 -99
-99 -99 -99 -99 -99 -99 -99 1.28922448004324 -99 -99 -99 -99 -99 -99 -99
-99 -99 -99 -99 -99 -99 -99 -99 -99 -99 -99 -99 -99 -99 -99
-99 -99 -99 -99 -99 -99 -99 -99 -99 -99 1.85415930977338 -99 -99 -99 -99
-99 -99 -99 -99 1.10120385313759 -99 -0.885516113236514 -99 0.097936817662407 -99 -99 -99 -99 -99 -99
-1.19916735596119 -99 -99 -99 -99 -99 -99 -99 -99 -99 -99 -99 -99 -99 -99
-0.567326521060706 -99 -99 -99 -99 -99 -99 -99 -99 -99 -99 -99 -99 -99 -99
-99 -99 -99 -99 -99 -99 -99 -99 -99 -99 -99 -99 -99 -99 -99
2.37045451074078 -99 1.44743764531034 -99 -99 -99 -99 -99 -99 -99 -99 -99 -99 -99 -99
-99 -99 -99 -99 -99 -99 -99 -99 -99 -99 -99 -99 -99 -99 -99
1.13872869207269 -99 -99 -99 -99 2.47374028098614 -99 -99 -99 -99 -99 -99 3.5442405612233 -99 -99
-99 -99 -1.38838475223446 -99 -99 -99 -99 -99 -99 -99 -99 -99 -99 -99 -99
-99 -99 -99 -99 -99 -99 -99 -99 -99 -99 1.87306328128592 -99 -99 -99 -99
-99 -99 -99 -99 -99 -99 -99 -99 -99 -99 -99 -99 -99 -99 -99
-99 0.21167806178066 -99 -99 -99 -99 -99 -99 -99 -99 -99 -99 -1.02750082822406 -99 -99
-99 -99 -99 -99 -99 -99 -99 -99 -99 -99 -99 -99 2.39369301256136 -99 -99
-99 -99 -99 -99 -99 -99 -99 -99 -99 -99 -99 -99 -99 0.57201691554619 -99
-99 -99 2.22092855603871 -99 -99 -99 -99 -99 -99 -99 -99 -99 -99 1.80581827610711 4.61053903563984
-99 -99 -99 -99 -99 -99 -99 -99 -99 -99 -99 -99 -99 -99 -99
-99 2.62613135995818 -99 -99 -99 -99 -99 -99 -99 -99 -99 -99 -99 -99 -99
-99 -99 -99 -99 -1.41185338553598 -99 -99 -99 -2.06500512043128 -99 -99 -99 -99 -99 -99
-99 -99 -99 -99 -0.75459006083122 -99 -99 -99 -99 -99 -99 -99 -99 -99 -99
-0.826444307533918 -99 -99 -99 -99 -99 -99 -99 0.217232094389033 -99 -99 -99 -99 -99 -99
-99 -99 -99 -99 -99 -0.0570748124726519 4.82533947402488 -99 -99 -99 -99 -99 -99 -99 -99
-99 -99 -99 -99 -99 -99 -99 -99 -99 -99 -99 -99 -99 -99 -99
-99 -99 -99 -99 -99 -99 -99 -99 -99 -1.09911548928189 -99 -99 -0.776585848009474 -99 -99
-0.736796721511701 -99 -99 -99 -99 -99 -99 -99 -99 -99 -99 -99 -99 -1.2996763781984 -99
-99 -99 -99 -99 -99 -99 -99 -99 -99 -99 -99 -99 -99 -99 -99
0.0761704895555634 -99 -99 -99 -99 -99 -99 -99 -99 0.189778976840712 -99 -99 -0.98994825379132 -99 0.0302332488785698
-0.394858956256624 -99 -99 -99 -99 -99 -99 -99 -99 -99 -99 -99 -99 -0.764657016141184 -99
-99 -99 -99 -99 -99 -99 -99 2.18963102630068 0.506008515489992 -99 -99 -99 -99 -99 -99
1.13842396483164 -99 -99 -99 -99 -99 -99 -99 -99 -99 -99 -99 -99 -99 -99
-99 -99 -99 -99 -99 -0.367499256802678 -99 -99 -99 -99 -99 -99 -99 -99 -99
-99 -99 -99 -99 -99 -99 -99 -99 -99 -99 -99 -99 -99 -99 2.15766217516382
-99 -99 -99 -99 -99 -99 -99 -99 -99 -99 -99 -99 -99 -99 -99
-99 -99 -99 -99 -99 -99 2.2783325772299 -99 -99 -99 -99 -99 -99 -99 -99
-99 -99 -99 -99 -99 -99 -99 -99 1.51045091224355 -99 -99 -99 -99 -99 -99
-99 -99 0.702633121804303 -99 -99 -99 -99 -99 -99 -99 -99 -99 -99 2.56881168156737 -0.143177052238421
-99 -0.287501423214872 -99 -99 -99 -99 -99 -99 -99 -99 -99 -99 -99 -99 -99
-99 -99 -99 -99 -99 -99 -99 -99 -99 2.23418724236084 -99 1.82270701792685 -99 -99 -99
0.554985526222635 -99 -99 -99 -99 -99 -99 -99 -99 -99 -99 -99 -99 -99 -99
-99 -99 -99 -99 -99 -99 -99 -99 -99 -99 -99 -99 -99 -1.31502397484695 -1.27387202613642
-99 -99 -99 -99 -99 -99 -99 -99 -99 -99 -99 -99 -99 -99 -99
-99 -99 -99 -99 -99 -99 -99 -99 -99 -99 -99 -99 -99 -99 -99
-99 -99 2.78883392857347 -99 -99 -99 -99 -99 -99 -99 -99 4.42206185565724 -99 -99 -99
-99 -99 -99 -99 -99 -99 -99 -99 2.13535640203694 -99 -99 -99 -99 -99 -99
-99 -0.43187563583164 -0.770187522818066 -99 -99 -99 -99 -99 -99 0.248978277966608 -99 -99 -99 -99 -99
-99 -99 -99 -99 -99 -99 -99 -99 -99 -99 1.5233115656426 2.70710888624038 -99 -99 -99
-99 -99 -99 1.88268959505444 -99 -99 3.64964827785695 -99 -99 -99 -99 -99 -99 -99 -99
-99 -99 -99 -99 -99 -99 -99 -99 -99 -99 -99 -99 0.995908616336244 -99 -99
-99 -99 -99 -99 -99 -99 -99 -99 -99 -99 -99 -0.691281775914531 -99 -99 -99
-99 1.24428822843138 -99 -99 -99 -99 -99 -99 -99 -99 -99 -99 -99 -99 -99
-99 -99 -99 -99 -99 -99 1.56610888160446 -99 -99 -99 -99 -99 -99 -0.508314330693232 -99
-99 -99 -99 -99 -99 0.718364384518695 -99 -99 -99 -99 -99 -99 -99 -99 -0.387843205124605
-99 -99 1.04111053584245 -99 -99 -99 -99 -99 0.364894746159756 -99 -99 -99 -99 -99 -99
-99 -99 -99 -99 -99 -99 -99 -99 -99 -99 -99 -99 -99 -99 -99
-99 -99 1.70209577098611 -99 -99 -99 -99 -99 -99 -99 -99 -99 -99 -99 -99
-99 -99 -1.15046140001921 -99 -99 -99 -99 1.36696151661168 -99 -99 -99 -99 -99 -99 -0.714935422216092
-99 -99 -99 -99 -99 -99 1.29928459056725 -99 -99 -99 -99 -99 -99 -99 -99
-1.62195715938914 -99 -99 -99 -99 0.526991497389498 -99 -99 -99 -99 -99 -99 -99 -99 -99
-99 -99 -99 -99 -99 -99 -99 -99 -99 -99 -99 -99 1.57577798238592 -99 -99
-99 -99 -99 -99 -99 -99 -99 -99 -99 -99 -99 -99 -99 -99 -99
-99 -99 -99 -99 -99 2.03665324697648 -99 -99 -99 -99 -99 -99 -99 -99 -99
-99 -99 2.91392822852733 -99 -99 -99 -99 -99 -99 -99 -99 -99 -99 -99 -99
-99 -99 -99 -99 -99 1.1729708756154 -99 -99 -99 -99 -0.304967415707249 -99 -99 -99 -99
-99 1.23750306413891 -99 -99 -99 -99 -99 0.581018474170003 -99 -99 -99 -99 -99 -99 -99
-99 -99 -99 -99 -99 -99 -99 -99 0.575101897090346 -99 -99 -99 -99 -99 -99
-99 -99 -99 -99 -99 -99 -99 1.04063615512272 -99 1.54331508443742 -99 -99 -99 -99 -99
-99 -99 -99 -99 -99 -99 -99 -99 -99 -99 -99 -99 -99 -99 -99
-99 -99 -99 -99 -99 3.50090970215289 -99 -99 -99 -99 -99 -99 -99 -99 -99
-99 -0.436371346105015 -99 -99 -99 -99 -99 -99 -99 1.28017924734594 -99 1.73361091570166 -99 -99 -99
-99 -99 -99 -99 -99 -99 -99 3.45184101709918 -99 -99 1.01244164221484 -99 -99 -99 -99
-99 -99 -99 -0.152032424121197 -99 -99 -99 -99 -99 -99 -99 -99 -99 -99 -99
-99 -99 -99 -99 -99 -99 -0.785208138786724 0.679130456031465 -99 -99 -99 -99 -99 -99 -99
-99 -99 -99 -99 1.43948144281869 -99 -99 -99 -99 -99 -99 -99 -99 -99 -99
-99 -99 -99 -99 -99 -99 -99 2.39241353507827 -99 -99 -99 -99 -99 -99 -99
-99 -99 -99 1.01905317899949 -99 -99 -99 -0.230098452001602 -99 -99 -99 -99 -99 -99 -99
-99 -99 -99 -99 -99 -99 -99 -99 -99 -99 -99 -99 -99 -99 -99
-99 -99 -99 -99 -99 -99 -99 -99 -99 -99 -99 -99 -99 -99 -99
-99 -99 -99 -99 -99 -99 -99 -99 -99 -99 -99 -99 -99 -99 -99
-99 -99 -99 -99 -99 -99 -99 -99 -99 -99 -99 0.821226986503574 0.218407224787646 1.55064063930315 -99
-99 -99 -99 -99 -99 -99 -99 -99 -99 -99 -99 -99 -99 -99 -99
-99 -99 -99 -99 -99 -99 -99 -99 -99 -99 -99 -99 -99 -99 -99
-99 -99 -99 -99 -99 -99 -99 -99 -99 1.46927765097542 -99 1.51942723925302 -99 -99 -99
-99 -99 -99 -99 -99 -99 -99 -99 -2.17741215459642 -99 -99 -99 -99 -99 -99
-99 -99 -99 -1.4077571875761 -99 -99 -1.22059206223801 -99 -99 -99 -99 -99 -99 0.621555531221072 -99
-99 -99 -99 -99 -99 2.01002184499379 -99 -99 -99 -99 -99 -99 -99 -99 -99
-99 -99 -99 -99 -99 -99 -99 -99 -99 -99 1.14970257801328 -99 -99 -99 0.392847934987087
-99 -99 -99 -99 -99 -2.03199044747566 -99 -99 -99 -99 -99 -99 -99 -99 -99
-99 -99 3.59858441927231 -99 -99 -99 -99 -99 3.18619493769826 -99 -99 -99 -99 1.36188287836079 -99
-99 -99 -99 -99 2.20126085556441 -99 -99 -99 -99 -99 -99 -99 -99 -99 -99
-99 -99 -99 -99 -99 -99 -99 -99 -99 -99 -99 -99 -99 -99 -99
-99 -99 -99 -99 -99 -99 -99 -99 0.517026796789263 -99 -99 -99 -99 0.281713959756757 -99
-99 -99 -99 -99 -99 -99 -99 -99 -99 -99 -99 -99 -99 -99 -99
-99 -99 -99 -99 -99 2.33594419914329 -99 -99 -99 -99 2.53592437134663 2.07277844175325 -99 -99 -99
-99 -99 -99 -99 -99 -99 -99 -99 -99 -99 -99 -99 -99 -99 -99
-99 -99 -99 -99 1.71407101039003 -99 -99 -99 -99 -99 -99 -99 -99 -99 -99
-99 -99 -99 -99 -99 -99 -99 -99 -99 -99 -99 0.0700493176012941 -99 -99 0.995758815715046
-99 -99 -99 -99 -99 -99 -99 -99 -99 -99 -99 -99 -99 -99 -99
-99 -99 -99 -99 -99 -99 -99 -99 -99 -99 1.74948221327273 -99 -99 -99 -99
-99 -99 -99 -99 -99 -99 -99 -99 1.01764049906785 -99 1.41631328858969 -99 -99 -99 -99
-99 -99 -99 -99 -99 -99 -1.91186963296844 -99 -99 -99 -99 -99 -99 -99 -99
0.415513498397774 1.28147108511083 -99 -99 -99 -99 -99 -99 -99 -99 -99 -99 -99 -1.22854439157082 -99
-99 -99 -99 -99 -99 -99 -99 -99 -99 -99 -99 1.08488749081538 -99 -99 -99
0.884200118932104 0.906055400064563 -99 -99 -99 -99 -99 -99 -99 -99 -99 -99 -99 -99 -99
-99 -99 -99 -99 -99 -99 -99 -99 -99 -99 1.66858632899184 -99 -99 -99 -99
-99 -99 -99 -99 -99 -99 -99 -99 -99 -99 2.21123214897024 -99 -99 -99 2.37947723559631
-99 -99 -99 -99 -99 -99 -99 -99 -99 -99 -99 -99 -99 -99 -99
-99 2.65031093727054 -99 -99 -99 -99 -99 -99 -99 -99 -99 -99 -99 -99 -99
-99 -99 -99 3.32477468095529 -99 -99 -99 -99 -99 -99 -99 0.803557761705824 -99 -99 -99
-99 -99 -99 -99 -99 -99 -99 -99 -99 -99 -99 -99 -99 -99 -99
-99 -0.808609479741925 -99 -99 -99 -99 -99 -99 -99 -99 -99 -99 -99 -99 -99
-99 -99 -99 -99 -99 2.68688977923804 -99 -99 -99 -99 -99 -99 -99 -99 -99
-99 -99 -99 -99 -99 -99 -99 -99 -99 -99 -99 -0.0834270611551076 -99 -99 1.86150717078134
-99 -0.0206660175871989 -99 -99 -99 -99 -99 0.682959781593098 -99 -99 -99 -99 -0.490949010900001 -99 -99
-99 -99 -99 -99 -99 -99 -99 -99 -99 0.174361234095724 -99 1.44614556749032 -99 -99 -99
-99 -99 -99 -99 -99 -99 -99 -99 -99 -99 -99 -99 -99 -99 -99
1.02953073263069 -99 -99 -99 -99 -99 -99 -99 -99 -99 -99 -99 -99 -99 -99
-99 -99 -99 -99 -99 -99 -99 -99 -99 -99 -99 -99 -99 -99 -99
-99 -99 -99 -99 -99 -99 -99 -99 -99 -99 -99 -99 -99 1.8908641313423 -99
-99 -99 -99 -99 -99 -99 -3.08331954555447 -99 -99 -99 -99 -1.71290573949185 -99 -99 -99
-0.431835639106465 -99 -99 -99 -99 -99 -99 -99 -99 -99 -99 -0.651994648449315 -99 0.792689920457378 -99
-99 -99 -99 -99 -99 -99 -99 -99 -99 -99 -99 -99 -99 0.781746404710122 -1.38120423088088
-99 -99 0.660731631668965 -99 -99 -99 -99 -99 -99 -99 -99 -99 -99 -99 -99
1.60984458659355 2.19139005020406 -99 -99 -99 -99 -99 -99 -99 -99 -99 -99 -99 -99 -99
-99 -99 -99 1.71395070452251 -99 -99 -99 -99 -99 -99 -99 -99 -99 3.60270998325822 -99
-99 -99 -99 -99 -99 -99 -99 -99 -99 -99 -99 -99 -99 -99 -99
-99 -99 -99 -99 -99 -99 -99 1.45962219871972 -99 -99 -99 -99 2.18301665196106 -99 1.28208009100747
-99 -99 -99 -99 -99 -99 -99 -99 -99 -99 -99 -99 -99 -99 -99
-99 -99 -99 -99 1.18043025366057 -99 -99 -99 -99 -99 -99 -99 0.723156360288304 0.154954642354456 -99
-99 -99 -0.527330902940762 -99 -99 -99 -99 -99 -0.274714709189908 -99 -99 -99 -99 -99 -99
-99 -99 0.365598179212073 -99 -99 -99 -99 -99 -99 -99 -99 -99 -99 -99 -99
0.372456172785571 -99 -99 -99 -99 -99 -99 -99 0.518250385938371 -99 -99 -99 -99 -0.0422007824172796 0.677061849891459
-99 -99 1.3921465940905 -99 -99 3.9268771874796 -99 -99 -99 -99 -99 -99 -99 -99 -99
-99 -99 -99 2.37482287502976 -99 -99 -99 -99 -99 -99 -99 3.40227120114375 -99 -99 -99
-0.238372755553388 -99 -99 -99 -99 -99 -99 0.0679670654887371 -99 -99 -99 -99 -99 -99 -99
-99 1.38181010515573 -99 -99 -99 -99 -99 -99 -99 -99 -99 -99 -99 -99 -99
-99 -99 -99 -99 2.47549347900737 -99 -99 -99 -99 -99 -99 -99 -99 -99 -99
-99 0.52482378559008 -99 -99 -99 -99 -99 -99 -99 -99 -99 -99 -99 -99 -99
-99 -99 -99 -99 -99 -99 -99 -99 -99 -99 -99 -99 -99 -99 -99
-99 -99 -99 -99 -99 3.50278160032939 -99 -99 -99 2.99515923816416 -99 -99 0.187223196705121 -99 -99
-99 -99 -99 -99 -99 -99 -99 -99 -99 -99 -99 -99 -99 -99 -99
-99 -99 -99 -99 -99 -99 -99 1.69286902796262 -99 -99 -99 -99 -99 -99 -99
1.7985345719622 -99 -99 -99 -99 -99 -99 -99 -99 -99 -99 -99 -99 -99 -99
-99 1.55096559529325 -99 -99 -99 -99 0.93786635282165 -99 0.819838120543565 -99 -99 -99 -99 -99 -99
-99 -99 -99 -99 -99 -99 -99 -99 -99 -99 2.99630282930772 -99 3.61403502704109 -99 -99
-99 -99 -99 -99 -99 -99 -99 -99 -99 -99 0.366645919178418 -99 -1.67079282645164 -99 -99
-99 -99 -99 0.0859629423543853 -99 -99 -99 -99 -99 -99 -99 -0.119482924054271 -99 -99 -99
-0.509868881364103 -99 -99 -99 -99 -99 -99 -99 -99 -99 -99 -99 -99 -99 -99
-99 -99 -99 -99 -99 2.35018914586941 -99 -99 -99 -99 -99 1.05879788777683 -99 -99 -0.00255700868591324
-99 -99 -99 -99 -99 -99 -0.515540025477147 -99 -99 -99 -99 -99 -99 -99 -99
-99 -99 -99 -99 -99 -99 2.33394893040157 -99 -99 -99 -99 1.29953335817906 -99 2.26145371821096 -99
-99 -99 -99 -1.70471965144972 -99 -99 -0.639652452803217 -99 -99 -99 -99 3.23197070508796 -99 -99 -99
-99 -99 -99 -99 -99 -99 1.72099104846548 -99 0.0174663121561774 -99 -99 -99 -99 -99 -99
-99 -99 -99 -99 -99 -99 3.0634882194622 1.50191768193136 3.28656379879432 -99 -99 -99 -99 -99 -99
-99 -99 -99 -99 -99 -99 -99 -99 2.66055325987464 -99 -99 -99 -99 -99 -99
-99 -99 -99 -99 -99 -99 3.29208474991297 -99 1.28397741416896 -99 -99 -99 -99 -99 3.74196271343307
-99 -99 -99 -99 -99 -99 -99 -99 -99 -99 0.876017420623452 2.06093594497356 -99 -99 -99
-99 -99 -99 -99 -99 -99 -99 -99 -99 -99 -99 -99 -99 -99 -99
-99 -99 -99 -99 -99 -99 -99 -99 -99 -99 -99 -99 -99 -99 -99
-99 -99 -99 -99 -99 -99 -99 -99 -99 -99 2.45828945145218 -99 -99 -99 -99
-99 -99 -99 -99 -99 -99 -99 -99 -99 -99 0.327045585188293 -99 -99 -99 -99
-99 -99 -99 -99 2.62662684789731 -99 -99 -99 -99 -99 -99 -99 -99 -99 -99
-99 -99 1.37588708725899 -99 -99 -99 -99 -99 -99 -99 -99 -99 -99 -99 -99
-99 -99 -99 -99 -99 -99 -99 2.6348229723698 -99 1.41900431533596 -99 -99 -99 -99 -99
-99 -99 -99 -99 -99 -99 -99 -99 -99 -99 -99 -99 -99 -99 -99
1.2341645022606 -99 -99 -99 -99 -99 2.57439846532594 -99 -99 -99 -99 -99 -0.025558957813387 -99 -99
-99 1.20504453121268 -99 -99 -99 -99 0.0681987908272688 -99 -0.914198529099686 -99 -99 -99 -99 -99 -99
-99 -99 0.113664066020124 -99 -99 -99 -99 -99 -99 -1.41009288543754 -0.535982764976903 -99 -99 -99 -99
-99 -99 2.11438552463456 -99 -99 -99 -99 -99 -99 -99 0.615143964079693 -99 -99 -99 -99
-99 -99 -99 -99 -99 -99 -99 -99 -99 -99 -99 -99 0.595993071020482 -99 -99
-99 -99 -99 -99 1.05796859582997 -99 -99 0.936472541537046 -99 -99 -99 -99 -99 -99 -99
0.0486722756000066 -99 -99 -99 -99 -99 2.64562092738395 -99 -99 -99 -99 -99 -99 -99 -99
-99 2.71488948611375 -99 -99 -99 -99 -99 -99 -99 -99 -99 3.22681779624471 -99 -99 -99
-99 -99 -0.831139148248597 -99 -99 -99 -99 -99 -99 -99 -99 -1.19704862955058 -99 -99 -99
-99 -99 -99 2.48954003662127 -99 -99 -99 -99 -99 1.88000355522844 -99 -99 -99 -99 -99
-99 -99 -99 -99 -99 -99 -99 1.67058506728675 -99 -99 -99 -99 -99 -99 -99
-99 -99 -99 -99 2.49538110382334 0.448511706290682 -99 -99 -99 1.22543240400574 -99 -99 -99 1.83906498558568 -99
-99 -99 -99 -99 0.956670236190815 -99 -99 -99 -99 -99 -99 -99 -99 1.34337601605887 -99
-99 -99 -99 -99 -99 -99 -99 -99 -99 0.530332273042777 -0.85120071602467 -99 -99 -99 -99
-99 2.54224586590841 -99 -99 -99 -99 0.810397013164302 -99 -99 -99 -99 1.60703796052266 -99 -99 -99
-99 -99 -99 -99 -99 -99 -99 -99 -99 -99 -99 -99 -99 -99 -99
-99 -99 -99 -99 3.11935607150034 -99 -99 3.25978590916547 -99 -99 -99 -99 -99 -99 -99
-99 -99 1.9349188809937 -99 -99 -99 -0.163986888801471 -99 -99 -99 0.433411859554243 -99 1.368130804533 -99 -99
-99 -99 -99 -99 -99 -99 -99 -99 -99 -99 -99 -99 -99 -99 -99
-99 -99 -99 -99 -99 -99 -99 -99 -99 -99 -99 -99 -99 -99 -99
-99 -99 -99 -99 -99 -99 -99 -99 -99 -99 -99 -99 -99 -99 -99
-99 -99 -99 -99 1.40423327488241 -99 -99 -99 -99 -99 -0.267282053950322 -99 -99 -99 -99
-99 -99 -99 -99 -99 -99 -99 -99 -99 -99 -99 -99 -99 -99 -99
-99 -99 -99 -99 -99 1.79373312505164 -99 -99 1.49032701897884 -99 -99 -99 -99 -99 -99
0.0338386815719685 -2.03240809142601 -99 -99 -99 1.12159128476332 -99 -99 -99 -99 -99 -99 -99 -99 -99
-99 -99 -99 -99 -99 -99 -99 -99 -99 -99 -99 -99 -99 -99 -99
-99 -99 -99 -99 -99 -99 -99 -99 -99 -99 -99 -99 -99 -99 -99
-99 -99 -99 -99 -99 -99 -99 -99 -99 -99 1.27516546686229 -99 -99 -99 -99
-99 -99 -99 -99 -99 -99 -99 -99 -99 -99 -99 -99 -99 -99 -99
-99 -0.593230591319011 -99 1.42956686514502 -99 -99 -99 -99 -99 -99 -99 1.65807800685748 -99 -99 -99
-99 -99 -99 -99 -99 -99 -99 -99 -99 2.75606222203511 -99 -99 -99 1.62565292101142 -99
-99 -99 -99 0.794283578413684 1.92970557686783 -99 -0.276958002328087 -99 -99 -99 -99 -99 -99 -99 -99
-99 -99 -99 -99 -99 -99 0.843999910266944 -99 -99 -99 -1.05311639308526 -99 -99 -99 -99
-99 -99 -99 -99 -99 -99 -99 -99 -99 -99 -99 -99 -99 -99 -99
-99 -99 -99 -99 -99 -99 -99 -99 -99 -99 1.16714399065943 0.171070347019383 -99 -99 -99
-99 -0.548747089357935 -99 -99 -99 -99 -99 -99 -99 -99 -99 1.42705699089 -99 -99 -99
-99 -99 -99 -99 -99 -99 -99 -99 -99 -99 -99 -99 0.841698655727867 -99 -99
-99 -99 3.29394139354681 -99 -99 -99 2.73571393589851 -99 -99 -99 2.15035016306877 -99 -99 -99 -99
-99 1.63098631019673 -99 -99 -99 -99 -99 -99 -99 -99 -99 -99 -99 0.614607170035664 -99
-99 -99 -99 -99 -99 -99 -99 -99 -99 -99 -99 -99 -99 -99 -0.901342952263562
-3.46576580065488 -99 -99 -99 -99 -99 -99 -99 -99 -99 -0.0526867422254198 0.770707050946671 -99 -0.292211025653252 -99
-99 -99 1.04281231032878 -99 -99 -99 -99 -99 -99 -99 -99 -99 -99 -99 -99
-99 -99 -99 -0.783953266950989 -99 -99 -99 -99 -99 -99 1.03920248578306 -99 -99 -99 -99
-99 -99 -0.408718555232026 -99 -99 -99 -99 0.0988451415332565 -99 -99 -99 2.98017393121452 -99 -99 -99
-99 -99 -99 -99 -99 -99 -99 -99 2.57533006733576 1.36202561292632 -99 -99 -99 2.96133617679202 -99
-99 -99 -99 -99 -99 -99 -99 -99 -99 -99 -99 -99 -99 1.2066555418438 -99
-99 -99 0.468169070018497 -99 -99 -99 -99 -99 -99 -99 -99 -99 -99 -99 -99
-99 -99 -99 -99 -99 -99 -99 -99 -0.192032843306767 -99 -99 -99 -99 -99 -99
-99 3.96558079652635 -99 2.40281315051733 -99 -99 -99 -99 -99 -99 -99 2.60631270147571 -99 -99 -99
-99 -99 -99 -99 -99 -99 -99 2.85810669939934 -99 -99 -99 -99 -99 -99 -99
-99 -0.246447384983829 -99 -99 -0.581435618039581 -99 -99 -99 -99 -0.86678857435575 -99 -99 -99 -99 -99
-99 -99 -99 -99 -99 -99 -99 -99 -99 -99 -99 -99 -99 -99 -99
-99 0.456371654086536 -99 -99 -99 -99 -99 -99 -99 -0.176416061416983 -99 -99 -99 -99 -99
-99 -99 -99 -99 -99 -99 -99 -99 -99 -99 -99 -99 -99 -99 -99
-99 -99 -99 -99 -99 1.00792815093711 -99 -99 2.38727984518849 -99 -99 -99 -99 -99 -99
-99 -99 -99 -99 -99 0.298351139670706 -99 -99 -99 -99 -99 -99 -99 -99 -99
-99 -99 -99 -99 -99 -99 -99 -99 -99 -99 -99 -99 -99 -99 -99
-99 -99 -99 -99 -99 -99 -99 1.0801215457667 -99 -99 -99 -99 -99 -99 -99
0.555666054363224 -99 -99 -99 -99 -99 -99 -99 -99 -99 -99 -99 -99 -99 -99
-0.922451529958832 -99 -99 -0.57918238996841 -99 -99 -99 -99 -99 -99 -99 -1.53307585876489 -99 -0.957553669528701 -99
-99 -99 -99 -99 -99 -99 -99 -99 -99 -99 -99 -99 -99 -99 -99
0.13702088269135 -99 -99 -99 -99 -99 -99 -99 -99 -99 -99 -1.40262560911228 0.106559670876658 -0.306730499717224 -99
-99 -99 -99 -99 -99 -99 -99 -99 -99 -99 -99 -99 -99 -99 -99
-99 -99 -99 -99 -99 -99 -0.51142764424349 -99 -99 1.78627501044177 -99 1.31693832903887 -99 -99 -99
-99 -99 -99 0.151315740894043 -1.03503225864143 0.222552686235248 -99 -99 -99 -99 -99 -99 -99 -0.416495403229063 -99
-99 -99 -99 -99 -99 -99 -99 -99 -99 -99 -99 -99 -99 -99 -99
-99 -99 -99 -99 -99 -99 -99 -99 -99 -99 -99 -99 -99 -99 -99
-99 -1.27525901895764 0.136515799695545 -99 -99 -99 -99 -99 -99 -99 -99 -99 -99 -99 -99
-99 -99 -0.2739990668109 -99 -99 -99 -99 -99 -99 -99 -99 -99 -99 -99 -99
-99 -99 -99 -99 -99 -99 -99 -99 -99 -99 -99 -0.560038529743161 -99 -99 -99
-99 -99 -99 -99 -99 -99 -99 0.837678910263089 -99 -99 -99 -99 2.06877582382528 -99 -99
-99 -99 -99 -99 -99 -99 -99 -99 2.02487310175077 -99 -99 -99 -99 -99 -99
-99 -99 -99 -99 -99 -99 1.252580243341 -99 -99 -99 -99 -99 -99 -99 -99
-99 -99 -99 -99 -99 -99 -99 -99 -99 -99 -99 -99 -99 -99 -99
-99 -99 -99 -99 -99 -99 -99 -99 -99 -99 -99 1.43094404694855 -99 1.21594466477271 -99
-99 -99 -99 -99 -99 -99 -99 -99 -99 -99 -99 -0.371411959952668 -99 -99 -99
-99 -99 -99 -99 0.916815610301285 -99 -99 -99 1.62362905603063 -99 -99 -99 -99 -99 -99
-99 0.581293726256955 -99 -0.0226962825421144 -99 -99 1.0431697360108 -99 -99 -99 -99 -99 -99 -99 -99
-99 -99 -99 -99 -99 -99 -99 -99 -99 -99 -99 -99 -99 -99 -99
-99 -99 -99 1.76778672965384 -99 -99 -99 -99 -99 -99 -99 -99 -99 -99 -99
-99 -99 -99 -99 -99 -99 1.30412024838543 -99 -99 -99 -99 -99 -99 2.33899084773533 -99
-99 -99 -99 -99 -99 -99 -99 -99 -99 -99 -99 -99 -99 -99 1.11538449646807
-99 -99 -99 -99 -99 -99 -99 -99 -99 -99 -99 -99 -99 -99 -0.629766053459652
-99 -99 -99 -99 -99 -99 0.114852412364545 -99 -99 -99 -99 -99 -99 -99 -99
-99 -99 -99 -99 -99 -99 -99 -99 -99 -99 -99 -99 -99 1.95315200844637 -99
-99 -99 2.8236543403873 -99 -99 -99 -99 -99 -99 -99 -99 -99 -99 -99 -99
0.941247992526281 -99 -99 -99 -99 -99 -99 -99 -99 -99 -99 -99 -99 -99 -99
-99 -99 -0.191764817382251 -99 -99 -99 -99 -99 -99 -99 -99 -99 -99 -99 -99
-99 -99 2.02403451131535 -99 -99 -99 -99 -99 1.43129153007081 -99 -99 -99 -99 -99 -99
-99 -99 -99 -99 -99 -99 -99 -99 -99 -99 -0.895033704822341 -99 -99 -99 -99
-99 -0.413757572725259 -99 -99 -99 -99 -99 -99 -99 -99 -99 -99 -99 1.62135574618465 -99
3.17060281771203 -99 -99 2.6794235809819 -99 -99 -99 -99 -99 -99 -99 -99 -99 -99 2.99050451699215
-99 -99 -99 -99 -99 -99 -99 -99 -99 -99 -99 -99 -99 1.00036145275139 -99
-99 -99 -99 -99 -99 -99 -99 -99 -99 -99 1.65539673091098 -99 -99 -99 -99
-99 -99 -99 -99 -99 -99 1.66179741724 -99 -99 -99 -99 -0.100475795837424 -99 -99 -99
-99 -99 -99 -99 -99 -99 -99 -99 -99 -99 -99 -99 -99 -99 -99
-99 -99 -99 -99 -99 -99 -99 -99 -99 -99 -99 -99 -99 -99 -99
-99 -99 -99 -99 -99 -99 0.326310414634482 -99 -99 -99 -99 -99 -99 -99 -99
-99 -99 -99 -99 -99 1.07366716553097 -99 1.77955025880464 -99 -99 -99 -99 -99 2.34510393153322 -99
-99 -99 -99 -99 -99 -99 -99 -99 -99 -99 -99 -99 -99 -99 -99
-99 -99 -99 -99 -99 -99 -99 -99 -99 -99 1.09394506969537 -99 -99 2.07950313719562 -99
-99 -99 -99 -99 -99 -99 -99 -99 -99 -99 -99 -99 -99 -99 -99
-99 -99 -99 -99 -99 -99 -99 -99 -99 -99 -99 0.163759664570786 -99 -99 -99
-99 -99 -99 -99 -99 1.27667835880665 0.355063126493042 -99 -99 -99 -99 -99 -99 -99 -99
-99 -99 -99 -99 -99 -99 -99 -99 -99 -99 -99 -99 -99 -99 -99
-99 -99 -99 -1.27838122516866 -99 -99 -99 -99 -99 -99 -99 -99 -99 -99 -99
-99 -1.69562232993094 -0.227864434461849 -99 -99 -99 -99 -99 -99 -99 -99 -99 -99 -1.01940929289619 -99
-99 -99 -99 -99 -99 -99 -99 2.10617213169175 -99 -99 -1.10766731094834 -99 -99 -99 -99
-99 -99 -99 -99 -99 -99 -0.258368559820572 -99 -99 0.228165872358522 -99 -99 -99 -99 -99
-99 -99 -99 -99 -99 -99 -99 -99 -99 -99 -99 -99 -99 -99 -99
1.4045236363783 -99 -99 -99 -99 -99 -99 0.871295560430134 -99 -99 -99 -99 -99 -99 -99
-99 -99 -99 -99 -99 -99 -99 -99 -99 -99 -99 -99 -99 -99 -99
-99 -99 -3.54822032744815 -99 -99 -99 -99 -99 -99 -3.70844221781145 -99 -99 0.586044281231253 -99 -99
1.70895761318915 -99 -99 -99 -99 -99 -99 -99 1.08050493525443 -99 -99 -99 -99 -99 -99
0.0591136298224619 -99 -99 -99 -99 -99 -99 -99 -99 0.606145958910978 -99 -99 -99 -99 -99
-99 -99 -99 -99 -99 -99 -0.527235397284017 -99 -99 -99 -99 -99 -99 -99 -99
-99 -99 -99 -99 -99 -99 0.314721372357398 -99 1.92512622376883 -99 1.18999718268086 -99 -99 -99 -99
-99 -99 -99 -99 -99 -99 -0.885830558671009 -99 -99 -99 -99 -99 -99 -99 -99
-99 -99 -99 -99 -99 -99 -99 -99 -99 -99 -99 -99 -99 -99 -99
-99 -99 -99 -99 2.29445553209051 -99 -99 -99 -99 -0.653333098760108 -99 -99 -99 0.903634717760874 -99
-99 -99 -99 -99 -99 -99 -99 2.0186683829323 -99 -99 -99 -99 -99 -99 2.15560044519644
-99 -99 -99 -99 -99 1.20319878013996 0.727677611205181 -99 -99 -99 -99 -99 -99 -1.77466143402272 -99
-99 -99 -99 -99 -99 -99 -99 -99 -99 -99 -99 -99 -99 -99 -99
-99 -99 -99 -99 -99 -99 -99 -99 -99 -99 -99 -99 -99 -99 -99
-99 -99 -99 1.73491604057214 -99 -99 -99 -99 3.3874625721711 -99 -99 -99 -99 -99 -99
-99 1.29682935047352 -99 -99 -99 -99 -99 -99 -99 -99 -99 -99 -99 -99 -99
0.571915736671053 -99 -99 -99 -99 -99 -99 -99 -99 -99 0.682800434057423 -99 -99 -99 -99
-99 -99 -99 -99 -99 -99 0.624203034760416 -99 -99 -99 0.246676343122973 -0.0910175945461931 -99 -99 -99
-99 -99 -99 -0.883960753207491 -99 -99 -99 -99 -99 -99 -99 -99 0.241060997290196 -99 -0.859060600934913
-99 -99 -99 -0.46280767079226 -99 -99 -99 -99 -99 -99 -99 2.32422595465662 -99 -99 -99
-99 -99 -99 -99 1.77463465148933 -99 -99 -99 -99 -99 -99 -99 -99 -1.28944656057509 -99
0.709547973365469 -99 -99 -99 -99 -99 -99 -99 -99 -99 -99 -99 -99 -99 -99
-99 -99 1.91428859034537 -99 -99 -99 -99 -99 -99 -99 -99 -99 -99 -99 -99
0.0877303350464801 -99 -99 -99 -99 -99 -99 -99 -99 -99 -99 -99 -99 -99 -2.02345900265831
-99 -99 -99 -99 -99 -99 -99 -99 -99 -99 -99 -99 -99 -99 0.906895494604242
-99 -99 -99 -99 -99 2.56238868337506 -99 -99 -99 -99 -99 -99 3.57089408503335 -99 -99
-99 -99 -99 4.06623155836679 2.01966921607455 -99 -99 -99 -99 -99 -99 -99 -99 -99 -99
-99 -99 -99 -99 -99 2.12417879541795 -99 -99 -99 -99 -99 -99 -99 0.273866652168964 -99
-99 -99 -99 -99 -99 -99 -99 -99 -99 -99 -99 -99 -99 -99 -99
-99 -99 -99 -99 -99 -99 -99 -99 1.71986637097153 -99 -99 -99 3.54639310180382 -99 -99
-99 -99 -99 -99 -99 -99 -99 -99 -99 -99 -99 -99 -99 -99 -99
-99 -99 -99 1.81540003077236 -99 -99 -99 -99 -99 -99 -99 -99 -99 -99 -99
-99 -99 -99 -99 -99 -99 -99 -99 -0.00929498890580094 -99 -99 -99 -99 -99 -99
-99 -99 -99 -99 -99 -99 -0.271466195182668 -99 -99 -99 -99 -99 -99 -99 -99
-99 -99 -0.466097771608993 -99 -99 -99 -99 -99 -99 -99 1.07437007951847 -99 -0.730578147270438 -99 -99
2.40931763990967 -99 -99 -99 -99 -99 -99 -99 -99 -99 -99 1.23435618366763 -99 -99 -99
-99 -99 -99 -99 -99 -99 -99 -99 -99 -99 -99 -99 -99 -99 -99
-99 -99 -99 -99 -99 -99 -99 -99 -99 -99 -99 -99 -99 -99 -99
-99 -99 -99 -99 -99 -99 0.84848439280251 -99 -99 -99 -99 -99 -99 -99 -99
-99 3.34482859462732 -99 -99 -99 -99 -99 -99 -99 -99 -99 -99 -99 -99 -99
-99 -99 -99 -99 -99 -99 -99 -99 -99 -99 -99 0.51567119800332 -99 -99 -99
-99 -99 -99 -99 -99 -99 -99 -99 -99 -99 0.205356939329638 -99 -99 -99 -99
-99 -99 -99 -99 2.15361550290867 -99 -99 -99 0.911612103643016 -99 -99 -99 -99 0.097078503684242 -99
-99 -99 -99 -99 -99 -99 -99 -99 -99 -99 -99 -99 -99 -99 -99
-99 -99 -99 -99 -99 -99 -99 -99 -99 1.80180485544923 -99 -99 -99 -99 -99
-99 -99 -99 2.02317641047463 -99 -99 -99 -99 -99 2.18949239308623 -0.155599827034342 -99 -99 -99 -99
-99 1.42915241731546 -99 -99 -99 -99 -99 -99 -99 -99 -99 -99 -99 -99 -99
-99 -99 -99 -99 -99 -99 -99 -99 -99 -99 -99 -99 -99 1.91038954457991 -99
-99 0.21193324875644 -99 -99 -99 -99 -99 -99 2.63278088495208 -99 -99 -99 -99 -99 -99
-99 -99 -99 0.374690087217675 -99 -99 -99 -99 -99 -99 -99 -99 -99 -99 -99
-0.483350764360947 -99 -99 -99 -99 -99 -99 -99 -99 -99 -99 -99 -0.994414778815506 -99 -99
-99 -99 -99 -99 -99 -99 -99 -99 -99 -99 -99 -99 -99 -99 -99
-99 -99 -99 -99 -99 -99 -99 -99 -99 -99 -99 -99 -99 -99 -99
-99 -0.129860138782167 -99 2.57524962495976 -99 -99 -99 -99 -99 0.986104502242519 -99 -99 -99 -1.61772243147716 -99
1.77498968480782 -99 -99 0.756046389941991 -99 -99 -99 -99 -99 -99 -99 -99 -99 -99 -99
-99 -99 -99 -99 -99 -99 1.53693486980664 -99 -99 -99 -99 -99 -99 -99 -99
-99 3.05715129042154 -99 -99 -99 -99 -99 -99 -99 3.47150805284745 -99 -99 -99 -99 -99
-99 -99 -99 -99 -99 -99 -99 -99 -99 -99 -99 -99 -99 -99 -99
-99 -99 -99 -99 -99 -99 -99 -99 -99 -99 -99 -99 -99 -99 -99
-99 -99 -99 -99 -99 -99 -99 -99 -99 -99 -99 1.57531398286481 -99 -99 -99
-99 0.522928638941961 -99 -99 -99 -99 -99 -99 -99 -99 -99 -99 -99 -99 -99
-99 -99 -99 -99 -99 -99 -99 -99 -99 -99 -99 1.14139588643815 -99 -99 -99
-99 -99 -99 -99 -99 -99 -99 -99 -99 -99 -99 -99 -99 -99 -99
-99 -99 -99 -99 -99 -99 -99 -99 -99 -99 -99 -99 -99 -99 -99
-99 -99 -99 -99 -99 -99 1.14588114829413 -0.0183523310268208 -99 1.40995633712209 1.69043738493214 0.895328957965061 -99 1.9654113687247 -99
-99 1.18647793232938 -99 -99 -99 0.571574508754467 -99 -99 -99 3.1477485845429 -99 1.62043255421046 0.736015496288839 -99 -99
-99 -99 0.190334067367894 -99 -99 -99 -99 -99 -99 -99 -99 -99 -99 -99 -99
-99 -99 -99 -99 -99 -99 -99 -99 -99 -99 -99 -99 -99 -99 -99
-99 -99 -99 -99 -99 -99 -99 -99 -99 -99 -99 -99 -99 -99 -99
-99 -99 -99 -99 -99 -99 -99 -99 -0.0431040470289148 -99 -99 -99 -99 -99 -0.00415298031081268
-99 -99 -99 -99 -99 -99 -99 -99 -99 -99 0.319569274643479 -99 -99 -99 -99
-99 -99 -99 -99 -99 -99 1.47371603311916 -99 -99 -99 -99 -99 -99 -99 1.27744907380424
-99 -99 -99 -99 -99 -99 1.77441292529371 -99 2.25280274075028 -99 -99 -99 -99 -99 2.62507687178355
-99 -99 1.06089336041723 2.35640591998502 -99 -99 -99 -99 -99 -0.187185297815844 -99 -99 -99 -99 -99
-99 -99 -99 -99 -99 -99 -99 -0.891509012018675 -99 -99 -99 -99 -99 -99 -99
-99 -99 -99 -99 -99 -99 -99 -99 -99 -99 -99 -99 -99 -99 -99
-99 -99 -99 -99 -99 -99 -99 0.76521849479103 -99 -99 -99 -99 -99 -99 -0.226704539260927
-99 -99 -99 -99 -99 -99 -99 -99 -99 -99 -99 0.158916722609744 -99 -99 -99
-99 -99 -99 -99 -0.93180077079145 -99 -99 -99 -99 -99 -99 0.628128960597153 -99 -99 -99
-99 -99 -99 -99 -99 -99 -99 -99 -99 -99 -99 3.60002568150989 -99 -99 -99
-99 -99 3.16400401703678 -99 -99 -99 -99 2.07917985043813 -99 2.73626580679133 2.79478869069246 -99 -99 -99 -99
-99 -99 -99 -99 -99 -99 -99 -99 -99 -99 -99 -99 -99 -99 -99
-99 -99 -99 -99 0.758468130494123 -99 -99 -99 -99 -99 -99 -99 -99 -99 -99
-99 -99 -99 -99 -99 -99 -99 -99 -99 -99 -99 -99 -99 -99 -99
-99 1.62677535406128 -99 0.308268046646939 -99 -99 -99 -99 -99 -99 -99 -99 -99 -99 -99
-99 -99 -99 -99 -99 -99 -99 -99 -99 -99 -99 -99 -99 -99 -99
-99 2.63117779088188 -99 -99 -99 -99 -99 -99 -99 -99 -99 -99 -99 3.21470200628353 -99
-99 -99 -99 -99 -99 -99 -99 -99 -99 -99 -99 -99 -99 -99 -99
-99 -99 -99 -99 -99 -99 -99 -0.358992811113469 -99 1.17401020118073 -99 -99 -99 -99 -99
-99 -99 -99 -99 -99 -99 -99 -99 -99 -99 -99 -99 -99 -99 -99
1.10246005124611 -99 2.52997376204663 -99 -99 -99 2.03488583984071 -99 -99 -99 -99 1.52124854441302 -99 -99 -99
-99 0.109122500594172 -99 -99 -99 -99 -99 -99 -99 -99 -99 -99 -99 -99 -99
-99 -99 -99 -99 -99 -99 -99 -99 -99 -99 -99 -99 -99 -99 -99
-99 -99 1.59931733947884 -99 -99 -99 -99 -0.0583647581482374 -99 -99 -99 -99 -99 -99 -99
-99 -99 -99 -99 -99 -99 -0.869083499620657 -99 -99 -99 -99 1.32241703469916 -99 -99 -99
-99 -99 -99 -99 -99 -99 -99 -99 -99 -99 -99 -99 -99 -99 -99
-99 -99 -99 -99 -99 -99 -99 -99 -1.03940955691372 -99 -99 -99 -99 -99 -99
-99 -99 -99 -99 -99 -99 -99 -99 -99 -99 -99 -99 -99 -99 -99
-99 -99 -99 2.6563869465747 -99 -99 -99 -99 -99 1.78782589818965 3.16662153842456 -99 -99 3.36673673283477 -99
-99 -99 -99 -99 -99 1.55756642190748 0.856255711922652 -99 -99 -99 -99 -99 -99 -99 -99
-99 -99 -99 -99 -99 -99 -99 -0.110652936421222 -99 -99 -99 -99 -99 -99 0.346953026605107
-99 -99 -99 -99 -99 -99 -99 3.01790227388926 3.31028165740809 -99 -99 1.81022150698519 -99 -99 -99
1.26985271271912 -99 -99 -99 -99 -99 0.0231710801814855 -99 -0.321063858612385 -99 -99 1.93923216468211 -0.67869785985732 -99 -99
-99 -99 -99 -99 1.48664095631905 -99 -99 -99 -99 -99 -99 -99 -99 -99 -99
-99 -99 -99 -99 -99 -99 -99 -99 -99 -99 -99 -99 -99 -99 -99
-99 -0.508137649776436 -99 -99 -99 -99 -99 -99 -99 -99 -99 -99 -99 -99 -99
-99 -99 -99 -99 -99 -99 -99 -99 -99 -99 -99 -99 -99 -99 -99
1.77866771959299 -99 -99 -99 0.288440877201449 -99 -99 0.483766885172452 -99 -99 -99 1.74202422112852 1.55198183773264 2.94483421974925 -99
-99 -99 -99 -99 -99 -99 -99 -99 -0.0254267438356763 -99 -99 -99 -99 -99 -99
-99 -99 -99 -99 -99 -99 -99 -99 -99 -99 -2.08372537430152 -99 -99 -99 -99
-99 2.51686128307766 -99 2.25541637019283 -99 -99 -99 -99 -99 -99 -99 -99 -99 -99 -99
-99 -99 -99 -99 -99 -99 -99 -99 -99 -99 -99 -99 -99 -99 -99
-99 -99 -99 -99 -99 -99 2.46426074303713 0.0843158664054856 -99 -99 -99 -99 -99 -99 -99
-99 -99 -99 -99 -99 2.00780954202689 -99 -99 -99 -99 -99 -99 -99 -99 -99
-99 -99 -99 2.43119131644105 -99 -99 -99 -99 -99 -99 -99 -99 1.72053428884794 1.45382234284769 -99
-99 -99 1.9624159457742 -99 -99 -99 -99 -99 -99 -99 -99 -99 -99 -99 -99
-99 -99 -99 -99 -99 -99 -99 -99 -99 -99 -99 -99 -99 -99 -99
-99 -99 3.45662320414072 -99 -99 -99 3.16466972161486 -99 -99 -99 2.07511201610637 -99 -99 -99 -99
-0.574963023694824 -99 -99 -99 -99 -99 -99 -99 -99 -99 -99 -99 -99 -99 -99
-99 -99 -99 -99 -99 -99 -99 -99 -99 -99 -99 -99 -99 -1.28600325424375 -99
-99 -99 -99 -99 -99 -99 -99 1.1538381122279 -99 -99 -99 -99 -99 -99 -99
-99 0.359302652323033 -99 -99 -99 -99 -99 -0.232925168680831 -99 -99 -99 -99 -99 -99 -99
-99 -99 -99 -99 -99 -99 -99 -99 -99 -99 -99 -99 -99 -2.17354216342437 -99
-99 -99 -99 -99 -99 -99 -99 -99 -99 -99 -99 -99 -99 -99 -99
-99 -99 -99 0.39699903493366 -99 -99 -99 -99 -99 -99 -99 -99 -99 -99 -99
-99 -99 -0.147715856072467 -99 -99 -99 -99 -99 -99 -99 -99 -99 -99 -99 -99
-99 1.2345909382176 0.526875599738719 -99 -99 -99 -99 -99 -99 -99 -99 -99 -99 -99 -99
-99 -99 -99 -99 1.26655861155432 -99 -99 -99 1.1889446444876 -99 -99 -99 -99 -99 -99
-99 -99 -99 -99 0.711643679925871 -99 -99 1.12947042213982 -99 -99 -99 -1.00008459932143 -99 -99 -99
-99 -99 -99 -99 -99 2.58206525791804 -99 -99 -99 -99 -99 -99 -99 -99 -99
-99 -99 -99 -99 -99 -99 -99 -99 -99 -99 -99 -99 1.00165961126182 -99 -99
2.79305370811607 -99 3.58528655949326 -99 -99 -99 -99 -99 -99 -99 -99 -99 -99 -99 -99
-99 -99 -0.0177637828781916 -99 -99 -99 -99 -99 -99 -99 -99 -99 -99 -99 -99
-99 -99 -99 -99 -99 -99 -99 -99 -99 -99 -99 -99 2.88347000082882 -99 -99
-99 -99 -99 -99 -99 -99 -99 -99 -99 -99 -99 -99 -99 -99 -99
-99 -99 0.54712262568297 -99 -99 -99 -99 -99 -99 -99 -99 -99 -99 -99 -99
-0.260950942137039 -99 -99 -99 -99 -99 -99 -1.20293443195042 -99 -99 -99 -1.17440368805006 -99 -99 -99
-99 -99 -99 -99 -99 -99 -99 -99 1.48149298476107 -99 -99 -99 -99 -99 -99
2.06892960809358 2.32652677422211 -99 -99 -99 -99 1.00726500594332 -99 -99 -99 -99 -99 -99 -99 2.06902779543885
-99 -99 -99 -99 -99 -99 -99 -99 -99 -99 -99 -99 -99 -99 -99
-99 -99 -99 -99 -99 -99 -99 -99 -99 -99 -99 -99 -99 -99 -99
-99 -99 -99 0.298875993469545 -99 -99 -99 -99 -99 -99 -99 0.349686519162605 -99 -99 -99
-99 -99 -99 -99 -99 0.411467270024921 -99 -99 -99 -99 0.902232887453061 -99 -99 -99 -0.344111810361833
0.43630587749604 -99 -99 -99 -99 -99 -99 -99 -99 -0.385210820629154 -0.609174942477565 -99 -99 -99 -99
-99 -99 -99 -99 -99 -99 -99 -99 -99 -99 -99 -99 -99 -99 -99
-99 -99 -99 -99 -99 -99 -99 -99 -99 -99 -1.60267599262098 -99 -99 -99 -99
-99 -99 -99 -99 -99 -99 -99 -99 0.89217925947351 -99 -99 -99 -99 0.666161572107585 -99
-99 -99 -99 2.41730316334372 -99 -99 -99 -99 -99 -99 -99 -99 1.77806116098922 -99 -99
-99 -99 -99 -99 -99 -99 -99 -99 -99 -99 -99 1.57654739163833 -99 -99 -99
-99 -99 -99 -99 -99 -99 -99 -99 -99 -99 -99 -99 -99 -99 -99
-99 -99 1.65774581302261 -99 -99 -99 -99 -99 -99 -99 -99 -99 -99 -99 -99
-99 -99 -99 -99 -99 -99 -99 -99 -99 -99 -99 -99 -99 3.52352741818026 -99
-99 -99 -99 -99 -99 -99 -99 -99 3.74671246358843 -99 -99 -99 -99 3.76500214535695 -99
-99 -99 2.90577516867397 -99 1.69684790543765 -99 -99 -99 -99 -99 -99 -99 -99 -99 -99
-99 -99 -99 -99 -99 -99 -99 -99 -1.00737703268403 -99 -99 -99 -99 -99 -99
-99 -99 -99 -99 -99 -99 -99 -99 -99 -99 -99 0.138331497727642 -99 -99 -99
-99 1.01889905126764 -99 -99 -99 -99 -99 -99 2.15106668192535 -99 -99 -99 1.9745861238262 -99 -99
-99 -99 -99 -99 -99 -99 -99 -99 -99 -99 -0.203774609605513 -99 -99 -99 -99
-99 -99 -99 -99 -99 -99 -99 -99 -99 -99 -99 1.69673402137752 -99 -99 -99
-99 -99 -99 -99 -99 -99 -99 -99 -0.797019517718022 -99 -1.64884384290136 -99 -99 0.305443434004437 -99
-99 -99 -99 -99 -99 -99 -99 -99 -99 -99 -99 -99 0.377391405514497 -99 -99
-99 -99 -99 1.60898287315877 -99 -99 -99 -99 -99 -99 -99 -99 -99 -99 -99
-99 -99 0.879884697525059 -99 -99 -99 -99 -0.736957230222403 -99 1.35584271855902 -99 -99 -99 -99 -99
-99 -99 -99 -99 -99 -99 -99 -99 -99 -99 -99 -99 -99 -99 -99
0.271291361472866 -99 -99 -99 -99 -99 -99 -99 -99 -99 -99 -99 0.28995899174056 -99 -99
-99 -99 -99 -99 -99 -99 -99 -99 0.993059701340677 -99 -99 -99 0.771884386481882 -99 -99
-99 -99 -99 -99 -99 -99 -99 -99 -99 -99 -99 -99 -99 -99 -1.9365424694933
-99 -99 -99 -0.720448495830012 -99 -99 -99 -99 -99 -99 -99 -99 -99 -99 -99
-99 -99 -99 -99 -99 -99 -99 -99 -99 -99 1.69869727090499 -99 -99 -99 -99
-99 -99 -99 -99 -99 -99 -99 -99 -99 -99 1.68411225536571 -99 -99 -99 -99
-99 0.626299727017142 -99 -99 -99 -99 -99 -99 -99 -99 -99 -99 3.08673647844677 -99 -99
-99 -99 0.916281863207996 -99 -99 -99 -99 -99 -99 -0.798659539929088 -99 -99 -99 -99 -99
-99 -99 -99 -99 -99 -99 -99 -99 -99 -99 -99 -99 -99 -99 -99
-99 -99 -99 -99 -99 -99 -99 -99 -99 0.408447057558862 -99 -99 -99 -99 -99
-99 -99 -99 -99 -99 -99 -99 -99 -99 -99 -99 -99 -99 -99 -99
0.460727396030937 -99 0.110353612074979 -99 -99 -99 -99 -99 -99 -99 -99 -99 1.19859876804968 -99 -99
-99 -1.62377648687261 -99 -99 -99 -99 -99 -99 -99 -99 -99 -99 -99 -99 -99
-99 -99 -99 -99 -99 -99 -99 -99 -99 -99 -99 -99 -99 -99 -0.31798398362811
-99 -99 -99 2.12079335587374 -99 -99 -99 -99 -99 -99 -99 -99 -99 -99 -99
-99 -99 1.96970124635268 -99 -99 -99 -99 -99 -99 -99 -99 -99 -99 -99 -99
-99 -99 -99 -99 -99 -99 -99 -99 -99 -99 -99 -99 -99 -99 -99
-99 -99 -99 -99 -99 -99 -99 -99 -99 -99 -99 -99 0.0680084322148278 -99 -99
-0.685271019525364 -99 -99 -99 -99 -99 -99 -99 -99 -99 -1.53206922615285 -99 -99 -99 -99
-99 2.7691556515224 -99 -99 -99 -99 -99 -99 -99 -99 -99 -99 -99 -99 -99
-99 -99 -99 2.99199577465368 -99 -99 -99 -99 -99 1.52996405431006 -99 -99 -99 -99 -99
-99 -99 1.0435591967745 -99 -99 -99 -99 -99 -99 2.39089372314548 -99 -99 -99 -99 1.21338988599361
-99 -99 -99 -99 -99 -99 -99 -99 2.85260289239653 -99 -99 -99 -99 -99 -99
-99 -99 -99 -99 -99 -99 -99 -99 -99 -99 -99 -99 -99 -99 -99
-99 -99 0.725783534546046 -99 -99 -99 -99 -99 -99 -99 -99 0.837090228461088 -99 -99 -99
-1.96275983101877 -99 -2.89920070441778 -99 -99 -99 -99 -99 -99 -99 -99 -99 -99 -99 -99
-99 -99 -99 -99 -99 -99 0.244740728706631 -99 -99 -99 -99 -99 -99 -99 -99
-99 -99 -99 -99 -99 -99 1.66021713667718 -99 -99 -99 -99 -99 0.789853432038204 2.04749557519493 -99
-99 -99 -99 -99 -99 2.79839493576982 0.814069639145551 -99 2.08431547539274 -99 -99 -99 -99 1.75793593989493 -99
-99 1.22166432069513 -99 -99 -99 -99 -99 -99 1.31159072358105 -99 -99 -99 -99 1.91228364310236 -99
-99 -99 -99 -99 -99 -99 -99 -99 -99 -99 -99 -99 0.331701060437916 -99 -99
-99 0.311459142150605 -99 -99 -99 -99 -99 -99 -99 -99 -99 -99 -99 -99 -99
-1.21175120566768 -99 -99 2.05471837114959 -99 -99 -99 -99 -99 -99 -99 -99 -99 -99 -99
-99 -99 -99 -0.898167137799222 -99 -99 -99 -99 -99 -99 -99 -99 -99 -99 -0.0472958078797288
-99 -99 -99 2.01945987297045 -99 -99 -99 -99 -99 -99 -99 -99 -99 1.2802900391217 -99
-99 -99 -99 -99 -99 -99 -99 -99 -99 -99 -99 -99 -99 -99 2.6817376748718
-99 -99 -99 -99 -99 -99 -99 -99 -99 -99 -0.748594012713091 -99 -99 -99 -99
-99 -99 -99 -99 -99 2.06941627237787 -99 -99 -99 -0.614348521296672 -99 -99 -99 -99 -99
-99 0.300287137352314 -99 -99 -99 -99 -99 -99 -99 -99 -99 -99 -99 -99 -99
-99 1.49938865583473 -99 -99 -99 -99 -99 -99 -99 -99 -99 2.53121840607049 2.19904060841058 -99 -99
-99 -99 0.435858860681463 -99 -99 -99 -99 -99 -99 -99 -99 -99 -99 -99 -99
-99 -99 -99 -99 -99 -99 -99 -99 -99 -99 2.42333815880376 2.29930712465917 -99 -99 -99
-99 -99 -99 -99 -99 -99 -99 1.31356496279296 -99 -99 -99 -99 -99 -99 -99
0.595392816802589 -99 -99 -99 -99 -0.0242413590984487 -99 -99 -99 -99 -99 -1.10531178881034 -99 -0.416958828968226 -99
-99 -99 -99 -99 -99 -99 -99 -99 -99 -99 -99 -99 -99 -99 -99
1.34045061766328 -99 -99 -99 -99 -99 -99 -99 -99 -99 -99 -99 -99 -99 -99
-99 -99 -99 -99 -99 -99 -99 -99 -99 -99 -99 2.23450323338029 -99 -99 -99
-99 1.13001148145153 2.21420554397368 -99 -99 -99 -99 -99 -99 -99 -99 -99 -99 -99 -99
2.2631492074502 -99 -99 -99 -99 -99 -99 -99 -99 -99 -99 -99 -99 -99 -99
-99 1.5162702263847 1.39547331185437 -99 -99 -99 -99 -99 -99 -99 -99 -99 -99 1.88318384170478 -99
-99 -99 -99 -99 -99 -99 -99 -99 -99 -99 -99 -99 -99 3.43340409459187 0.44919828276599
-99 -0.772287208199425 -99 -99 -99 -99 -99 -99 -99 -99 -99 -99 -99 -99 -99
-99 -99 -99 -99 -99 -99 -99 -99 -99 -99 -99 1.90016569950545 -99 -99 -99
-99 -99 -99 -99 -99 -99 -99 -99 -99 0.588264710537419 -99 -99 -99 -99 -99
-99 -99 -99 -99 0.315772122937546 -99 -99 -99 1.09102452028205 -99 -99 -99 -99 -99 -99
-99 -99 -99 -99 -99 -99 -99 -99 -99 -99 -99 -99 -99 -99 -99
-99 -99 -99 -99 -99 -99 0.566088818249504 -99 -99 2.827690271526 -99 -99 -99 -99 -99
-99 0.932030058961624 -99 2.14926498636643 0.146702904064126 -99 -99 -99 -99 -99 -99 -99 -99 -99 -99
-99 3.49188205253524 -99 -99 -99 -99 -99 -99 -99 -99 -99 -99 0.98836117513829 -99 -99
-99 -99 -99 -99 -99 -99 -99 -99 -99 -99 -99 -99 -99 -99 -99
-99 -99 -99 -99 -99 -99 -99 -99 -99 -99 1.81585357882566 -99 -0.507600222495064 -99 -99
-99 -99 -99 -99 -99 -99 -99 -99 -99 -99 -99 -99 -99 -99 -99
-99 0.324873821818478 -99 -99 -99 -99 -99 -99 -99 -99 -99 -99 -99 -99 -0.804994534716786
-99 -99 -99 -99 -99 -99 -99 -99 -99 -99 -99 -99 -99 0.991379447180676 -99
-99 -99 -99 -99 -99 -99 -99 -99 -99 -99 -99 -99 -0.688540719924029 -99 -99
1.80057726880138 -99 -99 -99 -99 -99 -99 -99 -99 -99 -99 -99 -99 1.93949435853614 -99
-99 -99 -99 -99 -99 -99 -99 1.88007363163619 -99 -99 -99 -99 -99 2.17256153133001 -99
-99 -99 -99 -99 -99 -99 4.25151835201045 -99 -99 -99 -99 -99 2.44019662123168 -99 -99
1.82585666329465 -99 -99 -99 -99 -99 -99 -99 -99 -0.550152922214638 0.17806173821893 -99 -99 -99 -99
-99 -99 -99 -99 -99 -99 -99 -99 -99 -99 -99 -99 -99 -99 -99
-99 -99 -99 -99 -99 -99 -99 -99 1.72364673202302 -99 -99 -99 -99 -99 -99
-99 -99 -99 -99 -99 -99 -99 -99 -99 -99 -99 -99 -99 -99 -99
2.84588378361487 -99 -99 -99 -99 0.482553951412099 -99 -99 -99 -99 -2.91882476914078 -99 -99 0.240744115244288 -99
-99 -99 -99 -99 -99 -99 -99 -99 0.533730747183729 -99 -99 -99 1.18372775978507 1.50078059127287 -99
-99 -99 -99 -99 -99 -99 -99 -99 -99 -99 0.165410499059755 -99 -99 -99 -99
-99 -99 -99 -99 -99 -99 -99 -99 3.36136030547695 -99 -99 -99 -99 -99 -99
-99 -99 -99 -99 -99 -99 -99 2.21061583859971 -99 -99 -99 -99 -99 -99 -99
-99 -99 -99 1.25342007865639 -99 -99 -99 -99 -99 -99 -99 -99 -99 -99 -99
-99 -99 -99 -99 -99 1.09536607033318 -99 -99 -99 -99 -99 -99 -99 -99 -99
-99 -99 -99 -99 -99 -99 -99 -99 0.885680409536891 -99 0.700651061527652 -99 -99 -99 -99
1.45205011602351 -99 -99 -99 -99 -99 -99 -99 -99 -99 -99 -99 -99 -99 -99
-99 -99 -99 -99 -99 -1.73354591155493 -99 -99 -99 0.767564086418604 1.28344868651193 0.0158797917636445 -99 -0.207805429386901 -1.46162602854808
-99 -99 -99 0.932821089666552 -99 -99 -99 -99 -99 -99 -0.107529866612046 -99 -99 -99 -99
-99 -99 -99 -99 -99 -99 -99 -99 -99 -99 -99 -99 1.12045811660146 -99 -99
-99 -99 2.70272588207176 -99 -99 1.80800540386719 0.675965795957931 -99 -99 -99 -99 -99 -99 -99 -99
-99 -99 2.64094062575707 -99 -99 -99 -99 1.91964537159915 -99 -99 -99 -99 -99 -99 -99
-99 -99 -99 -99 -99 -99 -99 -99 -99 -0.33159646166734 -99 -99 -99 -99 -99
-99 0.822288364847687 -99 -99 -99 -99 -99 -99 -99 -99 -99 -99 -99 -99 -99
-99 3.50981279522062 -99 -99 -99 -99 -99 1.01643809489221 0.671379098003801 1.85251645844431 -99 -99 -99 -99 -99
-99 -99 -99 -99 -99 -99 -99 0.979271473264122 -99 -99 -99 0.654651340301589 -99 -99 -99
-99 -99 -99 -99 -99 -99 2.12272303977394 -99 -99 -99 -99 -99 -99 -99 -99
-99 -99 -99 -99 -99 1.70077183311492 -99 -99 -99 -99 -99 -99 -99 -99 -99
-99 -99 -99 -99 -99 -99 -99 -99 -99 -99 -99 -99 -99 -99 -99
-99 -99 -99 -99 -99 -99 -99 0.944031084159196 -99 -99 -0.230300280031748 -99 -99 -99 -99
-99 -99 -99 1.52804254370896 -99 -99 -1.59508481479737 -99 -99 0.712812807325517 -99 -99 -99 -99 -99
-99 -99 -99 0.95373821416066 1.16811337250041 -99 -99 -99 -99 -99 -99 -99 -99 -99 -99
-99 -99 -99 -99 -99 -99 -99 -99 -99 -99 -99 -99 -99 -99 -99
-99 -99 -99 -99 -99 -99 -99 -99 -99 -99 -99 1.95567590904873 2.17788134093263 -99 -99
-2.2616194581172 -99 -99 -99 -99 -1.26508788514037 -99 -99 -99 -99 -99 -99 -99 -99 -99
-99 1.09807251030226 -99 2.04271721045015 -99 -99 -99 -99 -99 -99 -99 -99 -99 -99 -99
-99 -99 -99 -99 -99 -99 -99 -99 -99 -99 -99 -99 -99 -99 -99
-99 -99 -99 -99 0.141188276602951 -99 -99 -99 -99 -99 -99 -99 -99 -99 -99
-99 -99 -99 2.00211254266844 -99 -99 -99 -99 1.40434631833758 1.4842036768747 -99 -99 -99 -99 -99
-99 -99 -0.517527221832144 -99 -99 -99 -99 -99 -99 -99 1.74671311892616 -99 -99 -99 -99
-99 -0.590837371010552 -99 -99 -99 -99 -99 -99 -99 -99 -99 -99 -99 -99 -99
-99 -99 -99 -99 -99 -99 -99 -99 -99 -99 -99 -99 -99 -99 -99
-99 -99 -99 -99 -99 -99 -99 3.45995326548667 -99 -99 -99 -99 -99 -99 -99
-99 -99 -99 -0.148535220692432 -99 1.08640827347495 -99 -99 -99 -99 -99 -99 -99 -99 1.94844654919023
-99 -99 -99 -99 -99 -99 -99 -99 -99 -99 -99 -99 -99 -99 -99
1.12520299690249 -99 -99 -99 -99 1.39184438960606 -99 -99 -99 -99 -99 -99 -99 -99 -99
-99 -99 -99 -99 -99 -99 -99 -99 -99 -99 -99 -99 -99 -99 -99
-99 -99 -99 -99 -99 -99 -99 -99 0.767607227107745 -99 -99 -99 -99 -99 -99
-99 -99 -99 -99 1.25457905389296 -99 -99 -99 -99 -99 -99 -99 -99 -99 -99
-99 -99 -99 -99 -99 -99 -99 0.796432991918954 -99 -99 -99 -99 -99 -99 -99
-99 -99 -99 -99 -99 -99 -99 -99 -99 -99 2.35889348984828 -99 -99 -99 -99
-99 -99 -99 -99 2.7092561318303 -99 -99 -99 -99 -99 -1.26729869939215 -1.37380507896288 -99 -99 -99
-99 -99 -99 -99 -99 -99 -99 -99 -99 1.78738983567607 2.62607936954049 -99 -99 -99 -99
-99 -99 -99 1.54098286913261 -99 -99 -99 -99 -99 -99 -99 -99 2.02896673236721 0.793007866903895 -99
-99 -99 1.54111095481695 -99 1.84801601584654 -99 -99 -99 -99 -99 2.0981174171657 0.39286419804891 -99 -99 -99
-99 -99 -99 -99 -99 -99 -99 -99 -99 -99 -99 -99 -99 -99 -99
-99 -99 -99 -99 -0.293487731749438 -99 -99 -99 -99 1.35545343558143 -99 -99 -99 -99 -99
-99 -99 -99 -99 -99 3.35193198959503 -99 3.89328951649246 -99 -99 -99 -99 -99 -99 -99
-99 -99 -99 -99 -99 -99 -99 2.56246428546626 -99 -99 -99 1.88177001158579 -99 -99 -99
-99 -99 -99 -99 -99 -1.89321955979927 -99 -99 -99 -99 -99 -99 -99 -99 -99
-99 -99 -99 -0.136649024682644 -99 -99 1.12124875055203 -99 -99 -99 -99 -99 -99 -99 -99
-99 -99 -99 -99 -99 -99 -99 -99 -99 -99 -99 -99 -99 -99 -99
-99 -99 -99 -99 -99 -99 -99 -99 -99 -99 -99 -99 -99 -99 -99
-99 -99 -99 -99 -99 -99 -99 -99 -99 -99 -99 -99 -99 -99 -99
-99 -99 -99 -99 -99 -99 -99 -99 -99 -99 -99 -99 -99 -99 -99
1.53123000795422 -99 1.33329956868051 -99 -99 -99 -99 -99 2.21944712136621 0.490889157565282 -99 -99 -99 -99 -99
-99 3.00667415924626 3.14707886937812 -99 -99 -99 -99 -99 -99 -99 -99 -99 -99 -99 -99
-99 -99 -99 -99 -99 -99 -99 -99 -99 -99 -99 -99 -99 -99 -99
-99 -99 -99 -99 -99 -99 -99 -99 -99 -99 -99 -99 -99 -99 -99
-99 -99 -99 -99 -99 -99 -99 -99 2.33626745266516 -99 -99 -99 -99 -99 -99
-99 -99 -99 -99 0.762853465316743 -99 -99 -0.533670147318387 -99 -99 -0.189319964070637 -99 -99 -99 -99
-99 -99 -99 -99 -99 -99 -99 -99 0.300674620203015 -99 -99 -99 -99 -99 -99
-99 -99 -99 -99 -99 -99 -99 -99 -99 -99 -99 -99 -99 -99 -99
-99 -99 -99 -99 -99 -99 -99 -99 -99 -99 -99 -99 -99 -99 -99
-99 -99 -99 -99 -99 -99 -99 -99 -99 -99 -99 -99 -99 -99 -99
-99 -99 -99 -99 -99 -99 -99 -99 -99 -99 -99 -99 -99 -99 -99
-99 -99 -99 -99 -99 -99 -99 -99 -99 -99 -99 -99 -0.862189147039615 -99 -99
-99 1.09297349182857 -99 -99 -99 -99 -99 -99 -99 -99 -99 -99 -99 -99 -99
-99 -99 -99 -99 -99 1.21250341920625 -99 -99 1.72363381037824 0.822879739184632 -99 -99 -99 -99 -99
-99 -99 -99 -99 -99 -99 -99 -99 1.22106761930287 -99 -99 -99 -99 -99 -99
2.06245599356224 -99 -99 -99 -99 -99 -99 -99 -99 -99 -99 -99 3.02070494849682 -99 -99
-99 -99 -99 -99 -99 -99 -99 -99 -99 -99 -99 -99 -99 -99 -99
-99 -99 -99 -99 -99 -99 0.248895500633559 -99 -99 -99 -99 -99 -99 -99 -99
-99 0.910981383711571 -99 -99 -99 -99 -99 -99 -99 -99 -99 -0.840510155315016 -99 -99 -99
-99 -99 -99 -99 -99 -99 -99 -99 -99 3.89957348825646 -99 -99 -99 -99 -99
-99 3.86233448674141 -99 -99 -99 -99 -99 -99 3.77979883193027 3.09024769372449 -99 -99 2.8941559852369 -99 -99
2.11719985277787 3.74255391587441 1.81496160941347 -99 -99 -99 -99 -99 -99 -99 -99 -99 -99 -99 -99
-99 -99 -99 -99 -99 -99 -99 -99 1.69379570531439 -0.553273551202685 -99 -99 -99 -99 -99
2.63291669762855 -99 -99 -99 -99 -99 -99 -99 1.62906761246512 -99 -99 -99 -99 -99 2.99166349672596
-99 -99 -99 1.99829541573368 -99 -99 -99 -99 -99 -99 -99 -99 -99 -99 -99
-99 1.27397381994678 -99 -99 1.87425616462764 -99 -99 -99 -99 -99 -99 -99 -99 -99 -99
-99 -99 -99 -99 -99 -99 -99 -99 1.63186587999229 -99 -99 0.684006524622655 -99 -99 -99
-99 -99 -99 -99 -99 -99 -99 -99 -99 -99 -99 -0.787751747988127 -99 -99 -99
-99 -99 -0.804459333321893 -99 -99 -99 -99 -99 -99 -99 0.281279256554574 -99 -99 -99 -99
-99 -99 -99 -99 -99 -99 -99 -99 -99 -99 -99 -99 3.92914283807029 3.62676925934147 -99
-99 1.38232809528501 -99 -99 -99 -99 -99 -99 2.34816401071524 -99 -99 -99 -99 -99 -99
-99 -99 -99 -99 -99 -99 -99 -0.154137756774427 -99 -99 -99 -99 1.60374803584697 -99 -99
-99 -99 3.37561166556739 -99 -99 1.99369953397635 -99 -99 -0.279816506854015 -99 1.00196335965795 -99 -99 -99 -99
-99 -99 -99 -99 -99 -99 -99 -99 -99 -99 -99 -99 -99 -99 -99
-99 -99 -99 -0.903249794180374 -99 -99 -99 -0.932740276131274 -99 -99 -99 -99 0.23687082208383 -99 -99
-99 -99 -99 -99 -99 -99 -99 -99 -99 -99 -99 -99 -0.872612092428989 -99 -99
0.499190140758069 -99 0.564135574202399 -99 -99 -99 0.386725728499868 -99 -99 -99 -99 -99 -99 -99 -99
-99 -99 -99 -99 -99 -99 -99 3.32013298990453 -99 -99 -99 -99 -99 -99 -99
-99 -99 -99 -99 -99 -99 -99 -99 -99 -99 -99 -99 -0.331749121983973 -99 -99
-99 -99 -99 -99 -99 -99 -99 -99 -99 -0.318200778260003 -99 -99 -99 -99 -99
-99 -99 -99 -99 -99 -99 -99 -99 -99 -99 -99 -99 -99 -99 -2.10914058464287
-99 -99 1.69632936152329 3.21629239686529 -99 -99 0.516192932934292 -99 -99 -99 -99 -99 -99 -99 -99
-99 -99 -99 -99 -99 -1.97147432916522 -99 -99 -99 -99 -99 -99 -99 -99 -99
-99 -99 -99 -99 -99 -99 -99 1.88726475813385 -99 -99 -99 -99 -99 -99 -99
-99 -99 -99 -99 -99 -99 -99 -99 -99 -99 -99 0.401622806649984 -99 -99 -99
-99 -99 -99 -99 -99 -99 -99 -99 -99 -99 -99 -99 -99 -99 -99
-99 -99 -99 -99 0.654533224665957 -99 -99 -99 -99 -99 -99 -99 -99 -99 -99
-99 -99 -99 -99 2.2097352349211 -99 -99 -99 -99 -99 -99 1.90413410935988 -99 -99 -99
-99 -99 -99 -99 -99 -99 -99 -99 -99 -99 -99 -99 -99 -99 -99
-99 -99 0.652594323620231 -99 -99 -99 -99 -99 -99 -99 -99 -99 -99 -99 -99
-99 -99 -99 -99 -99 -99 -0.935161063532682 -99 -99 -99 -99 -99 -99 -99 -99
-99 -99 -99 -99 -0.340941459500716 -99 -99 -99 -99 -99 -99 -99 -99 -99 -99
-99 -99 -99 -99 -99 -99 -99 -99 -99 -99 -99 0.155109391677006 -99 -99 -99
-99 -99 -99 -99 -99 -99 -99 -99 -99 -99 -99 -99 -99 -99 -99
-99 -99 -99 -99 -99 -99 1.1384571497162 -99 1.8307580438871 -99 -99 -99 -99 -99 -99
-99 -99 -99 -99 -99 -99 0.262549042900821 -99 1.29374331290663 -99 -99 -99 -1.02068870162523 -99 -99
-99 -99 -99 -99 -99 -99 -99 -99 -99 -99 -99 -1.71639487621942 -99 -99 -2.09510749287943
-99 -99 -99 -99 -99 -99 -99 -99 0.0326221138745842 -99 -99 -99 -99 -99 -99
-99 -99 -99 -99 -99 -99 -99 -99 -99 -99 -99 -99 -99 -99 -99
-99 -99 -99 -99 -99 -99 -99 -99 -99 -99 -99 -99 -99 -99 -99
-99 1.54147397007299 -99 -99 -99 -99 -99 -99 -99 -99 -99 -99 -99 3.04544562244924 -99
-99 -99 -99 -99 2.47396700802612 -99 -99 -99 -99 -99 -99 -99 -99 -99 -99
-99 -99 -99 -99 -99 -99 -99 1.06296507325722 -99 -99 -99 -99 -99 -99 -99
-99 -99 -99 -99 -99 -99 -99 -99 2.65176849009946 -99 -99 -99 -99 -99 -99
-99 1.88608297347162 2.45470826825827 -99 -99 -99 -99 3.18373230758894 -99 -99 -99 -99 -99 -99 -99
-99 -99 -99 -99 -99 -99 -99 -99 -99 -99 -99 -99 -99 -99 -99
-99 -99 -99 -99 -99 -99 -99 -99 -99 -99 -99 -99 -99 -99 -99
-99 -99 -0.195626284145506 -99 -99 -99 -99 -99 -99 -99 -99 -0.724094778336321 -99 -99 -0.166796473711783
-99 -99 1.54381956587544 -99 -99 1.21971979602474 -0.173306351621773 -99 -99 -99 -99 -99 -99 -99 -99
-99 -99 -99 1.05031735318073 -99 -99 -99 -99 -99 -99 -99 -99 -99 -99 -99
-99 -99 -99 -99 -99 -99 -99 -99 -99 -99 -99 -99 -99 -99 -99
0.33469654319702 1.19246182665351 -99 -99 -99 -99 3.87612333410033 -99 -99 3.41187471292568 -99 -99 -99 -99 -99
-99 -99 -99 -99 -99 -99 -99 -99 -99 -99 -99 -99 -99 -99 -99
-99 -1.14012841208556 -99 -99 0.0329820299683257 -99 -99 -99 -99 -99 -99 -99 -99 -99 -99
-99 -99 -99 -99 -99 -99 -99 -99 -99 -99 3.23031553347092 -99 -99 -99 -99
-99 0.311907573756507 -99 -99 -99 -99 -99 -99 2.27933625008547 -99 -99 -99 -99 -99 -99
-99 -99 -99 -99 -99 -99 2.55874066577227 -99 -99 -99 -99 -99 -99 -99 -99
-99 -99 -99 -99 -99 -1.50319282582492 -99 -1.64587164621609 -99 -99 -99 -99 -0.167310116658169 -99 -99
-99 -99 -99 -99 -99 -99 -99 -99 -99 0.470736383670394 -99 -99 -99 -99 1.12268404161554
-99 -99 1.12804206742504 -99 2.21057546570251 -99 -99 -99 -99 -99 -99 -99 -99 -99 -99
-99 -99 -99 -1.74545486148787 -99 -99 -99 -99 -99 -99 1.47474787413541 -99 -99 -99 -99
-99 -99 -99 -99 1.88827249695729 -99 -99 -99 -99 -99 -99 1.461584763123 -99 -99 -99
-99 -99 -99 -99 -99 -99 -99 -99 -99 -99 -99 -99 -99 -99 -99
-99 -99 -99 -99 -99 2.72741678550901 -99 -99 -99 4.00208733568741 -99 -99 -99 -99 -99
-99 -99 -99 -99 -99 -0.122310672199139 -99 -99 -99 -99 -99 -99 -99 -99 -99
-99 -99 -99 -99 -99 -99 -99 -99 -99 -99 -99 -99 -99 -99 2.3057649317204
-99 -99 -99 -99 -99 -99 -99 -99 -99 -99 -99 -99 -99 -99 -99
-99 -99 -99 -99 -99 -99 -99 -99 -99 -99 -99 -99 0.788411211676965 -99 -99
-99 0.399273788140529 0.594688612963188 -99 -99 -0.984250167208656 -99 -99 -99 -99 -99 -99 -99 -99 -99
-99 -99 -99 -99 -99 0.412371730990228 -99 -99 -99 -99 -99 -99 -99 -99 -99
-99 -99 -99 -99 -99 -99 -99 -99 -99 -99 -99 -99 -99 -99 -99
-99 -99 -99 -99 1.30560060143748 -99 -99 -99 -99 -99 -99 -99 -99 -99 -99
3.16030846536295 0.780379959151858 -99 -99 -99 -99 -99 -99 -99 -99 -99 -99 -99 -99 -99
-99 -99 -99 -99 -99 -99 -99 -99 -0.810988463923166 -99 -99 -99 -99 -99 -99
-99 -99 -99 -99 -99 0.550767801095391 -99 1.04664192095162 -99 -99 -99 -99 -99 -99 -99
-99 -99 -99 -99 -99 -99 -99 -99 -99 -99 -99 0.177042483391042 2.52229765478663 -99 -99
-99 -99 -99 -99 -99 -99 -99 2.00833268081892 -99 -99 -99 -99 -99 -99 -99
-0.113306590288565 -99 1.30609113931294 -99 -99 -99 -99 -99 -99 -99 -99 -99 -0.0878929797897274 -99 -99
-99 -99 -99 -99 -99 -99 3.18078011286939 -99 -99 -99 -99 -99 -99 -99 -99
0.16854442251271 -99 -99 -99 -99 -99 3.09070072362333 -99 -99 -99 -99 2.35898692576336 -99 -99 -99
-99 -99 -99 -99 -99 -99 -99 -99 -99 -99 -99 -99 -99 -99 -99
-99 -99 -99 -99 -99 -99 -99 -99 -99 -99 -99 -99 -99 -99 -99
-99 -99 -99 -99 -99 -99 -99 -99 -99 -99 -99 -99 -99 -99 -99
1.5746502382215 -99 -99 -99 -99 -99 -99 -99 -99 -99 -99 -99 -99 -99 -99
-99 1.06605443804258 -99 -99 -99 -99 -99 -99 -99 -99 -99 -99 -99 -99 -99
-99 -99 -99 -99 -99 -99 -99 -99 -99 -99 0.15162335384885 -99 -99 -99 -99
-99 -99 -99 -99 -99 -99 -99 -99 -99 -99 -99 -99 -99 -99 -99
-99 -99 1.2649725005064 -99 -99 -0.267399624422429 -99 -99 -99 -99 -99 -99 -99 -99 -99
-99 -99 -99 -99 -99 -99 -99 -99 -99 -99 -99 -99 -99 -99 -99
-99 -99 -99 -99 -99 -99 -99 -99 -99 -99 -99 -99 -99 0.485628010883437 -99
-99 -99 -99 -99 -99 -99 -99 -99 -99 -99 0.682948088997342 -99 -99 -99 -99
-99 -99 -99 -99 -99 -99 -99 -99 -99 -99 -99 1.88871919957756 -99 -99 -99
-99 0.162388676352756 -99 -99 3.00560581425544 -99 -99 -99 -99 -99 -99 -99 -99 -99 -99
-99 -99 -99 -99 -99 -99 -99 0.571070828073637 -99 -99 -99 -99 -99 -99 -99
-99 -99 -99 -99 -99 -99 -99 -99 -99 -99 -99 -99 -99 -99 -99
-99 -99 -99 -99 -99 -99 -99 -99 -99 1.13314346569098 -99 -99 -99 -99 -99
-99 -99 -99 -99 -99 -99 -1.76016007155991 -99 -99 -99 -99 -99 0.0914448282568876 -0.954177950260503 -99
-99 -99 -99 -99 -99 -99 1.32695951117218 -99 1.15949688524689 -99 -99 -99 -99 -99 -99
-99 -99 -99 -99 -99 -99 -99 -99 -99 -99 -99 -99 -99 -99 -99
-99 -99 -99 -99 -99 -99 -0.141587427961565 -99 -99 -99 -99 -99 -99 -0.316075401784166 -99
-99 -99 -99 -99 -99 -99 -99 -99 -99 -99 -99 -99 -99 -99 -99
-99 -99 -99 -99 -99 -99 -99 -99 -99 -99 -99 0.197176966925417 -99 -99 -99
-99 -99 -99 0.39801704759033 -99 -99 -99 -99 -99 -99 -99 1.87711756079521 -99 -99 -99
-99 -99 -99 -99 -99 -99 0.291096769695629 -99 -99 -99 -99 -99 -99 -99 -99
-99 -99 -99 -99 -99 -99 -99 -99 -99 -99 -99 -99 -99 -99 -99
-99 -99 -0.77649024994212 -99 -99 -99 -99 -99 1.58777744775184 -99 -99 -99 -99 -99 -99
-99 -99 -99 -99 -0.108722858098323 -99 -99 -99 -99 -99 -99 -99 -99 2.78303981643651 -99
-99 3.60763362686307 -99 -99 -99 -99 -99 -99 -99 -99 -99 -99 -99 -99 -99
-99 0.880416215759477 -99 -99 -99 -99 -99 -99 -99 -99 -99 -99 -99 0.664228422377151 -99
-99 -0.000129342048214909 -99 -99 -99 -99 -99 -99 -99 -99 -99 -99 -99 -99 -99
-99 -99 -99 -99 -99 -99 -99 -99 -99 -99 -99 -99 -99 -99 -99
-99 -99 -99 -99 -99 -99 -99 -99 -99 -99 -99 -99 -99 -99 -99
-99 -99 -99 0.729320417407241 -99 -99 -99 -99 -99 -99 -99 -99 -99 -99 -99
-99 -99 -99 -99 -99 -99 -99 -99 -99 -99 -99 -1.6383935265122 -99 -99 -99
-99 -99 -99 -99 -99 -99 -99 -99 -99 -99 -99 -99 -99 -99 -99
-99 -99 -99 -99 -99 -99 -99 -99 0.486942082868691 -99 -0.204262152697344 -99 1.5396722572837 -99 -99
-99 -99 -99 -99 -99 -99 1.61756016904616 -99 -99 -99 -99 -99 -99 -99 -99
-99 -99 -99 -99 -99 -99 -99 -99 -99 -99 -99 0.424333079722527 0.863424068289161 -99 -99
-99 -99 -99 -99 -99 -99 -99 -99 -99 -99 1.02837247292615 -99 -99 -99 -99
-99 -99 -99 -99 -99 2.39734868873508 -99 -99 -99 -99 -99 -99 2.07416251811022 -99 -99
-99 -99 -0.718233236727879 -99 -99 -99 -99 -99 -99 -99 -99 -99 -99 -99 -99
-99 -99 -99 -99 -99 -99 -99 -99 1.30555722219134 -99 -99 2.54465776451931 1.60827156803998 -99 2.02646284061384
-99 -99 -99 -99 -99 -99 -99 -99 -99 -99 -99 -99 -99 -99 -99
-99 -99 -99 -99 -99 -0.236336803346351 -99 -99 -99 -99 -99 -99 0.717731500485149 -99 -99
-99 -99 -99 -99 -99 -99 -99 -99 -99 -99 -99 -99 -99 -99 -99
-99 -99 -99 -99 -99 2.58890188500135 -99 -99 -99 -0.809207585902759 -99 -99 -99 -99 -99
-99 -99 -99 -99 -99 1.29709904057895 -99 -99 1.23087161818001 -99 -99 0.488124447787033 0.252213916660617 -99 -99
1.3190869120237 -99 1.35548187562645 -99 -99 -99 -99 -99 -99 -99 -99 -99 -99 -99 -99
-99 -99 -99 -99 -2.13612050737923 -99 -99 -99 -99 -1.36932210008927 -99 0.562710691454986 -99 -99 -99
-99 -99 -99 -99 -99 -99 -99 -99 0.0733712214182899 -99 -99 -99 -99 -99 -99
-99 -99 -99 -99 -99 -99 -99 -99 -99 -99 -99 -99 -99 -99 1.56157986764208
-99 -99 -99 -99 -99 2.95204330455228 -99 -99 -99 -99 -99 -99 -99 -99 -99
-99 -99 -99 -99 3.37609541486243 -99 -99 -99 3.67865640704313 -99 3.14486446399973 -99 -99 -99 -99
-99 -99 -99 3.3751826789105 -99 -99 -99 -99 -99 3.1876282713788 -99 -99 -99 -99 -99
-99 -99 -99 -99 -99 -99 -99 -99 -99 -99 -99 -99 -99 -99 -99
-99 -99 -99 -99 -99 -99 -99 -99 -99 -99 -99 -99 -99 -99 -99
-99 -99 -99 -99 0.590900869936524 -99 -99 -99 -99 -99 -99 -99 -99 -99 -99
-99 -99 3.40208836453485 -99 -99 -99 -99 -99 -99 -99 -99 2.76621595235807 -99 -99 -99
-99 -99 -99 2.0038216008589 -99 1.34500512615537 -99 -99 0.0681734172511841 0.0301166579435558 -0.463677510479019 -99 -99 -99 -99
-99 -99 -99 -99 -99 -99 -99 -99 -99 -99 -99 -99 -99 -99 -99
-99 -99 1.44663823051019 -99 -99 -99 -99 1.85390820232571 -99 -99 -99 0.89929863377012 -99 -99 -99
-99 -99 -99 -99 -99 -99 -99 -99 -99 -99 -99 -99 -99 -99 -99
-99 -99 -99 -99 -99 -99 -99 -99 -99 2.42021835393265 1.50232121999618 -99 -99 -99 1.06625558884536
-99 -99 -99 0.883428471455239 -99 -99 -99 -99 -99 -99 -99 -99 -99 -99 -99
-99 -99 -99 -99 -99 -99 -99 -99 -99 -99 1.85101982718291 -99 -99 -99 -99
-99 -99 -99 -99 -99 -99 -99 -99 -99 -99 -99 1.53392466426663 -99 -99 -99
-99 -99 -99 -99 -99 -99 -99 -99 -99 -99 -99 -99 -99 1.25010173384098 -99
-99 -99 -99 -99 -99 -99 -99 -99 -99 -99 -99 -99 -99 2.39493906552454 -99
-99 -99 -99 -99 -99 -99 -99 -99 -99 -0.514406890591636 0.0121718434505173 2.35762150433223 -99 -99 -99
-99 -99 -99 -99 -99 -99 -99 -99 -99 -99 -99 -99 -99 -99 -99
-99 -99 -99 -99 -99 -99 -99 -99 0.894871337755925 -99 -99 -99 1.03880439659522 -99 -99
-99 1.69184574596947 -99 -99 -99 -99 -99 -99 -99 -99 0.452253967427317 -99 -99 0.795898513093818 -99
-99 -99 -99 -99 2.49318367802539 -99 -99 -99 -99 -99 2.16414533304413 -99 -99 -99 -99
-99 -99 -99 -99 -99 -99 0.0493990525513108 -99 -99 -99 -99 2.22572351885002 -99 -99 2.74039233549811
-99 -99 1.71868293225413 0.726786652843531 -99 -99 0.647174506575598 -99 -99 -99 -2.32018159762776 -99 -99 -99 -0.823827009676513
-99 -99 -99 -99 -99 -99 -99 -99 -99 -99 -99 -99 -99 -99 -99
-99 -99 -99 -99 -99 -99 -99 -99 -99 -99 -99 -99 -99 -99 -99
-99 -99 -99 -99 -99 -99 -99 -99 -99 -99 -99 -99 -99 -99 -99
-99 -99 -99 2.26506230375056 -99 -99 -99 -99 -99 -99 -99 -99 -99 -99 -99
-99 -99 -99 -99 -99 -99 -99 -99 -99 -99 -99 -1.78606288479374 -99 -99 -1.32414351351977
-99 -99 -99 -99 -99 -99 -99 -0.556371486215136 -99 0.150473829952048 -99 -99 -99 -99 -99
-99 -99 -99 -99 -99 -99 2.98404301220547 -99 2.69572307474417 -99 -99 -99 3.13145152251272 -99 -99
1.46218570116845 -99 -99 -99 -99 -99 -99 -99 -99 -2.12342236531706 -99 -99 -99 -99 -99
-99 -99 -99 -99 -99 -99 -99 -99 2.12734627074014 -99 -99 -99 -99 -99 0.441139861078274
-99 -99 -99 -99 -99 1.62537399823083 -99 -99 -99 -99 -99 -99 -99 -99 -99
-99 -99 1.08959362837115 0.0974943309445295 -99 -99 -99 -99 -99 -99 -99 -99 -99 -99 1.29796868626693
-99 -99 -99 -99 -99 -99 -0.543338719289692 -99 -99 -99 0.128789228150456 -99 -99 -99 -99
-99 -99 -99 -99 -99 -99 -99 -99 -99 -99 -99 -99 -99 -99 -99
-99 -99 -99 3.39847248619497 -99 -99 -99 -99 -99 -99 -99 -99 0.789673702380048 -99 -99
-99 -99 -99 -99 -99 -99 -99 -99 -99 0.784233213747986 -99 -99 -99 -99 -99
-99 -99 -99 -99 -99 -1.17375703377098 -99 0.803106209320693 -99 -0.759030508358012 -99 -99 -99 -99 -99
-99 -99 -99 -99 -99 -99 -99 -99 -99 -99 -99 -99 -99 -99 -99
-99 -99 -99 -99 -99 -99 -99 -99 -99 -99 -99 -99 -99 -99 -99
-99 -99 -99 -99 -99 -99 -99 -99 -99 -99 -99 -99 -99 -99 -99
-99 -99 -99 -99 -99 -99 -99 -99 -99 -99 -99 -99 -99 -99 -99
-99 -99 -99 -99 -99 -99 -99 -99 -99 -99 2.3053295047321 -99 -99 -99 -99
-99 -99 -99 -99 1.33435851958914 -99 -99 -99 -99 -99 -99 -99 -99 -99 -99
1.50077192421026 -99 -99 -99 -99 -99 -99 -99 -99 -99 0.977439934464683 -99 -99 -99 1.86596677827137
-99 -99 -99 -99 -99 -99 -99 -99 -99 0.638350163396507 -99 -99 -99 -99 -99
-99 -99 -99 -99 -99 -99 -99 -99 -99 -99 -99 -99 2.5478645841947 -99 -99
-99 -99 0.0553919133710663 0.0969989818925643 -99 -99 -99 -99 -99 -0.180117991964247 -99 -99 -99 -99 -99
-99 -99 -99 -99 -99 -99 2.25355063183987 -99 -99 -99 -99 -99 -99 -99 -99
-99 -99 -99 2.58273686051371 -99 -99 -99 -99 -99 0.0829281251281232 2.12997673712334 -99 -99 -99 -99
-99 -99 -99 -99 -99 -99 -99 -99 -99 -99 -99 -99 -99 -99 -99
-99 -99 1.01792277252888 -99 -99 -99 -99 -99 -99 -99 -99 -99 -99 0.820435382982346 -99
-99 -99 -99 -99 -99 -99 -99 -99 -99 -99 -99 -99 -99 -99 -99
0.217206606386801 -99 -99 -99 -99 -99 -99 -99 -99 -99 -99 -99 1.823503373854 -99 -0.321223995733868
-99 -99 -99 -99 -99 -99 -99 -99 -99 -99 -99 -99 -99 0.782015664564478 -99
-99 -99 -99 -99 -99 -99 1.76270248536331 -99 -99 -99 -99 -99 -99 -99 -99
-99 -99 -99 -99 -99 -99 -99 -99 -99 -99 -99 -99 -99 -99 -99
-99 -99 -99 -99 -99 -99 -99 -99 -99 -99 -99 -99 -99 -99 -99
2.24355670406371 -99 -99 -99 0.831620769587133 -99 -99 -99 -99 -99 -99 -99 -99 -99 -99
-99 -99 -99 -99 -99 -99 1.07905743364808 -99 -99 -1.0030365206352 -99 -99 0.792100324655822 -99 -99
-99 -99 -99 -99 -99 -99 -99 -99 -99 -99 -99 -0.267062699820393 -99 -99 -99
-99 2.6496830674025 -99 -99 -99 -99 -99 -99 -99 -99 -99 -99 -99 -99 -99
-99 -99 -99 -99 -99 -99 -99 -99 -99 -99 -99 -99 -99 -99 -99
0.459658371909401 -99 -99 -99 -99 -99 -99 2.79768109832171 1.05501820220767 -99 -99 -99 -99 -99 -99
-0.423372391456547 -99 -99 -99 -99 -99 -99 -99 -99 -99 -99 -99 -99 -99 -99
-99 -99 -99 -99 -99 -99 -99 -99 -99 -99 -99 -0.980707829639094 -99 0.597030021574654 -99
-99 -99 -99 -99 -99 -0.0220091075703364 -99 -99 -99 -99 -99 -99 -99 -99 -99
-99 -99 -2.8449233274342 -99 -1.63836986367597 -1.22551174153745 -99 -99 -99 -99 -99 -99 -99 -99 -99
-99 0.328613432154166 -99 -99 -99 -99 -99 -99 -99 -1.14849008069267 -99 -99 -99 -99 -99
-99 -99 -99 -99 -99 -99 -0.380782348205113 -99 -99 -99 -99 -99 0.13107606480489 -99 -99
-99 2.44447270309848 1.21427173947265 -99 -99 -99 -99 -99 0.529809344607099 1.39030313690035 -99 -99 -99 -99 -99
-0.25898303695226 -99 -99 -99 0.509482853490948 -99 -99 -99 -99 -99 -99 -99 -99 1.13991031262408 -99
