-99 -99 -99 -99 -99 -99 -99 -99 -99 -99 -99 -99 -99 -99 -99
-99 -99 -99 -99 1.39671830066361 -99 -99 -99 -99 -99 -99 -99 -99 -99 -99
-99 -99 -99 -99 0.678114704345021 -99 -99 -99 -99 -99 -99 -99 -99 -99 -99
-99 -99 -99 -99 -99 -99 -99 -99 1.20140329726979 1.13833163532771 -99 -99 -99 -0.0994659166749168 -99
-0.0808831434316009 -99 -99 -99 -99 -99 -99 -99 -99 -99 -99 -99 -99 -99 -99
-99 -99 -99 -99 -99 -99 -0.373162074583099 -99 -99 -99 -99 -99 -99 -99 -99
2.40152715338701 -99 -99 -99 -99 -99 -99 -99 -99 -99 -99 -99 -0.347721727712062 -99 -99
-99 -99 -99 -99 -99 -99 -99 -99 -99 -99 -99 -99 -99 -99 -99
-99 -99 -99 -99 -99 -99 -0.531391850174284 -99 2.9914124212605 -99 -99 -99 -99 -99 -99
-99 -99 -99 -99 -99 -99 -99 0.582927743837012 -99 -99 -99 -99 -99 -99 -99
-99 -99 -99 -99 -99 -99 -99 -99 -99 -99 -99 4.62274674405837 -99 -99 -99
1.94041392648594 -99 -99 -99 -99 -99 -99 -99 -99 1.36739758207953 -99 -99 -99 -99 -99
-0.725288475747871 -99 -99 -99 -99 -99 0.00189148695839414 -99 -99 -99 -99 -99 -99 -99 -99
-99 -99 -99 -99 -99 -99 -99 -99 -99 1.33748451781635 -99 -99 -99 -99 0.662730135983063
-99 -99 -99 -99 -99 -99 -99 -99 1.46977373638307 -99 -99 -99 -99 -99 -99
-99 -99 -99 -1.37480885364478 -99 -99 -99 -99 -0.0416533904114902 -99 -99 -99 -99 -99 -99
-99 -99 -99 -99 -99 -99 -99 -99 -99 -99 -99 -99 -99 -99 -99
-99 -99 -99 -99 -99 -99 -99 -99 -99 -99 -99 -99 -99 -99 -99
-99 -99 -99 -99 -1.24439746170772 -99 -99 -99 -99 2.76002560226494 -99 -99 -99 -99 -99
-99 -99 -99 -99 1.09157064964251 -99 -99 -99 -99 -99 -99 -99 -99 -99 -99
-99 -99 -99 -99 -99 -99 -99 -99 -99 0.114721896577346 -99 -99 -99 -99 -99
-99 -99 -99 -99 -99 -99 -99 -99 -99 -99 -99 -99 0.721117681345646 -99 -99
-99 -99 0.960150372106178 -1.08989214828338 -99 -99 -99 -99 -99 -99 0.48995491171448 -99 -99 0.441551672053484 -99
2.52874858937979 -99 -99 -99 -99 -99 -99 -99 -99 -99 -99 -99 -99 -99 -99
-99 -99 -99 -99 -99 -99 -99 -99 -99 -99 -99 -1.41858433031735 -99 -99 -99
-99 -99 -99 -99 -99 -99 -99 -99 -99 -99 -99 -99 -99 -1.37234663465682 2.03079154321877
2.83691041659144 -99 -99 -99 -99 -99 -99 -99 -99 -99 -99 -99 -99 -99 -99
-99 -99 -99 -99 -99 -99 -99 -99 -99 3.73853605931232 -99 -99 -99 -99 1.8268651029293
-99 -99 -99 -99 2.88742118015062 -99 1.36784678683327 -99 4.65395120921583 -99 -99 -99 -99 -99 -99
0.516237633388305 -0.964784891553397 -99 -99 -99 -99 -99 -99 -99 -99 -99 -99 -99 -99 -99
-99 -99 -99 -99 -99 -99 -99 -99 -99 -99 -99 -99 -99 -99 -99
-99 -99 -99 -99 -99 -99 -99 -99 -99 -99 -99 -99 -0.515861937288714 -99 -99
-99 1.96972042194903 -1.99427288619805 -99 -99 -99 -99 -0.804423356753826 -99 -99 -99 -99 -99 -99 -99
-99 -99 -99 -99 -99 -99 -99 -99 -99 -99 -99 -99 -99 -99 -99
-99 -99 -99 -99 -99 -99 -99 -99 -99 -99 -99 1.97145903162406 -99 -99 -99
-99 -99 -99 -99 -99 -99 -99 -99 -99 1.7288923452953 -99 -99 0.732166455798924 -99 -99
-99 -99 -99 -99 -99 -0.485519721487149 2.79924548356181 -0.738042598790157 -99 -99 -99 -99 -99 -99 -99
-99 -99 -99 -99 -99 -99 -99 -99 -99 -99 2.84709863026808 -99 1.33758581505018 -99 -99
-99 -99 -99 -99 -99 -99 -99 -99 -99 -99 -99 -99 3.27138512871062 -99 -99
-99 -99 -99 -99 -99 -99 -99 -99 -99 -99 -99 -99 -99 -99 -99
-99 -99 -99 -99 -99 -99 -99 -99 -99 -99 -99 -99 -99 -99 -99
-99 -0.0477580621176248 -99 -99 -99 -99 0.175745403163951 -99 0.727909929087595 -99 -99 -99 -99 -99 -99
-99 -99 -99 -99 -99 -99 -99 -99 -99 -99 -99 1.05406676915625 -99 -99 -99
-99 0.930615427371072 -99 -99 -99 -99 -99 -99 -99 0.983134471106208 -99 -99 -99 -99 -99
-99 -99 -99 -99 -99 -99 -99 -99 -99 -99 -99 -99 -99 -99 -99
-99 -99 -99 2.59110691584759 -99 -99 2.28647127859977 -99 -99 1.12053143796332 -99 2.01014091718867 -99 -99 -99
-99 -99 -99 -99 -99 -99 -99 -99 2.28116225878247 -99 1.71834060342927 -99 -99 -99 -99
1.53971482433896 -99 -1.38755012493492 -99 -99 -99 -99 -99 -99 -99 -99 -99 -99 -99 -99
2.01716002208156 -99 0.0790519316674273 1.1454053087832 -99 -99 -99 -99 -99 -99 -99 -99 -99 -99 -99
-99 -2.32145440827767 -99 -99 -99 -99 -99 -99 -99 -99 1.07680257683425 -99 -99 -99 -99
-99 -99 -99 -99 2.22080293055698 -0.283038239563959 -99 -99 -99 1.22146867054148 0.0782295078200768 0.668950909271108 -99 -99 1.40867821596555
-99 -99 -99 -0.648833506971621 -99 -99 -99 2.20370111545712 -99 -99 -99 0.887209190433503 -99 -99 -99
-99 -99 -99 -99 -0.64000852322289 -99 -99 -99 -99 -99 -99 -99 0.567231113953598 -99 -99
-99 -99 -99 -99 -99 -99 -99 -99 -99 -99 -99 -99 -99 -99 -99
1.12590840657754 2.48593805764793 -99 -99 -99 -99 -99 -99 -99 -99 -99 -99 1.98248675537229 -99 -99
-99 -99 -99 -99 -99 -99 -99 -99 -99 -99 -99 -99 -99 -99 -99
-99 -99 -99 -99 -99 -99 -99 -99 -99 0.636599670838002 -99 -99 -99 0.764223535085505 -99
-99 -99 -99 -99 -99 -99 -99 -99 -0.250978775712158 -99 -99 -99 -99 -99 -99
-99 -99 -99 -99 -99 0.136036313066118 -99 -99 -99 -99 -99 0.537995169415902 -99 2.0292183267397 -99
-99 -99 -99 -99 -99 -99 -99 -99 -99 -99 -99 -99 -99 -99 -99
-99 -99 -99 -99 -99 -99 -99 -99 -99 -99 -99 -99 -99 -99 -99
-99 -99 -99 -99 -99 -99 -99 -99 -99 0.601546979857357 -99 -99 0.38685801060327 -99 -99
-99 -99 -99 -99 -99 4.38838507179955 -99 -99 2.46995965951055 -99 3.70690195976171 -99 2.20270454659238 -99 -99
-99 1.52627177073634 -99 0.76915576483225 -99 -99 -99 -99 -99 -99 -99 -99 -99 -99 -99
-99 -99 -0.184449412480162 -99 -99 1.6953260078379 -99 2.48176814983156 -99 -99 -99 -99 2.3363134106124 -99 -99
-99 -99 -99 -99 -99 -99 -99 -99 -99 -99 -99 -99 -99 -99 -99
-99 -99 -99 -99 -99 -99 -99 -0.243005438003763 -99 -99 -99 -99 -99 -99 -99
-99 -99 -99 -99 -99 -99 -99 -99 -99 -99 -99 -99 -99 -99 -99
-99 -99 -99 -99 -99 -99 -99 -99 -99 -99 -99 -99 0.72487770463237 -1.09004438103748 -99
-99 -99 -99 -99 -2.82251258400529 -99 -99 -99 -99 -99 -99 -99 -99 -99 -99
-99 -99 -99 -99 -99 -99 -99 3.20178140326209 -99 -99 -99 -99 -99 -99 -99
-99 1.91500890052662 -99 -99 -99 -99 -99 -99 -99 -99 -99 -99 -99 -99 -99
-99 -99 -99 -99 -99 -1.51861685139677 -99 -99 -99 -99 -2.8968763615994 -99 -99 -99 -99
-99 -99 -99 -99 -99 -99 -99 -99 -99 -99 -99 -99 -99 -99 -99
-99 -99 -99 -99 -99 -99 -99 -99 0.516828909075755 -99 -99 -99 -0.739051192241574 -99 -99
-99 -99 -99 -99 -99 -99 -99 -99 -99 -99 -99 -99 -99 -99 -99
-99 -99 -99 -99 -99 -99 -1.10264532958576 -99 -99 -99 2.54990500337947 -99 -99 -99 -99
-99 -99 -99 -99 -99 -99 -99 -99 1.89493842065496 -99 -99 -99 -99 -99 -99
-99 -0.298632998024998 -99 -99 -99 -99 -99 -99 -99 -99 -99 -99 -99 -99 -99
-99 -99 -99 -99 -99 -99 -99 -99 -0.572896141848882 -99 -99 -99 -99 -99 -99
-99 -99 -99 -99 0.861051882509531 -99 -99 -99 -99 0.757970757714461 -99 -99 -0.0968988979093304 -99 -99
-99 -0.155574309035664 -99 -99 -99 -99 -99 -99 -99 -99 -99 -99 -99 -99 -99
-99 -99 -99 -99 -99 -99 -99 -99 -99 -99 -99 -99 -99 -99 -99
-99 -99 -99 -99 -99 -99 -99 -99 -99 -99 -99 -99 -99 -99 -99
-99 -99 -99 -99 0.645986719896295 -99 -99 -99 -99 -99 -99 -99 -99 -99 -99
-99 -99 -1.27199421449574 -99 -99 -99 -2.08340132248741 -99 -1.71146355401544 -99 -99 -0.79084526894379 -99 -99 -99
-99 -99 -99 -99 -99 -99 -99 1.35501831820483 -99 -99 -99 -99 -99 -99 -99
2.13755717732956 0.115663273475999 -99 -99 -99 -99 -99 -99 -99 -99 -99 -99 -99 -99 -99
-99 -99 1.96539898204614 -99 -99 -99 -99 1.82568413712128 -99 -99 -99 -99 -99 -99 2.11279684232828
-99 -99 -99 -99 -99 -99 -99 -99 -99 -99 -99 -99 -99 -99 -99
-99 -99 -99 -99 -99 -99 -99 -99 -99 -99 -99 -99 -99 -99 -99
-99 -99 -99 -99 -99 -99 -99 -99 -99 -99 -99 -99 -99 -99 -99
-99 -99 -99 -99 -99 -99 -99 -1.27929295779409 -99 -99 -99 -99 -99 -99 -99
-99 0.0656289565582575 -99 -99 -99 -99 -99 -99 -99 -1.68445977951011 -99 -99 -0.389608912931523 -99 -99
0.00953507681975341 -99 -99 0.862137185160475 -99 -99 -99 -99 1.07606336459801 0.0787220364709527 -99 0.164464997370347 -99 -99 -99
-99 -99 -99 -99 -99 -99 -99 4.6114825485735 -99 3.25854311281058 -99 -99 -99 4.48760105854053 -99
-99 -99 -99 -99 -99 -99 -99 -99 -99 -99 -99 -99 2.21796242931498 -99 -99
-99 -99 -99 -99 -99 -99 -99 -99 -99 -99 -99 -99 -99 -99 -99
-99 -99 -99 -99 -99 -99 -99 -1.1638457345788 -99 1.69475993932787 -99 -99 2.25843199862517 -99 1.76779107716983
-99 -99 -99 -99 -99 -99 -99 -99 -99 -99 -99 -99 -99 -99 -99
-99 -99 -99 -99 -99 -99 -99 -99 -99 -99 -99 -99 -99 -99 -99
-99 1.64164214414053 -99 -99 -99 -99 0.681010132726539 -99 -99 -99 -99 -99 -99 -99 -99
-99 -99 -99 -99 -99 -99 -99 -99 -99 -99 -99 -99 -1.63904175184002 -99 1.00443190859982
-99 -99 -99 -99 -99 -99 -99 -99 -0.414682865802393 -99 -99 -99 0.041194626526695 -99 -99
-99 -99 -99 -99 -99 -99 -99 -99 1.21636568021838 -99 -99 -99 0.489394176148578 -99 -99
-99 -99 -99 -99 2.56126322144413 -99 -99 -99 -99 -99 -99 -99 -99 -99 -99
-99 -99 -99 -99 -99 -99 -99 -99 -99 -99 -99 -99 -99 -99 -99
-99 -99 -99 -99 -99 -99 -99 -99 -99 -99 -99 -99 -99 -99 -99
-99 -99 -99 -99 -99 -99 -99 -99 -99 -99 1.5386797073394 1.67114381474784 -99 0.302803843980393 -99
-99 -99 -99 -99 -99 -99 0.666936114464409 1.5898088987521 -99 -99 -99 -99 -99 -99 -99
-99 -99 -99 -99 -99 -99 -99 0.325062469398637 -99 -99 -99 -99 -99 -0.302143774053672 -99
-99 -99 -99 -99 -99 -99 1.25611674259024 -99 -99 -99 1.4352649801478 -0.170123391579942 -99 -99 -99
-99 3.51010721352106 -99 -99 -99 2.56594652555339 -99 -99 -99 -99 -99 -99 -99 -99 -99
-99 -99 -99 -99 -99 -99 -99 -99 -99 -99 -99 -99 -99 -99 -99
-99 -0.217557453644315 -99 -99 -2.38800641839832 -99 -0.471481188749252 -99 -99 2.57366112654396 -99 -99 -99 -99 -99
-99 -99 -99 -99 -99 -99 -99 -99 -99 0.83103814081763 -99 -99 -99 -99 -99
-99 -99 -99 -99 -99 -99 -99 -99 1.41392291799812 -99 1.3872608149172 -99 2.42168511314496 -99 -99
-99 -99 -99 -99 -99 1.82584516229805 -99 -0.137705765895611 -99 -99 -99 -99 -99 -99 -99
-99 -99 -99 -99 -99 -99 -99 2.04066825713581 -99 -99 -99 -99 -99 -99 -99
-99 -99 -99 -99 -99 -99 -99 3.70611578765534 -99 -99 -99 -99 -99 -99 -99
-99 -99 -99 -99 -99 -99 -99 -99 -99 -99 -99 -99 -99 0.241916458327732 -99
-99 -99 0.963967788961443 -99 -99 -99 -99 -99 -99 -99 -99 -99 -99 -0.582204828400308 -99
-99 -99 -99 0.362776462387613 -99 -99 -99 -99 -99 -0.533597069385164 -99 -99 -99 -99 -99
-99 -99 -99 -99 -99 -99 1.3909981645763 -99 -99 -99 -99 -99 -99 -99 -99
-99 -99 -99 -99 -99 -99 -99 -99 1.03811432479231 -99 -99 -99 -99 -99 -99
-99 -99 -99 -99 -99 -99 -99 -99 -99 -99 -99 -99 -99 -99 -99
-99 -99 -99 -99 -0.0452493421037978 -99 -99 -99 -99 -99 -99 -99 -99 -99 -99
-99 -99 -99 -99 -99 -99 -99 -99 -99 -99 -99 -99 -99 2.73839361418211 -99
-99 -99 -99 -99 -99 0.885835438199959 -99 -99 -99 -99 -99 -99 -99 -99 -99
-99 -99 -99 -99 -99 -99 -99 -99 -99 0.175378313585011 -99 -99 -99 -99 -99
-99 -99 -99 -99 -99 -99 -99 -99 -99 -99 -99 -99 -99 -99 0.615380215060725
-99 -99 -99 -99 -0.574740412605593 -99 -0.15973722046141 -99 -99 -99 0.17961749149923 -99 -99 -99 -99
1.86924257098733 -99 -99 -99 -99 -99 -99 -99 -99 1.87416874333533 -99 -99 -99 -99 -99
-99 -99 -99 -99 -99 -99 -99 -99 -99 -99 -99 -99 -99 -99 -99
-99 -99 -99 -99 -99 -99 -99 -99 1.37931446896845 -99 3.24108424984364 -99 -99 -99 -99
-99 -99 -99 -99 -99 -99 -99 -99 -99 -99 -99 -99 1.72093462700418 -0.120296713616546 -0.811830825152322
-99 -99 -99 -99 -99 1.00374703780287 -99 -99 -99 -99 -99 -99 -99 -99 -99
-99 -99 -99 -99 -99 -99 -99 -99 -99 -99 -99 -99 -99 -99 -99
-99 -99 -99 -99 -99 2.27552394234674 -99 -99 -99 -99 1.29294256232263 -99 -99 -99 1.45558904820577
-99 -99 -99 -99 -99 -99 -99 -99 -99 -99 -99 -99 -99 -99 -99
-99 -99 -0.448321315424185 -99 -99 -99 -99 -99 -99 -99 -99 -99 -99 -99 -99
-99 -99 -99 -99 -99 -99 -99 0.656698583281852 -99 -99 -99 -99 -99 -99 -99
-99 -99 -99 -99 -99 -99 -99 -99 -99 -99 -99 -99 -99 -99 -99
-99 1.69466248862119 0.572258986832868 -99 -99 -99 -99 -99 -99 -99 -99 -99 -99 -1.14026267915605 -99
-99 -99 -99 -99 -99 -99 -99 -99 -99 -99 -99 -99 -99 -99 -99
-99 -99 -99 -99 -99 0.933371105155147 -99 -99 -99 -99 -99 -99 -99 -99 -99
-99 -99 -99 -99 2.76022971908112 -99 -99 -99 -99 -99 -99 -99 -99 -99 -99
-99 -99 -99 -99 -99 -99 -99 -99 2.60154373022589 -99 -99 -99 -99 -99 -99
-99 -99 -99 -99 -99 -99 -99 -99 -99 -99 -99 -99 -99 -99 -99
-99 -99 -99 -99 -99 -99 2.92723580596491 -99 -99 -99 -99 -99 -99 -99 -99
-99 -99 -99 -99 -99 -99 -99 1.82753549195334 -99 -99 -99 -99 -99 -99 -99
-99 -99 -99 -99 -99 -99 -99 -99 -99 -99 -99 -99 -99 -99 -99
-99 -99 -99 -99 0.793957786095444 -99 -99 -99 -99 -99 -99 -99 1.64202817696989 -99 -99
-99 -99 -99 -99 -99 -99 -99 -99 -99 -99 -0.47535159852903 -99 -0.192023888317801 -99 -99
-99 -99 -99 -99 -99 -99 -99 1.79526826949901 -99 -99 -99 -99 -99 -99 -99
-99 -99 -99 -99 -99 -99 -99 -99 -99 -0.818946843722064 -0.721742522917953 -99 -99 -99 -99
-99 -99 -99 -99 -99 -99 -99 -99 -99 -99 -99 -99 -99 -99 -99
-99 -99 -99 -99 -99 -99 -99 -99 -99 -99 -99 -99 -99 -99 -99
-99 -99 -99 -99 -99 -99 -99 -99 -99 -99 -99 -99 -99 -99 -1.43583828859171
-99 -99 -99 -99 -99 -99 -99 -99 -99 -99 -99 -99 -99 -99 -99
-99 -99 -99 -99 -99 -99 -99 -99 -0.264493811875507 -99 1.49782621601776 -99 -99 -1.41544438176575 -99
0.713491343236908 -99 -99 -99 -99 -99 -99 -99 1.90219383694251 -99 -99 -99 -99 -99 -99
0.015985685245492 -99 -99 -99 0.526473852720144 -99 -99 -99 -99 -99 -99 -99 -99 -99 0.0243582366972167
-99 -99 -99 -99 -99 -99 -99 -99 -99 -99 -99 -99 -99 -99 0.482141227034581
-99 -99 -99 -99 -99 -99 -99 -99 -99 -99 -99 -99 -99 -99 -99
-99 0.06554382149876 -99 -99 0.756894771559354 -99 -99 -99 -99 -99 -99 -99 -99 -99 -99
-99 2.72203037977076 -99 -99 -99 -99 -99 -99 -99 -99 -99 -99 -99 -99 -99
-99 -99 -99 2.89232344484699 -99 -99 -99 4.71121621811158 -99 -99 -99 -99 -99 -99 -99
-99 -99 -99 -99 -99 -99 -99 -99 -99 -99 -99 0.50623750817492 -0.122124146247358 -99 -99
-99 -99 -99 -99 -99 -99 -99 -99 -99 -99 -99 -99 -99 -99 -99
-99 -99 -99 1.7735061256301 -99 -99 -99 -99 2.21836931236101 -99 -99 -99 -99 -99 2.02501636690839
-99 -99 -99 -99 -99 -99 -99 -99 -99 -99 -99 -99 -99 -99 -99
1.83540931375233 -99 -99 -99 -99 -99 -99 -99 -99 -99 -99 -99 -99 -99 -99
-99 -0.206590640003119 -99 -99 0.786316795595749 -1.19521660981036 -99 0.0564725611449683 -99 -99 -99 0.861256302827001 -99 -99 -99
-99 -99 -1.13787714115548 -99 -99 -99 -99 -99 -99 -99 -99 -99 -99 -99 -99
-99 -99 0.188160269029853 -99 -99 -99 -99 -99 -99 -99 -99 -99 -99 -99 -99
-99 1.32314070968911 -99 1.06802357625181 -99 -99 -99 -99 -99 -99 -99 1.49730631411371 -99 -99 -99
-99 1.87152851698342 -99 -99 -99 -99 -99 -99 -99 -99 -99 3.19171737952177 -99 -99 -99
-99 -99 -99 -99 -99 -99 -99 -99 -99 -99 -99 -99 -99 -99 -99
-99 -99 -99 -99 -99 -99 2.68841652173608 -99 -99 -99 -99 -99 -99 -99 -99
-99 -99 -99 -99 -99 -99 -99 -99 -99 -99 -99 -99 1.74993810301118 -99 -99
-99 2.2133131139497 -99 -99 -99 -99 -99 0.641589717795584 -99 -99 -99 -99 -99 -99 -99
-99 -99 -99 -99 -99 -99 -99 -99 -99 -99 -99 -99 -99 -99 -99
-99 -99 -99 1.88674928360139 -99 -99 -99 -99 -99 -99 -99 -99 1.86257264750846 -99 -99
-99 -99 -99 -99 -99 -99 -99 -99 -99 -99 -99 -99 -99 -99 -99
-99 -99 -99 -99 -99 -99 -99 -99 -99 -99 -99 -99 -99 -99 -99
-99 -99 -99 2.10468529424184 -99 -99 -99 -99 -99 -99 2.01111300593651 -99 -99 -99 -99
-99 -99 -99 -99 1.06914051319921 -99 -99 1.23710709452541 -99 3.15231741009756 -99 -99 -99 -99 -99
-99 -99 -99 -99 -99 -99 0.404476052847625 -99 -99 -99 -99 -99 -99 -99 -99
1.34696594638773 -99 -99 -99 -99 -99 -99 -99 -99 -99 -99 -99 -99 -99 -99
1.86560647031775 -99 -99 -99 -99 -99 -99 -99 -99 -99 -99 -99 0.118945129608039 -99 -99
0.384995948778038 -99 -99 -99 -99 1.73334761826015 -99 -99 -99 -99 1.4500129864423 -99 -99 -99 -99
-99 -99 -99 -99 -99 -99 -99 -99 -99 -99 -99 -99 -99 -99 -99
-99 -99 -99 -99 -99 -99 1.79578043609433 -99 -99 2.15851093700644 -99 -99 -99 -1.05384430143045 -99
1.55632918070645 1.27424281821996 -99 -99 -99 -99 -99 -99 -99 -99 -99 1.45040875037774 -99 -99 -99
0.522323039921121 -99 -99 -99 -99 -99 -99 -99 -99 -99 -99 -99 2.31824451400474 -99 -99
-99 -99 -99 -99 -99 -99 -99 -99 -99 -99 -99 -99 -99 -99 -99
-99 -99 -99 -99 -99 -99 -99 -99 -99 -99 -99 -99 -99 -99 -99
-99 -99 -99 -99 -99 -99 -99 -99 -99 -99 -99 -99 -99 -99 -99
-99 -99 -99 -99 -99 -99 -99 -99 -99 -99 -99 -99 -99 1.99130095744455 -99
-99 -99 -99 -99 -99 -99 -99 -99 -99 -99 -99 -99 -99 -99 -99
-99 -99 -99 -99 -99 -99 -99 -99 -99 1.77721791178987 -99 -99 -99 -99 -99
-99 -99 -99 -99 -0.709625014236608 -99 -99 -99 -99 -99 -99 -99 -99 -99 -99
-99 -99 -99 -99 -99 -99 -99 -99 -1.24019214119797 -99 -99 -99 -99 -99 -99
-99 -99 0.325572193585774 -99 -99 -99 -99 -99 -99 -99 -99 -99 -99 -99 -99
-99 -99 -99 1.61707068635683 -99 -99 -99 -99 -99 -99 -99 -99 -99 -99 -99
-99 -99 -99 -99 -99 -99 -99 -99 -99 -99 -99 -99 -99 -99 -99
-99 -99 -99 2.93043011122205 -99 -99 -99 -99 -99 -99 -99 -99 1.11854784754792 -99 -99
0.633002952597038 -99 -99 -99 -99 1.06171931023758 -99 -99 -99 -99 -99 -99 -99 -99 2.25320710056176
-99 -99 -99 -99 -99 -99 -99 -99 -99 -99 1.9466388427135 -99 1.81665575295604 0.89372936849546 -99
-99 -99 -99 -99 -99 -99 -99 -99 -99 -99 -99 -99 -99 -99 -99
-99 -99 -99 -99 -99 -99 -99 -99 -99 1.58174728874432 -99 -99 -99 -99 -99
0.0871085266655773 -99 -99 -99 -99 -99 -99 -99 -99 -99 -99 -0.00692123824048307 -99 -99 -99
-99 -99 -99 -99 -99 -99 -99 -99 -99 -99 -99 -99 -99 -99 1.03703477407213
-99 -99 -99 -99 -99 -99 -99 -99 -99 -99 -99 -99 -99 -99 0.476186599751173
-99 -99 1.12453966729873 -99 -99 4.55701257599105 -99 -99 -99 -99 -99 -99 -99 -99 -99
-99 -99 -99 -99 -99 -99 -0.529657137235353 -99 -0.533654774944969 -99 -99 -0.0521394983925598 -99 -99 -99
-0.826241394534686 -99 -99 -99 -99 -99 -99 -99 -99 -99 -99 -99 -99 -99 -99
-99 -99 -99 -99 1.94882976408132 -99 -99 -99 -99 -99 -99 -99 0.460438629128898 -99 -99
-99 -99 -99 1.89411272518085 -99 -99 -99 -99 -99 -99 -99 -99 -99 -99 -99
-99 -99 -99 -99 -99 -99 -99 -99 -99 -99 -99 -99 -0.0192564283129786 -99 -99
-99 -99 -99 -99 -99 -99 -99 1.77810764852291 -99 -99 -99 2.20265028895279 -99 -99 -99
-99 -99 -99 -99 -99 1.41795249106217 -99 -99 -99 -99 -0.333269952301414 -99 -99 0.813320799222253 -99
2.32906798010203 -99 -99 -99 -99 -99 -99 1.64175430974967 -99 -99 2.62753989761007 -99 -99 -99 -99
-99 -99 -99 -99 -99 -99 -99 -99 -99 -99 -99 -99 -99 -99 -99
-99 -99 -99 -99 -99 -1.2990957375151 -99 -99 -99 -99 -99 -99 0.711009701465805 -99 -99
-99 -99 -99 -99 -99 -99 -99 -99 -99 -99 -99 -99 -99 -99 -99
-99 -99 -99 -99 -99 -99 -0.140364111245793 0.538939830042673 -99 -99 -99 -99 -99 -99 -99
-99 -99 -99 -99 -99 -99 -99 -99 -99 -99 -99 -99 -99 -99 0.969332199218967
-99 -99 -99 -99 3.37981267973171 -99 -99 -99 -99 -99 -99 1.28781500958751 -99 -99 -99
-99 -99 -99 -99 -99 -99 -99 -99 -99 -99 -99 -99 -99 -99 -99
-99 -99 -99 -99 -99 -99 -99 -99 -99 -99 -99 -99 -99 -99 -99
-99 -99 4.09520697646968 0.975650532295675 -99 -99 1.07342662212001 1.94677332928754 -99 -99 -99 -99 -99 -99 -99
-99 -99 -99 -99 -99 1.28044508048238 -99 -99 -99 -99 -99 -0.491076714126041 -99 -99 -99
-99 -99 -99 -99 -99 -99 -99 -1.3263388606007 -99 -99 -99 -99 -99 -99 -99
-99 -99 -99 -99 -99 4.9679543157616 -99 -99 4.28002010889811 -99 -99 -99 -99 -99 -99
-99 -99 -99 -99 -99 0.280455700419583 -99 -99 -99 -99 -99 0.0839858854102321 -99 -99 -99
-99 -99 -99 -99 0.0414857442213187 -99 -99 -99 -99 -99 -99 -99 -99 -99 -99
-99 1.06699033528223 -99 -99 -99 -99 -99 -99 -99 1.24470034614611 -99 -99 -99 -99 -99
-99 -99 -99 -99 -99 -99 -99 -99 2.0188544048796 -99 -99 -99 -99 1.92173113840965 -99
-99 -99 -99 -99 -99 -99 -99 1.61378586905863 -99 -99 -99 1.83019544633199 -99 -99 -99
-99 -99 -99 -99 -0.301207742747521 -99 -99 -99 -99 -99 1.39624570251218 -99 -99 -99 -99
0.811771007756948 -99 1.00370367298168 -99 -99 -99 -99 -99 -99 -99 -0.425508447236181 -99 -99 -99 -99
-99 -99 -99 -99 -99 -99 -99 -99 -99 0.69783854075282 -99 -99 -99 -99 -99
-99 -99 -99 -99 -99 -99 -99 -99 -99 -99 -99 -99 -99 -99 2.41998093511144
-99 1.8388374162886 -99 -99 -99 -99 -99 -99 -99 1.48310363496253 -99 -99 -99 -99 -99
-99 -99 -99 2.39149088321568 0.115706615744277 -99 -1.43418677141029 -99 -99 -99 -99 -99 -0.630944022839796 -99 -0.383389579630518
-99 -99 -99 -99 -99 -99 -99 3.46944975522577 -99 -99 -99 -99 -99 -99 -99
-99 -99 -99 -99 -99 -99 -99 -99 -99 -99 -99 -99 -99 -99 -99
-99 -99 -99 -99 -99 1.63267702870695 -99 -99 -99 -1.06524831428075 -99 -99 -99 -99 -99
-99 -99 -99 -99 -99 -99 -99 -99 -99 -99 -99 -99 -99 -99 -99
-99 -99 -99 -99 -99 -99 -99 -99 -99 0.249532431825828 -99 -99 -99 -99 -99
-0.000355815537652626 -99 -99 -99 -99 -99 -99 -99 -99 -99 -99 -99 -0.400975829453522 -99 -99
-99 -99 -99 -99 -99 -99 -99 -0.403640885855316 -99 -0.881745325872105 -99 -99 -99 -99 -99
-99 -99 -99 -99 -99 -99 -99 -99 -99 -99 -99 -99 -99 -99 -99
-99 -99 -99 -99 -99 -99 -99 -99 -99 -99 -99 -99 -0.873698940427356 -99 1.91605986032096
-99 -99 -99 -99 -99 -99 -99 -0.165664657552085 -99 -99 -99 -99 -99 0.762791132813012 -99
-99 -99 -1.7813487498044 -99 -0.23479663273943 -99 -99 -99 -99 -1.89739454017717 -99 -99 -99 -99 -99
1.96290209053121 -99 -99 -99 -99 -99 -99 -99 -99 -99 -99 -99 -99 -99 -99
-99 -99 -99 -99 -99 -99 -99 -99 -99 -99 -99 -99 -99 -99 -99
-99 -99 -99 -99 2.97875090776992 -99 3.38537833324766 -99 -99 2.55298796372893 2.3092859645054 2.66793018963111 -99 0.779343400919956 -99
-99 -99 -99 -99 -99 -99 -99 -99 -99 -99 -99 -99 1.26912367957056 -99 -99
-99 -99 -99 -99 -99 -99 -99 -99 -99 0.241414497343138 -99 -99 1.55742802902141 -99 -99
-99 -99 -0.301792361534048 -99 -99 -99 -99 -99 -99 -99 -99 2.11655372935949 -99 -99 -99
-99 -99 -99 -99 -99 -99 -99 -99 -99 -99 -99 -99 -99 -99 -99
-99 -99 -99 -99 -99 -99 -99 -99 -99 -99 -99 -99 -99 -99 1.28176643591485
-99 -99 -99 2.7812045895825 -99 -99 -99 -99 -99 -99 -99 -99 -99 -99 -99
-99 -99 -99 -99 -99 -99 -99 -99 -99 -99 -99 -99 -99 -99 -99
-99 -99 -99 -99 -99 -99 -99 -99 -99 -99 -99 -99 -99 -99 1.95492500502542
-99 -99 -99 -99 -99 0.217225533109252 2.58783480649412 -99 -99 -99 -99 -99 -99 -99 -99
-99 -99 -99 -99 -99 -99 -99 -99 -99 -99 -99 -99 -99 2.02691210716266 -99
-99 -99 -99 -99 -99 -99 -99 -99 -99 -99 -2.01438424872416 -0.0567687531498384 -99 -99 -99
3.05915481532378 -99 -99 -99 -99 -99 -99 -99 -99 -99 -99 -99 -99 -99 -99
-99 -99 2.25665867612728 -99 -99 -99 -99 -99 -99 -99 -99 -99 -99 -99 -99
-99 -99 -99 3.69195252647217 -99 -99 -99 -99 -99 -99 -99 -99 3.11909872391844 -99 -99
-99 -99 -99 -99 -99 -99 2.90057737484123 -99 -99 -99 -99 -99 -99 -99 -99
-99 -99 -99 -99 -99 -99 -99 -99 -99 -99 -99 -99 -99 -99 -99
-99 -99 -99 -99 -99 -99 -99 -99 -99 -99 -99 -99 0.646285670297322 -99 -99
0.997300153602546 -99 -99 -99 -99 -99 -99 -99 -99 -99 -99 -99 -99 -99 -99
-99 -99 -99 -99 -99 -99 -99 -99 -99 -99 -1.07771314027281 -99 -99 -99 -99
-99 -99 -99 -99 -99 1.60783115564769 -99 -99 -99 -99 -99 2.24792519055251 -99 -99 -99
-99 -99 -99 -99 -99 1.45267355287254 -99 -99 -99 -99 -99 -99 -99 -99 -99
-99 -99 -99 -99 -99 -99 -99 -99 -99 -99 -99 -99 -99 -99 -99
-0.0306797699461836 -99 -99 -99 -99 -99 -0.102103737386944 -99 -99 -99 -1.65584471612222 -1.47119545515773 -99 -99 1.43016505040252
-99 -99 -99 -99 -99 -99 -99 -99 -99 -99 -99 -99 -0.19677588549572 -99 -99
-99 -99 -99 -99 -99 -99 -99 -99 -99 -99 -99 -99 -99 -99 -99
1.59248898082909 -99 -99 -99 -99 -99 -99 -99 1.2753571487547 -99 -99 -99 -99 1.04335922118728 -99
-0.471169359711871 -99 -99 -99 -99 1.44862532097538 -99 -99 -99 -99 1.68370104642325 -99 -99 -99 -99
-99 -99 -99 -99 -99 -99 -99 -99 -1.41787278108285 -99 -99 -99 -99 -99 -99
-1.58882384469787 -99 -99 1.33774947190738 -99 -99 -99 -99 -99 -99 0.443406798354409 -99 -99 -99 -99
-99 -99 -99 -99 -99 -99 -99 -99 -99 -99 -99 -99 -99 -99 -99
-99 -99 -99 -99 -99 -99 -99 -99 -99 -0.452275102099979 -99 -99 -99 -99 -99
-99 -99 -99 -99 -99 -99 -99 -99 -99 -99 -99 -99 -99 -99 -99
-99 -99 -99 -99 -99 -0.0541347382221529 -99 -99 -99 -99 -99 -99 -99 1.34094060934643 -99
-99 -99 -99 -99 -99 -99 -99 -99 -99 -99 -99 -99 -99 -99 -99
-99 1.89283360372878 -99 2.86604882986729 0.441850452143617 -99 -99 2.21041817017721 0.174894469882262 -99 -99 -99 -99 -99 -99
-99 -99 -99 -99 0.314528343165093 -99 -99 -99 -99 -99 0.489227370747155 -99 -99 -99 -99
0.967364434388737 -99 -99 -99 -99 -99 -99 -99 -99 1.5361001873278 -99 -99 -99 -99 -99
-99 -99 -99 -99 -99 -99 -99 -99 -99 -99 -99 -99 -99 -99 -99
-99 -99 -99 -99 -99 -99 -99 -99 -99 -99 -99 -99 -99 -99 -99
-99 -99 0.875534104328516 -99 -99 -99 -99 -99 -99 -99 -99 -99 -99 0.122414701511602 -99
-99 -99 -99 -99 -99 -99 -99 -99 -99 -99 -99 0.350274339883897 -99 -99 -99
-99 -99 -99 2.50172949696332 -99 -99 2.36895480777408 -99 3.43952049582668 -99 -99 -99 -99 -99 -99
-99 -99 -99 -99 -99 -99 -99 -99 -99 -99 -99 -99 -99 -99 -99
-99 -99 -99 -99 -99 -99 -99 -99 -99 -99 -99 -99 1.71699500296459 -99 -99
-99 -99 -99 -99 -99 -99 -99 -99 -2.20805369878974 -99 -1.21134028893056 -0.244468797498124 -99 -99 -99
-99 -99 -99 2.68681724098105 -99 -99 -99 -99 -99 -99 -99 -99 -99 -99 -99
-99 -99 -99 -99 -99 -99 -99 -99 -99 -99 -99 -99 0.915278499352507 -99 -99
-99 -99 -99 -99 -99 -99 -99 -99 1.03314132299558 -99 -99 -99 3.75566039931321 -99 -99
0.729773213743499 -99 -99 -99 0.0911609429670363 -99 -99 -99 -99 -99 -2.17914583367595 -99 -99 0.570731930413157 -99
-99 -99 -99 -99 -99 -99 -99 -99 -99 -99 -99 -99 -99 -99 1.4965932516163
2.03678554033221 -99 -99 1.04942515430503 -99 -99 -99 -99 -99 -99 -99 -99 -99 2.58803523074517 -99
-99 0.765696306563483 -99 -99 -99 0.434685220134301 -99 -99 -99 -99 0.241056873218957 -99 -99 -99 -99
-99 -99 -99 -99 -99 -99 -99 -99 -99 -99 -99 -99 -99 -99 -99
-99 -99 -99 -99 -99 -99 1.25445191712608 1.77826615768836 -99 -99 -99 -99 0.602553365638669 -99 -99
-99 0.1007456358408 -99 -99 -99 -99 -99 -99 -99 -99 -99 1.4742823720285 -99 -99 -99
0.290629033921164 -99 -99 -99 -99 -99 -99 -99 2.48441011835333 -99 -99 -99 -99 -99 -99
-99 -99 -99 -99 -99 -99 4.73554004757266 -99 -99 -99 2.21332690583314 -99 -99 -99 -99
-99 -99 -99 1.9944551598091 -99 -99 -99 1.93392815659364 -99 -99 -99 -99 -99 -99 -99
-99 -99 -99 -99 -99 -99 -99 -99 -99 -99 -99 -99 -99 -99 -99
-99 -99 -99 -99 -99 -99 -99 -99 -99 -99 -99 -99 -99 -99 -99
1.13911173052007 -99 -99 -99 -99 -99 -99 -99 -99 -99 -99 -99 3.64289338203996 -99 -99
-99 -99 -99 -99 2.59580949373026 -99 -99 -99 -99 -99 -99 -99 -99 -99 -99
0.828336142978527 -99 -99 -99 -99 -99 -99 0.705231964118651 -99 0.197536816555459 -99 -99 -99 -99 -99
-99 -99 -0.0108522342932127 -99 -99 -99 -99 1.54190239117121 0.460824104260987 -99 -99 -99 -99 -99 -99
-99 -99 -99 -99 -99 -99 0.767182157757329 -99 -99 -99 -99 -99 -99 -99 -99
-99 -99 -99 -99 1.28688758386806 -99 -99 -99 0.0271238489840533 -99 -99 -99 -99 -99 -99
-99 1.00847795955383 -99 -99 -99 -99 -99 -99 -99 -99 -99 -99 -99 -99 -99
-99 -99 0.657672369933524 -99 -99 -99 -99 -99 -99 -99 -99 -99 -99 -99 -99
-99 -99 -99 -99 -99 -99 -99 -99 -99 -99 -99 -99 -99 -99 -99
-0.78871945770642 -99 -99 -99 -99 -99 -0.165786620164677 -99 -99 2.41861021461294 -99 -99 -99 -99 -99
-99 -99 -99 -99 -99 -99 -99 -99 -99 -99 -99 -99 -99 -99 -99
-99 -99 -99 -99 -99 -99 -99 1.21026317267241 -99 -99 -99 -99 -99 -99 -99
7.03707180518071 -99 -99 -99 -99 -99 -99 -99 -99 -99 -99 -99 -99 -99 -99
-99 -99 -99 -99 -99 1.83347728225597 -99 -99 -99 -99 -0.450567148686341 -99 -99 -99 -99
-99 -99 -99 -99 0.259854147360817 -99 -99 -99 -99 -99 -99 2.93578079266157 -99 -99 -99
-99 -99 -99 -99 -99 2.21617710161086 -99 -99 -99 -99 -99 -99 -99 -99 3.81653550055247
-99 -99 -99 -99 -99 -99 -99 0.715005909482138 -99 -99 1.73407657660895 -99 -99 -99 -99
-99 -99 -99 -99 -99 -99 -99 -99 -99 -99 -99 -99 -99 -99 -99
-99 -99 -99 -99 -99 -99 0.544133902336101 -99 -99 -99 -99 -99 -99 -99 -99
-99 -99 -99 -99 -99 -99 -99 -99 -99 -99 -99 -99 -99 -99 -99
-99 -99 -99 -99 -99 -99 -99 -99 -99 -99 -99 -99 -99 -99 -99
-99 -99 -99 -99 -99 -1.98281132206594 -99 -99 -99 -0.904945538664089 -99 -99 -99 -99 -99
-0.811852962474924 -99 -99 -99 -99 -99 -99 -99 -99 -99 -99 1.17080332052396 -99 -99 -99
-99 -99 -99 -99 -99 -99 -99 -99 -99 -99 -99 0.488574956326414 -99 -99 -99
-99 -99 -99 -99 -99 -99 -99 -99 -99 -99 -0.0813428670278 -99 -99 -99 -99
-99 -99 -99 -99 2.04867446129041 -99 -99 -99 -99 -99 -99 0.418477447443947 -99 -99 -99
1.62782166899762 -99 -99 -99 -99 -99 -99 -99 -99 -99 -99 -99 -99 -99 -99
-99 -99 -99 -99 -99 -99 -99 -99 -2.01504462318385 -99 -2.88138566986709 -99 -99 -99 -99
-99 -99 -99 -99 -99 -99 -99 -99 -99 -99 -99 -99 -99 2.18966559105163 -99
-99 -99 -99 -99 -99 0.518873981203958 -99 -99 -99 -99 -99 -99 -99 -99 -99
-99 -99 -99 -99 -99 -99 -99 -99 -99 -99 -99 -99 -99 -99 -99
-99 -99 -99 -99 -99 -99 -99 -99 -99 -99 -99 0.43216423984 -99 -99 -99
-99 -99 -99 -99 -99 -99 -99 -99 -99 -99 -99 -99 1.56751404441439 -99 -99
-99 -99 -99 -99 -0.52928065607482 -99 -99 -99 -99 0.740714358771485 -99 -99 -99 -99 -99
-99 -99 -99 -99 -99 -99 -99 -99 -99 -99 -99 -99 -99 -99 -99
-99 -99 -99 -99 -99 -99 -99 -99 -99 -99 -99 -99 -99 -99 -99
-99 -99 -99 -99 -1.52208305943549 -99 -99 -99 -99 -99 -99 -99 -99 -99 -99
-99 -99 -99 -99 -99 1.17363767066519 -99 -99 -99 -99 -99 -99 -99 -99 -99
0.440501339641791 -99 -99 -0.721966609482073 -99 -99 -99 -99 -99 -99 -99 -99 -99 -99 -99
-99 -99 -99 -99 -99 -99 -99 -99 -99 -99 -99 -99 -99 -99 -99
-99 1.3187619475635 -99 3.12278518052292 -99 -99 -99 -99 -99 -99 -99 -99 -99 -99 -99
-99 -99 -99 -99 -1.0858944634754 -99 -99 -99 -1.62670800599814 -99 -99 -99 -99 -99 -99
-99 -99 -99 0.918975219393073 -99 -99 -99 -99 -99 -99 -99 -99 -99 2.55544518315257 4.29797904665353
-99 -99 -99 -99 -99 -99 -99 -99 -99 -99 -99 1.61545048055493 -99 -99 -99
-99 -99 2.53495969764873 -99 -99 -99 -99 -99 0.139918890919921 -99 -99 -99 -99 -99 -99
-99 -99 -99 -99 -99 -0.250715812895653 -99 -99 0.99964039603895 -99 -99 -99 0.359250144223702 -99 -99
-99 -99 -99 -99 -99 -99 -99 -99 -99 -99 -99 -0.494674908323993 -99 -99 -99
-99 -99 -99 -99 -99 -99 -1.45827892482255 -99 -99 -99 -99 -99 -99 0.407112804395731 -99
-99 -99 -99 1.6137722732741 -99 -99 -99 -99 -99 -99 -99 -99 -99 -99 -99
-99 -99 -99 -99 -99 -99 -99 1.87798695759834 -99 -99 -99 -1.68574187239752 -99 -99 -99
-99 -99 -99 -99 -99 0.830756646326213 -99 -99 -99 -99 -99 -99 -99 -99 -99
-99 -99 -99 -99 -99 -99 -99 -99 -99 -99 -99 -99 -99 -99 -99
-99 -99 -99 -99 -99 -99 -99 -99 -99 -99 -99 -99 -99 -99 -99
-99 -99 1.73508546064186 -99 2.62814388604211 -99 -99 3.19477343908482 -99 -99 -99 1.17005700908862 -99 -99 -99
0.219069445827108 -99 -99 -99 -99 -99 -99 -99 -99 -99 1.85676347003134 -99 -99 -99 -99
-99 4.01956464366331 -99 -99 -99 -99 5.27716877491704 -99 -99 -99 2.98859764391167 -99 -99 -99 -99
-99 -99 -99 -99 -99 -99 -99 -99 -99 -99 0.285939425907042 -99 -99 -99 -99
-99 -99 -99 -1.529583681376 -99 -1.46805928524975 -99 -99 -99 -99 -99 -99 -99 -0.87464699951494 -99
-99 -99 -99 -99 -99 -99 -99 2.96197804074671 -99 -99 0.383319641671625 -99 -99 -99 4.36528152426137
-99 -99 -99 -99 -99 -99 -99 -99 -99 -99 2.67888339399004 -99 -0.666778822387936 -99 -99
-99 -99 -99 -99 -99 -99 -99 -99 -99 -99 -99 -99 -99 -99 -99
-99 -99 -99 -99 -99 -99 -99 -99 1.50171114301647 -99 2.03589796735469 -99 -99 -99 -99
-99 -99 -99 -99 -99 1.37682860537161 -99 -99 -99 -99 -99 -99 -99 2.80912001906631 -99
-99 -99 -99 -99 -99 -99 -0.821803459716118 -99 -99 -99 -99 -99 -2.49654803396882 -99 1.09398676797228
-99 -99 -99 -99 1.28658236579208 -99 -99 -99 -99 -99 -99 -99 1.11484276125977 -99 0.52484900031514
-99 -99 -99 -99 -99 -99 -99 -99 -99 -99 -99 -99 -99 -99 -99
-99 -99 -99 -99 0.702896941782848 -99 -99 -99 -99 -1.64046611716813 -99 -99 -0.87206519648377 -99 -99
-99 -99 -99 -99 -99 -99 1.27699174954867 -99 -99 -99 -99 -99 -99 -99 -99
-99 -99 -99 -99 -99 -99 -99 -99 -99 -99 -99 -99 -99 -99 0.773172399837485
-99 -99 -99 -99 -99 -99 -99 -99 -99 -99 -99 -99 -99 -99 -99
-99 -99 -99 -99 -99 -99 -99 -99 -99 -99 -99 -99 -99 -99 -99
-99 2.27638104034625 -99 -99 -99 -99 -99 -99 -99 -99 -99 -99 -99 -99 0.42808230681
-99 -99 -99 -99 -99 -99 -99 0.932061260416412 -99 -99 -99 0.77674769246927 -99 -99 0.786691272981353
-99 -99 -99 -99 -99 -99 -99 -99 -99 -99 -99 -99 -99 -99 -99
-99 -99 -99 -99 -99 -99 -99 -99 -99 -99 -99 -99 -99 3.36168085143426 -99
-99 2.87772939460817 -99 -99 -99 -99 -99 -99 -99 -99 -99 -99 -99 2.0626700182863 -99
-99 -99 -99 -99 -99 -99 -99 -99 -99 -99 -0.861719214050602 -99 -99 -99 -99
-99 -99 -99 -99 -99 -99 -99 2.03999962488465 -99 -99 1.9974076765768 -99 -99 -99 -99
-99 -99 -99 -99 -99 -99 -99 -99 -99 -99 -99 0.322286605169111 -99 -0.965288037730965 -99
-99 0.932338504530725 -99 -99 -99 -99 -99 -99 -99 -2.02011095231781 -99 -99 -99 -99 -99
-99 -99 -99 -99 -99 -99 -99 -99 -99 -99 -99 -99 0.982179660262651 -99 -99
-99 -99 -99 -99 -99 -99 -99 -99 -99 0.294401818176366 -99 -99 -99 -99 -99
-99 1.35993047396386 -99 3.81576708589126 -99 -99 -99 -99 -99 -99 -99 -99 1.70576359518705 -99 -99
-1.45822626277129 -99 -99 0.178918949474719 -99 -99 -99 -99 -99 -99 -99 -99 -99 -99 -99
-99 -99 -99 -99 -99 -99 -99 -99 -99 -99 -99 -99 -0.628449955177563 -99 -99
-99 -99 -99 -99 -99 -99 -0.549833506177103 -0.915716308922558 0.0411172905657921 -99 -99 -99 -99 -99 -99
-99 -99 -99 -99 -99 2.00993341840393 -99 -99 -99 -99 0.372198197466792 1.44890671985698 -99 -99 -99
-99 -99 -99 1.4968040103882 -99 -99 -99 -99 -99 -99 -99 -99 1.08273344764418 0.169017925847328 -99
-99 -99 -99 -99 -99 -99 -99 -99 1.45786219127871 -99 -99 -99 -99 -99 -99
-99 -99 -99 -99 -99 -99 -99 -99 -99 -99 -99 -99 -99 -99 -99
-99 -99 -99 -99 -99 -99 -99 -99 -99 -99 -99 -99 -99 -99 -99
-99 -99 -99 -99 -99 -99 -99 -99 -99 -99 -99 -99 -99 -99 -99
2.01764769018442 -99 1.41521480154252 -99 -99 0.0457345382037097 -99 -99 -99 -99 -99 -99 -99 0.539553916555642 -99
-99 -99 -99 -99 -99 -99 -99 -99 -99 -99 -99 -99 -99 1.83431264897298 -99
-99 -99 -99 -99 -99 -99 -99 -99 -99 -99 -99 -99 -99 -99 -99
-99 -99 -99 -99 -99 -99 -99 -99 -99 -99 -99 -99 -99 -0.612113434182224 -99
-99 -99 -99 -99 -99 -99 -99 -99 -99 -99 -99 -0.757648322121899 -99 0.641555135112757 -99
-0.304961130995925 -99 -99 -0.911126519659633 -99 -99 -99 -99 0.847989782324359 -99 -99 -99 -99 -99 -99
-99 -99 -99 0.476741689621162 -99 -99 -99 -99 -99 -99 -99 -99 -99 -99 -99
-99 -99 -99 -0.489491164256572 -99 -99 -99 -99 -99 -99 -99 -99 -99 -99 -99
-99 -99 -99 -99 -99 -99 -99 -99 -99 -99 1.12624393822971 -99 -99 -99 -99
-99 -99 0.415114929940269 -99 -99 -99 -99 -99 -99 -99 -99 -99 -99 -99 -99
-99 -99 -99 -99 -99 -99 0.964852556054243 -99 -99 -99 1.71424765486255 -99 -99 -99 -99
-99 -99 -99 -99 1.17380646003856 -99 -99 -99 0.495026784893062 2.07836210203708 -99 -99 -99 -99 -99
-99 -99 -99 -99 -99 -99 -99 -99 -99 -99 -99 -99 -99 -99 -99
-99 -99 -99 -99 -99 -99 -99 -99 -99 -99 -99 -99 -99 1.16734946875722 -99
-99 -99 -99 -99 -99 -99 -99 -99 -99 -99 -99 -99 -99 -99 -99
-99 -99 -99 -99 -99 -99 -99 0.0944458305018447 -99 -99 -99 -99 -99 -99 -99
-99 -99 -99 -99 -99 0.462840894263644 -99 3.60641143030435 -99 -99 1.60675684210787 -99 -99 -99 -99
-99 -99 -99 -99 -99 -99 -99 -99 -99 -99 1.77376439911184 -99 0.774111855211016 1.61067241798187 -99
-99 -99 -99 -99 -99 -99 2.36114496188283 -99 -99 -99 -99 -99 -99 -99 -99
-99 -99 -99 -99 -99 -99 -99 -99 -99 -99 -99 -99 -99 -99 -99
-99 -99 -99 -99 -99 -99 3.18087924638289 -99 -99 -99 -99 -99 -99 4.49243302688722 -99
-99 1.64987269931456 -99 -99 -99 -99 -99 -99 -99 -99 -99 -99 -99 -99 -99
-99 -99 -99 -99 -99 -99 -99 -99 -99 -99 1.36254576339818 -99 -99 -99 -99
-99 -99 -99 -99 -0.405675748554635 -99 0.373611722646516 -99 -99 -99 -99 -99 -99 -99 -99
-99 -99 -99 -99 -99 -99 -99 -99 -99 1.24560459863541 -1.04419900845608 -99 -99 -99 -99
-99 -99 -99 -99 -99 -99 -99 -99 -99 -99 -99 -99 -99 -99 -99
-99 0.188689970627545 -99 -99 -99 -99 -99 -99 -99 -99 -99 -99 -99 -99 -99
-99 -99 -99 -99 -99 -99 -99 -99 -99 -99 -99 -99 -99 -99 -99
-99 -99 -99 -99 -99 -99 -99 -99 -99 -99 -99 -99 -99 -1.11259696217279 -99
-99 -99 -99 -99 -99 -99 -99 1.77138723548439 -99 -99 -99 -99 -99 -99 -99
-99 -99 -99 -0.408254719424222 -99 -99 -99 -99 -99 -99 0.279277867979467 -99 -99 -99 -99
-99 -99 -99 -99 -99 -99 -99 -99 -99 -99 -99 -99 -99 0.700186289651522 -99
-99 -99 -99 -99 -99 -99 -99 -99 -99 -99 -99 -99 0.897902258275123 1.32893915917658 -99
-99 -99 -99 -99 -99 -99 -99 -99 -99 -99 -99 -99 -99 -99 -99
-99 -99 -99 -99 -99 -99 -99 -99 -99 -99 -99 -99 -99 -99 -99
-99 -99 -99 -99 -99 -99 -99 -99 -99 -99 -99 -99 -99 -99 -99
-99 -99 -99 -99 -99 -99 1.13846323684647 -99 -99 -99 -99 -99 -99 -99 -99
-99 -99 -99 -99 1.30423602686028 -99 -99 -99 -99 -99 -99 -99 -99 -99 -99
1.24603403275419 -99 -99 -99 -99 -99 -99 -99 -99 -99 -99 -99 -99 -99 -99
-99 -99 -99 -99 -99 -99 -99 -99 -99 -99 -99 -99 -99 -99 -99
-99 -99 -99 -99 -99 -99 -99 -99 -99 -99 -99 -99 -99 -99 3.37528660469396
-99 -99 -99 -99 -99 -99 -99 -99 -99 0.563322964391813 -99 -99 -99 -99 -99
-99 -99 -99 -99 -99 -99 -99 -99 -99 0.898322549367017 -99 -0.862322623265406 -99 -99 -99
-99 -99 -99 -99 -99 -99 -99 -99 -99 -99 -99 2.75948256116859 -99 -99 -99
-99 -99 -99 -99 -99 -99 -99 -99 -99 -99 -99 -99 -99 -99 -99
-99 -99 -99 -99 3.39916630614897 -99 -99 -99 -99 -99 -99 -99 3.07570295281072 -99 1.52407520914338
-99 -99 -99 -99 -99 -99 -99 -99 5.34161978138661 4.40304372743082 -99 -99 -99 -99 -99
-99 -99 -99 -99 -99 -99 -99 -99 -99 -99 -99 -99 -99 -99 -99
-99 -99 -99 -99 -99 -99 -99 -99 -99 -99 -99 -99 -3.00721833904245 -99 0.993655432800935
-99 -99 -99 -99 -99 -99 -99 -99 -99 -99 -99 -99 -99 -99 -99
-99 -0.816778005559974 0.915579796568936 -99 -99 0.594692025851566 -99 -99 -99 -99 -99 -99 -99 -99 -99
-99 -99 -99 -99 -99 1.13963452473499 -99 -99 -99 -99 -99 -99 -99 -99 -99
-99 -99 -99 -99 -99 -99 -99 -99 -99 -99 -99 -99 -99 -99 -99
-99 -99 -99 -99 -99 -99 -99 -99 2.39113481057931 -99 1.99711287626415 -99 -99 -99 -99
-99 0.126534051193552 -99 -99 -99 -99 1.3794955463298 -99 -99 0.287669512588749 -99 1.05911512711993 0.742040145753255 -99 -0.517067004463501
-99 -99 -99 -99 -99 -99 -99 -99 -99 -99 -99 -99 -99 -99 -99
-99 -99 -99 -99 -99 -99 -99 -99 -99 -99 -99 1.90336798202739 -99 -99 -99
-99 -99 -99 -99 -99 -99 -99 -99 -99 -99 -0.133853862014499 -99 -99 -99 -99
-99 -99 -99 -99 -99 -99 -99 -99 -99 -99 -99 -99 -99 -99 -99
2.78458981949199 -99 -99 2.4962901306765 -99 -99 3.41896409303418 -99 -99 -99 -99 -99 -99 -99 -99
-99 -99 -99 1.52772169569249 -99 -99 -99 -99 -99 -99 -99 -99 -99 -99 -99
-99 -1.46992318802273 -99 -99 -99 -99 -99 -99 -99 -99 -99 -99 -99 -99 -99
-99 -99 -99 -99 -99 -99 -0.948658669212143 -99 -99 -99 -99 -99 -99 -99 -99
-99 -99 -99 -99 -99 -99 -99 -99 -99 -99 -99 -99 -99 -0.156688035057608 -99
-99 -99 -99 -99 -99 -99 -99 -99 -99 -99 -99 -99 -99 1.74583992434309 -99
1.05574779502099 2.10376509943978 -99 -99 -99 -99 -99 -99 -99 -99 -99 -99 -99 -99 -99
-99 -99 -99 -99 -99 -99 -99 -99 -99 1.57643387586542 -99 -99 1.03193013986651 -99 -99
-99 -99 -99 -99 -99 -99 -99 -99 -99 -99 -99 -99 -99 -99 1.77080835491903
-99 -99 -99 -99 -99 -99 -0.88045667356832 -99 -99 -99 -99 -99 -99 -99 -99
-99 2.73226869297247 -99 -99 -99 2.36554494176153 1.06414811626131 -99 -99 0.412177272349354 -99 -99 -99 -99 -99
-99 -99 -99 -99 -99 -99 -99 -99 -99 -99 -99 -99 -99 -99 0.358412830804374
-99 -99 -99 -99 -99 -99 -99 -99 -99 -99 -99 -99 -99 -99 -99
-99 -99 -99 -99 -99 -99 -99 2.07174896664692 -99 -99 -99 -99 -99 -99 -99
-99 -99 -99 -99 -99 -99 -99 -99 -99 -99 -99 -99 -99 1.29846403274446 -99
-99 0.549863529328249 -99 2.269224392683 -99 -99 -99 -99 -99 -99 -99 -99 -99 -99 -99
-99 -99 -99 1.60338269781881 -99 -99 -99 -99 -99 -99 -99 -99 -99 -99 -99
-99 -99 -99 -99 -99 -99 -99 -99 -99 -99 -99 -99 -99 -99 -99
-99 -99 -99 -99 -99 -99 -99 -99 -99 -99 -99 -99 -99 -99 0.993959263196203
-99 -99 -99 -99 -99 -99 -99 -99 -99 -99 -99 -99 -99 -99 -99
0.480629197168041 -99 -99 -99 -99 -99 -99 0.392219962132251 -99 -99 -99 -99 -99 -99 -99
-99 -99 -99 -99 -99 -99 -99 -99 2.07666418428449 3.63385332912031 -99 -99 -99 -99 -99
-99 -99 -99 -99 -99 -99 -99 -99 -99 -99 -0.465211901779542 -99 -99 -99 -99
-99 -99 -99 -99 -99 -99 -99 -99 -99 -99 -99 -99 -99 -99 -99
-99 -99 -99 -99 -99 -99 1.98167212595813 -99 -99 -99 -99 -99 -99 -99 -99
-99 -99 -99 -99 -99 -99 -99 -99 -99 -99 -99 -99 -99 -99 -99
-99 -99 -99 -99 -99 -99 -99 -99 -99 -99 -99 -99 -99 -99 -99
-99 -99 -99 -1.30110121210208 -99 -99 -99 -99 -99 -99 -99 -99 -99 -99 -99
-99 -99 -99 -2.12271602307862 -0.704202191403905 -99 -99 -2.52831304018544 -99 -99 -99 -99 -99 -1.20363526921328 -99
-99 -99 -99 -99 -99 -99 -99 -99 -99 -99 -99 1.88084128833007 -99 -99 -99
-99 -99 -99 -99 -99 -99 -99 -99 -99 -99 -99 -99 -99 0.634853973702105 -99
-99 -99 -99 -99 -99 -99 -99 -99 -99 0.996368844475515 -99 -99 -99 -99 -99
-99 -99 -99 -99 -99 -99 -99 1.50203048841738 -99 -99 -99 2.55842732766044 0.287355251714247 -99 -99
-99 -99 -99 -99 3.46638981913681 1.27342635169793 -99 -99 -99 -99 -99 -99 -99 4.0638253135928 -99
-99 -99 -99 -99 -99 -99 -99 -99 -99 -99 -99 -99 1.18889661617704 -99 -99
-99 -99 -99 -99 2.47902032121996 -99 -99 -99 -99 1.6843864553542 -99 -99 -99 -99 -99
-99 -99 -99 -99 -99 -99 -99 -99 -99 -99 -99 -99 -99 1.28171700747965 -99
-99 -99 -99 -99 -99 -99 -99 -99 2.43607333242072 -99 -99 -99 -99 -99 -99
-99 -99 -99 -99 -99 -99 -99 -0.114799427852993 -99 -99 -99 -99 -99 -0.970158180512504 -99
-99 -99 -0.560341845274577 -99 -99 2.43952769197004 -99 -99 -99 -99 -99 -99 -99 0.460425086047495 -99
-99 -99 -99 -99 -99 -99 -99 -99 -99 -99 -99 -99 -99 -99 -99
-99 -99 -99 -99 -99 -99 -99 -99 0.102510680982598 -99 -99 -99 -99 -99 0.688760486118662
-99 1.32442370249775 0.209908448848588 -99 -99 -0.860413186317592 -99 -99 -99 -0.883999937418176 -99 -99 -99 -99 -99
-99 -99 -99 -99 -99 -99 -99 -99 -99 -99 -99 -99 -99 -99 0.258125347758919
-99 -99 4.00807272484159 -99 2.88125588153707 3.49651434931217 -99 -99 -99 -99 -99 3.1289024562947 -99 -99 -99
-99 1.40541475149262 -99 -99 -99 -99 -99 -99 -99 -99 -99 -99 -99 -99 -99
-99 -99 -99 -99 -99 -99 -99 -99 -99 -99 -99 -99 -99 -99 -99
-99 -99 -99 -99 -99 -99 -99 -99 -99 -99 -99 -99 -99 -99 -99
-99 -99 -99 -99 -99 -99 -99 -99 -99 -99 -99 2.56489133677538 1.39313244002122 -99 -99
-99 -99 -99 -99 -99 -99 -99 -99 -99 -99 -99 -99 -99 -99 3.15337934354638
-99 -99 -99 -99 -99 -99 -99 -99 -1.53145561563813 -99 -99 -99 -99 -0.855233003126852 -99
-99 -99 -99 -99 -99 -0.668091963851039 -99 -99 -99 -99 -99 -99 -99 -99 -99
-99 -99 -99 -99 -99 -99 -99 -99 -99 1.26320214048576 -99 -99 1.61494839120702 -99 -99
-99 -99 -99 -99 -99 -99 -99 -99 -99 -99 -99 -99 -99 -99 -99
-99 -99 -99 -99 -99 -99 -99 -99 -99 -99 -99 -99 -99 -99 -99
-2.77165617402051 -99 -99 -99 -99 -99 -99 -99 -99 -99 -99 -99 -99 -99 -99
-99 -99 -99 -99 -99 -99 -99 -99 -99 -99 -99 -99 -99 -99 -99
-99 0.201239137288196 -99 -99 -99 -99 -99 -99 -99 -99 -99 1.51604635157236 -99 -99 -99
-99 -99 -99 -99 -99 -99 -99 -99 -99 -99 -99 -99 -99 -99 -99
-99 -99 -99 2.80490053509895 -99 -99 -99 -99 -99 -99 -99 -99 -99 -99 -99
-99 -99 -99 -99 -99 -99 -99 -99 -99 -99 -99 -99 -99 -99 -99
-99 -99 -99 -99 -99 -99 -99 -99 1.82717488458775 -99 -99 -99 -99 -99 1.68134106506978
-99 -99 -99 -99 -99 -99 3.49286701471624 -99 -99 -99 -99 -99 -99 -99 -99
-99 -99 -99 -99 -99 -99 1.74006212874956 -99 -99 -99 -99 -99 -99 -99 -99
0.68928738020072 -99 -99 -99 -99 -99 2.48735409444764 -99 -99 -99 -99 -99 -99 -99 -99
-99 -99 -99 -99 -99 0.797603238503687 -99 -99 -99 -99 2.62671302857918 -99 -99 -99 -99
-99 -99 -99 3.03994279626369 3.3399732098875 -99 -99 -99 -99 0.799003590751408 -99 -99 -99 -99 -99
-99 -99 -99 -99 -99 -99 -99 -99 -99 -99 -1.08570380297023 -99 -99 -99 -1.24729398243846
-0.232125707923572 -99 -99 -99 -99 -99 -99 -99 2.70941433324806 -99 -99 -99 -99 -99 -0.483440714971463
-99 -99 0.647856468597837 -99 -99 -99 -99 -99 -99 -99 -99 -99 -99 -99 2.31624532199117
-99 -99 -99 -99 -99 -99 -99 -99 -99 2.25659513608225 -99 -99 -99 -99 -99
-99 -99 -99 -99 -99 -99 -99 -99 -99 -99 -99 -99 -99 -99 1.89414420632195
-99 1.69586624663709 0.247035067952037 -99 -99 -99 -99 1.69235534224207 -99 -99 -99 -99 -99 -99 -99
-99 -99 -99 -99 -99 -99 -99 -99 -99 -99 -99 -99 -99 -99 -99
-99 0.147343218764397 -99 -99 -99 -99 -99 -99 -99 -99 -99 -99 -99 -99 1.80699769563417
-99 -99 -99 -99 -99 -99 -99 -99 -99 -99 -99 -99 -99 1.46024759442682 -99
-99 -99 -99 2.9403841346286 -99 -99 -99 -99 -99 -99 -99 -99 -99 -99 -99
-99 -99 -99 -99 -99 -99 -99 -99 -99 -99 -99 -99 -99 -99 -99
-99 -99 -99 -99 -99 1.4682633375136 -99 -99 -99 -99 -99 -99 -99 -99 -99
2.25055381588063 -99 -99 -99 -99 -99 1.06019283887558 -99 -99 -99 -99 -99 -99 -99 -99
-99 -99 -99 1.82957489830306 -99 -99 -99 -99 -99 -99 -99 -99 -99 -1.84118898706063 -99
-99 -99 -99 -99 -99 -99 -99 -99 -99 -99 -99 -99 -99 -99 -99
-99 -99 -99 -99 -99 -99 -99 -99 -99 -99 -99 -99 -99 -99 -99
-99 -99 -99 -99 -99 -99 -99 -99 2.34673983770865 -99 -99 -99 -99 -99 -99
-99 -99 -0.197652209261773 -99 -99 -99 -99 -99 -99 -99 -99 -0.956900855641645 -99 -99 -99
-99 -1.36195554736594 -99 -99 1.23790859243667 -99 -99 -99 -99 -99 -99 -99 -99 -99 -99
-99 -99 -99 -99 1.04407797939955 -99 -99 -0.494797421467347 0.117996372063624 -99 -99 -99 -99 -99 -99
-99 -0.743382333378163 -99 -99 -99 -99 -99 1.89974675781023 -99 -99 -99 -99 -99 -99 -99
-0.299336530146626 -99 -99 -99 -1.70728199177746 -99 -99 -99 -99 -99 -99 -99 -99 -99 -99
-99 -99 -99 -99 -99 4.1814746253474 -99 -99 -99 -99 -99 -99 -99 2.02528562954156 -99
-99 -99 -99 -99 -99 -99 1.02190562136302 -99 -99 -99 -99 -99 -99 -99 -99
4.9667991384974 -99 -99 -99 -99 -99 -99 -99 -99 -99 -99 -99 -99 -99 -99
-99 -99 -99 -0.292982405865756 -99 -99 -99 -99 -99 -99 -99 -0.500878396121671 -99 -99 -99
-99 -99 -99 -99 -99 -99 -99 -99 -99 -99 -99 -99 -99 -99 -99
-99 -99 -99 1.27249953104623 -99 -99 -99 -99 -99 -99 -99 -99 -99 -99 -99
-99 -99 -99 -99 -99 -99 -99 -99 -99 -99 -99 -99 1.426523493499 -99 -99
-99 -99 -99 -99 -99 -99 -99 -99 -99 -99 -99 -99 -99 -99 -99
-99 -99 -99 -99 0.666396825098442 -99 -99 -99 -99 -99 -99 -99 -99 -99 3.60321830874418
-99 1.77392121143344 -99 -99 1.47428917228762 -99 -99 2.15011121712427 -99 -99 -99 -99 -99 -99 -99
-99 -1.52503357947473 0.300471517488526 -99 -99 -99 -99 -1.11724019925005 -99 -0.408006183432646 -99 0.561724002317813 -99 0.264075446094764 -99
-99 -99 -1.01636725712119 -99 -99 -99 -99 -99 -99 -99 -99 -99 -99 -99 -99
-99 -99 -99 -99 -0.176735201274666 -1.21731905663444 -99 -99 -99 -99 -99 -99 -99 -99 -99
-99 -99 -99 -99 -99 -1.81715617470644 -99 -99 -99 -99 -99 -99 -99 -99 -99
-99 1.82628471703281 -99 -99 -99 -99 -99 -99 -99 -99 -99 -99 -99 -99 -99
1.5041251129342 -99 -99 -99 -99 -99 -99 -99 -99 -99 -99 -99 -99 2.16680048955007 -99
-99 1.54568794664661 -99 -99 -99 -99 -99 -99 -99 -99 -0.420299035849187 -99 -99 2.96834080995958 -99
-99 -99 -99 -99 -99 -99 -99 -99 -99 -99 -99 -99 -99 -99 -99
-99 -99 2.56672402512884 -99 -99 -99 -99 2.35932244172256 -99 -99 -99 -99 -99 -99 -99
-99 -99 -99 -99 -99 -99 -99 -99 -99 -99 -99 -99 -99 -99 -99
-99 -99 -99 -99 -99 -99 -99 -99 -99 -99 -99 -99 2.567771629884 0.866084759115716 -99
-99 -99 -99 2.42750787178653 -99 -99 -99 -99 1.76983241593194 -99 -99 -99 -99 -99 -99
-99 -99 -99 -99 -99 -0.530691756610141 -99 -99 -99 -99 -99 -99 -99 -99 -99
-99 -99 -99 -99 -99 -99 -99 -0.107611012661558 -99 -1.41881748728024 -99 -99 -99 -0.932235848430615 -99
-99 -99 -99 -99 -99 -99 -99 -99 -99 -99 -99 1.54741438822511 -99 -99 -99
-99 -99 -99 -99 -99 -99 -99 -99 -99 -99 -99 4.59873861055924 -99 -99 -99
-99 -99 -99 -99 -99 -99 -99 -99 -99 -99 -99 -99 -99 -99 -99
-99 -99 -99 -99 -99 -99 -0.364571532698768 -99 -99 -99 -99 -99 -99 -99 -99
-99 -99 -99 -99 -99 -99 -99 -99 -99 -99 -99 -99 -99 -99 -99
-99 -99 -99 -99 -99 -0.327546437049299 -99 -99 -99 -99 -99 -99 -99 -0.255002664320592 -99
-99 -99 -99 -99 -99 -99 -99 -0.366124657853327 -99 -99 -99 -99 -99 -99 -99
-99 -99 -99 -99 -99 0.423764223111372 -99 -99 -99 -99 -99 -99 -99 -99 -99
-99 -99 -99 -99 -99 -99 -99 -99 -99 -99 -99 -99 -99 -99 -99
-99 -99 -99 -99 -99 -99 -99 2.39818238807049 -99 -99 -99 -99 -99 -99 -99
-99 -99 -99 -99 -99 -99 -99 -99 -99 -99 2.25467587069097 -99 -99 -99 -99
-99 2.16328969016313 -99 -99 -99 -99 2.85609364085753 -99 -99 -99 -99 -99 -99 -99 -99
-99 -99 -99 -99 -99 -99 -99 -99 -99 -99 -99 -99 -99 -99 -99
-99 -99 1.1334870968258 0.440774339918348 -99 -99 -99 -99 -99 -99 -99 -99 -99 -99 -99
-99 -99 -99 -99 -0.757127413584125 -99 -99 -99 -99 -99 -99 -99 -99 -99 -99
-99 -99 -99 -99 -99 -99 -99 -99 -99 -99 -99 3.41706507537621 -99 -99 -99
-99 -99 -99 0.380379299587243 -99 -99 -99 -99 -99 -99 -99 -99 -99 -99 -99
-99 -99 -99 2.66430144180676 -99 -99 -99 -99 -99 -99 -99 -99 -99 -99 -99
-99 -99 -99 -99 -99 -99 -99 -99 -99 -99 -99 -99 -99 -99 -99
-99 -99 -99 -99 -99 -99 -99 -99 -99 -99 -99 -99 -99 -99 -99
-99 -99 -99 -99 0.766155438493156 -0.614081677070708 -99 -99 0.833942648185421 -99 -99 -99 -99 -99 -99
-99 -99 2.36457387972214 -99 1.55907909262314 1.72442313086599 -99 -99 -99 -99 -99 -99 -99 -99 -99
-99 -99 -99 -99 -99 -99 2.00222610710636 -99 1.6975167534443 -99 -99 -99 -99 -99 -99
-99 -99 0.648099174455148 -99 -99 2.21923416752474 -99 -99 1.39959813193762 -99 -99 -99 -99 -99 -99
-99 -99 -99 -99 -99 -99 -99 -99 -99 -99 -99 -99 -99 -99 -99
-99 -99 -99 -99 -99 -99 -99 -99 -99 -99 -99 -99 -99 -99 2.74512321940196
-99 -99 -99 -99 1.39924680645448 -99 1.88259280010545 -99 -99 1.44902626950699 -99 -99 -99 -99 -99
-99 -99 -99 -99 -2.01293093815791 -99 -99 -99 -99 -99 -99 -99 -99 -99 -99
-99 -99 -99 -99 -99 -99 -99 2.67809601095896 -99 -99 -99 -99 -99 -99 -99
-0.289213159269002 -99 -99 -99 -99 -99 -99 -99 -99 -99 -99 -99 -99 -99 3.10667212628641
-99 -99 -99 -99 -99 -99 -99 -99 -99 -99 -99 -99 -99 -99 -99
-99 -99 -99 -99 -99 -99 -99 -99 -99 -99 -99 -99 -99 -99 -99
-99 -99 -99 -99 -99 -99 -99 -99 -99 -99 -99 -99 -99 -99 -99
-99 -99 -99 -99 -99 -99 -99 -99 -99 -99 -99 2.84811157226703 -99 -99 -99
2.34528503358324 -99 -99 3.37952752168815 -99 -99 -99 2.28472553170636 -99 -99 -99 -99 -99 -99 -99
-99 -99 -99 0.981184221513531 -99 -99 -99 -99 -99 -99 -99 -99 0.376348133392611 0.59604211005836 -99
-99 -99 2.68036621796497 -99 -99 -99 -99 -99 -99 -99 -99 -99 -99 -99 -99
2.88227002420359 -99 -99 -99 -99 -99 -99 -99 2.8063048893415 -99 -99 -99 -99 -99 -99
-99 -1.39124425111567 -99 -99 -99 -1.18340796085937 -99 -99 -99 -99 -0.136221190982447 -99 -99 -99 -99
-99 -99 -99 -99 -99 -99 -99 1.85479890321343 -99 -99 -99 -99 -99 -99 -99
-99 -99 -99 0.710640939012505 -99 -99 -99 -99 -99 -0.69122679556557 -99 -99 -99 -99 -99
-99 -99 -99 -99 -99 1.8802953790843 -99 -99 -99 -99 -99 -99 -99 -99 -99
-99 -99 -99 0.0277097536631048 -0.239793937852028 -99 -99 -99 -99 -99 -99 -99 -99 -99 -99
-99 -99 -99 -99 -99 -99 -99 -99 -99 -99 -99 -99 1.09251293698696 -99 -99
-99 -99 -99 -99 -99 -99 1.36893505635589 -99 -99 -99 -99 -99 0.66642722590359 -99 -99
-99 -99 -99 -99 -99 -99 -99 -99 -99 -99 -0.343994172128446 -99 -99 -99 -99
-99 -99 -99 -99 -99 1.04263466813402 -99 -99 -99 -99 -99 -99 -99 -99 -99
-99 -99 -99 -99 -99 -99 -99 -99 -99 -99 -99 -99 -0.72252530210754 -99 -99
-99 -99 -99 -99 -99 -99 1.77849203806389 -99 -99 -99 -99 -99 -99 -99 -99
-99 -99 -99 -1.17536378913013 -99 -99 -99 -99 -99 -99 -99 -99 -99 -99 2.30938256389455
0.83933326187258 -99 -99 -99 -99 -99 -99 -99 -99 -99 -99 -99 -99 -99 -99
2.56524597115977 -99 -99 -99 -99 -99 -99 -99 -99 -99 -99 -99 -99 -99 -99
0.99395603647531 -99 -99 -99 -99 -99 -99 -99 -99 0.466929550552148 -99 -99 -99 -99 -99
-99 0.0240932657100674 -99 -99 -99 -99 -99 -99 -99 -1.23823346170706 -99 -99 -99 -99 -99
-99 -99 -99 1.45078541493308 -99 -99 -99 -99 -99 -99 -99 -99 0.447516725005117 -99 2.40208427903404
2.27010758301288 -99 -99 -99 2.35356293976711 -99 -99 -99 -99 -99 -99 -99 -99 -99 -99
-99 -99 -99 -99 -99 -99 -99 -99 -99 -99 -99 -99 -99 -99 -99
-99 -99 -99 -99 -99 -99 -99 -99 -99 -99 -99 -99 -99 -99 -99
-99 -99 -99 -99 -99 -99 -99 -99 -99 -99 -99 -99 -99 -99 -99
-99 -99 -99 -99 -99 -99 -99 -99 -99 -99 -99 -99 -99 0.0636352536893381 -99
-99 0.456822930166119 -99 -99 -99 -99 0.778337383377882 -99 -99 -0.141399184720701 -99 -99 -99 -99 -99
-99 -99 -99 -99 -1.20604864783817 -99 -99 -99 -99 -2.36759401268551 -99 -99 -99 -99 -99
-99 -99 -99 -99 -99 -99 -99 -99 -99 -99 -99 -99 3.55067819480955 -99 2.28000499694626
-99 -99 2.90016675053812 -99 1.0235917298048 -99 2.97857711780388 -99 -99 -99 -99 -99 -99 -99 -99
-99 -99 -99 -99 -99 1.12634215475248 -99 -99 -99 -99 -99 -99 -99 -99 -99
0.754514933295159 -99 -99 -99 -99 -99 -99 -99 -99 -99 -99 -99 -99 -99 -0.350948347391235
-99 -99 -99 0.511063759712592 -99 -99 -99 1.13801172053284 -99 -99 -99 -99 1.51230253048622 -99 1.51595661379324
-99 -99 -99 -99 -99 -99 -99 2.69565056235961 -99 -99 -99 -99 -99 -99 2.84217114539319
-99 -99 -99 -99 -99 -99 -99 -99 -99 -99 -99 -0.600306935635802 -99 -99 -99
-99 0.879882111100609 -99 -99 -99 -99 -99 -99 -99 -99 -99 -99 -99 -99 -99
-99 -99 -99 -99 -99 -99 -99 -99 -99 1.79658802896831 -99 -99 -99 2.37552313067635 -99
-99 -99 -99 -99 -99 -99 -99 -99 -99 -99 0.190854180216287 -99 -99 -99 -99
-99 -99 -99 -99 -99 -99 -99 -99 -99 -1.25124253141154 0.702013665328694 -99 -99 0.248883984227097 -99
-99 -99 -99 -99 -99 -99 -99 -99 -99 -99 -99 -99 -99 1.46617041350958 -99
-99 -99 -99 2.02140107651656 -99 -99 -99 -99 -99 -99 1.83675407927781 -99 -99 -99 -99
-99 -99 1.42828723062928 -99 -99 -99 -99 1.52899343051426 -99 -99 -99 1.70063707642327 1.28545382389134 1.12006615553259 -99
-99 1.87623178872991 -99 -99 -99 0.742133652965741 -99 -99 -99 -99 -99 -99 -99 1.55374417604819 -99
-99 -99 -99 -99 -99 -99 -99 -99 -99 -99 2.05474752478637 -99 -99 -99 -99
-99 -99 -99 -99 -99 -99 -99 -99 0.552423466328809 -99 3.31472935867951 -99 -99 -99 -99
-99 -99 -0.783684287507538 -99 0.618312079298697 -99 -99 -99 -99 -99 -99 -99 -99 -99 -99
-99 -99 -99 -99 -99 1.43440106000041 -99 -99 0.169979448698884 -99 1.96857822649589 -99 -99 -99 -99
-99 -99 -99 -99 -99 -99 -99 -99 -99 -99 -99 -99 -99 -99 -99
-99 -99 -99 -99 -99 -99 -99 -99 -99 -99 -99 -99 -99 -99 -99
-99 -99 -99 -99 -99 -99 -99 -99 -99 -99 -99 -99 -99 -99 -99
-99 -99 -99 -99 -99 -99 -99 -99 -99 -99 -99 -99 -99 -99 -99
2.80945857889565 -99 -99 -99 -99 -99 2.20151163570665 -99 -99 -99 -99 -99 -99 -99 -99
-99 -99 -99 -0.0539334629309369 -99 -99 1.99771513178312 -99 -99 -99 -99 -99 -99 -99 -99
-99 -99 0.974870954350625 -99 -99 -99 -99 -99 -99 -99 -99 -99 -99 -99 0.0827347691040474
-99 -99 -99 -99 -99 -1.47471037759216 -99 -0.370935632374904 -99 -99 -99 -99 -99 -0.199544806854026 -99
-99 -99 -99 -99 -99 1.31556445618352 -99 -99 -99 -99 -99 -99 -99 -99 -99
-99 -99 -0.146029124242996 -99 -1.32174242602924 -99 -99 -99 -99 1.57278653781021 -0.0399462534881136 -99 -99 -99 -99
-99 -99 -99 0.00801937245262963 -99 -99 0.976580819320141 -99 -99 -99 3.10857074593143 -99 -99 -99 -99
1.89055244308781 -99 -99 -99 -99 -99 -99 -99 -99 -99 -99 -99 -99 -99 -99
1.5873851471439 0.993081818046063 -99 -99 -99 -99 -0.48298008622076 -99 -99 -99 -99 2.34687639149373 -99 -99 -99
-99 -99 -99 -99 -99 -99 -99 0.274689870834641 -99 -99 -99 -99 -99 -99 -99
-99 2.58639499164474 -99 -99 -99 -0.0946531208882537 -99 -99 -99 -99 -99 0.301984343212476 0.87183023127792 -99 -99
-99 -99 0.533958925905061 1.7520798898009 -99 -99 -99 -99 -99 -99 1.64073328802216 0.928037431304211 -99 -99 -99
-99 -99 -99 -0.676430287234729 0.865042875785904 -99 -99 -99 -99 -99 -99 -99 -99 -99 -99
-99 1.70779103378282 -99 -99 -99 -99 0.628764775763466 -99 -99 -99 -99 -99 -99 -99 -99
-99 -99 -99 -99 1.58410387978356 -99 -99 -99 -99 2.70010262161466 -99 -99 -99 3.37915187824656 -99
-99 -99 -99 -99 -99 -99 -99 1.50473356167408 -99 -99 -99 -99 -99 -99 -99
-99 -99 -99 2.77222185849117 -99 -99 0.352444902015327 -99 -99 -99 -99 -99 -99 -99 -99
1.75561819324952 -99 -99 -99 -99 -99 -99 -99 -99 -99 -99 -99 -99 -99 -99
-99 0.774304678617115 -99 -99 -99 -99 -99 -99 -99 -99 -99 -99 -99 -99 -99
-99 -99 -99 -99 -99 -99 -99 -99 -99 -99 -99 -0.276732911288754 -99 -99 -99
2.93748377753951 -99 -99 -99 -99 -99 -99 2.37354967506259 -99 2.91476379148751 -99 -99 -99 -99 -99
-99 0.137219435549242 -99 -99 -99 -99 -99 -0.291474225035605 -99 -99 -99 -99 -99 -99 -99
-99 -99 -99 -99 -99 -99 -99 1.85398577502006 -99 -99 -99 -99 -99 -0.865452633646536 -99
-0.922613416585347 -99 -99 -99 -99 -99 -99 -99 -99 -99 -99 -99 -99 -99 -99
-99 -99 -99 -99 1.73596137449156 -99 -99 -99 -99 -99 -99 -99 -99 -99 -99
-99 -99 -99 -99 1.49822747078572 -99 2.61381767976248 -99 -99 -99 -99 -99 -99 2.45781501240872 -99
-99 -99 -99 -99 -99 -99 -99 -99 -99 -99 -99 -99 -99 -99 -99
-99 -99 -99 -99 -99 -99 -99 -99 -99 -99 -99 -99 -99 -99 -99
-99 -99 -99 -99 -99 -99 -99 -99 -99 -99 -99 -99 -99 -99 -99
-99 -99 -99 -99 -99 -99 -99 -99 1.59438568335709 -99 -99 -99 -99 -99 -99
-99 -99 -99 -0.0966926232358318 -99 -99 -99 -99 -99 -99 -99 -99 -99 -99 -99
-99 -99 -99 -99 -99 -99 -99 -99 -99 -99 -99 -99 -99 -99 -99
-99 -99 -99 -99 -99 -99 -99 -99 -99 -99 -99 1.60585395350291 -99 -99 -99
-99 -99 -99 -99 -99 -99 -99 -99 -99 -99 -99 -99 -99 0.587484876007362 -99
-99 -99 -99 -99 -99 -99 -99 1.46531973078195 -99 -99 2.53678683355867 -99 -99 -99 -99
0.817918960357107 -99 -99 -99 -99 -99 -99 -99 -99 -99 -99 -99 -99 -99 -99
-99 -99 -99 -99 -99 -99 -99 -99 -99 -99 -99 -99 -99 -99 -99
-99 -99 -99 -99 -99 -99 -99 -99 -99 -99 -99 -99 -99 -0.732620424089228 -99
-99 -99 -99 -99 -99 -99 -99 -99 -0.0574128414243367 -99 -99 -99 -99 1.34796412769649 -99
-99 -99 -99 -99 -99 -99 -99 -99 -99 0.909207277168772 -99 -99 -0.655875897082279 -99 -99
-99 -99 -99 -99 -99 0.334082133825402 -99 -99 -99 -99 -99 1.09319549693807 -99 1.35507886301068 -99
-99 -99 -99 -99 -99 -99 -99 -99 -99 -99 -99 -99 -99 -99 -99
-99 -99 -99 2.02860677656178 -99 -99 -99 -99 -99 -99 -99 -99 -99 -99 -99
-99 -99 -99 -99 -99 -99 -99 -99 -99 -99 -99 -99 -99 -99 -99
-99 -99 -99 -99 -99 -99 -99 2.32808611848988 -99 -99 -99 -99 -99 -99 0.976280226459646
-99 -99 -99 -99 -99 -99 -99 -99 -99 -99 -99 -99 -99 -99 -99
-99 -99 -99 -99 -99 -99 -99 -99 -99 -99 -99 3.84613548655195 -99 -99 -99
-99 -99 -99 -0.981176941128921 -99 -99 -99 -99 -99 1.13369236587029 -99 -99 -99 -99 -99
-99 -99 -99 -99 -99 -99 -99 -99 -99 -99 -99 -99 -99 -0.82353488982279 -99
-99 -99 -99 -99 -99 -99 -99 -99 -99 -99 0.427714108487654 -99 -99 0.356882101628954 -99
-99 -99 0.898089577240478 -99 -99 0.486564249950613 -99 -99 -99 -99 -99 -99 -99 1.62065411626227 -99
-99 -99 -99 -99 -99 0.126422200977619 -99 -99 -99 -99 -99 -99 -99 -99 -99
-99 -99 -99 -99 -99 -99 -99 -99 -99 -99 -99 -0.742167504955855 -99 -99 -99
-99 -99 -99 1.2915353528614 -99 0.809459644115474 -99 -99 -99 -99 -99 -99 -99 1.29313170784396 -0.340486497271524
-99 -99 -99 -99 -99 2.1260319274643 -99 -99 0.991555237424803 -99 -99 -99 -99 -99 -99
-99 -99 -99 -99 -99 -99 -99 -99 -99 -99 0.449635034659305 -99 -99 -99 -99
-99 -0.106321113634445 -99 -99 -99 -99 -99 -0.832241186814731 -99 -99 -99 -99 -99 -99 -99
-99 -99 -99 -99 -99 -99 -99 -99 -99 -99 -99 -99 -99 -99 -99
-99 -99 -99 -99 -99 -99 -99 -99 -99 -99 -99 -99 -99 -99 -99
-99 -99 -99 -99 -99 -99 -99 -99 -99 -99 -99 -99 -99 -99 -99
-99 -99 -99 -99 -99 -99 -99 -99 -99 -99 -99 -99 -99 -99 -99
-99 -99 -99 -99 0.247180064111265 -99 -99 -99 -99 -99 -99 -99 -99 -99 -99
-99 -99 -99 -99 1.53276514801855 -99 -99 -99 -99 -99 -99 -99 -99 -99 -99
-99 -99 -99 -99 -99 -99 -99 -99 -0.0686275449610048 -99 -99 -0.0794691898207345 -1.1325528505416 -99 -99
0.545163564232992 -99 1.66508213353508 -99 -99 -99 -99 -99 -99 0.831383604023892 -99 -99 -99 -99 -99
-99 1.37541241245542 -99 -99 -99 -99 -99 4.6416378403244 -99 -99 -99 1.96912875006324 -99 -99 -99
-99 -99 1.26621336886941 -99 -99 -99 -99 2.64256751063942 -99 -99 -99 -99 -99 -99 -99
-99 -99 -99 -99 -99 -99 -99 -1.00464105575702 -99 -99 -99 -99 2.52671568029335 -99 -99
-99 -99 -99 -99 -99 0.984776529541285 -99 -99 -99 -99 -99 -99 -99 -99 -99
-99 -99 -99 -99 -99 -0.237688879260942 -99 -99 -99 -99 -99 -99 -0.068356119746136 -99 -99
-99 -99 -99 -99 -99 -99 -99 -99 5.50755127741075 -99 -99 -99 -99 -99 -99
1.00810960329658 -99 -99 -99 -99 -99 -99 -99 -99 -99 -99 2.43923134238702 2.14600359777441 -99 -99
-99 -99 -99 -99 -99 -99 -99 -99 -99 -99 -99 -99 -99 -99 -99
-99 1.39200544970645 -99 -99 -99 -99 -99 -99 -99 -99 -99 -99 -99 -99 -99
-99 0.745412260909051 -99 -99 -99 -99 -99 -99 -99 -99 -99 -99 -99 -99 -99
-99 -99 -99 0.806655179995473 -99 -99 -99 -99 -99 -99 -99 -99 -99 -99 -99
-99 -99 2.68916290171885 -99 -99 -99 -99 -99 -99 -99 -99 -99 -99 -99 -99
5.17815334003444 -99 -99 -99 -99 -99 -99 -99 -99 -99 -99 -99 -99 -99 -99
-99 -99 -99 -99 -99 0.646647839788846 -99 -99 -99 -99 -99 -99 -99 -99 -99
-0.615163142829565 -99 -99 -99 -99 -99 -99 -99 -99 -99 -99 0.534748139632114 -99 -99 -0.724983538752148
-99 -99 -99 -99 -99 -99 0.739375896060925 -99 -0.0529084056457838 -99 -99 -99 -99 -99 1.29477022133887
-99 -99 2.54299099490337 -99 -99 -99 -99 -99 -99 -99 -99 -99 -99 -99 -99
-99 -99 -99 -99 -99 -99 -99 -99 -99 -99 2.97207998158131 -99 -99 -99 -99
-99 -99 -99 -99 -99 -99 -99 -99 -99 -99 -99 -99 -99 -99 -99
-99 -99 -99 -99 -99 -99 -99 -99 -99 -99 -99 -99 -99 2.17090742322217 -99
-1.18521001479948 0.567782249620661 -99 -0.556932904075949 -0.704182316345099 -99 -99 -99 -99 -99 0.0742696786726791 -99 -99 -99 -99
-99 -99 -99 -99 -99 -99 -99 -99 0.883288455102011 -99 0.193653345450101 -99 -99 -99 -99
-99 -99 -99 -99 -99 -99 -99 -99 -99 -99 -99 -99 -99 -0.382316097802654 -99
-99 -99 -99 -99 -99 -99 -99 -99 -99 -99 -99 -99 -99 -99 -99
-99 -99 -99 -99 -99 -99 -99 -99 -99 -99 -99 -99 -99 -99 -99
-99 -99 -0.266144886531512 -99 -99 -99 -99 -99 -99 -99 -99 1.8056272701085 -99 0.179215937866949 -99
-99 -99 -99 1.28884369394943 -99 -99 -99 -99 -99 -99 -99 -99 -99 -99 -99
-99 -99 -99 -0.369356769864162 -99 -99 -99 -99 -99 -99 -99 -99 -99 -99 -99
-99 -99 -99 -99 -99 -99 -99 -99 -99 -99 -99 -99 -99 -99 -99
-99 -99 -99 -99 -99 -99 -99 -99 0.89240247940447 -99 -99 -99 -99 -0.465056276869295 -99
-99 -99 -99 -99 -99 -99 -99 -99 -99 -99 -99 -99 -99 -99 -99
-99 -99 -99 -99 -99 -99 -99 -99 -99 -99 0.634274294249592 -99 -99 -99 1.66293600726513
-99 -99 -99 -99 -99 -99 -99 -99 -99 -99 -99 -99 -99 -99 -99
-99 -99 -99 -99 -99 -99 -99 -99 -99 -99 -99 -99 2.75929561978565 2.95971987904024 -99
-0.689546039555489 -99 -99 -99 -99 -99 -99 -99 -99 -99 -99 -99 -99 -0.311168172899175 -99
-99 4.09206459087493 -99 -99 -99 -99 -99 2.77544788343914 -99 -99 -99 -99 -99 -99 -99
-99 -99 -99 -99 -99 -99 -99 -99 -99 -99 -99 -99 -99 -99 -99
-2.34726313157462 -99 -99 0.134138733712648 -0.737778930350105 -99 -99 -99 -99 -99 -99 -99 -99 -99 -99
-99 -99 -99 -99 -99 2.46559311058313 -99 -99 -99 -99 -99 -99 -99 -99 -99
0.403469756337776 -99 -0.121648862028185 -99 -99 -99 -99 -99 -99 2.05156319274513 -99 -99 1.27757250369922 -99 -99
0.825604832806093 -99 -99 -99 -99 -99 -99 -99 -99 -99 -99 -99 -99 -99 -99
-99 -99 -99 4.05907997252842 1.47665443077664 -99 -99 -99 1.79227982211718 -99 -99 -99 -99 -99 -99
-99 -99 -99 -99 0.314762397532007 -99 -99 -99 -99 -99 -99 0.300640353921914 -99 -99 -99
-99 -99 -99 -99 -99 -99 -99 -99 -99 -99 -99 -99 -99 -99 0.437034462977703
-99 -99 0.205850570182379 -99 -99 -99 -99 -99 -99 -99 -99 -99 -1.11680056637325 0.75280407266312 -99
-99 -99 -99 -99 -99 -99 -99 -99 -99 -99 -99 -99 -99 -99 -99
-99 2.63438793508913 1.61688996502813 -99 -99 -99 -99 -99 -99 -99 -99 -99 -99 -99 -99
-99 -99 -99 -99 -99 -99 -99 -99 -99 -99 -99 -99 -99 -99 -99
-99 -1.10421130441601 -99 -99 -99 -99 -0.466702401600211 -99 -99 -99 -99 -99 -0.792341929123656 -1.47622832879891 0.199626951764374
-99 -99 -99 -99 -99 0.414915341460024 -99 -99 -99 -99 -99 -99 -99 -99 -99
-99 -99 -99 -99 -99 -99 0.497024610966359 -99 -99 -99 -99 -99 -99 -99 -99
-99 -99 -99 -99 -99 -99 -99 -99 -99 -99 -99 -99 -99 -99 -99
-99 -99 -99 -99 -99 -99 -99 -99 -99 -99 -99 -99 -99 -99 -99
-99 -99 1.45776438522651 -99 -99 -99 -99 -99 -99 -99 -99 -99 -99 0.678927388457521 -99
-99 -99 -99 -99 -99 -99 -99 -99 -99 -99 -99 -0.742430620018568 -99 -99 -99
-99 -99 1.61671470392454 -99 -99 -99 -0.516789207558915 0.46522751032873 -99 -99 -99 -99 -99 -99 -99
-99 -99 -99 -99 1.22991884071243 -99 -99 -99 -99 -99 -99 0.637803125088954 -99 -99 -99
-99 -99 -99 -99 -99 -99 -99 -99 -99 -99 -99 -99 -99 -99 -99
-99 -99 -99 -99 -99 -99 -99 1.74507488876898 -99 -99 -99 -99 -99 -99 -99
2.33208961963544 1.66168208024915 -99 -99 -99 -99 -99 -99 -99 -99 -99 3.71859720744558 -99 -99 -99
-99 -99 -99 -99 -0.0350828650926531 -99 -99 -99 -99 -99 -99 -99 -99 -99 -99
-99 -99 -99 -99 -99 -99 -99 -99 -99 -99 -99 -99 -99 -99 -99
-99 -99 -99 -99 -99 -99 -99 -99 -99 -99 -99 -99 -99 -99 -99
-99 -99 -99 -99 -99 -99 -1.30926349910277 -99 -99 -99 1.19084556740434 -99 -99 -99 -99
-99 -99 -99 -99 -99 -99 -99 -99 -99 -99 -99 -99 0.573775024639857 -99 -99
-99 -99 -99 -99 -99 -99 -99 -99 -99 -99 -99 -99 -99 0.117926756184641 -99
-99 -99 -99 -99 -99 3.06544589969933 -99 -99 -99 -99 -99 -99 -99 2.16824007674405 -99
1.37559969741287 1.39897011794251 -99 -99 -99 -99 -99 -99 -99 2.90022653975355 -99 -99 -99 -99 -99
-99 -99 -99 -99 -99 -99 -99 -99 -99 -99 -99 -99 -99 -99 -99
-99 -99 -99 -99 -99 -99 -99 -99 -99 -99 -99 -99 -99 -99 -99
-99 -99 -99 -99 0.692508981663701 -99 -99 -99 -99 -99 -99 -99 -99 -99 -99
-99 -99 -99 -99 -99 -0.66227839337049 -99 -99 -99 -99 -99 -99 -99 -99 -99
2.57624580605372 -99 -99 -99 -99 -99 2.89399547567012 -99 -99 -99 -99 -99 -99 -99 -99
-99 -99 -99 -99 -99 -99 -99 -99 -99 -99 -99 -99 -99 -99 -99
-99 -99 -99 -99 -99 -99 -99 -99 -99 -99 0.263818631236834 -0.121900786274656 -99 -99 -99
-99 -99 -99 -99 -99 -99 -99 -99 -99 -99 -99 -0.0550567635626009 -99 -99 -99
-99 -0.5576971041719 -99 -99 -1.33018617448924 -99 -99 -99 -99 -99 -99 -99 -99 -99 -99
-99 -99 -99 -99 -99 -99 -99 -99 -99 -99 -99 -99 -99 -99 -99
-99 -99 -99 -99 -99 -99 -99 -99 -99 -99 -99 -99 -99 -99 -99
-99 -99 -99 -99 -99 -99 -99 -99 -99 -99 -99 -99 -99 -99 -99
-99 -99 -99 -99 -0.729692227306225 -99 -99 -99 -1.37455233248149 -99 -99 -99 -99 -99 -99
-99 -99 -99 -99 -99 -99 -99 -99 -99 -99 -99 -99 -99 -99 -99
-99 -99 -99 1.74684067677411 -99 -99 -99 -99 -99 -99 -99 -99 -99 -99 -99
-99 -99 -99 -99 -99 -99 -99 -99 -99 1.71588463896697 -99 -99 -99 -99 -99
-99 -99 -99 -99 -99 -99 -99 -99 -99 -99 -99 -99 -99 -99 1.27024235808655
-99 -99 -99 -99 -99 -99 -99 -99 -0.0152556466960292 -99 -99 -99 -99 -99 -99
-99 -99 -99 -99 -99 -99 -99 -99 -99 -99 -99 -99 -99 -99 -99
-99 -99 -99 -99 -99 -99 -99 -99 -99 -99 -99 0.563220650433272 -99 -99 -99
-99 -99 0.176217247594028 -99 -99 -99 -99 -99 -99 -99 -99 -99 -0.256390465840429 1.4637963225827 -99
-99 -99 -99 -99 -99 -99 -99 -99 -99 -99 -99 -99 1.08840330045084 -99 -99
-99 -99 -0.429803305131436 -99 -99 -99 -99 -99 -99 -99 -99 -99 -99 -99 -99
-99 -99 -99 -99 -99 -99 0.0912016139810641 -99 -99 -99 -99 -99 -99 -99 -99
-99 -99 0.600893867866539 -99 -99 -99 -99 -99 -99 -99 -99 -99 -99 -99 -99
-99 -99 -99 -99 -99 -99 -99 -99 -99 1.1749283534467 -99 -99 -99 -99 -99
-1.12017724881745 -99 -99 -99 -99 -99 -99 -99 -99 0.0084902355284785 -99 -99 -2.55577929144015 -0.808706275960737 -99
-99 -99 -99 -99 1.50436848955355 -99 -99 -99 -99 -99 -99 -99 -99 -99 -99
-1.13014468267348 -99 -99 -99 -99 -99 -99 -99 0.524554533059732 -99 -99 -99 -99 -99 -0.279242239182491
-99 -99 -99 0.66231066284668 -99 -99 -99 -99 -99 -99 -99 -99 2.78463506184729 -99 -99
-99 -0.234751134495104 -99 -99 -99 -99 -99 -99 -99 -99 -99 -99 -99 -99 -0.348515986965078
-99 -99 -0.00580803266997787 -99 -99 0.308734275574545 -99 -99 -99 -99 -99 0.77497074706344 -99 1.60802194376532 -99
-99 -99 -99 -99 -99 -99 -99 -99 0.217375547019389 -99 -99 -99 -99 -99 -99
-99 -99 -99 -99 -99 -99 -99 -99 -99 -99 -99 -99 -99 -99 -99
-99 -99 -99 -99 -99 -99 -99 -99 -99 -99 1.71324333845915 -99 -99 -99 -99
-99 -99 -99 -99 -99 -99 -99 -99 -99 -99 -99 -99 -99 -0.153195978730681 -99
1.7964270241828 -99 -99 -99 -99 -99 -99 2.80068506386366 -99 -99 0.836558519660455 -99 -99 -99 -99
-99 -99 -99 -99 -99 -99 -99 -99 -99 -99 -99 -99 -99 -99 -99
-99 0.609482754105948 -99 -99 -99 1.45081658973183 -99 -99 -99 -99 -99 -99 -99 -99 -99
-99 -99 -99 0.924307109208879 -99 -99 -99 -99 2.12281885695964 -99 -99 -99 -99 -99 -99
-99 -99 -99 -99 -99 -99 -99 -99 -99 -99 -99 -99 -1.06674040357383 -99 -99
-99 -99 -99 -99 -99 -99 -99 -99 -99 -99 -99 1.76811321910409 -99 -99 -99
-99 -99 -99 -99 -99 -99 -99 -99 -99 -99 -99 -99 -99 -99 -99
-99 -99 -99 -99 -99 2.07710348546513 -99 -99 -99 -99 -99 -99 -99 -99 -99
-99 2.17808187536493 -99 -99 -99 1.86950771064799 -99 -99 -99 -99 -99 -99 -99 -99 -99
-99 -99 -99 -99 -99 -99 -99 -99 -99 -99 -99 -99 -99 -99 -99
1.04938595410513 -99 -99 -99 -99 -99 -99 -99 -99 -99 -99 -99 -99 -99 -99
-99 -99 -99 1.28215237424677 -99 -99 -99 -99 -99 -99 -99 -99 -99 -99 -99
-99 -99 5.12943340425935 -99 -99 -99 -99 -99 -99 -99 -99 -99 -99 -99 -99
-99 -99 -99 -99 -99 -99 0.364803184861304 0.904086130233016 -99 -99 -99 -99 -99 -99 -99
-99 -99 -99 -99 -99 -99 -99 -99 -99 -99 -99 -99 1.57379477228305 -99 -99
-99 -99 -99 3.52004940442711 1.66120949455773 -99 -99 -99 -99 -99 -99 -99 -99 -99 -99
-99 -99 -99 -99 -99 -99 -99 -99 -99 -99 -99 -99 -99 0.635306631853787 -99
-99 -99 -99 -99 -99 -99 -99 -99 -99 -99 -99 -99 -99 -99 -99
-99 -99 -99 -99 -99 -99 -99 -99 -99 -99 -99 -99 -0.493569596708597 -99 -99
-99 -99 -99 -0.801949107771709 -99 -99 -99 -99 -99 -99 -99 -99 -99 -99 0.565998286847962
-99 -99 -99 -99 -99 -99 -99 -99 -99 -99 -99 -99 -99 -99 -99
-99 -99 -99 -99 -99 -99 -99 -99 -99 -99 -99 0.671148316796066 -99 -99 -99
-99 -99 -99 -99 -99 -99 1.34103648525947 3.04185936707241 2.65673731459334 -99 -99 -99 -99 -99 -99
-99 -99 -99 -99 -99 -99 -99 -99 -99 -99 -99 -99 -99 -99 -99
-99 -99 -99 0.273190713468474 -99 -99 -99 -99 -99 -99 -99 -99 -99 -99 -99
-99 -99 -99 -99 -99 -99 1.71332854171141 -99 -99 -99 -99 -99 -99 -99 -99
1.85778779255201 -99 -99 -99 0.905146461438377 -99 -99 -99 -99 -99 -99 -99 -99 -99 -99
-99 -99 -99 -99 -99 -99 -99 -99 -99 -99 -99 -99 -99 -99 -99
-99 -99 -99 -99 -99 -99 -99 -99 1.27139580496695 -99 -99 0.696515648155005 -99 -99 -99
-99 -99 -99 -99 -99 -1.51519136273715 -99 -99 -99 -99 -99 -99 -99 -99 -99
-99 -99 -1.0298035804353 -99 -99 -99 -99 -99 -99 -99 -99 -99 -99 -99 -99
-99 -99 -99 -99 -99 -99 -99 -99 -99 -99 -99 -99 -99 -99 0.984414051746039
-99 -99 -99 -99 -99 -99 -99 3.1485389416842 -99 -99 -99 3.09981086023178 -99 -99 -99
0.00554289415419973 -99 -99 -99 -99 -99 -99 -99 -99 -99 -99 -99 -99 -99 -99
-0.63020032895545 -99 -99 -99 -99 -99 -99 -99 -99 -99 -99 -99 -99 -99 -99
-99 -99 -99 -99 -99 -99 -99 -99 -99 -99 -99 -99 -99 0.250157451321209 -99
-99 -99 -99 -99 -99 -99 -99 -99 -99 -99 -99 -99 -99 -99 0.205297952344505
-99 -99 -99 -99 -99 -99 -99 -99 -99 -99 -99 -99 -99 -1.34055805592461 -99
-99 1.82788692703147 -99 -99 -99 -99 -99 -0.592737945777235 1.51545056215937 -99 1.97611924273278 -99 -99 -99 -99
-99 -99 -99 -99 -99 -99 -99 -99 -99 -99 0.796417718175381 0.484961704565693 -0.0319227198979524 -99 -99
-99 -99 -99 -99 -99 -99 -99 -99 2.1423819226218 -99 -99 -99 -99 -99 -99
-99 -99 -99 -99 -99 -99 -99 -99 -99 -99 -1.48282197733615 -99 -99 -99 -99
-99 -99 -99 -99 -99 -99 -99 -99 -99 -99 -99 -99 -99 -99 -99
-99 -99 -99 -99 -99 -99 -99 -99 -99 -99 -99 -99 -99 -99 -99
-99 -99 -99 -99 -99 -99 -0.0025100378919054 1.57347263218189 -99 -99 -99 -99 -99 -99 -99
-99 2.28678696360582 -99 -99 -99 -99 1.98216057712564 -99 -99 -99 -99 -99 -99 -99 0.385171379377146
-99 -99 -99 -99 -99 -99 -99 -99 -99 -99 -99 0.0565862818281719 -99 -99 -99
-99 -99 -99 -99 -99 -99 -99 -99 -99 -99 -99 -99 -99 -99 -99
-99 -99 -99 -99 -99 -99 -99 -99 -99 -99 -99 -99 -99 -99 -99
-99 -99 -99 -99 -99 -99 -99 -99 -99 -99 -1.3084153120122 -99 -99 0.877929047931471 -99
-99 -99 -99 0.519809164705497 1.40012419109442 3.08922127957154 -99 -99 0.504039476899958 -99 -99 -99 -99 -99 -99
-99 -99 -99 -99 -0.684881291073614 -99 0.0303187776711326 -99 -99 -99 -99 -99 -99 -99 -99
-99 -99 -99 -99 -99 -99 -99 -99 -99 -99 -99 -99 -99 0.816690090225776 -99
-99 -99 -99 -99 -99 -99 -99 0.8518567274697 -99 -99 -99 -99 -99 -99 -99
-99 -99 -99 -99 -99 0.696417925956265 -99 -99 -99 -99 -99 -99 -99 -0.389870512983878 -0.827254853924959
-99 -99 -99 -99 -99 -99 -99 -99 -99 -99 -99 -99 -99 -99 -99
-99 -99 -99 -99 -99 -99 -99 -99 -99 -99 1.13793453048631 -99 -99 -99 -99
2.44218187092318 -99 -99 -99 -99 -99 -99 -99 -99 -99 -99 -99 -99 -99 -99
-99 -99 -99 1.23686909479849 -99 -99 -99 1.90550240501087 -99 -99 1.00209482208242 -99 2.50747129648725 -99 -99
-99 -99 -99 -99 -99 -99 -99 -99 -99 -99 -99 -99 -99 -99 -99
-99 -99 -99 -99 -99 -0.622662112047562 -99 -99 -0.716408916980382 -99 -99 -99 -99 -99 1.8448388393863
-99 -99 -99 -99 -99 -99 -99 -99 -99 -99 -99 -99 -99 -99 -99
3.7847368101582 -99 -99 -99 -99 -99 1.9302193434749 -99 -99 -99 -99 1.70750297414656 -99 -99 -99
-99 -99 -99 2.84698102035814 1.38636413946514 -99 -99 -99 -99 -99 -99 -99 2.76407761211794 -99 -99
-99 -99 -99 -99 -0.0790631070680359 2.13338474172374 1.09257173219013 -99 -99 -99 -99 -99 -99 -99 -99
-0.43249501365259 -99 -99 -99 -99 -99 -99 -99 -99 -99 -99 -99 -99 -99 -99
-99 -99 -99 -99 -99 -99 -99 3.19478235382208 -99 -99 -99 -99 1.72159994717587 -99 -99
-99 -99 0.510254594800287 -99 -99 -99 1.88729002281543 -99 -99 -99 -99 -99 -99 2.26294266081077 -99
-99 -99 -99 -99 -99 -99 -99 -99 -99 -99 -99 1.52104647558788 -99 -99 0.386009823294766
-99 -99 -99 -0.736991016537918 -99 -99 -99 -99 -99 -99 -99 -99 -99 -99 -99
-99 -99 -99 -99 -99 -99 -99 3.16996334552147 -99 -99 -99 2.48499940306438 -99 1.56754554926207 -99
-99 -99 -99 -99 -99 -99 -99 -1.39626192823172 -99 -99 -99 -99 -99 -99 -99
-99 -99 -99 -99 0.270629418242493 -99 -99 -99 -99 -99 -99 -99 -99 -99 -99
-99 0.963132814941725 -99 -99 -99 -99 -99 -99 -99 -99 -99 -99 -99 -99 -99
-99 -99 -99 0.802994711104426 -99 -99 -99 -99 -99 -99 -99 -99 -99 -99 -99
-99 0.236009298460053 -99 -99 -99 -99 -99 -1.41232618802694 -99 -99 -99 -99 -99 -99 -99
-99 0.563966208866774 -99 -99 -99 -99 -99 0.371617359322889 -99 0.938035989828616 -99 -99 -99 -99 -99
-99 -99 -99 -99 -99 -99 -99 -99 -99 0.473523537356295 -99 -99 -99 -99 -99
-99 1.24321979948687 -99 -99 3.19934173745567 0.880909662787099 -99 -99 -99 -99 -99 2.41153342851032 -99 -99 -99
-99 -99 -99 -99 -99 -99 -99 -99 -99 -99 -99 1.40550774288683 -99 -99 -99
-99 -99 -99 -99 -99 -99 -99 1.57108711110282 0.929021529708339 -99 -99 -99 -99 -99 -99
-99 -99 -99 0.305408517596 -99 -99 -99 -99 -99 -99 -99 -99 -99 2.81589081081491 -99
0.208402495153174 -99 -99 -99 -99 -99 -99 0.349997842890132 -99 -99 1.52016586255899 -99 -99 -99 -0.323898320193247
-99 -99 -99 -99 -99 -99 -99 -99 -99 -99 -99 0.169820780807999 -99 -99 -99
-99 -99 -99 -99 -99 -99 -99 -99 -99 -99 -99 -99 -99 -99 -99
-99 -99 -99 -1.67005584170497 -99 -99 -99 -99 -0.376577008740584 -99 -99 -99 -99 -99 -99
-99 0.18988975997092 -99 -99 -99 -99 -99 -99 -99 -99 -99 -99 -99 -99 -99
-99 1.23503613948626 -99 2.0095069961837 -99 -99 -99 -99 -99 -99 -99 -99 -99 -99 -99
-99 -99 -99 0.883965138108202 -99 -99 -99 -99 -99 -99 -99 -99 -99 -99 -99
-99 -99 -99 -99 -99 -99 -99 -99 -99 -99 -99 -99 -99 -99 -99
-99 1.10125348155098 -99 2.99957100543163 -99 2.06115728588029 -99 -99 -99 -99 -99 -99 -99 -99 -99
-99 -99 -99 -99 -99 -99 -99 -99 -99 -99 -99 -99 -99 -99 -99
-99 -99 -99 -99 -99 -1.06908319812228 -99 -99 -99 -99 -99 -99 1.05225918505964 -99 -99
-99 -99 -99 0.165114019307399 -99 -99 -99 -99 -99 -99 -99 -99 -99 -99 -99
-99 -99 -99 -99 -99 -99 -99 -99 1.7560298245468 -99 -99 -0.106188549399632 -99 -99 -99
-99 -99 -99 -99 -99 -99 1.53991849831156 -99 -99 -99 0.589783863330682 -99 -99 -99 -99
-99 -99 -99 -99 -99 -99 -99 -99 -99 -99 -99 -99 2.01706303291792 -99 1.45328863732914
-99 -99 -99 2.25547361289419 -99 -99 -99 -99 -99 1.19944769025063 -99 -99 -99 -99 -99
-99 -99 -99 -99 -99 -99 -99 -99 0.641041103817452 -99 -99 0.893793478876451 -99 1.22841017768807 -99
-99 -99 4.12217227248756 -99 -99 -99 -99 -99 -99 -99 -99 1.64908210514059 -99 -99 -99
-99 -99 -99 -99 -99 -99 -99 -99 1.6015062896726 -99 -99 -99 -99 -99 -99
-99 -99 -99 -99 -99 -99 -99 -99 -99 -99 -99 -99 -99 -99 -99
-0.0201797028220652 -99 -99 -99 -99 -99 -99 -99 -99 -99 -99 -99 -99 -99 -99
-99 -99 0.177546595843452 -99 -99 -99 -99 -99 -99 -99 -99 0.793210076411599 -99 -99 -99
-99 -99 -99 -99 -99 -99 -99 -99 -99 -99 -99 -99 -99 -99 -99
-99 -99 -99 -99 -99 -99 -99 -99 1.42331316266869 -99 -1.34163207258742 -99 -99 -99 -99
-99 -99 -99 -99 -99 0.732926130959962 -99 -99 -99 -99 -99 -99 -99 -99 -99
-99 -99 -99 -99 -99 -99 -99 -99 -99 -99 -99 -99 -99 -99 -99
-99 -99 -99 -99 -99 -99 -99 -99 -99 -99 -99 -99 -99 1.56979756544922 -99
-99 -99 -99 -99 -99 -99 -99 -99 -99 -99 -99 0.404280738383992 -99 -99 -99
-99 -99 -99 -99 -99 -99 -99 1.13271035516056 -99 -99 -0.79426658561049 -99 -99 -99 -1.27179088700559
-99 -99 -99 1.48151687900945 0.562074142338673 -99 -99 -99 -99 -99 -99 -99 -99 -99 -99
-99 1.17948956080883 -99 -99 -99 -99 -99 -99 -99 -99 -99 1.71013331743375 -99 -99 -99
-99 -99 -99 -99 -99 -99 -99 -99 -99 -99 -99 -99 -99 -99 -99
-99 -99 -99 -99 -99 -99 -99 -99 -99 -99 -99 -99 -99 -99 -99
-99 -99 -99 -99 -99 -99 -99 -99 -99 -99 -99 -99 -99 -99 -99
-99 -99 -99 -99 -99 -99 0.654912546980257 -99 -99 -99 -99 -99 -99 -99 -99
-99 -99 -99 -99 -99 -99 -99 -99 -99 -99 -99 -99 -99 -99 -99
-99 -99 -99 -99 -99 -99 -99 -99 -99 -99 -99 -99 -99 -99 -99
-99 -99 -99 -99 -99 -99 -99 -99 -99 -99 -99 1.84793786837127 -99 -99 -99
-99 -99 -99 -99 -99 -99 -99 -99 -99 1.09573594759868 -99 -99 -99 -99 -99
-99 -99 -99 -99 -99 -99 -99 -99 -99 -99 -99 -99 -99 -99 -99
-99 -99 -99 -99 -99 -99 -99 -99 -99 -99 -99 -99 1.34231749233822 -99 -99
-99 -99 -99 -99 -99 -99 -99 -99 -99 -99 -99 -99 -99 -99 -99
-99 -99 -99 -99 -99 -99 -99 -99 -99 -99 -99 -99 -99 -99 -99
-99 -99 -99 -99 -99 -99 -99 -99 -99 -99 -99 -99 -99 -99 -99
-99 -99 -99 -99 -99 -99 0.753045691510234 -99 -99 -99 -99 -99 -99 -99 -99
-99 -99 -99 -99 2.78214394233106 -99 -99 -99 -99 -99 -99 -99 -99 -99 -99
-99 -99 -99 -99 -99 -99 -99 1.15688913053249 -99 -99 -99 -99 -99 -99 -99
-99 2.20527680267322 -99 -99 -99 -99 -99 -99 -99 -99 -99 -99 -99 -99 -99
2.50483143375515 -99 -99 -99 -99 -99 -99 -99 -99 3.20197794692609 -99 -99 -99 -99 -99
-99 -99 -99 -99 -99 -99 -99 -99 -99 1.59761299789185 -99 -99 -99 -99 -99
-99 -99 0.280117288428433 -99 -99 -99 -99 0.575314732063906 -99 -99 -99 0.809276453148329 -99 -99 -99
-99 -99 -99 -99 -99 -99 -99 -99 -99 -99 -99 -99 -99 -99 -99
-99 0.642426705636886 -99 -99 0.786355558614608 -99 -99 -99 -99 -99 -99 2.23689807521495 -99 -99 -99
-99 -99 -99 -99 -0.28868837182532 -99 -99 -99 -99 -99 -99 -99 -99 -99 -99
-99 -99 -99 -99 -99 -99 -99 -99 -99 -99 -99 -99 -99 -99 -99
-99 1.4864184808463 -99 -99 -99 -99 -99 1.32317974027228 -99 -99 -99 -99 -99 -99 1.64261551622666
-99 -99 -99 -1.09138312514791 -99 0.752109440326838 -99 -99 -99 -99 -99 -99 -99 -99 -99
-99 -99 -99 -0.903093239173224 -99 -99 -99 -99 -99 -99 -99 -99 -99 -99 -99
-99 -99 -99 -99 -99 -99 -99 -99 -99 -99 -99 -99 -99 -99 -99
-99 -99 -99 -99 -99 -99 -99 -99 -99 0.668973300178629 -99 -99 -99 -99 -99
-99 -99 -99 -99 -99 -99 -99 -99 -99 -99 -99 -99 -99 -99 -99
-99 -99 -99 0.254667133904189 -99 -99 -99 -99 -99 0.152603492910522 -99 -99 -99 -99 -99
-99 -99 -99 -99 -99 -99 -99 -99 0.961853831444793 -99 -1.29265357226532 -99 -99 -99 -99
-99 -99 -99 -99 -99 -99 -99 -99 -99 -99 -99 -99 -99 -99 -99
-99 -99 -99 -99 -99 -99 -99 -99 -99 -99 -99 -99 -99 -99 -99
-99 -99 -99 -99 0.722966861097797 -99 -99 -99 -99 -99 -99 -99 -99 -99 0.264465443326144
-99 -99 -99 -99 -99 -99 0.0900301801183774 -99 -99 -99 -99 -99 -99 -99 -99
-99 -99 -99 -99 -99 -99 -99 -99 -99 -99 0.786223826495975 -99 -99 -99 -99
-99 -99 -99 -99 -99 -99 -99 -99 -99 -99 -99 1.24861011222247 1.33182012495286 -0.815500298514384 -99
-99 1.18641619675652 -99 -99 -99 -99 -99 -99 -99 -99 -99 -99 -99 -99 -99
-99 2.42210367634661 -99 3.34679670234937 -99 -99 1.27091383997802 -99 -99 -99 1.93568430197159 -99 -99 -99 -99
-99 -99 -99 2.0260034154977 -99 -99 -99 -99 -99 -99 -99 1.28978307284039 -99 -99 1.81734161022505
-99 1.64773054503729 -99 1.82852838838322 -99 -99 0.927400946387227 -99 -99 -99 -99 -99 -99 -99 -99
-99 -99 -99 -99 -99 -99 -99 -99 -99 -99 -99 -99 -99 -99 -99
-99 -99 -99 -99 -99 -99 -99 -99 -99 -99 -99 -99 -99 -99 -99
-99 -99 -99 -99 -99 -99 -99 -99 -99 -99 -99 -99 -99 -99 -99
-99 -99 -99 -99 -99 -99 -99 -99 -99 -99 -99 -99 0.888502240310473 -99 -99
-99 -0.752671674419725 -99 -99 -99 0.688411114043148 -99 -99 -99 -99 -99 -99 0.00256079204233106 -99 -99
-0.959126974081404 -99 -99 -99 -0.506074901000565 -99 -99 -99 -99 -99 -99 -99 -99 -99 -99
