-99 -99 -99 -99 -1.55649909313024 -99 -99 -99 -99 1.94776518557714 -99 -99 -99 -99 -99
-99 -99 -99 -99 -99 -99 -99 -99 -99 -99 -99 -99 -99 2.75408544177268 -99
-99 -99 -99 -99 -99 -99 -99 -99 -99 -99 -99 -99 -99 -0.464050692987858 -99
-0.592472800786196 -99 -99 -99 -99 -99 -99 1.66744071179501 -99 -99 -99 -99 -99 -99 -99
-99 -99 -99 -99 -99 -99 -99 -99 -99 -99 -99 -99 1.71401364795088 -99 -99
-99 -99 -99 -99 -99 -99 -99 -99 -99 -99 -99 -99 -99 -99 -99
-99 -99 -99 -99 -99 -99 -99 -99 -99 -99 -99 -99 -99 -99 -99
-99 -99 -99 -99 -99 -99 -99 -99 -99 -0.28103748098151 -99 -99 -99 -0.788564379544809 -99
-99 -99 -99 -99 -99 -99 -99 -99 -99 -99 -99 -99 -99 -99 -99
-99 -99 -99 -99 0.978860365303615 -99 -99 -99 -99 -99 -99 -99 -99 -99 0.455148660433391
-99 -99 -99 -99 -99 -99 -99 -99 -99 -99 -99 -99 -99 -99 -99
-99 1.73103395624474 -99 -99 -99 -99 -99 -99 -99 -99 -99 -99 -99 -99 -99
-99 -99 -99 -99 -99 -99 2.3707353676666 -99 -99 -99 -99 -99 -99 -99 -99
-99 -99 -99 -99 -99 -99 -99 -99 -99 -99 0.627780428459564 -99 -99 2.59108562219035 -99
-99 -99 -99 -99 -99 -99 -99 -99 -99 -99 0.714135298004366 -99 -99 -99 -0.0477066826850026
-99 -99 -99 -99 2.39872554687932 -99 -99 -99 -99 3.61628158798441 -99 -99 -99 -99 -99
-99 -99 -99 -99 -99 -99 -99 -99 -99 -99 -99 0.884195468121446 -99 -99 -99
-99 -99 -99 -99 -99 -99 -99 -99 -99 -99 -99 -99 -99 -99 1.04692728917143
-99 -99 -99 -99 -99 -99 -99 -99 -99 -99 -99 -99 -99 -99 -99
-99 -99 -99 -99 -99 0.921018189083861 -99 -99 -99 -99 -99 -99 -99 -99 -99
-99 -99 -99 -99 -99 0.562619323575517 -99 -99 -0.960382024646856 -99 -99 -99 -99 -99 -99
-99 -99 0.440163244137992 -99 -99 -99 -99 -99 -99 -99 -99 -99 -99 -99 -99
-99 -99 -99 -99 -99 -99 -99 -99 0.625712173919499 -99 -99 -99 -99 -99 -99
-99 -99 -99 -99 -99 -99 -99 -99 -99 -99 -99 -99 -99 -99 -99
-99 -99 -99 -99 -99 -99 1.6726957678256 -99 -99 -99 -99 -99 1.56812311954558 -99 1.58847021957813
-99 -99 -0.0296009787596538 -99 -99 -99 -99 -99 -99 -99 -99 -99 -99 -99 -99
-99 -99 2.55248120162712 -99 -99 -99 -99 -99 -99 -99 -99 -99 -99 -99 -99
-99 3.00226159170027 -99 -99 -99 -99 2.26421504475074 -99 -99 -99 -99 -99 -99 -99 -99
-99 -99 -99 -99 -99 -99 -99 -99 -99 -99 -99 -1.61563418040654 -99 -99 -99
-99 1.16269408267863 -99 -99 -99 -99 -99 -99 -99 -99 -99 -99 -99 -99 1.6608262450849
1.38623386656351 -99 -99 -99 -99 -99 -99 -99 -99 -99 -99 -99 -99 -99 -99
-99 -99 -99 -99 -99 -99 -99 -99 2.19140319736602 -99 -99 -99 1.12676036078076 -99 -99
-99 -99 -99 -99 -99 -99 -99 -99 -99 -99 -99 0.345827239022374 -99 -99 -99
-99 -99 -99 -0.577755175428768 -99 -99 -99 -99 -99 -99 -99 -99 -99 -99 -99
-99 -99 -99 -99 1.6305540736112 -99 -99 -99 1.13536271841865 -99 -99 -99 -99 -0.330383825654894 -99
-99 -99 -99 -99 -99 -99 -99 1.55311268756485 -99 1.61745229564218 -99 -99 -99 0.603536452292964 -99
-99 -99 0.600579144750405 -99 -99 -99 -99 -99 -99 0.790988824719514 -99 -99 -99 -99 -99
-99 -99 -99 -99 -99 -99 -99 -99 -99 -99 -99 -99 -99 -99 -99
-99 0.398285874691384 -99 -99 -99 -99 -99 -99 -99 -99 2.5316242866003 -99 -99 -99 -99
-99 -99 -99 -99 -99 -99 -99 -99 -99 -99 -99 -99 -99 -99 -99
-99 -99 0.628320109066072 -99 -99 -99 -99 1.24726117113414 -99 -99 -99 -99 -99 -99 -99
-99 -99 1.30737894593259 -99 -99 -99 -99 -99 -99 -99 -99 -99 -99 -99 -99
-99 -99 -99 1.50460484296667 -99 -99 -99 -99 -99 -99 -99 -99 -99 -99 -99
-99 -99 -99 -99 -99 -99 -99 -99 -99 -99 1.8448117880788 -99 -99 -99 -99
-99 -99 -99 -99 -99 -99 -99 3.07018477535172 -99 -99 -99 -99 -99 1.62309660742126 -99
-99 -99 -99 -99 -99 -99 -99 -99 -99 -99 -99 -99 -99 -99 -99
-99 1.54013745227525 -99 -99 -99 -99 -2.0575129174872 -99 -99 -99 -99 -99 -99 -99 -99
-99 -99 -99 -99 -99 -99 -99 -99 -99 -0.975298838253618 -99 -99 -99 -99 -99
-99 0.473706796771712 -99 -99 -99 -99 -99 -99 -99 -99 -99 -99 -99 1.66221005851225 -99
-99 -99 -99 -99 -99 -99 -99 -99 -99 -99 -99 -99 -99 -99 -99
-99 -99 -99 -99 -99 -99 -99 -99 0.604243058811346 -99 -99 -0.31961521597148 -99 -99 -99
-99 -99 -99 -99 -99 -99 -99 -99 -99 -99 -99 -99 -99 0.758997170714956 -99
-99 -99 -99 -99 -99 -99 -99 -99 -99 -99 -99 -99 -99 -99 -99
-99 -99 1.55570853532682 -99 -99 -99 -99 -99 -99 -99 -99 -99 -99 -99 -99
-99 -99 -99 -99 -99 2.49198069930808 -99 -99 1.88727544683323 -99 -99 -99 -99 -99 -99
-99 -99 -99 -99 -99 -99 -99 -99 -99 -99 -99 -99 -99 3.57849939726711 -99
-99 -99 -99 -99 -99 -99 -99 -0.175829316265319 -99 -99 -99 -99 -99 -99 -99
1.62617336617796 -99 -99 -99 -99 -99 -99 -99 3.76687300246348 -99 -99 -99 -99 -99 -99
-99 -99 -99 -99 -99 -99 -99 3.19425000070956 -99 -99 -99 -99 1.33403411548826 -99 2.63254439342787
-99 -99 -99 -99 -99 -99 -99 -99 -99 -99 -99 -99 -99 -99 -99
-99 -99 -99 -99 -99 -0.161242784500228 -99 -99 -99 -99 -99 -99 -99 -99 -99
-99 0.782323322753781 -99 -99 -99 -99 -99 -99 -99 -0.17205927051391 -99 -99 -99 -99 -99
-99 1.83844362281151 -99 -99 2.17725595169638 -99 -0.291690891630338 2.40865305781677 -99 -99 -99 1.83700297747045 1.68828043486401 -99 -99
-99 -99 -99 1.67013471242297 -99 -99 -99 3.00184211095673 -99 0.912266121885302 -99 -99 -99 -99 -99
-99 3.5035517917398 -99 -99 -99 -99 -99 -99 2.78529504796794 -99 -99 -99 -99 -99 -99
-99 -99 -99 -99 -99 -0.629618843320966 -99 -99 -99 -1.1300399661895 -99 -99 -99 -99 1.61379408898499
-99 -99 -99 -99 -99 -99 -99 -99 -99 -99 -99 -99 -99 -99 -0.489624680728265
-99 -99 0.557181328025698 -99 2.87325709853386 -99 -99 -99 -99 2.65661705398941 0.912231247860469 -99 -99 -99 -99
-99 -99 -99 -99 -0.486060037863445 2.66164418787001 -99 -99 -99 -99 -99 -99 -99 -99 -99
-99 -99 -99 -99 -99 -99 -99 -99 -99 3.11167186277396 -99 -99 -99 -99 -99
-99 -99 -99 -99 1.21503798165807 -99 -99 -99 -99 -99 -99 -99 -99 -99 -99
-99 -99 -99 -99 -99 -99 -99 -99 -99 -99 -99 -99 -99 -99 -99
-99 -99 -99 -99 -99 -99 -99 -99 -99 -99 -99 -99 2.28613090282708 -99 -99
-99 -99 -99 -99 -99 -99 -99 -99 -99 -99 -99 -99 -99 -99 -99
-99 -99 -99 -99 -99 -99 -99 -99 -99 -99 -1.51755165468512 -99 -99 -99 -99
-99 -99 -99 -99 -99 -99 -99 -99 -99 -99 -99 -99 -99 -99 -99
-99 -99 1.30222907412945 -99 -99 -99 -99 -99 -99 -99 -99 -99 -99 -99 -99
-99 -99 -99 -99 -99 -99 -99 1.00079056634618 2.83432597588313 2.36712760382094 -99 -99 -99 -99 -99
-99 -99 -99 -99 -99 -99 -99 -99 -99 -99 -99 -99 -99 -99 -99
-99 -99 -99 -99 -99 -99 -99 1.67304627500744 -99 -99 -99 -99 -99 -99 -99
2.18353390587547 -99 -99 -99 -99 -99 -99 -99 -99 -99 -99 -99 0.170343882557917 -99 -99
-99 2.3171199571577 -99 -99 -99 -99 -99 -99 -99 -99 -99 -99 -99 -99 -99
-99 -99 -99 -99 -99 -99 -99 -99 -99 -99 -99 -99 -99 -99 -0.462868639975037
-99 -99 0.877933847579756 -99 -99 -99 -99 -99 -99 -99 -99 -99 -99 -99 -99
-99 -99 -99 -99 -99 -0.556490248544485 -99 -99 -99 -99 -99 -99 -99 -99 -99
-99 -99 -99 -99 -99 -99 -99 -99 -99 -99 -99 -99 -99 -99 -99
-0.30608049212873 -99 -99 -99 -99 -99 1.88950840058018 -99 -99 -99 -99 -99 -99 -99 -99
-99 -99 -99 -99 -99 -99 -99 -99 -99 -99 -99 -99 -99 -99 -99
-99 -99 0.563045125352469 -99 -99 -99 -99 -99 0.961427561761084 -99 -99 -99 -99 -99 -99
-99 0.375949736144326 -99 -99 -0.0667751084543746 -99 0.522948998037411 -99 -99 -99 -99 -99 -99 -99 -99
-99 -99 -99 -99 -99 -99 0.259087860126086 -99 1.64399391326424 -99 -99 -99 -99 -99 -99
-99 -0.975424210336704 -99 -99 -99 -99 -99 -0.31293621621952 -99 -99 -99 0.881692965558367 -99 -99 -99
-99 -99 -99 -99 -99 -99 -99 -99 -99 -99 -99 -99 -99 -99 -99
-99 -99 -99 -99 -99 -99 -99 -99 -99 -99 -0.966418001408665 -99 -99 -99 -99
-99 -99 -99 -99 -99 -99 -99 -99 -99 -99 -99 -99 -1.79274473605907 -99 -99
-99 -99 -99 -99 3.09899574257172 -99 3.28434621705589 -99 -99 -99 -99 -99 -99 -99 -99
-99 -99 -99 -99 -99 -99 -99 -99 -99 -1.58006149226978 -99 -99 -99 -99 -99
-99 -99 -99 -99 -99 1.04697159320496 -99 -99 -99 -99 -99 -99 -99 -99 -99
-99 -99 -99 -99 -99 -99 -99 -99 -99 -99 -99 0.884466596906044 -99 -99 0.731468820966497
-99 -99 -99 1.51836417307124 -99 -99 -99 -99 2.7238219476866 -99 -99 -99 -99 -99 -99
-99 -99 -99 -99 -99 -99 -99 -99 0.117626576581555 -99 -99 -99 -99 -99 -99
-99 -99 -99 -0.161420486185876 -99 -99 -99 0.494700405467432 -99 -99 -99 2.83203813450742 -99 -99 -99
-99 -99 0.292366317880451 -99 -99 -99 -99 -99 -99 -99 -99 -99 -99 -99 -99
-99 -99 -99 -99 -99 -99 -99 -99 -99 -99 -99 -99 -99 -99 -99
1.1362079920559 -99 -99 -99 -99 -99 -99 -99 -99 -99 -99 -99 -99 -99 -99
-99 -99 -99 -99 -99 -99 -99 -99 -99 -99 -99 1.18716130503935 -99 -99 1.88040124240807
-99 -99 -99 -0.812333861069493 -99 -99 -99 -99 -99 -99 -99 -99 -99 -99 -99
-99 -99 -99 -99 -99 -99 -99 -99 -99 -99 -99 -2.20579553390055 -99 -99 -99
-99 -99 -99 -99 -99 -99 -99 -99 -99 -99 -99 -99 -99 -99 -99
-99 -99 1.49966696668783 -99 -99 -99 -99 -99 -99 -99 -99 1.63476086924317 -99 -99 -99
-99 -99 -99 -99 -99 -99 -99 -99 0.690967541490014 -99 1.5107603074676 -99 -0.0414292764533393 -99 -99
-99 -99 -99 -99 -99 -99 -99 -99 -99 -99 -99 -99 -99 -99 -99
-99 -99 -99 -99 -99 -99 -1.34632718786903 -99 -99 -99 -99 -99 -99 0.655439416986904 -99
-99 0.689119604381249 -99 -99 0.979723598875024 -99 -99 2.3477609946518 -99 -99 -99 -99 -99 -99 -99
-99 0.565081783546693 -99 -99 -99 -99 -99 -99 -99 -99 -99 -99 -99 -99 -99
-99 -99 -99 -99 -99 -99 -99 -99 -99 -99 -99 -99 -99 -99 -99
-99 -99 -99 -99 -99 3.29332181970839 -99 -99 -99 1.31566871834607 -99 -99 -99 -99 -99
-99 -99 -99 -99 -99 -99 -99 -99 1.74431534417679 -99 -99 -99 -99 -99 -99
-99 -99 -99 -99 -99 -99 -99 -99 -99 -99 -99 -99 -99 -99 -99
-99 -99 -99 -99 -99 -99 -99 -99 -99 -99 -99 0.14907706915418 -99 -99 -99
-99 -99 -99 -99 -99 -99 -99 -99 -99 -99 -99 -99 -99 -99 -99
-99 -99 -99 -99 1.04708277838892 -99 -99 -99 2.30663821035231 1.4855595466732 -99 -99 -99 -99 -99
0.296586916987646 -99 -99 -99 -99 -99 -99 1.89434755816416 2.47825060917054 -99 -0.043269625829063 -99 -0.311484396443067 -99 -99
-99 -99 -99 -99 0.69545030988139 2.1476288079745 -99 -99 -99 -99 -99 -99 -99 3.20884993982954 -99
-99 -99 2.14694393383675 -99 -99 -99 -99 -99 -99 -99 -99 -99 -99 -99 -99
-99 -99 1.96942283092721 -99 -99 -99 -99 -99 -99 -99 -99 -99 -99 -99 -99
-99 -99 -99 -99 -99 4.71491652904137 -99 -99 -99 -99 -99 3.40374519361855 -99 -99 -99
-99 -99 -99 -99 1.77232220496196 -99 -99 1.90709056973306 -99 -99 -99 -99 -99 -99 -99
1.17693701023002 -99 -99 -99 -99 -99 -99 -99 -99 -99 -99 -99 -99 -99 1.18459991278631
-99 -99 -99 2.01925156126543 -99 -99 -99 -99 -99 -99 -99 -99 -99 1.05943865060913 -99
-99 -99 -99 -99 -99 -99 -99 -99 -99 -99 -99 -99 -99 -99 -99
-99 -99 0.00319606441180187 -99 -99 -99 -99 -99 1.2386346579133 -99 -99 -99 -99 -99 -99
-99 -99 -99 -99 -99 -99 -99 -99 -99 -99 -99 -99 1.65694974697405 -99 -99
1.26426021930141 -99 -99 -99 -99 -99 -99 -99 -99 -99 -99 -99 0.666413695640673 -99 -99
-99 -99 -99 -99 0.840167695484762 -99 -99 -99 -99 -99 -99 -99 -99 -99 -99
-99 -99 -99 -99 -99 -99 -99 -99 -99 -99 -99 -99 -99 -99 -99
-99 -99 -1.09233721764013 -99 -99 -99 -99 -99 -99 0.154483471995853 -99 -99 -99 -99 1.04542202109899
-99 -99 -99 -99 -99 -99 -99 -99 2.18982879653421 -99 -99 -99 -99 -99 -99
-99 -99 -99 -99 -99 -0.338973280553557 -99 -99 -99 -99 -99 -99 -99 -99 -99
-0.615716332871218 1.72121425307159 -99 -99 -99 -99 -99 -99 -99 -99 -99 -99 -99 -99 -99
-99 -99 -99 -99 -99 -99 -99 -99 0.702497414877568 1.0857844254412 -99 -99 -99 -99 -99
-99 -99 -99 -99 -99 -99 -99 3.02641862604754 -99 -99 -99 -99 0.94271183205852 -99 -99
-99 -99 -99 -99 -99 -99 -99 -99 -99 -99 -99 -99 -99 -99 -99
-99 -99 -99 -99 -99 -99 -99 0.558107790759075 -99 -99 -2.26121003865383 -99 -99 -99 -0.555818586071511
-99 -99 -99 -99 -99 -99 -99 -99 -99 -99 -99 -99 -99 -99 -99
-99 -99 -99 -99 -99 -99 -99 -99 -99 -99 -99 -99 -99 -99 -99
-99 -99 -99 -99 -99 -99 -99 -99 -99 -99 -99 -99 -99 -99 -99
-99 -99 -99 -99 -99 -99 -99 -99 -99 -99 -99 -99 -99 -99 -99
-99 -0.330011352142756 -99 -99 -99 -99 -99 -99 -99 1.46147391386828 -99 -99 -99 -99 -99
-99 -99 -99 -99 -99 -99 -99 -99 -99 -99 -99 -99 -99 0.515561619883001 1.4564822418066
-99 -99 -99 -99 -99 -99 -99 -99 -99 2.42656291533862 -99 -99 -99 -99 -99
-99 -0.811677962101314 -99 -99 -99 0.0766312921353205 -99 0.505794598393146 -99 -99 -99 -99 -99 -0.112186206070571 -99
-99 -99 -99 -99 -99 -99 -99 -99 -99 -99 -99 0.536262109672534 2.03134297825405 -99 -99
-99 -99 -99 1.9055206389946 -99 -99 -99 -99 -99 -99 -99 -99 0.66430770280041 0.241477929140576 -99
-1.70229885203008 -99 -99 1.10661501181032 -1.28660244777443 -99 -99 -99 -99 -99 -99 -99 -99 -99 -99
-99 -99 -99 -99 -99 -99 -99 -99 -99 -99 -99 -99 -99 -99 -1.6432437357767
-99 -99 1.14927062797914 -99 -99 -99 -99 -99 -99 -99 -99 -99 -99 -99 -0.665662443347514
-99 0.728737369957102 -99 -99 -99 -99 -99 -99 -99 1.4332932236476 -99 -99 -99 0.909895560310298 -99
0.405785153558804 -99 -99 -99 -99 -99 0.510328508679201 -99 -99 -99 -99 -99 -99 -99 -99
-99 -99 -99 -99 -99 -99 -99 -99 -99 -99 -99 -99 -99 -99 -99
-99 0.484462605124437 -99 -99 -99 -99 -99 -99 -99 -99 -0.378782051908755 -99 -99 -99 -99
-99 -99 -99 -99 -99 0.541190906813182 -99 -99 -99 -99 -99 0.935075676270878 -0.876309196224479 -99 0.677583098674149
-99 -99 0.0681183930080727 -99 -0.667906633577426 -0.650173265612723 0.241840969287116 -99 -99 -99 -99 -99 -99 2.71094524067112 -99
-99 1.63764534704678 -99 -99 -99 -99 -99 -99 -99 -99 -99 -99 -99 0.969472449067767 -99
-99 -99 -99 -99 2.26008368514542 -99 -99 3.66575211102592 -99 -99 -99 -99 -99 -99 -99
-99 1.63131465617936 -99 -99 -99 -99 -1.17931690286336 -99 -99 -99 0.0562354516840122 -99 -99 -99 -99
-99 -99 -99 -99 -99 -99 -99 -99 -99 -99 -99 -99 -99 -99 -99
-99 -99 -99 -99 0.172902168730998 -99 -99 -99 -99 -99 -99 -99 -99 -99 -99
1.20555747869602 -99 1.65110599059912 -99 -99 -99 -99 -99 -99 -99 -99 -99 -99 -99 -99
-99 -99 -99 -99 -99 -99 -99 0.844959848522021 -99 -99 -99 -99 -99 0.194817743339475 -99
0.816861512528352 -99 -99 -99 -99 0.536458797036955 -99 -99 -99 -99 -99 -99 3.20315157165986 -99 -99
-99 1.5855525926391 -99 -99 -99 -99 -99 -99 -99 -99 -99 -99 -99 -99 -99
-99 2.54379891600238 -99 -99 -99 -99 2.57397659408074 -99 -99 -99 -99 2.29352078625529 -99 -99 -99
-99 -99 -99 -99 -99 -99 -99 -99 -99 -99 -99 -99 -99 -99 -99
-99 -99 0.337944232682149 -99 -99 -99 -99 -99 -99 -99 -99 -99 -99 -99 -99
-99 -99 -99 -0.399973008323407 -99 -99 -99 -99 -99 -99 -99 -99 -99 -99 -99
-99 -99 -99 -99 -99 -99 -99 -99 -99 -0.928248811608409 -99 -99 -99 -99 -99
-99 -99 -99 -99 -99 -99 -99 -99 -99 -99 -99 -99 -99 -99 -99
-99 -99 -99 -99 -99 -99 -99 -99 -99 -99 -99 -99 -99 -99 -99
-99 1.21011817310826 -99 -99 -99 -99 -99 -99 -99 -99 -0.825636143219326 -99 -99 -99 -99
-99 -99 -99 -99 -99 -99 -99 -0.804987654873949 -99 -99 -99 -99 -99 -99 -99
-99 -99 -99 -99 -99 -99 -99 -99 1.26242114826008 -99 -99 -99 -99 -99 -99
-99 -99 -99 -99 -99 -99 -99 -99 -99 -0.0490576818096984 -99 -99 -99 -99 -99
2.46254198374817 -99 -99 -99 -99 -99 -99 -99 -99 -99 -99 -99 -99 -99 -99
-99 -99 -99 -99 0.0735476636915422 -99 -99 -99 -99 -99 -99 -99 -99 -99 -99
-99 -99 -99 -99 -99 -99 -99 -99 -99 -99 -99 -99 -99 -99 -99
-2.82146950454418 -99 -99 -99 -99 -99 -99 -2.84252036700452 -99 -0.204626701140339 -99 -99 -99 0.594722597031447 -99
-99 -99 -99 -99 -99 -99 -99 -99 2.17786040027765 -99 -99 -99 -99 -99 -99
-99 -99 -99 -99 -99 -99 -99 -99 -99 -99 -99 -99 1.04845037409289 -99 -99
-99 -99 -99 -99 -99 -99 -99 -99 -99 -99 -99 -99 -99 -99 -99
-99 -99 -99 -99 -99 -99 -99 -99 -99 -99 -99 -99 -99 -99 -99
0.124352624496709 -99 -99 -99 -99 -99 -99 -99 -99 -99 -99 -99 -99 -99 -99
-99 -99 -99 -99 -99 -99 -99 -99 -99 -99 -99 -99 -99 0.215665377218834 -99
-99 -99 -99 -99 -99 -99 2.20140452446893 2.9117504517603 -99 1.98030369684997 1.51387525405951 2.37064297588957 -99 -99 -99
-99 -99 -99 -99 -99 -99 -99 -99 -99 -1.74502041402373 -99 -99 -99 -99 -99
-99 -99 -99 0.649484787930707 -99 -99 -99 -99 2.07884357037373 -99 -99 -99 -99 -99 -99
2.52168938399698 1.73963210256319 -99 -99 -99 -99 -99 -99 -99 -99 1.60347673844012 -99 -99 1.32478417621698 -99
-99 -99 -99 -99 -99 -99 -99 -99 0.389973397650609 -99 -99 -99 -99 -99 -99
-99 -99 -99 -99 -99 1.30938749912519 -0.472154023325716 -99 -99 -99 -99 -99 -99 -99 -99
-99 -99 1.39394924379613 -99 -99 -99 -99 -99 -99 -99 -99 -99 -99 -99 -99
-99 -99 -99 -99 -99 -99 -99 -99 -99 -99 -99 -99 -99 -99 -99
-99 -99 -99 -99 -99 -99 -99 -99 -99 2.18951165270796 -99 1.5794552786004 -99 0.247900504525153 -99
-99 -99 -99 -99 0.898531143011706 -99 -99 -99 -99 -99 1.51738680488005 -99 -99 -99 -99
-99 -99 -99 -0.0252933766094401 -99 1.38570305831852 -99 -99 -99 -99 -99 -99 -99 -99 -99
-99 -99 -99 -99 -99 -99 -99 -99 -99 -99 -99 -99 -99 -99 -99
3.31789181424658 -99 -99 -99 -99 -99 2.28579337378432 -99 -99 -99 -99 -99 -99 -99 -99
-99 -99 -99 -99 -99 -99 -99 -99 -99 -99 -99 -99 -99 -99 -0.130043627704406
-0.465423310291688 0.103359041813641 -99 -99 -1.55042643960843 -99 0.661347474870541 -99 -99 -99 -99 -99 -99 2.06607846889885 -99
-99 -99 -99 -99 -99 0.950690427789217 -99 -99 1.01729637367655 -99 -99 -99 -99 -99 -99
-99 -99 -99 -99 -99 -99 -99 -99 -99 -99 -99 -99 -99 1.83980290421714 -99
-99 -0.0976337665312106 -99 -99 -99 -99 -99 -99 -99 -99 -99 -99 -99 -99 -99
-99 -99 -1.1072441259902 -99 -99 -99 -99 -1.77528247554639 -99 -99 -99 -99 -99 -99 -99
-99 -99 -99 -99 -99 -99 -99 -99 -0.878706138381996 -99 0.492056415722294 -99 -99 -99 -99
-0.893324969664933 -99 -99 -99 -99 -99 -99 -99 -99 -99 -99 -99 -99 -99 -99
-99 -99 -99 -99 -99 -99 -99 -99 -99 -99 -99 -99 -99 -99 -99
-99 -99 -99 -99 -99 -99 -99 -99 -99 -99 -99 -99 -99 -99 -99
-99 -99 -1.8733593101424 -99 -99 -99 -99 -1.30312410209043 -99 0.389060669633409 2.25146694492901 -99 -99 -99 -99
-99 -99 -99 -99 -99 -99 -99 -99 -99 -99 2.35472056725914 -99 -99 -99 -99
-99 -99 -99 -99 -99 -99 -99 -99 -99 -99 -99 -99 -99 -99 -99
-99 -99 -99 1.99483129097345 -99 -99 -99 -99 -99 -99 -99 -99 -99 -99 -99
-99 -99 -99 -99 -99 -99 -99 0.393455322891674 -99 -99 -99 -99 -99 -99 -99
-99 -99 -99 -99 -99 -99 -99 -99 -99 1.52684670262064 -99 -99 -99 -99 -99
-0.371388385334371 0.512551700579243 1.24509874194933 -99 -99 -99 -99 -99 -99 -99 -99 -99 -99 -99 -99
-99 -99 -99 1.64974971363107 -0.437990649994135 -99 -99 -99 -99 -99 -99 -99 -99 -99 -99
-99 -99 2.41720377806792 -99 -99 -99 -99 -99 -99 -99 -99 -99 -99 -99 -99
-99 -99 -99 -99 -99 -99 -99 -99 -99 -99 -99 -99 -99 -99 -99
-99 -99 -99 -99 -99 -99 -99 -99 -99 -99 -99 1.04240640400934 -99 1.98623404625229 -99
-99 -99 -99 -99 -99 -99 -99 -99 1.24613532699628 -99 -99 -99 1.95420165675978 -99 -99
-99 -99 -99 -99 -99 -99 -99 -99 -99 -99 -99 -99 0.244698309950287 -99 -99
-99 -99 -99 -99 -99 -99 -99 -99 -99 -99 -99 -99 -99 -99 0.928158011524904
-99 -99 -99 -99 -99 -99 2.11176044063319 -99 -99 0.980241178544112 -99 -99 -99 -99 -99
2.00360361340226 -99 -99 -99 -99 -99 -99 -99 -99 -99 -99 -99 -99 0.434885315823378 -99
-99 -99 -0.768122714440566 -99 -99 -99 -99 -99 -99 -99 -99 -99 -99 -99 -99
-99 -99 -99 -99 -99 -99 -99 -99 -99 -99 -99 -99 -99 -99 -99
-99 -99 -99 -99 -99 -99 -99 -99 -99 -99 -99 -99 -99 -99 -1.01989119387915
-0.427321851135746 -99 -1.67479710238691 -99 -99 -99 -99 -99 -99 -99 -99 -99 -99 -99 -99
-99 -99 -99 -99 -99 -99 3.37551121061146 -99 3.06176844851461 -99 -99 -99 -99 -99 -99
-99 -99 -99 -99 -99 -99 -99 -99 -99 -99 -99 2.19246603254763 -99 -99 -99
-99 -99 -99 -99 -99 -99 -99 -99 2.56824034487578 -99 2.85721038314665 -99 -99 -99 -99
-99 -99 -99 -99 -99 -99 -99 -99 -99 -99 -99 -99 -99 -99 -99
-99 -99 2.00892738498423 -99 1.79537942261928 1.66022414916888 -99 -99 -99 -99 -99 -99 -99 -99 -99
-99 -99 -99 -99 -99 -99 -99 -99 -99 -99 -99 -99 -99 -99 -99
-1.15919228876297 -99 -99 -99 -99 -99 -99 -99 0.33055189532819 -99 -99 -0.249424928875156 -99 -99 -99
-99 -99 -99 -99 -99 -99 -99 -99 -99 -99 -99 1.96946815167996 -99 -99 -99
-99 -99 -99 -99 -99 -99 -99 -99 -99 -99 -99 -99 0.311162000499122 -99 -99
-99 -99 0.613361232675148 -99 -99 -99 -99 -99 -99 -99 1.58432032562585 -99 -99 2.60359813777079 -99
-99 -99 -99 -99 -99 -99 -99 -99 -99 -99 -99 -99 -99 -99 -99
-99 -99 0.323062536235471 -99 -99 -99 0.433992827322252 -99 -99 -99 -99 -99 -99 -99 -99
-99 -99 -99 -99 -99 -99 -99 -99 -99 -99 -99 -99 -99 -99 -99
-99 -99 -99 -99 -99 -99 -99 -99 -99 -99 -99 -99 -99 -99 -1.21747168582574
-99 -99 -99 -0.745351058001299 -99 -99 -99 -99 -99 -99 -99 -99 -99 -99 -99
-99 -99 -99 -99 -99 -99 -99 -99 1.22288014053688 -99 -99 -99 -99 -99 -99
1.27409471777868 -99 -99 -99 -99 -99 -99 -99 -0.0362591960274328 -99 -99 -99 -99 -99 -99
-99 -99 -99 -99 -99 -99 -99 -99 2.1465323655094 -99 -99 -99 -99 -99 -99
-99 -99 -99 -99 -99 -99 -99 -99 -99 -99 -99 -0.373994241764363 0.957636739352165 -99 1.20096839116902
-99 -99 -99 -99 -99 -99 -99 -99 -99 -99 -99 -99 -99 -99 -99
-99 -99 -0.296409463247767 -99 -99 -99 -99 -99 -99 -99 -99 1.34302204949563 -99 -99 -99
-99 -99 -1.23453268974609 -0.0530569062679755 -99 -99 -99 -99 -99 0.128310938319383 -99 -99 -99 -99 -99
0.565339878298354 -99 -99 -99 -99 -99 -1.08597205342919 -99 -99 -99 -99 -99 -99 -99 -99
-99 -99 -99 -99 2.06621980880349 -99 -99 -99 -99 -99 2.22368286594056 -99 -99 -99 -99
-99 -99 -99 -99 -99 -99 -99 -99 -99 -1.65870845930772 -99 -99 -99 -99 -0.0315389464412932
-99 1.24965793320543 -99 -99 -99 -99 -99 2.18180222406542 -99 -99 -99 -99 -99 -99 2.22778943818186
-99 -99 -99 -99 -99 -99 -99 -99 -99 -99 -99 -99 -99 -99 -99
-99 -99 -99 -99 -99 -99 -99 -99 -99 0.478081704941949 -99 -99 -99 -99 -0.118090835986101
-99 -99 -99 -99 -99 -99 -99 -99 -99 -99 2.30219930730506 -99 -99 -99 0.990373749909614
-99 -99 2.84676546124151 -99 -99 1.81869099144041 -99 -99 0.466338639109515 -99 -99 -99 -99 -0.326233992031074 -99
-99 -99 -99 -99 -99 -99 -99 -99 -99 -99 -99 -99 -99 -99 -99
-99 -1.26551227413251 -99 -99 -99 -99 -99 -99 -99 -99 -99 -99 -99 -0.270066261127909 -99
-99 -99 -99 -99 -99 -99 -99 -99 -99 -99 -99 -99 -99 -99 -99
-99 -99 -99 -99 -99 -99 -99 -99 -99 -99 -99 -99 -99 -99 -99
-99 -99 -0.129555117090074 -99 -99 -99 -99 -99 -99 0.284368285187401 -99 -99 -99 -99 -99
-99 -0.357470485213396 -99 -1.39315464772931 -99 -99 -99 -99 -99 -99 -99 -99 -99 -99 -99
-99 1.27646450527708 -99 -99 -99 -99 -99 -99 1.36864292197772 -0.236140823423282 -99 -99 -99 -99 -99
-99 -99 -99 -99 -99 -99 -0.95205670826698 -99 -99 -99 -99 -99 -99 -99 -99
-99 -99 -99 -99 -99 -99 -99 -99 -99 -99 1.29634583282163 -99 -99 -99 2.09067165124905
0.761012801490705 -0.569985755341076 -99 0.575368736512488 -99 -99 0.630751702455399 -99 -99 -99 -99 -99 -99 0.182324946932869 -99
-99 -99 -99 -99 -99 -99 -99 -99 -99 -99 -99 2.38381255092481 -99 -99 -99
-99 -99 -99 -99 -99 -99 -99 0.0452035638576588 -99 -99 -99 -99 -99 -99 -99
-99 -99 -99 -99 0.935787933692061 -99 -99 -99 -99 -99 -99 -99 -99 -99 -99
-99 -99 -99 -99 -99 -99 -99 -99 2.86775575451878 -99 -99 -99 -99 -99 -99
-99 -99 -99 -99 -99 -99 -99 -99 1.77201571209096 -99 2.01346331918245 -99 -99 -99 -99
-99 -99 -99 -99 -99 -99 -99 -99 -99 -99 -99 -99 -99 -99 2.01344198970826
1.74950820656462 -99 3.18481546742361 -99 -99 -99 -99 -99 2.60626930761379 -99 -99 -99 -99 -99 1.52439936416431
-99 -99 -99 -99 -99 -99 -99 -99 2.42212616027936 -99 -99 -99 -99 -99 -99
-0.252794442338879 -99 1.37599742290058 -99 -99 -99 -99 -99 -99 0.631723768128596 -99 -99 -99 -99 -99
-99 -99 -99 -99 -99 0.436541545232506 -99 -99 -99 -99 -99 -99 -99 -99 -99
-99 -99 -99 -99 -99 -99 -99 -99 -99 -99 1.2045333532151 -99 -99 -99 -99
-99 -99 -99 -99 -99 -99 -99 -99 -99 -99 -99 -99 -99 -99 -99
0.212447191313449 -99 -99 -99 -99 -99 0.424690549263639 -99 -99 -99 -99 -99 -99 -99 -99
-99 -99 -99 -99 3.74831276814904 -99 -99 -99 2.68870040845105 -99 -99 -99 -99 -99 -99
-99 -99 -99 -99 -99 -99 -99 -99 -99 -99 -99 -99 -99 -99 -99
-99 -99 0.991248138425755 -99 -99 1.79507164158341 -99 -99 1.17759882770677 -99 -99 -99 -99 -99 2.91545168198081
-99 -99 -99 1.37048620446042 -99 -99 -99 -99 -99 -99 1.82498735309004 -99 -99 -99 -99
-99 -99 -99 -99 -99 -99 0.299718001630821 -99 -99 -99 -99 -0.542877860949302 -99 -99 -99
-99 -99 -99 -99 -99 1.55863761788837 -99 -99 2.14546328153832 -99 -99 1.1103772123277 -99 -99 -99
-99 -99 -99 -99 -99 -99 2.46611653779387 -99 -99 -99 -99 -99 -99 1.39402828560622 -99
-99 -99 -99 -99 -99 -99 -99 -99 4.19772473333657 -99 -99 -99 1.55078254542563 -99 -99
-1.03763501071072 -99 -99 -99 -99 -99 -1.20422012707477 -99 -99 -99 -99 -2.0264724196361 -99 -99 -99
-99 -99 1.51097052766929 -99 -99 -99 -99 -99 -99 0.545461305228876 -99 -99 -99 -99 -99
-99 -99 -99 -99 -99 -99 -99 -99 -99 -99 -99 -99 -99 -0.412056732937869 -99
-99 -99 -0.776722805560374 -99 1.78731303375001 -99 -99 -0.146042422345693 -99 -99 -99 0.048261838936108 -99 -99 -99
-99 -99 -99 -99 0.746728741137294 -99 -99 -99 -99 -99 -99 -99 -99 2.1872444157694 -99
-99 -99 -99 -99 -99 -99 -99 -99 -99 -0.120084902530618 -99 -99 -99 -99 -99
-99 -99 1.54592100179104 -99 -99 -99 -99 -99 -99 -99 -99 -99 -0.395973495722673 -99 -99
-99 -99 -99 -99 -99 -99 -99 -99 -99 0.265772849788221 -99 -99 0.586880556953418 2.05329754589309 -99
-99 -99 -99 -99 -99 -99 -99 2.64870950804672 -99 -99 -99 -99 2.49652793989516 -99 -99
-99 -99 -99 -99 -99 -99 -99 -99 -99 -99 -99 -99 1.79010211729893 3.56365253722178 -99
-99 -99 -99 1.20293328232917 -99 -99 -99 -99 -99 -99 -99 -99 -99 -99 -99
-99 1.35390299090039 -99 -99 1.86128054610589 -99 -99 -99 -99 -99 -99 -99 3.35814959435854 -99 -99
-99 -99 -99 -99 -99 -99 -99 -99 0.82055347591563 -99 -99 -99 -99 -99 -99
-99 -99 -99 -99 -99 -99 -99 -99 -99 -99 -99 1.1034299548661 -99 -99 -99
-99 -99 -99 -99 -99 -99 -99 0.315840012064405 -99 -99 -99 -99 -99 -99 -1.62949806000781
-99 -99 -99 -99 -99 -99 -99 -99 -99 -99 -99 -99 -99 -99 -99
-99 -99 -99 -99 -99 -99 -99 -99 -99 -99 -99 -99 0.779317976323061 -99 0.744687290410138
-99 -99 -99 2.30512657529556 -99 -99 -99 -99 -99 -99 -99 -99 -99 -99 -99
-99 -99 -99 -99 -99 -99 5.27567248820319 -99 -99 -99 -99 -99 4.93622335467899 -99 -99
-99 -99 2.8559277576019 2.84318742870687 -99 -99 -99 -99 -99 1.25777128061786 -99 -99 -99 1.90456459818484 -99
-99 -99 -99 -99 0.283358155012227 -99 -99 -99 -99 -99 -99 -99 -99 0.270604822565232 -99
-99 -99 -99 -99 -99 -99 -99 -99 -99 -99 -99 -99 -99 -99 1.81876848310117
-99 -99 -99 -99 -99 -99 -99 -99 -99 -99 -99 -99 -99 -99 -99
-99 -99 -99 -99 -99 -99 -99 2.14280017467265 -99 -99 -99 -99 -99 -99 -99
-99 -99 -99 0.347458106645237 -99 -99 -99 -99 -99 -99 -0.11023730987004 -99 -99 -99 -99
-99 -99 2.0949468124496 -99 -99 -99 -99 -99 -99 -99 -99 -99 -99 -99 -99
-99 -99 -99 -99 -99 -99 2.1514491090008 -99 -99 3.76983821848936 -99 -99 -99 -99 -99
-99 -99 -99 -99 -99 -99 0.702908097628716 -99 -99 -99 -99 -99 -99 -99 -99
-99 -99 -99 -99 -99 -99 -99 -99 -99 0.125366177952848 -99 -99 -99 -99 -99
-99 -99 -99 -99 -99 -99 -99 -99 -99 -99 2.38220529791131 -99 1.73826058596496 -99 -99
-99 -99 -99 -99 -0.583627920662914 -99 -99 -99 -99 -99 -99 -99 -99 -99 -99
1.81119025955149 -99 -99 -99 -99 -99 -99 -99 -99 -99 -99 -99 -99 -99 -99
-99 -99 -99 -99 -99 -1.83129859456101 -99 -99 -99 -99 0.0227384395944145 -99 -0.62797616349112 -99 -99
2.31707048610177 -99 -99 -99 -99 -99 -99 -99 -99 -99 -99 -99 -99 -99 -99
-99 -99 -99 0.0442888256231257 -99 -99 -99 -99 2.46133561606351 -99 -99 -99 -99 -99 -99
-0.895276245061899 -99 -99 -99 -99 -99 -99 -99 -99 -99 -99 -99 -99 -99 -99
-99 -99 -99 -99 -0.799124437980566 -99 -99 -99 -99 -99 0.276264475362252 -99 -99 -99 -99
-99 -2.05662537691913 -99 -99 -99 0.962576885396587 -99 -99 -99 -99 -99 -1.0361507867 -99 -99 -99
-99 -99 -99 -1.07384557208469 -99 -99 -99 -99 -99 0.791827287648236 1.31830435097411 -99 -99 -99 0.136136897349234
-99 -99 -99 -99 -99 -99 -99 -99 -99 -99 -99 -99 -99 -99 -99
-99 -99 -99 -99 -99 -99 -99 1.79689091745983 -99 -99 -99 -99 -99 -99 -99
1.69827191604547 -99 -99 -99 -99 -99 -99 -99 -99 -1.13134899619016 -99 2.51420202237105 -99 -99 -99
-99 -99 -99 -99 2.12556397721695 -99 -99 -99 -99 -99 -99 2.92648532833727 -99 -99 -99
-99 -99 -99 1.03845751662262 -99 -99 0.557998484973627 -99 -99 -99 0.35765869796439 -99 -99 -99 -99
-99 -99 -99 -99 -99 -99 0.104844108188448 -99 -99 -99 -99 -99 -99 -99 -99
-99 -99 -99 -99 -99 -99 -99 -99 -99 -99 -99 -99 -99 -99 -99
-99 -99 -99 -99 -99 -99 -99 -99 -99 -99 -99 -99 -99 -99 1.59639846072918
-99 -99 -99 -99 -99 1.199740044865 2.66823427081537 -99 -99 -99 -99 0.485920921672065 -99 -99 -99
-99 -99 -99 -99 -99 -99 -99 -99 -99 -99 -99 -99 -99 -99 -99
-99 -99 -99 -99 -99 -99 -99 -99 -99 -99 0.384555095558678 -99 -99 -99 -99
-99 -99 -99 -99 -99 -99 -99 -99 -0.933405937381582 -99 -2.16878407438781 -99 -99 -99 -99
-99 -99 -99 -99 -99 -99 -99 -99 -99 -99 -99 -99 -99 -99 -99
-99 0.903978461786507 -99 -99 -99 -99 -99 -99 -99 -99 -99 -99 -99 -99 -99
-99 -99 -99 -99 -99 -0.210335684412225 0.364962769766564 -99 -99 -99 -99 1.71057775187947 -99 -99 -99
-99 -0.685844210359148 -99 -99 -99 -99 -99 -99 -99 -99 -99 -99 -99 -99 -99
-99 -99 -99 -99 1.34758382700269 -99 -99 0.90752280204618 -99 -99 -99 -99 -99 -99 -99
-99 -99 -99 -99 -99 -99 -99 0.290413085717018 -99 -0.130703944385791 -99 -99 -99 -99 0.718704672351584
-99 -99 -99 -99 -99 -99 -99 -99 -99 -99 -99 -99 -99 -99 -99
-99 -99 -99 -99 -99 -99 -99 0.903884331287517 -99 -99 -99 -99 -99 -99 -99
-99 -99 -99 -0.50468402596757 -99 -99 -99 -99 -99 -99 -99 -99 -99 -99 -99
-3.19209405383978 -99 -99 -99 1.47797944461092 -99 -99 -99 -99 0.21105200172167 -0.0874838673611802 -99 -99 -99 -99
-99 0.355453090133713 -99 -99 -99 1.7760114506445 -99 -99 -99 -99 2.8257018071879 -99 -99 -99 -99
1.41052441152727 -99 -99 -99 -99 -99 -99 -99 -99 -99 4.49233130155954 3.09394411521373 -99 -99 -99
-99 -0.0456520802083762 -99 -0.280764389056064 -99 -99 -99 -99 -99 -99 -99 -99 -99 -99 -99
-99 -99 -99 -0.517555673168805 -99 -99 -99 -99 -99 -99 -99 -99 -99 -99 -99
-99 0.908199170899885 -99 -99 1.67215388401013 0.70099128063979 -99 -99 -99 -99 -99 -99 -99 -99 -0.496746436478243
-99 -99 -99 -99 -99 -99 -99 -99 -99 -99 -99 -99 -99 -99 -99
-99 -99 -99 -1.87315431850367 -99 -99 -99 -99 -99 -99 -99 -1.04317731088927 -99 -99 -99
-99 -0.795850722686379 -99 -99 -99 -99 -99 -99 -99 -99 -99 -99 -99 -99 -99
-99 -99 -99 2.64187683279661 2.23480951641713 -99 3.55312897952763 -99 -99 -99 -99 -99 -99 -99 -99
-99 -99 -99 -99 -99 -99 -99 -99 -99 -99 -99 -99 -99 -99 -99
-99 -99 -99 0.813391244481696 -99 -99 -99 -99 0.859804604748136 -99 -99 -99 -99 -99 -99
-99 -99 1.98605972756043 -99 -99 -99 -99 -99 -99 -99 -99 -99 1.71729177948932 -99 -99
-99 -99 -99 -99 -99 -99 -99 -99 -99 -99 -99 1.18656368875486 -99 -99 -99
-99 -99 -99 -99 -99 -99 -99 -99 -99 -99 -99 -99 -99 -99 -99
-99 -99 -99 -99 3.84712564533228 0.0420750336564732 -99 -99 -99 -99 -99 -99 -99 -99 -99
-99 -99 -99 -99 -99 -99 -99 -99 -99 -99 -99 -99 -99 -99 -99
-99 -99 -99 -99 -99 -99 -99 -99 -99 -99 -99 -99 -99 -99 0.620644320920107
-99 -99 -99 -99 -99 -99 -99 -99 -99 -99 -99 2.76590647550826 -99 -99 4.39427520550746
-99 -99 -99 -99 -99 -99 -99 -99 -99 -99 -99 -99 -99 2.52935393696834 -99
-99 1.08147816888255 1.32873380690519 -99 -99 -99 0.240681711872368 -99 -99 -99 -99 -99 -99 -99 -99
1.65194705285771 -99 -99 -99 -99 -99 -0.739578900933794 -99 -99 -99 -99 -99 -99 -99 -99
-99 -99 -99 -99 -99 -99 -99 -99 -99 -99 -99 -99 -99 -99 -99
-99 2.16507122517328 -99 -99 -99 -99 -99 -99 -99 -99 -99 -99 -99 -99 -99
-99 -99 -99 0.539975261776271 1.54509294289541 -99 -99 -99 -99 -99 -99 -99 -99 -99 -99
-99 -99 -99 -99 -99 -99 -99 -99 -99 -99 -99 -99 -99 -99 -99
-99 -99 -99 1.87312847564825 -99 -99 -99 -99 0.222446414625652 -99 -99 -99 -99 -99 -99
-99 -99 -99 -99 -99 0.613045793632636 -99 -99 -99 -99 -99 -99 -99 -99 -99
-99 -99 -99 -99 -99 -99 -99 -99 -99 -99 -99 -99 -99 -99 -99
-99 -99 -99 -99 2.03887270194386 -99 -99 3.89810558452731 -99 -99 -99 -99 -99 -99 -99
0.946746616550188 -99 -99 -0.844621966261645 -99 -99 -99 -99 -99 -99 -99 -99 -99 -99 -99
-99 -99 1.48855812803552 -99 -99 -99 -99 1.03598665878496 -99 -99 -99 -99 -99 -99 -99
-99 -99 2.73788248304965 -99 -99 -99 -99 2.28436252754001 -99 -99 -99 -99 -99 -99 0.300586332951744
-99 -99 3.04917893483162 2.2309909674189 -99 -99 -99 -99 -99 -99 -99 2.9912515465414 -99 -99 -99
-99 -99 -99 -99 -99 -99 -99 -99 -99 -99 -99 -99 -99 -99 -99
-99 -99 -99 -99 0.27989367226545 -99 -99 -99 -99 -99 -99 -99 -99 -99 -99
-99 -99 -1.11781439643968 -99 -99 -99 -99 -99 -99 -99 -99 -99 -99 -99 -1.50329860430934
-99 -99 -99 -99 -99 -99 -99 -99 -99 -99 -99 -99 -99 -99 -99
-99 -99 -99 1.69711312134163 -99 -99 -99 -99 -99 -99 -99 -99 -99 -99 -99
-99 -99 -99 -99 -99 -99 -99 -99 -99 -99 -99 -99 1.4607525088669 0.678294950896306 0.127199690922193
-99 -99 -99 3.70758585785327 -99 -99 -99 -99 -99 -99 -99 -99 -99 -99 -99
-0.60119402695848 -99 -99 -99 -99 -99 -99 -0.819830586956577 -99 -99 -99 -99 -99 -99 -99
-99 -99 -99 -99 -99 -99 -99 -99 -99 -99 -99 -99 -99 -99 -99
-99 -99 -99 -99 -99 -99 -99 -99 -99 1.14452370389334 -99 -99 -99 -99 -99
2.91699880035232 -99 -99 -99 -99 -99 -99 -99 -99 2.44569995223823 -99 -99 -99 -99 3.04718204778762
-99 -99 -99 -99 -99 -99 -99 -99 -99 -99 -99 -99 -99 -99 -99
-99 -99 -99 -99 -99 -99 -99 -99 -99 4.61646039287138 -99 -99 -99 -99 -99
-99 -99 -99 -99 -99 -99 -99 -99 -99 -99 2.37456528961071 -99 -99 -99 -99
1.61869674140997 1.05797415460115 -99 -99 -99 -99 -99 -99 -99 -99 -99 -99 -99 -99 -99
-99 -99 -99 -99 -99 -99 -99 -99 -99 -99 -99 -99 -99 -0.514802899750479 -99
-99 -99 -99 -99 -99 -99 -99 2.25353252273663 -99 -99 1.48518932681468 -99 -99 -99 -99
-99 2.282972788324 -0.1722431462331 -99 -99 -99 -99 -99 -99 -99 -0.0425990266854128 -99 -99 -99 -99
1.89962011506961 3.08143135623458 -0.613205755972358 -99 2.29892646975252 -99 -99 -99 -99 -99 -99 -99 -99 -99 -99
-99 -99 -99 -99 -99 -99 -99 -99 -99 -99 -99 -99 -99 -99 -99
-99 -99 -99 -99 1.09954896898248 -99 -99 1.29249905071256 -99 -99 2.63274621702813 -99 -99 -99 -99
-99 -99 0.654409661856858 -99 -99 -99 -99 -99 -99 -99 -99 -99 -99 -99 -99
-99 -99 -99 -99 -99 -99 -99 -99 -99 3.18874991258999 -99 -99 -99 -99 -99
-99 -99 0.384382714550589 -99 -99 -99 -99 -99 -0.100572865170343 -99 0.978063120668615 -99 -99 -99 -99
-99 -99 -99 -99 -99 -99 -99 4.9899914660603 -99 1.94014750555233 -99 -99 -99 -99 -99
-99 -99 -99 -99 -99 -0.139767415934334 0.542619495296029 -99 -99 -99 -99 -99 -99 -99 -99
-99 -99 -99 -99 -99 -99 2.22953932553657 -99 -99 -99 -99 -99 3.04470016841327 4.43278035192659 -99
-99 -99 -99 -99 1.32651345925169 -99 -99 -99 -99 -99 -99 -99 -99 -99 -99
-99 -99 -99 -99 -99 -99 -99 -99 -99 -99 -99 -99 -99 -99 -99
-99 -99 -99 -99 4.32746819090238 2.78011729841836 -99 -99 -99 -99 -99 -99 -99 -99 -99
-1.10091349611557 -99 -99 -99 -99 -99 -99 -99 -99 -99 -99 -99 -99 -99 -99
-99 -99 0.0720926639622308 -99 -99 -99 -99 -99 -99 -99 -99 -99 -99 -99 -99
-99 -99 -99 -99 -99 -99 -99 -99 -99 -99 -99 -99 1.92921689535143 -99 -99
-99 -99 -99 -99 -99 -99 -99 -99 -99 -99 -0.143364945975075 -99 -99 -99 -99
-99 -99 -99 -99 -99 -99 -99 -99 -99 -99 -99 -99 2.8277343791778 -99 -99
-99 -99 -99 -99 -99 -99 -99 -99 -99 -99 -99 -99 -99 -99 -99
-99 -99 1.5501872502558 -99 2.08468775673572 -99 -99 -99 -99 -99 -99 -99 -99 -99 -99
-99 -99 -99 -99 -99 -99 -99 -99 -99 -99 -0.963367033997038 -99 -99 -99 -99
-99 -0.175736985877547 -99 -99 -99 -99 -99 -99 -99 -99 -1.22200494861854 -99 -99 -99 1.79250335700645
-99 -99 -99 -99 -99 -99 0.923334769468578 -99 -99 -99 -99 -99 -99 -99 -99
-99 -99 -99 -99 -99 -99 -0.225104856482683 -99 -99 -99 -99 -99 -99 -99 -99
-99 -99 -99 -99 -1.26385125847419 -99 -99 -99 -99 -99 -99 -99 -99 -99 -99
-99 -99 -99 -99 -99 -99 -99 -99 -99 -99 -99 -99 -99 -99 -99
-99 -99 -0.492132265141756 -99 -99 -99 -99 -99 -99 -99 -99 -99 -99 -99 -99
-99 -99 -99 -99 -99 -99 -99 -99 -99 -99 -99 -99 -99 -99 -99
-99 -99 -99 -99 -99 -99 -99 -99 -99 -99 0.852328809798676 -99 -99 -99 -99
-99 -99 -99 -99 -99 -99 -99 2.91533245271567 -99 0.940104653232464 -99 -99 1.81636735302086 -99 -99
-99 -99 -99 -99 2.19383467517435 -99 -99 -99 -99 -99 -99 -99 -99 -99 -99
-99 0.81998390635735 1.01610993173543 -99 -99 -99 -99 -99 0.96948607203737 -99 -99 -99 -99 -99 -99
-99 -99 -99 -99 -99 -99 -99 -99 4.84833424525238 -99 -99 -99 -99 -99 3.64314622623516
-99 -99 -99 -99 -99 -99 -99 -99 -99 -99 -99 -99 2.48136094277805 -99 2.52234881162993
3.78129178902732 1.86301056978006 -99 -99 -99 -99 -99 -99 -99 -99 2.26947510510151 -99 -99 -99 -99
-99 -99 -99 -99 -99 -99 0.699437049462757 -99 -99 -99 -99 -99 -99 -99 -99
-99 -99 -99 -99 1.73762524266819 -99 -99 -99 -99 -99 -99 -99 -99 -99 -99
-99 -99 0.239701330786487 -99 1.86806884298572 -99 -99 -99 -99 -99 -99 0.0326350932452375 -99 -99 -99
-99 -99 -99 2.69096846094436 3.39413733319219 -99 -99 -99 -99 -99 -99 -99 -99 -99 -99
-99 -99 -99 -99 -99 1.3123040879409 -99 -99 -99 -99 -99 -99 -99 -99 -99
-99 -99 3.84884480088202 -99 -99 -99 -99 -99 -99 2.94653684174889 -99 -99 -99 3.26796685842728 -99
-99 -99 -99 -99 -99 -99 -99 -99 -99 -99 -0.577336898992844 -99 -99 -99 -99
-99 -99 -99 -99 -99 -99 -99 -99 -99 -99 -99 -99 -99 -99 -99
-99 -99 0.961117271125946 -99 -99 0.488443359582737 -99 -99 -99 1.04072947539459 -99 -99 0.768034982065082 -99 -99
-99 -99 -99 -99 -99 -99 -99 -99 -99 -99 -99 -99 -99 3.18306523319454 -99
-99 -99 -99 -99 -99 -99 -99 -99 -99 0.66006188634147 0.81057184644897 -99 -99 -1.556144411895 -99
-99 -99 -99 -99 -99 -99 -99 -99 -99 -99 -99 -99 -99 -99 -99
-99 -99 -99 -99 -99 -99 -99 -99 -99 -99 -99 -99 -99 -99 -99
-99 -99 3.52864360689778 -99 -99 -99 -99 -99 -99 -99 -99 -99 -99 -99 -99
-99 -99 -99 -99 -99 -99 1.56533429367108 -99 -99 -99 -99 -99 -99 -99 -99
-99 -99 -99 -99 -99 -99 -99 -99 -99 -99 -99 -99 -99 -99 -99
-99 -99 -99 -99 -99 -99 -99 -0.186286045455301 -99 -99 -99 -99 -99 -99 -99
-99 -99 -99 -99 -99 -99 -99 -99 -99 -99 -99 -99 -99 0.858715265467907 -99
-99 -99 -99 -99 -99 -99 -99 -99 -99 -99 -99 -99 -99 -99 -99
-99 -99 -99 -99 1.81935012122449 -99 -99 -99 -99 -99 -99 -99 -99 -99 2.79374603950127
-99 -99 -99 -99 -99 -99 -99 -99 -99 -99 -99 -99 -99 -99 -0.0719299264648514
-99 1.97112116417182 -99 -99 -99 -99 1.5958308079109 2.25087062489954 -99 -99 -99 3.15995751312278 -99 -99 -99
1.35841398474478 -99 -99 -99 -99 -99 -99 -99 -99 -99 1.41726679424101 -99 -99 -99 -0.765254597697205
-99 -99 -99 -99 -99 0.636201604354897 -99 -99 -99 -99 -0.585639157002528 -99 -99 -99 -99
-99 -99 -99 -99 -99 -99 -99 -99 -99 0.274331281619435 -99 -99 -99 -99 -99
2.03063850607099 -99 -99 -99 -99 -99 -99 -99 -99 -99 -99 -99 -99 -99 -99
-99 -99 -99 -99 -99 -99 1.19284529510076 -99 -99 -99 -99 0.962684261759629 -99 -99 -99
-99 -99 -99 -99 -99 -99 -99 -99 -99 3.46612743144214 -99 -99 -99 -99 -99
-99 -99 -99 -0.397752658370601 -99 -99 -99 -99 -99 -99 -99 -99 -99 -99 -99
-99 -99 -99 -99 -99 -99 -99 -99 -99 -99 -99 -99 -99 -99 -99
-99 -99 -99 -99 -99 -99 -99 -99 -99 -99 -99 -99 -99 -99 -99
-99 -99 -99 -99 -99 -99 1.85799811191126 -99 -99 -99 -99 -99 -99 -99 3.41702958552531
-99 -99 -99 -99 -99 -99 -99 -99 -99 -99 -99 -99 -99 -0.64872359472079 -99
-99 -99 -99 -99 -99 -99 -99 2.27860986117645 -99 -99 -99 -99 -99 -99 -99
-99 -99 -99 -99 -99 -99 -99 -99 -99 -99 -99 -99 -99 -99 -99
-99 1.24562206985228 -99 -99 -99 -99 -99 -99 -99 -99 -99 -99 -99 -99 2.67012619020934
-99 -99 -99 -99 -99 -99 -99 -99 -99 -99 -99 -99 -99 0.51333739792292 -99
-99 -99 -99 -99 -99 -99 -99 -99 -99 -99 -99 -99 -99 -99 -99
-99 -99 -99 -99 -99 -99 -99 -99 -99 -99 -99 -99 -99 -99 -99
-99 -99 -99 -99 -99 -99 -99 -99 -99 -0.0422017141121644 -99 -0.405344498689666 0.898519669196377 -99 -1.41162819557435
-99 -99 -99 -99 0.542088456636261 -99 -99 -99 -99 -99 -1.65200377415238 -99 -99 -99 -99
-99 -99 -99 -99 -99 -99 -99 2.44349169155394 -99 -99 -99 -99 -99 -99 -99
-99 -99 -99 -99 -99 -99 -99 -99 -99 -99 -99 -0.244333956920669 -99 -99 -99
-99 -99 -99 -99 -99 3.46655365034155 -99 -99 3.80435009422812 -99 -99 -99 -99 -99 -99
-99 -99 2.55380462769203 -99 2.15292250950329 -99 -99 -99 -99 -99 -99 -99 -99 -99 -99
-99 -99 -99 -99 -99 -99 -99 -99 -99 -99 -99 -99 -99 -99 1.48125367295332
-99 -99 -99 -99 -99 -99 -99 -99 -99 -99 -99 0.879852241993714 -99 -99 -99
-99 -99 -99 -99 -99 -99 -99 -99 -99 -99 -99 -99 -99 2.65086324607838 2.41618355581295
-99 -99 -99 -99 -99 -99 -99 -99 -99 -99 -99 -99 -99 -99 -99
-99 -99 -99 -99 -99 -99 -99 -99 -99 -99 -99 -99 -99 -99 -99
-99 -99 -99 -99 -99 -99 -99 0.284350627020162 -99 -99 -99 -99 -99 -99 -99
-99 -99 -99 -99 -99 -99 -99 -99 -99 -99 -99 -99 -99 -99 -99
-99 -99 -99 -99 -99 -99 -99 -99 -0.404621230763688 -99 -99 -99 -99 -99 -99
-99 -99 -99 -99 -99 -99 -99 -99 -99 -99 -99 -99 -99 1.16427288252415 -99
-99 -99 2.32921904325297 -99 0.213508716126366 -99 -99 -99 -99 -99 -99 -99 -99 -99 -99
-99 -99 -99 -99 -99 -99 2.31403614625062 -99 -99 -99 -99 -99 -99 -99 -99
-99 -99 -99 -99 -99 3.52475220349715 -99 3.44491760215036 -99 2.36426265855518 -99 -99 -99 -99 -99
-99 -99 -99 -99 -99 -99 1.36413036042542 -99 -99 -99 -99 -99 -99 -99 -0.53438405470164
-99 -99 -99 -99 -99 0.248305743880297 1.33518611095438 -99 -99 -99 -99 -99 -99 -99 -99
-99 -99 -99 -99 -99 -99 -99 -99 -99 -99 -99 1.30634299389864 -99 -99 -99
-99 -99 -99 -99 -99 1.53030387229309 -99 -99 -99 -99 -99 -99 -99 -99 -99
-99 -99 -99 -99 -99 -99 -99 -99 -99 -99 -99 -99 -99 -99 -99
-99 -99 -99 -99 -99 -99 -99 -99 -99 -99 -99 -99 -99 0.253592525078004 0.490032372941614
-99 -99 -99 -99 -99 -99 -99 -99 3.08025714405269 -99 -99 -99 -99 -99 2.43906325010891
-99 -99 -99 -99 -99 -99 -99 -99 -99 -99 -99 0.760448000710286 -99 -99 -99
-99 -99 -99 -99 -99 -99 -99 -99 -99 1.42376384894895 -99 3.01368630498585 -99 -99 -99
0.303225405783155 -99 -99 -99 -99 -99 -99 -99 -99 -99 -99 -99 -99 0.696016653912263 -99
0.702917152131022 -99 -99 -99 -99 -99 -99 -99 -99 2.19627629279564 1.89903132362058 -99 -99 -99 -99
-99 -99 -99 -99 -99 -99 -99 -99 -99 -99 -99 -99 -99 -99 -99
-99 -99 -99 -99 -99 -99 -99 -99 -99 -99 -99 -99 -0.745197481982594 -99 -99
-99 -99 -99 -99 -99 1.00203294031592 0.897083437374636 -99 -99 -99 -99 -99 -99 -99 -99
-99 -99 -99 -0.394015254387192 -99 -99 -99 -99 -99 -99 -99 0.276833430601578 -99 -99 -99
-99 -99 0.997415009667348 -99 -99 -99 -99 -99 -99 0.114299350564046 -99 -99 -99 -99 -99
-99 -99 -99 -99 -99 -99 -99 -99 -99 -99 -99 -99 -99 -99 -99
-99 1.43596727918752 -99 -99 -99 -99 -99 -99 -99 -99 -1.79261599123219 -99 -99 -99 -99
-99 -99 -99 -0.650366916732058 -99 -99 -99 -99 -99 -99 -99 1.46951204797452 -99 -99 -99
-99 -99 -99 -99 -99 -99 -99 -99 -99 1.01852269268238 -99 -99 -99 1.70339727989503 -99
-99 -99 -99 -99 -99 -99 -99 -99 -99 -99 -99 -99 -99 -99 -99
-99 -99 -99 -99 -99 -99 -99 -99 -99 -99 0.62243839963436 -99 -99 -99 -99
-99 -99 -99 -99 -99 -99 -99 -99 -99 -99 -99 -99 -99 -99 3.45773547318856
-99 -99 0.642447860206993 -99 -99 -99 -99 -99 -99 -99 -99 -99 -99 -99 -99
-99 -99 0.97402794679908 -99 -99 -99 -99 0.914328445685306 -99 0.329414591866731 -99 -99 -0.68187261187614 -99 -99
-99 -99 -99 -99 -99 -99 -99 -99 -99 -99 -99 -99 -99 2.05555295840496 -99
-99 -99 -99 -99 -99 -99 -99 1.5820077682865 -99 -99 -99 -99 -99 -99 -99
-99 -99 0.318236040001695 -99 -99 -99 -99 -99 -99 -99 -99 -99 -99 -99 -99
-99 -99 -99 -99 -99 -99 -99 -99 1.00403453110036 -99 -99 -99 -99 -99 -99
-99 -99 -99 -99 -99 -99 3.39348851308182 -99 1.48326692666558 -99 -99 -99 -99 -99 -99
-99 -99 -99 -99 -99 -99 -99 -99 -99 -99 -99 -99 -99 -99 -99
-99 -99 -99 -99 -99 -0.0132708886839619 -99 -99 -99 -99 -99 -99 -99 -99 -99
-99 -99 -99 -99 -99 -99 -99 -99 -99 -99 -99 -99 -99 -1.34117800724839 -99
-99 -99 -99 -99 -99 -99 -99 -99 -99 -99 -99 -99 -99 -99 -99
-99 -99 -99 -99 -99 0.0802479064780142 -1.1443813354404 -99 -99 -99 -99 -99 -99 -99 -99
-99 -99 -99 -99 -99 -99 -99 -99 -99 -99 -99 -99 -99 -99 -99
-99 -99 -99 -99 -99 -99 0.267217519730459 -99 -99 2.82825458335609 -99 -99 -99 -99 -99
-99 -99 -99 0.478354589000384 -99 -99 -99 -99 -99 -99 -99 0.511315731537905 -0.544152537730433 -99 -99
-99 -99 -99 -99 -99 -99 -99 -99 -99 -99 -99 -99 -99 0.207095269110421 -99
-99 -99 -99 -99 -99 -99 -99 -99 -99 -99 -99 -99 -99 -99 -99
-99 -99 -99 -99 -99 -99 -99 -99 -99 -99 -99 -99 -99 -99 1.62906263917832
-99 -99 -99 -99 -99 -99 2.9615547372133 -99 -99 -0.0857666466880176 -99 -99 -99 -99 -99
-99 -99 -99 -99 -99 -99 -99 -99 -99 1.13599069424862 -99 -99 -99 -99 -99
0.693363716408579 -99 0.538223876317186 0.0199409101048926 -99 -99 2.99537802557697 -99 -99 1.22591043024534 -99 -99 -99 -99 -99
-99 -99 -99 -99 -99 1.96454457470301 -99 -99 -99 -99 -99 -99 -99 -99 -99
-99 -99 -99 -99 -99 -99 -99 -99 -99 -99 -99 -99 -99 -99 -0.00716447997478165
-99 -99 -99 -99 -99 -1.3131541028158 -99 -99 -99 -99 -99 -99 -99 -99 -99
-99 -99 1.06985017906733 0.741480111680869 -99 -99 -99 -99 -99 0.243592645317526 -99 -99 -99 -99 -99
-2.06090220460225 -99 -99 -99 -99 -99 -99 -99 -99 -99 -99 -99 -99 -99 -99
-99 -99 -99 -99 -99 -99 -99 -99 -99 -99 -99 0.473036751084482 -99 -99 -99
-99 -99 1.19779839026238 -99 -99 -99 -99 -99 -99 -99 -99 -0.784340514275897 -99 -99 -99
-99 -99 -99 -99 -99 -99 -99 -99 1.6526961837629 -99 1.83500190930046 -99 -99 -99 -99
-99 -99 -99 -99 -99 -99 -99 -99 -99 -99 -99 -99 -0.145650062710586 -99 0.4557977267149
-99 -99 -99 -99 -99 -99 -1.26095182384505 -99 -99 -99 -99 -99 0.467438186930857 -1.41889145256152 -99
-99 -99 -99 0.579047845485552 -99 -99 -99 -99 -99 -99 -99 -99 -99 -99 -99
-99 -99 -99 -0.0362196939235835 -99 -99 1.4214750324516 -99 -99 -99 -99 -99 -99 -99 -99
-99 -99 -99 -99 -99 -99 -99 -99 -99 -99 -99 -99 -99 -99 -99
-99 -99 -99 -99 -99 -99 -99 -99 -99 -99 -99 -99 -99 -99 -99
-99 -99 -99 -99 -1.96193605172748 -99 -99 -99 -99 -99 -99 -99 -99 -99 -99
-99 -99 -99 -99 4.44884483821447 -99 -99 -99 -99 2.77907613444675 -99 -99 -99 -99 1.48163459848648
-99 -99 -99 -99 -99 -99 -99 -99 2.20377644262492 -99 -99 -99 -99 2.61060362635918 -99
-99 -99 -99 -99 -99 -99 -99 -99 -99 -99 -99 -99 -99 -99 -99
-99 -99 -99 -99 -0.790259540065501 -99 -99 -99 -99 -99 -99 -99 -99 -99 -99
-99 -99 -99 -99 -99 -99 -99 -99 -99 -99 -99 -99 -99 4.13624922433748 -99
-99 -99 -99 -99 -99 -99 -99 -99 -99 -99 -99 -99 -99 -99 -99
-99 -99 -99 -99 -99 -99 -99 -99 -99 -99 4.60160047288907 -99 -99 -99 -99
-99 -99 -99 -99 -99 -2.48320485183584 -99 -99 -99 -99 -99 -99 -99 -99 -99
-99 -99 -99 0.743813611090556 -99 -99 -99 0.801474091722345 -99 -99 -99 -99 -99 0.486501762364565 -99
-99 1.76027408883985 -99 -99 -99 -99 -99 0.0400464645630416 -99 -99 -99 2.29932195642058 -99 -99 -99
-99 -99 -99 -99 -99 -99 -99 -99 -99 3.13041067193224 -99 -99 -99 1.92993858875453 -99
-99 -99 -99 -99 -99 -99 -99 -99 -99 -99 -99 -99 -99 -99 -0.422466953250547
-99 -99 -99 -99 -99 0.994291617655152 -99 0.140954782485309 -99 -99 -99 0.818010050268985 -99 -99 -99
-99 -99 1.34032796337269 -99 -99 -99 -99 -99 2.23065899283819 -99 -99 -99 -99 -99 -99
-99 -99 -99 -99 -99 -99 -99 -99 -99 -99 -99 -99 -99 -99 -99
-1.62763897347416 -99 -99 -0.175936265525123 -99 -99 -99 -99 -99 -99 -99 0.998400365501122 -1.13488212507779 -99 -99
-99 1.91788485020995 -99 -99 -99 -99 -99 1.16797730772398 -99 -99 -99 -99 2.17676977647427 -99 -99
-99 -99 -99 -99 -99 -99 -99 -99 -99 -99 -99 -99 -99 -99 -99
-99 -99 -99 -99 -99 -99 -99 -99 -99 -99 1.05128651914433 -99 -99 -99 -99
-99 -99 0.20937858709514 1.16687262928867 -99 1.0368963496705 -99 -99 0.909996439572936 -99 -99 -99 -99 -99 -99
-99 -1.52435205662633 -99 -99 -99 -99 -99 -99 -99 0.378675952159112 -99 -1.43791021296449 -99 -99 -99
-99 -99 -99 -99 3.36879008378113 -99 -99 -99 1.47146807571567 -99 -99 -99 -99 -99 -99
-99 -99 -99 -99 -99 -99 -99 -99 -99 -99 -99 -99 -99 -2.46170307250546 -99
-99 -99 -99 -99 -99 -99 -99 -99 -99 -0.324339484945786 -99 -99 0.627902752237873 -99 -99
-99 -99 -99 -99 -99 -99 -99 -99 -99 -99 0.906997320881011 -99 -99 -99 -99
-99 -99 -99 -99 -99 -99 -99 -99 -99 -99 -99 -99 0.981739431430724 -99 0.774777268099493
-99 -99 -99 -99 -99 -99 -99 -99 -99 -99 -99 -99 -99 -99 -99
-99 -99 -99 -99 -99 -99 -99 0.361523412044219 -99 -99 -99 -99 1.37707653445797 -99 -99
-99 -99 -99 -99 -99 -99 -99 -99 -99 2.98911243246062 -99 -99 -99 -99 -99
-99 -99 -99 -99 -99 -99 1.00289681387196 -99 -99 1.764476599604 -99 -99 -99 1.35369046078242 -99
-99 -99 -99 -99 -99 -99 -99 -99 -99 -99 -99 -99 -99 -99 -99
-99 -99 -99 -99 0.10752678665106 -99 -99 -99 -99 -99 1.80422868612454 -99 -99 -99 -99
-99 -99 -99 -99 -99 -99 -99 -99 -99 -99 -99 -99 -99 -99 -99
1.8644924890524 0.308222533130701 -99 2.8618633655117 -99 -99 -99 2.21278146269915 -99 -99 -99 -99 -99 -99 -99
0.961374565111107 -99 -99 -99 -99 -99 -99 -99 -99 -99 -99 -99 -99 -99 -99
-99 1.41446336011849 -99 -99 -99 -99 0.819438972604374 1.95020583051615 -99 -99 -99 -99 -99 -99 -99
-99 -99 -99 1.00195860521543 -99 -99 3.00085908527458 -99 3.61629843742377 -99 -99 -99 -99 -99 1.6882027467289
1.93208425423229 -99 -99 -99 -99 -99 3.07001130679363 -99 3.25029325670051 -99 -99 -99 -99 2.88853397083155 -99
-99 -99 -99 -99 -99 -99 -99 -99 -99 -99 -99 0.93783683117713 -99 -99 -99
-99 -99 -99 -99 -99 -99 -99 -99 -99 1.12688561845421 -99 -0.705744214603402 -99 -99 -99
-99 -99 -99 -99 -99 -99 -99 -99 -99 -99 -99 -99 -99 -99 -99
-99 -99 0.0452587763716976 0.519550577326036 -99 -99 -99 -99 -99 0.658146128544362 -99 -99 -99 -99 0.833803087768822
1.07501332578387 -99 -99 -99 -99 -99 -99 -99 -99 -99 -99 -99 -99 1.11229580926073 -99
-99 -99 -99 -99 -99 -99 -99 -99 -99 -99 -99 -99 -99 -99 -99
-99 -99 -99 1.90691960237121 -99 -99 -99 2.2526105752887 2.31083825666603 2.2916861024321 -99 -99 -99 -99 -99
-99 -99 -99 -99 3.19323141471937 -99 -99 -99 -99 -99 2.30999939062806 1.53739425557938 -99 -99 -99
-99 -99 -99 -99 -99 -99 -99 -99 -99 1.04921251213225 -99 -99 -99 1.06676338158076 -99
-99 -99 -99 -99 -99 -99 -99 -99 -99 0.972525829376699 -99 -99 -99 -99 -99
-99 0.905647099962827 -99 -99 -99 -99 -99 -99 -99 -99 -99 -99 -99 -99 -99
-99 -99 -99 -99 -99 -99 -99 -99 1.63461489913169 -99 1.2468595773828 -99 -99 0.0309686839579326 -99
-99 -99 -99 -99 -99 -99 -99 -99 -99 -99 -99 -99 -99 -0.207318656798057 -99
5.88886676076618 -99 -99 -99 -99 -99 -99 -99 -99 -99 -99 -99 -99 -99 -99
-99 -99 -99 -99 -99 -99 -99 -99 -99 2.2461584965719 -99 -99 -99 -99 2.19641489055378
-99 -99 -99 -99 -99 -99 -99 -99 -99 -99 1.65280382874197 1.45282593528217 -99 -99 -99
-99 2.61995639770444 -99 -99 -99 -99 -99 -99 -99 -99 -99 -99 -99 -99 -99
-99 -99 0.912370570306298 -99 -99 -99 -99 -99 -99 -99 -99 -99 -99 -99 -99
-99 -99 -99 -99 -99 -99 -99 -99 -99 -99 -99 -99 -99 -99 -99
-99 -99 -99 -99 -99 -99 -99 -99 -99 -99 -99 -99 -99 0.5622767523175 -99
3.74059413934861 -99 -99 -99 -99 -99 -99 -99 -99 -99 -99 -99 -99 -99 -99
-99 -99 -99 -99 -99 1.28878603205573 -99 -99 -99 -99 -99 0.716381777388518 -99 1.60470627125412 2.26954547119194
-99 -99 -99 -99 -99 -99 -99 -99 -99 -99 -99 -99 -99 -99 -99
-99 -99 2.66906507862245 -99 -99 -99 -99 3.27430780126772 -99 -99 -99 -99 -99 -99 -99
-99 -99 -99 -99 -99 -99 -99 -99 -99 -99 2.17718407788584 -99 2.80012037221967 -99 -99
-99 -99 -99 -99 -99 -99 -99 -99 -99 -99 -99 -99 -99 -99 1.03866633174349
-99 -99 -99 -99 -99 -99 -99 -99 -99 -99 -99 -99 -99 -3.0326225147118 -99
-99 -99 -99 -99 -99 -99 -99 -99 -99 1.01310765058117 -99 -99 -99 -99 -99
-99 -99 -99 -99 -99 -99 -99 -99 -99 -99 -99 2.42247145684669 -99 -99 -99
3.30910620921955 0.230785005860918 -99 -99 -99 -99 -99 -99 -99 -99 1.83733139559881 3.19144063409615 -99 -99 -99
-99 -99 -99 -99 -99 -99 -99 -99 -99 -99 -99 -99 -99 -99 -99
-99 -99 -99 1.06207700072398 -99 -99 -99 3.01354125341984 -99 -99 -99 -99 -99 -99 -99
1.72637492610315 -99 -99 -99 -99 -99 -99 -99 -99 -99 -99 -99 -99 2.13836016764921 0.458920280304518
-99 -99 2.09884041411825 -99 -99 -99 -99 1.80112336509068 -99 -99 -99 -99 -99 -99 -99
-99 -99 -99 -99 -99 -99 -99 -99 -99 -99 -99 -99 -99 -99 -99
-99 -99 -99 -99 -99 -0.239096777523571 -99 -99 -99 -99 -99 -99 -99 -99 -99
-99 -99 -99 0.715102036905248 -99 -99 -99 -99 -99 -99 -0.934859074051927 -99 -99 -99 -99
-99 -99 -99 -99 -99 -99 -99 -99 -99 -99 -99 -99 -99 -99 -99
-99 -99 -99 -99 3.61047567995832 -99 -99 -99 -99 -99 -99 -99 -99 -99 -99
-99 -99 -99 -99 -99 -99 -99 -99 1.13825284499557 -99 -0.979655256328838 -99 -99 -99 1.46154717663473
-99 -99 -99 -99 -99 -99 -99 -99 -99 -99 -99 -99 -99 -99 -99
-99 -99 -99 -99 -99 -99 2.77643853528187 -99 -99 0.450208214188607 -99 -99 -99 -99 -99
-99 -99 -99 -99 -99 -99 -99 -99 -0.638571768216162 -99 -99 -99 -99 -99 -99
-99 -99 -99 -99 2.78242773151953 -99 -99 -99 -99 -99 -99 -99 -99 1.22716445180289 -99
-99 -99 -99 -99 -99 -99 -99 -99 -99 -99 -99 1.59922818556982 -99 -99 -99
-99 -99 -99 -99 -99 -99 -99 -99 -99 -99 -99 -99 -99 -99 -99
-0.515979604821451 -99 -99 -99 -99 -99 -99 -99 -99 -99 -99 0.909498664503736 -99 -99 1.37725032394286
-99 -99 -99 -99 -99 -99 -99 -99 -99 -99 -99 -99 -99 -99 -99
-99 -99 -99 2.45576740211323 -99 -99 -99 -99 -99 -0.000927191700626384 -99 3.16594169378979 -99 -99 -99
-99 -99 -99 -99 -99 -99 -99 -99 -99 -99 -99 -99 -99 -99 -99
-99 -99 -99 -99 -99 -0.671095022446494 -99 -99 -99 -99 -99 -99 -99 -99 -99
-99 -99 -99 -99 -99 -99 -99 -99 -99 -99 -99 -99 -99 -99 -99
-0.314711927263359 1.27682092939444 -99 -99 -99 -99 -99 -99 -99 -99 -99 -99 -99 -99 -1.44766689584127
-99 -99 -1.44535720075567 -99 -99 -99 1.85650391461086 -99 -99 -99 -99 -99 -99 -99 2.65483314190755
-0.834106005603512 -99 -99 -99 1.12037868073008 -99 -99 -99 -99 -99 -99 -99 -1.40876766309478 -99 -99
-99 -99 -99 0.504198726252144 -99 -99 -99 -99 -99 -99 -99 -99 -99 -99 -99
-99 -99 -99 -99 -99 -99 -99 -99 -99 -99 -99 -99 -99 -99 -99
-99 2.90534725033523 -99 -99 -99 -99 -99 -99 -99 -99 -99 -99 -99 -99 -99
-99 -99 -99 -99 -99 -99 -99 -99 -99 -99 -99 -99 -99 -99 -99
-99 -99 -99 -99 -99 -99 -99 -99 -99 -99 -99 -99 -99 -99 -99
-99 -99 -99 -99 -0.722189576035247 -99 -99 -99 -99 -99 -99 -99 -99 -0.239503854258399 -99
-99 -99 -99 -99 1.06265420008679 -99 -99 0.100702386739538 -99 -99 -99 0.695573383084514 -99 -99 -99
-99 -99 -99 -99 -99 -99 -99 -99 -99 -99 -99 -99 -99 -99 -99
-99 -99 -99 -99 -99 -99 -99 -99 -99 -99 -99 -99 -99 -99 -99
0.101048961309235 -99 -99 -99 -99 -99 -99 -99 -99 -99 -99 -99 -99 -99 -99
-99 -99 -99 -99 -99 -99 -99 -99 -99 1.66837554418785 -99 1.55096637994653 -99 -99 -99
-99 -99 -99 -99 -99 -99 -1.15309185838306 -99 -0.241834649467646 -99 -99 -99 -99 -99 -99
-99 -99 -99 -99 -99 -99 -99 -99 -99 -99 -99 -99 -99 1.91166348862363 -99
-99 -99 -99 -99 -99 -99 -99 -99 -99 -99 -99 -99 -99 -99 -99
-99 -99 2.15240580842937 -99 -99 -99 0.0704149292747991 -99 -99 -99 3.02789764143575 -99 -99 -99 -99
1.74025230689981 -99 -99 -99 -99 -99 -99 -99 -99 -99 -99 0.416268707781131 -99 -1.11026217146601 -99
-99 -99 -99 0.772239623961272 -99 -99 -99 -99 -0.353521998922591 -99 -99 -99 0.344867732248985 -99 -99
-99 -99 -99 -99 2.27527956458198 -99 2.00378720429632 -99 -99 -99 2.16956085796595 2.40046223969638 -99 -99 -99
-0.112700857802712 -99 -99 -99 -99 -99 -99 -99 -99 -99 -99 -99 -99 -99 -99
-99 0.955895585366845 -99 -99 -99 -99 0.585173098871213 -99 -99 -99 -99 -99 -99 -99 -99
-99 -99 -99 -99 -99 -99 -99 -99 -99 -99 -99 -99 -99 0.666184134925912 2.14452633135403
-99 -99 -99 -99 -99 -99 -99 -99 -99 -99 -99 -99 -99 -99 1.55884538016746
-99 -99 -99 -99 -99 -99 -99 -99 0.3341672706718 -99 -99 -99 -99 0.533447742583749 -99
-99 -99 -99 -99 2.50775000851654 -99 -99 -99 -99 -99 -99 -99 -99 -99 -99
-1.42998797258476 -99 -99 -99 -99 -1.21766728530874 -1.43488588643869 -99 -99 -99 -99 -99 -99 -99 -99
-99 -99 -99 -99 -99 -99 -99 -99 -99 -99 -99 -99 -99 -99 -99
-0.0147836503683116 -99 -99 -99 -0.395024200541183 -99 -99 -99 -99 -99 -99 -99 -99 -99 -99
-99 -99 -99 -99 0.367858529777517 -99 -99 -99 -99 -99 -99 1.21839388539498 -99 -99 -99
-99 0.808987495656724 -99 -99 -99 -99 -99 -99 -99 -99 2.2931358060595 -99 -99 -99 -99
-99 -99 -99 1.0009439596829 -99 -99 -99 -99 -99 -99 -99 1.51516000310977 -99 -99 -99
-99 -99 -99 -0.410936326583502 -99 -99 -99 -99 -99 -99 0.758662140793432 -1.18120723834441 -99 -99 0.465288781173513
-99 3.97608936386262 -99 -99 -99 -99 -99 -99 -99 -99 -99 -99 -99 -99 -99
0.904016368607878 -99 -99 -99 -99 -99 -99 -99 -99 -99 -99 -99 -99 -99 -99
-99 -99 -99 -99 -99 -99 -99 -99 -99 -99 -99 -99 -99 -99 -99
-99 -99 -99 0.423221666106322 -99 -99 -99 -99 -99 -99 -99 -99 -99 -99 -99
0.55820903921381 -99 -99 -99 -99 -99 -99 -99 -99 -0.30808163817718 -99 -99 -1.07028486518325 -99 -99
-99 -99 -99 -99 -99 -99 -99 -0.0789925565703846 -99 -99 -99 -99 -99 -99 -99
1.81539549154452 -99 1.19858526312979 -99 -99 -99 -99 -99 -99 -99 -99 -99 -99 -99 -99
-99 -99 -99 -99 2.54774065351093 -99 -99 -99 -99 -99 -99 -99 1.94172846367677 -99 -99
-99 -99 -99 -99 -99 -99 -99 -99 -99 -99 -99 1.22150386751451 -99 -99 -99
-99 -99 2.02788568253246 -99 -99 -99 -99 -99 -99 -99 -99 -99 -99 -99 -99
-99 -1.36488899176724 -99 -99 -99 -0.614677162323852 -1.72201311175683 -99 -99 -99 -99 -99 -99 -99 -99
-99 -99 -99 -99 -99 -99 -99 -99 -99 1.43043174514316 -99 -99 -99 -99 -99
-99 -99 -99 -99 -99 -99 -99 3.58841217539712 -99 -99 -99 -99 -99 -99 -99
-99 -1.38499823161792 -99 -99 -99 -99 -99 -0.816497465530722 -99 -1.55591015621564 -99 -99 -99 -99 -99
-99 -99 -99 -99 1.15140980021569 -99 -99 -99 -99 -99 -99 -99 -99 -99 -99
-99 -99 -99 -99 -99 -99 -99 -99 -99 -99 -99 -99 0.53252155398635 -99 -99
-99 -99 -99 -99 -99 -99 -99 1.93618915599815 -99 -99 -99 -99 -99 -99 -99
-99 -99 -99 -99 -99 -99 -99 -99 -99 -99 -99 -0.414153269595785 -99 -99 -99
-99 -99 -99 -99 -99 -99 1.94340463708264 -99 -99 -99 -99 -99 -99 -99 -99
-99 -99 -99 -99 -99 -99 -99 -99 -99 -99 -99 -99 1.9377794498835 -99 -99
-99 -99 -99 -99 -99 -99 -99 -99 -99 0.312769009772366 -99 -99 -99 -99 0.621026874418613
-99 1.95827040426081 -99 -99 -99 -99 3.80471873507897 -99 -99 -99 -99 1.46722654632936 -99 -99 -99
-99 -99 -99 -99 -99 -99 -99 -99 -99 -99 -99 -99 -99 -99 -99
1.03672480565332 -99 -99 -99 -99 -99 -99 -99 -99 -99 -99 -99 -99 -99 -99
-99 3.58601876805145 3.56515635756154 -99 2.60469687760544 -99 -99 -99 -99 -99 -99 -99 -99 -99 -99
-99 -99 -99 -99 -99 -99 -99 -99 -99 3.93893987196075 1.1771952366235 -99 -99 -99 -99
-99 -99 -99 -99 -99 -99 -99 -99 -99 -99 2.41156305001647 -99 -99 -99 -99
-99 -99 -99 -99 -99 -0.607537060260079 -99 -99 -99 -99 -99 -99 -99 -99 -99
-99 -99 -99 -99 -99 -99 -99 -99 -99 -99 -99 -99 -99 -99 -99
3.47057455537535 -99 -99 -99 -99 -99 -99 -99 -99 -99 -99 -99 -99 -99 -99
-99 0.678280986753316 -99 -99 -99 -99 -99 -99 1.08224057386315 -99 1.3651907674062 0.189092021263471 -99 -99 0.656595233451836
-99 -99 2.42399001384568 -99 -99 -99 -99 2.4259608387617 -99 -99 -99 -99 -99 -99 -99
-99 -99 0.353830362585249 0.370074394594655 1.115352613266 -99 -99 -99 -99 -99 -99 -99 -99 -99 -99
-99 -99 -99 -99 -99 -99 -99 -99 -99 -99 -99 0.592253303971041 -99 -99 -99
-99 1.88111762259748 -99 -99 -99 -99 -99 -99 -99 -99 1.49793344642867 -99 -99 -99 -99
-99 -99 -99 3.05614789756428 -99 -99 -99 1.87553978371313 -99 -99 1.85696776010955 -99 -99 -99 -99
-99 -99 -99 -99 -99 -99 -99 -99 -99 -99 -99 -99 -99 -99 -99
-99 -99 -99 -99 -99 -99 -99 -99 -99 -99 -99 -99 -99 0.640212202000841 -99
-99 -99 -99 -99 -99 -99 -99 -99 0.120882538436719 -99 -99 -99 -99 -99 -99
-99 3.41951540059851 -99 -99 -99 -99 -99 -99 -99 -99 2.87624825789664 -99 -99 -99 -99
-99 -99 -99 -99 -99 -99 -0.706009461467615 -99 -99 -99 -99 -99 0.999310184843367 -99 -99
-99 -99 -99 -99 -99 -99 -99 -99 -99 -99 -99 -99 -99 -99 -99
3.3941860439715 -99 -99 -99 -99 -99 -99 -99 -99 -99 -99 -99 -99 -99 1.28703534990528
-99 -99 0.426067503960706 -99 -99 -99 -99 -99 -99 -99 -99 -99 -99 -99 -99
-99 0.247993746239968 -99 -99 -99 -99 -99 -99 -99 -99 -99 -99 -99 -99 -99
-99 -99 -99 -99 -99 -99 -99 -99 -99 -99 -99 -99 -99 -99 -99
-99 -99 -0.295038361067532 -99 -99 -99 -99 -99 -1.71950753420185 -99 -99 -1.21504984484194 -99 -99 -99
-99 -1.37352052278181 -99 -99 -99 -99 -99 -99 -99 -99 -99 -99 -1.59438951430826 -99 -99
-99 -99 1.4915026828197 -99 -99 -99 -99 -99 -99 -99 -99 -99 -99 -99 -0.726007913190443
2.24025918576516 -99 -99 -0.0686088556535784 2.83818916177276 2.95087360847885 -99 -99 -99 1.31660258516153 -99 -99 -99 -99 -99
-99 2.10544448003409 0.314281986111096 -99 -99 -99 -99 -99 -99 -99 -99 -99 1.66105952454618 -99 -99
-99 -99 -99 -99 -99 -99 -99 -99 -99 -99 -99 -99 -99 -99 -99
-99 -99 -99 -99 -99 -99 -99 -99 -99 -99 -99 -99 -99 -99 -99
-99 -99 -99 -99 -99 -99 -99 -99 -99 -99 -99 -99 -99 -99 -99
-99 -99 -99 -99 -99 -99 -99 -99 -99 -99 -99 -99 -99 -99 -99
-99 -99 -99 -99 0.824220365171726 -99 -99 -99 -99 -99 -99 -99 -99 -99 -99
-99 -99 -99 -99 -99 2.29681233782819 -99 -99 -99 -99 -99 -99 -99 -99 -99
-99 -99 -99 -99 -99 -0.728512772155246 -99 -99 -99 -99 -99 -99 -99 -99 -99
-99 -99 -99 -99 -99 -99 -99 -99 -99 1.16113612821026 -99 -99 -99 1.05263180392862 -99
-99 -99 -99 -99 -99 -99 -99 -99 1.34136053561559 -99 -99 0.788128559523992 2.37150754029692 -99 -99
1.16189333364323 -99 -99 -99 0.667730261766711 -99 -99 0.576397461956911 -99 -99 -99 -99 -99 -99 -99
-99 -99 -99 -99 2.08885287823323 -99 -99 1.13331327012405 2.18403000893164 -99 -99 -99 1.13765254781651 -99 -99
-99 -99 -1.44834158783648 -99 0.0536968379049672 -99 -99 -99 -99 -1.44770423155992 -1.23603011255165 -99 -99 -99 -99
-99 -99 -99 -99 -99 -99 -99 -99 -99 -99 -99 -99 -99 -99 -99
-99 -99 -99 -99 -99 -99 -99 -99 -99 -99 -99 -99 -99 -99 -0.411390110249195
-99 -99 -99 -99 1.14227839706576 -99 0.247147535971604 -99 -99 -99 -99 -99 -99 -99 -99
-99 -99 -99 -99 -99 -99 -99 -99 -99 -99 -99 -99 -99 -99 -99
-99 -99 -99 -99 -99 1.14184805643379 -99 -99 -99 -99 -99 -1.36324790152979 -0.237810643572043 -99 -99
-99 -99 -99 -99 -99 -99 -99 -99 -99 -99 -99 -99 -99 -1.30904220745745 1.0392849073179
-99 -0.397911540739958 -99 -99 -99 -99 -99 -99 -99 -99 -99 -99 -99 -99 -99
-99 -99 -99 -99 -99 -99 -99 -99 0.694244123493699 -99 -99 -99 -99 -99 -0.735712785245266
-99 -99 -99 -99 -99 -99 -99 1.00090897937477 -99 -99 -99 -99 -99 -99 -99
-99 -99 -99 -99 -99 -99 0.108725457844924 -99 -99 -0.836729615713826 -99 -99 -99 -99 -99
-99 -99 -99 -99 -99 -99 -99 -99 -99 -99 -99 -99 -99 -99 -99
-99 -99 -99 -99 -99 -99 -99 -99 3.41869149639202 -99 -99 -99 -99 -99 -99
-99 1.13860430840607 -99 -99 -99 -99 -99 -99 -99 2.98477219080901 -99 -99 -99 -99 -99
-99 -99 -99 -99 -99 1.75064850824773 -99 -99 -99 -99 -99 -99 -99 -99 -99
-99 -99 -99 -99 -99 -99 -99 -99 -99 -99 -99 -99 -99 -99 -99
-99 -99 -99 -99 -99 -99 -99 -99 -99 -99 -99 1.15836245311041 1.33203962009023 -99 -99
-99 -99 -99 -99 -99 -99 -99 -99 -99 -99 -99 -99 -99 -99 -99
-99 -99 -99 -99 -99 -99 -99 -99 1.53086231593767 -99 -99 -99 0.594774531881664 -99 -99
-99 -99 -99 1.05055415766891 -99 -99 -99 -99 -99 -99 -99 -99 -99 -99 -99
-99 -99 -99 -99 -99 -99 -99 -99 -99 -99 -99 -99 -99 -99 -99
-99 -99 -99 -99 -99 -99 -99 -99 -99 -99 -99 -99 -99 -99 -99
-99 -99 -99 -99 -99 -99 -99 -99 -99 0.279929210666922 -99 -99 -99 -99 -99
-99 -99 -99 -99 -99 -99 -99 -99 -99 -99 2.16797657193427 -99 -99 -99 -99
-99 -99 0.374541039076909 -99 -99 -99 -99 -99 -99 -99 -99 -99 -99 -99 -99
-99 -99 -99 -99 -99 -99 -99 -99 -99 -99 -99 -99 -99 -99 -99
-99 -99 -99 -99 -99 -99 -99 -99 -99 -99 -99 -99 -99 -99 -0.75799221855006
-99 -0.328882884771153 -99 -99 -99 -99 -99 -99 -99 -99 -99 -99 -99 -99 -99
-99 -99 1.12633103098616 -99 -99 -99 -99 -99 -99 -99 -99 -99 -99 -99 -99
-99 -99 -99 -99 -99 -99 -99 -99 -99 -99 1.65744903838527 -99 -99 -99 -99
-99 -99 -99 -99 -99 -99 -99 -99 -99 -99 -99 -99 -99 2.54152763858821 -99
-99 -99 -99 -99 -99 -99 -99 -99 -99 -0.009923255446181 -99 -99 -99 1.00171535086432 -99
-99 -99 -99 -99 -99 0.833705050016526 -99 -99 -99 1.42785263159401 -99 -99 -99 -99 -99
-99 -99 -99 -1.27117951543936 -99 -99 -99 -99 -99 -99 -99 -99 -99 -99 -99
-99 -99 -99 -99 -99 2.4329704950041 -99 -99 0.498454691813943 -99 -99 -99 -99 -99 -99
-99 -99 -99 -99 -99 -99 -99 -99 -99 -99 -0.192593832626757 -99 -99 0.390654386644687 -99
-99 -99 -99 -99 -99 -99 -99 -99 -99 -99 -99 -99 -99 -99 -99
-99 -99 -0.277983625944609 -99 -99 -99 -99 -99 -99 -99 -99 -99 -99 -99 -99
-99 -99 -99 -99 2.93166489794811 -99 -99 -99 -99 -99 -99 -99 -99 -99 -99
-99 -99 -99 -99 -99 -99 -99 -99 -99 -99 -99 0.508737067187941 -99 2.00998195044527 -99
-99 -99 -99 -99 -99 -99 -99 -99 -99 -99 -99 -99 -99 -99 -99
-99 -99 -99 -99 -1.25840583631706 -99 -99 -99 -99 -99 -99 -1.24259450492554 -99 -99 -99
-99 -99 -99 -0.955369979440756 -99 -99 -99 -99 -99 -99 -99 -99 -99 -99 -99
-99 -99 -99 -99 -99 -99 -99 -99 2.55071681604716 -99 -99 -99 -99 -99 -99
-99 -99 -99 -99 -99 -99 -99 -99 -99 -99 -99 -99 -99 -99 -99
-99 -99 -99 -99 -99 -99 0.817511132278628 -99 -99 -99 1.31310256720189 0.124431867672094 -1.21881766015462 -99 -99
-99 -99 -99 -99 -99 -99 -99 -99 -99 -99 -99 -99 -99 -99 -99
-99 -99 -99 -99 -99 -99 -99 0.72685910630649 -99 -99 -99 -99 -99 -99 -99
1.51735099332721 -99 -99 -99 -99 -99 -99 -99 -99 -99 -99 -99 -99 -99 -99
0.102360903559433 -99 -99 -1.25600533237378 -99 -99 -99 -99 -99 -99 -1.78958126445761 -99 -99 -1.82422395093088 -99
-99 -99 -99 -99 0.342613857124442 2.22584542915365 -99 -99 -99 -99 -99 -99 -99 -99 -99
-0.434909799864699 -99 -99 -99 -99 -99 -99 -99 -99 -99 -99 -99 -99 0.718051023478362 -99
-99 -99 -99 -99 -99 -99 -99 -99 -99 -99 -99 -99 -99 -99 -99
-99 -99 -99 -99 -99 -99 -99 -99 -99 -99 -99 -99 -99 1.16843841060565 -99
-99 -99 -99 -99 -99 -99 -99 -99 -99 -99 -99 -99 -99 -99 -99
-99 -99 -99 -99 -99 -99 -99 -99 -99 -99 -99 -99 -99 -99 -99
-99 -99 -99 -99 -99 -99 -99 -99 1.41218853757909 -99 0.482753476195061 -99 -99 -99 -99
-99 -99 -99 -99 -99 -99 -99 -99 -99 -99 -99 -99 -99 -99 -99
-99 -99 -99 -99 0.42720667403894 -99 -99 -99 -99 -99 -99 -99 -99 -99 -99
-99 2.32497687817522 -99 -99 -99 -99 -99 -99 -99 -99 -99 -99 -99 -99 -99
4.34137288106311 -99 3.72053895103483 -99 -99 -99 -99 -99 -99 -99 -99 -99 -99 -99 -99
-99 -0.140302148352829 -99 -99 -99 -99 1.0691493788456 -99 -99 -99 -99 -99 -99 -99 -99
-99 -99 -99 -99 -99 -99 -99 -99 -99 -99 -99 -99 -99 -99 -99
-99 -99 -99 -99 -99 -99 -99 -99 1.10399211366464 -99 -99 -99 1.04491712240393 -99 -99
-99 -99 -99 -99 -0.145624311688308 -99 -99 -99 -99 -99 -99 0.22504561998466 -99 -99 -99
-99 -99 -99 -99 -99 -99 -99 -99 -99 -99 -99 -99 -99 1.15030523789929 -99
-99 -99 -99 -99 -99 -99 -99 -99 -99 -99 -99 -99 1.19873697837386 -99 -99
-0.418851679021738 -99 -99 -99 -99 -99 -99 -99 -99 -99 -99 -99 -99 -99 -99
-99 1.3810535739036 -99 -99 -99 -99 -99 -99 -99 -99 -99 -0.902426516659101 -99 -99 -99
-99 -99 -99 -99 -99 -99 -99 -99 -99 -99 2.99608867743072 -99 -99 -99 -99
-99 -99 -0.0489629386188586 -99 -99 -99 -99 -99 -99 -99 -99 -99 -99 -99 1.47109718925295
-99 -99 -99 -99 -99 -99 2.78588056376811 -99 -99 -99 -99 -99 -99 0.562313231780433 1.46882462705389
-99 -99 -0.678071366726512 -99 -99 -99 -99 -99 -99 -99 -99 -1.90588311690836 -99 -99 -99
-99 -99 -99 -99 -99 -99 -99 -99 -99 -99 -99 -99 -99 -99 -99
-99 -99 -99 -99 -99 -99 -99 0.468754384155571 -99 -99 -0.742052886975848 -99 -99 -99 -99
-99 -99 -99 -99 1.49826877037468 -99 0.829209468020266 -99 -99 -99 -99 -99 -99 -99 -99
-99 -99 -99 -99 -99 -99 -99 -99 2.22188051429829 -99 -99 -99 -99 -99 -99
-99 -99 -1.74123065389256 -99 -99 -99 -99 -99 -99 -99 -99 -99 -99 -99 -99
-99 -99 -0.807343835289172 -99 -99 -99 -99 -99 -99 -99 -99 -99 -1.38640975691966 -99 0.128987049557876
-99 -99 -99 -99 0.773178558399388 -99 -99 -99 -0.19282410586235 -99 -99 -99 -99 -99 -99
2.07641934923389 -99 -99 -99 -99 -99 -99 -99 -99 -99 -99 -99 -99 -99 -99
-99 -99 -99 -99 -99 -99 2.55987803368502 -99 -99 -99 -99 -99 -99 -99 -99
-99 0.295339117050157 -99 -99 0.919064553970812 -99 -99 0.962340506879451 -99 -99 -99 -99 -99 -99 -99
-99 -99 -99 -99 -99 -99 -99 -99 4.38147238579624 -99 -99 -99 4.43001958790574 -99 -99
-99 -99 -99 -99 -99 -99 0.204542445310819 -99 -99 -99 -99 -0.0399417815218026 -99 -99 0.107851924474161
-99 -99 -99 -99 -99 -99 -99 -99 -99 -99 -99 -99 -99 -99 -99
-99 -99 -99 -99 -99 -99 -99 -99 0.398290330943795 -99 -99 -0.390532147266214 -99 -99 -99
-99 -99 -99 -99 -0.114560809513018 -99 -99 -99 -99 -99 -99 -99 -99 -99 -99
-99 -99 -99 -99 -99 -99 -99 -99 -99 1.45084640575742 -99 -99 -99 -99 1.51618780303565
-99 -99 1.43975067377049 -99 0.617103020838407 -99 -99 -99 -99 -99 -99 2.33991137594816 -99 -99 -99
-99 -99 -99 -99 -99 -99 -99 -99 -99 -99 -99 0.14053254636821 -99 0.207652544307039 -99
-99 -99 -99 -99 -99 -99 2.24903691337592 -99 -99 -99 -99 -99 -99 0.479312570771549 -99
-99 -99 -99 -99 -99 0.743979124013187 -99 -99 -99 -99 -99 -99 -99 -99 -99
-99 -99 -99 -99 -99 -99 -99 -99 1.41252037114855 -99 -99 -99 -99 -99 1.26308391987342
-99 -99 -99 -99 -99 -99 -99 0.0133037457385726 1.8118504450277 -99 -99 -99 -99 -99 -99
-99 -99 -99 0.788609003280996 -99 -99 -99 -99 -99 -99 -99 3.02864614174263 -99 -99 -99
-99 -99 -99 -99 -99 -99 -99 -99 -99 -99 -99 -99 -99 -99 -1.1321095458722
-99 -99 -99 -99 -99 -99 -99 -0.487764595506382 -99 -99 -99 -99 -99 -99 -99
-99 -99 -99 -99 -99 -99 -99 -99 -99 -99 -99 -0.369589380777639 -99 -99 -99
-99 -99 -99 2.90972719457014 -99 -99 -99 -99 -99 -99 -99 -99 -99 1.63139107672977 -99
-99 0.362266158794566 -99 1.48830895549967 1.37610411595529 -99 -99 -99 -99 -99 -99 -0.170480737070702 -99 0.9707693532547 -99
-99 -99 -99 -99 1.03135477761772 -99 -99 -99 -99 -99 -99 -99 -99 -99 -99
-99 -99 -99 -1.05305487769541 0.823138566095934 -99 -99 -99 -99 -99 -99 -99 -99 -99 -99
-99 1.4672978111508 -99 -99 -99 -99 -99 -99 -99 -99 -99 -99 -99 3.5420607564752 -99
-99 -99 -99 -99 2.48232135787994 -99 -99 -99 -99 -99 2.78978450668965 -99 -99 -99 -99
-99 -99 -99 -99 -99 -99 -99 -99 -99 -99 -99 -99 -99 -99 -99
-99 -99 -99 -99 -99 -99 -99 -99 0.81210412994701 -99 -99 -99 -99 -99 -99
-99 -99 -99 -99 -99 -99 -99 -99 -99 -99 -99 -99 -99 -99 -99
-99 -99 -99 -99 -99 -99 -99 -99 -99 -99 -99 -99 -99 -99 -99
-99 -99 -99 -99 -99 -99 -99 -99 -99 -99 1.76507594271528 -99 -99 -99 1.95116542906841
-99 2.1253914870617 -99 -99 -99 -99 -99 -99 -99 1.90687322511661 -99 -99 -99 -99 -99
-99 -99 -99 -99 2.14897570336278 -99 -99 -99 -99 -99 -99 -99 -99 -99 -99
-99 -99 1.49870040292025 -99 -99 -99 -99 -99 -99 -1.47830902018808 -99 -99 -99 -99 -99
-99 -99 -99 -99 -99 -99 -99 -99 0.695651602639153 -99 -99 -99 -99 -99 1.09970806009617
-99 -99 -99 -99 -99 -99 -99 -99 -99 -99 -99 -99 -99 -99 -99
-99 -99 -99 -99 -99 -99 -99 -99 -99 -99 -99 -99 -99 -99 -99
-99 -99 -99 -99 -99 -99 0.395756368186201 -99 -99 -99 -99 -99 -99 -99 -99
-99 -99 -99 -99 -99 -99 -99 1.71430920159842 -99 -99 -99 -99 -99 1.16887265667243 -99
-99 -99 -99 1.91716551807707 -99 -99 -99 -99 -99 -99 -99 -99 -99 -99 -99
-99 -99 -99 -99 -99 -99 -99 -99 3.15541823432899 -99 -99 -99 -99 -99 -99
-99 -99 -99 -99 -99 -99 -99 -99 -99 -0.707537612053649 -99 -99 -99 -99 -1.74922534385928
-99 1.41946219645278 -99 -99 -99 -99 -99 -99 -99 -99 -99 -99 -99 0.451432375286925 -99
-99 -99 -99 -99 -99 -99 -99 -99 1.22524741168724 -99 -99 -99 -99 -99 -99
-99 -99 -99 -99 -99 -99 -99 -99 -99 -99 -99 -99 -99 -99 -99
-99 -99 -99 1.25075798312704 -99 -99 -99 -99 -99 0.572528059584455 -99 -99 -99 -99 -99
-99 -99 -99 -99 -99 -99 -0.212473869515723 -99 -99 -99 -99 -99 -99 -99 -99
1.03326322856391 -99 -99 -99 -99 -99 -99 -99 -99 -99 -99 -99 -99 -99 -99
-99 -99 -99 -99 -99 -99 -99 -1.27946000793643 -99 -99 -99 -99 -99 -99 -99
-99 -99 -99 -99 -99 -99 1.58793529657812 -99 -99 -99 -99 -99 -99 -99 -99
-99 -99 -99 -99 -99 -99 -0.192159331357663 -99 -99 -99 0.875702994649385 -99 -2.12409958634029 -99 -99
-99 -99 -99 -99 -99 4.64850359490484 -99 -99 -99 2.26293218848839 -99 -99 -99 -99 -99
-99 -99 -99 -99 -99 -99 -99 -99 -99 -99 -99 -99 -99 -99 -99
-99 -99 -99 1.25703176407874 -99 -99 -99 -99 -99 -99 0.148275828948879 -99 -99 -99 0.331248386477119
-99 -99 -99 -99 -99 -99 -99 -99 -99 -99 -99 -99 -99 -99 -99
-99 -99 -99 -99 -99 -99 -99 -99 -99 -99 -99 -99 -99 -99 -99
-99 -99 -99 -99 -99 -99 -99 -99 -99 -99 -99 -99 -99 -99 -99
-99 -99 -99 -99 0.145260864834597 -99 -99 -99 -99 -99 0.966927021585243 -99 -99 -99 -99
-99 -99 -99 -99 -99 -99 -99 -99 -99 2.89144305910342 -99 -99 -99 -99 -99
-99 -0.180117722821244 -99 -99 -99 -99 -99 -99 -99 -0.291584001573799 -99 -0.0441943566643714 -99 -99 -99
-99 -99 -99 -99 -99 -99 -99 -99 -99 -99 -99 -99 0.950850186022469 -99 -99
-99 -99 2.431338230629 -99 -99 -99 -99 -99 -99 -99 -99 -99 -99 -99 -99
-99 -99 -99 -99 -99 -99 -99 -99 2.06380390913569 -99 -99 -99 -99 2.73586162835007 -99
-99 -99 -99 -99 -99 -99 -99 -99 -99 -99 -99 -99 -99 -99 -99
-99 -99 -99 -99 -99 -99 1.24536485564373 -99 -99 -99 -99 0.548866269381372 -99 -99 -99
-99 -99 -99 -99 -99 -99 -99 -99 -99 -99 -99 -99 -99 -99 -99
-99 -99 -99 -99 -99 -0.979355793325733 -99 -99 -99 -99 -99 -99 -99 -99 -99
-99 -99 -99 -99 -99 -99 -99 -99 -99 0.969687302342459 -99 -99 -0.941875257625891 2.42805047197027 -99
-99 4.2327692864728 -99 -99 -99 -99 -99 -99 2.73574884827192 -99 -99 -99 -99 -99 -99
0.0658520358947213 -99 -99 -99 -99 -99 -99 -99 -99 -99 -99 -99 -0.508622426989438 -99 -99
-99 -99 -99 -99 -99 -99 -99 0.894976635928757 -99 -99 -99 -99 -99 -99 -99
-99 -99 -99 -99 -99 -99 -99 -99 -99 -99 -99 -99 -99 0.295567365202468 -99
-99 -99 -99 -99 -99 -99 0.829811032624181 -99 -99 -99 -99 -99 -99 -99 -99
-99 -99 -99 -99 -99 -99 -99 -99 -99 -99 2.36591632933994 -99 -99 -99 -99
-99 -99 -99 -99 -99 -99 -99 -99 -99 -1.38059600784264 -99 -99 -99 -99 -99
-99 -99 -99 -1.7482629663902 -99 -99 -99 -99 -99 -99 -99 -99 -0.0300666753158454 -99 -99
-99 1.40172545150446 -99 -99 -99 -0.647453406873655 -99 0.0308074989806962 -99 -99 -99 -99 -99 -0.182272307939077 -99
-99 -1.63244667005325 -99 -99 -99 -99 -99 -99 -99 -99 -99 -99 -99 -99 -0.203488046344825
-99 -99 -0.311462327669791 -99 0.701649756928756 -1.19722329971037 -99 -99 -99 -99 -99 -99 -99 -99 -99
-99 -99 -99 -99 -99 -99 -99 -99 -99 -99 -99 0.534597623377967 -99 -99 -99
-99 -99 -99 1.655669848295 -99 -99 -99 -99 -99 -99 -99 -99 -99 -99 -99
-99 -99 0.644053167199705 -99 -99 -99 1.59230204481864 -99 -99 -99 -99 -99 -99 -99 -99
1.26070710368129 -1.00361919519197 -99 -99 -99 -99 -99 -99 -99 -99 -99 -99 -99 -99 -99
-99 -99 -99 -99 2.07961964141176 -99 -99 -99 -99 -99 -99 2.99657870350565 -99 -99 -99
-99 -99 -99 -99 -99 -99 -99 -99 -99 -99 -99 -99 -99 -99 -99
-99 -99 -99 2.36233344369451 -99 -99 -99 -99 -99 -99 0.525793053279913 -99 -99 -99 -99
-99 -99 -99 -99 -99 0.331697012920653 -99 -99 -99 -99 -99 -99 -99 -99 -99
-99 -99 0.384715875341888 -99 -99 -99 -0.898803536177317 -99 -99 -99 -99 -99 -99 -99 -99
-99 -99 -99 -99 -99 -99 -99 -99 1.90850217843607 -99 -99 -99 -0.950189541323915 -99 -99
-99 -99 -99 -99 -99 -99 -99 -99 -99 -0.796702223543545 -99 -99 -99 -99 -99
-99 -99 -99 -1.21780265515211 0.0055080027229919 -99 -99 -99 -99 -99 -99 -99 -99 -99 -99
-99 2.00937680997861 -99 -99 -99 -99 -99 1.04878707743348 -99 -99 -99 -99 -99 -99 -0.472218143809307
3.05741867847565 -99 -99 1.16814849769253 -99 -99 -99 -99 -99 -99 -99 -99 -99 -99 -99
-99 -99 2.29189645885704 -99 -99 -99 -99 0.500212651124933 -99 -99 -99 -1.24881913953347 -99 -99 -99
-99 -99 -99 -99 -99 -99 -99 -99 -99 -99 -99 -99 -99 -99 -99
-99 -99 -99 -99 -99 -99 -99 -99 -99 -99 -99 -99 -99 -99 -99
-99 -99 -99 -99 2.59913025241571 -99 -99 0.944793898460867 -99 -99 -99 -99 -0.430655773920796 -99 -99
-99 -99 -99 -99 -99 -99 -99 -99 -99 -99 -99 1.74142233812847 -99 -99 -99
-99 -99 -99 -3.95970007051949 -99 -1.75695594507223 -99 -99 -99 -99 -99 -99 -99 -99 -99
-99 -99 -99 -99 -99 -99 -99 -99 -99 -99 -99 -99 -99 0.207234805143975 -99
-99 -99 -99 -99 0.8539369911021 -99 -99 -99 -99 -99 -99 -99 -0.789947470364354 -99 -99
-99 -99 -99 3.5805470744028 4.2002032958682 -99 -99 -99 -99 -99 -99 -99 -99 -99 -99
-99 -99 -99 -99 -99 -99 -99 -99 -99 -99 -99 -99 -99 -99 -99
-99 -99 -99 -99 -99 -99 -99 -99 -99 3.17185208756543 -99 -99 -99 2.61544217439831 -99
-99 -99 -99 -99 -1.51956630899726 -99 -99 -99 -99 -99 -99 -99 -99 -99 -99
-99 -99 -99 -99 -99 -99 -99 -99 -99 -99 -99 -99 -99 -99 -99
-99 -99 -99 1.36955417344015 -99 1.04197783027229 -99 2.83193495025848 -99 -99 -99 -99 -99 -99 -99
-99 -99 -99 -99 -99 -99 -99 -99 -99 -99 -99 3.97020012420368 -99 -99 -99
-99 -99 -99 -99 -99 -99 -99 -99 -99 -99 -99 -99 1.79677055308081 -99 -99
-99 -99 -99 -99 -99 -99 -99 -99 -99 2.60263560650876 -99 -99 -99 -99 -99
-99 -99 -99 -99 -99 -99 -99 -0.261946603995797 -99 -99 -99 -99 -99 -99 -99
-99 -99 -99 -99 -99 -99 -99 -99 -99 -99 -99 0.125575126181933 -99 -99 -99
-99 -99 -99 -99 -99 -99 -99 -99 2.05768379591904 -99 -99 -99 -99 -99 -99
0.181371173444029 1.75703137821767 -99 -99 -99 -99 -99 -99 -1.66402563332296 0.795074760243633 0.376511947604226 2.51455452240154 -99 -99 -99
-99 -99 -99 -99 -0.186240147382645 -99 -99 -99 -99 -99 -99 -99 -99 -99 -99
-99 -99 1.41861174066037 -99 -99 -99 -99 -99 -99 -99 -99 -0.303230582694045 -99 -99 -99
-0.553978396585063 -0.447917121134788 -99 -99 -99 0.142588336692432 -99 -99 -99 -99 -99 -99 -99 -99 -99
-99 -99 -99 -99 -99 -99 -99 -99 -99 -99 -99 -4.28981668149384 -99 -99 -99
-99 1.6730550277116 -99 -99 -99 3.73723413685248 -99 -99 -99 1.82505674385508 -99 -99 -99 -99 -99
-99 1.33099680891989 0.522513531554904 -99 0.905558932657236 -99 -99 -99 -99 -99 -99 -99 -99 -99 -99
-99 -99 -99 -99 -99 -99 -99 -99 -99 -99 -99 -99 -99 0.108649440943108 -99
-99 -99 -99 -99 -99 2.99376580256644 -99 -99 -99 -99 -99 -99 -99 -99 -99
-99 -99 -99 -99 -99 -99 -99 -99 -99 0.151897312072748 -99 -99 -99 -99 -99
-99 -99 -99 0.549892609850262 -99 -99 -99 -99 -99 -99 -99 -99 -99 -99 -99
-99 -99 -99 -99 -99 -99 -99 -99 -99 -99 -99 -99 -99 -99 -99
-99 2.31583858946684 -99 -99 -99 -99 -99 -99 -99 -99 -99 -99 -99 -99 -99
-99 -99 -99 -99 -99 -99 -99 -99 4.84013802868364 -99 -99 -99 -99 2.30217138396766 -99
-99 -0.0270224701838149 -99 -99 -99 -99 0.981667580875081 -99 -99 -99 -99 -99 -99 -99 -99
-99 -99 -99 -99 -99 0.800240671310181 -99 -99 -99 -99 -99 -99 -99 -99 -99
-99 -99 -0.360609273709649 -99 0.966254795077887 -99 -99 -99 -99 -99 -99 -99 -99 -99 -99
-99 -99 -99 -99 -99 -99 -99 -99 -99 -99 -99 -99 -99 -99 -99
-99 -99 -99 -99 -99 -99 -99 -99 -99 -99 -99 -99 -0.572379517218498 -99 -99
-99 -99 -99 -99 -99 -99 -99 -99 -99 -99 -99 -99 -99 -99 -99
-99 -99 -99 -99 -99 -99 -99 -99 -99 -99 -99 -99 -99 -99 -99
-99 -99 -99 -99 0.668838573129524 -99 -99 -99 -99 -99 -99 -99 -99 -99 0.630360262131903
-99 -99 -99 -99 -99 -99 -99 -99 -0.862883683558863 -99 -99 -99 -99 -99 -99
-99 -99 -99 -99 -99 -99 -99 -99 -99 -99 -99 -99 -99 -99 1.28615479054133
0.107704475221145 -99 -99 1.47984688305704 -99 -99 2.30881531480566 -99 -99 -99 -99 -99 -99 1.39732780887941 3.54121876589391
-99 -99 -99 -99 -99 -99 -99 -99 -0.479802823674608 -99 -99 -99 0.864840516747421 -99 -99
-99 -99 -99 -99 -99 -99 -99 -99 0.814359577439924 -99 1.15965191050794 -99 -99 -99 -99
-99 -99 -99 -99 -99 1.14625787325878 -99 -99 0.211243322837711 -99 -99 -99 -99 -99 -99
-99 -99 0.608587618467745 -99 -99 -99 -0.193731186803369 -99 -99 -99 -99 -99 -99 -99 -99
-99 -99 -99 -99 -99 -99 -99 -99 -99 -99 0.582242667058497 -99 0.777821000513139 -99 -99
-99 -99 -99 -99 -99 -99 -99 -99 -99 -99 -99 1.11791338416139 -99 -99 -99
-99 -99 -99 -99 -99 -99 -99 -99 -99 -99 0.841861750909142 -99 -99 -99 -99
-99 -99 -99 2.30586538627467 -99 -99 0.821208464737926 -99 -99 -99 -99 -99 -99 -99 -99
-99 -99 -99 -99 -99 -99 -99 -99 -99 -99 -99 -99 -99 -99 -99
-99 -99 0.644098388566908 -99 -99 -99 -99 -99 -99 -99 -99 -99 -99 -99 -99
-99 -99 -99 -0.409381714360049 -99 -99 -99 -99 -99 -99 -99 -99 -99 -99 -99
-99 -99 -99 -99 -99 -99 -99 -99 -99 -99 -99 -99 -99 -99 -99
-99 -99 -99 -99 -99 -99 -99 -99 -99 1.82602678672169 -99 -99 1.06434028419875 1.8258162504349 -99
-99 -99 -99 -99 -99 -99 -99 -99 -99 -99 -99 -99 -99 -99 -99
-99 -99 3.71568548321616 -99 -99 -99 4.16387060139921 -99 -99 -99 -99 -0.0969188271646038 -99 -99 -99
-99 -99 -99 -0.981507867443821 -99 -99 -99 -99 -99 -3.08717745734891 -0.760940875134801 -99 -99 -99 -1.23817792401993
-99 -99 -99 -99 -99 -99 -99 -99 -99 -99 -99 -99 -99 -99 -99
0.728841143074732 -99 -99 -99 -0.600257385740977 -99 -99 -99 -99 -99 -0.324333295570556 -0.841246985950723 -99 -99 -99
-99 -99 -99 -99 -99 -99 -99 -99 -99 -99 -99 -99 -99 -99 -99
-99 -99 -99 -99 -99 -99 -99 -99 -99 -99 -99 0.419457632170814 -99 -99 -99
-99 -99 -99 -99 -99 -99 -99 -99 -99 -99 -99 -99 -99 -99 -99
-99 -99 -99 -99 -99 -99 -99 1.22383501016478 -99 -99 -99 -99 -0.0227216632680429 -99 -99
-99 -99 1.90177657943919 -99 -99 -99 -99 -99 -99 -99 -99 -99 -99 -99 -99
-99 -99 -99 -99 -99 -99 2.01202109765652 -99 -99 -99 -99 -99 -99 1.61938696580826 -99
-99 -99 -99 -99 -99 -99 -99 -99 -99 -99 -99 -99 -99 -99 -99
-99 -99 0.171726583090701 -99 -99 -99 -99 -99 -99 -99 -99 -99 -99 3.33272855225917 -99
-99 -99 -99 -99 -99 -99 -99 -99 -99 -99 -99 -99 -99 -99 -99
-99 -99 2.40681440480175 -99 -99 -99 -99 -99 1.93488514054624 -99 -99 -99 2.66733485546073 1.51778143457296 -99
-99 -99 -99 -99 -99 -99 -99 3.03861679539692 -99 -99 -99 -99 -99 3.24015278929347 -99
-99 2.05324152430258 -99 -99 -99 -99 -99 -99 -99 -99 -0.195356203248164 -99 -99 -99 -99
-99 -99 -99 -99 1.85906166860087 -99 -99 -99 -99 -99 -99 -99 -99 -99 -99
-99 -99 -99 -99 -99 -99 -99 -99 -99 -99 -99 -99 -99 -99 -99
-99 -99 -99 -99 -99 -99 -99 -99 -99 -99 -99 -99 -99 -99 -99
-99 -99 -99 -99 -99 -99 -99 -99 -99 -99 -99 -99 -99 -99 0.000331418640125536
-99 -99 2.01135258975835 -99 -99 4.82050473531798 -99 -99 0.808334379312338 2.73754419083621 -99 -99 -99 -99 -99
-99 -99 -99 -99 -99 -99 -99 -99 2.97185241162591 -99 -99 -99 -99 -99 -99
-99 -99 -99 0.356276545220021 -99 -99 -99 -1.17367365746275 -99 -99 -99 -99 -99 -99 -1.62957809963513
-99 -99 2.50215873637169 -99 2.84844953799782 -99 -99 -99 -99 -99 -99 -99 -99 -99 -99
