-99 -99 -99 -99 -99 -99 1.11744128044076 -99 -99 -99 -99 -99 -99 -99 -99
-0.167523103565544 -99 1.78679934554691 -99 -99 1.04479584213666 -99 1.59871756863258 -99 -99 -99 -99 -99 -99 -99
-99 -99 -99 3.59016489587528 -99 2.45289725700419 -99 -99 -99 -99 -99 -99 -99 -99 -99
-99 -99 -99 -99 -99 -99 -99 -99 -99 -0.712841493169669 -99 -99 -99 -99 -99
-99 -99 -99 -99 -99 -99 -99 -99 -99 -99 -99 -0.0136171112690044 -99 -99 -99
-99 -99 -99 -99 -99 -99 -99 -99 -99 -99 -99 -99 1.65541261563333 -99 -99
-99 -99 -99 -99 -99 -99 -99 -99 -99 -99 -99 -99 -99 -99 -99
-99 -99 -99 -99 -99 -99 -99 -99 -99 -99 -99 -99 -99 -99 -99
-99 -99 -99 0.421852094852666 0.487951870526462 -99 -99 -99 -99 -99 1.29550224937692 -99 -99 -99 -99
-99 -99 -99 -99 -99 1.98844997630281 -99 -99 -99 3.80514071246948 -99 -99 -99 -99 -99
-99 -99 -0.298511194788739 -99 -99 -99 -99 -99 -99 -99 -99 -99 -99 -99 -99
-0.877585683353164 -99 -0.250460694150961 -99 -99 -99 -99 0.0243247423444429 -99 -99 -99 -99 0.353004222915764 -99 -99
-99 -99 -99 -99 -99 -99 -99 -99 -99 -99 2.14330591675884 -99 -99 -99 -99
-99 -99 -99 -99 1.34183783371433 -99 -99 -99 -99 -99 -99 -99 -99 -99 2.05296191633457
-99 -99 -99 -99 -99 -99 -99 0.896894908652741 -99 -99 1.12012029185844 -99 -0.364076325796956 -99 -99
-99 -99 -99 -99 -99 -99 -99 -99 -99 -99 -99 0.902150239340981 0.940400888295081 2.14267569650906 -99
-99 -99 -99 -99 -99 -99 -99 -99 -99 -99 -99 -99 -99 -99 -99
-99 -99 -99 -99 -99 -99 -99 -99 -0.397066657926093 -99 -99 -99 -99 -99 -99
-99 -99 -0.608652076350912 -99 -99 -99 -1.04533911542757 -99 -99 -99 -99 -99 -2.76452713677705 -99 -99
-99 -0.363590977214308 1.57182702813718 -99 -99 -99 -99 1.11810514044276 -99 -99 0.654528059311869 -99 -99 -99 -99
-99 -99 -99 -99 -99 -99 -99 -99 2.81166362474427 -99 -99 -99 0.918360842313616 1.38133702744998 -99
-99 -99 -99 -99 -99 -99 -99 -99 -99 -99 -99 -99 1.82638613506639 -99 -99
-99 -99 -99 -99 -99 -99 -99 -99 -99 -99 1.46806117270737 -99 -99 -99 0.848383879749721
-99 -99 -99 -99 -99 -99 -99 -99 -99 -99 -99 -99 -99 -99 -99
-99 -99 -99 -99 -99 -99 1.7959643924451 -99 -99 -99 -99 -99 -99 -99 1.15515019729117
-99 -99 -0.971243680071629 -99 -99 -99 -99 -99 -99 -99 -99 -99 -99 1.33806722796095 -99
-99 -99 -99 1.05009855807171 -99 -99 -99 -99 -99 -99 -99 -99 0.72393142558693 0.184726939998024 -99
-3.20747172105167 -99 -99 -1.60658104460035 -99 -99 -99 -99 -99 -99 -99 -99 -99 -1.01612242201363 -99
-99 -99 -99 -99 -99 -99 -99 3.08410745333743 -99 -99 -99 -99 3.09608826586549 -99 -99
-99 -99 -99 -99 -99 -99 -99 -99 -99 1.90156796343597 -99 -99 -99 -99 -99
-99 -99 -99 -99 -99 -99 -99 -99 1.05070114064004 -99 -99 -99 -99 -99 -99
-99 -99 -99 -99 -99 -99 1.23236908378852 -99 -99 0.355177453862264 -99 -99 -99 -99 -99
-99 -99 1.68759581877482 0.729987699325295 -99 -99 -99 -99 -99 -99 -99 -99 -99 -99 -99
-99 -99 -1.04311694486264 -99 -99 -99 -99 -99 -99 -99 -99 -99 -99 0.255911868453567 -99
-99 -99 -99 -99 -99 -99 1.68879952533703 -99 -99 -99 -99 -99 -99 -99 -99
-99 -99 -99 -99 -99 -99 -99 2.66330508390345 -99 -99 1.22356277648835 -99 1.30421424886183 -99 -99
-99 -99 -99 -99 -99 -99 -99 -99 1.49443168366536 -99 -99 -0.355235457503886 -99 -99 -99
-99 -99 -99 -99 -99 2.39039624774294 -99 -99 -99 -99 -99 -99 -99 -99 -99
-99 2.83721825032349 -99 -99 -99 -99 3.34225261642497 -99 -99 -99 -99 -99 -99 -99 -99
-99 -99 -99 -99 -99 -99 -99 -99 -99 -99 -99 -99 -99 -99 -99
-99 0.917925514149013 0.25733429205166 -99 1.65617749981612 -0.411463539953183 -99 -99 -99 0.8011371835745 -99 -99 -99 0.399065080956838 -99
-99 -99 -99 -99 -99 -99 -99 -99 -99 -99 -99 -99 -99 -99 -99
-0.864102593284566 -99 -99 -99 -99 -99 -99 -99 -99 -99 -99 -99 -99 -99 -99
-99 -99 -99 -99 -99 -99 -99 -99 -99 -99 -99 -99 -99 -99 -99
-99 -99 1.81838340273101 -99 -99 -99 -99 -99 -99 -99 -99 -99 -99 -99 -99
-99 -99 -99 -99 -99 -99 -99 -99 -99 -99 -99 -99 -99 -99 -99
-99 -99 -99 -99 -99 -99 -99 -99 -99 -99 -99 -99 -99 -99 -99
-99 -99 -99 -99 -99 -99 -99 -99 -99 -99 -99 -99 -99 -99 -99
-99 -99 -99 1.36572406156176 -99 0.124387514585998 -99 -99 -99 -99 -99 -99 -99 -99 -99
-99 -99 -99 -99 -99 -99 -99 -99 -1.88555927735136 -99 -99 -99 -99 -99 -99
-99 2.42766098992471 -99 -99 -99 -99 -99 -99 3.86092201404061 -99 -99 -99 -99 -99 -99
-99 -99 -99 -99 -99 -99 -99 -99 -99 -99 -99 -99 -99 -99 -99
-99 -99 -99 -99 -99 -99 -99 -99 -99 -99 -99 -99 -99 -99 -99
-99 -99 -99 -99 -0.597537178683125 -99 -99 -99 -99 -99 -99 0.586612156282064 -99 -99 -99
-99 -99 3.7884626467632 -99 -99 -99 -99 -99 2.98496298499082 -99 -99 2.64184918817721 -99 -99 -99
-99 -99 -99 0.604012905255103 -99 -99 -99 0.283738776809972 -99 -99 -99 -99 -99 -99 -99
3.19747703179302 -99 -99 -99 -99 -99 -99 -99 -99 -99 1.1877412465322 -99 -99 -99 -99
-99 -99 3.22176284926047 -99 -99 -99 -99 -99 -99 1.62964983412059 -99 -99 -99 -99 -99
-99 -1.92439139169077 -99 -99 -99 -99 -99 -99 -99 -99 -99 -99 -99 -99 -99
-99 -99 -99 -99 -99 -99 -99 -99 -99 -99 -99 -99 -99 -99 -99
-99 -99 1.23085874431516 -99 -99 -99 -99 -99 -99 -99 0.117371351181801 -99 -99 -99 -99
-99 1.81818750298651 -99 -99 -99 -99 -99 -99 -99 -99 -99 -99 -99 -99 -99
-99 -99 -99 -99 -99 -99 -99 -99 -99 -99 -99 -99 -99 -99 -99
-99 -99 -99 0.944274669576531 1.00070431686757 -99 -99 -99 -99 -99 -99 -99 -99 -99 -99
-99 2.16482325502856 -99 -99 -99 -99 -99 -99 -99 1.08569374504053 -99 -99 -99 -99 -99
2.57900349155461 1.25218928879721 -99 -99 1.73784923940881 4.26578321617188 -99 -99 -99 -99 -99 -99 -99 -99 -99
-99 -99 -99 -99 -99 -99 -99 -99 -99 -99 -0.640948095269235 -0.560353048054347 -99 -0.125410101936199 -99
-99 -99 -99 -0.311256132741833 -99 -99 -99 -99 -99 -99 -99 0.199263260720058 -99 -99 -99
-99 -99 -99 -99 -99 -99 -99 -99 -99 -99 -99 -99 -99 -99 -99
-99 -99 -99 -99 -99 -99 -99 -99 -99 -99 -99 2.66722507416835 -99 -99 -99
-99 -99 -99 -99 -99 -99 -99 -99 -99 -99 -99 -99 -99 -99 -99
1.41317375758529 -99 -99 -99 -99 -99 -99 -99 -99 -99 -99 -99 -99 -99 -99
-99 -99 -99 -99 -99 -99 -99 -99 1.49343555630815 -99 -99 -99 -99 -99 1.08411022546473
-99 -99 -99 -99 -99 1.34346561132183 -99 -99 -99 1.49426252187755 -99 -99 -99 -99 -99
-99 -99 -99 -99 -99 -99 -99 -99 -99 -99 -99 0.539565273379128 -99 -99 -99
-99 -99 -99 -99 -99 -99 -99 -99 -99 -99 -99 -99 -99 -99 -0.606152059658978
-99 -99 -99 0.106468792254715 -99 -99 -99 -99 -99 -99 -0.16999266811503 -99 -99 0.40514427732077 -99
-99 1.33263587086631 0.798698602600105 -99 -99 -99 -99 2.87498271225016 -99 -99 -99 -99 -99 -99 -99
-99 -99 0.301806453142927 -99 -99 1.02033573539246 -99 -99 -99 -99 -99 -0.229010450050998 -0.597159412074193 -99 -99
3.68269362604469 -99 -99 2.45471691818159 -99 -99 -99 -99 -99 -99 2.72706974135547 2.8903109516104 -99 -99 -99
-99 -99 -99 -99 -0.73067537622454 -99 -99 -99 -99 -99 -99 -99 -99 -99 -99
-99 -99 -99 -0.624672207412492 -99 -99 -99 -0.537559902527212 -99 -99 -99 -99 0.897530950695906 -99 -99
-99 -99 -99 -99 -99 -99 -99 -99 -99 -99 -99 -99 -99 -99 2.89924229051209
1.47229098521626 -99 -99 -99 -99 -99 -99 -99 -99 -99 -99 -99 -99 -99 -99
-99 -99 -99 -99 -1.5390315519212 -99 -99 -99 -99 -99 -99 -99 -99 -99 -99
-99 -99 -99 -99 -99 -99 -99 -99 -99 -99 -99 -99 -99 -99 -99
-99 -1.11572293769793 -99 -99 -99 -99 -99 -99 -99 -99 -99 -99 -99 -99 -99
0.436142422841538 -99 -99 -99 -0.772564997216159 -99 0.232868747328563 -99 -99 -1.1499459186943 -99 -99 -99 -0.640178205003698 -99
-99 -99 -99 0.155809012295436 -99 -99 -99 -99 -99 -99 -99 -99 -99 -99 -99
-99 -99 0.609578820774136 -0.0319945992976749 -99 -99 -99 0.647774121425142 -99 -99 -99 -99 -99 -99 -99
-99 -99 -99 -1.70662266776799 -99 -99 -99 -99 -99 -99 -99 -99 -99 -99 -99
-99 -99 0.941396340218975 -99 -99 1.05050493004018 -99 -99 -99 -99 -99 -99 -99 -99 -99
-99 -99 -99 -99 -99 -99 1.83410805995995 -99 -99 -99 -99 -99 -99 -99 -99
-99 -99 -99 -99 -99 -99 -99 -99 -99 -99 -99 -99 -99 -99 -99
-99 0.0757137811211365 -99 -99 -99 -99 -99 -99 0.318684944299341 -99 -99 -99 -99 -99 -99
-99 -99 -99 -99 -99 -99 -99 -99 -99 -99 -99 -99 -99 -99 -99
-99 -99 -99 -99 -99 -99 -99 -99 -99 -99 0.373231573544629 2.49355037983011 -99 -99 -99
-99 -99 -99 -99 -99 -99 -99 -99 -99 -99 -99 -99 -99 -99 -99
-99 -99 -99 -99 -99 -99 -99 -99 -99 -99 -99 -99 -99 -99 -99
-99 -99 -99 -99 -99 -99 -99 -99 -99 -99 1.29792978451516 -99 -99 -99 -99
-99 -99 -99 -99 -99 -99 -99 -99 -99 -99 -99 -99 -99 -99 -99
-99 0.461092441160367 -99 -99 -99 -99 -99 -99 -99 -99 -99 -99 -99 -99 -99
-99 -99 -99 -99 -99 -99 -99 -99 -99 3.45987853163602 2.29031375726777 -99 -99 -99 -99
-99 -99 -99 -0.944862647604234 -99 -99 -99 -99 -99 -99 -99 -99 -99 0.708069049077751 -99
2.89236571680267 -99 -99 -99 -99 -99 -99 -99 -99 -99 -99 -99 -99 -99 -99
-99 0.184863291733983 -99 -99 -99 -99 -99 -99 2.65742994303023 -99 -99 -99 -99 -99 -99
-99 -99 -99 -99 -99 -99 -99 1.84848740676644 -99 0.4757586772531 -99 -99 -99 -99 -99
-99 -99 -99 -99 -0.985985518217976 -99 0.526280153431726 -99 -99 -99 -99 -99 -0.480401173158512 -99 -99
-99 -0.3421377707385 -99 -0.0710654665167916 0.0466047954945434 -99 -99 -99 -99 -99 -99 -99 -99 2.03103247748518 -99
-99 -99 -99 -99 -99 -99 -99 -99 0.97860183004103 -99 -99 0.428576834307274 -99 -99 -99
-99 -99 1.48431693665646 -99 -99 -99 -99 -99 1.63132052883177 -99 -0.132951011304455 -99 -99 -99 2.99757003738034
-99 -99 -99 -99 -99 -99 -99 -99 -99 -99 -99 -99 1.56042756656983 -99 -99
-99 -0.112759055843424 -99 -99 -99 -99 -99 -99 -99 -99 -99 -99 -99 -99 -99
-99 -99 -99 -99 -99 -99 -99 -99 -99 -99 -99 0.649808912697648 -99 -99 -99
-99 -99 -99 -99 -99 -99 -99 -0.662885121638381 -99 -99 -99 -99 -99 -99 -99
-99 -99 -99 -99 1.354870869491 -99 1.96051950236795 -99 -99 -99 -99 -99 -99 -99 -99
-99 -99 -99 -99 1.83050339416983 -99 -99 -99 -99 -99 -99 -99 2.7257624919708 -99 -99
-99 -99 -99 -99 -99 -99 -99 -99 -99 -99 -99 -99 -0.970135288178073 -99 -99
-99 -99 -99 0.920027395254394 -99 0.500642884521277 -99 -99 -99 -99 -99 -99 -99 -99 -99
-99 -99 0.507389386252582 -99 -99 -99 -99 -99 0.540560188470202 -99 -99 0.774671285039465 -99 -99 -99
-99 -99 -99 -99 -0.55561008855939 -99 -99 -99 -99 -99 -99 -99 -99 -99 -99
-99 -99 -99 -99 -99 -99 -99 -99 -99 0.827100965228763 1.9371032816087 -99 -99 -99 -99
-99 -99 -99 -99 -99 -99 -99 -99 -99 -99 -99 -99 -99 -99 -99
-99 -99 -99 -99 -99 -99 -99 -99 -99 -99 -99 4.46586240388464 -99 -99 -99
-99 -99 -99 -99 1.33145528745933 -99 -99 -99 -99 -99 -99 -99 -99 -99 -99
-99 -99 -99 -99 -99 1.58909843434529 -99 -99 -99 -99 -99 -99 -99 -99 -99
-99 -99 -99 -99 -99 -99 -99 -99 -99 -99 -99 -99 -99 -99 -99
-99 -99 -99 -99 -99 0.479563305688533 0.664434550715058 -99 -99 -99 -99 -99 -99 -99 -99
-99 -99 -99 -99 -99 -99 -99 -99 -99 -99 -99 -99 -99 -99 -99
-99 -99 -99 -99 -99 -99 -99 -99 -99 -0.209416078030508 -99 -99 -99 -99 -99
-99 -99 -99 -99 -99 -99 -99 -99 4.06882888847314 -99 -99 -99 -99 -99 -99
1.73648176871704 1.87770714869375 -99 -99 -99 -99 -99 0.390631181427431 -99 -99 -99 1.30730106918356 -99 -99 -99
-99 -99 -99 -99 -99 -99 -99 -99 -99 -99 -99 0.495773057111505 -99 -99 -99
-99 -99 -99 -99 -99 -99 -99 -99 -99 -99 -99 -99 -99 -99 -99
-99 -99 -99 -99 -99 -99 1.92958448953602 -99 -99 -99 -99 -99 -99 1.21912313680872 -99
1.67945153181826 2.39477617008226 2.3512658435592 -99 -99 -99 -99 -99 -99 -99 -99 -99 -99 -99 1.85048161410312
-99 -99 -99 -99 -99 -99 -99 -99 -99 -99 -99 -99 -99 -99 -99
-99 1.26564803948888 -99 -99 -99 -99 -99 -99 -99 -99 -99 -99 -99 -99 -99
1.5629130562682 -99 -99 -99 -99 -99 -99 -99 -99 -99 1.03096264217236 -99 -99 -99 -99
1.6393933366875 -99 -99 -99 -99 -99 -0.183352140080458 -99 -99 -99 -99 -99 -99 -99 -99
-99 -99 -99 -99 -99 -99 -99 -99 1.77982912164534 -99 -99 -99 -99 -99 -99
-99 -99 -99 -99 -99 -99 -99 -99 -99 -99 -99 -99 -99 -0.17467762396628 -99
-99 -99 -99 -99 -99 -99 -99 -99 -99 -99 -99 -99 -99 -99 -99
-99 -99 -99 -99 -99 -99 -99 -99 -99 -99 -99 -99 -99 -99 -99
-99 -99 -99 -99 -99 -99 -99 -99 -99 -99 1.08420885388366 2.51638587624398 -99 -99 0.792688491832919
-99 -99 -99 -99 -99 -99 -99 -99 -99 -99 -99 -99 -99 -99 -99
-99 -99 0.872402434084635 -99 -99 -99 2.25744531293753 -99 -99 -99 -99 -99 -99 -99 -99
-99 -99 -99 -99 2.19133838414649 -99 -99 -99 -99 -99 -99 -99 -99 -99 -99
0.00560855087542489 -99 -99 -99 -99 -99 -99 -99 2.15366533263546 -99 -99 -99 -99 -99 -99
-99 -99 0.584081273161405 -99 -99 1.11263299405379 -99 -99 -99 -99 -99 0.51921214377172 -99 -1.98486287723902 -99
-99 -99 -99 -99 -99 -99 -1.29003001271504 -0.694218723078974 -99 -99 -99 -99 -99 -99 -99
-99 -99 -99 -99 1.84205406156283 -99 -99 -99 -99 -99 -99 -99 -99 -99 3.7451393743174
-99 -99 -99 -99 -99 -99 0.827932322702848 -99 -99 -99 1.06930755291604 -99 -99 -99 -99
2.0282942649953 -99 -99 -99 -99 -99 -99 -99 -99 -99 -99 3.00351969036806 -99 -99 -99
-99 -99 -99 -1.06655225520683 -99 -99 0.307131405127786 -0.841103972808586 -99 -99 -99 -99 1.68377239080274 -99 -99
-99 -99 -99 -99 -99 -99 -99 -99 -99 -99 -99 -99 -99 0.219489516080155 -99
-99 -99 -99 -99 -99 -99 -99 2.55758223452338 -99 -99 -99 -99 -99 -99 -99
0.296739070921092 -99 -99 -99 -99 -99 -99 -99 -99 -99 -99 -99 -99 -99 -99
-99 -99 -99 -99 -99 -99 -99 -99 -1.97647921116262 -99 -99 -99 -99 -99 -99
-99 -99 -99 -0.312525528449665 -99 -99 -99 -99 -99 -99 -99 -0.508424058321468 -99 -0.772246918944175 1.06824553023063
-99 -99 -99 -99 -99 1.23953246917318 -99 -99 -99 -99 -99 -99 2.37950999756483 -99 -99
-99 -99 -99 -99 -99 -99 -99 -99 -99 -99 -99 -99 -99 -99 -99
-99 -99 -99 -99 -99 -99 -99 -99 -99 -99 -99 -99 -99 -99 1.73466867717793
-99 -99 -99 -99 -99 -99 -99 -99 -99 -99 -99 -99 -99 -99 1.17917016219083
-99 -1.04898881494823 -99 -99 -99 -99 -99 -99 -99 -99 -99 -99 -99 -0.0911148280267779 -99
0.771085875116992 -99 -99 -99 -99 -99 -99 -99 -99 -99 -99 -99 -99 -99 2.75056511755649
-99 -99 -99 -99 -99 -99 -99 -99 -99 2.07190895141298 -99 -99 -99 -99 -99
-99 -99 -99 1.12532619617616 -99 -99 -99 -99 -99 -99 -99 -99 -99 -99 -99
-99 -99 -99 -99 -99 -99 -99 -99 -99 -99 -99 -99 -99 -99 -99
-99 -99 -99 -99 -99 -99 -99 2.98947668255605 2.52159722365527 -99 -99 2.45241458019792 -99 -99 2.24922136788839
-99 -99 -99 -99 -99 -99 -99 -99 -99 -99 -99 -99 -99 -99 -99
-99 -99 -99 -99 -99 -99 -99 -99 -99 0.0708160263560551 -99 1.66031117270649 -99 2.96641256166897 -1.15167038212613
-99 -0.626763952248629 -99 -99 -99 -99 -99 -99 -99 -99 -99 -99 -99 -99 -99
-99 -99 -99 -99 0.209537710660082 -99 -99 -99 -99 -99 -99 -99 -99 1.66251411306068 -99
2.68759518777171 -99 -99 -99 -99 -99 -99 -99 -99 3.5296388503195 -99 -99 -99 -99 -99
-99 -99 -99 -99 -99 -1.02382425082271 -99 -99 -99 -99 -99 -99 -99 -99 -99
-99 -99 -99 -99 -99 -99 -99 -99 -99 -99 -99 -2.06348460867145 -99 -99 -99
1.35616086041878 -99 -99 -99 -99 -99 -99 -99 -99 -99 -99 -99 -99 -99 -99
-99 -99 -99 -99 -99 -99 -99 -99 -99 -99 -99 -99 -99 0.717273231428581 -99
-99 -99 1.13151312378397 -99 -99 -99 -0.592356668184087 -99 1.04697442733867 -99 -99 0.566115706695233 -99 -99 -99
-99 -99 -99 2.32136335703368 4.4981497630457 -99 -99 -99 -99 -99 -99 -99 -99 -99 -99
-99 -99 -99 -99 -99 -99 -99 -99 -99 -99 -99 -99 -99 -99 -99
-99 -99 -99 -99 -99 -99 -99 -99 -99 -99 -99 -1.51082179945637 -99 -99 -99
-99 -99 0.12467361860274 -99 -99 -99 -99 -99 0.0768123965472749 -99 -99 -99 -0.263464572597795 -99 -0.979030149385886
2.14781968986997 -99 -99 -99 -99 2.45262238678702 -99 -99 -99 -99 -99 -99 -99 -99 -99
-99 -99 -99 -99 -99 -99 -99 -99 -99 -99 -99 -99 -99 -99 0.416948454416271
-99 -0.453047126668699 -99 1.92001526363984 0.00426217673338913 -99 -99 -99 -0.696056554849533 -99 -99 -99 -99 -99 -99
-99 0.159104089467397 -99 -99 -99 -99 -99 -0.34567135160607 0.177808871132646 -99 -99 -99 -99 -99 -0.884548114392998
-99 -99 -99 -99 -99 -99 -1.19434863613367 -99 -99 -99 -99 -99 -99 -99 -99
-99 -99 -99 -99 -99 -0.0536587454476976 -99 -99 -99 -99 -99 -99 -99 -99 -99
-99 -99 -99 -99 -99 -99 -99 -99 -99 -99 -99 -99 -99 -99 -99
-99 -99 -99 -99 -99 -99 -99 -99 -99 -99 -99 -99 -99 -99 -99
0.214687809789589 -99 -99 -99 -99 -99 -99 -99 -99 -99 -99 -1.0757012170665 -99 -99 -99
-99 -99 -99 -99 -99 -99 -99 -99 -99 -99 -99 -99 1.84388018612582 1.08328720595074 1.69720361105419
-99 -99 -99 -99 -99 -99 1.17255482721114 -1.11148606158287 1.20155060569892 -99 -99 -99 -99 -99 -99
-99 -99 -99 -99 0.679893081283053 -99 -99 -99 1.1341962660846 -99 1.16495933001934 -99 -99 -99 -99
-99 -99 2.22971921380543 -99 -99 -99 -99 -99 1.26637620074409 -99 -99 -99 -99 -99 -99
-99 -99 -99 -99 2.93267703773298 3.70077970169812 -99 -0.150081755369202 -99 -99 -99 -99 -99 -99 -99
-99 -99 -99 -99 -99 -99 -99 -99 3.19045102698955 -99 -99 -99 -99 -99 -99
-99 -99 -99 -99 -99 -99 -99 -99 -99 -99 -99 -99 -99 -1.37480852773703 -99
-99 -99 -99 -99 -0.00175788283055289 -99 0.0415210082300219 -99 -99 -99 -99 -99 -99 -99 -0.0216936264465131
2.76284772087213 -99 -99 -99 -99 -99 -99 2.01528323388147 -99 -99 -99 -99 -99 -99 -99
-99 -99 -99 -99 -99 -99 -99 -99 -99 -99 -99 -99 -99 0.107992261378937 -99
-99 -99 -99 -99 -99 -99 -99 -99 -99 -99 -99 -99 -99 -99 -99
-99 -99 -99 -99 -99 -99 -99 -99 -99 -99 -99 -99 -99 -99 -99
-99 -99 -99 -99 -99 -99 -99 0.720511310967353 -99 -0.768202918620476 -99 -99 -99 0.794258636913509 -99
-99 -99 -99 -99 -99 -99 -99 -99 -99 -99 -99 -99 -99 -99 -99
1.75354518741639 1.09123629146568 -99 -99 -99 -99 -99 -99 -99 -99 -99 2.7605950676491 -99 -99 -99
-99 -99 3.2409359332302 -99 -99 -99 -99 -99 -99 -99 -99 -99 -99 -99 -99
-99 -99 -99 1.04289297319979 -99 -99 -99 -99 -99 -99 -99 -99 -99 -99 -99
-99 -99 -99 -99 -99 -99 -99 -99 -99 -99 -99 -99 -99 -99 -99
-99 -99 -99 -99 -99 -99 -99 -99 -99 -99 -99 -99 -99 -99 -99
-99 -99 -99 -99 -99 -99 -99 -99 -99 3.40468973718524 -99 -99 -99 -99 -99
-99 -0.037248138992749 -99 -99 -99 -99 -99 -99 -99 -99 -99 -99 -99 -99 -99
-99 -99 -99 -99 -99 2.41573316394256 -99 -99 -99 -99 -99 -99 -99 1.42933943485706 -99
-99 -99 -99 -99 -99 -99 -99 -99 -99 -99 -99 -99 -99 -99 -99
-99 -99 -99 -99 -99 -99 -99 -99 -99 -99 -1.37189264802624 -99 -99 -99 -99
-99 2.80189810264899 0.702817966987667 -99 -99 -99 -99 -99 -99 0.0778119356508412 -99 -99 -99 -99 -99
-99 -99 -99 -99 -99 -99 -0.767404146421046 -99 -99 -99 -99 -99 -99 -99 -99
-99 -99 -99 -99 -99 -99 2.4780518846292 -99 -99 -99 -99 -99 -99 -99 0.946899389141245
-99 2.51713917112391 -99 -99 -99 -99 -99 -99 -99 -99 -99 -99 -99 -99 -99
-99 -99 -99 3.22059991417496 -99 -99 -99 4.14979688806667 -99 -99 -99 -99 -99 -99 -99
-99 -99 -99 -99 -99 -99 -0.0813278191340296 -99 -99 -99 -0.269225949297683 -99 -99 -99 -99
-99 -99 -99 -99 -99 -99 -99 -99 -99 0.134667434338458 -99 -99 -99 -99 -99
-99 -99 -99 3.19336882968836 -99 -99 -99 3.04007147817227 -99 -99 3.46148005452928 4.27693784692431 -99 2.56641807343536 -99
-99 -99 -99 -99 -99 -99 -99 -99 -99 -99 0.271429934434227 -99 -99 -99 -99
-99 -99 -0.717014456079332 0.119278070870375 -99 -99 -0.73970305490619 -99 -99 -0.699279077653767 -99 -99 -99 -99 -99
-99 -99 -99 -99 -99 -99 -99 -99 -99 -99 -99 -99 -99 -99 -99
-99 -99 -99 -99 -99 -99 -99 -99 -99 -99 -99 -99 -99 -99 -99
-99 -99 -99 -0.819443815131677 -99 -99 -99 -99 -99 -0.953020704659986 -99 -99 -99 -99 -99
-99 -99 -99 -99 -99 -99 -99 -99 -99 -99 -99 -99 -99 -99 -99
-99 -99 -99 -99 -99 -99 -99 -99 -99 -99 -99 -99 -99 -99 -99
-99 -99 -99 -99 -99 -99 -0.0175401227895624 -99 -99 -99 -99 -99 -99 0.557748741105828 -99
-99 -99 -99 -99 -0.773469646424563 -99 -99 -99 -99 -99 -99 -99 -99 -99 -99
-99 -99 -99 0.375360670789903 -99 -99 -99 2.74865802662505 -99 -99 -99 -99 -99 -99 -99
-99 -99 -99 -99 -99 -99 -99 -99 -99 -99 -99 -99 -99 -99 -99
-99 -99 -99 -99 -99 -99 -99 -99 -99 -99 -99 -99 -99 -99 -99
-99 -99 -99 -99 -99 -99 -99 -0.100214148140454 -99 -99 -99 -99 -99 0.590089087154648 -99
-99 -99 -99 0.554766415327439 -99 -99 -99 -99 -99 -99 -99 -99 -99 -99 -99
-99 -99 -99 -99 -99 -99 -99 -99 -99 -99 -99 -99 -99 -99 -99
-99 -99 -99 -99 -99 2.58360202462269 -99 -99 -99 -0.492176485530589 0.608305678500904 -99 0.634901527147402 -99 -99
-99 -99 -99 -99 -99 2.36460544354691 -99 -99 -99 -99 -99 2.88176763473824 -99 -99 -99
-99 0.513496687895278 -99 -99 -99 -99 -99 -99 -99 -99 -99 -99 -99 -99 -99
-99 -99 -99 -0.955627177433308 -99 -99 -99 -99 -99 -99 0.367326558287619 -99 -99 -99 -1.47521108109382
-99 -99 -99 -99 -99 -99 -99 -99 -99 -99 -99 -99 -99 -99 -99
-99 -99 -99 -99 1.45178853959416 -99 1.52465732372338 -99 -99 -99 -99 -99 -99 -99 -99
-99 -99 -99 -99 -99 -99 -99 -99 -99 -0.421612691205113 2.2360589050094 -99 2.43541913498925 -99 -99
-99 3.26231758968983 1.86869458804595 -99 -99 -99 3.4908915080497 -99 -99 -99 -99 -99 -99 -99 -99
-99 -99 -99 -99 -99 -99 1.70254251973691 -99 -99 -99 -99 -99 -99 -99 -0.453656598260503
-99 -99 -99 -99 -99 -99 -99 -99 -99 -99 -99 -99 -99 -99 2.59920534312575
-99 -99 -99 -99 -99 -99 -99 1.8910828904077 -99 -99 -99 -99 2.49176940457014 -99 -99
-99 2.17700755258115 -99 -99 -99 -99 0.113512050564934 -99 -99 -99 -99 -99 -99 -99 -99
-99 -99 -99 -99 -99 -99 -99 -99 -99 -99 4.67306955909754 -99 -99 -99 3.37122340644751
-99 -99 -99 -99 -99 -99 -99 -99 -99 -1.3040328121892 -99 -99 -99 -99 -99
-99 -99 2.54357095568249 -99 -99 -99 -99 -99 -0.201578812760531 -99 -99 1.14755499774189 -99 -99 -99
-99 -99 -99 -99 -99 -99 -99 -99 -99 -99 -99 -99 -99 1.83070659585981 -99
-99 -99 -99 -99 -99 -99 0.783680980329485 -99 0.533620343035992 -99 -99 -99 -99 -99 -99
-99 -99 -99 -99 -99 -0.485141642091969 -99 -99 -99 -99 -99 -99 -99 -99 -99
-99 -99 -99 -99 -99 -99 -99 -99 -99 -99 -99 -99 -99 -99 -99
-99 -99 -99 -99 -99 -99 -99 -99 -99 -99 -99 -99 -99 -99 -99
-99 -99 2.80989388940232 0.391221101857087 -99 -99 -99 -99 -99 0.462584473780471 -99 -99 -99 -99 -99
2.60530595634129 -99 -99 2.04859866579684 -99 -99 -99 -99 -99 0.243809843009878 -99 -99 -99 -99 -99
1.6332076403048 -99 -99 -99 -99 -99 -99 -99 -99 -99 -99 -99 -99 -99 -99
-99 -99 -99 -99 -99 -99 -99 -99 -99 -99 -99 -99 -99 -99 -99
1.79040970080255 -99 -99 -99 -99 3.17207903807195 -99 -99 -99 -99 -99 -99 -99 1.54737494781848 -99
-99 -99 -1.32011209871104 -99 -1.40559675134651 -0.472018264108176 -1.99873985692537 -0.883754324107809 -1.99786482706387 -99 -99 -0.36907927199368 -99 -99 -99
-99 -99 -99 -99 -99 -99 -99 -99 -99 -99 -99 -99 -99 -99 -99
-99 -99 -99 -99 -99 -99 -99 -99 -99 -99 -99 -99 -99 -99 -99
-99 -99 -99 -99 -99 -99 -99 -99 -99 -99 -99 -99 -99 -99 -99
-99 -99 -99 -99 2.42593505660732 -99 -99 -99 -99 -99 -99 -99 -99 -99 -99
-0.498965465552194 -99 -99 -99 -99 -99 -99 -99 -99 -99 -99 0.214206133538547 -99 -99 -99
-99 -99 -99 -99 -99 1.10439883638414 -99 -99 -99 -99 -99 -99 -99 -99 -99
1.10784745055964 -99 -99 -99 -99 -99 2.64963199978383 -99 -99 -99 1.44466339418708 -99 -99 -99 -99
-99 -99 -99 -99 -99 -99 -99 -99 0.868181834433931 -99 -99 -99 -99 -99 -99
-99 -99 -99 -99 -99 -99 -99 -99 -99 -99 -99 -99 -99 -99 -99
-99 -99 -99 -99 -99 -99 -99 -99 -99 -99 -99 -99 -99 -99 -99
1.0329937392756 1.77666339050576 -99 -99 -99 -99 -99 -99 -99 -99 -99 -99 -99 -99 -99
-99 -99 -99 -99 -99 -99 -99 -99 -99 1.55956675823647 1.57023725396146 -99 -99 -99 -99
-99 -99 -99 -99 -99 1.42148559359853 -99 -99 -99 -99 -99 -99 -99 -99 -99
-99 -99 -99 -99 -99 -99 -0.0271324686554617 -99 -99 -99 -99 -99 -99 -99 -99
0.950593754333605 -99 0.530331966495834 -99 -99 -99 -99 -99 -99 -99 -99 -99 -99 -99 -99
-99 -99 -99 -99 -99 -99 -99 -99 -99 -99 -99 -99 -99 -99 -99
-99 -99 -99 -99 -99 -99 -1.9301037556118 -99 -99 -99 -99 0.629805620065932 -99 -99 0.704808069794521
-99 -99 -99 -99 -99 -99 -99 -99 -99 -99 -99 -99 -99 -99 -99
-99 -99 -99 -99 -99 -99 -99 -99 -99 -99 -99 -99 -99 -99 -1.32503955394658
-99 -99 -99 -99 -99 -99 -99 -99 0.652391179162677 -99 -99 -99 -99 1.07954088187392 -99
-99 -99 -99 -99 -99 -99 -99 -99 -99 -99 -99 -99 -99 -99 -99
-99 2.3485145200341 -99 -99 -99 -99 -99 -99 -99 -99 -99 -99 -99 -99 -99
-99 -99 -99 -99 -99 -99 -99 -99 -99 -99 -99 -99 -99 -99 -99
-99 -99 -99 -99 -99 -99 -99 -99 -99 -99 2.00409100288267 -99 -99 -99 -99
-99 -99 -99 -99 -99 -99 -99 -99 -99 -99 -99 0.717804265643139 -99 -99 -99
-99 -99 -99 -99 2.02578816074549 -99 -99 -99 -99 -99 -99 -99 0.082014101059636 -99 -99
-99 -99 -99 -99 -1.56931464546984 -99 -99 -99 -99 -99 -99 -99 -99 -99 -99
-99 -99 -99 -99 -99 -99 -99 1.83515299685193 -99 -99 -99 -99 -99 -99 -99
-99 -99 -99 -99 -99 -99 -99 3.54880727007861 -99 -99 -99 -99 -99 -99 -99
-99 0.0193605163145267 -99 -99 -99 -99 -99 -99 -99 0.264317770355891 -99 -99 -99 -99 -99
-99 -99 0.9798414074859 -99 -99 -99 -99 -99 -99 -99 -99 -99 -99 -99 -99
-99 -99 -99 -99 -99 -99 -99 -99 -99 -99 -99 -99 -99 -99 -99
-99 -99 3.22918245894622 -99 -99 -99 -99 -99 -99 -99 -99 -99 -99 -99 -99
-99 -99 -99 -99 5.3722963180075 -99 -99 -99 -99 -99 -99 -99 3.28500108903206 -99 -99
-99 -99 -99 -99 -99 -99 1.09417769530862 -99 -99 -99 -99 -99 -99 -99 -99
-99 -99 -99 -99 -99 -99 -99 -99 0.62693900551339 -99 -99 -99 -99 -99 -99
-99 -99 1.28834829647485 -99 -99 -99 -99 -99 -99 0.942600913427141 1.41932343861846 -99 -99 -99 -99
-99 -99 -99 -99 -99 -99 -99 -99 -99 -99 -99 -99 -99 -99 -99
-99 -99 -99 -99 -99 -99 -99 -99 -99 -99 -99 -99 -99 -99 -99
-99 -99 1.03134575336749 -99 -99 -99 -99 -99 -99 1.6554415904978 -99 -99 -99 -99 0.601112633527891
-99 -99 -99 -99 -99 -99 -99 -99 -99 -99 -99 -99 -99 -99 -99
-99 -99 -99 -99 -99 -99 -99 -99 -0.0962253739749488 -99 -99 -99 -99 -99 -99
-99 -99 -99 -99 -99 1.32981279202592 -99 -99 0.521161157778925 -99 -99 -99 -99 -99 -99
-99 -99 1.86148266756648 1.59891189660212 -99 -99 -99 -99 -99 -99 -99 -99 -99 -99 -99
-99 2.43839002720702 -99 2.03242234352515 -99 -99 3.16964337024873 -99 -99 -99 -99 -99 -99 -99 -99
-99 -99 1.40720426007999 -99 -99 -99 0.0561241005735198 2.13036958877605 1.53670216922015 -99 -99 -99 -99 -99 0.745962959104501
-99 -99 -99 -99 -99 -99 -99 -99 -99 -99 -99 -99 -99 -99 -99
2.44206157320155 1.82711418697074 -99 -99 1.37005878518101 -99 -99 -99 -99 -99 -99 -99 -99 -99 0.379127161091287
-99 -99 -99 -99 0.621230981201793 -99 -99 -99 -99 0.151274106870171 0.837408442868948 -0.343616786926789 -99 -99 -99
-99 -99 -99 -99 -99 -99 -99 -99 -99 -99 -99 -99 -99 -99 -99
-99 -99 -99 -99 -99 0.26997726772061 -99 -99 -99 -99 -99 -99 -99 -99 -99
-99 -99 -99 -99 -99 -99 -99 0.349986868852404 -99 -99 -99 -99 -2.13237775273382 -99 -99
-99 1.54339355721678 -99 1.08392082294472 -99 -99 -99 -99 -99 -99 -99 0.319123462469072 -99 -0.983924462164296 -99
-99 -99 -99 -99 -99 -99 -99 1.2043368757371 -99 -99 -99 1.38355023709009 -99 -99 -99
-99 -99 -99 -99 -99 -99 -99 -99 -99 -99 -99 -99 2.92750397404901 -99 -99
-99 -99 -99 -99 -99 -99 -99 -99 -99 -99 -99 -99 2.39700231725306 -99 -99
-99 -99 -99 -99 -99 -99 -99 -99 -99 -99 -99 -99 -99 -99 -99
-99 -99 -99 -99 -99 -99 -99 -99 -99 -99 -99 -99 -99 -99 -99
-99 -99 -99 -99 -99 -99 -99 -99 -99 0.269540911260353 -99 -99 -99 -99 -99
-99 -99 -99 -99 2.06017125523026 -99 -99 -99 -99 0.562172723939851 -99 -99 -99 -99 -99
-99 -99 -99 -99 -99 -99 -99 -99 -99 -99 2.4550730080067 -99 -99 -99 -99
-99 -99 -99 2.520438727951 -99 -99 2.23687816270232 -99 -99 -99 -99 -99 -99 -99 2.81018763688312
-99 1.80397860373337 -99 -99 -99 -99 -99 -99 -99 -99 -99 -99 -99 -99 -0.0939157912875843
-99 -99 -99 -99 -99 -99 -99 -99 -99 -99 -99 2.40814665601683 -99 -99 3.01694457722462
-99 -99 -99 -99 -99 -99 -0.101902629477912 -99 -99 -99 0.0460498445858484 -99 -99 -99 -99
-99 -99 -99 -99 -99 -99 -99 -99 -99 -99 -99 -99 -99 -99 -99
-99 -99 -99 -99 -99 1.65181381777913 -99 -99 -99 -99 -99 -99 -99 -99 -99
-99 -99 -99 -99 -99 -99 -99 -99 -99 -99 -99 -99 -99 -99 -99
-99 -99 -99 -99 -99 -99 -99 -99 -99 -99 -99 -99 -99 1.50372075775259 -99
-99 -99 -99 -99 -99 2.55743340210491 2.31051698333201 -99 -99 -99 2.90992128486383 -99 -99 -99 -99
-99 -99 -99 -99 -99 -99 -99 -99 -0.576298713058553 -99 -99 -99 -99 -99 -99
-99 1.72346509361696 -99 -99 -99 -99 -99 -99 0.370660313545086 -99 -99 -99 -99 -99 -99
-99 -99 -99 -99 -99 1.38268632734373 -99 -99 -99 -99 -99 -99 -99 -99 -99
-99 0.190408975399377 -99 -99 -99 1.51469530930229 -99 -99 -99 -99 -99 -99 -99 -99 -99
-99 -99 -99 -99 -99 -99 -99 -99 -99 -99 -99 -99 -99 -99 -99
-99 -99 -99 0.895874059026068 -99 -99 -99 -99 -99 -99 -99 -99 -99 -99 0.679076045426595
-99 -99 -99 -99 -99 -99 -99 -99 -99 -99 -99 -99 -1.29724755841353 -99 -99
-99 -99 -99 -99 -99 -99 -99 -99 -99 -99 -99 -99 -99 -99 -99
-99 -99 -99 -99 -99 -99 -99 -99 -99 -99 -99 -99 -99 -99 -99
-99 -99 -99 -99 -99 4.48419581471837 -99 -99 3.27906492401188 -99 -99 2.25063372382922 -99 -99 -99
-99 -99 -99 -99 -99 1.9615719106461 -99 -99 -99 -99 -99 -99 -99 -99 -99
-99 -99 -99 -99 1.23702243808207 -99 -99 -99 -99 -99 -99 -99 -99 -99 -99
-99 -99 -99 -99 -99 -99 -99 -99 -99 -99 -99 -99 -99 -99 -99
-99 -99 -99 -99 -99 -99 -99 -99 -99 -99 -0.361170983769631 -99 -99 -99 -99
0.566199956551077 -99 -99 -99 -99 -99 -99 -99 -99 1.94141254578333 -99 -99 1.16352235383653 -99 -99
-99 -99 -99 -99 -99 -99 -99 -99 -99 -99 -99 -99 -99 -99 -99
-99 -99 1.68004533675318 2.22670950426002 -99 -99 -99 -99 -99 3.53717490751385 2.35508735831228 -99 -99 -99 -99
-99 -99 -99 -99 -99 -99 -99 2.68152718538112 -99 -99 -99 -99 -99 -99 -99
-99 -99 -99 -99 -99 -99 -99 -99 -99 -99 -99 -99 -99 -99 -99
-99 -99 -99 -99 -99 -99 -99 -99 -99 -99 -99 -99 -99 -99 -99
-99 -99 -99 -99 -99 -99 -99 -99 -99 0.927684432636424 -99 -99 -99 -99 -99
-99 -99 -99 -99 -99 -99 -99 -99 -99 -99 -99 -99 -99 -99 2.52446234110028
-99 -99 -99 -99 -99 -99 -99 -99 -99 -99 -99 -99 -99 0.761075952483474 -99
-99 -99 -99 -99 -99 -99 -99 -99 -99 -99 -99 -99 -99 -99 -99
-99 -99 -99 -99 -99 -99 -99 -99 -99 -99 -99 -99 -99 -99 -99
-99 -99 -99 -99 -99 -99 -99 -99 -99 -99 1.7119944526739 -99 -99 -99 -99
-99 -99 -99 -99 -99 -99 -99 -99 -99 -99 -99 -99 -99 -99 -99
-99 -99 -99 -99 -99 -99 -99 -0.644296345364676 -99 -99 -99 -99 -99 -99 -99
-99 -99 -99 -99 -99 -99 0.886440435619139 -99 -99 -99 -99 -99 -99 -99 -99
-99 -99 -99 -99 -99 -99 -99 -99 -99 -99 -99 1.65401002396583 -99 -99 -99
-99 -99 -99 -99 -99 -99 -99 -0.537354438667811 -99 -99 -99 -99 -99 -99 -99
-99 -99 -99 -99 -99 -99 -99 -99 -99 -99 -99 -99 -99 -99 -99
0.948500431918812 -99 -99 -99 -99 -99 -99 -99 -99 -99 -99 -99 -99 -99 -99
-99 -99 -99 -99 -99 -99 -99 -99 -99 -99 3.95661775314214 2.35773777094541 1.24941153898377 -99 -99
-99 -99 -99 -99 -99 -99 -99 -99 1.12660074270664 -99 -99 -99 -99 -99 -99
-99 -99 -99 -99 -99 -99 -99 -99 -99 -99 -99 -99 1.38933333940192 -99 -99
-99 -99 -99 -99 -99 -99 -99 -99 -99 -99 -99 -99 -99 -99 -99
-99 -99 -99 -99 -99 -99 -99 -99 -99 -99 -99 2.26535523951185 -99 -99 -99
-99 -99 -99 -99 -99 -99 -99 -99 -99 -99 -99 -99 -99 -99 1.41776283812607
-99 -99 -99 -99 -99 -99 -99 -99 -99 1.48150731106582 -99 -99 -99 -99 -99
0.114311521645663 -99 -99 -99 1.03656773516275 -99 -99 0.384196903485376 -99 -99 0.379294520799661 -99 -99 -99 -99
-99 -99 -99 -99 -99 -99 -99 -99 1.90912385496605 -99 -99 1.42227895679543 -99 -99 -99
-99 -99 -99 0.254671081722563 -99 -99 -99 -99 -99 -99 -0.00306098075226857 -99 -99 -99 -99
-99 -99 -99 -99 -99 -99 -99 -99 -99 -99 -99 -99 -99 -99 -99
-99 -99 -99 -99 -99 -99 -99 -99 -99 -99 -99 -99 -99 -99 -99
-99 -99 -99 -99 -99 -0.512726163717847 -99 -99 -99 -99 -99 -99 -99 -99 -0.291258811280117
-99 1.16300924707347 -99 -1.26041114675658 -99 -99 -99 -99 -0.595917494674541 -99 -99 -99 -99 -99 -99
-99 -99 -99 -99 -99 1.95475216033186 -99 -99 -99 -99 0.894244796953256 -0.00440334592050795 -99 -99 -99
-99 -99 -99 -99 -99 -99 -99 -99 -99 -99 -99 -99 -99 -99 -99
-99 -99 -99 -99 -99 -99 -99 -99 -99 1.75120956062014 -99 -99 -99 -99 0.437908275379615
-99 -99 -99 -99 -99 -99 -99 -99 -99 -99 -99 -99 -99 -99 -99
-99 -99 -99 -99 -99 -99 -99 -99 -99 -99 -99 -99 -99 -99 -99
-99 -99 -99 -99 -99 -99 -99 -99 -99 -99 -99 -99 -99 -99 -99
-99 0.806565669958803 -99 -99 -99 -99 -99 -99 -99 -99 -99 -99 -99 0.528403896538427 -99
-99 -99 -99 -99 -99 -99 -99 -99 -99 -99 -99 -99 0.56251664750554 1.82309407982897 -99
-99 -99 -99 -99 -99 -99 -99 -99 -99 -99 -99 -99 -99 -99 -99
-99 -99 -99 -99 -99 -99 -99 -99 -0.132325187686555 -99 -99 -99 -99 -99 -99
-0.781145583321533 -99 -99 -99 -99 -1.06770767228017 -99 -99 -0.45886375726379 -99 -99 -99 -99 -99 -99
-99 -99 -99 -99 -99 -99 -99 -99 -99 -99 -99 -99 -99 2.31482846943456 -99
-99 -99 -99 -99 -99 -99 -99 -99 -99 -99 -99 -99 2.11534056150032 -99 -99
-99 -99 -99 -99 -99 -99 -99 -99 -99 -99 -99 -99 -99 -99 -99
-99 -99 -99 -99 -99 -99 -99 -99 -99 -99 -99 -99 -99 -99 -99
-99 -99 -99 2.44195124299823 -99 -99 -99 -99 -99 -99 -99 -99 1.0570680866998 -99 -99
-99 -99 -99 -99 -99 -99 3.13272648272817 -99 -99 -99 -99 -99 -99 -99 -99
1.01036174683968 1.17085274123004 -99 -99 1.2329659506204 1.74049725663825 -99 -99 -99 -99 -99 -99 -99 -99 -99
-99 -99 -99 -99 -99 -99 -99 -99 -99 -99 -99 -99 2.91500335850778 -99 -99
-99 -99 -99 -99 -99 -99 -99 -99 -99 -99 -99 -99 -99 -99 -99
1.04326682629242 -99 -99 1.84811157384612 -99 -99 -99 -99 -99 -99 -99 -99 -99 -99 -99
-99 -99 -99 -99 -0.826555919680125 -99 -99 -99 -99 -99 -99 -99 -0.681314765405191 -99 -99
-99 1.02356961078292 -99 -99 -99 -99 -99 -99 -99 0.770741827141268 -99 -99 1.69202203389893 -99 -99
-99 -99 -99 1.76252853573377 -99 -99 -99 -99 -99 -99 -99 2.69359186793711 -99 -99 -99
-99 -99 -99 2.38970192875658 -99 0.724062173801249 -99 -99 -1.35845289524461 -99 0.227608151428932 -99 -99 -99 -0.230969646456585
-99 0.367832219492908 -99 -99 -99 -99 -99 -99 -99 -99 -99 -99 -99 -99 -99
-99 -99 -99 -99 -99 -99 -99 -99 -99 -99 -99 -99 -99 -99 -99
-99 -99 -99 -99 3.68663343813185 -99 -99 -99 -99 -99 2.00046509108787 -99 -99 -99 -99
-99 -99 -99 -99 -99 -99 -99 -99 -1.05396419537669 0.365932993350757 -99 -99 -99 -99 -99
-99 -99 -99 -99 -99 -99 -99 -99 -99 -99 -99 -99 -99 1.65815003081364 -99
-99 -99 -99 -99 0.612064987126927 -99 -99 -99 -99 -99 -99 -99 -99 -99 -99
-99 -99 2.66782581760213 -99 -99 -99 -99 -99 -99 -99 -99 -99 -99 -99 -99
-99 -99 -99 -99 -99 -99 -99 -99 -99 2.10299974025195 -99 -99 -99 -99 -99
-99 -99 -99 -99 1.96432637809131 -99 -99 -99 -99 -99 -99 -99 -99 -99 -99
-99 -99 -99 -99 -99 -99 -99 -99 -99 -99 -99 -99 -99 -99 -99
-99 -99 -99 -99 -99 -99 -99 -99 -99 -99 -99 -99 -99 -99 -99
-99 -99 -99 -99 -99 -99 -99 -99 2.64112877872187 -99 -99 -99 -99 -99 -99
-99 -99 1.54425789093041 -99 -99 -99 0.0873777476836725 -99 -99 -99 -99 -99 -99 -99 -99
-99 -99 -99 -99 -99 -99 -0.213121616280985 -99 -99 -99 -99 -99 -99 -99 -99
-99 -99 -99 -99 -99 1.37528930288044 -99 0.479607758482093 -99 -99 -99 -99 -99 -99 -99
0.897709178521674 -99 -99 -99 -99 -99 -99 -99 -99 -99 -99 -99 -99 -99 -99
-99 -99 -99 -99 0.00762417320729647 -99 -99 -99 -99 -1.17106930573581 -99 -99 -99 -99 -99
-99 -99 -99 -1.26682030714871 -99 -99 -99 -99 0.35767887348784 -99 -99 -99 -99 -99 -0.75818469086281
-99 -99 -99 -99 -99 -99 -99 -99 -99 -99 -99 -99 -99 -99 -99
-99 -99 -99 -99 -99 -99 -99 -99 -99 -99 0.642258185798327 -99 -99 -99 2.47921302690695
-99 -99 -99 -99 -99 -99 -99 -99 -99 -99 1.64656415900065 -99 -99 -99 -99
-99 -99 -99 2.62486478083143 -99 -99 -99 0.843057059057469 -99 -99 -99 -99 -99 -99 1.58386189530748
-99 -99 -99 -99 2.32675680193469 -99 -99 -99 -99 -99 -99 -99 -99 -99 -99
-99 -99 -99 -99 -99 -99 -99 -99 -99 -99 -99 -99 1.91106018778573 -99 -99
-99 0.468317791882122 -99 -99 -99 -99 -99 -99 -99 -99 -99 -99 -99 -99 -99
-99 -99 -99 -99 -99 -99 0.619067760628679 -99 -99 1.43769568282012 -99 -99 -99 -99 -99
-99 -99 -99 -99 -99 -0.371610500425247 -1.62941720852492 -99 -99 -99 -99 -99 -1.88845254076372 -99 -99
-99 -99 -99 -99 -99 -99 -99 -99 -99 -99 -99 -99 -99 0.444899733954343 -99
-99 0.654125988840679 -99 -99 -0.635601153017992 -99 -99 -99 -99 -99 -99 -99 -99 -99 -99
1.49335061605277 -99 -99 -99 -99 -99 1.44529968767427 0.372696849764933 -99 -99 -99 -99 -99 -99 -99
-99 -99 -99 -99 -99 -99 -99 -99 -99 -99 -99 -99 -99 -99 -99
-99 -99 -99 -99 -99 -99 -99 -99 -99 -99 -0.640776615676862 -99 -99 -99 -99
-99 -99 -99 -99 -0.066327266937084 -99 -99 -99 -99 -99 -99 -99 -99 -99 -99
2.1729301870619 -99 -99 -99 1.35643716162712 -99 -99 -99 -99 -99 -99 -99 -99 -99 -99
-99 -99 -99 -99 -99 -99 -99 -99 -99 -99 -99 -99 -99 -99 -99
-1.13600921646877 -1.40535753222931 -99 -99 -99 -99 -99 0.142827949365732 -99 -99 -99 -99 -99 -99 -99
-99 -99 -99 -99 -99 -99 -99 -99 -99 -99 -99 -99 -99 -99 1.37586384394329
-99 -99 -99 -99 -99 -99 -99 -99 -99 -99 -99 -99 -99 -99 -99
-99 -99 -99 -99 -99 -99 -99 -99 -99 -99 1.70667021275926 -99 -99 -99 -99
-99 -99 -99 -99 -99 -99 -99 -99 -99 -99 -99 -99 0.432951712736096 -99 -99
-99 -99 -99 -99 -99 -99 -99 -99 0.917739975657807 -99 -99 -99 -99 -99 -99
-99 -99 -99 0.708262252161325 -99 -99 -99 -99 -99 -99 -99 -99 -99 -99 -99
-99 -99 -99 -99 -99 -0.344644851460457 -99 -99 -99 -99 -99 -99 -99 -99 -99
-99 -99 -99 -99 -99 -99 0.0767766296855785 -99 -99 -99 -99 -99 2.05182560424584 -99 -99
-99 -99 -99 -99 -99 -99 -99 -99 -99 -99 -99 -99 -99 -99 -99
-99 -99 -99 -99 -99 -99 -99 0.392320907375113 -99 -0.0142290081354428 -99 -99 -99 -99 -99
-99 -99 -99 -99 -99 -99 -99 2.33481299975383 -99 1.14123154654509 0.534098848447803 -99 -99 -99 -99
-99 -99 -99 -99 -99 1.66149923285403 -99 -99 -99 -99 -99 1.93572355138222 -99 -99 -99
-99 -0.437304578624455 -99 -99 -99 -2.36944551588871 -1.02349917082914 -99 -99 -99 -99 -99 -99 -99 -99
-99 -99 -99 -99 -99 1.79568698433267 -99 -99 -99 -99 -99 -99 -99 -99 -99
2.49931152703782 -99 -99 -99 -99 -99 -99 -99 -99 -99 -99 -99 2.41951889642124 -99 -99
-99 -99 -99 -99 -99 -99 -99 -99 -99 -99 -99 -99 -99 -99 -99
-99 -99 -99 -99 -99 -99 -99 -1.27779837034653 -99 -99 -99 -99 -99 -99 -99
-99 -99 -99 -99 -99 -99 -99 -99 -99 -99 -99 -99 -99 -99 -99
-99 -99 -99 -99 1.08023651880006 -99 -99 -99 -99 -99 -99 -99 -99 -99 -99
-99 -99 -99 -99 -99 -99 -99 -99 -99 -99 -99 -99 -99 -99 -99
-99 -99 -99 -99 -99 1.92271526023714 -99 -99 -99 -99 -99 -99 1.47601982812526 -99 -99
-99 -99 -99 -99 -99 -99 -99 -99 -99 -99 -99 -99 -99 -99 -99
0.914004609957638 -99 -99 -99 -99 -99 0.757390988485429 -99 -99 -99 -99 1.6375059296091 -99 -0.397744142630034 -99
-99 -99 -99 -99 -99 -99 -99 -99 -99 -99 -99 -99 1.42584765284377 0.344874323879955 -99
-99 -99 -99 -99 -99 -99 -99 0.502628628120274 -99 -99 -99 -99 -99 -99 -99
-99 -99 -99 -99 -99 -99 -99 -99 -99 -0.841979948980091 -99 -99 -99 -99 -99
-99 -99 -99 1.94701120019656 -99 -99 -99 -99 -99 -99 -99 -99 -99 -99 -99
-99 0.871839972657351 -99 -99 -99 -99 -99 -99 -99 -99 -99 -99 -99 -99 -99
-99 -99 -99 -99 -99 2.3107774285479 -99 2.60090179066538 -99 -99 -99 2.47481618713462 -99 -99 -99
-99 -99 -99 -99 1.24941670677197 -99 1.12018226889196 -99 -99 -99 -99 -99 -99 -99 -99
-99 -99 -99 -99 -99 -99 -99 2.34273345431107 -99 2.44198710410333 -99 -99 -99 -99 -99
3.8503055939696 -99 -99 -99 -99 -99 -99 -99 -99 3.7025228041994 -99 -99 -99 -99 -99
0.247470694928856 -99 -0.0743461655765116 -99 -99 -99 -99 -99 -99 -99 -99 -99 -2.26995263823696 -99 -99
-99 -99 -99 -99 1.2848502191806 -99 -99 -99 -99 1.24380341306472 -99 -99 -99 -99 -99
-99 -99 1.61806724576791 -99 -99 -99 -99 -99 -99 -99 -99 -99 -99 1.8414373846886 -99
-99 -99 -99 -99 -99 -99 -99 -99 -99 -99 -99 -99 -99 -99 -99
-99 -99 1.62443514052445 -99 -99 -99 -99 -99 -99 -99 -99 -99 2.52306362428046 -99 -99
-99 -99 -99 -99 -99 -99 -99 -99 -99 -99 -99 1.54140931290441 -99 0.0925398044980265 -99
-99 -99 -99 -99 -99 -99 -99 -99 -99 -99 -99 -99 -99 -99 -99
-99 -99 -99 -99 -99 -99 -99 -99 -99 -99 -99 -99 -99 -99 -99
-99 -99 -99 -99 -99 -99 -99 -99 -99 -99 -99 -99 -99 -99 -99
-99 -99 0.616318030072727 -0.311006302827396 -99 -99 -99 -99 -99 -99 2.04060095937416 -99 -99 -99 -99
-99 -99 0.751524882437606 -99 -99 -99 -99 -99 -99 -99 -99 -99 -99 -99 -99
-99 -99 -99 -99 -99 -99 -99 1.05561899466641 -99 -99 0.558242789342681 -99 -99 -99 -99
-99 -99 -99 -99 -99 -99 -99 1.73834910443371 -99 -99 -99 -99 -99 -99 -99
-99 -99 -99 -99 -99 -99 -99 -99 -99 -99 -99 -99 -99 -99 -99
1.15348338946239 -99 -99 -99 -99 -99 -99 -99 -99 -99 -99 -99 -99 -99 -99
-99 -99 -0.130294120188029 -99 -99 -99 -99 -99 -99 -99 -99 -99 -99 -99 -99
-99 -99 -99 -99 -99 -99 -99 -99 -99 -99 -99 -99 -99 -99 -99
-99 -99 -99 0.155519649923681 -99 -99 0.00651635371498982 -99 -99 -99 -99 -99 -99 -99 -99
-99 -99 -99 -99 -99 -99 -99 -99 -99 -99 -99 -99 0.0608456277414361 -99 0.793506569513024
-99 -99 -99 -99 -99 3.14397917729971 -99 -99 -99 2.10048458904662 -99 -99 -99 -99 -99
-99 -99 -99 -99 -99 2.16271831023363 -99 -99 1.55256312622994 -99 -99 -99 -99 -99 -99
-99 -99 -99 -99 2.22858126668542 -99 -99 -99 -99 -99 -99 -99 -99 -99 -99
-99 -99 -99 -99 -99 -99 -99 -99 -99 -99 -99 -99 -99 0.797880533825214 -99
-99 -99 -99 -99 -99 -99 -99 -99 -99 -99 -99 -99 -99 -99 -99
-99 -99 -99 -99 -99 -99 -99 0.480753365844634 -99 -99 -99 -99 -99 -99 -99
-99 -99 -99 -99 -99 -99 -99 -99 -99 -99 -99 -99 -99 -99 -99
-99 -99 -99 -99 -99 -99 -99 -99 -99 -0.278524372939412 -99 2.16018205246133 -99 -99 -99
-99 -99 -99 -99 -99 -99 -99 -99 -99 -99 -99 -99 -99 0.954544512725159 -99
-99 -99 1.95407549280304 -99 -99 0.13840951332918 -99 -99 -99 -99 -99 -99 -99 -99 -99
-99 -99 -99 -99 -99 -99 -99 -99 -99 -99 -99 -99 -99 0.138520646264565 -99
-99 -99 -99 -99 -99 -99 -99 -99 -99 -99 -99 -99 -99 1.73527565527451 -99
-99 -99 -99 -99 -99 2.44835828990277 -99 -99 2.66936383463839 2.91158033503693 -99 -99 -99 -99 -99
-99 -99 -99 -99 -1.48995091189564 -99 -99 -99 -99 -99 -99 -99 -99 -99 -0.388944800859356
-99 -99 -99 -99 -99 -99 -0.4790872605569 -99 -99 -99 -99 -99 -99 -99 -99
-99 0.546264670168449 -99 -99 -99 -99 -99 -99 -99 -99 -99 0.43377770784453 -99 -99 -99
-99 -99 -99 -99 -0.347683988804405 -99 -99 -99 -99 -99 -99 -99 -0.3096544033087 -99 -99
-99 -99 -99 -99 -99 -99 -1.39136375175103 -99 -99 -99 -99 -99 -99 -1.07753165123396 -99
-99 -99 -99 -99 -99 -99 -0.703994968129783 -99 -99 -99 -99 -99 -99 -99 -99
-99 -99 -99 -99 -99 -99 -99 -99 -99 -99 -99 -99 -99 -99 -99
-99 -99 -99 -99 -99 -99 -99 -99 -99 -99 -99 -99 -99 -99 -99
-99 -99 -99 1.35096648060429 -99 -99 -99 1.18707848205629 -99 -99 -99 -99 -99 -99 -99
-99 -99 -99 -99 -99 -99 -99 0.877461880059444 -99 -99 -99 -99 -99 -99 -99
-99 -99 -99 2.30307767495074 -99 -99 -99 -99 -99 -99 -99 -99 -99 -99 -99
-99 -99 -99 -99 -99 -99 -99 -99 -99 -99 -99 2.94883276800066 -99 -99 -99
-0.0827478156413985 -99 -99 -99 -99 -99 -99 -99 -99 -99 -99 -99 0.613894747118548 -99 -2.12453227640749
-99 -99 -99 -99 -99 -99 -99 -99 -99 -99 -99 -99 -99 -99 -99
-99 -99 0.164779312747085 -99 -99 -99 -99 -99 -99 -99 -99 0.522293522360811 -99 -99 -99
-99 -99 -99 -99 -99 -99 -99 -99 -99 -99 -99 -99 -99 -99 -99
-99 -99 -99 -99 -99 -99 -99 1.53234309225147 -99 -99 -99 -99 -99 -99 -99
-99 -99 -99 -99 -99 -99 -99 -99 -99 -99 -99 -99 -99 -99 -99
-99 -99 -99 -99 -99 -99 -99 -99 0.380848477926067 -99 -99 -99 -99 -99 -99
1.6439240754311 -99 3.6694895209674 2.04189835819869 -99 -99 -99 -99 -99 -99 4.36250616548278 -99 -99 -99 -99
-99 -99 -99 -99 -99 -99 -99 3.6629426340717 -99 -99 0.998119994890463 -99 -99 -99 -99
-99 -99 -99 2.2395639619607 -99 -99 -99 2.22492665679708 -99 -99 -99 -99 2.93375036248086 -99 -99
-99 -99 -99 -99 -99 -99 2.36512319313024 -99 -99 -99 -99 -99 -99 -99 -99
-99 1.4230564090288 -99 -99 -99 -99 -99 -99 -99 -99 -99 -99 -99 -99 -99
-99 -99 -99 -99 -99 -99 -99 -99 -99 -99 -99 1.39501135816701 -99 -0.113319464086059 -99
-99 -99 -99 1.76521325961893 -99 -99 -99 -99 -99 -99 -99 -99 1.93783775604238 -99 -99
-99 -99 -99 -99 -99 -99 -99 -99 -99 -99 -99 -99 -99 1.67830616426646 -99
-99 -99 -99 -99 -99 -99 -0.59529769731861 -99 -99 -99 -99 -99 -99 -99 -99
-99 -99 -0.36883751198817 -2.28408778092614 -99 -99 -99 -99 -99 -99 -99 -99 -1.15211919161152 -99 -99
-99 -99 -99 -99 -99 -99 -99 -99 -99 -99 2.08966431447442 -99 -99 -99 -99
-99 -99 -99 -99 -99 -99 -99 -99 -99 -99 -99 -99 -99 0.82154143347971 -1.20003763407721
-99 -99 -99 -99 -99 -99 -99 0.248960917559259 -99 -0.493521346514068 -99 -99 -99 0.30518088580226 -99
-99 -99 -99 -99 -99 -99 -0.428589836906945 -99 -99 -99 -99 -99 -99 -99 -99
-99 -99 -99 -99 -99 -99 -99 -99 -99 -99 0.163263831540289 -99 -99 -99 -99
-99 -99 -99 -99 -99 -99 0.649125478108917 -99 -99 -99 -99 -99 -99 -99 -99
-99 -99 -99 -99 -99 -99 -99 -99 -99 1.63489187434886 -99 -99 -99 0.773426147537395 -99
-99 -99 -99 -99 -99 -99 -99 -99 -99 -99 -99 -99 -99 -99 1.25267668761128
-99 -99 -99 -99 0.429438712957703 -99 -99 -99 -99 -99 -99 -99 -0.0742252081335464 -99 -99
-99 -99 -99 -1.57816623063987 -99 -99 -99 -99 -99 -99 -99 -99 -99 -99 -99
-99 -99 -99 -99 -99 -99 -99 -99 -99 2.15715928872855 -99 -99 -99 -99 -99
-99 -99 -99 -99 0.589286194285311 -99 -99 -99 -99 -99 -99 0.514103982109434 -99 1.26129202955065 -99
-99 -99 -0.74750131216089 -99 -99 -99 -99 -99 -99 -99 -99 1.3096928887402 -0.24643026152863 -99 -99
2.03979417098798 -99 -99 -99 -99 -99 -99 -99 -99 -99 -99 -99 -99 -99 -99
-99 -99 -99 -99 -99 -99 -99 -99 -99 -99 -99 1.39421645943995 -99 -99 -99
-99 -99 -99 -0.92675300944011 -99 -99 -99 -99 -99 -99 -99 -99 -99 -99 1.37478317923096
0.314255635952666 1.59713943342776 -99 -99 -99 -99 -99 1.71831150242674 -99 -99 -99 -99 -99 -99 -99
-0.0638457880480274 -99 -99 -99 0.432806826714148 -99 -99 -99 -0.301008552756838 -99 -99 -99 -99 -99 -99
-99 -99 -99 0.220990341496131 -99 -99 -99 -99 -99 1.55012614824754 -99 -99 -99 -99 -99
-99 -99 -99 -99 -99 -99 -99 -99 0.180952382503089 -99 -99 -99 -99 -99 -99
-99 -99 -99 -99 -99 -99 -99 -99 -99 -99 -99 -99 -99 -99 -99
-99 -99 -99 -99 -99 -1.96891467674324 -99 -99 -99 -99 -99 -99 -99 -99 -0.850853281132101
-99 -99 -99 -99 -99 -99 -99 1.12509702468016 -0.552318466245346 -99 -99 -99 -99 -99 -99
-99 -99 -99 -99 -99 -99 -99 -99 -99 -99 -99 -99 -99 -99 -99
-99 -99 -99 -99 -99 -99 -99 1.07550851500958 1.75466006400231 -0.315043354559937 -99 0.821247930879837 -99 -99 -99
-99 -99 -99 -99 -99 -99 1.0679725416626 -99 -99 -99 -99 0.37254117089881 -99 -99 -99
-99 -99 -99 -99 1.71138034481431 -99 -99 -99 -99 -99 -99 -99 -99 -99 -99
-99 -99 -99 -99 -99 -99 -99 -99 -99 -99 -99 -99 -99 -99 -99
1.76054235406112 -99 -99 -99 -99 -99 -99 -99 -99 2.00587377390882 -99 -99 -99 -99 -99
-99 -99 -99 -99 -99 -99 2.4529981548972 -99 -99 0.60856075327094 -99 -99 -99 1.79652625637197 -99
-99 -99 -99 -99 -99 -99 -99 -99 -99 0.0346816798920092 -99 -99 -99 -99 3.21465353612538
-99 -99 -99 -99 -99 -99 -99 -99 -99 -99 -99 -99 -99 -99 -99
-99 -99 -99 -99 -99 -99 1.26761948997527 -99 -99 -99 -99 -99 0.32365148306046 -99 -99
-99 -99 -99 -99 0.609312137977873 -99 -99 -99 1.68503186747146 -99 -99 -99 -99 -99 -99
-99 -99 -99 -99 -99 -99 -99 -99 -99 -99 -99 -99 -99 -99 -99
-99 -99 -99 -99 -99 -99 0.723585753333691 -99 -99 -99 -99 -99 -99 -99 0.581363233592121
-99 -99 -99 -99 -99 -99 -99 -0.840425475903593 -99 -99 -99 0.493345910935584 -99 -99 -99
-99 -99 -99 -99 -99 -99 -99 -99 -99 -99 -99 -99 -99 -99 -99
-99 -99 1.94686595229207 -99 -99 -99 -99 -99 -99 -99 -99 -99 -99 -99 1.32759112123492
-99 -99 -99 -99 -99 -99 -99 -99 -99 -99 -99 -99 -99 -99 -99
-99 -99 -99 -99 -99 -99 -99 -99 -99 -99 -99 -99 -99 -99 -0.0836668234136346
-99 -99 -99 -99 -0.182745211118998 -99 -99 -99 -99 -99 -99 -99 -99 0.65838519228201 -99
-99 -99 2.01428931005068 -99 -99 -99 -99 -99 -99 -99 -99 -99 -99 -99 -99
-99 -99 -99 -99 -99 -99 -0.148776108905406 -99 -99 -99 -99 -99 -99 0.643440120126907 -99
-99 -99 -99 -99 -99 -99 -99 -99 -99 -99 -99 -0.811519848680692 -1.18297336269602 -99 -99
-99 -99 1.89699723526455 -99 -99 -99 -99 0.650537084890314 -99 -99 -99 -99 -99 -99 1.41159040039631
-99 -99 -99 -99 -99 -99 -0.31293983644914 -99 -99 -99 -99 -99 -99 -99 -99
-0.339451315260882 -99 -0.646914691871201 -99 -99 -99 1.926493061398 -99 -99 -99 -99 -99 -99 -99 -99
-99 -99 -99 -99 -99 -99 -99 -99 -99 -99 0.653719199016024 -99 -99 -99 -99
2.73406469694873 -99 -99 -99 1.38686934943069 1.50164466400455 -99 -99 0.536648793262353 -99 -99 -99 -99 1.54431880286707 -99
-99 -99 -99 -99 -99 2.7101091864411 -99 1.88399884266922 -99 -99 -99 -99 -99 3.06362564599157 -99
-99 -99 -99 -99 1.46840833745768 -99 -99 -99 -99 -99 -99 -99 -99 0.736129402325143 2.41711360523445
-99 -99 -99 -99 -99 -99 -99 -0.52515299525529 -99 -99 -99 -99 -99 -99 -99
1.64795680220696 -99 0.548184920671537 -99 -99 -99 -99 -99 -99 -99 -99 -99 1.15013869456141 -99 -99
1.15629851128366 -99 -99 -99 -99 -99 3.38227414708927 -99 -99 -99 -99 -99 -99 -99 -99
-99 -99 -99 -99 0.986942535422334 -99 -99 -0.191568977896362 -99 -99 0.870932864803914 -99 -99 -99 -99
-99 -99 -99 -99 -99 -99 -99 -99 -99 -99 -99 -99 -0.732907999271772 -99 1.94918090137539
-99 -99 -99 -99 -99 -99 -99 1.80463150573075 -99 -99 -0.86537702661048 -99 -99 -99 -99
-99 -99 -99 -99 -99 -99 -99 -99 -99 -99 -99 -99 -99 -99 -99
-99 -99 0.620450573905063 -99 -99 -99 -99 -99 -99 -99 -99 -0.421373531958306 1.03154507477544 -99 -99
-99 -99 1.22769123303316 -99 -99 -99 -99 -99 -99 -99 -99 -99 -99 -99 -99
-99 -99 -99 -99 -99 -0.534912542705199 -99 -99 1.72587455185432 -99 -99 -0.21335768577744 -99 -99 -99
-99 -99 3.58782516073063 -99 -99 -99 -99 -99 -99 -99 -99 -99 -99 -99 -99
-99 -99 -99 -99 -99 -99 2.21955897438663 -99 -99 -99 -99 -99 -99 -99 -99
-99 -99 -99 -99 -99 -99 -99 -99 -99 -99 -99 -99 -99 -99 -99
-99 -99 -99 -99 -99 -0.0794131675813188 0.407999598274488 -99 1.81189283330023 -99 -99 -99 1.85856676128371 -99 -99
0.261760523945631 1.69361619092594 -99 -99 -99 -99 -99 -99 -99 -99 1.44162547626516 -99 -99 -99 -99
-99 -99 -99 -99 -99 -99 -99 -99 -99 -99 -99 -99 -99 -99 -99
-99 1.31600262348913 -99 -99 -99 -99 -99 -99 -99 -99 -99 -99 -99 -99 0.182703920331821
-99 -99 -99 -99 -99 -99 -99 -99 -99 -99 -99 -99 -99 -99 -99
-99 -99 -99 -99 -99 -99 -99 -99 -99 -99 -99 -99 -99 -99 -99
-99 -99 -99 -99 -99 -99 -99 -99 -99 -99 -99 -99 -99 -99 -99
-99 -99 -99 -99 -99 1.17340422037965 -99 -99 -99 -99 -99 -99 -99 -99 -99
-99 -99 0.834944928417132 -99 -99 1.79298595918279 -99 -99 -99 -99 -99 -99 -99 -99 1.4180894884921
-99 -99 -99 -99 -99 -99 -99 -99 -99 -99 -99 -99 1.13707043407217 -99 -99
-99 -99 -99 1.40405356110417 -99 -99 -99 2.39351463916182 -99 -99 -99 -99 -99 -99 -99
-99 -99 -99 -99 -99 -99 -99 -99 -99 -99 4.14777757804926 -99 -99 -99 -0.282581996569687
-99 -99 -99 -99 -99 -99 -99 -99 -99 -99 -99 -99 0.797358307344771 -99 -99
-99 -99 -99 -99 -0.239085350291141 -99 -99 -99 -99 -99 -99 -99 -99 -99 -99
-99 -99 -99 -99 -99 1.31216390133804 -99 -99 -99 -99 -99 -99 -99 -99 -99
-99 -99 3.13336877110726 -99 -99 3.42093009760649 4.59358315156963 -99 -99 -99 -99 -99 -99 -99 -99
-99 -99 -99 -99 -99 -99 -99 -99 -99 -99 -99 -99 -99 -99 -99
-99 -99 -99 -99 -99 -99 -99 -99 -99 -99 -99 -99 -0.64269627643988 -99 -0.879917304994261
-99 -99 -99 -99 -99 -99 -99 -99 -99 -99 -99 -99 -99 -99 -99
2.2626965751109 -99 -99 -99 -99 -99 -99 1.68644338186375 -99 -99 -99 2.65494502317637 -99 -99 -99
-99 -2.29664717761584 -99 -99 0.759916071744066 -99 -99 -99 -99 -99 -99 -99 -99 -99 -99
-99 -99 -99 -99 -99 -99 -99 -99 -99 -99 -99 -99 -99 1.42577814755567 -99
-99 -99 -99 -99 -99 -99 -99 -99 -99 -99 -99 -99 -99 -99 -99
-99 -99 -99 -99 -0.740911679643462 -99 -99 -99 -99 -99 -99 -99 -99 -99 -99
-99 -99 -99 0.444960076655791 -99 -99 -99 -99 -0.870919252495891 -99 -99 -99 -99 -99 -99
-99 -99 -99 -99 -99 -99 -99 -99 -99 -99 -99 -99 -99 0.690057541115939 -99
-99 -99 -99 -99 -99 -99 -99 -99 -99 -99 -99 -99 1.30585374051052 -99 -99
-99 -99 -99 -99 -99 -99 1.49083845486829 -99 -99 1.4854988780277 -99 -99 -99 -99 1.41201061475313
-99 -99 -99 -99 -99 -99 -99 -99 -99 -99 -99 -99 -99 -99 -99
-99 -99 -99 -99 -99 -99 -99 -99 -99 -99 -99 -99 -99 -99 -99
-99 -99 -99 -99 -99 -99 -99 -99 -99 -99 -99 -99 -99 -99 -99
-99 -99 2.34131360490367 1.73770135110523 -99 -99 -99 -99 -99 -99 -99 -99 -99 -99 -99
-99 -99 -99 -99 1.57828994901577 -99 0.286378267642046 -99 -99 2.10441838948119 -99 -99 -99 -99 -99
-99 0.613218696688173 -99 -99 0.0528634766194536 -99 -99 -99 -0.328362982850416 -0.137516244136455 -99 -99 -99 -99 1.61592374442963
-99 -99 -99 -99 -99 -99 -99 2.39080671199337 -99 -99 -99 -99 -99 -99 -99
-99 -0.861877122586771 -99 -99 -99 -99 -99 -99 -99 -99 -99 -99 -99 -99 -99
-99 -99 -99 2.47612051010491 -99 -99 -99 -99 -99 -99 -99 -99 -99 -99 1.87682746016936
-99 -99 -99 1.4450056567456 -99 -99 -99 -99 0.816930184153594 -99 -99 0.500789281568692 -99 -99 -99
-99 -99 -99 -99 -99 -99 -99 -99 -99 -99 1.10791782793866 -99 -99 -99 -99
-99 -99 -99 -99 0.0753746028111142 -99 -99 -99 -99 -99 -99 -99 0.905183237142454 -99 -99
-99 -99 -99 -99 -99 -99 -99 -99 -99 -99 -99 -99 1.34623851214811 -99 0.583216753128322
-99 -99 -99 -99 -99 -0.0880904949400569 -99 0.779503279993541 -99 -99 -99 -99 -99 -99 -99
-99 -99 -99 -99 -99 -99 -99 -99 2.83249647279541 -99 -99 -99 -99 1.34005663821371 -99
1.02494213296927 -99 -99 -99 -99 -99 -99 1.20008246607819 -99 -99 -99 -99 -99 -99 -99
-99 -99 -99 -99 -99 -99 -99 -99 -99 -99 -99 0.606725567680557 -99 -99 1.75031680035491
-99 -99 -99 -99 -99 -99 0.174073653760112 -99 -99 -99 -99 -99 -99 -99 -99
-99 -99 -99 -99 -99 -99 -99 1.65635987036627 -99 -99 -99 -99 -99 -99 -99
-99 -99 -99 -99 -99 -99 -99 -99 -99 -99 1.65983289565132 -99 -99 -99 -99
-99 -99 -99 -99 -99 -99 -99 -99 0.0738210534338749 -99 -99 -99 -99 -99 -99
-99 -99 -99 -99 -99 -99 -99 -99 -99 -99 1.60035699987587 -99 -99 -99 -99
-0.0273604164192494 -99 -99 -99 -99 -99 -99 -99 -99 -99 -99 -99 0.353065818792183 -99 -99
-0.114972749352743 -99 -99 -99 -99 -99 -99 -99 -99 -99 -99 -99 -99 -99 -99
-99 -99 -99 -99 -99 -99 3.52317503805566 -99 1.81309613853824 -99 -99 -99 -99 -99 -99
-99 1.82798703814259 -99 -99 2.36472485530919 -99 -99 -99 2.54596126684281 -99 -99 2.24555625429433 -99 -99 -99
-99 1.60803200444126 -99 -99 -99 -99 -99 -99 -99 -3.75133091303388 0.739212213229469 -99 -99 -99 -99
-99 -99 0.815834755385524 -99 -99 -99 -99 -99 -99 -99 -99 -99 -99 -99 -99
-99 -99 -99 -99 -99 -99 -99 -99 -99 -99 -99 -99 -99 -99 -99
-0.514641259377559 -99 -99 -99 0.0345820476304082 -99 -99 -99 -99 -99 1.99581451362771 -99 -99 -99 1.06302274969705
-99 -99 -99 -99 -99 -99 -99 -99 -99 -0.91537207884812 -99 -99 -99 -0.232028241389244 -99
2.17325360797226 -99 -99 -99 -99 -99 -99 -99 -99 1.50624277509087 -99 -99 -99 -99 -99
-0.0598286104508163 -99 -99 -99 -99 1.46759567917418 -99 -99 -99 -99 -99 -99 -99 -99 -99
-99 -99 2.09763600362857 2.08898024623872 -99 -99 -99 -99 -99 3.29321102066953 -99 -99 -99 -99 -99
-99 -99 -99 -99 -99 -99 -99 -99 -99 -99 -99 4.99492690235366 -99 -99 -99
2.20414220100583 -99 -99 -99 -99 -99 -99 -99 -99 -99 1.43443966167292 -99 -99 -99 -99
-99 -99 -99 -99 -99 -99 -99 -99 -99 -99 -99 -99 -99 -99 -99
-99 -99 -99 -99 -99 -99 -99 -99 -99 -99 -99 -99 -99 -99 -99
-99 -99 -99 -99 -99 -99 -99 -99 -99 2.06993668498662 -99 -99 -99 -99 -99
-99 -99 -99 2.81380149301891 -99 -99 -99 -99 -99 -99 -0.963219977220314 -99 -99 -99 -99
-99 -99 -99 -99 -99 -99 -99 -99 -99 -99 -99 -99 -99 -99 -99
-99 -99 -99 -99 -99 -99 -99 -99 -99 -99 -99 -99 -99 -99 1.84046816063627
-99 -99 -99 -99 -99 -99 -99 -99 -99 -99 -99 -99 -99 -99 -99
-99 -99 -99 -99 -99 -99 -99 -99 -99 -99 -99 -99 -99 -99 -99
-99 -99 -99 -99 -99 -99 -99 -99 -99 -99 -99 -99 -99 -99 -99
-99 -99 1.28881889840675 -99 -99 -99 -99 -99 -99 -99 1.70718773264109 -99 -99 -99 -99
-99 -99 -99 -99 -99 0.863964155073499 -99 -99 0.385408070719789 -99 -99 -99 -99 0.389282310036084 -99
-99 -99 -99 -99 -99 -99 -99 -99 -0.851818837329954 -99 -99 -99 -99 -99 -99
1.93500372379599 -99 0.804498918881805 -99 1.80559684679666 -99 -99 -99 -99 -99 -99 -99 -99 -99 1.04526229158021
-99 -99 -99 1.81607032815329 -99 -0.374640168414814 2.22893492665154 -99 -99 -99 -99 -99 -99 -99 -99
-99 -99 -99 -99 -99 -99 -99 -99 -99 -99 -99 -99 -99 -99 -99
-99 -99 -99 -99 1.51529858953264 -99 -99 -99 0.529685491625029 -99 -99 -99 -99 0.657306212713983 -99
-99 -99 -99 -99 -99 -99 -99 -99 -99 1.41541207775052 -99 -99 -99 2.06437617660474 -99
-99 -0.732171426451755 -99 -99 -99 -99 -99 -99 -99 -2.52048296925477 -99 -99 -99 -99 -99
-99 -99 -99 -99 -99 -99 -99 -99 1.99179802859251 -99 -99 -99 -99 -99 -0.865165689539173
-99 -99 -99 -99 -99 -99 -99 -99 -99 -99 2.57711805449339 2.64143307981185 -99 -99 -99
-99 -99 -99 -99 -99 -99 -99 -99 -99 -99 -99 -99 -99 -99 1.52386529012729
-0.132195915816246 -99 -99 -99 -99 -99 -99 -99 0.329252574245541 -99 -99 1.09743140841709 -99 -99 -99
-99 -99 -99 -99 -99 -99 -99 -99 -99 -99 -99 -99 -99 -99 -99
1.2959554175226 -99 -99 -99 -99 -99 1.19652021248458 -99 -99 2.02915786789153 -99 -99 -99 -99 -99
-99 -99 -99 -99 -99 -99 -99 -99 -99 -99 -99 -99 -99 -99 -99
-99 -99 -99 -99 -99 -99 -99 -99 -99 -99 -99 -99 -99 -99 -99
-99 -99 -99 -99 -99 -99 -99 -99 -99 -99 -99 -0.640692994903003 -99 -99 -99
-99 -99 -99 -99 -99 -99 2.57605204989761 0.28445006376913 -99 -99 -99 -99 -99 -99 -99
-99 -99 -99 -99 -99 -99 1.6525319867111 -99 -99 2.36703852488577 -99 -99 -99 -99 -99
-99 -99 -99 -99 -99 -99 -99 -99 -99 -99 -99 -99 -99 -99 -99
-99 -99 -99 -99 -99 -99 -99 -99 -99 1.67754470204348 -99 -99 -99 1.36282278634101 -99
-99 -99 -99 -99 -99 -99 -99 -99 -99 -99 1.32311648433386 1.9183375890489 -99 -99 -99
0.206475181748033 -99 0.637063842900195 1.39275181507755 -99 1.46292052483173 1.92520882561177 -99 -99 -99 -99 0.249724120825703 -99 -99 -99
-99 -99 -99 -99 -99 -99 -99 -99 -99 -99 -99 0.886791792606227 -99 -99 -99
-99 -99 -99 -99 -99 -99 -99 -99 -99 -99 -99 4.01637047223771 -99 -99 -99
-99 -99 -99 1.7393353915713 -99 -99 -99 -99 -99 -99 -99 -99 -99 -99 -99
-99 -99 -99 1.65229085656208 -1.40050283269351 -99 -99 -99 -99 -99 -0.292850899293752 -99 -99 -99 -99
-99 0.316357773252154 -99 1.3665076417891 -99 1.68899618715812 -99 -99 -99 -99 -99 1.56436009939661 -99 -99 -99
-99 -99 -99 -99 -99 1.39165880354638 -99 -99 -99 -99 -99 -99 -99 -99 -99
-99 -99 -99 -99 -0.79487941194277 -99 -99 -99 4.72515152776984 -99 -99 -99 -99 2.16702544908683 -99
-99 -99 -99 1.77305876012897 -99 -99 -99 -99 -99 0.853720662406927 -99 -99 -99 -99 -99
5.77413117534485 -99 -99 -99 -99 -99 -99 -99 -99 -99 -99 -99 -99 -99 4.850740281657
-99 -99 -99 -99 -99 -99 -99 -99 -99 -99 0.258579656020528 -99 -99 -99 -99
-99 -99 -99 -0.506858067442696 -99 -99 -99 -99 -99 -99 -99 -99 -99 -99 -99
0.726361831640612 -99 0.566826997553377 -0.291621904839545 -99 -99 -99 -99 -99 -99 -99 -99 -99 -99 -99
0.468458400826323 -99 -99 -99 0.194126896298349 -99 -99 -99 -1.27242096079677 -99 -99 -99 -99 -99 -99
-99 -99 -99 -99 -99 -99 -99 -99 -99 -99 -99 -99 -99 -99 -99
-99 -99 -99 -99 -99 -99 -99 -99 -99 -99 -99 0.179806752042173 -99 -99 -99
-99 -99 -99 -99 -99 -99 -99 -99 -99 -0.77541134170811 -99 -99 -99 -99 -99
-99 -99 -99 -99 -99 -99 -99 -99 -1.1106325771069 -0.866672340830014 -99 -99 -99 -99 0.705181872159915
-99 -99 -99 -99 -99 -99 -99 -99 -99 -99 -99 -99 -99 -99 -99
-99 -99 -99 -99 0.701933794006917 -99 -99 -99 -99 -99 -99 -99 -99 -99 -99
-99 -99 -99 -99 -99 0.770803728356697 1.46533592719934 -99 -2.14816678213118 -99 -99 -99 -99 -99 -99
-99 -99 -99 -99 -99 -99 -99 -99 2.55417228641252 -99 1.89381496360917 -99 -99 -99 -99
-99 -99 -99 -99 -99 3.46638503976588 -99 -0.0381398163318507 -99 -99 -99 -99 -99 0.905749142754665 -99
-99 -99 -99 -99 -99 -99 -99 -99 -99 -99 -99 -99 1.29295884516781 -99 -99
-99 -99 -99 -99 -99 -99 -99 -99 -99 -99 0.348769755017609 -99 -99 -99 -99
-99 -99 -99 -99 -99 -99 -99 -99 -99 -99 -99 -99 -99 -99 -99
-99 2.1515801907023 -99 0.103178828909327 -99 3.59366807291329 -99 -99 -99 -99 -99 -99 -99 -99 -99
1.56775694613617 -99 -99 -99 -99 -99 -99 -99 -99 -99 -99 -99 -99 -99 -99
-99 -99 -99 -99 0.56425009672218 -99 -99 -99 -99 -99 -99 -99 -1.0242472733278 -99 -99
-99 1.62276781616337 -99 -99 -99 -99 -99 -99 -0.308191456147725 -99 -99 0.574716625489251 -99 -99 -99
-99 -99 -2.68555731480805 -99 -99 -99 -99 -99 -99 -99 -99 -99 -99 -99 -99
-99 -0.116425219738371 -99 -99 -99 -99 -99 -99 -99 -99 0.361899545442223 -99 -99 -0.100358542960342 -99
-99 -99 2.33296862896427 -99 -99 -99 -99 -99 -99 -99 -99 -99 -99 -99 -99
-99 -99 -99 -99 -99 -99 -99 -99 -99 -99 -99 -99 -99 -99 -99
-99 2.16947308185732 -99 -99 -99 -99 -99 -99 -99 -99 -99 -99 -99 -99 -99
-99 -99 -99 -99 -99 -99 -99 -99 -99 -99 -99 -99 -99 -99 -99
-99 -99 -99 -99 -99 -99 -99 -99 -99 -99 -99 -99 -99 -99 -99
-99 -99 -99 -99 -99 -99 -99 -99 2.77701675490002 -99 -99 -99 0.035135785796262 -99 1.78008260704983
-99 -99 -99 -99 -99 -99 -99 -99 0.273630950999776 -99 -99 -99 -99 -99 -99
-99 -99 -99 -99 -99 -99 3.92050542843212 -99 -99 -99 -99 -99 -99 -99 -99
-99 -99 -99 -99 1.08734405875811 -99 -99 -99 -99 -99 -99 -99 -99 -99 -99
-99 -99 -99 -0.159113639982195 -99 -0.0421556739525819 -99 -99 -99 -99 -99 -99 -99 -99 -99
-99 0.663394813184276 -99 0.5898308607137 -99 -99 -99 -99 -99 -99 -99 -99 -1.76514978758181 -99 -99
-99 -99 -99 -99 -99 -99 -99 -99 -99 -99 0.600244663238833 -99 -99 -99 -99
-99 -99 -99 -99 -99 -99 -99 -0.179007323407309 -99 -99 -99 -0.723980974034405 0.0665132971791595 -99 -99
-99 -99 -99 -99 -99 -99 -99 -99 -99 -99 -99 -99 -99 -99 -99
1.75069958966612 -99 -99 -99 -99 -99 -99 -99 -99 2.04959739902304 -99 -99 -99 -99 -99
-99 -99 -99 -99 -99 -99 -99 -99 -99 -99 -99 -99 -99 -99 -99
-99 -99 -99 -99 -0.784501255713205 -99 -99 -99 -99 -99 -99 -99 0.663214560355348 -99 -99
-99 -99 -99 -99 -99 -99 3.17965980663175 -99 2.17260672234531 -99 -99 -99 1.83664968332177 -99 -99
-99 -99 -99 2.80763426691164 -99 -99 -99 -99 -99 -99 -99 -99 -99 1.57851460667176 -99
-99 -99 -99 -99 -99 -99 -99 -99 -99 -99 -2.0018057513891 -0.738180185211188 -99 -99 -0.756292984026432
1.65033285137115 -99 -99 -99 -99 -99 -99 -99 -99 -99 -99 -99 -99 -99 -99
-99 -99 -99 -99 -99 -99 -99 -99 -99 -99 -99 -99 -99 -99 -99
-99 -99 -99 -99 -99 -99 -99 -99 -99 -0.120440371627295 -99 -99 -99 -99 -99
-0.301088233835039 -99 -99 -99 -99 -99 -99 -99 -99 -99 1.49310756018445 -99 -99 -99 -99
-99 -99 -99 -99 -99 -99 -99 -99 1.22793250149524 -99 -99 -99 -99 -99 -99
-99 -99 -99 -99 -99 1.02160858821989 2.55742971382793 1.09119764748978 -99 -99 -99 -99 -99 -99 -99
-99 -99 -99 -99 -99 -99 -99 -99 -99 -99 -99 -99 -99 -99 -99
0.519833427601062 -99 -99 -99 -99 -99 -99 -99 -99 -99 -99 -99 -99 -99 -99
-99 -99 -99 -99 -0.198970799796623 -99 -99 -99 -99 -99 -99 -1.13114011464516 -99 -99 -99
-99 -99 -99 -99 -99 -99 -99 -99 -99 -99 -99 -99 -99 1.81571042731115 -99
-99 -99 -99 -99 -99 -99 -99 -99 -99 -99 -99 -99 2.12921807546502 2.4711096281548 -99
-99 -99 -99 -99 -99 -99 1.60052071250548 -99 -99 -99 -99 -99 -99 -99 -99
-99 -99 -99 -99 -99 -99 -99 -99 -99 -99 -99 -99 -99 -99 -99
-99 -99 -99 -99 0.945352718986346 -99 -99 -99 -99 -99 -99 -99 -99 -99 -99
2.0896744489978 -99 -99 -99 -99 -99 -99 -99 -99 -0.763901694917585 -99 -99 -99 -99 -99
-99 -99 -99 -99 -99 -99 -99 -99 -99 -99 -99 -99 -99 -99 -99
-99 -99 -99 -99 -99 -99 -99 -99 -99 -99 -99 -2.39945048953533 -99 -99 -99
-99 -99 -99 1.63861131085892 1.0006117944982 -99 -99 -99 -99 -99 -99 -99 -99 -99 -99
-99 -99 -99 -99 -99 3.60912156104839 -99 2.71660809663659 -99 -99 -99 -99 -99 -99 -99
-99 -99 -99 -99 -99 -99 -99 -99 -99 2.05663635965856 -99 -99 -99 -99 -99
-99 -99 -99 -99 0.971667329280381 -99 -99 -99 -99 -99 -99 -99 -99 -99 -99
-99 -99 -99 -99 -99 -99 -99 -99 -99 1.42967320823715 -99 -99 -99 -99 -99
-99 1.86414793899782 -99 -99 -99 -99 -99 1.03178033328165 -99 -99 -99 -99 -99 -99 -99
-99 -99 -99 -99 1.08971332190441 -99 -99 -99 -99 -99 -99 -99 1.35051970269994 -99 2.65317263350639
-0.119477984627435 -99 -99 -99 -99 -99 -99 -99 -99 -99 -99 -99 -99 -99 -99
-99 -99 -99 -99 -99 -99 -99 -99 2.01756174403302 -99 -99 -99 -99 2.62748108164519 -99
-99 -99 -99 -99 -99 -99 -99 -99 -99 -99 -99 -99 -99 -99 -99
-99 -99 -99 -99 -99 -99 -99 -99 -99 -99 -99 -99 -99 -99 -99
1.19330597711096 -99 -99 1.13973386587695 -99 -99 -99 -99 -99 -99 -99 -99 -99 -99 -99
-99 -99 -99 1.94356584356392 -99 -99 -99 -99 -99 -99 -99 -99 -99 -99 -99
-99 -99 -99 -99 -99 -99 -99 -99 -99 -99 -99 -99 -99 -99 -99
-99 -99 -99 -99 -99 -0.360853609136277 1.15853586335727 -99 -99 -99 1.46658580481345 -99 -99 -99 -99
-99 -99 1.52361366503214 -99 -99 1.37274877780853 -99 -99 -99 -99 -99 -99 -99 -99 -99
-99 -99 -99 -99 -99 -99 -99 -99 -99 -99 -99 -99 -99 -99 -99
-99 -99 -99 -99 0.0837319917333534 -99 -99 -99 -99 -99 -99 -99 -99 -99 -99
-99 -99 -99 0.703380781910644 -99 -99 -99 -99 -99 0.0953048386348893 -99 -99 -99 -99 -99
-99 -99 -99 -99 2.70289019198563 -99 -99 -99 -99 -99 -99 -99 0.330764882092884 -99 -99
-99 -99 1.80558184403542 -99 -99 -99 -99 -99 -99 -99 -99 -99 0.701719854470261 -99 -99
-99 -99 -99 -99 -99 -99 -99 -99 -99 1.94488566563818 -99 -99 -99 -99 -99
-99 -99 -99 -99 -99 -99 0.915794378506054 -99 -99 -99 -99 -99 -99 -99 -99
-99 -99 -99 -99 -99 -99 -99 -99 -99 -99 -99 4.26903897497272 -99 -99 -99
-99 -99 -99 -99 -99 -99 -99 -99 -99 -99 -99 -99 -99 -99 -99
-99 -99 -99 -99 -99 -99 -99 -99 -99 -99 -99 -99 -99 -99 -99
-99 0.671167042544967 -99 -99 -99 -99 -99 -99 -99 -99 -99 -99 -99 -99 -99
-99 -99 -99 -99 -99 -99 -99 -99 -99 -99 -99 -99 -99 -99 -99
-99 -99 -99 -99 -99 -99 -99 -99 -99 -99 -99 -99 -99 -99 -99
-99 1.7777060110835 -99 -99 -99 -99 -99 -99 -99 -99 -99 -99 -99 -99 -99
-99 -99 -99 0.765969101602609 -99 -99 -99 -99 -99 -99 -99 -99 -99 -99 -99
1.07448523330283 -99 -99 -99 -99 -99 -99 -99 -99 0.868341593795815 -99 1.34311154289745 -99 -99 -99
-99 -99 -99 -99 -99 3.06398461814796 -99 -99 3.13868670748622 -99 -99 -99 -99 -99 -99
-99 -99 -99 -99 -99 0.123562099149336 -99 -99 -99 -99 -99 -99 1.11522874311001 -99 -99
-99 -99 -99 -99 -99 -99 -99 -99 -99 -99 -99 -99 -99 -99 -99
-99 -99 -99 -99 -99 -0.483498544969222 -99 -99 -1.19575455316963 -99 -99 -99 -99 -99 -99
-99 -99 -99 -99 -99 0.533726957385987 -99 -99 -99 -99 1.18117851176151 -1.06396648885426 -99 -99 -99
-99 -99 -99 -99 -99 -99 -99 -99 -99 -99 -99 -99 -99 -99 -99
-99 -99 -99 -99 -99 -99 -99 -99 -99 -99 -1.02013433022654 -99 -99 -99 -99
-99 -99 -99 -99 -99 2.59109853541695 -99 -99 -99 -99 -99 -99 -99 -99 2.72689715102721
-99 -99 -99 -99 -99 -99 -99 -99 -99 -99 -99 -99 -99 -99 -99
-99 1.2417713846442 0.551470846009931 -99 1.75066077730297 -99 -99 -99 1.05458829663965 -99 -99 -99 -99 -99 -99
-99 -99 1.25977887956178 -99 -99 -99 -99 -99 -99 -99 -99 -99 -99 -99 -99
-99 -99 -99 -99 -99 -99 -99 -99 -99 -99 -99 -99 -99 -99 -99
-99 -99 1.39474677041285 -99 -99 -99 -99 -99 -99 -99 -99 -99 -99 -99 -99
-99 -99 2.45750745698026 -99 -99 -99 -99 -99 2.65272518049776 -99 2.20100793519811 -99 -99 3.38665923890268 4.12520039406106
-99 -99 -99 -99 -99 -99 -99 -99 -99 -99 -99 -99 -99 -99 -99
-99 -99 -99 0.940816351253946 -99 -99 -99 -99 -99 0.829791787244494 -99 0.0401281058540435 -99 -99 -99
1.15445463689628 -99 -99 -99 -99 -99 2.18480300263574 -99 4.18639512526999 -99 -99 -99 -99 -99 -99
-99 -99 -99 -99 -99 -99 -99 1.71513174217861 -99 -99 -99 -99 -99 -99 1.27937035979871
-99 -99 -99 -1.42629429475136 -99 -99 -99 -99 -2.44775957498787 -99 -99 -99 -99 -99 -99
-99 -99 -99 -99 1.21377836399871 -99 -99 -99 -99 -99 -99 -99 -99 0.846798942264178 -99
-99 -99 -99 -99 -99 -99 -99 -99 -99 0.518364309958809 -99 -99 -99 -99 -99
-99 -99 -99 -99 -99 -99 -99 -99 -99 -99 -99 -99 -99 0.451447468899657 3.56493467646808
-99 -99 -99 -99 -99 -99 -99 -99 -99 1.22771136780217 -99 0.460322698377485 -99 0.875269344077204 -99
-99 -99 -99 -99 -99 -0.488321178660869 -99 -99 -99 -99 -99 -99 -99 0.70427621481541 -99
-99 -99 -99 -99 2.15538484223801 -99 -99 -99 1.49341250164508 -99 -99 2.71916187390666 -99 -99 -99
-99 -99 -99 -99 -99 -99 -99 1.82887245849314 -99 -99 -99 -99 -99 -99 -99
-99 -99 -99 -99 -99 -99 -99 -99 -99 -99 -99 -99 -99 -99 -99
-99 -99 -99 -99 -99 -99 -99 -99 -99 3.19506592328652 -99 -99 -99 -99 -99
-99 -99 -99 -99 -99 -99 -99 -99 -99 -99 -99 -99 -99 -99 -99
-99 -99 -99 -99 2.22231833211824 -99 -99 -99 -99 -99 -99 0.504762739986458 -99 -99 -99
-99 -99 -99 -99 -99 -99 -99 -99 -99 -99 -99 -99 -99 -99 -99
-99 -99 -99 -99 -99 -99 0.972495673731377 -99 -99 -99 -99 -99 -99 -99 -99
-99 -99 1.76745143706513 -99 -99 -99 -99 -99 -99 -99 -99 -99 -99 -99 -99
-99 -99 -99 -99 -99 -99 -99 -99 -0.819614322108756 -99 -99 -99 -99 -99 -99
-99 -99 -99 -99 2.06572431075694 -99 -99 -99 -99 -99 -99 -99 2.713074233119 -99 -99
-99 -99 -99 -99 -99 -99 -99 -99 -99 -99 -99 -99 -99 -99 -99
-99 -99 -99 3.09079189051435 -99 -99 -99 -99 -99 -99 -99 -99 -99 3.3675054478602 -99
-99 0.957893664259861 -99 -99 -99 -99 -99 -99 -99 -99 -99 -99 1.15765036302256 -99 -99
-99 -99 -99 -99 -99 -99 -99 -99 -99 -99 -99 -99 -99 -99 -99
-99 -99 -99 -99 -99 2.37243210373477 -99 -99 -99 -99 -99 -99 -99 -99 -99
-99 -99 -99 -99 -99 -99 -99 -99 -99 -99 -99 -99 -99 -99 -99
-99 -99 -99 -99 -99 -99 3.81780033628577 -99 -99 -99 -99 -99 -99 -99 -99
-99 -99 -99 -99 0.361846072635055 -99 -99 -99 -99 -99 -99 -99 -99 -99 -99
-99 -99 -99 -99 -99 -99 0.381501488218799 -99 -99 -99 -99 -99 -99 -99 -99
2.89333423507525 -99 -99 2.24451226402167 -99 -99 -99 -99 -99 -99 -99 -99 -99 -99 -99
-99 -99 -99 -99 -99 0.26576961831597 -99 -99 -99 -99 -99 -99 -99 -99 -99
-99 -0.16229381895629 -99 -99 -99 -99 -99 -99 -99 -99 -99 -99 -99 -99 -99
-99 -99 -99 -99 -99 -99 -99 2.55404429480797 -99 -99 -99 -99 -99 -99 -99
-99 -99 -99 -99 -99 -99 -99 1.94055299648591 -99 -99 -99 -99 -99 -99 -99
-99 -99 -99 -99 -99 -99 0.172616252306422 -99 -99 -99 -99 -99 -99 -99 -99
5.49239195422452 -99 -99 -99 -99 -99 -99 -99 3.48257012984151 2.80130564945652 -99 -99 3.89478563050588 -99 -99
-99 -99 -99 -99 -99 -99 -99 -99 -99 -99 -99 -99 -99 0.625150822601741 -99
-99 -99 -99 -99 -99 -99 2.90623126991666 -99 -99 0.418026729261197 -99 -99 -99 -99 -99
-99 -99 -99 -99 3.62914128051158 -99 -99 -99 -99 -99 -99 -99 -99 -99 -99
-99 -0.385336106529617 -99 -99 -99 -99 -99 -99 -99 -0.565906276854596 -99 -99 -99 -99 -99
-99 -99 -0.242730004941442 -99 -99 -99 -99 -99 -99 -99 -99 -99 -99 -99 1.31176686174077
0.959508190424966 -99 -99 -99 -99 -0.1528125405981 -99 -99 -99 0.99980276288803 -99 -99 -99 -99 -99
-99 -99 -99 -99 -99 -99 -99 -99 -99 -99 -99 0.594350263730857 -99 -99 0.644245471398767
-99 -99 -99 -99 -99 -99 -99 -99 0.759947588682618 -99 -99 2.9675412369166 -99 -99 -99
-99 -99 2.95891278417266 -99 -99 -99 -99 -99 -99 -99 2.69767102699912 -99 -99 -99 -99
-99 -99 2.26806612824027 -99 -99 -99 2.81417427047149 -99 -99 -99 -99 -99 -99 -99 -99
-99 -99 -99 -99 -99 -99 -99 0.785858127032635 -99 -99 -99 -99 -99 -99 -99
-99 2.30853409955873 -99 -99 -99 -99 -99 -99 -99 -99 -99 -99 -99 -99 -99
-99 -99 -99 -99 -99 -99 1.28729707184141 -99 -99 -99 -99 -99 -99 -99 1.3706905259815
-99 -99 -99 -99 -99 -99 -99 -99 -99 -99 -99 -99 -99 -99 -99
-99 -99 -99 -99 -99 -99 -99 -99 -99 -99 -99 -99 -99 -99 -99
-99 -99 -99 -99 -99 -99 -99 -99 -99 -99 -99 -99 -99 -99 -99
-99 -0.702912483436114 -99 -99 -99 -99 -99 -99 -99 -99 -99 -99 -99 -99 -99
-99 -99 1.43795676201844 -99 -99 -99 -99 -99 -99 -99 -99 -99 -99 -99 1.17206565597548
-99 -99 -99 -99 -99 -1.36396662442447 1.51996069965547 -99 1.80093633538795 -99 -99 -99 -99 -99 -99
-99 0.85506406600295 1.30213970023729 -99 -99 -99 -99 1.81031346262931 -99 -99 -99 -99 -99 -99 -99
-99 -99 -99 -99 -99 -99 -99 -99 -99 -99 -1.25902225774635 -99 -99 -99 -99
-99 -99 -99 -99 -99 -99 -99 -99 -99 -99 -99 -99 -99 -99 -99
0.477498794067695 -99 -99 -99 -99 -0.135745926752852 -99 -99 -99 -99 -99 -99 -99 -99 -99
-99 -99 -99 0.775670417533276 -99 -99 -99 -99 -99 -99 -99 -99 -99 -99 -99
-99 -99 -99 -99 -99 -99 -99 -99 -99 -99 -99 -99 -99 -99 -99
-99 -99 -99 -99 -99 -99 -99 -0.139438408366651 -99 -99 -99 -99 -99 -99 -99
-99 -99 -99 -99 -1.82339507899209 -99 -99 -99 -99 -99 -99 -99 -99 -99 -99
-99 -99 -99 -99 -99 -99 -99 0.331229289434575 0.0677119798990862 -99 -99 -99 0.577054281459576 -0.699900926844123 -99
-99 -0.0408483061751814 -0.171607835917797 -99 -99 0.943853790881233 -1.10296102111199 -99 -99 -99 0.636454693107581 -99 -99 -99 -99
-99 -99 -99 -99 -99 -99 -99 -99 -99 -99 -99 -99 -99 -99 -99
-99 -99 -99 -99 -99 2.55495620034423 -99 -99 -99 -99 -99 -99 -99 -99 -99
-99 -99 -99 -99 -99 -99 -99 -99 -99 -99 -99 -99 -99 -99 -0.721143251580716
-99 -99 -99 -99 -99 -99 0.397733781216956 -99 -99 -99 -99 -99 -1.02027361318814 -99 -99
-99 -99 2.00916057490427 -99 -99 -99 -99 -99 -99 -99 -99 -99 -99 -99 -99
-99 -99 -99 -99 -99 -99 -99 -0.6462003182529 -99 -99 -99 -99 -99 -99 -99
3.34829605878427 -99 -99 -99 -99 -99 -99 -99 -99 -99 -99 -99 -99 2.93170850057049 -99
1.54500704754619 1.46061997834812 -99 2.01081352473625 -99 -99 1.66344909354663 -99 2.32073624586184 -99 -99 -99 -99 1.79552052166273 -99
2.02351831814921 -99 -99 -99 -99 -99 -99 -99 -99 -99 -99 -99 -99 -99 -99
0.635624342961401 -99 -99 -99 -99 -99 -99 1.41713773774231 -99 -99 -99 -99 -99 -99 -99
-99 -99 -99 -99 -99 -99 -99 -99 -99 -99 -99 -99 -99 -99 -99
-99 -99 -99 -99 -0.747065399189257 -99 -99 -99 -99 -99 -99 -99 -99 -1.4313229235034 -99
-99 -99 -99 -99 -99 -99 -99 -99 -99 -0.435829900822893 -99 -99 -99 -99 -99
-99 -99 0.217444639803618 -99 -99 -99 -99 -99 -99 -99 -99 -99 -99 -99 -99
-99 -99 -99 -99 -99 -99 -99 -99 -1.68634005067406 -99 -1.60284852485537 -99 -99 -99 -99
3.25651378089299 -99 -99 -99 -99 -99 -99 -99 -99 -99 -99 -99 -99 -99 -99
-99 -99 -99 -99 -99 -99 -99 1.26569241350777 -99 -99 -99 -99 -99 -99 -99
-99 -99 -99 -99 -99 -99 -99 -99 -99 -99 -99 -99 -99 -99 -99
-99 -0.162296988084415 -99 -99 -99 -1.3474851971124 -99 -99 -99 -99 -99 -99 -99 -99 -99
-99 -99 -1.12385261848819 -99 -99 1.71948214230037 -99 -99 -99 -99 -99 0.553560827209894 -99 -99 -99
-99 -99 -99 -99 -99 -99 -99 -99 -99 0.278893109515744 -99 -99 -99 -99 -99
-99 -99 -99 -99 0.39076313819801 -99 -99 -99 -99 -99 -99 -99 -99 -99 -99
-99 -99 -99 -99 -99 -99 -99 -99 -99 -99 -99 -99 -99 -99 -99
-99 -99 -99 -99 -99 -99 -99 -99 -99 -99 -99 -99 -99 -99 -99
-99 -99 -99 1.64554935428763 -99 -99 4.17269985485356 -99 -99 3.95435108626642 -99 -99 -99 -99 -99
-99 -99 -99 -99 -99 -99 -99 -99 -99 -99 -99 -99 -99 -99 -99
-99 -99 -99 -99 -99 -99 -99 -99 -99 -99 -99 -99 -99 -99 -99
-99 -99 -99 -99 -99 -99 0.136300049641574 -99 -99 -99 -99 -99 -99 -99 -0.45903864811904
-99 -99 -99 -99 -99 -99 -99 -99 -99 -99 3.36064275525591 -99 -99 -99 1.3047201008747
-99 -99 -99 2.41008411101433 -99 -99 -99 -99 1.57691906147384 3.0181934835441 -99 -99 -99 -99 -99
-99 -99 -99 -99 1.18845975926077 -99 -99 -99 -99 -99 -99 -99 -99 -99 -99
-99 -99 1.4744483700247 -99 -99 -99 -99 -99 -99 -99 0.0168985779803257 -99 -99 -99 -99
-99 -99 0.0493909124631018 -99 -99 -99 -99 -99 -99 -99 -99 -99 -0.647444426087454 -99 -99
-99 -99 -99 -99 -99 -99 -99 1.18701795467078 -99 -99 -99 -99 -2.52346867054013 -99 0.50049593088687
1.08594712343072 1.25464608015676 -99 -99 -99 -99 -99 -99 -99 -99 -99 -99 -99 -99 -99
-99 -99 -99 -99 -99 -99 -99 -99 -99 -99 -99 -99 -99 -99 -99
-99 -99 -99 -99 -99 -99 -99 -99 -99 -99 -99 -99 -99 -99 -99
-99 -99 -99 0.45432220827373 -99 -99 -99 -99 -99 -99 -99 -99 -99 -99 -99
-99 -99 -99 -99 -99 -99 -99 -99 -99 -99 -99 -99 -99 -99 -99
-99 -99 -99 -99 0.775270164766628 -99 -99 -99 -99 -99 -99 0.206302093350037 -99 -99 1.83988085497781
-99 -1.32626640606605 -99 0.895665693014962 -99 -0.598474793506125 -99 -99 -99 -99 -99 -99 -99 -99 -99
-99 -99 -99 0.492656154792785 -99 -99 -99 0.723600420778485 -99 -99 -99 -99 -99 -0.480947609480215 -99
-99 -99 -99 -0.598498525419718 -99 -99 -99 -99 -99 -99 -99 -99 -99 -99 -99
-99 -99 -99 -99 -99 -99 -99 -99 -99 -99 -99 -99 1.19229130315881 -99 -99
-99 -99 -99 -99 -99 -99 1.56601820039399 -99 -99 -99 -99 0.42604619063875 -99 -99 -99
-99 -0.722243026588464 -99 -99 -99 -99 -99 -99 -99 -99 -99 -99 -99 -99 -99
-99 -99 -99 -99 -99 -99 -99 -99 -99 -99 -0.757337777249047 -99 -99 -99 -99
-99 -99 -99 1.40264730999717 -99 -99 -99 -99 -99 -99 -99 -99 -99 -99 -99
-99 -99 -99 -99 -99 -99 -99 -99 -99 -99 -99 -99 -99 -99 -99
-99 -99 -99 -99 -99 -99 -1.45039801575077 -99 -99 -99 -0.689659196930126 -99 -99 -99 -99
-99 -99 -99 -99 -99 -99 -99 -99 -99 -99 -3.03034933707622 -99 -99 -1.83128171015342 -99
-99 -99 -99 -99 -99 -99 -99 -99 -99 -99 2.44945264797082 -99 -99 -99 -99
-99 -99 -99 -99 -99 1.42515486310586 -99 -99 -99 -99 -99 -99 -99 2.60065593583176 -99
-99 -99 -99 -99 -99 -99 -99 -99 -99 -99 -99 -99 -99 -99 -1.00002211398167
-99 -99 1.67962617851655 -99 -99 -99 -99 -99 -99 0.974453142489834 -99 -99 -99 -99 0.742073111256548
-99 -99 1.86713954501905 -99 -99 -99 -99 0.971733794432782 -99 -99 -99 -99 -99 -99 -99
-99 -99 -99 1.42942616865956 1.96611758208382 -99 -99 -99 -99 -99 3.17971580582737 2.60066411393378 -99 -99 -99
1.98763375108622 -99 -99 -99 -99 -99 -0.415723033250084 -0.349557613843655 -99 -99 -99 -99 -99 -99 -99
-99 -99 -99 -99 -0.772046914263687 -99 -0.144055997403799 -99 0.933042495705854 -99 -99 -99 -99 -99 -99
-99 3.4082825257203 -99 -99 -99 -99 -99 1.78355197337782 -99 -99 -99 1.43035119922782 -99 -99 -99
-99 -99 -99 -99 -99 -99 -99 -99 -99 0.978412679990211 -99 -99 -99 -99 -99
-99 -99 -99 3.28172684598559 -99 -99 -99 -99 -99 -99 -99 -99 -99 -99 -99
-99 1.70834726435747 -99 -99 -99 -99 -99 -99 -99 -99 -99 -99 -99 -99 -99
-99 -99 0.847185426626184 -99 -99 -99 -99 -99 -99 -99 -99 -99 -99 1.85483316831872 -99
-99 -99 -99 -99 -99 -99 -99 -99 -99 -99 -99 -99 -99 -99 -99
0.436092203221303 -99 -99 -0.0808699951396765 -99 -99 -99 -99 -99 -99 -99 -99 -99 -99 -99
-99 -99 -99 -99 -99 -99 -99 -99 -99 -99 -1.33312845538601 -99 -99 -99 -99
-99 2.44853117257774 -99 -99 -99 -99 -99 -99 -99 -99 -99 -99 -99 -99 -99
-99 -99 -99 -99 -99 -99 -99 -99 -99 -99 -99 -99 -99 -99 0.763107646008646
-99 -99 -99 -99 -99 -99 -99 4.11658555097985 -99 -99 -99 -99 -99 -99 -99
-99 -99 -99 -99 3.21176284282844 -99 -99 -99 -99 -99 -99 1.5717894257121 -99 -99 -99
0.650024668016389 -99 -99 -99 -99 -99 -99 -99 -99 -99 -99 -99 -99 -0.605034665006688 -99
-99 -0.158604046567135 0.252832591766727 -99 -99 -99 -99 2.02145407632662 -99 -99 -99 -99 -99 0.254636886040018 -99
-99 -99 -99 -99 -99 -99 -99 -99 -99 -99 -99 -99 -1.53091889408353 -99 -99
-99 -99 -99 -99 -99 -99 -99 -99 -99 -99 -99 -99 -99 0.950110583742189 -99
-99 -99 -99 -99 -99 -99 -99 2.52403211371254 -99 -99 -99 -99 -99 3.08380968929609 -99
0.717155571517791 -99 1.12580272765259 -99 -99 -99 -99 -99 0.381510445380353 -99 0.867441843177152 1.9865002031064 2.72020182585683 -99 -99
-99 0.763162042666159 -99 -99 -99 -99 -99 -99 -99 -99 -99 -99 -99 -99 -99
-99 -99 -99 -99 -99 -99 -99 -99 -99 -99 -99 -99 -99 -99 -99
-99 -99 3.65715634562224 -99 -99 -99 -99 -99 -99 -99 -99 -99 -99 -99 -99
-99 -99 -99 -99 -99 -99 -99 -99 -99 -99 -99 -99 1.77294134087489 -99 -99
-99 1.53457162885454 -99 -99 -99 -99 -99 -99 3.55659640915432 -99 -99 -99 0.968828086204751 -99 -99
-99 -99 -99 -99 -99 -99 -99 -99 -99 1.03723389808099 -99 -99 -99 0.198249356454454 -99
-99 -99 0.0224457007274443 -99 -99 -99 -99 -99 -0.641022437007673 -99 -99 -99 -99 -99 -0.84649492669581
-99 -99 -99 -99 1.47921584201183 2.085729194492 -99 -99 -99 -99 -99 -99 -99 -99 -99
-0.388197285282408 -99 -99 -99 -99 -99 -99 -99 -99 -99 -99 -99 -99 -99 -99
-99 -99 -99 -99 -99 -99 -99 -99 -99 -99 0.650752085543298 -99 -99 -99 -99
-99 -99 -99 -99 -99 -99 -99 -99 0.191592134598767 -99 -99 -99 -99 -99 -99
-99 -99 1.57408158778922 -99 -99 -99 -99 -99 -99 -99 -99 -99 -99 -99 -99
-99 -99 -99 -99 -99 -99 -99 -99 -99 -99 -99 -99 -99 -99 -99
-99 -99 3.13484164967864 -99 -99 -99 -99 -99 -99 3.05616828476945 -99 -99 -99 -99 -99
-99 -99 -99 -99 -99 -99 -99 -99 -99 -99 -99 -99 -99 -99 -99
-99 -99 -99 -99 -99 -99 -99 -99 -99 -99 -99 -99 -99 -0.869406857994895 -99
-99 -99 -99 -99 -99 2.50493674367699 -99 -99 -99 -99 -99 2.16621971702839 -99 -99 -99
-99 -99 -99 -99 -99 -99 -99 -99 -99 -99 -99 -99 -99 -99 -99
-99 -99 -99 -99 -99 -99 -99 -99 -0.529108825998719 -99 -99 -99 -99 -99 0.844525418122479
-99 -99 -99 -99 -99 -99 -99 -99 0.970458687459903 -99 -99 -0.257531628174875 -99 -99 -99
-99 -99 -99 -99 -99 -99 1.69416579347935 -99 -99 -99 -99 -99 2.86299922346758 -99 -99
-99 2.13014888321413 1.76243141568868 -99 2.23503372067027 -99 -99 -99 -99 -99 -99 -99 -99 -99 -99
1.59548482953263 -99 -99 -99 -99 2.29622545496896 -99 -99 -99 -99 -99 -99 2.56430814523588 -99 -99
-99 -99 -99 -99 -99 -99 -99 -99 -99 -99 0.501557715384974 -99 -99 -99 -99
-99 -99 -99 -99 -99 -99 -99 -99 -99 -99 -99 -99 -99 -99 -99
-99 -99 -99 -99 -99 -99 -99 -0.755192608871778 -99 -0.279651160677846 -99 -99 -99 -99 -99
-99 1.41087577302562 0.968529533489727 -99 -0.506533876192667 -99 -99 -99 -99 -99 -99 -99 -99 -99 2.07515559733809
-99 -99 -99 -99 -99 -99 -99 -99 -99 -99 -99 -99 2.01113061446335 -99 -99
-99 -99 -99 -99 -99 2.71983241031843 -99 -99 -99 -99 -99 -99 -99 -99 -99
-99 -99 -99 -99 -99 -99 -99 -99 -99 -99 -99 4.44263661970296 0.894002203937729 -99 -99
-99 -0.468291596978734 -99 -99 -99 -99 -99 -99 -99 -99 1.73964393939651 -99 -99 -99 -99
-99 -99 -99 -99 -99 -99 -99 -99 -99 -99 -99 -99 -99 -99 -99
-99 -99 -99 -99 -99 -99 -99 0.448897629308392 -99 -99 -99 -0.147085758861755 -99 -99 2.05645679622655
-99 -99 -99 -99 -99 -99 -99 -99 -99 -99 -99 -99 -99 -99 -99
-99 -99 -99 1.01495892059317 -1.06911877225711 -99 -1.88656817555423 -99 -99 -99 -99 -99 -1.13219834048119 -99 -99
0.451259806303905 -99 -99 -99 -99 -99 1.70113722133786 -99 -99 -99 -99 -99 -99 -99 -99
-99 1.04457393822958 -99 -99 -99 -99 -99 -99 -99 -99 -99 2.44107184293737 -99 -99 -99
-99 -0.0450155338002416 -99 -99 -99 -99 -99 -99 -99 -99 -99 -99 -99 3.70405738623046 -99
-99 1.17217469242788 -99 -99 -99 2.36308353604304 -99 -99 -0.340520048817506 -99 -99 -1.09354016775607 -99 -99 -99
-99 -99 -99 -99 -99 -99 -99 -99 -99 -99 -99 -99 -99 -99 -99
-99 -99 -99 -99 1.57466499092628 -99 -99 -99 -99 -99 -99 3.87022029252593 -99 3.94291053044455 -99
-99 -99 -99 -99 -99 -99 -99 -99 -99 -99 -99 -99 -99 5.67933813447887 -99
-99 1.40042349284328 1.82996937317481 -99 -99 3.14612649555218 -99 -99 -99 -99 -99 -99 -99 -99 0.984250871855254
2.33714755155703 -99 -99 -99 2.99335329519542 -99 -99 -99 -99 -99 -99 -99 -99 -99 -99
