-99 -99 1.7315742799046 -99 -99 -99 -99 -99 -99 -99 -99 -99 -99 -99 -0.223999805771997
-1.20476962309236 -99 -99 -99 -0.258048141214707 -0.221431924145845 -99 -0.53282031469293 -99 -99 -99 -99 -99 -99 -99
-99 -99 -99 -99 1.43421143771464 -99 -99 -99 -99 -99 -99 -99 -99 -99 -99
-99 -99 0.943925730900003 -99 -99 -99 -99 1.79669441445678 -99 -99 -99 -99 -99 -99 -99
-99 -99 -1.26294447619377 -99 -99 -99 -99 -0.8640372312097 -99 -99 -99 -99 -99 -99 -99
-99 -99 -99 -99 -99 -99 -99 -99 -99 -99 -99 -99 -99 -99 -99
-99 -99 -99 -99 -99 -99 -99 -99 -99 -1.58568130423894 -99 -99 -99 -99 -99
-99 -99 -99 2.17238576075724 -99 -99 -99 -99 -99 -99 3.20726893171236 -99 -99 -99 -99
-99 -99 -99 -99 -99 -99 2.02770610322848 -99 -99 -99 -99 -99 -99 -99 -99
2.64464498453761 -99 -99 2.98410298653629 1.29490296142692 -99 -99 -99 -99 -99 0.438646216642324 -99 -99 -99 -99
-99 -99 -99 -99 -99 -99 -99 -99 -99 -99 -99 -99 -99 -99 -99
-99 -99 0.509397769782976 -99 -99 -99 -99 -99 2.30278871006141 -99 -99 -99 -99 -99 -99
-99 -99 -99 -99 2.63538611225456 -99 -99 -99 -99 -99 -99 -99 -99 -99 -99
-99 -99 -99 -99 -99 -99 -99 -99 -99 -99 -99 -99 -0.479525603099396 -99 -99
-99 -99 -99 -99 -99 -99 1.51999959071546 -99 -99 -99 -99 -99 -99 -99 -99
-99 -99 -99 -99 -99 -99 -99 -99 -99 -99 -99 -99 -99 -99 -99
-99 -99 -99 -99 -99 -99 -99 -99 -99 -99 -99 0.932690235998634 -99 -99 -99
-99 -99 -99 -99 -99 -99 -99 -99 -99 -99 -99 -99 -99 1.75565751641565 -99
-99 -99 0.408201326829604 -99 -99 -99 -99 -99 -99 -99 -99 -99 -0.0288523951742552 -0.433011487035103 -99
-99 2.58422739292756 -99 1.78803040482981 -99 -99 -99 -99 -99 -99 -99 -99 -99 -99 -99
-99 -99 -99 -99 -99 -99 1.04543454076221 -99 -99 -99 -99 -99 -99 -1.79739793129505 -99
-99 -99 0.744532526740964 -99 -99 -99 -0.109456284009633 -99 -99 -99 -99 -99 -99 -99 -99
-99 -99 -99 -99 -99 -99 -99 -99 -99 3.20775055851746 -99 0.516399910158619 -99 -99 -99
-99 -99 -99 1.86610962724481 -99 -99 -99 -99 -99 -99 -99 -99 -99 -99 -99
-99 -99 -1.03329796745025 -99 -99 -99 -99 -99 -99 -99 -99 -99 -99 -99 -99
-99 -99 -99 -99 -99 -99 -99 -99 1.5123975319724 -99 -99 -99 -99 1.87276858872693 -99
-99 1.23398853308503 -99 -99 -99 -99 -99 -99 -99 -99 -99 -99 -99 0.03001135313638 -99
1.77958758605718 -99 -99 0.109426202555982 -99 -99 -99 -99 -99 -99 -99 -99 -99 -99 -99
-99 -99 -99 -99 -99 -99 -99 -99 -99 -99 -99 -99 -99 -99 -99
-99 -99 -99 -99 -99 -99 -2.18060867095371 -99 -99 0.26473214976002 -99 -99 -99 -99 -99
-99 1.57700530809298 -99 -99 -99 2.47527169805021 -99 -99 -99 -99 -99 -99 -99 1.07876375535728 -99
-99 0.227153401487371 -99 -99 -99 -99 -99 -99 -99 1.13659179353566 -99 -99 2.37431149626429 -99 -0.00950645392113492
-99 -99 -99 -99 -99 -99 -99 -99 -99 -99 -99 -99 -99 -99 2.9248317072539
-99 -99 -99 -99 -99 -99 -99 -99 -99 -99 -99 -99 -99 -99 -99
-99 -99 -99 -99 -99 -99 -99 -99 -99 -99 -99 -99 -99 -99 -99
-99 -99 -99 -99 -99 -99 -99 -99 2.2488895121499 0.598868052762719 -99 -99 -99 -99 -99
1.42872851437131 -99 -99 -99 -99 -99 -99 -99 0.426836619312065 2.45825913179553 -99 0.428166484024233 -99 -99 -99
-99 -99 -99 -99 -99 0.459283644499256 -99 -99 -99 -99 2.99621956661269 -99 -99 -99 -99
-99 -99 -99 -99 -99 -99 -99 -99 2.03325667434367 -99 -99 -99 -99 -99 -99
-99 -99 2.77445126435509 -99 -99 -99 -99 -99 -99 -99 -99 -99 -99 -99 -99
-99 -99 0.409868667419117 -99 -99 -99 -99 -99 -99 -99 -99 1.50355883698448 -99 -99 -99
-99 -99 -99 -99 -99 -99 -99 -99 -99 -99 -99 -99 -99 -99 -99
-99 -99 -99 -99 -99 -99 -99 -99 -99 -99 -2.1620174441909 -99 0.457223765356708 -99 -99
-99 -0.521311342155949 -99 -99 -99 -99 -99 -99 -99 -99 -99 1.41021210506619 -99 -99 -99
-99 -99 -99 -99 -99 -99 -99 -99 -99 -99 -99 -99 -99 -99 -99
-99 -99 -99 -99 -99 -99 -99 -99 2.2577101413524 -99 -99 -99 -99 -99 1.8402893920914
-99 -99 -99 -99 -99 -99 -99 -99 -99 -99 -99 -99 -99 -99 -99
2.60176770377089 -99 -99 -99 -99 -99 -99 -99 -99 -99 -99 -99 -99 3.38387483207808 -99
-99 -99 -99 -99 -99 -99 -99 -99 -99 -99 2.85205787902812 -99 -99 -99 -99
-99 -99 -99 -99 -99 -99 3.56669606396687 -99 -99 -99 -99 -99 1.36692049425263 -99 -99
-99 -99 -99 -99 -99 -99 -99 -99 2.29534866425227 -99 -99 -99 1.35198197188115 -99 -99
-99 -99 -99 -99 -99 -99 1.32984876944421 -99 -99 -99 -99 -99 -99 -99 2.01020372466135
-99 -99 -99 -99 -99 -99 -99 -99 -99 -99 1.41003360733734 -99 -99 -99 -99
-99 -99 -99 -99 -99 -99 -99 -99 -99 -99 -99 -99 -99 -99 -99
-99 -99 -0.526071035882777 -99 -99 -99 -99 -99 1.15805071384104 -99 -99 -99 -99 -99 -99
-99 1.50291591026953 -0.310458345769037 -99 -99 -99 -99 -99 -99 -99 -99 -99 1.52614526512032 -99 -99
-99 -99 -99 -2.49622542022173 -0.154157268098315 -99 -99 -99 -99 -99 -99 -1.09886788412987 -99 -99 -99
-99 -99 -99 -99 -0.493479678657514 -99 -99 -99 0.949798525649886 -99 -99 -99 -99 -99 -99
-99 -99 0.61466295607954 1.56591647875003 -99 -99 -99 -99 0.892831662556897 -99 -99 -99 -99 -99 -99
-99 -99 -0.212634113875013 -99 -99 -99 -99 0.403309971437394 -99 0.461943904705126 0.689305546828484 -99 -99 -99 -99
-99 -99 -99 -99 -99 -99 -99 -99 -99 0.426291247639492 -99 -99 -99 -99 -99
-99 -99 -99 -99 -1.33371679282754 -99 -99 -99 0.97564274015173 -99 -99 -99 -99 -99 -99
-99 -99 -99 -99 -99 -99 -99 2.49536166539121 -99 -99 -99 -99 -99 -99 -99
-99 -99 -99 -99 -99 -99 -99 -99 -99 -99 -99 -99 -99 -99 -99
-99 -99 -99 -99 -99 -1.01642766596526 -99 -0.878630137078261 -99 -99 -99 -99 -99 -99 -99
-99 -99 -99 -99 -99 -99 -99 -99 -99 -99 -99 -99 -99 -99 -99
-99 -99 -99 -99 -99 -99 -99 -99 -0.689447516145357 -99 -99 -99 -99 -99 -99
1.5318567923473 -99 -99 -99 1.7309192696361 1.18160930417493 -99 -99 -99 -99 -99 -99 -99 -99 -99
-99 -99 -99 -99 -99 -99 -99 -99 -99 -99 -99 -99 -99 1.73402779008956 -99
-99 -99 -99 -99 -99 -99 -99 -99 -99 -99 -99 -99 -99 -99 -99
1.15086226321483 -99 -99 -99 -99 -99 -99 -99 -99 -99 -99 -99 0.889083537321737 -99 -99
-99 -99 -99 -99 -99 2.18895710851068 -99 -99 -99 -99 -99 -99 -99 -99 -99
-99 -99 -99 -99 -99 -99 -99 2.00117138993805 -99 -99 -99 -99 -99 -99 -99
-99 2.40398034664111 1.5190764965378 -99 -99 -99 -99 -99 -99 -99 -99 -99 -99 -99 -99
-99 -99 -99 -99 -99 -99 -99 -99 -99 -99 -99 -99 -99 -99 -99
-99 -99 -0.698703027584653 -99 -99 -99 -99 -99 -99 -99 -99 -99 -99 -99 -99
-99 -99 -99 -99 -99 -99 -99 -99 1.00759130126657 -99 -99 -99 -99 -99 -99
3.84104058379976 0.85400317406444 -99 -99 -99 -99 -99 -99 -99 -99 -99 -99 -99 -99 -99
-99 -99 -99 -99 -99 -99 -99 -99 -99 2.2671901860161 -99 -99 -99 -99 -99
-99 -99 -99 -99 -99 -99 -99 -99 -99 -99 -99 -99 -99 -99 -99
-99 -99 -99 -99 -99 1.34641827017687 -99 3.04842202239122 -99 -99 -0.136069103365289 0.810139606522129 -99 -99 -99
-99 -99 -99 -99 -99 1.01842596039411 -99 -99 -99 -99 -99 -99 -99 -99 -99
-99 -99 -99 -99 -99 -99 -99 -99 -99 -99 -99 -99 -99 -99 4.10911328781957
-99 -99 -99 -99 -99 -99 -99 -99 -99 -99 -99 -99 -99 -99 -99
-99 -99 -99 -99 4.13347078985891 -99 -99 -99 -99 -99 -99 -99 -99 -99 -99
-99 -99 -99 -99 -99 -99 2.03173824235557 -99 -99 -99 -99 0.876502017309459 -99 -99 -99
-99 -99 -99 -99 -99 -99 -99 -99 -99 -99 2.70197659786292 -99 -99 -99 -99
0.796642992936368 -99 -99 -99 -99 -99 2.30975319248262 -99 -99 -99 -99 -99 2.29443251711725 -99 -99
-99 -99 -99 -99 -99 -0.529132685172188 -1.21183560986398 -99 -99 -99 -99 -99 -99 -99 -99
-99 -99 -99 -99 -99 -99 -99 -99 -99 -0.943456134002039 -99 0.0713558918638312 -99 -99 -99
-99 -99 -99 -99 -99 -99 -0.112272511436679 -99 -99 -99 -99 -99 -99 -99 0.189016750536542
-99 -99 -99 0.340252272698959 -99 -99 -99 -99 -99 -99 -99 -99 -99 -99 -1.58603715764444
-99 -99 -99 -99 -99 -99 -99 -99 -99 -99 -99 -99 -99 0.590263419468295 -99
-99 -99 -99 -99 -99 -99 2.38734463281267 -99 -99 1.56881710616954 -99 0.380658377020231 -99 -99 -99
-99 -99 -99 -99 -99 -99 -0.0990622680969828 -99 -99 -0.198237043699784 -99 -99 -99 -99 -99
-99 -99 -99 -99 -99 -99 -99 -99 -99 -99 -99 -99 -99 -99 -0.847220171383374
-99 -1.38359882247818 -99 -99 -99 -99 -99 -0.0632814767907217 -99 -99 -99 -99 -99 -99 -99
-99 -99 -99 -99 -99 -99 -99 -99 -99 2.18340497398704 -99 -99 -99 -99 -99
-99 -99 -99 -99 -99 -99 -99 -99 -99 2.59562080223468 -99 -99 -99 -99 -99
-99 -99 -99 -99 -99 0.834385699449414 -99 -99 -99 -99 -99 -99 -99 -99 -99
-99 -99 -99 -99 -99 -99 -2.5597222657712 -1.66234794785748 -99 -99 -99 -99 -99 -99 -99
-99 -99 -99 -99 -99 -99 -99 -99 -99 -99 -99 1.19061513104356 -99 0.376033567189779 -99
-99 -99 -99 -99 -99 -99 -99 -99 -99 -99 -99 -99 -99 2.25044409467656 -99
-99 0.588414316737896 -99 -99 -99 -99 -99 -99 -99 -99 -99 -99 -99 -99 -99
-99 -99 -0.975279909779017 -99 -99 -99 -99 -99 -99 -99 -99 -99 -99 -99 -99
-99 -99 -99 -99 -99 -99 -99 -99 -99 -99 -99 -99 -99 -99 -99
-99 -99 -99 -99 -2.37528956900061 -99 -99 -0.304776371092416 -99 -0.39664887822449 -99 -99 -99 -99 -99
-99 -99 -99 -99 -99 1.45170984995218 -99 -99 -99 -99 -99 -99 -99 -99 -99
-99 -99 -99 1.51809290638396 -99 -99 -99 -99 -99 -99 -99 -99 -99 -99 -99
-99 -99 -99 -99 -99 -99 -99 -99 -99 -99 -99 -99 -99 -99 0.936053756732464
-99 -99 -99 -99 -0.354084436619119 -99 -99 -99 -99 -99 -99 -99 -99 1.11919169376177 -99
-99 -99 -99 -99 -99 -99 -99 -99 -99 -99 -1.38658838881016 -99 -99 -99 -99
-99 -99 -99 -99 -99 -99 -99 -99 1.55053533386063 -99 -99 -99 -99 -99 -99
-99 -99 -99 -99 -99 -99 -99 -99 3.05773780335889 -99 -99 -99 -99 -99 1.50984718463221
-99 -99 -0.641159934357302 -99 -99 -99 -99 -99 -99 -0.546329599358251 -99 -99 -99 -99 -99
-99 -99 0.166042184770223 -99 -99 -99 -99 -99 3.34549304790921 -99 -99 -99 -99 0.85125897983277 0.620944631482079
-99 -99 -99 -99 -99 -99 -99 -99 -99 -99 0.616450734136568 -99 -99 0.0942441123663214 -99
-99 -0.0140727356195787 -99 -99 -99 -99 -99 -99 -99 -99 -99 -99 -99 -99 -99
-99 -99 -99 -99 -99 -99 -99 0.571319284965202 -99 -99 -99 -99 -99 -99 -99
-99 1.11551904885744 -99 -99 -99 -99 -99 -99 -99 -99 -99 1.62889377040833 -99 -0.959469539955902 -99
2.01988492329423 3.82938819437465 -99 -99 -99 -99 -99 -99 -99 -99 -99 -99 -99 -99 -99
-99 -99 1.31586163369516 -99 -99 -99 -99 -99 -99 -99 -99 -99 -99 -99 -99
1.15970737800914 -99 -99 1.78371416535044 -99 -99 -99 -99 -99 -99 -99 -99 -99 -99 0.10991737523843
2.3322092922834 -99 -99 -99 -99 -99 -99 -99 -99 -99 -99 1.11737794853342 -99 -99 2.08572431345792
-99 0.453401592816934 -99 -99 -99 -99 -99 -99 -99 -99 -99 -99 -99 -99 -99
-99 -99 -99 -99 -99 -99 -99 -99 -99 -99 -99 1.61648206252315 -99 -99 -99
-99 -99 -99 -99 -99 -99 -99 -99 -99 -0.423527718770249 -99 1.02888483221301 -99 -99 -99
-99 -0.00152596877204614 -99 -99 -0.693991738456634 -99 -99 -99 -99 -99 -0.39757867015206 -99 -99 -99 -99
-99 -99 -99 -99 -99 -99 -99 -99 -99 -99 -99 3.2075532345137 -99 1.84591430034513 -99
-99 -99 -99 -99 -99 -99 -99 0.2755072598911 -99 -0.545747915363177 -99 -99 -99 -0.0887164262892517 -99
-99 -99 -99 -99 -99 -99 -99 2.17850770515361 -99 -99 -99 -99 -99 -99 -99
-99 2.25216812513512 -99 -99 -99 -99 -99 -99 -99 -99 -99 -99 -99 -99 -99
-99 -99 -99 -99 -99 -99 -99 -99 -99 -99 -99 -99 -99 0.782693033834926 -99
-99 -99 -99 -99 -99 -99 -99 -99 -99 -99 -99 -99 -99 -99 -99
-99 -99 -99 -0.813606794169053 -99 -99 -99 -99 -99 -99 -99 -99 -99 0.853961582561633 -99
-99 -99 0.215716946946807 -99 -99 -99 -99 -99 -99 -99 -99 -99 -99 -99 -99
2.29754061227572 -99 -99 -99 -99 -99 -99 -99 -1.12684881477538 -99 -99 -99 -99 -99 -99
-99 -99 -99 -99 -99 -99 -99 -99 1.95655313815258 -99 -99 -99 2.26582003602506 -99 -99
-0.165284641346943 -99 0.809231586352278 -0.978679255455554 -1.11617018735256 -99 -99 -99 -99 -99 -99 -99 -99 -99 -99
-0.495137251109015 -99 -99 -99 -99 -99 -99 -99 -99 -99 -99 -99 -99 -99 -99
-99 -99 -99 -99 -99 -99 -99 -99 -99 -99 -99 -99 -99 -99 -99
-99 -99 -99 -1.20416607860028 -99 -99 -99 -99 -0.808500212663194 -99 -99 -99 -99 -99 -99
0.187198033649477 -99 -99 -99 -99 -99 -99 -99 -99 -99 -99 -99 -99 1.26475085252327 -99
-99 -99 -99 -99 -99 -99 -99 -99 -99 -99 -0.445213430759396 -99 -1.18297097465413 -99 -99
-99 -99 -99 -99 1.85986064547588 -99 -99 -99 0.145044273363469 -99 1.91064220325899 -99 -99 -99 -99
-99 -99 -99 -99 -99 -99 -99 -99 -99 -99 0.779987350786094 -99 -99 -99 -99
-99 -99 -99 0.0987932382285537 -99 -99 -99 -99 -99 -99 -99 -99 -99 -99 -99
-99 -99 -99 -99 -99 -99 -99 1.31294044673098 -99 -99 -99 -99 -99 -99 -99
-99 -99 -99 -99 -99 -99 -99 -99 -99 -99 -99 -99 -99 -99 -99
-99 1.50309735726862 -99 -99 -99 -99 0.358785443841943 -99 -99 -99 -99 -99 0.0412247362852088 -99 -99
-99 -99 -99 -99 -99 -99 -99 -99 -99 -99 -99 -99 -99 -99 -99
-99 -99 -99 -99 -99 -99 -1.51366611666121 -99 -99 -99 -2.40473545102556 -99 -99 -99 -2.51064549292804
-99 1.69406270927192 2.19462174351978 -99 -99 1.62979564744167 0.777901224051474 -99 -99 -99 -99 0.0508665911461909 -99 -99 -99
-99 -99 -99 -99 -99 -99 1.03730622000359 -99 -99 -99 -99 -99 -99 -99 -99
-99 -99 -99 -99 -99 -99 -99 -99 -99 -99 -99 -99 -99 -99 -99
-99 -99 -99 2.31414930634506 -99 -99 -99 -99 -99 -99 -99 -99 -99 -99 -99
-99 -99 -99 -99 -99 -99 -99 -99 -99 -99 -99 -99 1.80966910287739 -99 -99
-99 -99 -99 -99 -99 -99 -99 -99 -99 -99 -99 -99 -99 -99 -99
-99 -99 -99 -99 -99 -99 -99 2.41416089853072 -99 -99 -99 -99 -99 -99 -99
1.8258057677159 -99 -99 -99 -2.08240486406464 2.35214561335605 1.05431363038418 -99 -99 -99 -99 -99 -99 -99 -99
-99 0.97557137222467 0.282126980643685 -99 -99 -0.430676779169859 -99 -99 -99 -99 -99 -99 -99 -0.474288556024815 -99
-99 -99 -99 -99 -99 -99 -99 -99 -99 -99 1.85569168450691 -99 -99 -99 -99
-99 3.6092877615504 -99 -99 -99 -99 -99 -99 -99 -99 -99 5.14296718727669 1.10848624500043 -99 -99
0.349534252501788 -99 -99 -99 -99 -99 -99 -99 -99 -99 -99 -99 -99 -99 -99
-99 0.578251501885023 -99 -99 -99 -99 -99 -99 -99 -99 -99 1.4186003196503 -99 -99 -99
-99 -99 -99 -99 -99 -99 0.632838116313933 -99 -99 -99 -99 -99 -99 1.00578607591938 -99
1.78039677810922 -99 -99 -99 -99 -99 -99 -99 -99 2.79696370773274 -99 3.12549012119021 -99 -99 -99
-99 -99 -99 -99 3.69993330341674 -99 -0.211554710503975 -99 -99 -99 -99 -99 3.06095066890634 -99 -99
-99 -99 -99 -99 -99 -99 -99 -99 -99 3.35423916510535 -99 -99 -99 -99 -0.191324303047391
-99 -99 -99 -99 -99 -99 -99 -99 -99 -99 -99 -99 -99 -99 -99
-99 0.00399098384682095 -99 -99 -99 -99 -99 -99 -99 -99 -99 -0.487880430647585 -99 -99 -99
-99 -99 -99 -99 -99 -99 -99 -99 -99 0.199643752893421 2.12040485420035 -99 -99 -99 -99
-99 -99 -99 -99 -99 -99 -99 -99 -99 -99 -99 -99 -99 -99 -99
-99 0.0323927696524074 -99 -99 -99 -99 -99 -99 -99 -99 -99 1.74336214144689 -99 -99 -99
-99 -99 -99 -99 -99 -99 -99 -99 2.41328922474873 -99 4.05579992865825 -99 -99 -99 -99
-99 -99 -99 -99 -99 -99 -99 -99 -99 0.071703515285374 -99 -99 -99 -99 -99
-99 1.33987672705562 -99 -99 -99 -99 -99 -99 -99 -99 -99 -99 -99 -99 -99
-99 -99 -99 -99 -99 -99 -99 -99 -99 -99 -99 -99 -99 -99 -99
-99 -99 -99 -99 -99 -99 -99 -99 0.285781714335576 -1.06441597740029 -99 -99 -99 -99 -99
-99 -99 -99 -99 -99 2.96867808446702 -99 1.13118535664865 -99 2.23640567022334 -99 -99 -99 -99 -99
-99 -99 -99 -99 -99 1.82700351029776 -0.560808359335001 -99 -99 -99 -99 -99 1.42877442796564 -99 -99
2.78134528827904 -99 -99 -99 -99 -99 -99 -99 -99 -99 -99 -99 0.848903459645254 -99 -99
-99 0.320977450266954 -99 -99 -99 1.8770078018754 -99 -99 -99 -99 1.31956026329706 -99 -99 -99 -99
-99 3.50881361769807 -99 -99 -99 -99 -99 -99 -99 -99 -99 2.42135291912502 -99 -99 -99
0.849170675099418 -99 -99 -99 -99 -99 -99 -99 1.65313580592735 -99 -99 -99 1.32343511158279 -99 -99
-99 -99 -99 -99 -99 -99 -99 -99 -99 -99 -99 -99 -99 0.490138728587534 -99
-99 -99 -99 -99 -99 -99 -99 -99 -99 -99 -99 -99 -99 -99 -99
-99 -99 -99 -99 -99 -99 -99 -99 -99 -99 -99 -99 -99 -99 -99
-99 -99 -99 -99 -99 -99 -99 1.73637267956927 -99 -99 -99 -99 -99 -99 -99
-99 -99 -99 -99 -0.370381592938663 -99 -99 -99 -99 -99 -99 -99 -99 0.744076964378637 -99
-99 -99 -99 -99 -99 -99 -99 1.80732330137839 -99 -99 -99 2.31683114067659 -99 -99 -99
1.00530807581072 -99 -99 -99 -99 -99 -99 1.59689802302819 -99 -99 -99 1.31596296955654 -99 -99 -99
-99 -99 -99 -99 -99 -99 -99 -99 -99 -99 -99 -99 -99 -99 -99
-99 -99 -99 -1.34568046007752 0.0295139504136813 -99 -99 -99 -99 -99 -99 -99 -99 -99 -99
-99 -99 -99 -99 -99 -99 -1.87120489603101 -99 -99 -99 -99 -99 -99 -1.04662021362857 -99
-99 -99 3.01370656357847 -99 -99 -99 -99 -99 -99 -99 -99 -99 -99 -99 -99
-99 -99 -99 -99 -99 0.224924995738233 -99 -99 -99 -99 -99 -99 -99 -99 -99
-99 -99 -99 -99 -99 -99 -99 -99 -99 -99 -99 -99 -99 -99 2.15466505527699
-99 -99 -99 -99 -99 1.37867891184913 -99 -99 -99 -99 -99 -99 -99 -99 -99
-99 -99 -99 -99 -99 -99 -99 -99 -99 -99 -99 -99 -99 -99 -99
-99 -99 -99 -99 -99 -99 -99 -99 -99 -99 -99 -99 -99 -99 -99
-99 -99 -99 -99 -99 -99 -99 -99 -99 -99 -99 -99 -99 -99 -99
-99 -99 -99 -99 -99 -99 -99 -99 -99 -99 -99 -99 -99 -99 -99
-99 -99 -99 -99 -99 -99 -2.19878182327781 -99 -3.13046151520592 -99 -99 -99 -99 -99 -99
3.5145392789213 -99 -99 -99 -99 -99 2.17693497588529 -99 -99 -99 -99 -99 -99 -99 -99
-99 -99 -99 -99 -99 -0.0586083580023533 -99 -99 -99 -99 -99 -99 -99 4.86865003418752 -99
-99 -99 -99 -99 -99 -99 -99 -99 -99 -99 -99 -99 -99 -99 -99
-99 -99 -99 -99 -99 -99 -99 -1.7752571136701 -99 -99 -99 -99 -99 -99 1.14530126413007
1.71858028894956 -99 1.79928582503908 -99 -99 -99 -99 -99 -99 -99 -99 1.10055087620668 -99 -99 -99
-99 -99 -99 -99 -99 -99 0.952173127230732 -99 -99 -99 -99 -99 -99 -99 -99
-99 -99 -99 -99 -99 -99 -99 -99 -99 -99 -99 -99 -99 -99 -99
-99 -99 -99 -99 -99 -99 -99 -99 -99 -99 4.32277013704821 -99 -99 -99 -99
-99 -99 -99 -99 -99 -99 -99 -99 -99 -99 1.80366536610829 -99 -99 -99 -99
-99 -99 -99 -99 -99 -99 -99 2.57500958445335 -99 -99 -99 -99 -99 -99 -99
-99 -99 -99 -99 -99 -99 -99 -99 -99 -99 -99 -99 -99 -99 -99
-99 -99 -99 -99 -99 -99 3.23015802258705 0.99310297021526 -99 -99 -99 -99 -99 -99 -99
-99 -99 -99 -99 -99 -99 -99 -99 2.5074556680104 -99 -99 -99 -99 -99 -99
-99 -99 -99 -99 -99 -99 -99 -99 -99 -99 -99 -99 -99 -99 -99
-99 -99 -99 -0.0614568893094614 -99 -99 2.07064752412008 -99 -99 -99 2.84984706431968 -99 -99 -99 -99
-99 -99 -99 -99 -99 -99 -99 -99 -99 -99 -99 -99 -99 -99 3.29409144881744
-99 -99 -99 -99 -99 -99 -99 -99 -99 0.166098426857999 -99 -99 -99 0.818540452680849 -99
1.73261087080479 -99 0.0532137555827576 -99 -99 -0.350142669263865 -99 0.402593902707992 -99 -99 -99 -99 -99 -99 -99
-99 -99 -99 -99 -99 -99 -99 -99 0.976611167036513 -99 -99 -99 -99 -99 -0.291377381379105
-99 -99 -99 -99 -99 -99 -99 -99 -99 -99 -99 -99 -99 -99 -99
-99 -99 -99 -99 -99 -99 -99 -99 -99 -99 -99 -99 1.65188369613014 -99 -99
-99 -99 1.36387219181865 -99 -99 -99 -99 -0.255627886896824 -99 1.05010935564741 -99 -99 -99 -99 -99
-99 -1.42616370697227 -99 -0.747346758241328 -99 -99 -99 -0.710916815422386 -99 -99 -99 -99 -99 0.0255770869429797 -99
-99 -99 -99 -99 -99 -99 -99 -99 -99 -1.04090550856503 -99 -99 -99 -99 -99
-99 -99 0.945686978814316 -99 -99 -99 -99 -99 -99 1.09954584585031 -99 -99 0.608159788728051 -99 -99
-99 -99 -99 -99 -99 -99 -99 -0.795320008821121 -1.1179796764356 -99 -99 -99 -99 0.0556272587137183 -99
-99 -99 -99 -99 -1.32869141856757 -99 -99 -99 -99 -99 -99 -99 -99 -99 -99
-99 -99 -99 -99 -99 2.22958541124518 -99 -99 -99 -99 -99 -99 -99 -99 -99
-99 -99 0.930671667094247 -99 -99 -99 -99 -99 -0.162118708386992 -99 -99 -99 -99 0.898999932269901 -99
-99 -99 -99 -99 -99 -99 -99 -99 2.1747370903637 -99 0.802363291843491 -99 -99 -99 -99
-99 -99 -99 -99 -99 -99 -99 -99 -99 -99 -99 -99 -99 -99 -99
3.68776384471667 -99 -99 -99 -99 1.64639837485737 -99 -99 -99 -99 4.85114276187808 -99 -99 -99 -99
-99 -99 -99 1.87211346997293 -99 -99 -99 -99 -99 -99 0.708678083042477 -99 2.11382315669333 -99 -99
-99 0.347738572271902 -99 -99 -99 -99 -99 -99 -99 -99 -99 -99 -99 -99 -99
-99 -99 -99 -99 -99 -99 -99 -99 -99 -99 -99 -99 -99 -99 -99
-99 -99 -99 -99 1.77223297076873 -99 -99 -99 -99 -99 -99 -99 -99 -99 -99
-99 -99 -99 -99 -99 -99 -99 -99 -99 -99 -99 -99 -99 -99 2.27477148179575
-99 -99 -99 -99 -99 -99 -99 -99 -99 -99 -0.717838918956075 -99 -99 -99 -99
-99 -99 -99 -99 -99 -99 -99 -99 -99 -99 -99 -99 -99 -99 -99
-99 -99 -99 -99 -99 1.64434252754275 0.885485386203768 -99 -99 4.09035948762727 -99 2.190514167238 -99 -99 -99
-99 -1.5124622079065 -99 -99 -99 -99 -99 -99 -99 -99 -99 -99 -99 -99 -99
-99 -99 -99 -99 -0.200800311627024 -99 -99 -99 -99 -99 -99 1.58740752095608 -99 -99 -99
-99 1.42888794369054 -99 -99 -99 2.0396781146721 0.0383680532871841 -99 -99 -99 -99 -99 -99 -99 -99
-99 -99 -99 -99 -99 -99 -99 -99 -99 -99 -99 -99 -99 -99 -99
3.66719187798457 -99 -99 -99 -99 2.77681986017828 -99 -99 -99 -99 -99 -99 -99 -99 -99
-99 -99 -99 -99 -99 -99 -99 -99 -99 -99 -99 0.268558803845973 -99 -99 -99
-99 -99 -99 -99 -99 -99 -99 -99 -99 -99 -99 -99 -99 -99 -99
-99 -99 -99 -99 -99 -99 3.17339404809921 -99 -99 -99 -99 -99 -99 -99 -99
-99 -99 -99 -99 -99 -99 -99 -99 -99 -99 -99 2.46836216248173 -99 -99 -99
-99 -99 -99 -99 -99 -99 -99 -99 -99 -99 -99 -99 -1.02087180940865 -99 -99
-99 -99 -99 -99 -99 -99 -99 -99 -99 -99 -99 -99 -99 -99 -99
0.482402478113212 -99 -99 -99 -99 -99 -99 -99 -99 -99 -99 -99 -0.38312270178182 -99 0.270619000975437
-99 -99 -99 1.67099768588236 -99 -99 1.84318717343805 -99 -99 -99 -99 -99 -99 -99 1.4001435585777
-99 0.257991055561599 -99 -99 -99 -99 -99 -99 -99 -99 -99 -99 -99 -99 -99
-99 1.28905045215144 -99 2.62253654624423 -99 -99 -99 -99 -99 -99 0.88841770274652 -99 -99 -99 -99
1.6569409081229 -99 -99 -99 -99 -99 2.46309936074708 -99 -99 -99 -99 -99 -99 -99 -99
-99 -99 -99 -99 -99 -99 -99 -99 -99 -99 -99 -99 -99 -99 -99
-99 -99 -99 -99 -99 -99 -99 -99 -99 -99 -99 -99 1.6066880925064 0.0734484724817107 -99
-99 -99 -99 -99 -99 -99 -99 -99 -99 -99 -99 -99 -99 -99 -99
-99 -99 -99 -99 -99 -99 1.58062959604057 -99 -99 -99 0.598870949646825 -99 -99 -99 -99
-99 4.44983884753256 -99 -99 -99 -99 -99 -99 1.30064421635462 -99 -99 -99 -99 -99 2.01259250376519
-99 -99 -99 -99 -99 -99 -99 -99 0.157442774213957 -99 -99 -99 -99 -99 -99
1.78213038150025 -99 -99 -99 -99 -99 -99 -99 -0.0857589539470542 -99 -99 -0.264879710681778 -99 -99 0.00604525917246912
-99 -99 -99 -99 -99 3.08562813191073 -99 4.28353296240337 -99 -99 -99 -99 -99 -99 -99
-99 -99 -99 -99 -99 -0.0751013270880738 -99 -99 -99 -99 -99 -99 -99 -99 -99
-99 -1.59216774047747 -99 -99 -99 -99 0.578444401699295 -99 -99 -0.919237489465758 -99 -99 -99 -99 -99
-99 -99 -99 -0.251701703240804 -99 -99 -0.158761695988368 -99 -99 0.220829811414461 -99 -99 0.169675118011442 -99 -99
-99 -99 -99 -99 -99 -99 -99 1.51493486325422 -99 -99 2.974084826654 -99 -99 -99 -99
-99 -99 -99 -99 -99 -99 -99 -99 -99 -99 -99 -99 -99 -99 -0.343420471359171
-99 -99 -99 -99 -99 -99 -99 -99 -99 -99 -99 -99 -99 -99 -99
-99 -99 -0.845050451179314 -99 0.811402931410512 -99 -99 -99 -99 -99 -99 -99 -99 -99 -99
-99 -99 -99 -99 2.17225447945767 -0.395877413791336 -99 -99 -99 -99 -99 -99 2.18311509039576 1.35955452724757 -99
-99 -99 -99 -99 -99 -99 -99 -99 -99 -99 -99 -99 -99 4.47555660967862 -99
-99 -99 -99 -99 -99 0.0520525076871011 0.0176174185145163 -99 1.98046911947173 -99 -99 0.114582340722377 -99 -99 -99
-99 -99 -99 0.757302678174628 -99 -99 -99 -99 -99 -99 -99 -99 -99 -99 -99
-99 -99 -99 -99 -99 -99 -99 -99 -99 -99 -99 -99 -99 -99 -99
-99 -99 -99 -99 -99 -0.361044204620245 -99 -99 -99 -99 -99 -99 -99 -99 -99
-99 -99 -99 -99 -99 -99 -99 -99 -99 -99 -99 -1.49535003750726 -99 -99 -99
-0.958084919928323 -0.84691417454139 -99 -99 -99 1.08444863951178 -99 -99 -99 -99 -99 0.460340672593338 -99 -99 -99
-99 -99 -99 -99 -99 -99 -99 -99 -99 -99 -99 -99 -99 1.53949979668147 -99
-99 -99 -99 -99 -99 1.46395030898896 -99 -99 -99 -99 -99 -99 -99 -99 -99
-99 -99 -99 -99 -99 -99 3.19414309941259 -99 -99 -99 -99 -0.556517833749084 -99 -99 -99
-99 -99 -99 -99 -99 -99 0.322217325178474 -99 -99 -99 -99 -99 -99 -99 -99
0.624635033176923 -99 -0.371975082971055 -99 -99 -99 -99 -99 -99 -99 -99 -99 -99 -99 -99
-99 -99 -99 -99 -99 -99 -99 -99 -99 -99 -99 -99 -99 -99 -99
-0.751791715263527 -99 -99 -99 -99 -99 -99 -99 -0.331553131665453 -99 -99 -99 -99 -99 -99
-99 -99 -99 -99 -99 -0.166701155512011 -99 -99 -99 -99 -99 -99 -99 -99 -99
-99 -99 -99 -99 -99 -99 -99 -99 -99 -99 -99 -99 -99 -99 -99
-99 -99 2.18451325845526 -99 -99 -99 -99 -99 -99 -99 -99 -99 -0.533002384604256 0.251602826624557 -99
-99 -99 -99 -99 -99 -99 -99 -99 -99 -99 -99 -99 -99 -99 2.33191796797854
-99 -1.61936059030422 -99 -99 -99 -99 -99 -99 -99 0.133246710141906 -99 -99 -99 -1.21123505643432 -99
-99 -99 -99 -99 1.28116382604952 -99 -99 -99 -99 -99 -99 -99 -99 -99 -99
-99 -99 -99 -99 -99 -99 -99 -99 -99 -99 -99 -99 -99 -99 -99
-99 -99 -99 -99 -99 -99 -99 -99 -99 -99 -99 -99 -99 -99 -99
-99 -99 -99 -99 -99 -99 -99 -99 -99 -99 -99 -99 -99 -99 -99
-99 -99 -99 -0.603363588295518 -99 -99 -99 1.65504911995091 -99 -99 -99 1.88454639951036 -99 -99 -99
-99 -99 -99 -99 -0.644511901656317 -99 -99 -99 -99 -99 -99 -99 -99 -99 -99
-99 0.0313055498222319 -1.61094936915734 -99 -99 -99 -99 -99 -99 -99 -99 -99 -99 -99 -99
-99 -99 -99 -99 -99 -99 -99 -99 -99 -99 1.51758921561746 -99 -99 -99 -99
-99 -99 -99 -99 -99 -99 -99 -99 -99 -99 -99 -99 -99 -99 -99
-99 -99 -99 -99 -99 -99 -99 -99 -99 -99 -99 -99 -99 -99 -99
-99 2.50773298949434 -99 -99 -99 -99 -99 -99 -99 -99 -99 -99 -99 -99 -99
-99 -99 0.389082440049992 -99 -99 -99 -99 -99 -99 -99 -99 -1.16196297903963 -99 -99 -99
-99 -2.55308811751845 -99 -99 -99 0.805746417594422 -99 -99 -99 0.889868972242086 -99 -99 -99 1.45805276871143 -99
-99 -99 -99 -0.222976048583597 -99 -99 -99 -99 -99 -99 -99 -99 -99 -99 -99
-99 -99 -99 -0.309346242815255 -99 0.44185527060825 -99 -99 -99 1.20594389607769 -99 -99 -99 -99 -99
-99 -99 -99 -99 -99 -99 -99 -99 -0.392699807517732 -99 -99 0.250795536535217 -99 -99 -99
-99 -99 1.13929060546565 -99 -99 -99 -99 -99 -99 -99 -99 -99 -99 -99 1.28625821366205
-99 -99 -99 -99 -99 -99 -99 -99 -99 -99 -99 -99 -99 1.86228212162029 -99
3.56847377339714 -99 -99 -99 -99 -99 -99 -99 -99 2.268935910317 -99 -99 -99 -99 -99
-99 -99 -99 -99 -99 -99 -99 -99 -99 -99 -99 -99 -99 -99 -99
-99 -99 -99 -99 -99 -99 -99 -99 1.73440401377243 -99 -99 -99 -99 -99 1.59321418055064
-99 1.32357241361843 -99 -99 0.191115940175752 -99 -99 -99 0.318235263868197 -99 -99 -99 -99 -99 -99
-99 -99 -99 -99 -99 -99 -99 -99 1.29714752549949 -99 -99 2.86765794644766 -99 -99 -99
-99 -99 -99 -99 -99 -99 -99 -99 -99 -99 -99 -99 -99 -99 -0.125329586250392
1.74934771238622 2.01936313409731 -99 -99 -99 -99 -99 -99 -99 -99 -99 -99 -99 -99 -99
-99 -99 -99 -99 -99 -99 -99 -99 -99 -99 -99 -99 -99 -99 -99
-99 -99 -99 1.20522779844995 -99 -99 -99 -99 -99 -99 -99 -99 -99 -99 -99
-99 -99 0.0944430528129229 -99 -99 -99 -99 -99 -99 -99 -99 -99 -99 2.82811171274859 -99
-99 -99 -99 -0.817471700963748 0.313587958043106 -99 -99 -99 -99 -99 -99 -99 -99 -99 -99
1.75704533288842 -99 -99 -99 -99 -99 -99 -99 -99 -99 -99 -99 -99 -99 -99
-0.0798685618276114 -99 -99 -99 -99 -99 -99 -99 -99 0.999283707491454 -99 -99 -99 -99 -99
-99 -99 -99 -99 -99 -99 1.02211361114102 -99 -99 -99 -99 -99 -99 -99 -99
-99 -99 -99 -99 -99 1.94963375860024 -99 -99 -99 -99 -99 -99 0.0865220485477034 -99 -99
-99 -99 -99 -99 -99 -99 -99 -99 -99 -99 -99 -99 -99 -99 2.21387413671145
-99 -99 -0.0113161283895686 -99 -99 -99 -99 -99 -99 -99 -99 -99 -99 -99 -99
-99 -99 -99 -99 -99 -99 -99 -99 -99 -99 -99 -99 -99 -99 -99
-99 -99 -99 -99 -99 2.41222938583945 -99 -99 -99 -99 -99 -99 -99 -99 -99
-99 -99 -99 -99 -99 -99 -99 -99 -99 -99 -99 -99 -99 -99 -99
-99 -99 -99 0.893293572197776 -99 -99 -99 -99 -99 -99 -99 1.04580528248168 -99 -99 -99
-99 0.395343533155272 -99 -99 1.50115008204613 -99 -99 -99 -99 0.57633147528473 -99 -99 -99 -99 -99
-99 -99 -99 -99 -99 -99 -99 -99 -99 -99 -99 -99 -1.9911747830558 -99 -99
-99 -99 -99 -99 -99 -99 1.67756571150392 -99 -99 -99 -99 -99 -99 -99 -99
-99 -99 -99 -99 -99 1.98224501682999 -99 -99 -99 1.3159934940616 -99 -99 -99 -99 -99
-99 -99 -99 -99 -0.0717915852985984 -99 -0.311260380902604 -99 -99 -99 -99 -99 -99 -99 -99
-99 -99 0.649375075193146 -99 -99 -99 -99 -99 -99 -99 -99 -99 -99 -0.681378634457657 -99
-99 -99 -99 -99 -99 -99 -99 -99 -99 -99 -99 -99 1.45985635865832 -99 -99
-99 -99 -99 -99 -99 -99 -99 -99 -99 -99 -99 -99 -99 -99 -99
-99 -99 -99 -99 2.10811879473783 -99 -99 -99 -99 1.57454142262106 -99 3.42745586737687 -99 -99 -99
-99 -99 -99 -99 -99 -99 -99 -99 -99 -99 -99 -99 -99 -99 -99
-99 -99 -99 -99 -99 -99 -0.701355552692303 -99 -99 -99 -99 -99 -99 -99 -99
-99 -99 -99 -99 -99 -99 -99 1.19404200737606 -99 -99 -99 -99 -99 -99 -99
-99 -99 1.40976499466643 -99 -99 -99 -99 -99 -99 -99 -99 -99 -99 -99 -99
-99 -99 -99 -99 -0.401397232365359 -99 -99 -99 -99 -99 -99 -99 -0.952822443261703 -1.96039618256606 -99
-99 -99 -99 -99 -99 0.115203397481686 -99 -99 -99 -99 -99 -99 -99 -99 -99
-99 -99 -99 -99 -99 -99 -99 -99 -99 -99 -99 -99 -99 -99 -99
-99 1.35374250746893 -99 -99 -99 -99 -99 -99 -99 -99 -99 -99 -99 -99 -99
-99 -99 -99 -99 -99 -99 -99 -99 -99 -99 -99 -99 -99 -99 2.85737249835368
-99 -1.88541862593192 -99 -99 -99 -99 -99 -99 -0.933884058203018 -99 -99 -99 -99 -0.372800249122334 -99
-99 -1.47088207836252 -99 -99 0.311630604266141 -99 -99 -99 2.60391520379681 -99 -99 -99 -99 -99 -99
-99 -99 -99 -99 -99 -99 -99 -99 -99 -99 -99 -99 -99 -99 -99
-99 -99 -99 -99 -99 -99 -99 -99 -99 -99 -99 -99 -99 -99 -99
-0.0722659874709641 -99 -99 -99 -99 -99 -99 -99 -99 -99 -99 -99 -99 -99 -99
-99 -99 -99 -99 -99 -99 -99 -99 -99 -99 -99 -99 -99 -99 -1.37865333554739
-99 -99 -99 -99 -99 -99 -99 -99 -99 -99 -99 -99 2.84541986980782 -99 -99
-99 -99 -99 -99 -99 -99 -99 -99 -99 -99 -99 -99 -99 -99 -99
-99 -99 -99 1.91209870955756 -99 -99 -99 1.78205411715138 -99 2.49751175639043 -99 4.33736648343616 -99 -99 -99
-99 -99 -99 -99 3.08290922835761 -99 3.13155469617591 -99 -99 -99 -99 -99 -99 -99 -99
-99 -99 -99 0.756488628177269 -99 -99 -99 -0.511158032621095 -99 -99 -99 -99 -99 -99 -99
-99 -99 1.22114245841864 -99 -99 -99 -99 -99 -99 -99 -99 -99 -99 -99 -99
-99 -99 -99 -99 -99 1.56061301348792 -99 3.1321576990113 -99 -99 -99 -0.0368097909730389 -99 -99 -99
-99 -99 -99 -99 -99 -99 -99 -99 -99 -99 0.864886818781516 3.21170314995703 1.47449368841843 -99 -99
-99 -99 -99 -99 -99 -99 -99 -99 -99 -99 -99 -99 -99 -99 -99
-99 -99 -99 0.530777555499953 2.13485747273378 -99 -99 -99 -99 -99 -99 -99 -99 -99 -99
-99 -99 0.491268649725542 -99 -99 -99 -99 -99 -99 -0.825547050093809 -99 -99 -99 -99 -99
-99 -99 -99 0.834176574274856 -99 -99 -99 0.265555772426758 -99 -99 -99 -99 -99 -99 -99
-99 -99 -99 -99 -99 -99 -99 -99 -99 -99 -99 -99 -99 -99 -99
0.495744845227932 -0.974360500784758 -99 -99 -99 -99 -99 -99 -99 0.472503310440639 -99 -99 -99 -99 -99
-99 -99 -99 -99 -99 -99 -99 -99 -99 -99 -99 -99 -99 -99 -99
-99 -99 -99 -99 -99 -99 -99 -99 -99 -99 -99 -99 -99 -99 -99
-99 -99 -99 -99 -99 -99 -99 -99 -99 1.988230799495 -99 -99 -99 -99 1.71827103038118
-0.120638139765102 -99 -99 -99 -99 -99 -99 -99 -99 -99 -99 1.02078393212092 -99 -99 -99
-99 -99 -99 -99 -99 0.374755643544978 1.01381298266724 -99 -99 -99 -99 -99 -99 -99 -99
1.52391744893501 0.283230906894732 -99 -99 -99 -99 -99 -99 -99 -99 -99 -99 1.83759700045588 -99 -99
-99 -99 -99 -99 -99 -99 -99 1.09342314647748 -99 -99 -99 -99 -99 -99 -99
-99 2.22315482961497 -99 -99 -99 -99 0.860256499459057 -99 -99 -99 -99 -99 -99 -99 -99
-99 -99 -99 -0.651920548400892 -99 -99 -99 -99 -99 -99 -99 -99 0.740937290180453 2.32432360714036 -99
-99 -99 -0.751568637281034 -99 -99 -99 -99 -99 -99 -99 -99 -99 -99 -99 -99
-99 -99 -99 -99 -99 -99 -99 -99 -99 -99 -99 -99 -99 -99 -99
-99 -99 -99 -99 -99 -99 -99 -99 -99 -99 -99 -99 -99 -99 1.89423640532033
0.097592569759214 -99 -99 -99 -99 -99 1.58245349828084 -99 -99 -99 -99 -99 -99 -99 -99
-99 -99 -99 -99 -99 -99 -99 -99 3.03798679710307 -99 -99 -99 -99 -99 -99
-99 -99 -99 -99 -99 -99 -99 -99 -99 -99 -99 -99 2.40530334346189 -99 -99
-0.923238113870238 -99 -99 -99 -99 -99 -99 -99 -99 -99 -99 -99 -99 -99 -99
-99 -99 -99 -99 -99 0.879950717649193 -99 -99 -99 -99 -99 -99 -99 0.989205056048507 1.32117899600089
-99 -99 -99 -99 -99 -99 -99 -99 -99 -99 0.0575690222052715 -99 -99 -99 -99
-99 -0.0658104415005274 -99 0.536101562093752 -99 -99 -99 -99 -99 -99 -99 -99 -99 -99 -99
-99 -99 -99 -99 -99 -99 -99 -99 -99 -99 -99 -99 -99 -99 -99
-99 -99 -99 -99 -99 -99 -99 -99 -99 -99 -99 -99 -99 -99 -99
-99 -99 -99 -99 -1.51060273076792 -99 -99 -99 -99 -99 -99 -99 -99 -99 -99
-99 -99 -99 -0.353024047661137 -99 -99 -1.21518835722151 -99 -99 -99 -99 1.05607031890209 -99 -99 -99
-99 -99 -99 -99 -99 -99 -99 -99 -0.521063058501076 -99 -99 -99 -99 -99 -99
1.39654245483516 -99 -99 -99 -99 -99 -99 -99 -99 -99 -99 1.50427058436687 -99 -99 2.72856603933206
-1.42708838005513 -99 -99 -99 -99 -99 -99 -99 -99 -99 -99 -99 0.362992442694026 -99 -99
-99 -99 -99 -99 -99 -99 -99 -99 -0.824585566437697 -99 -99 -99 -99 -1.24531152057223 -99
-99 -99 -99 -99 -99 -99 -99 -99 -99 -99 -99 -99 -99 -99 -99
-99 -99 -99 -99 -99 -99 -99 -99 -99 -99 -99 -99 -99 -99 -99
-99 -99 -99 -99 -99 -99 -99 -99 -99 -99 -99 -99 -99 2.29216525403006 -99
-99 -99 -99 -99 2.06424079494446 -99 -99 -99 -0.865162399742877 -99 -99 -99 -99 -99 0.20040204847276
-99 -99 -99 -99 -99 -99 -99 -99 -99 -99 0.198703117043407 -99 -99 -99 -99
-99 -99 -99 -99 -99 -99 -99 0.945318957461171 -99 -99 0.628852731736549 -99 -99 -99 -99
-99 -99 -99 0.959507401317744 2.37075208124137 -99 1.59233673002672 -99 -99 -99 -99 -99 -99 -99 -99
-99 -99 -99 -99 -99 -99 -99 -99 -99 -99 -99 -99 -99 -99 -99
-99 2.18628241169445 -99 -99 -99 -99 -99 2.70194189311472 -99 -99 -99 -99 -99 1.01831785079097 -99
-99 -99 -99 -99 -99 -99 -99 -99 -99 -99 -99 -99 0.514211593406247 -99 -99
-99 2.236648391799 -99 -99 -99 2.1381017270505 -99 -99 -99 -99 -99 -99 -99 -99 -99
-99 -99 1.42364325082654 -99 -99 0.235118706731433 -99 -99 -99 -99 -99 -99 -99 -99 -99
-99 -99 -99 -99 -99 -99 -99 -99 -99 -99 -99 -99 -99 -99 -99
-99 -99 -99 -99 -99 -99 -99 -99 -99 -1.37741888694307 -99 -2.76549481817097 -99 -99 -99
-99 -99 -0.773208919421186 -99 -99 -99 -99 -99 -99 -99 -99 -99 -99 0.99943230706754 -99
-99 -99 -99 -99 -99 -99 -99 -99 -99 -99 -99 -99 0.729500252970329 -99 -99
-99 -99 -99 0.998358835894577 -99 -99 -99 -99 -99 -99 -99 -99 -99 -99 -99
-0.958719626454071 -99 -99 -99 -99 -99 -99 -0.227260815713981 -99 -99 0.876995806330345 0.914130725641431 -99 -99 -99
1.59331380079348 -99 -99 -99 -99 -99 -99 -99 -99 -99 -99 -99 -1.38057173830775 1.05515984743553 -99
-99 0.288838502585034 -99 -99 -99 -99 -99 -99 -99 -99 -99 -99 2.93133562764489 -99 -99
-99 -99 -99 -99 -99 -99 -99 0.0463019513210874 -99 -99 -99 -99 -99 -99 0.164039726754677
-99 -99 -99 1.74625892303397 -99 -99 -99 -99 -99 -99 -99 -99 -99 -99 1.18579559322606
-99 1.45328960302755 -99 -99 -99 -99 -99 -99 -99 -99 -99 -99 -99 -99 -99
-99 -99 1.96826947912665 -99 2.92276337808581 -99 -99 -99 -99 -99 -99 -99 -99 -99 -99
-99 -99 -99 -99 -99 -99 -99 -99 -99 -99 -99 -99 -99 -99 -99
-99 -99 0.96536560654695 -99 -99 -99 -99 -99 -99 -99 -99 -99 -99 0.0193583717899013 -99
-99 -99 -99 -99 -99 -99 -99 -99 -99 -99 -99 -99 -99 -99 -99
-99 -99 -99 -99 -99 -99 -99 -99 -99 -99 -99 -99 -99 2.38557328824768 -99
-99 -99 3.0550406178128 -99 -99 -99 -99 0.124582491418772 0.997300752564606 -99 0.516759905909431 -99 -99 -99 -99
-99 -99 -99 -99 -99 -99 -99 -99 -99 -99 -99 -99 -99 -99 -99
-99 -99 -99 2.50595867900715 -99 -99 -99 -99 -99 1.97852542836692 -99 -99 -99 -99 -99
-99 -99 -99 -99 -99 -99 3.59220885553986 -99 -99 1.62204087571882 0.663529463860036 -99 -99 -99 -99
-99 -99 -99 -99 -99 -99 -99 -99 -99 -99 -99 -99 -99 -99 -99
-99 -99 -99 -99 -2.15474249541285 0.113243834767325 -99 -99 -99 -99 -99 -99 -99 -99 -99
-99 -99 -0.458654315833346 -99 -99 -99 -99 -99 -99 -99 -99 -99 -99 -99 -99
-99 -99 -99 -99 -99 -99 -99 -99 -99 -99 -99 -99 -99 -99 -99
-99 -99 -99 -99 -99 -99 -1.67058306837539 -99 -99 -99 -99 -99 -99 -99 -99
-99 -99 -99 2.15565184574986 -99 -99 -99 2.0503105267635 -99 3.06354992094295 -99 -99 -99 -99 -99
-99 2.69514060218665 -99 1.35091753530314 -99 1.58228658116582 -99 0.792510037143805 -99 -99 -99 -99 -99 -99 2.99384297298452
-99 2.35339414295958 -99 -99 -99 -99 -99 -99 -99 -99 -99 -99 -99 -99 -99
-99 -99 -99 -99 -99 -99 -99 -99 1.53775692053387 -99 -99 1.13960038196172 -99 -99 -99
-99 -99 1.97833660902482 -99 -99 -99 -99 -99 -99 -99 -99 -99 -99 -99 -99
-99 -99 -99 -99 -99 -99 -99 -99 -99 -0.16377706723849 -99 -99 -99 -99 -99
-99 -99 -99 -99 -99 -99 -99 -99 -99 -99 -99 -99 -99 -99 -99
-99 -99 -99 -99 -99 3.23528789543435 -99 -99 -99 -99 -99 -99 -99 1.96901725223632 -99
-99 -99 1.58340393598588 -99 -99 -99 -99 -99 -99 -99 -99 -99 -99 -99 -99
-99 -99 -99 -99 -99 1.17125952532052 -99 -99 0.400549845620527 -99 -99 -99 -99 -99 -99
-99 -99 -99 -99 -99 -99 -99 -99 -99 -99 -99 -99 -99 -99 -99
-99 -99 -99 -99 -99 -99 -99 -99 -99 -99 -99 -0.604410559508846 -99 -99 -99
-99 1.72787356877123 -99 -99 -99 -99 -99 -99 -99 -99 -99 -99 2.72462785276785 -99 -99
-0.788392439764301 -99 -99 -99 -99 0.438996993677344 -99 -99 -99 0.530733300307766 -99 -99 -99 1.37555763377099 -99
-99 -99 -99 -99 -99 -99 -99 -99 -99 -99 -99 -99 -99 -99 -99
-99 -99 -99 -99 -99 -99 -99 -99 -99 -99 -99 -99 -99 -99 -99
0.852994388855011 -99 -99 -99 -99 -99 -99 -99 -99 0.582836582491412 -0.410565947401609 -99 -99 -99 -99
-99 -99 -99 -99 -99 -99 2.2418518367065 -99 -99 -99 -99 -99 -99 -99 -99
-99 -99 -99 2.55154827430594 -99 -99 -99 -99 -99 -99 -99 -99 -99 -99 -99
-99 -99 -99 -99 -99 -99 -99 -99 -99 -99 -99 -99 -99 -99 -99
-99 -99 0.141122959329836 -99 -99 0.0409996003526774 -99 -99 -99 -99 -99 -99 -99 -99 -99
-99 -99 -0.353607473060988 -99 -0.269141903315039 -99 -99 -99 -99 -99 -99 -99 -99 -99 -99
-99 -99 -99 -99 -99 -99 -99 -99 -99 -99 -99 -99 -99 -99 -99
-99 -99 -99 -99 -99 -99 -99 -99 -0.107204922287198 -99 -99 -99 1.93258862188829 -99 1.67987904810656
-99 -99 -99 1.37575385945996 -99 -99 -99 -99 -99 1.1781470965984 -99 -99 2.61499980390449 -99 -99
-99 -99 -99 -99 -99 -99 1.36074191550127 -99 -99 -99 -99 3.13645798560354 -99 -99 -99
-99 -99 -99 -99 -99 -99 -99 -99 -99 -99 -99 -99 -99 -99 -99
-99 1.03025792368651 -99 0.382502280354631 -99 -99 -99 -99 -99 -99 -99 -99 -99 -99 -99
0.132812539403014 -99 -99 -99 -99 -99 -99 -99 -99 -99 -99 -99 -99 -99 -99
-99 -99 -99 -99 -99 -99 -99 2.54850465741285 -99 -99 -99 -99 -99 -99 -99
-99 -99 1.9627517387324 -99 -99 -99 3.43075205801411 -99 3.87608190483426 -99 -99 -99 -99 -99 -99
-99 -99 -99 -99 -99 -99 -99 -99 -99 -99 -99 -99 -99 -99 -99
-99 -99 -99 -99 -99 -99 -99 -99 -99 -99 -99 -99 -99 -99 -99
-99 3.10220882090421 -99 -99 -99 -99 1.51564796472959 -99 2.04519895922391 -99 -99 -99 -99 -99 -99
-99 -99 -99 -99 -99 -99 -99 -99 -99 -99 -99 -99 -99 -99 -99
-99 -99 -99 1.33466113820006 0.506355797118605 -99 -99 -99 -99 -99 -99 -99 -99 -99 -99
-99 -99 -99 -99 -99 -99 -99 -99 -99 1.96398835326426 -99 -99 -99 -99 -99
-99 -99 -99 -99 -99 -99 -99 -99 -0.187594933334594 -99 2.49705385932263 -99 -99 -99 -99
-99 -99 -99 -99 -99 -99 -99 -99 2.23965940195318 -99 0.381065596878977 -0.565866187035979 -99 -99 -99
-99 -99 -99 -99 -0.597257224449828 0.249890303758668 -99 -99 -99 -99 -99 -99 -99 -99 -99
-99 3.01901552430988 -99 -99 -99 -99 -99 1.87966566642091 -99 -99 -99 -99 -99 -99 -99
-99 0.850615248089684 -99 -99 -99 -99 -99 -99 1.08893193218868 -99 0.349766384500134 -99 -99 -0.645620401979874 -99
-99 -99 -99 -99 -99 -99 -99 -99 -99 0.299594587677365 -99 -99 -99 -99 -99
-99 -99 -99 2.38711706902071 -99 -99 -99 -99 1.23142989009683 -99 -99 -99 0.965710305078967 -99 -99
-99 -99 -1.62235441997767 -99 -99 -99 -99 -99 -99 -99 -99 -99 -99 -3.12289503921449 -99
-99 -99 -99 -99 -99 -99 -99 -99 -99 -99 -99 -99 -99 -99 -99
-99 -99 -99 -99 -99 -99 -99 -99 -99 -99 -99 -99 -99 -99 -99
-99 -99 -99 -99 -99 1.93793764740374 -99 -99 -99 -99 -99 -99 -99 -99 -99
-99 -99 -99 -99 -99 -99 -99 -99 1.91197491311832 -99 -99 -99 -99 -99 -99
-99 -99 -99 -99 0.230991749839313 -99 -99 -99 -99 -99 1.57125919058833 -99 1.04806437077369 -99 -99
-99 -99 -99 -99 -99 -99 -99 -99 2.83084111226101 -99 3.45938570335207 -99 -99 -99 -99
-99 -99 -99 -99 0.751978290827636 -99 -99 -99 -99 -99 -99 -99 -99 -99 0.572779719281709
-99 -99 -99 -99 -99 -99 -99 -99 3.29724498682884 -99 -99 -99 1.51087510031187 -99 -99
-99 -99 -99 -99 -99 -99 1.93411703936786 -99 -0.453597025412944 -0.0624082192479172 2.27234311376809 -99 -99 -99 -99
-99 -99 -99 -99 -99 2.29360212776374 -99 3.98536652561192 -99 -99 -99 -99 -99 -99 -99
-99 -99 -99 -99 -99 -99 -99 -99 -99 0.501818849453913 -99 -99 -99 -99 -99
0.710932758223197 -99 -99 -99 0.0182940986742118 -99 -99 -99 -99 -99 -99 -99 -99 -99 -99
-99 -99 -99 -99 -99 -99 -99 -99 -99 -99 -99 0.823569979205889 -99 1.63421705667408 -99
-99 -99 -99 -99 -99 2.4912361113748 -99 0.804652142631599 -99 -99 -99 -99 -99 -99 -99
-99 -99 1.59558371323617 -99 -99 -99 -99 -99 -0.222127487485007 -99 2.12692503617725 -99 0.325422042045423 -99 -99
-99 -99 2.78524234834536 2.54573242323067 -99 -99 -99 -99 -99 2.48663588186858 -99 -99 -99 2.67693845261802 -99
-99 -99 0.689632564265178 -99 -99 -99 -99 -99 -99 -99 -99 -99 -99 -99 -99
-99 -99 -2.01795472684502 -99 1.01811457531998 -99 -99 -0.481280240432733 -99 -99 -99 -99 -99 -99 -99
-99 -99 -99 -99 -99 -99 -99 0.99917951985092 -0.228622909133838 -99 -99 -99 -99 -99 -99
-99 -99 -99 -99 -99 -99 -99 -99 -99 -99 -99 -99 -99 -99 -99
-99 -99 -99 -99 -1.36666460397657 -99 -99 -99 -99 -99 -99 -99 -0.378610506008244 -99 -99
-99 -99 -99 -99 -99 -99 -99 -99 -99 -99 -99 -99 0.285694399839618 -0.588410841404557 -99
-99 -99 0.583814935875012 -99 -99 -0.290735476048249 -99 -99 -99 -99 -0.503767526300355 -99 -99 -99 -99
-99 -99 -99 -99 -99 -99 -99 -99 -99 -99 -99 -99 -99 -99 -99
-99 -99 -99 -99 -99 -99 -99 -99 -99 -99 -99 -99 -99 1.82281494532745 -99
-99 -99 -99 -99 -99 -99 -99 -99 -99 -99 -99 -99 -99 -99 -99
-99 -99 -99 -99 -99 -99 -99 -99 -99 -99 -99 -99 -99 2.58145831089617 -99
2.29522952729492 -99 -99 -99 -99 -99 -99 -99 -99 3.17135619902493 -99 -99 -99 -99 -99
-99 -99 -99 -99 0.240429595274856 -99 1.54531051808971 -99 -1.01767196671322 0.0111400440685726 -1.34628708399965 -99 -99 -99 -99
-99 -99 -99 -99 -99 0.175923704492746 -99 -99 -99 -99 -99 -99 -99 -99 0.540220848539561
-99 -99 -99 -99 -99 -99 -99 -99 -99 -99 -99 -99 -0.301570027685892 -99 -99
-99 -99 -99 -99 -99 -99 -99 -99 -99 -99 -99 -99 -99 -99 2.60120149291174
-99 -99 -99 -99 -99 -99 -99 -99 -99 -99 -99 -99 -99 -99 -99
-99 -99 -99 -99 -1.21852138248436 -99 -99 -99 -99 -1.86441507654439 -99 -99 -99 -99 -99
-99 -99 -99 -99 -99 -99 -99 -99 -99 -99 -99 -99 -99 -99 -99
-99 -99 -99 -99 -99 -99 -99 -99 -99 -99 -0.0058290219945587 -99 -99 -99 -99
-99 -99 -99 -99 -99 -99 -99 -99 0.878204449790046 -99 1.77335049751226 -99 -99 -99 -99
-99 -99 -99 -99 -99 -99 -1.16837070287037 -0.365234117878527 -99 -99 -99 -99 -99 -99 -99
-99 -99 -99 -99 -99 -99 -99 1.93589638524545 -99 -99 -99 3.0056859629445 -99 -99 -99
-99 -99 -99 -99 -99 -99 -99 -0.321172931885572 -99 -99 -99 -0.342279227801768 -99 -99 -99
-99 -99 -99 -99 -99 -99 -0.889242390779708 -99 -99 0.359798465859259 -99 -99 -99 -99 -0.76906501038132
-99 -99 -99 -99 -99 -99 -99 -99 -99 -99 -1.21319328371648 -2.22464488564829 -99 -99 -99
-99 0.898561696317776 -99 -99 -99 -99 -99 -99 -99 2.36687648933967 -99 -99 -99 1.73492226227386 -99
-99 -99 -99 -99 1.10090627921267 -99 -99 -99 -99 -99 -99 -99 1.55968132954338 -99 -99
-99 -99 -99 -99 -99 -99 -99 -99 -99 0.786401726994 -99 -99 -99 1.67556109223932 -99
-99 -99 -99 -99 -2.36717360496335 -99 -99 -99 -99 -99 -99 -99 0.0486711645016444 -99 -99
-99 -99 -99 -99 -99 -99 -99 -99 -99 -99 -99 -99 -99 -99 -99
-99 -99 -99 -99 -99 -99 -99 -99 -99 -99 -99 -99 -99 -99 -99
-99 -99 -99 -99 -99 -99 -99 -99 -99 -99 -99 1.67378817142323 -99 -99 -99
-99 -99 -99 0.129380231202301 -99 0.186331624714844 -99 -99 -99 -99 -99 -0.201880267097313 -99 -99 1.5529808570163
-99 0.647467660674091 -99 -99 -99 -99 -99 -99 -99 -99 -99 -99 -99 -99 -99
-99 -99 -99 -99 -99 -99 -99 -99 -99 -99 -99 1.23355724479428 -99 -99 -99
-99 -99 -99 -99 -99 -99 -99 -99 -99 -99 -99 -99 -99 -99 -99
-99 -99 -99 -99 -99 -99 -99 -99 -99 -99 -99 -99 -99 -99 -99
3.35585130433516 -99 -99 -99 -99 -99 -99 -99 1.97373688403904 -99 -99 -99 -99 -99 -99
-99 -99 -99 -99 -99 -99 -99 -99 -99 -99 -99 4.03151238212259 -99 -99 -99
-99 -99 -99 -99 -99 -99 -99 -99 -99 -99 -99 -99 -99 -99 -99
-99 -99 -99 -99 -0.543011423556576 -99 -99 -99 -1.19829770201735 -99 -99 -99 -99 -99 -99
-99 -99 -99 -99 -99 -99 -99 -99 -99 -99 -99 -99 -99 -99 -99
-99 1.1974662973947 -99 -99 -99 0.644803281868429 -99 -99 -99 -99 -99 -99 0.616753938476853 -99 -99
-99 2.48885513428531 1.31776362609047 -99 -99 -99 -99 1.71271931782834 -99 -99 2.40509696128974 -99 -99 -99 -99
-99 -99 -99 -99 -99 -99 -99 -99 -99 -99 -99 -99 -99 -99 -99
0.367756883509744 -99 -99 -99 -99 -99 -99 -99 -99 -99 -99 -99 -99 -99 -99
-99 -99 -99 -99 -99 -99 -99 -99 2.38211632292013 -99 0.0958388647922629 -99 -99 -99 -99
-99 -99 -99 -99 -99 -99 -99 -99 -99 1.36062773398639 -99 -99 -99 -99 -99
-99 -99 -99 -99 -99 1.54504638390624 -99 -99 2.70827545465282 -99 -99 -0.0123046257215158 -99 -99 -99
-99 -99 -99 -99 -99 -99 -99 -99 -99 -99 -99 -99 -99 -99 -99
-99 -99 -99 -99 1.76558842445425 1.02407637098452 -99 -99 -99 -99 -99 -99 -99 -99 -99
-99 -99 -99 -99 -99 -99 -99 -99 -99 -99 2.78052973405114 -99 -99 -99 -99
-99 -99 -99 -99 3.72209933253497 -99 1.43924253174108 -99 -99 -99 -99 -99 1.76705318758311 -99 -99
-99 1.85304743807313 -99 1.81578556413017 -99 -99 -99 -99 -99 -99 -99 -99 -99 1.19742514323386 -99
-99 0.953861360805821 -99 -99 -99 -99 -99 -99 -99 -99 -99 1.43454095996129 2.83547338387064 -99 -99
-99 -0.257367894695015 -99 -99 -99 -99 -99 1.18524294813192 -99 -99 -99 -99 -99 -99 -99
-99 -99 -99 -99 -99 -99 -99 -99 -99 -99 -99 -99 -99 -99 -99
-99 -99 2.15263752879317 0.622071688004485 -99 -99 -0.0587216453844097 0.538965410223192 -99 -99 -99 -99 -99 -99 -99
-99 -99 -99 -99 -99 -99 1.18740750939817 -99 -99 -99 -99 -99 -99 -99 -99
-99 -99 -99 -99 -99 -99 -99 -99 2.4553609550865 -99 -99 -99 -99 -99 0.711900606871106
-99 -99 -99 -99 -99 -99 1.63110789122826 -99 -99 -99 -99 -99 -99 -99 -99
-99 -99 -99 -99 -99 -99 -99 -99 -99 3.4750641479975 -99 -99 -99 -99 -99
-99 -99 -99 -99 -99 -99 -99 -99 -99 -99 -99 -99 -99 -99 -99
-99 -99 -99 -99 -99 -99 -99 -99 -99 -99 -99 -99 -99 -99 -99
-99 -99 -99 -99 -99 -99 -99 -99 -99 -99 -99 -99 -99 -99 -99
-99 -99 1.68239278716759 -99 -99 -99 -99 -99 -99 -99 -99 2.09603213809543 -99 -99 -99
-99 -99 -99 -99 -99 -99 -99 -99 -99 -99 -99 -99 -0.885372985749769 -99 -99
-99 -99 -99 -99 -99 -99 -99 -0.88404352297223 -99 -99 -99 -99 -99 0.919440405816803 -99
-99 -99 -99 -99 -99 -99 -0.285696061487919 -99 -99 -99 -99 1.04453996669436 -99 -99 -99
-99 -99 -99 -99 -99 -99 -99 -99 0.148326257846957 -99 -99 -99 -99 -99 -99
-99 -99 -99 -99 -99 -99 -99 -99 -99 -99 -99 -99 -99 -99 -99
-99 -99 -99 -99 -99 -99 -99 -99 -99 -99 -99 -99 -99 -99 -99
-99 -0.145561606956257 -99 -99 -99 -0.198456228980459 -99 -99 -99 -99 -99 -99 -99 -99 -99
-99 -99 -99 -99 -99 -99 -99 -99 -99 -99 -99 -99 -99 -99 0.343007465054673
-99 -99 -99 1.53305102691236 -99 -99 -99 -99 -99 -99 -0.146729815775656 -99 -99 -99 1.39073082402935
-99 -99 -99 -99 -99 -99 -99 3.97762846743225 -99 2.94210650891521 -99 -99 -99 -99 -99
-99 3.94173725845944 -99 1.67133377481157 -99 -99 -99 -99 -99 -99 -99 4.06406305870879 -99 -99 -99
3.32299145794865 -99 -99 -99 -99 -99 -99 -99 -99 -99 -99 -99 1.94156849865583 -99 -99
-99 -99 -99 -0.111604972520872 -99 -99 -1.56132615188719 -99 -99 1.7170760736843 -99 -99 -99 -99 -99
-99 -99 -99 -99 -99 -99 -99 0.877252509504894 0.228912117062869 -99 -99 -99 -99 -99 -99
-99 -99 -99 -99 1.99856015299618 -99 -99 -99 -99 -99 -99 1.35655080195063 -99 -99 -99
-99 -99 -99 -99 2.30956658335975 2.95588415336879 -99 -99 -99 0.255670532462462 -99 -99 -99 -99 -99
2.471601765345 -99 -99 -99 -99 3.81817188090741 -99 -99 -99 -99 2.14738698393076 -99 -99 -99 -99
-99 -99 -99 -99 -99 -99 -99 -99 -99 -99 -99 -99 -99 -99 -99
-99 -99 -99 -99 3.89808829478074 -99 -99 -99 -99 -99 -99 -99 -99 -99 -99
-99 -99 -99 -99 -99 -99 -99 -99 -99 3.54187600931596 -99 -99 -99 -99 -99
-99 -99 -99 -99 -99 -99 -99 -99 -99 2.07161311689177 -99 0.749131273437915 -99 -99 -99
-99 -99 -99 -0.622216092749075 -99 -99 -99 -99 -99 -99 -99 -99 -99 -99 -99
-99 -99 -99 -99 -0.158693337566723 -99 -99 -99 -99 -99 0.324816684380897 -99 -99 -99 -0.0989273620470019
-99 -99 -99 -99 -99 -99 -99 -99 0.523696536249011 -99 -99 -99 -99 -99 -99
-99 0.857606196876339 -99 -99 1.83724638946098 -99 -99 -99 -99 -99 2.06121615883029 -99 -99 -99 -99
-99 -99 -99 -99 0.31682388853935 -99 -99 -99 -99 -99 -99 -99 -0.201129220446281 -99 -99
-99 -99 -99 -99 -99 -99 -99 -99 -99 -99 -99 -99 -99 -99 -99
-99 2.66359429690968 -0.510207798590209 -99 -99 -99 -99 1.91598531673118 -99 -99 -99 -99 -99 -99 -99
-99 -99 -99 -99 -99 -99 -99 -99 -99 -99 -99 -99 -99 -99 -99
-99 1.73921446592823 -99 -99 -1.50033511645458 -99 -99 -99 -99 -99 -99 -99 -99 -99 -99
-99 -99 -99 -99 -99 -99 -99 -99 -99 -99 -99 -99 -99 -99 -99
-1.64444342458323 -99 -99 -99 0.715072497878156 -99 -99 -99 -99 -99 -99 -99 -99 -99 0.516137510599989
-99 -99 -99 -99 -99 -99 -99 -99 -99 -99 -99 1.82792643810731 -99 -99 -99
-99 -99 -99 -99 -99 -99 -99 -99 -99 -99 -99 -99 -99 -99 -1.2575556214133
-99 -99 -99 -99 -99 -0.347132436967149 -99 -99 2.89686816080025 -99 -99 -99 -99 -99 -99
-99 -99 -99 -99 -99 -99 -99 -99 3.00783435921746 -99 -99 -99 3.03288545177085 -99 -99
-99 -99 -99 -99 -99 2.99909107246782 -99 0.49664490991929 -99 -99 1.11979713242008 2.15901332150737 -99 -99 -99
-99 -99 -99 -99 -99 0.701373986191462 -99 -99 -99 -99 -99 -99 -99 -99 -99
-99 -99 -99 0.584239304566573 -99 -99 -0.56462021844761 -0.801051176991177 -0.0187635621532607 -99 -0.260438781267267 -99 -99 -99 -99
-99 -99 -99 -99 -99 -99 -99 -99 -99 -99 -99 3.10130250643314 -99 -99 1.57758691262533
-99 2.09109660836554 -99 -99 -0.261618773459165 -99 -99 -99 -99 -99 -99 -99 -99 -99 -99
-0.698660063025421 -99 -99 -99 -99 -2.12556181380886 -99 -99 -99 -99 -99 -99 -99 -99 -99
-99 3.74223204188099 -99 -99 -99 -99 -99 -99 -99 -99 -99 -99 -99 -99 -99
-99 -99 -99 -99 -99 -99 -99 -99 -99 -99 -99 -99 -99 2.00983027389506 -99
-99 -99 -99 -99 -99 -99 -99 -99 -99 -99 -99 -99 -99 -99 -99
-99 -0.131884008891529 -99 0.135895111248125 -99 -99 -99 -99 -99 -99 -99 -99 0.679930826236794 -99 -99
-99 -99 -99 -99 -99 -99 -99 -99 -99 -99 -99 -99 -99 -99 -99
-99 -99 -99 -99 -99 -99 -99 -99 -99 -99 -99 -99 -99 -99 -99
-99 -99 -99 -99 -99 -99 -99 -99 -99 -99 -99 -99 -99 -99 -99
-99 -99 -99 -99 -99 -99 -99 -99 2.80614168756455 -99 -99 -99 -99 -99 -99
-99 -99 -99 -99 -99 -99 -99 -99 -99 -99 -99 -99 -99 -99 0.462661819222325
-99 0.511654595457445 -99 -99 -99 1.94615689481441 -99 -99 -1.16947354280307 -99 -99 0.336371742181602 -99 -99 -99
-99 -99 -99 1.67402714298097 -99 -99 -99 -1.07929379405024 -99 -99 -99 -99 -99 -99 -99
-99 -99 -99 -99 -99 -99 -99 -99 -99 -99 -99 -99 -99 -99 1.60324980521224
-99 -99 -99 -99 -99 -99 -99 -99 -99 -99 -99 -99 -99 -99 -99
-99 -99 -99 -1.10769730843898 -99 -99 -99 -99 -99 -99 -99 -99 -99 -99 0.270156525576844
-99 -99 -99 -99 -0.370165351499558 -99 -99 1.68117104100805 -99 -99 -99 -99 -99 -99 -99
-1.94089917313301 -99 -99 -0.297928357170465 -99 -99 -99 -99 -99 -99 -99 -99 -99 -99 -99
-99 -99 1.45249792286588 1.23577891497641 -99 0.838897694931543 -99 -99 -99 -99 -99 -99 -99 -99 -99
-99 -99 -99 -99 0.482788652844124 -99 -99 -99 -99 -99 -99 -99 -99 -99 -99
-99 -99 -99 2.30288965347159 -99 -99 -99 -99 -99 -99 -99 -99 3.19524117117996 -99 -99
-99 1.06229835788675 -99 -99 -99 -99 -99 -99 -99 0.204515622268037 -99 -99 -99 -99 -99
-99 -99 -99 -99 -99 -99 -99 -99 -99 -99 -99 -99 -99 -99 -99
-99 -99 -99 -99 -99 -99 -99 0.785148228704372 -99 -99 -99 -99 -99 -99 0.829264422778513
-99 -99 -99 -99 -99 -99 -99 -99 0.216800921895708 -99 -99 -99 -99 -99 -99
-99 -99 -99 -99 -99 -99 -99 -99 -99 -99 -99 -99 -99 -99 -99
-99 -99 -99 0.0290341255358419 1.83273075764742 -99 -99 -99 -99 -99 -99 -99 -99 -99 -99
-99 -99 -99 -99 -99 -99 -99 2.5194358429818 -99 -99 -99 -99 -99 -99 -99
-99 -99 -99 -99 -99 -99 -99 -99 -99 1.18492313561587 -99 -99 -99 -99 -99
-99 -99 -99 -99 0.162904314789902 -99 -99 -99 -99 -99 -99 -99 -99 -99 -99
-99 -99 -99 -99 -99 -99 -99 -99 -0.206696414428676 -99 -99 -99 -99 -99 -99
-99 -99 1.72285581653381 -99 -99 -99 -99 -99 -99 -99 -99 -99 -0.162745538324695 -99 3.68073858999072
-99 -99 -99 -99 -99 -99 -99 -99 -99 -99 -99 0.443915515343768 -99 -99 -99
-99 -99 -99 -99 -99 -99 -99 -99 -99 -99 -99 -1.71460621898371 -99 -99 -99
-99 -99 -99 -99 -99 -99 -99 -99 -99 -99 -99 -99 -99 2.27660599122241 -99
-0.571442611614114 -99 -1.45486611355887 -99 -99 -99 -99 -99 -99 -99 -99 -99 -99 -99 -99
-99 -99 -99 -99 -99 -99 -99 -99 -99 -99 -99 -99 -99 -99 -99
-99 -99 -99 -99 -99 -99 -99 2.63694692176681 -99 -99 -99 -99 -99 -99 -99
-99 -99 -99 -99 -99 0.605623220398098 -99 -99 -99 -99 -99 -99 -99 -99 -99
-99 -99 0.40116648240497 -99 -99 -99 -99 0.791883691488784 -99 -99 -99 -99 -99 -99 1.26291723884006
-99 -99 -99 -99 -99 -99 -99 -99 -99 -99 -99 -99 2.19408628361517 -99 -99
-99 -99 -99 -99 -99 -99 -99 -99 1.03129159795565 -99 -99 -0.413249479052903 1.10436336430935 -99 -99
-99 -99 -99 -99 -99 -99 -99 0.182566179410705 -99 -99 -99 -99 -99 -99 -99
-99 -99 2.3602449625019 -99 -99 2.97135993461975 -99 -99 -99 2.15687970922784 -99 -99 -99 -99 -99
-99 -99 -99 3.87419909351888 -99 -99 -99 -99 0.617555802627075 -99 -99 -99 -99 -99 -99
-99 -99 -99 -99 -99 -99 -99 -99 -99 -99 -99 -99 -99 -0.0470687512360179 -99
-99 -99 -99 -99 -99 -99 -99 2.52058286566771 -99 -99 -99 -99 -99 -99 -99
-99 -99 -99 -99 -99 -99 -99 -99 -99 -99 -99 -99 -99 -99 -99
-99 -99 -99 -99 -99 -99 -99 -99 -99 -99 -99 -99 -99 -99 -99
-99 -99 -0.707531705612988 -99 -99 -99 -99 -99 -99 -99 0.522373207471457 -99 -99 -99 -99
-99 0.361291976116533 -99 -99 -0.359094936306646 -99 -99 -99 -99 -99 -99 -99 -99 -99 -99
-99 -99 -99 -99 -99 -99 -99 1.45379914017555 -99 -99 -99 -99 1.59488352440842 -99 -99
-99 -99 -99 1.04545611200401 -99 -99 -99 -99 -99 -99 -99 -99 -99 -99 -99
-99 -99 -99 -99 -99 -0.279769686997025 -99 -99 -99 -99 -99 -99 -99 -99 -99
-99 -99 -99 -99 -99 -99 -99 -99 -0.80765036706308 -99 -0.660995323743147 -99 -99 -99 0.68303987551066
-99 -99 -99 -99 -99 -99 -99 -99 -99 -99 -99 -99 -99 -99 -99
-99 -99 -99 -99 -99 -99 -99 -99 -99 -99 -99 -99 1.90762617072565 -99 -99
-99 -99 2.92595056494097 -99 -99 -99 -99 -99 -99 1.36825396335974 -99 -99 -99 1.59322958573973 -99
-99 -99 -99 2.08959092590437 -99 -99 -99 -99 -99 -99 -99 -99 -99 -99 -99
-99 -99 1.99519020346667 -99 -99 -99 -99 -99 -99 -99 -99 -99 -0.445632347299111 -99 -99
-99 -99 -99 -99 -99 -99 -99 -99 -99 -99 -99 -99 -99 -99 -99
-99 -99 -99 -99 -99 -99 -1.36731265128771 -99 -99 -99 -99 -99 -99 -99 -99
-99 -99 -99 -99 -99 -99 -99 -99 -99 -99 -99 -99 -99 -99 -99
-99 -99 -99 -99 -99 -99 -99 -99 -99 -99 -99 -99 -99 2.21531952507648 2.19115743371241
-99 1.46232208079149 -99 -99 -99 -99 -99 -99 -0.730184148370614 -99 -99 -99 -99 -99 -99
-99 -99 -99 -99 -99 -99 -99 -99 -99 -99 3.10942825540807 -99 -99 -99 -99
-99 -0.791934981840533 -99 -99 -99 -99 -99 -99 -99 -99 -99 -99 -99 -99 -99
-99 -0.135866543774648 -99 -0.512819488769365 -99 -99 -99 -99 -99 -99 -0.508814921646985 -99 -99 -99 -99
0.594666171051854 -99 -99 -99 -99 -99 -99 -0.499495188592007 0.495047825941074 -99 -99 -99 -99 -0.0456792521695057 -99
-99 -99 -99 -99 -99 -99 -99 0.474138945775672 -99 -99 0.848446724549541 -99 -99 -99 -99
-99 -99 -99 -99 -99 -99 -99 -99 -99 -99 -99 -99 -99 -99 -99
-99 -99 -99 -99 -99 -99 -99 -99 -99 0.00561551927283999 -99 -99 -99 -99 -0.223306298445547
-99 -99 -99 -99 -99 -0.560257724971745 -99 -1.12315461497481 -99 -99 -99 -99 -99 -99 -99
-99 -99 -99 -99 -99 -99 -99 -99 -99 -99 -99 -99 -99 -99 -99
-99 -99 -99 -0.895958281317151 -99 -99 -99 -0.679432279100024 -99 -99 -99 -99 -99 -99 -99
-99 -99 -99 -99 -99 -99 -99 -99 -99 1.26405681266234 -99 0.202302917128289 -99 -99 -99
-99 1.59604503125627 -99 -99 -99 -99 -99 -99 -99 -99 -99 -99 -99 -99 -99
-99 -99 -99 -1.62026421538549 -99 -99 -99 -99 -99 -99 -99 -99 -99 -99 1.62092006936709
-0.336089548589929 -99 -99 -99 -99 2.27344623387227 -99 1.70523758832169 -99 -99 -99 1.65239822580216 -99 -99 -99
-99 -99 -99 -99 -99 -99 3.36058944525305 -99 -99 3.67290238568244 -99 -99 -99 -99 -99
-99 -99 2.00815782844523 -0.246236349445974 0.443004739394229 -99 1.36074948662091 -99 -99 -99 -99 -99 -99 -99 -99
-99 -99 -99 -99 -99 -99 -99 -99 -99 -1.06403947492983 -99 -99 -99 -99 -99
-99 -99 -99 -99 -99 -0.721735372535159 -99 -99 -1.50399836513443 -99 -99 -99 -0.544377608698676 -99 -99
-99 -99 -99 3.35005004787955 1.70640150508779 -99 -99 -99 2.57220837146425 -99 -99 -99 -99 -99 -99
-99 -99 -99 -99 -99 -99 -99 -99 3.43197555821826 -99 -99 0.335653491855515 -99 -99 -99
-99 -99 -99 -99 -99 -99 -99 -99 -99 -99 -99 -99 -99 -99 -99
-99 -99 -99 -99 -99 -99 -99 -99 -99 0.51886484265194 -99 -99 -99 -99 -99
-99 -99 -99 -99 -99 -99 -99 -99 -99 0.381486663786612 1.28134125702666 -99 0.863842514237841 0.713918120440093 -99
-99 -99 -99 -99 -99 -99 -99 -99 1.08083806008186 -99 -99 -99 -99 -99 -99
-99 -99 -99 -99 -99 -99 -99 -99 -99 -99 -99 -99 -99 0.820675177393507 -99
-99 -99 -99 1.39824446250569 -99 1.40959946268599 -99 -99 -99 -99 -99 -99 -99 -99 -99
-99 -99 0.572611657453807 -99 -99 -99 -99 -99 -99 -99 -99 -99 -99 -99 -99
-99 -99 -99 -99 -99 -99 -99 0.00381272178527203 -99 -99 -99 -99 -99 0.959441554360019 -99
-99 -99 -99 -99 -99 -99 -99 -99 -99 -99 -99 -99 -99 -99 -99
-99 -99 2.14072190532087 2.53437154620586 -99 -99 -99 -99 -99 -99 -99 -99 -99 -99 -99
-99 -99 -99 -99 -99 -99 -99 -99 -99 -99 -99 -99 -99 -99 -99
-99 -99 -99 -99 -99 -99 -99 0.74728902522068 -99 -99 -99 -99 -99 -99 0.854105884806992
-99 -99 -99 -99 -99 -0.543442941394271 -99 -99 -99 -99 -99 -99 -99 -99 -99
-99 -99 -99 -99 -99 -99 3.15014241450592 1.55565496961708 -99 -99 -99 -99 -99 -99 -99
-99 -99 -99 -99 -99 -99 -99 -99 -99 -99 -99 -99 -99 2.04153978982904 -99
-99 -99 1.06646154070696 -99 -99 -99 -99 -99 -99 -99 -99 -99 -99 -99 -99
-99 -99 -99 -99 2.05771554631902 -99 -99 -99 -99 -99 -99 -99 -99 -99 -99
1.49296935120813 -99 -99 -99 -99 -99 -99 -99 -99 3.76336035714324 -99 -99 -99 -99 -99
-99 -99 -99 -99 -99 -99 -99 -99 -99 -99 -99 -99 -99 -99 5.35529395117065
1.37886108687117 -99 -99 -99 -99 -99 -99 -99 -99 -99 0.916045250251874 -99 -99 0.934122425884027 1.90227893637978
-99 -99 -99 -99 -99 -99 -99 2.01516804364856 -99 -99 -99 -99 -99 -99 -99
-99 -99 -99 -99 -99 -99 -99 -99 -99 -99 -99 -99 -99 -99 -99
-99 -99 -99 2.63981742631592 -99 -99 -99 -99 -99 -99 -99 -99 -99 -99 -99
-99 -99 -99 -99 -99 1.83179504855384 -99 -99 -99 -99 -99 -99 1.22159530685656 -99 -99
-99 -99 -99 -99 -99 0.93849636258951 -99 -99 -99 -99 -99 0.76137509193562 -99 -99 -99
-99 -99 -99 -99 -99 2.90847023873679 -99 -99 -99 2.49002309758382 1.24638934705552 -99 -99 1.00275543359741 -99
-99 -99 -99 0.803542210603278 -99 -99 0.733962036481641 -99 -99 -99 -99 -99 -99 -99 -99
-99 -99 -99 -99 -99 -99 -99 -99 -99 -99 -99 -99 -99 -99 -99
-99 -99 -99 -99 -99 -99 -99 -99 -99 -99 -99 -99 -99 -99 -99
-99 -99 -99 -99 2.90156884410964 -99 -99 -99 0.110380860964967 -99 -99 -99 -99 -99 -99
-99 -99 -99 -99 -99 -99 -99 -99 -99 -99 -99 -99 -99 -99 -99
-99 -99 -99 -99 -99 -0.0904878934854974 -99 -99 -99 -99 -99 -99 -99 -99 -99
-99 -99 -99 -99 -99 -99 -99 -99 -99 -99 -99 -99 -99 1.3721612212453 -99
-99 -99 -99 -99 -99 -99 -99 -99 -99 -99 -99 -99 -99 -99 -99
-99 3.25970600414718 -99 -99 2.99324493313159 -99 -99 -99 -99 -99 -99 -99 -99 -99 -99
-99 -99 -99 -99 -99 -99 -99 4.30175887532717 -99 0.382183561983651 -99 -99 -99 -99 -99
-99 -99 -99 -99 -1.01187205184005 -99 -99 -99 -99 -99 -99 -99 -99 -99 -99
-99 -99 -99 -99 -99 -99 -99 -99 -99 -99 -99 -99 -99 -99 -99
-99 -99 -99 -99 -99 -99 -99 -99 -99 -99 -99 -99 -99 -99 -0.0778907084710734
-99 -99 -99 -99 -99 -99 -99 -99 1.13560750968915 -99 -99 -99 -99 -99 -99
0.00897334764265401 -99 -99 -99 -99 -99 -99 -99 -99 -99 -99 -99 -99 -0.306146222100618 -99
3.15009361558264 -99 -99 -99 -99 -99 -99 -99 -99 -99 -99 -99 -99 -99 -99
-99 -99 -99 -99 -99 -99 -99 -99 -99 -99 -99 -99 -99 -99 -99
-99 -99 -99 -99 -99 -99 -99 1.19626588730417 -99 0.847662668750711 -99 -99 -99 -99 -99
-99 -99 -99 3.81601652294797 -99 -99 -99 -99 -99 3.52564262230505 1.21788199050647 2.08496428122228 3.76207390582428 -99 -99
-99 -99 -99 -99 -99 -99 -99 -99 -99 -99 -99 -99 -99 -99 -99
-99 -99 0.643095765971995 -99 -99 -99 -99 -99 -99 -99 -99 -99 -99 -99 -99
3.3791852316781 2.0855169343937 -99 -99 -99 -99 1.9453545410135 2.94830461491067 -99 -99 -99 -99 -99 -99 -99
-99 -99 -99 -99 -99 -99 -99 -99 -99 -99 -99 -99 -99 -99 -99
-99 -99 -99 -99 -99 -99 -99 -99 -99 -99 -99 -99 -99 -99 -99
0.106900523033032 -99 -99 -99 -99 -99 -99 -99 -99 -99 -99 -99 -99 -99 -99
-99 -99 -99 -99 -99 -99 -99 -99 -99 0.935278614995325 -99 -99 -99 -99 -99
-99 -99 -99 -99 -0.188724566359107 -99 -99 -99 -99 -99 -99 -99 -99 -99 -99
-99 -99 -99 -99 -99 -99 -99 -99 -99 -99 -99 -99 -99 -99 -99
-99 -99 -99 -99 -99 -99 -99 -99 -99 -99 -99 -99 -99 -99 -99
-99 -99 -99 -99 -99 -99 -99 -99 -99 -99 -99 -99 -99 -99 -99
-99 -99 -99 -99 -99 -99 2.44257545269874 -99 -99 -99 -99 1.50122871441999 -99 1.45784140636064 -99
-99 -99 -99 -99 -99 -99 -99 -99 -99 -99 -99 -99 -99 -99 -99
3.33388943490169 -99 -99 -99 1.6459292635726 -99 -99 -99 -99 -99 -99 -99 -99 -99 -99
0.219090074229817 -99 -99 -99 -99 -99 -99 -99 3.79840239359796 -99 -99 -99 -99 -99 -99
-99 -99 -99 -99 -99 -99 -99 -99 -99 1.07084266238567 -99 -99 -99 -99 -99
-99 -99 -99 0.540918448915422 -99 -99 -99 -99 -99 -99 -99 0.246336448677267 -99 -99 -2.09269865868756
1.67013330801511 -99 -99 -99 -99 -99 -99 -99 -99 -99 -99 -99 -99 -99 -99
-99 -99 -99 -99 -99 -99 -99 -99 -99 -99 -99 -0.0868311282268899 -1.00530544188012 -99 -99
-99 -99 1.29404884670061 -99 -99 -99 -99 -99 -99 -99 -99 -99 -99 -99 -99
-99 -99 -99 -99 -99 -99 -99 -99 0.752012696736349 -99 -99 -0.558522842254457 -99 -99 -99
-99 -99 -99 -99 -99 -99 -99 -99 1.92471515240376 -99 -99 -99 -99 -99 -99
-99 -99 -99 -99 -99 -99 -99 -99 -99 3.18073530951639 -99 -99 -99 -99 -99
-99 -99 -99 -99 -99 -99 -99 -99 -99 -99 -99 -99 -99 -99 -99
-99 -99 -99 -99 -99 -99 -99 -99 -99 -99 -99 -99 -99 -99 -99
-99 -99 -99 -0.49148269244867 -99 -99 -99 -99 -99 -99 -99 -99 -99 -0.83372441435113 -99
-99 -99 -99 -99 1.45175841731354 -99 -99 -99 -99 -99 -99 -99 -99 -99 3.79902864606327
-99 -99 -99 -99 -99 -99 -99 -99 -99 -99 -99 -99 -99 -99 -99
-99 -99 -99 -99 -99 -99 -99 -99 -99 -99 -99 -99 -99 -99 -99
1.66318435182197 -99 -99 -99 -99 -99 -99 -99 -99 -99 -99 -99 -99 -99 -99
-99 -99 -99 -99 -99 -99 -99 -99 -99 -99 -99 -99 -99 -99 -99
-99 -99 -99 -99 -99 0.701930476336363 -99 -99 -99 -99 -99 -99 -99 -99 -99
-99 -99 -99 -99 -99 -99 -99 -99 -0.269542771938689 -99 -99 -99 -99 -99 -99
-99 -99 -99 -99 -99 -99 -99 -99 -99 -99 -99 1.24242425570482 -99 -99 -99
-99 -99 -99 -99 -99 -99 -99 2.53797032257472 -99 -99 -99 1.65120404585892 -99 -99 -99
-99 -99 -99 -99 -99 -99 -99 -99 -99 -99 -99 -99 -99 -99 -99
-99 -99 -99 -99 -0.705741966755205 0.426043588711747 -99 -99 0.381439649883649 -99 -99 -99 -99 -99 -99
-99 -99 -99 -99 -99 -99 -99 -99 -99 -99 -99 1.89614080588767 -99 -99 2.24271847269088
-99 -99 -99 -99 -99 -99 -99 -99 -99 -99 1.96589523420498 -99 -99 -99 1.69516253276259
1.50130902105472 2.38046055609191 -99 -99 -99 -99 -99 -99 -99 2.98330024139145 -99 -99 0.558083213102926 -99 -99
-99 -99 -99 -99 -99 -99 -99 -99 -99 2.76511280462988 -99 -99 -99 -99 -99
-99 -99 -99 -99 -99 -99 -99 -99 -99 -99 -99 -99 -99 -1.83522784853919 -99
-99 -99 -99 -99 -99 -99 2.6727785645267 -99 -99 -99 -99 -99 -99 -99 -99
-99 -99 -99 -99 -99 -99 -99 -99 -99 -99 -99 -99 -99 -99 -99
-99 -99 -99 -99 -99 -99 -0.247614957432004 -99 -99 -99 -99 -99 -99 -99 -99
-99 -99 -99 -99 -99 -99 -99 -99 -99 -99 0.286856016297885 -99 -99 0.470097406048208 -99
-99 1.65225928150046 -99 -99 -99 -99 -99 -99 -99 -99 -99 -99 0.439005287080946 -99 1.46173140059198
-99 -99 -99 -99 -99 -99 -99 -99 -99 -99 -99 -99 -99 -99 -99
-99 -99 -99 -99 -99 -99 -99 -99 -99 -99 -99 -99 -99 -99 -99
-99 -99 -99 -99 -99 -99 -99 -99 -99 -99 -99 -99 -99 -99 -99
-99 -99 -99 -99 -99 -99 -99 -99 -99 -99 -99 -99 2.14224047863619 -99 -99
-99 -99 -99 -99 -99 -99 1.57091090108995 1.36786212604251 -99 -99 -99 -99 -99 -99 -99
-99 -99 -99 -99 -99 -99 -99 -99 2.72100315746724 -99 -99 2.05473395555278 -99 -99 -99
-99 -99 -99 -99 -99 -99 -99 -99 -99 -99 0.732948595824506 -99 -99 0.875402674643692 -99
-99 -99 -99 -99 -99 -99 -99 -99 -99 -99 -99 -99 -99 -99 -99
0.523311769379492 -99 -99 -99 -99 -99 -99 -99 -99 -99 -99 1.51477234160449 -99 -99 -99
-99 -99 -99 -99 -99 -99 -99 -99 -99 -99 -99 -99 -99 -99 -99
-99 -99 -99 -99 -99 -99 -99 -99 -99 -99 -99 -99 0.450998496843449 -99 -99
-99 -99 -99 -99 -99 0.95080374336097 -99 -99 -99 -99 -99 -99 -99 -99 -99
-99 -99 -99 -99 -99 -99 -99 -99 -99 -99 -99 -99 -99 -99 -99
-99 -99 -2.14766674963667 -99 -99 1.06809588538618 -99 -99 -99 -99 -99 -99 -99 -99 -99
-99 -99 -99 -99 -99 -99 -99 3.0243673544087 -99 -99 -99 -99 -99 -99 1.91893524626478
-99 2.92013718247818 -99 -99 -99 -99 -99 -99 -99 3.99416566242982 -99 -99 -99 -99 -99
-99 -0.296600931536799 -99 -99 -99 -99 -99 -99 -99 -0.271324619378505 -99 -99 -99 -99 -99
-99 -99 -99 -99 -99 -99 -99 -99 -99 -99 -99 -99 -99 1.91026578665199 -99
-99 -99 -99 -99 -99 -99 -99 -99 -99 -99 -99 -99 -99 -99 -99
-99 1.98630985335695 -99 -99 -99 -99 -99 -99 -99 -99 -99 -99 3.46979061570769 1.33719496902309 -99
-99 -99 -99 -99 -99 -99 -99 -99 -99 -99 -99 -99 -99 -99 -99
1.60261821042727 -99 -99 -99 -99 -99 -99 -99 -99 -99 -99 -99 -99 -99 -99
-99 -99 -99 -99 -99 -99 -99 -99 -99 0.815313282330638 -99 -99 -99 -99 -99
-0.140141752341814 -99 -99 -0.833468082132061 -99 -99 -99 -99 -99 -99 -99 -99 2.02407481533386 -99 1.33991510592313
-99 -99 -99 -99 -99 -99 -99 -99 -99 -99 -99 -99 -99 2.1673471459377 -99
-99 -99 -99 -99 -99 -99 -99 -99 -99 -99 -99 -99 -99 -99 -99
-99 -99 -99 -99 -99 -99 -99 1.15209309482843 -99 -99 -99 -0.527815126825809 -99 -99 -99
-99 -99 -99 -99 -99 -99 -99 -99 -99 -99 -99 -99 -99 -99 -99
-99 -99 -99 -99 -99 -99 -99 -99 -99 -99 -99 -1.75885566532137 -99 -1.17388192131377 -99
-99 -99 -99 -99 -99 -99 -99 -99 -99 -99 -99 -99 -99 -99 -99
-99 -99 -99 -99 -99 -99 0.605341441224888 0.492078924877499 -99 -99 -99 -99 -99 -99 -99
-99 -99 -99 -99 0.388583387960539 -99 -99 -99 -99 -99 -99 -99 -99 -99 -99
1.93200667674564 -99 -99 -99 -99 -99 0.87883958300464 -99 -99 -99 -99 -99 0.563034294345852 -99 -99
-99 -99 -99 -99 -99 -99 2.35092786862732 -99 -99 -99 -99 -0.982816771519064 -99 -99 1.74255900713784
-99 -99 -99 -99 -99 -99 -99 -99 -99 -99 -99 -99 -99 -99 -99
0.4164267876651 2.6894361162254 -99 -99 2.38116091960697 -99 -99 -99 -99 1.40376150309688 -99 -99 -99 -99 -99
-99 -99 -99 -99 -99 -99 -99 -99 -99 1.80392764871196 -99 -99 -99 -99 -99
-99 -99 -99 -99 -99 1.56213743564495 -99 -99 -99 -99 -99 -99 -99 0.912275965886558 -99
-99 -99 -99 -99 -99 -0.262989221408366 -99 -99 1.46826063340467 -99 -99 -99 -99 -99 -99
-99 -99 -99 -99 -99 -99 -99 -99 -99 -99 -99 -99 -99 -99 -99
-99 -99 -99 -99 -99 -99 4.0527756888551 -99 -99 -99 -99 -99 -99 -99 -99
-0.577337709473617 -99 -99 -99 -99 -99 -99 -99 -99 -99 0.445313268109853 -99 -99 -99 -0.149638678983149
-99 -99 -99 -99 -99 -99 -99 -99 -99 -99 -99 -99 -99 -99 -99
-99 -99 -99 -99 -99 -99 -99 -99 -99 -99 -99 -99 0.65590758506639 -99 -99
-99 -99 -99 0.157194042329282 -99 -99 -99 -99 -99 -99 -99 -99 -99 -99 -99
-99 -99 -99 -99 -99 -99 -99 1.15982921840263 -99 -99 3.58511762822749 -99 -99 -99 -99
-99 -99 -99 -99 0.328915957751642 -99 -99 -99 -99 -99 -99 -0.243034134526207 -99 -99 -99
-99 0.732707066897597 -99 -99 -99 -99 -99 -99 -99 -99 -99 -99 -99 0.112378006337166 -99
-0.885535589903477 -99 -99 -99 -99 -99 -99 0.454493366571254 -99 -99 -99 -99 -99 1.22329389642717 -99
-99 -99 -99 -99 -99 -99 -99 -0.143131990607841 -99 -99 -99 -99 -0.165914360661912 -99 -99
-99 0.10139674683088 -0.926801466414631 -99 -99 -99 -99 -99 -99 -99 -99 -99 -99 -99 -99
-99 -99 -99 1.84195704189832 -99 -99 -99 -99 2.09767904602325 -99 -99 -99 -99 1.9916634068777 -99
-99 -99 -99 -99 -99 -99 -99 -99 2.43542157999851 -99 -99 -99 2.24829430154065 -99 -99
-99 -99 -99 -99 -99 -99 -99 -99 1.10156260935943 -99 -99 -99 -99 0.135612287107041 -99
-99 -99 -99 -99 -99 -99 -99 -99 -99 -99 -99 -99 -99 -99 -99
2.37487045943597 0.361384371996138 -99 -99 0.132799955837869 -99 -99 -99 -99 -99 -99 -99 -99 1.13113051955307 -99
-99 -99 -99 -99 -99 -99 -99 -99 -99 1.98094793047754 -99 -99 -99 -99 -99
-99 -1.02010452478174 -99 -99 -0.885315796023617 -99 -99 -99 -99 -99 -99 -99 -99 -99 -99
2.21667385719671 -99 -99 -99 -99 -99 -99 -99 -99 -99 -99 -99 -99 -99 -99
-99 -99 1.33143949020653 -99 -99 -99 -99 -99 -99 -99 -99 1.14813953800393 -99 -99 -99
-1.05708800688492 -99 -99 -99 -99 -99 -99 0.955005984569192 -99 -99 -99 -99 -99 1.46380588593573 -1.3042892509885
-99 -99 -99 -99 -99 -99 -99 -99 -99 -99 -99 -99 -99 -99 -99
-99 -99 -99 -99 -99 -99 -99 -99 -99 -99 -99 -99 -99 -99 -99
-0.857947858310424 -99 -99 -99 -99 -99 -99 -99 0.290080878897331 -99 -99 -99 -99 -99 -99
0.59777589978399 -99 -99 -99 -99 1.3951133358522 -99 -99 -99 -99 -99 -99 -99 -99 -99
-99 -99 -99 -99 -99 -99 0.532999670234862 -99 -99 2.42213011890901 -99 -99 -99 -99 -99
-99 -99 -0.938588363625126 -99 -99 -99 -99 0.321453723599869 -99 -99 -99 -99 -99 -99 -99
-99 -99 -99 -99 -99 -99 2.14214846315574 -99 -99 -99 -99 -99 -99 -99 -99
-99 -99 -0.176914153352197 -99 -99 -99 -99 -1.66454569505291 -99 -0.609144438039105 -99 -99 -99 -99 -99
-99 -99 -99 -99 -99 2.72231389726885 3.50726630843461 -99 2.45683198146204 3.654783727176 -99 -99 -99 -99 -99
-99 0.357858307152268 -99 -99 -99 -99 -99 -99 1.57418605953799 0.845405066727401 -99 1.48949177093966 -99 -99 -99
0.88539630091971 -99 -99 -99 -99 -99 -99 -99 -99 -99 -99 -99 -99 -99 -99
-99 -99 -99 -99 -99 -99 -99 -99 -99 -99 -99 -99 -99 2.82297972429951 -99
-99 -99 -99 -99 -99 -99 -99 -99 -99 -99 -99 -1.11240907546712 -99 -99 -99
-99 -99 -99 -99 -99 -99 -99 -99 -99 -0.0454060368097715 -99 -99 -99 -99 -99
-99 -99 -99 -99 -99 -99 -99 2.84774548443807 -99 -99 -99 -99 -99 -99 -99
-99 -99 -99 -99 -99 -99 -99 -99 -99 -99 -99 -99 2.57639931880976 -99 -99
-99 -99 -0.293473101388887 -99 -99 -99 -99 -99 -0.330315214012972 -99 -99 -99 -99 -99 -0.529355008191824
-99 -99 -99 -99 -99 -0.696285733003705 -99 -99 -99 -99 0.0254505273972857 -99 -99 2.15279572182904 -99
-99 -99 -99 -99 -99 -99 -99 -99 -99 -99 -99 -99 0.209317725148908 2.8025539198493 1.88043378691081
-99 -99 -99 -99 -99 -99 -99 -99 1.65524674307776 -99 -99 -99 -99 -99 -0.0190098082277403
-99 -99 -99 -99 -99 -99 -99 -99 1.23551339776386 -99 -99 -99 -99 -99 -99
-99 -99 -99 -99 -99 -99 -99 -99 -99 -99 -99 -99 0.592546476145314 -99 -99
-99 -99 -0.240362255120335 -99 -99 -99 -99 -99 -99 -99 -99 -99 -99 -99 -99
-99 -99 -99 -99 -99 -99 -99 -99 -99 -99 0.534062815548875 -99 -99 -99 -99
-99 2.87013375568917 -99 -99 -99 -99 2.18608617130661 -99 -99 -99 -99 -99 -99 -99 -99
-99 -99 -99 -99 -99 -99 -99 -0.656911182736455 -99 -99 -99 0.989198486557254 -99 -99 -99
-99 -99 -99 -99 -99 -99 -99 1.83626674461956 -99 -99 -99 -99 -99 -99 -99
-99 -99 -99 -99 -99 -99 -99 -99 -99 -99 -99 -99 -99 -99 -99
-99 -99 -99 -99 -99 -99 -99 -99 -99 -99 -99 -99 -99 -99 -99
-99 -1.24312827487546 -99 -99 -99 -99 -99 -99 -99 -99 -99 -99 -99 -1.83492389957495 -99
-99 -99 -99 4.32235684211296 2.95412371003488 2.86739981923428 -99 -99 -99 -99 -99 -99 -99 -99 -99
-99 -99 -99 -99 -99 -99 -99 -0.228332031680128 -99 1.01953365786108 -0.109398330887521 -99 -1.94425277051484 -99 -99
-99 1.23916713786342 0.957419479914104 -99 -99 -99 -99 -99 -99 -99 -99 -99 -99 -99 0.823962432626284
-99 -99 -99 -99 -99 -99 -99 -99 -99 -99 -99 -99 -99 -99 -99
-99 -99 -99 -99 -99 -99 -99 -99 -99 3.85798535345415 -99 -99 -99 -99 -99
-99 -99 -99 -2.06462855057405 -99 -99 -1.95668909821228 -99 -99 -99 -99 -99 -99 -0.119207060525496 -99
-99 -99 -99 -99 -99 -99 -99 -99 -99 -99 -99 -99 -99 -99 -99
-99 2.66586337276023 -99 -99 -99 -99 -99 -99 2.69975316615092 -99 -99 -99 -99 -99 -99
-99 -99 -99 -99 -99 3.3807590394662 -99 -99 -99 -99 -99 -99 -99 -99 -99
-99 -99 -99 1.35960303456808 0.813135511348364 -99 -99 -99 -99 -99 -99 0.869223235101171 -99 -99 3.33928964103843
-99 -99 -99 -99 -99 -99 -99 -99 -99 -99 -99 -99 -99 -99 -99
-99 -99 -99 -99 -99 -99 -99 -99 -99 -99 -99 -99 -99 -99 -99
-99 -99 -0.39776537978499 -99 -99 -99 -99 0.241359096296408 -99 -99 -99 -99 -99 0.518707712415386 -99
-99 -99 -99 -0.14685803422595 0.288844375488974 -99 -0.479399856469915 -99 -99 -99 -99 -99 -99 -99 -99
-99 -99 -99 -99 -99 -99 -99 -99 -99 -99 -99 -99 -99 -99 -99
-99 -99 -99 2.30754867978093 -99 -99 -99 -99 -99 -99 -99 -99 -99 -99 -99
-99 -99 -99 -99 2.39997177581656 1.7578861470477 -99 -99 0.877812728387243 -99 -99 -99 -99 -99 -99
-99 -99 -99 -99 -99 -99 -99 -99 -99 -99 -99 -99 -99 -99 -99
-99 -99 -99 0.353730582610224 -99 -99 -99 -99 -99 -99 -99 -99 -99 -1.38465592208243 -0.640498167070988
-99 -99 -99 -99 -99 0.812515461052161 -99 -99 -99 -99 -99 -99 -99 -99 -99
-99 -99 -99 -99 -99 -0.0785495669331673 -1.74393548947294 -99 -99 -99 -99 -99 -99 -99 -0.962437531751125
-1.07708247314273 -99 -99 -99 -99 -0.576558267099279 -99 -99 -99 -99 -99 -99 -99 -99 -99
-99 -99 -99 -0.0603360357927187 -99 1.17241339462066 -99 -99 -0.0950017870149384 0.876317369142115 -99 -99 -99 -99 0.574583715546555
-99 -99 -99 -99 -99 0.63179614882077 2.20707049586582 -99 -99 -99 -99 -99 -99 -99 -99
-99 -99 -99 -99 -99 -99 -99 -99 -99 -99 -99 -99 -99 -99 -99
-99 -99 -99 2.20504844493747 -99 2.25096445052798 -99 -99 -99 -99 -99 -99 -99 -99 -99
-99 -99 -99 -99 -99 -99 -99 -99 -99 -99 -99 -99 -99 -99 -99
-99 -99 -99 -99 -99 -99 -99 -99 -99 -99 -99 -99 -99 -99 -99
-99 -99 0.405356007277767 -99 -99 -99 -99 -99 -99 -99 -99 -99 1.40128183899545 0.400076636203006 -99
-99 -99 -99 -99 -99 -99 -99 -99 0.337680337750607 -99 -99 -99 -99 1.23719630603104 -99
-99 -99 -99 -99 -99 -99 -99 -99 -99 -99 -99 -99 -99 -99 -99
-99 -99 -99 -99 -99 -99 -99 -99 -1.35487496861285 -99 -99 -99 -99 -99 -99
-99 -99 -99 -99 -99 -99 -99 -99 -99 -99 -99 -99 -99 -99 -99
-99 -99 -99 -99 -99 -99 -99 -99 -99 -99 -99 -99 -99 -99 -99
-99 -99 -99 -99 -99 -99 -99 -99 -99 -99 -99 -99 -99 -99 -99
-99 -99 2.36032032729547 -99 -99 -99 -99 -99 -99 1.49122402542973 -99 -99 -99 -99 -99
-99 -99 -99 -99 -99 -99 1.23366570504068 -99 0.883945885889172 -99 -99 -99 -99 -99 -99
-99 -99 -99 -99 -99 -99 -99 0.270145777428499 -99 -99 -99 -99 -99 -99 -99
-99 -99 -99 -2.1727562368945 -99 -99 -99 -99 -99 -2.54138766891197 -99 -0.0988609716203481 -99 -0.987565392524935 -99
-99 -99 -99 -99 -99 -99 -99 -99 0.700024791263794 -99 -99 -99 -99 -99 -99
-99 -99 -99 -99 -99 -99 -99 -99 -99 -99 -99 0.795083595108654 -99 -99 -99
-99 1.12577920509138 -99 -99 -99 -99 -99 -99 -99 -99 -99 -99 -99 -99 -99
-99 -99 -99 -99 -99 -99 -99 -99 -99 -99 -99 -99 -99 -99 -99
-99 -99 -99 -99 -99 -99 -99 -99 -99 -99 -99 -99 -99 -99 -99
-99 -99 -99 -99 -99 -99 1.09297531486811 -99 -99 -99 -99 -99 -99 -0.0481314627998513 2.61194780718021
-99 -99 -99 -99 -99 -99 -99 -99 -99 -99 -99 -99 -99 -99 -99
-99 -99 -99 -99 -99 -99 -99 -99 -0.294796954977121 -99 -99 -99 -99 -99 -99
-99 -99 0.703475456571858 -99 -99 -99 -99 -99 -99 -99 -99 -99 -99 -99 -99
-99 -99 2.55572706556696 0.887385212008481 -99 -99 -99 -99 -99 -99 -99 -99 -99 0.489963745189089 -99
-99 3.55323836686118 -99 -99 -99 -99 -99 -99 -99 -99 2.23854621619581 -99 0.475221332776822 -99 -99
-99 -99 -99 -99 -99 -99 -1.12430678366172 -99 -99 -99 -99 -99 -99 -99 -99
-99 -99 -99 -99 0.656399073427385 -99 -99 -99 -99 -99 -99 -99 -99 -99 2.25464200497245
-99 -99 -99 -99 -99 -99 -99 -99 2.91296965280957 -99 -99 -99 -99 -99 -99
-99 -99 -99 -99 -99 -99 -99 -99 -99 -99 -99 -99 -99 -0.738302470603468 -99
-99 -99 -99 -99 -99 -99 -99 -99 -99 -99 -99 -99 0.657247621442311 -99 -99
-99 -99 -99 -99 -99 -99 -99 -99 -99 -99 -99 -99 -99 -99 -99
-99 -99 -99 -99 -99 -99 0.958040104495193 -99 -99 -99 -99 1.8983094364866 -99 -99 -99
-99 -99 -99 -99 -99 -99 -99 -99 -99 -99 -99 -99 -99 -99 -99
-99 -99 -99 -99 -99 -99 -99 -99 -99 -99 -99 -99 -99 -99 -99
-99 -99 1.57908031563469 -99 1.3206529981931 -99 -99 -99 -99 -99 -99 -99 -99 -99 -99
-99 -99 -99 -99 -99 -99 -99 -99 0.972919126235356 -99 -99 -99 -99 -99 -99
-99 -99 -99 3.51371708490457 -99 -99 -99 -99 -99 -99 -99 -99 -99 -99 4.86650864053778
-99 -99 -99 -99 -99 -99 -99 -99 -99 -99 -99 -99 -99 -99 -99
-99 -99 -99 -99 -99 -99 -99 2.94544512395463 -99 -99 2.2259686119686 -99 -99 1.9403657069043 -99
-99 -99 3.13112527421472 -0.00108730063641116 -99 -99 -99 -99 -99 -99 -99 -99 -99 -99 -99
-99 -99 -99 -99 -99 -99 -99 -99 -99 -99 -99 -99 -99 -99 -99
-99 -99 -99 -99 -99 -99 -99 -99 -99 -99 -99 0.746943271907147 -99 -99 -99
-99 -99 -99 -99 -99 -99 -99 -99 -99 -99 -99 -99 -99 -0.0948124939329 -99
-99 -99 -99 -99 -99 -99 -99 -99 -99 -99 -99 -99 -99 -99 -99
-99 -99 -99 -99 -99 -99 1.16311704123349 -99 -99 -99 -99 -99 -99 -99 -99
-99 -99 -99 -99 -99 -99 -99 -99 -99 -99 0.478352156732419 -99 -99 2.12634421325157 -0.0961116845290721
-99 -99 -99 -99 -99 0.556684035369672 -99 -99 -99 -99 -99 -99 3.03560142798959 -99 -99
-99 -99 -99 2.36444331352114 -99 -0.780622091819408 -99 -99 -99 -99 -99 -99 -99 -99 -99
-99 -99 -99 -99 -99 -99 -99 -99 -99 -99 -99 -99 -0.31479188135514 -99 -99
-99 -99 -99 -99 -99 -99 -99 -99 -99 -99 -99 -99 -99 -99 -99
-99 -99 -99 0.663868532020376 -99 -99 -99 -99 -99 0.0906229141683756 -99 -99 -99 -99 -99
-99 -99 -99 -99 -99 -99 -99 -99 -99 -99 -99 -99 -99 -99 -99
-99 -99 -99 -99 -99 -99 -99 3.05536618118924 -99 -99 1.62072456880217 -99 -99 -99 -99
-99 -99 -99 -99 -99 -99 -99 -99 -99 -99 -99 -99 -99 1.13464250859159 -99
-99 -99 -99 -99 -99 -99 -99 -99 -99 -99 -99 -99 -99 2.6599268292656 -99
-99 2.71111058558626 -99 -99 -99 -99 1.27021649587506 -99 -99 -99 -1.8634500191676 -99 -99 -99 -99
-99 -99 -99 -99 -99 -99 -99 -99 -99 -99 -99 -99 -99 -99 -99
-99 -99 -99 -99 -99 -99 0.535709099867635 -99 -99 -99 -99 -99 -99 -99 1.07241279387079
-99 -99 -99 -99 3.12803897713916 -99 -99 -99 1.39437846047126 -99 -99 1.30907554385958 -99 -99 -99
-99 -99 -99 2.3527582668402 -99 -99 -99 -99 -99 -99 -99 -99 -99 -99 -99
-99 -99 -99 -99 -99 -99 -99 -99 -99 -99 -99 -99 -99 -99 -99
-99 -99 -99 -99 -99 -0.682991610164794 -99 -99 -99 -99 -99 -99 -99 -99 -99
-99 -99 -99 -99 -99 -99 -99 -99 -99 -99 -99 -99 -99 -99 3.20473081966788
-99 -99 -99 -99 -99 -99 -99 3.55919998272415 -99 -99 -99 -99 -99 -99 -99
-99 -99 2.20665864137983 -99 -99 -99 -99 -99 -99 -99 -99 -99 -99 -99 -99
-99 0.0278316185129495 -99 -99 -99 -99 -99 -99 -99 -99 -99 -99 0.565735730404281 -99 -99
-99 -99 -99 -99 -99 -99 -99 -99 -99 -99 -99 -99 -99 -99 -99
-99 -99 -99 -99 -99 -99 -99 -99 -99 -99 0.835684300409148 -99 -99 -99 -99
-99 -99 -99 -99 -99 -99 1.33772528069933 -99 -99 -99 -99 -99 -99 -99 -99
-99 -99 -99 -99 -99 2.06987226659731 2.3802658940718 -99 -99 -99 -99 -99 -99 -99 -99
0.288914751964905 -99 -99 -99 -99 -99 -99 -99 -99 -99 -99 -99 -99 -99 -99
-99 -99 -99 -99 -99 -99 -99 -99 -99 -99 -99 -2.13891089869163 -99 -99 -99
4.00973440069922 -1.55578613642118 0.916307013831359 -99 -99 -99 -99 -99 -99 1.12118578958079 2.26306609094363 -99 -99 -99 -99
-99 -99 -99 -99 -99 -99 -99 -99 -99 0.64483886013165 -99 -99 -99 -99 -99
-99 -99 -99 -99 -99 -99 -99 -99 -99 -99 -99 -99 5.06202019781427 -99 -99
-99 -99 -99 -99 -99 -99 -1.43535508966931 -99 -99 -99 -99 -99 -0.359857510910222 -99 -99
-99 -99 -99 -99 -99 -99 -99 -99 -99 -99 -99 -99 -99 -99 -99
-99 -99 -99 -99 -99 -99 -99 -99 -99 -99 -99 -99 -99 1.41174862653461 2.72874279458791
2.71885393133921 -99 -99 -99 -99 -99 -99 -99 -99 -99 -99 -99 -99 -99 -99
-99 -99 -99 -99 -99 -99 -99 1.71284195930433 -99 -99 -99 -99 -99 -99 -99
-99 -99 -99 -99 -99 -99 -99 -99 -99 7.4007045777929 -99 -99 -99 -99 -99
-99 -99 -99 -99 -99 -99 0.766755940443455 -99 -99 -99 -99 -99 -99 -0.157390575952208 -99
2.87949589031665 -99 -99 -99 -99 -99 -99 -99 -99 -99 -99 -99 -99 -99 -99
-99 -99 -99 -99 -99 -99 -99 -99 -99 -0.275155635892435 -99 -99 -99 -99 -99
-99 1.99099613973766 -99 -99 -99 -99 -99 -99 -99 -99 -99 -99 -99 -99 -99
-99 -99 -99 -99 -99 -99 -99 -99 -99 -99 -99 -99 -99 -99 -99
-99 -99 -1.57195193622504 -99 -99 -99 -99 -99 0.514757425330615 -99 -99 -99 -99 -99 -99
-99 -99 -99 -99 -99 -99 -99 -99 -99 -99 -99 -99 -99 -99 -0.142380246808054
-0.501892759369512 -99 -99 1.03903915151639 -99 -99 0.443763655298724 -99 -99 -99 -99 0.414965818574654 -99 -99 -99
-99 -99 -99 -99 -99 -99 -99 1.25490323933954 -99 -99 -99 -99 -99 -99 -99
-99 -99 -99 -99 -99 -99 -99 -99 -99 -99 -99 -99 -99 -99 -99
-99 -99 0.159177613075501 -0.978392622687565 -99 -99 -99 -0.102038527762175 -99 -99 -1.83475651961131 -99 -0.46316148645053 -99 -1.12755987731509
-99 -99 -99 -99 -99 -0.157771625314329 -99 -99 -99 -0.681860623235844 -99 -0.300818666104106 -99 -99 -99
-99 -99 1.84444603465389 -99 -99 -1.5241369240595 -99 -99 -99 -99 -99 -99 -99 -99 -99
-99 -99 -99 -99 -99 -99 -99 2.54263493661055 -99 -99 -99 -99 -99 -99 2.44069581023071
-99 -99 -99 -99 1.62431838180666 -99 -99 -99 -99 -99 1.70374706521878 -99 -99 -99 -99
2.15797353976152 -99 -99 -99 -99 -99 -99 1.50754677913576 -99 -99 -99 -99 -99 -99 -99
-99 -99 -99 -99 -99 -99 -99 -99 -99 -99 -99 -99 -99 -99 -99
-99 -99 -99 -99 -99 -99 -99 -99 -99 -99 -99 -99 -99 -99 -99
-99 -99 -99 -99 -99 -99 -99 -99 -99 1.38019636771528 -99 -99 -99 -99 -99
-99 -99 -99 -99 -99 -99 -99 -99 -99 -99 -99 -99 -99 -99 -99
-99 -99 -99 -99 -99 -99 -99 -99 -99 -99 -0.651876884640868 -99 -99 -99 -99
-99 -99 -99 -99 -99 -99 -99 -99 -99 -99 -99 -99 -99 -1.34981513682273 -99
