0.578811046008865 -99 -0.239504414180936 -99 -99 -99 -99 -99 -99 -0.699150619160702 -99 2.48600591856914 -99 -99 -99
-99 -99 -99 -99 -99 -99 -99 -99 -99 -99 -99 -99 -99 -99 -99
-99 -99 -99 -99 -99 -0.583089018413052 -99 0.350469176132399 -99 -99 -99 1.84459131734357 -99 -99 1.36191751343624
-99 -99 -99 3.12445710036331 -99 1.59970525929993 -99 0.113204704577534 -99 -99 -99 -99 -99 -99 -99
-99 -99 -99 -99 -99 -99 -99 -99 -99 -99 -99 -99 -99 -99 -99
-99 -99 -99 -99 1.60130197354059 -99 -99 -99 -99 -99 -99 -99 -0.0245564853387412 -99 -99
-99 -99 1.49885100269015 -99 -99 -99 -99 -99 -99 -99 -99 -99 -99 -99 -99
2.51384756295319 -99 -99 1.26118057517267 -99 -99 -99 2.22298044417905 -99 -99 -99 -99 -99 -99 -0.302074452505575
-99 -99 -99 -99 -99 2.10176820710119 -99 -99 -99 -99 -99 -99 -99 -99 2.03609788246552
-99 -99 -99 -99 -99 -99 -99 -99 -99 -99 -99 -99 -99 -99 -99
-99 -99 -99 -99 -99 -99 -99 -99 -99 -99 -99 -99 -99 -99 0.147631433995499
-99 -99 -99 -99 -99 -99 -99 0.365512814610355 -99 -99 -99 -99 -99 -99 -99
-99 -99 -99 -99 0.464576351894025 -99 -99 -99 -99 -99 -99 -99 -99 -99 -99
-99 -99 -99 -99 -99 -99 -99 -99 -99 -99 -99 -99 -99 -99 -99
-99 -99 -99 -1.66218821009684 -99 -99 -99 -1.86710389695026 -99 -99 -99 -99 -99 -99 -99
-99 -99 -99 -99 -99 -99 -99 -99 -99 -99 1.0425184677231 -99 -99 -99 -99
-99 -99 -99 -99 -99 2.03944019422738 -99 -99 1.78088704254452 1.22159009021273 -99 -99 -99 -99 -99
-99 -99 -99 -99 -99 -99 -99 -99 -99 -99 -99 -99 -99 -99 -99
-99 -99 2.17219711469398 -99 -99 -99 1.03300264217269 -99 -99 -99 -99 -99 -99 -99 -99
2.49893196954368 -99 -99 0.942425199180396 -99 -99 -99 0.219106344381643 -99 -99 -99 -99 -99 -99 -99
1.57428786731782 -99 -99 -99 -99 -99 -99 -99 0.16576764586026 -99 -99 -99 -99 -99 2.35666687221719
-99 -99 -99 -99 -99 -99 -99 -99 -99 -99 -99 -99 -99 -99 -99
-99 -99 -99 -99 -99 -99 -99 -99 -99 -99 -99 -99 -99 -99 2.45833521978952
-99 -99 -99 -99 -99 -99 -99 -99 -99 -99 1.22285715391789 -99 -99 -99 2.73777984470652
1.44998625908666 -99 -99 -99 -99 -99 -99 -99 -99 -99 -99 0.813111450814298 -99 -99 -99
-99 -99 -99 -99 -99 -99 -99 -99 -99 1.51277914767623 -99 -99 -99 -99 -99
-99 -99 0.406940593101664 -99 -99 -99 -99 -99 1.0860376474619 -99 -99 -99 -99 -99 -99
-99 -99 -99 -99 -0.302034910181396 -99 -99 -99 2.3655243437926 -0.80512992992011 -99 -99 -99 2.83091145289578 -99
-99 -99 -99 -99 -99 -99 -99 1.49176798575884 -99 -99 -99 -99 -99 -99 -99
-99 -99 -99 -99 -99 -99 -99 -0.569081356318385 -99 -99 -99 -99 -99 -99 -99
-99 -99 -99 -99 -99 -99 -99 -99 -99 -99 -99 -99 -99 -99 -99
-99 -99 -99 -99 -99 -99 -99 -99 -99 -99 -99 -99 -99 -99 -99
-99 0.562393511599067 -99 -99 -99 -99 -99 0.399516344111334 -99 -99 -99 -99 -99 -99 1.78832181429147
-99 -99 -99 -99 0.24551807489909 -99 -99 -99 -99 -99 -99 -99 -99 -99 -99
-99 -99 -99 -99 -99 -99 -99 -99 -99 -99 -99 -99 1.95825446741112 0.635517030812901 -99
-99 -99 -99 -99 -99 -99 -99 -99 -99 -99 -99 -99 -99 -99 -99
-99 -99 -99 -99 -99 -99 -99 -99 -99 -99 -99 -99 -99 -99 2.14619071202639
-99 -99 0.0179229601956872 -99 -0.710478854661631 -99 -99 -99 -99 -99 -99 -99 -99 -99 -99
-99 -99 0.110047831263018 -99 -99 -99 -99 -99 -99 -99 -99 -99 -99 -99 -99
-99 2.21834722303165 -99 -99 -99 -99 -99 -99 -99 -99 -99 -0.239723463683064 -99 -99 -99
-1.40725139732366 -99 -99 -99 -99 -3.98601348415555 -99 -99 -99 -99 -99 -99 -99 -99 -99
-99 -99 -99 -99 -99 -99 -99 -99 -99 -99 -99 -99 -99 -99 -99
-99 -99 -99 -99 -99 -99 -99 -99 0.853066963488945 -99 -99 -99 -99 0.107977486607205 -99
-99 -99 -99 -99 -99 -99 -99 -99 -99 -99 -99 -99 -99 -99 -99
-99 -99 -99 -99 -99 -99 -1.13087249721735 -99 -99 -99 -99 -99 -99 -99 -99
-99 -99 -99 -99 -99 -99 -99 -99 -99 -0.694083749051747 -99 -99 -99 -99 -99
-99 -99 -99 -99 -99 -99 -99 -99 -99 -99 -99 -99 0.0116291916327932 -99 -99
-0.848111977062713 2.94643860286896 -99 1.22602511121898 -99 -99 -99 -99 -99 -99 -99 -99 -99 -99 -99
-99 -99 -0.347569830351371 -99 -99 -99 -99 -99 -99 -99 -99 -99 -99 -99 -99
-99 -99 -99 -99 -99 -99 -99 -99 -99 -99 -0.1310915990996 -99 1.64758654147208 -99 -99
-99 -99 -99 -99 -99 -99 -99 -99 -99 -99 -99 0.775069321054102 -99 -99 -99
-99 -99 -99 -99 -1.14989121716646 -99 -99 -99 -99 -99 -99 -99 -99 -99 -99
2.54270256710786 2.03305670097748 -99 -99 -99 -99 -99 -99 1.47221595005952 -99 -99 -99 -99 -99 -99
-99 -99 -99 -99 -99 -99 -99 -99 -99 -99 -99 -99 -99 1.48608018614309 -99
-99 -99 -99 -99 -99 -99 0.263420479510781 -99 -99 -99 -99 -99 -99 -99 0.123815268795787
-99 -99 -99 -99 -99 -99 -99 0.772201950564046 -99 -99 -99 -99 -99 -99 -1.62555893100189
-99 -99 -99 -99 -99 -99 -99 0.172453344579038 -99 -99 -99 -99 -99 -99 -99
-99 -99 -99 -99 -99 -99 -99 -99 1.94396526267577 -99 -99 -99 -99 -99 -99
-0.551545593708214 -99 -99 -99 -99 -99 -99 -99 -99 -99 -99 -99 -99 -99 -99
-99 -99 -99 -99 -99 -99 -99 -99 -99 -99 -99 -99 -99 -99 -99
-2.11082665767654 -99 -99 -99 -99 -99 -0.58186828288889 -99 -99 -99 -99 -99 0.567764490945432 -99 -99
-99 -99 -99 -99 -99 1.10585454539876 -3.80198394113036 -1.88084386596522 -1.23302349950442 -99 -99 -99 -99 -99 -99
-99 0.182458608087263 -99 -99 -99 -99 -99 -99 -99 -99 -99 -99 -99 -99 -99
1.14777608578994 -99 -99 -99 -99 -99 2.36221776718854 -99 -99 -99 -99 -99 -99 -99 -99
-99 -99 1.45604776559025 1.0117923759438 -99 -99 -99 -99 -99 -99 -99 -99 -99 -99 -99
-99 -99 -99 -99 -99 0.915757376107295 -99 -99 -99 -99 -99 0.895285336751616 -99 -99 0.0678231593319519
1.94737635354849 -99 -99 -99 1.23199670497026 -99 -99 -99 -99 -99 -99 -99 -99 -99 -99
0.196553265018233 -99 -99 -99 1.73762090387719 -99 -99 -99 -99 -99 -99 -99 -99 -99 -99
-99 -99 -99 0.932339427941175 -99 -99 -99 -99 -0.705402423940581 -99 -99 -99 -99 -99 -99
-99 -99 3.86046431162515 -99 0.527347599391972 -99 -99 -99 -99 -99 -99 -99 1.01176063723108 -99 -99
-99 -99 -99 -99 -99 -99 -99 -99 -99 -99 -99 -99 -99 -99 -99
-99 -99 1.8885126273206 -99 -99 -99 -99 -99 -99 -99 -99 -99 1.76560658150394 -99 -99
-99 -99 -99 -99 -99 -99 -99 -99 -99 -99 -99 -99 -0.760931165760287 0.831703560344264 -99
-99 -99 -99 -99 1.48965699361334 -99 -99 -99 -99 -99 -99 -99 -99 -99 -99
-99 -99 -99 -99 -99 -99 -99 -99 -99 -99 -99 -99 -99 -99 -99
-99 -99 -99 -99 -99 1.78480573471863 -99 -99 -99 -99 -99 -99 -99 -99 -99
4.27664157821613 3.07331781499681 -99 -99 -99 -99 4.4484764917526 -99 -99 -99 -99 -99 -99 -99 -99
-99 1.700736108791 -99 -99 -99 1.55840358816089 -99 -99 -99 -99 -0.299026096483237 -99 -99 -99 -99
-99 -99 -99 -99 -99 -99 -99 -99 -99 -99 -99 1.95490629527209 1.78309272529487 -99 -99
-99 -99 -99 -99 -99 -99 -99 -99 -99 -99 -99 -99 -99 -99 -99
-99 -99 -99 -99 -99 -99 -99 -99 -99 -99 -99 -99 -99 1.84083097952451 -99
-99 -99 -99 -99 -99 -99 -99 -99 -99 -99 -99 -99 -99 -99 -99
-99 -99 -99 -99 -99 -99 -99 -99 -99 -99 1.40451206252943 -99 -99 -99 -99
-99 -99 -99 -99 -1.20241148485705 -2.05460506859025 -99 -2.60862659043525 -99 -99 -99 -99 -99 -99 -99
-99 -99 -99 -99 -99 -99 -99 3.11886554060093 4.12213022635032 3.52522290841131 -99 -99 -99 -99 -99
-99 -99 -99 -99 0.832851831030972 -99 -99 -99 -0.706297272573322 -99 -99 -99 -99 -99 -99
0.0722729965942364 -99 -99 -99 -99 -99 -99 -99 -99 -99 -99 -99 -99 -99 -99
-99 -99 -99 -99 -99 -99 -99 -99 -99 -99 1.62235664343169 -99 -99 -99 -99
-99 -99 -99 -99 -99 -99 -99 -99 -99 -99 -99 -99 -99 -99 -99
2.20214708657473 -99 -99 -99 -99 -99 -99 -99 1.37096448073913 -99 -99 -99 -99 -99 -99
-99 -99 -99 -99 -99 -99 -99 -99 0.742259939201808 -99 -99 -99 -99 -99 -99
-99 -99 -99 -99 -99 -99 -99 -99 -99 -99 -99 -99 -99 -99 -99
-99 -99 -99 -99 -99 -99 -99 -99 -99 -99 -99 -99 0.980932906623111 -99 -99
-99 -99 -99 -99 -99 -99 -99 -99 -99 -99 -99 -99 -99 -99 -99
-99 -99 -99 1.66924269264776 -99 -99 -99 -99 -99 -99 -99 -99 -99 -99 -99
-99 -99 -99 -99 -99 -99 -99 -99 -99 -99 -99 -99 -99 -99 -99
1.2516128244098 -99 -99 -0.193713128874287 -99 -99 -99 -99 -99 -99 -99 -99 -99 -99 -99
-99 -99 -99 -99 -99 -99 -99 -99 -99 -99 -99 -99 -99 -99 -99
-99 -99 1.79608997671921 -99 -99 -99 -1.35054745135131 -99 -99 -99 -99 -99 -99 -99 2.5937086112716
0.528508122350385 -99 -99 -99 -99 -99 -99 -99 -99 0.478933741252037 -99 -99 1.66256955869862 -99 -99
-99 -99 -99 -99 -99 -99 -99 -99 -99 -99 -99 -99 -99 -99 -99
-99 -99 1.19218662633968 -99 0.556026825242359 0.999137843772801 -99 -99 -99 -99 -99 -99 -99 -99 -0.8515915286604
-99 -99 -99 -99 -99 -99 -99 -99 -99 -2.84947948456871 -99 -1.16124233650197 -99 -99 -99
-99 -99 -99 -99 -99 -99 1.67088066407682 -99 -99 -99 -99 -99 -99 -99 -99
-99 -99 0.696339954902964 -99 -99 -99 -99 -99 -99 -99 -99 1.14669262625095 1.52050040382129 -99 -99
-99 -99 -99 -99 -99 -99 -99 -99 -99 -99 -99 -99 -99 2.40043930804216 2.94348590940803
-99 -99 -99 -99 -99 -99 -99 3.37653710290208 -99 -99 -99 -99 -99 -99 -99
-99 -99 -99 -99 -99 -99 -99 -99 -99 -99 -99 -99 -99 -99 -99
-99 1.69303387643498 -99 -99 -99 -99 -99 0.498392407574689 -99 -99 -99 -99 -99 1.89573873268785 -99
-99 -99 -99 -99 -99 -99 -99 -99 -99 -99 -99 -99 1.18250917272022 -99 -99
-99 -99 -99 1.59876623800607 -99 -99 -99 -99 -99 -99 1.77792065631089 -99 -99 -99 -99
-99 -99 -99 -99 -99 -99 -99 -99 -99 -99 -99 -99 -99 -99 -99
-99 -99 -99 -99 -99 -99 -99 0.572934086674107 -99 0.622295942134798 -99 -99 -99 -99 -99
-99 -99 -99 -99 -99 -99 -99 -99 -99 -99 -99 -99 -99 -99 -99
-99 -99 -99 -99 -99 -99 -99 -0.499493224268122 -99 -99 -99 -99 -99 -99 -99
-99 -99 -99 -99 -99 -99 -0.783248331099412 -99 -99 -99 -99 -99 -99 -99 -99
-99 2.34318811300053 -99 -99 -99 -99 -99 -99 1.03218103198318 -99 -99 -99 -99 -99 -99
-99 -99 0.0457129111264488 -99 -99 -99 -99 1.03723621734743 -99 -99 -99 -99 -99 -99 -99
-99 -99 -99 -99 -99 -99 -99 -99 -99 -99 -0.579836550964247 -99 -0.263376814848162 -99 -99
-99 -99 -99 -99 -99 1.53376039493139 -99 1.75216707171119 -99 -99 -99 -99 -99 -99 0.619980294867131
-99 -99 -99 -99 -99 -99 -99 -99 1.40951520499668 -99 -99 -99 -99 -99 -99
-99 -99 -99 -99 -99 -99 -99 -99 -99 2.82279523329697 3.47974130758359 -99 -99 -99 -99
-0.600170292712609 -99 -99 -0.238584676376498 -99 -99 -99 -99 -99 -99 -99 -99 -99 -99 -99
-99 -99 1.24382697125646 -99 -99 -99 -99 -99 -99 -99 -99 -99 -99 0.13236373659937 -99
-99 -99 -99 -99 -99 -99 -99 -99 -99 -99 -99 -99 -99 -99 -99
-99 1.09668799755704 -99 -99 -99 -99 -99 -99 -99 -99 -99 -99 -99 1.40595003030701 -99
-99 -99 -99 -99 -99 -99 -99 -99 -99 1.29557519519219 -99 -99 -99 -99 -99
-99 -99 -99 -99 -99 -99 -99 -99 -99 -99 -99 -99 -99 -99 -99
-99 -99 -99 -99 -99 -99 -99 -99 -99 -99 -99 -99 -0.22954109981856 -99 -99
-99 -99 -99 -99 -99 -99 -99 -99 -99 -99 -99 -99 -99 -99 -99
-99 -99 -99 -99 2.05980328006151 0.656017860188605 -99 -99 -99 -99 -99 -99 -99 -99 -99
-99 -99 -99 -99 -99 -99 -99 -99 -99 -99 1.77277420706651 -99 -99 -99 -99
-99 -99 -99 -99 -99 -99 -99 -99 -99 -99 -99 -99 -99 -99 -99
-99 -99 -99 -99 -99 -99 -99 -99 -99 -99 -99 -99 -99 1.00996377631077 1.56476172371961
-99 -99 -99 -99 -99 -99 -99 -99 -99 -99 -99 -99 -99 -99 -99
-99 -99 -99 -99 -99 -99 2.80227121286057 -99 -99 -99 -99 0.461403942134387 -99 -99 -99
-0.307071196535354 -99 -99 -99 -99 -99 -99 -0.704691249358106 -99 -99 -99 -99 -99 -99 -99
-99 -99 -99 1.20552467540662 -99 -99 -99 -99 -99 -99 2.2294922164358 -99 -99 -99 -99
-99 -99 2.85007717157109 -99 -99 -99 -99 -99 -99 -99 -99 -99 -99 -99 -99
-99 -99 -99 -99 -99 -99 -99 -99 3.70689501547728 -99 -99 -99 -99 -99 -99
-99 -99 -99 -99 -99 -99 2.28457837490364 -99 1.93167114870154 -99 -99 -99 -99 -99 -99
-99 -99 -99 -99 -99 -99 -99 -99 -99 -99 -99 -99 -99 -99 -99
-99 -99 -99 4.98298690835372 -99 -99 -99 -99 -99 -99 -99 -99 -99 4.1576932050301 -99
-99 -99 -99 -99 -99 -99 -99 -99 -99 -99 -99 -99 -99 -99 -99
-99 -99 -99 -99 -99 -99 -99 -99 -99 -99 -99 -99 -99 -99 -99
-99 -99 -99 -99 -99 -99 -99 -99 -99 1.26242319482333 -99 -99 -99 -99 -99
-99 3.24802555110642 -99 -99 -99 -99 -99 -99 2.34939275103394 -99 -99 -99 -99 -99 -99
-99 -99 -99 -99 -99 -99 -99 -99 -99 0.485088255677881 -99 -99 -99 -99 -99
-99 -99 -99 -99 -99 -99 -99 -99 -99 -99 1.59071295035272 -99 -99 -99 -99
-99 -99 -99 -99 -99 -99 -99 -99 -99 -99 -99 -99 -99 -99 -99
-99 -99 -99 -99 -99 -99 1.82135133401911 -99 -99 -99 -99 -99 -99 -99 -99
-99 -99 -99 -99 -99 -99 -99 -99 -99 -99 -99 -99 -99 -99 1.72263471681736
-99 -99 -99 -99 1.44451947777044 -99 -99 -99 -99 -99 -99 -99 -99 -99 -99
-99 -99 -99 -1.05366847214898 -99 -99 -0.216665259614027 -99 -99 -99 -99 -99 -99 -99 -99
-99 -99 -99 -99 -99 -99 -99 -99 -99 -99 -99 1.23713347385674 -99 -99 -99
-99 -0.820295357405646 0.248883902810351 -99 -99 -99 -99 -99 -99 -99 -99 -99 -99 -99 -99
-99 -99 -99 -99 -99 -99 -99 -99 -99 -99 -99 2.9600774021999 -99 -99 -99
-99 -99 -99 4.13848842515652 -99 -99 -99 -99 -99 -99 -99 2.39028678689091 -99 -99 -99
-99 -99 -99 -99 -99 -99 1.93723855964704 -99 -99 -99 -99 -99 1.77502393351083 -99 1.57414307632908
-99 -99 -99 1.10621728881407 -99 -99 -99 -99 -99 -99 -99 -99 -99 -99 -99
-99 -99 -99 -99 -99 -99 -99 -99 -99 -99 -99 1.960049232264 1.71719005026471 -99 -99
-99 -99 -99 -99 -99 -99 -99 -99 -99 -99 -99 -99 -99 -99 -99
-99 -99 -99 -99 -99 -99 -99 -99 -99 -99 -99 -99 -99 -99 -1.48618772380065
-99 -99 -99 1.00699629223427 -99 -99 -99 -99 1.90738770491859 -0.844511359058931 -99 -99 -99 1.19790902319256 -99
2.38520585870966 -99 -99 -99 -99 -99 -99 -99 -99 -99 -99 -99 0.706153186715701 -99 -99
-99 -99 -99 -99 -99 -99 -99 -99 -99 -99 -99 -99 -99 -99 -99
-99 -99 -99 -99 -99 -99 -99 -99 -99 -99 1.00317461810833 -99 -99 -99 -99
-99 -99 -99 1.63552673745456 -99 -99 -99 -99 -99 -99 -99 -99 -99 -99 -99
-99 1.42351632179794 -99 -99 -99 -99 -99 -99 -99 -99 -99 -99 -99 -99 -99
-99 -99 -99 -99 -99 -99 -99 -99 -99 -99 -99 -99 -99 -99 -99
-99 -99 -99 -99 0.385528042394591 -0.164670891380914 -99 -99 -99 -99 -99 0.677932086725417 -99 -99 -99
-99 -99 -99 -99 -99 -99 -99 -99 -99 -99 -99 -99 0.0882378082523254 -99 -99
-99 -99 -99 -99 -99 -99 3.07325996292926 -99 -99 -99 -99 -99 -99 -99 -99
-99 -99 -99 -99 -99 -99 -99 -99 -99 0.266478826002694 -0.991191913200607 -99 -99 -99 -99
-99 0.816380563340569 -99 -99 -99 -99 -99 -99 -99 -99 -99 -99 -99 -99 -99
-99 2.51446798543143 -99 -99 -99 1.67911607432741 -99 -99 -99 -99 -99 -99 -99 -99 -99
-99 -99 -99 -99 -99 -99 -99 -99 -99 1.70697371748138 -99 -99 -99 -99 -99
-99 -99 -99 -99 -99 -99 -99 -99 -99 2.13604349546349 -99 -99 -99 -99 -99
-99 -99 -99 -99 -99 -99 -99 2.65483119947148 1.9764231175743 -99 -99 -99 -99 -99 -99
-2.19362125921887 -99 -99 -99 -99 -99 -99 -99 1.2399755928242 -99 -99 -99 0.863296012417201 -99 -99
1.32241402779685 -99 -99 -99 -99 -99 -99 -99 -99 -99 -99 -99 -99 1.37654480952928 -99
-99 -99 -99 -99 2.31053723924456 -99 -99 -99 -99 -99 2.12989193852929 2.49237501772076 -99 -99 -99
-99 -99 -99 -99 -99 -99 -99 -99 -99 -99 -99 -99 -99 -99 -99
-99 -99 -99 -99 -99 -99 -99 0.489046387572158 -99 -99 -99 -99 -99 -99 1.31877777949306
-99 -99 -99 0.992847131214682 -99 -99 -99 -99 -99 -99 -99 -99 -99 -99 -99
-99 -99 -99 -99 -99 -99 -99 -99 -99 -99 -99 -99 -99 -99 -99
-99 -99 -99 -99 -99 -99 -99 -99 -99 -99 -99 -99 -99 -99 -99
-99 0.555251543152785 -99 -99 -99 -99 -99 -99 -99 -99 -99 -99 0.934040000815516 -99 -99
-99 -99 -99 -99 -99 -99 1.28831325798158 -0.430368133454676 -99 0.506830215360047 0.967479363558614 -99 -99 -99 -99
-99 -99 1.36844085358925 -99 -99 -99 -99 -99 -99 -99 -99 -99 -99 -99 -99
-99 -99 -99 1.14101843618871 -99 1.04733490719324 3.38845835252989 -99 -99 -99 -99 -99 -99 -99 -99
-99 -99 -99 -99 -99 -99 -99 -99 -99 -99 -99 -99 -99 -99 -99
-99 -99 -99 -99 1.03729313356692 -99 -99 -99 -99 -99 -99 -99 -99 -99 -99
-99 -99 2.13127116997961 -99 -99 -99 -99 -99 -99 -99 -99 -99 -99 -99 3.63824185854358
-99 -99 -99 -99 -99 -99 -99 -99 -99 -99 -99 -99 -99 -99 -99
-99 -99 -99 -99 -99 -99 -99 -99 -99 2.51595631158114 -99 -99 -99 -99 -99
-99 -99 -99 -99 -99 -99 -99 -99 -99 -99 -99 -99 -99 -99 -99
-99 -99 -99 -99 -99 -99 -99 -99 -99 1.35325571159808 -99 -99 -99 -99 -99
-99 -99 -99 -99 3.63198027914261 -99 -99 -99 -99 -99 -99 -99 -99 -99 -99
-99 -99 -99 -99 0.726578381643115 -99 -99 -99 -2.16945561650712 0.414494454728077 1.30400166641713 -99 -99 -99 -99
3.00291231114746 -99 -99 -99 -99 -99 -99 -99 -99 -99 2.57333932528585 -99 3.34164378347684 -99 -99
-99 -99 -99 -99 -99 -99 -99 -99 -99 -0.629788861666867 -99 -99 -99 -99 -99
-99 -99 -99 -99 -99 -99 -99 2.00205947933532 -99 1.02239909008105 -99 -99 -99 -99 -99
-99 -99 -99 -99 -99 -99 -99 -99 -99 0.766409634180657 -99 0.793436142020629 -99 -99 -99
-99 -99 -99 -99 0.66596103665573 -99 -99 3.36339272598137 -99 -99 -99 -99 -99 -99 3.31630202115284
-99 -99 -99 -99 -99 -99 -99 -99 -1.37831724938265 -99 -99 -99 -1.12420854401951 -99 -99
-99 -0.14964281721471 -99 -99 -99 -99 -99 -99 -99 1.01960972206064 -99 -99 -99 -99 -99
-99 -99 -99 -99 -99 -99 -99 -99 -99 -99 -99 -99 -99 -99 1.89084093213742
-99 -99 -99 -99 -99 -99 -99 -99 -99 -99 -99 -99 -99 -99 -99
-99 -99 -99 1.49002799389976 -99 -99 3.41646506492952 -99 -99 -99 0.803621758385128 -99 0.612937868990186 -99 -99
-99 -99 -99 -0.513661129360302 -99 -99 -0.593135252006211 -99 0.719082018273443 -99 -99 -99 2.15344833064917 -99 -99
2.18583877192709 -99 -99 -99 2.217432576572 -99 -99 -99 -99 -99 -99 -99 -99 -99 -99
-99 -99 -99 -99 -99 -99 -99 -99 -99 -99 -99 -99 -99 -99 -99
-99 -99 -99 -99 -99 -99 -99 -99 -99 -99 -99 -99 -99 -99 -99
-99 -99 -99 -99 -99 -99 -99 -99 -0.468333647488199 -99 -99 -99 -99 -99 -99
-99 -99 -99 -99 -99 -99 -99 -99 0.339839854957916 -99 -99 -99 -99 -99 -99
-99 -99 -99 -99 -99 -99 -99 -99 1.01094480149968 -99 -99 -99 -99 -99 -99
-99 -99 -99 -99 2.33614275489783 -99 -99 -99 -99 -99 -99 0.495657549980713 -99 -99 -99
-99 -99 -99 -99 -99 -99 -99 -99 -99 1.04827503874459 -99 -99 -0.115991810080477 -99 -99
-99 -99 -99 -99 -99 -99 -99 -99 -99 -99 -99 -99 -99 -99 -99
-99 -99 -99 -99 -99 -99 -99 -99 -99 -99 -99 -99 -99 -99 -99
2.50118428633235 -99 -99 -99 -99 -99 1.83787199700579 -99 2.16406853741572 -99 -99 -99 -99 -99 -99
-99 -99 -99 -99 -99 -99 -99 -99 -99 -99 -99 -99 -99 -99 1.58963883347104
-99 -99 -99 -99 -99 -99 -99 -99 -99 -99 -99 -99 -99 -99 -99
-99 -99 -99 -99 -99 -99 -99 -99 -2.2466665359668 -99 -99 -99 -99 -99 -99
-99 -99 -99 -99 -99 -99 -99 -99 -99 1.44020874337795 -99 -99 -99 -99 -99
-99 -99 -99 -99 -99 -99 -99 0.0709714541227398 -99 -99 -0.440799770715275 -99 -99 -99 -99
-99 -99 -2.99477247134951 -99 -99 -99 -99 -99 -99 0.845123933151647 -99 -1.42717374687924 -99 -99 -99
1.17407767788319 1.30058065070303 1.06352078564853 2.39750280721749 -99 1.48960023194401 -99 -99 -99 -99 -99 -99 -99 -99 -99
-99 3.15151129193869 -99 -99 -99 -99 -99 -99 -99 -99 -99 -99 -99 -99 -99
1.12347106855334 -99 -99 -99 -99 -99 -99 -99 -99 -99 -1.80909219491591 -99 -99 -2.62222979583673 -99
-99 -99 -99 3.11704165780577 -99 -99 -99 -99 -99 -99 -99 -99 -99 1.19723385624233 -99
-99 -99 -99 -99 -99 -99 -99 -99 -99 -99 -99 -99 -99 -99 -99
-99 -99 -99 -99 -99 -99 -99 -99 -99 -99 -99 -99 -99 -99 -99
-99 -99 -99 -99 -99 -99 -99 -99 -99 -99 -99 -99 -99 -99 -99
-99 2.74678033433609 -99 -99 -99 -99 -99 -99 -99 -99 0.637946449653791 -99 -99 -99 -99
-99 -99 -99 -99 -99 -99 1.53048792634844 -99 -0.335046158006755 -99 -99 -99 -99 -99 -99
-99 -99 -99 -99 -99 -99 -99 -99 -99 -99 -99 -99 -99 -99 -99
-99 -99 -99 -99 2.527802359415 -99 -99 -99 -99 -99 -99 -99 -99 -99 -99
-99 -99 -99 -99 -99 -99 -99 -99 -99 -99 -99 0.280346597757371 -99 -99 -99
-99 0.611510295338243 -99 -99 -99 -99 -0.451038833106115 -99 -99 -99 -99 -99 -99 -99 -99
-99 -99 -99 -99 -99 -99 0.981893933337122 1.56185062918911 -99 -99 -99 -99 -0.295871001222109 2.52517277318948 -99
-99 -99 -99 -99 -99 -99 -99 -99 -99 -99 -99 -99 -99 -99 -99
-99 -99 -99 1.52412964302824 -99 -99 -99 -99 -99 -99 -99 -99 -99 -99 -99
-99 -99 -99 -99 -99 -99 -99 -99 -99 -99 0.451263962154329 -99 -99 1.60840123978032 -99
-99 -99 -99 -99 -99 -99 -99 -99 -99 -99 -99 -99 -99 -99 -99
-99 -99 -99 -99 -99 -99 1.64104323163715 -99 -99 -99 -99 -99 -99 -99 -99
-99 -99 -99 -99 -99 -99 -99 -99 -99 -99 -99 -99 -99 -99 -99
-99 -99 -99 -99 -99 2.38943557634125 -99 -99 -99 -99 -99 -99 -99 -99 -99
-99 -99 -99 -99 -99 -99 0.269354534461822 -99 -99 -99 -99 -99 -99 -99 -99
-99 2.18204251651479 -99 -99 -99 -99 -99 -99 -99 -99 -99 0.964618930854036 -99 -99 -99
-99 -99 -99 -99 -99 -99 -99 -99 -99 -99 1.77231459797065 -99 -99 -99 -99
-99 -99 -99 -99 -99 -99 -99 -99 -99 -99 -99 -99 -99 -99 -99
-99 -99 -1.35647368403854 -99 -99 -99 -99 -99 -99 -99 -99 -99 -99 -99 -99
-99 -99 -99 -99 -99 -99 -99 -99 -99 -99 1.59446484021349 -99 2.92285140914662 -99 -99
-99 -99 -99 -99 -99 -99 -99 -99 -99 -99 -99 -99 0.344666024608482 -99 -99
-99 -99 -99 -99 -99 -99 -99 -99 0.540493573239924 -99 -99 -99 -99 -99 -99
-99 -99 -99 -99 -99 -99 -99 -99 1.22830626246358 -99 -99 -99 -99 -99 -99
-99 -99 -99 -99 -99 -99 -99 -99 3.06399728845685 -99 -99 -99 -99 -99 1.35242275125997
-99 -99 -99 -99 2.78316054481087 -99 -99 -99 -99 -99 -99 -99 -99 -99 -99
-99 -99 -99 -99 -99 -99 0.761160286300397 -99 -99 -99 -99 -99 -99 -99 -99
-99 -99 -99 -99 -99 -99 -99 -99 -99 -99 -99 -99 -99 -99 -99
1.55427825542472 -99 0.260226645922016 -99 -99 -99 -99 -99 -99 -99 -99 -99 0.947671589052172 -99 -99
-99 -99 -99 -99 -99 -99 -99 -99 -99 -99 1.87154337838092 -99 -99 -99 -99
-0.69839529666893 -99 -99 -99 0.985210399388281 -99 -99 -99 -99 -99 -99 -99 -99 -99 -99
-99 -2.74167688189867 -99 -99 -99 -99 -99 -0.846288823289044 -99 -99 0.220539532227509 -99 -99 -99 -99
-99 1.27834135142712 -99 -99 -99 -99 -99 -99 -99 -99 -99 -99 -99 -99 -99
0.426649706208768 1.5332615616689 -99 -99 -99 -99 -99 -99 -99 -99 -99 -99 -99 -99 -99
-99 -99 -99 -99 -99 -99 -99 -99 -99 -99 -99 -99 -99 -99 -99
-99 -99 -99 -99 -99 -99 -0.15811790833144 -99 -99 -99 -99 2.0008723685388 -99 -99 -99
-99 -99 -99 1.268041958715 1.66458779249816 -99 -99 -99 -99 -99 -99 -99 -99 -99 -99
-99 -99 -99 -99 -99 -99 -99 -99 -99 -99 -99 -99 -99 3.47783818427737 -99
-99 -99 -99 -99 -99 -99 -99 -99 -99 -99 2.2977271011386 -99 -99 -99 -99
-99 -99 2.51500402406323 -99 -99 -99 -99 -99 -99 -99 -99 -99 -99 1.02613117603468 -99
-99 -99 -99 -99 -99 -99 -99 -99 -99 -99 -99 -99 -99 -99 -99
-99 -99 -99 1.11357782557915 -99 -99 -99 -99 -99 -99 -99 -99 -99 -99 -99
-99 -99 -99 -99 -99 -99 -99 -99 -0.480118455632781 -99 -99 -99 -99 -99 -99
-99 -99 -99 -99 -99 -99 -99 -99 -99 -99 -99 -99 0.753390348708682 -99 -99
-99 1.83632395831096 -99 -0.251912052154367 -99 -99 -99 -99 -99 -99 -99 -99 -99 -99 -99
-99 0.40731661267821 -99 -99 -99 -99 -99 -99 -99 -99 -99 -99 -99 -99 -99
-99 -99 -99 -99 -99 -99 -99 -99 -99 -99 -99 -99 -99 -99 -99
-99 -99 -99 -99 -99 -99 -99 -99 -99 -99 -99 -99 -99 -99 -99
0.240205214620495 -99 -99 -99 -99 -99 -99 -99 -99 -99 -99 -1.49271773021812 -99 -99 -99
1.55602578796273 -99 -99 -99 -99 -99 -99 -99 -99 -99 -99 -99 -99 -99 2.72671372208028
-99 1.60435288013378 -99 -99 0.0115585167502497 -99 -99 -99 -99 -99 -99 -0.447849753529687 -99 -99 -99
-99 1.43965180150119 -99 2.45351518018235 -99 -99 -99 -99 -99 -99 -99 -99 -99 0.909548047915617 -99
-99 -99 -99 -99 -99 -99 -99 -99 5.25234606654502 -99 3.45467740499416 -99 -99 -99 -99
-99 -99 -99 -99 -99 -99 -99 -99 -99 -99 -99 -99 -99 -99 -99
-99 -99 -99 4.40433574564347 -99 -99 -99 -99 2.53512528803124 -99 -99 -99 -99 -99 -99
-99 -99 -99 -99 -99 0.969182377700931 -99 -99 -99 -99 -99 -99 -99 -99 3.07848738212964
-99 -99 -99 -99 -99 -99 -99 -99 -99 -99 -99 -99 -99 -99 -99
-99 -99 -99 -99 0.340779022725928 -99 -99 -99 -99 -99 -99 -99 -99 -99 -99
-99 -99 -99 -99 -99 -99 -99 -99 -99 -99 -99 -99 -99 -99 -99
-99 -99 -99 -99 -99 0.303496340137336 -99 -99 -99 -99 -99 -99 -99 -99 -99
-99 -99 -99 -99 1.52704166657339 -99 -99 -99 -99 -99 -99 -99 -99 -99 -99
3.55654557994723 1.38980991372039 -99 -99 -99 -99 -99 -99 -99 -99 -99 3.65709125011262 -99 -99 2.69202098706454
-99 -99 -99 -99 -99 -99 -99 -99 -99 -99 -99 -99 -99 -99 -99
-99 -99 -99 -99 -99 -99 -99 -99 -99 -99 -99 -99 -99 -99 -99
1.39856787491181 -99 -99 -99 -99 -99 -99 -99 -99 -99 -99 -99 -99 -99 -99
-99 -99 -99 -99 3.67904865229965 -99 -99 -99 -99 -99 -99 -99 -99 -99 -99
-99 -99 -99 -99 -99 -99 -99 -99 0.594545064626447 -99 -99 -0.10252472873616 -99 -99 -99
-99 1.00243575657265 -99 -99 -99 -99 -99 -99 1.30440513916632 -99 -99 -99 -99 -99 -99
-99 0.928993260309139 -99 2.94499163037574 -99 -99 -99 -99 -99 0.0548715554380476 -99 -99 -99 -99 -99
1.73492324289637 -99 -99 2.31277743941456 -99 -99 -99 -99 -99 0.945049270282898 2.39432485896547 -99 -99 -99 2.02078922990139
-99 -99 -99 -99 -99 1.10115775017478 -99 -99 -99 -99 -99 -99 -99 -99 -99
-99 -99 -99 -99 -99 -99 -99 -99 -99 -99 -99 -99 -0.343504778860076 -99 -99
-99 -99 -99 -99 -99 -99 -99 -99 -99 -99 -99 -99 -99 -99 -99
1.91317531048938 -99 -99 3.84827733589313 -99 -99 -99 -99 -99 3.39180568698317 1.05184358485117 -99 -99 -99 -99
-99 -99 -99 -99 -99 -99 -99 -99 -99 -99 -99 -99 -99 -99 -99
-99 -99 -99 -99 -99 -99 -99 -99 -99 -99 -99 -99 -99 -99 -99
-99 -99 -99 -99 -99 -99 -99 -99 -99 -99 -99 -99 1.91574442755931 2.21308031790847 -99
-99 -99 -99 -99 -99 0.832050491909355 -99 -99 -99 -99 -99 -99 -99 2.43345799159182 -99
-99 2.59436671223522 -99 -99 -99 -99 -99 -99 -99 3.65931434244557 3.51548339102487 -99 -99 -99 -99
-99 -99 -99 -99 -99 -99 -99 -99 -99 -99 -99 -99 -99 -99 -99
-99 -99 -99 -99 -99 -0.890799208426186 -99 -99 -99 -99 -99 -99 -99 -99 -99
-99 -99 -99 -99 2.34308348376527 -99 -99 -99 -99 -99 -99 -99 -99 -99 -99
-99 -99 -99 -99 -99 0.452969124603071 -99 1.29739966219804 -99 -99 -99 -99 -99 -99 -99
-99 -99 -99 -99 -99 2.44626530010837 1.21083529473821 -99 -99 -99 -99 -99 -99 -99 -99
-99 -99 -99 -99 -99 3.32698018269546 -99 -99 -99 -99 -99 -99 -99 -99 -99
-99 -99 -99 0.875200394713897 -99 -99 -99 -99 -99 -99 -99 -99 -99 -99 -99
-99 -99 -99 -99 -99 -99 -99 -99 -99 -0.604901650605 -0.073019904907232 -99 2.37403455817164 -99 -99
-99 -99 -99 -99 -99 -99 -99 -99 -99 -99 -99 0.0861051487774109 -99 -99 -99
-99 -99 -99 -99 -99 -99 -99 -99 -99 -99 -99 -99 -99 -99 -99
-99 -99 -99 -99 -99 -99 -99 0.502979288776053 -99 -99 -99 -99 -99 -99 -99
1.32313127621949 0.227285580073284 -99 -99 -99 -99 -99 -99 -99 -99 -99 -99 -99 -99 -99
-99 -99 -99 -99 -99 -99 -99 -99 -99 -99 -99 3.53703092893252 -99 -99 -99
1.3822702255963 -99 -99 -99 -99 -99 -99 1.71547651095843 -99 -99 -99 -99 -99 -99 -99
-99 -99 -99 -99 -99 -99 -99 -99 -99 -99 -99 -99 -1.00252808457058 -99 -99
-99 -99 -0.135882356696941 -99 -99 -99 -99 -99 -99 -99 -99 -99 -99 -0.264410772761558 -99
2.7438826444599 -99 -99 -99 -99 -99 -99 -99 -99 -99 -99 -99 -99 -99 -99
-99 -99 -99 -99 -99 -99 -99 -99 -99 -99 -99 1.21383304525196 -99 -99 -99
-99 -99 -99 -99 -99 -99 1.15730639043896 -99 -99 -99 -99 -99 -99 -99 -99
-99 -99 -99 -99 1.29250177008075 -99 -99 -99 -99 -99 -99 -99 -99 -99 -99
0.858352924816419 -99 -99 -99 -99 -99 0.94033622219968 -99 -99 -99 -99 -99 0.102687237913767 -99 -99
-99 -99 2.23980951575335 -99 -99 -99 -99 -99 -99 -99 -99 -99 -99 -99 -99
-99 -99 -99 -99 -99 -99 -99 -99 -99 -99 -99 -99 -99 -99 -99
-99 2.51050897193879 -99 -99 -99 -99 -99 -99 -99 -99 -99 -99 -99 -99 -99
-99 -99 -99 -99 1.61929919180395 -99 -99 -99 -99 -99 -99 -99 -99 -99 -99
-99 1.78117188362795 -99 2.32715130168011 -99 -99 -99 1.85986299662716 2.15531743517538 -99 -99 3.05444813947389 -99 -99 -99
0.258287332931856 -99 -99 0.33445188839302 -99 -99 -99 -99 -99 -99 -99 -99 -99 -99 -99
-99 -99 -99 -99 -99 -99 -99 -99 -99 2.95983283799508 -99 -99 -99 -99 -99
-99 -99 -99 -99 -99 -99 -99 -99 -99 -99 -99 2.1044252911411 -99 -99 -99
-99 -99 -99 -99 -99 -99 -99 -99 -99 -99 -99 -99 -99 2.6901311448746 -99
-99 -99 -99 -99 -99 -99 -99 -99 -99 4.42282038943254 -99 -99 -99 -99 -99
-99 -99 -99 -99 -99 -99 -99 -99 -99 -99 -99 -99 -99 -99 -99
-99 -99 -99 3.10406903207439 -99 -99 -99 1.78465616457113 -99 1.45546696230976 -99 -99 -99 -99 1.48100504477127
-99 -99 0.82791202702925 -99 -99 0.454112639433903 0.85632587832636 -99 -99 0.337723104023804 -99 -0.132663570257564 -99 -99 -99
-99 -99 -99 -99 2.59216642992176 -99 -99 -99 -99 -99 -99 -2.61924930458709 -99 -99 -99
-99 -99 -99 2.85783674180917 -99 -99 0.714821783282485 -99 -99 -99 -99 -99 -99 -99 -99
-99 -99 -99 -99 -99 -99 -99 -99 -99 -99 -99 -99 0.414320076168334 -99 -99
-99 -99 -99 -99 -99 -99 -99 -99 -99 -99 -99 -99 -99 -99 -99
-99 -99 -99 4.42616240817012 -99 -99 -99 -99 -99 -99 -99 -99 -99 -99 -99
-99 -99 -99 -99 -99 -99 -99 -99 -99 -99 -99 -99 -99 -99 -99
-99 -99 -99 -99 -0.0754077754405722 -99 1.02170518083805 -99 -99 -0.165820086656785 0.0525741980412714 -99 -99 -99 -99
-99 -99 1.57336360025765 2.90995907850179 -99 -99 -99 -99 -99 -99 -99 -99 -99 -99 -99
-99 1.44981877993203 -99 3.6550367213088 -99 -99 -99 -99 2.67289346883769 -99 1.81771336778907 2.81094640930781 -99 -99 -99
-99 -99 -99 -99 -99 -99 -99 -99 -99 -99 -99 -99 -99 -99 1.13705861129404
-99 -99 -99 -99 -99 -99 -99 -99 -99 -99 -99 -99 -99 -99 -99
-99 -99 -99 -99 -99 1.0213787675969 -99 -99 -99 1.62269455124828 -99 -99 -99 -99 -99
0.505729491816497 -99 -99 -99 2.30689221015256 -99 -99 -99 -99 2.211561234172 -99 -99 -99 -99 -99
-99 -99 -99 -99 2.49005391297929 -99 -99 -99 -99 -99 -99 -99 -99 -99 -99
-99 -99 -99 -99 -99 -99 -99 -99 -99 -99 -99 -99 -99 -99 -99
-99 -99 -99 -99 -99 -99 -99 -99 -99 -99 -99 -99 -99 -99 -99
-99 1.09823255107356 -99 -99 -99 0.241493103653514 -99 1.28300865590674 -99 -99 -99 -99 -99 -99 -99
-99 -99 -99 -99 -99 -99 -99 -99 -99 -99 -99 -99 -99 -99 -99
-99 -99 -99 -0.92571241328793 -1.02443843509318 -99 -99 -99 -99 -99 -99 -99 -99 -99 -99
-99 -99 -99 -99 -99 -99 -99 -99 -99 -99 -99 -99 -99 -99 -99
-99 -99 -99 -99 -99 -99 -99 2.4374717073895 -99 -99 -99 3.01155166900034 -99 -99 -0.248151569057248
-99 -99 -99 -99 -99 -99 0.451461206163274 -99 -99 -99 -99 -99 -2.18207885139529 -99 -99
-99 -99 -99 -99 0.369425058166795 -99 1.64206164888259 -99 -99 -99 -99 -99 -99 -99 -99
-99 -99 -99 -99 -99 -99 -0.446981727242954 -99 -99 -99 -0.097172582721563 -99 -99 -99 -99
-99 -99 -99 -99 -99 -99 3.60873434470597 -99 -99 -99 -99 -99 -99 2.26262011826829 -99
-99 2.36591617873124 -99 -99 -99 -99 -99 -99 -99 -99 -99 -99 -99 -99 -99
-99 -99 -99 -99 -99 -99 -99 2.87394637388835 -99 -99 -99 -99 -99 -99 -99
-99 -99 -99 -99 -99 -99 -99 -99 -99 -99 -99 -99 -99 -99 -99
-99 -99 -99 -99 -99 -99 -99 -99 -99 -99 -99 -99 -99 -99 -99
-99 -99 -99 -99 -99 -99 -99 -99 -99 -99 -99 -99 -99 -99 -99
-99 -99 0.212587016452252 -99 -99 -99 -99 -99 -99 -99 -99 -99 -99 -99 -99
-99 -99 -99 -99 -99 2.55397005444935 0.563545809892895 -99 0.138377676248477 -99 -99 -99 -99 -99 -99
-99 -99 -99 -99 -99 -99 -99 -99 -99 -99 -99 -99 -99 -99 -99
-99 -99 -99 -99 -99 -99 -99 -99 -99 -99 -99 2.70038600297142 -99 3.050803375759 -99
-99 -99 -99 -99 -99 -99 -99 2.76131259846447 -99 -99 -99 -99 3.36598511403727 -99 -99
-99 -99 -99 -99 -99 -99 -99 -99 -99 -99 -99 -99 -99 -99 -99
-99 -99 -99 -99 -99 -99 -99 -99 -99 0.0180828202957694 -99 -99 -99 -99 -99
-99 -99 -99 -99 -99 -99 -99 -99 -99 -99 -99 -99 -99 -99 -99
-99 -99 -99 -99 -99 -99 -99 -99 -99 -99 -99 -99 -99 -99 -99
-99 -99 -99 -99 -99 -99 -99 -99 -99 1.94362131630681 -99 -99 -99 -99 -99
-99 -99 -99 -99 -99 -99 -99 -99 -99 -99 -99 -99 -99 -99 -99
-99 -0.0609822632428363 -99 -99 -99 -99 0.0953569178429989 -99 -99 -99 -99 -99 -99 -99 -99
-99 -99 -99 -99 -99 -99 -99 -99 -99 -99 -0.327004101062362 -99 -99 -99 1.5712230507166
-99 -99 -99 -99 -99 -99 -99 -99 -99 -99 -99 -99 -99 -99 -99
-99 -99 -99 -99 -99 -99 -99 -99 -99 -99 -99 -99 -99 -99 -99
-99 -99 -99 -99 -99 2.43868282836426 -99 -99 0.792679049698503 -99 -99 -99 -99 -99 -99
1.77186681591861 -99 -99 -99 2.82784588874087 -99 0.749107449345237 -99 -99 -99 -99 3.01302712280439 3.46353244583271 -99 -99
-99 -99 -99 -99 0.247920851976285 -99 -99 -99 -99 -99 -99 -99 -99 -99 1.35765637184055
-99 -99 -99 -99 -99 -99 -99 -99 -99 -99 -99 -99 -99 -99 -99
-99 -99 -99 -99 -99 -99 -99 -99 -99 -99 -99 -99 -99 -99 -99
-99 -99 -99 -99 -99 -99 -99 -99 -99 -99 -99 -99 -99 -99 -99
-99 -99 -99 -99 -99 -99 -99 -99 -99 -99 -99 -0.612050530252291 -99 -99 -99
-99 -99 -99 -99 -99 -99 -99 -99 -99 -99 -99 -99 -99 -99 3.02579416828902
-99 -99 -99 -99 0.765830656662632 -99 -99 -99 2.82273859410601 -99 -99 -99 -99 2.52824606514297 -99
2.54664926100433 -99 1.34188108340611 -99 -99 -99 -99 -99 -99 -99 -99 -99 -99 -99 -99
-99 -99 -99 -99 -1.41522128995285 -99 -99 -99 -99 -99 -99 -99 -99 -99 -99
-99 -99 -99 1.90570061654427 -99 -99 -99 -99 -99 -99 -99 -99 -99 -99 -99
-99 1.80483333334752 -99 -99 -99 -99 -99 -99 -99 -99 -99 3.57715602444492 -99 -99 1.28710345785597
-99 -99 -99 -99 -0.717669824293418 -99 0.508806701061452 -99 -99 -99 -99 -99 -99 -99 -99
-99 1.88670857806586 -99 -99 -99 -1.48622245767493 -99 1.46851742385518 -99 -99 -99 -99 -99 -99 -99
0.325535187976327 -99 -99 -99 -99 -99 -99 -99 -99 -99 -99 -99 -99 -99 -99
-99 -99 -99 -99 1.86157739759912 -99 2.10380828859957 -99 -99 -99 -99 1.55176803374083 -99 -99 -99
-99 -0.626227514137272 -99 0.562837914655736 -99 -99 -99 -99 -99 1.05956864955938 0.421283877155855 -99 -99 -99 -0.053383908171255
-99 -99 -99 -99 -99 -99 -99 -99 -99 -99 -99 -99 -99 -99 -99
-99 -99 -99 -99 -99 -99 -99 -99 -99 0.489295066040829 -99 -99 2.20949183415158 -99 -99
1.70336768953306 -99 -99 -99 -99 -99 -99 -99 -99 -99 -99 -99 -99 -99 -99
-99 -99 0.36943003978345 -99 -99 -99 -1.14173549358626 0.0218304551867714 -99 0.423067305255665 0.422725756186725 -99 -99 -99 -99
-99 -99 -99 -99 -99 -99 -99 -99 -99 -99 -99 -99 -99 -99 -99
-99 -99 -99 -99 -99 -99 -99 -99 -99 -99 -99 -99 -99 -99 -99
-99 -99 -99 -99 -99 -99 -99 -99 -99 -99 -99 -99 -99 -99 -99
-99 -99 -99 -99 -99 -99 -99 -99 -99 -99 -99 -99 -99 -99 -99
-99 -99 -99 -99 -99 -99 -99 -99 -99 -99 -99 -99 -99 -99 -99
-99 -99 -99 -99 -99 -99 -99 -99 -99 -99 -99 -99 -99 -99 -99
-99 -99 -99 -99 -99 -99 -99 -99 -99 -99 -99 -0.129343912711127 -99 -99 -99
-99 -99 -99 -99 1.91202135643978 -99 -99 -99 -99 -99 -99 -99 -99 -99 -99
0.337057705713436 -99 -99 -0.611222874869936 -99 -99 -99 -99 -99 -99 -99 -99 -99 -99 -99
-99 -99 -99 -99 -99 -99 -99 -99 1.07402416246092 -99 -99 -99 -99 -99 -99
-99 -99 -99 -99 -99 1.47849880997971 -0.0135939527776037 -99 -99 -99 -99 2.93203297784406 -99 -99 -99
-0.52132051156915 -99 -99 -99 -99 -99 -99 -99 -99 -99 -99 -99 -99 -99 -99
-99 -99 -99 -99 -99 1.34675823510653 -99 -99 -99 -99 -99 -99 -99 -99 -99
-99 -99 -99 -99 -99 -99 -99 -99 -99 -99 1.34494491982777 -99 -99 -99 -99
-99 -99 -99 -99 -99 -99 -99 -99 -99 -0.0959021736393708 -99 -99 -99 -99 -99
-99 -99 -99 -99 -99 -99 -99 -99 -99 -99 -99 -99 -99 -99 -99
-99 -99 -0.927746947756529 -99 -99 -99 -99 -99 -99 -99 -0.794424180332191 -99 -99 -99 -99
-99 -99 -99 1.30175091742182 -99 -99 -1.33306324521607 0.611180846871989 -99 -99 -99 -99 -99 -99 -99
0.865106579742414 -99 -99 -99 -99 -99 -99 -99 -99 -99 -99 -99 -99 -0.859264295530946 -99
-99 -99 -99 -99 -99 -99 -99 -99 -99 -99 -99 -99 -99 -99 -99
-99 -99 -99 1.16461804545347 -99 -99 -99 -99 -99 -99 -99 -99 -99 -99 -99
-99 -99 -99 -99 -99 -99 -99 -99 -99 -99 -99 -99 -99 -99 -99
-99 -1.27862120349684 -1.47081326647966 -99 -99 -99 -99 -99 -99 -99 -99 -99 -99 -99 -0.181797789742812
-99 -99 -99 -99 -99 -99 -99 -99 -99 -99 -99 -99 -99 -99 -99
-99 -99 -99 -99 -99 -99 -99 -99 -99 -99 -99 -99 1.75049151036727 -99 -99
-99 -99 -99 -99 -99 -99 -0.600261319043529 -99 -0.828569577883805 -99 -99 -99 -99 -99 -99
-99 -99 -99 -99 -99 -99 -99 -99 -99 -99 -99 -99 -99 -99 -99
-99 -99 -99 -99 -99 -99 -99 -99 -99 -99 4.47626817283201 -99 1.0644527081789 4.47727822527996 3.1104154718242
-99 -99 -99 -99 -99 -99 -99 -99 -99 -99 -99 -99 -99 -99 -99
-99 -99 -99 -99 -99 -99 -99 -99 -99 -99 -99 -99 -99 -99 -99
-99 -99 -99 -99 -99 -99 -99 -99 -99 -99 -99 -99 -99 -99 -0.0236340544426259
-99 -99 -99 -99 -99 -99 -99 -99 -99 -99 -99 -99 -99 -99 -99
-99 -99 -99 -99 -99 -99 -99 -99 -99 -99 -99 -99 -99 -99 -99
2.33303992299917 -99 -99 -99 -99 -99 -99 -99 -99 1.99867222349955 -99 -99 -99 3.22355772515428 -99
-99 -99 -99 -99 -99 -99 -99 -99 1.17229711269486 -99 -99 -99 -99 -99 -99
-99 -99 -99 -99 -99 -99 -99 -99 -99 -99 -99 -99 -99 -99 1.55607708266925
-99 -99 -99 -99 1.95353911068882 -99 -99 -99 2.4607540944437 0.649981835699344 -99 -99 -99 -99 -99
-99 -99 -99 2.26572086410892 -99 -99 -99 -99 -99 -99 -99 -99 -99 -99 -99
-99 -99 2.0310049116074 -99 -99 -99 -99 -99 -99 -99 -99 2.43760878293376 2.69168737501742 -99 -99
-99 -0.41821280600308 -99 -99 -99 -99 -99 -99 -99 1.34738590500689 -99 -99 -99 -99 -99
-99 -99 -99 0.577435434153875 -99 -99 -99 -99 2.14894017051563 1.1235802910092 2.72909461372876 -99 -99 -99 -99
-99 -99 -99 -99 -99 -99 -99 -99 -99 -99 -99 -99 -99 -99 -0.0143086031096111
-99 -99 -99 -99 -99 -99 -99 -99 0.183931555125118 -99 -99 -0.740812711087952 -99 -99 -99
-99 -99 -99 0.425549249741244 -99 -99 -99 -99 -99 -99 -99 -99 2.36900959757666 -99 -99
-99 -99 -99 -99 -99 -99 -99 -99 -99 -99 -99 -99 -99 -99 -99
-99 -99 -99 1.03395011740045 -99 -99 -99 -99 -99 -99 -99 -99 -99 -99 -99
0.0809144672204597 -99 -99 -99 -99 -99 -99 -99 -99 -99 -99 -99 -99 -99 -99
-99 -99 -99 -99 -99 -99 -99 -99 -99 -99 -99 -99 -99 -99 1.0300303630925
0.678528576848684 1.48450303919077 -99 2.53381958208882 -99 -99 -99 -99 -99 -99 2.96340838146215 -99 -99 0.986519514856185 -99
-99 -99 -99 -99 -99 -99 -99 -99 -99 -99 -99 -99 -99 -99 -99
-99 1.92395316594245 -99 -99 -99 -99 -99 -99 -99 -99 -99 0.86041008523614 -99 0.500483950520853 -99
-99 -99 -99 -99 -1.49177219195302 -99 -99 -1.26960795941115 -1.58670295340965 -99 -0.49103182816078 -99 -99 -99 -99
-99 -99 -99 -99 0.946182934009022 -99 -99 -99 -99 1.35051092179063 -99 -99 -0.55328629964124 0.227157038913608 -99
-99 0.505801114108891 0.511018509072455 -99 -99 -99 -99 -99 -99 -99 -99 -99 -99 -99 -99
-99 -99 -99 -1.45775590033662 -99 -99 -99 -99 -99 -99 -99 -99 -99 -99 -99
-99 -99 -99 -99 -99 -99 -99 1.62205953938656 -99 -99 -99 -99 -99 -99 -99
-99 -99 -99 -99 -99 -99 -99 -99 1.41657858011727 -99 -99 -99 -99 -99 -99
-99 -99 -99 -99 -99 -99 -99 -99 1.360991089405 -99 -99 -99 -99 -99 -99
-99 -99 -99 -99 -99 -99 -99 -99 -99 -99 -99 -99 -99 -99 0.227750873189174
-99 -99 -1.12907209068861 -99 -99 -99 -99 -99 -99 -99 -99 -1.10513641108967 -99 -99 -99
-99 -99 -99 -99 -99 -99 -99 -99 2.48121410338715 -99 -99 -99 -99 -99 -99
-99 -99 -99 -99 -99 -99 -99 -99 -99 -99 -99 -99 1.25286644052647 -99 -99
-99 -99 -99 -99 -99 -99 2.60926097636291 -99 -99 -99 -99 -99 -99 -99 -99
-99 -99 -99 -99 -99 -99 0.507446330441031 -99 -1.77518523970925 -99 -99 -99 -99 -99 -99
-99 -99 -99 -99 0.756760095589381 -99 -99 -99 -99 -99 -99 -99 -99 -99 -99
-99 -99 -99 -99 -99 -99 -99 -99 -99 -99 -99 -99 -99 -99 2.15428290778973
-99 -99 -99 -99 -99 -99 -99 -99 -99 -99 -99 -99 0.917937030048952 2.09017176887386 -99
-99 -99 -99 -99 -99 0.0344192222183721 -99 -99 -99 -99 -99 -99 -99 -99 -99
-99 -99 -99 -99 0.536530048270613 -99 -99 1.1001919389891 -99 -99 -99 -99 -99 -99 -99
-99 -99 -99 -99 -99 -99 -99 -99 -99 -99 -99 -99 2.72988722988203 2.28681542520759 -99
-99 -99 0.127621557012238 2.57156805605006 -99 -99 -99 -99 -99 0.289408294730588 -99 -99 3.29549471836968 -99 -99
-1.18493874981076 -99 -99 -99 -0.325197897511602 -99 1.15151770677168 -99 -99 -99 1.44720038378761 -99 -99 -99 -99
-99 -99 -99 -99 -99 -99 -99 -99 -99 -99 -99 0.917336415675582 -99 -99 -99
-99 -99 -99 -99 -99 -99 -99 -99 -99 -99 -99 -99 -99 -99 -99
-99 -99 3.2896190140754 -99 -99 -99 0.00590440580749674 -99 -99 -99 -99 -99 -99 -99 -99
-99 -99 -99 -99 -99 -2.04341075455563 -99 1.30675744305143 -99 -99 -99 -99 -99 -99 -99
-99 -99 -99 -99 -99 -99 -99 -99 -99 -99 2.58713600990832 -99 -99 -99 -99
-99 -99 -99 -99 -99 -99 -99 -99 -99 -99 -99 -99 -99 -99 -99
-0.657402222996533 -99 -99 -99 -99 -99 -99 -99 -99 -99 -99 -99 -99 -99 -99
-99 -99 -99 -99 -99 -99 -99 -99 -99 -99 -99 -99 -99 -99 -99
4.22716308070667 -99 -99 -99 -99 -99 -99 -99 1.6555842443449 -99 -99 -99 -99 -99 -99
-99 -99 3.18861589714446 -99 -99 -99 -99 -99 -99 -99 -99 -99 -99 -99 -99
-99 2.98670942513631 -99 -99 -99 -99 -0.0996153973203846 -99 -99 -99 -99 -99 -99 -99 -99
-99 2.55911944782112 -99 -99 -99 -99 -99 -99 -99 -99 -99 -99 -99 -99 -99
-99 -99 -99 -99 1.2188553987111 -99 -99 -99 -99 -99 4.33204252130032 -99 -99 -99 -99
-99 -99 -99 -99 -99 -99 -99 -99 -99 -99 -99 -99 -99 -99 0.441906749345077
1.70419485533792 -99 -99 -99 2.49297147468918 -99 -99 -99 -99 -99 -99 -99 -99 0.561185725077199 -99
-99 -99 0.950037378732647 -99 -99 -99 -99 -99 -99 -1.58145074661522 -99 -99 -99 -99 -99
-99 -99 -99 1.6472494400338 -99 -99 -99 -99 0.951779595696534 -99 -99 -99 -99 -99 0.465969049761226
0.965517969623164 -99 -99 -99 -99 -99 -99 -99 -99 -99 2.59357149705251 -99 -99 -99 -99
-99 -99 -99 -99 -99 -99 -99 -99 -99 -99 -99 -99 -99 -99 -99
-99 -99 -99 -99 -99 0.913325952888946 -99 -99 -99 -99 -99 -99 -99 -99 -99
-99 -99 -99 -99 -99 -99 -99 -99 -99 -99 -99 -99 -99 -99 -99
-99 -99 -99 -99 -99 -99 -99 -99 -99 -99 -99 -99 -99 -99 -99
-99 -99 -99 -99 -99 -99 -99 -99 -99 -99 -99 -99 -99 -99 -99
-99 -99 -99 2.97797982406744 -99 -99 -99 -99 -99 -99 -99 -99 -99 -99 -99
-99 -99 0.873676324062154 -99 -99 -99 -99 -99 -99 -99 -99 -99 -99 -99 -99
-99 -99 -99 -99 -99 -99 -99 -99 -99 -99 -99 -99 -99 -99 -99
-99 -99 -99 -99 -99 -99 -99 -99 -99 -99 -99 -99 -99 -99 -99
-99 -99 1.48202759751644 -99 -99 -99 -99 -99 -99 -99 -99 -99 -99 -99 -99
-99 -99 -99 -99 -99 -99 -99 -99 2.54971684201816 -99 -99 -99 -99 2.92733042572729 -99
-99 -99 -99 -99 -99 -99 -99 -99 -99 -99 -99 -0.596610978766368 -99 -99 -99
-0.552309293026613 -99 -99 -99 -99 -99 -99 0.61765825991856 0.0819038527033598 -99 -99 -99 -99 -0.42808808925245 -0.24898417463407
-99 -99 -99 -99 -99 -99 -99 0.201618409793498 -99 -99 -99 -99 -99 -99 -99
-99 -99 -99 -99 -99 -99 0.335174826003296 -99 1.26158330384915 -99 -99 -99 -99 -99 -99
-99 -99 -99 -99 -99 -99 -99 -99 -99 -99 -99 -99 -99 -99 -99
-99 -99 -99 -99 -99 -99 -99 -99 0.157013147781835 -99 0.99334380525597 -99 -99 -99 -99
-99 -99 -99 -99 -99 -99 -99 -99 -99 0.354713757943984 -99 -99 -99 -99 -99
-99 -99 -99 -99 -99 -99 0.83192916911121 -0.0207653815263227 -99 -99 -99 -99 -99 -99 -99
-99 -99 -99 -99 -99 -99 1.74366797063167 -99 0.1783513209415 -99 -99 -99 -99 -99 -99
-99 -99 -99 -99 -99 -99 -99 -99 -99 -99 -99 -99 -99 -99 -99
-99 -99 -99 -99 -99 -99 -99 -99 -99 -99 -99 -99 -99 -99 -99
-99 -99 -99 -99 -99 -99 -99 -99 -99 -99 -99 -99 -99 -99 -99
-99 -99 -99 -99 -99 -99 2.86686218759964 -99 -99 2.27217018724726 -99 -99 -99 -99 -99
-99 -99 2.73745235512814 3.28712497098929 -99 -99 -99 -99 -99 -99 -99 -99 -99 -99 -99
2.14172342099061 -99 -99 -99 3.18131870962962 -99 -99 -99 -99 -99 -99 -99 -99 -99 -99
-99 -99 -99 -99 -99 -99 -99 -99 -99 -99 -99 -99 -99 1.03784302271191 -99
-99 -0.337306413432451 -99 1.31330538058039 -99 -99 -99 -99 -99 1.91384376182937 -99 -99 -99 -99 -99
-99 -99 -99 -99 -99 -99 -0.941213137810173 -99 -99 -0.346367797516253 -99 -99 -99 0.866308661902399 -99
-99 -99 -99 -99 -99 -99 -99 -99 -99 -99 -99 -99 -99 -99 -99
-99 -99 -99 -99 -99 -1.32062969752729 -99 -0.172636997228229 -99 -99 -99 -99 -99 -99 -99
-99 -99 -99 -99 -99 -99 -99 -1.6725637682887 0.310268534252183 -99 -99 -99 -99 -99 -0.343192662477864
-99 -99 -99 -99 -99 -99 -99 -99 -99 -99 -99 -99 -99 -99 -99
-99 -99 -99 -99 -99 -99 -99 -99 2.61541876601941 -99 -99 -99 -99 -99 -99
-99 -99 -99 -99 -99 -99 -99 -99 -99 -99 -99 -99 -99 0.61333575922005 -99
-99 -99 -99 -99 -99 -99 -0.517404790159715 -99 -99 -99 -1.37035539044899 -99 -99 -99 -99
-99 -99 -99 -99 -99 0.526848843663276 -99 -99 -99 -99 -99 -99 -99 -99 -99
-99 -99 -0.557173191457802 4.45852350283188 -99 -99 -99 3.7822830992859 -99 -99 -99 -99 -99 -99 -99
-99 -0.139275342463907 -99 -99 -99 3.3758451587535 -99 -99 -99 -99 -99 -99 -99 -99 2.46610532464919
-99 -99 -99 -99 2.89474526791294 -99 -99 2.93144187314751 -99 3.487713432816 -99 -99 -99 -99 -99
-99 -99 -99 -99 3.32942973005346 -99 -99 -99 -99 -99 -99 -99 -99 -99 -99
-99 -99 -99 -99 -99 -99 -99 -99 3.71660612120518 -99 -99 -99 -99 -99 -99
-99 -99 3.05634292063628 -99 0.594665754706569 -99 -99 -99 -99 -99 -99 -99 -99 -99 -99
-99 -99 -99 -99 -99 -99 -99 -99 2.03848627969495 -99 -99 -99 -99 -99 -99
-99 -99 -99 -99 -99 -99 -99 -99 -99 -99 -99 -99 -99 -99 -99
-99 -99 -99 -99 -2.80673248927018 -99 -99 -99 -99 -99 -99 -99 -99 -99 -99
-99 -99 -99 -99 -99 -99 -99 -99 -99 1.21407923269749 -99 -99 -99 -99 -99
-99 -99 -99 -99 -99 -99 -99 -0.775682730915884 -99 -99 -99 0.633660403792707 -99 -99 -99
-99 -99 -99 -2.68433741864847 -99 -99 -99 -99 -1.33897531766201 -99 -99 -2.63876152323211 -99 -99 -1.80840674588149
-99 -99 0.595253855732588 -99 -99 -99 -99 1.55957897962838 -99 -99 2.07166745266646 1.92756763942607 -99 -99 1.63833343005993
-99 -99 -99 -99 -99 -99 -99 -99 -99 -99 -99 -99 -99 -99 -99
-99 -99 -99 -99 -99 -99 -99 -99 -99 -99 1.35350225940473 -99 -99 -99 0.831116386614649
-99 -99 -99 -99 -99 -99 -99 -99 -99 -99 -99 -99 -99 -99 -99
-99 -99 -99 -99 -99 -99 -99 -99 -99 1.84343226140076 -99 -99 -99 -99 -99
-99 -99 -99 -99 1.19410456780603 -99 -99 -99 -99 -99 -99 -99 -99 -99 -99
3.13114071555929 -99 -99 -99 -99 -99 -99 -99 -99 -99 -99 -99 -99 -99 -99
-99 -99 -99 -99 -99 -99 -99 -99 -99 -99 -99 -99 -99 -99 -99
-99 -99 -99 -99 -0.601625875225107 -99 -99 -99 -99 -99 -99 -99 -99 -99 -99
-99 -99 -99 -99 -99 0.600084691239113 -99 -99 -99 -99 -99 -99 -99 2.70746282741338 -99
-99 -99 -99 -99 -99 -99 -99 -99 -99 -99 -99 -99 -99 -99 -99
-99 -99 -99 -99 -99 -99 -99 -99 -99 -99 -99 -99 -99 -99 -99
-99 -99 -99 -99 -99 -99 -99 -99 -99 -99 -99 -99 -99 -99 -99
-99 -99 -99 -99 -99 -99 -99 -99 -99 -99 -99 -99 1.28656025509644 -99 -99
-99 -99 -99 -99 -99 -99 -99 -99 -99 -99 -99 -99 -99 -99 -99
-99 -99 -99 -99 -99 -99 2.53693261974458 -99 -99 -99 -99 2.98472930703936 -99 -99 -99
-99 -99 -99 -99 -99 -99 -99 -99 -99 -99 0.00838553380421825 -99 -99 -99 -99
-99 -99 -99 -99 -99 -99 2.30284676803669 -99 -99 3.57910994922971 -99 1.5973744693373 -99 -99 -99
-99 0.832036775433394 -99 -99 -99 -99 -99 0.377852592270181 -99 -99 -99 -99 -99 1.27307212913829 -99
-99 -99 -99 -99 -99 -99 -99 -99 -99 -99 -99 -99 -99 -99 -99
-99 -99 -99 -99 -99 -99 -99 -99 -1.04001405801861 -99 -99 -99 -99 -99 -99
-99 -99 -99 5.18571195719514 -99 -99 -99 -99 2.06491875819619 -99 -99 -99 -99 -99 -99
-99 0.990234341603437 -99 -99 -99 -99 -99 -99 -99 -99 -99 -99 -99 -99 -99
-99 -99 -99 -99 0.119373009684832 -99 -99 1.95929989732158 -99 -99 -99 -99 -99 1.15639489717702 -99
-99 -99 -99 -99 -0.300527931835288 -99 -99 -99 -99 -99 -99 -99 -99 -99 -99
-99 -99 -99 -99 -99 -99 -99 -99 -99 -99 -99 -99 -99 -99 -99
-99 -99 -99 -99 -99 -99 -99 -99 -99 -99 -99 -99 -99 -99 -99
-99 -99 -99 -99 -99 -99 -99 -99 -99 -99 -99 -99 -99 -0.462241939066205 -99
-99 -99 -99 -99 -99 -99 -99 -99 -99 -99 -99 -99 -99 -99 0.946390786028504
-99 -0.910504678891264 -99 -99 -99 -99 -0.971180533948678 -99 -99 -99 -1.4906581519637 -99 -99 -99 -99
-99 -99 -99 -99 -99 2.69372048658507 1.66800212006285 -99 -99 -99 -99 -99 -99 -99 -99
-99 -99 -99 -99 -99 -99 -99 -99 -99 -99 2.57646493005173 -99 -99 -99 -99
-99 -99 2.95697387382813 -99 -99 -99 -99 -99 -99 3.85413400211723 3.10601998496981 -99 3.23600173360156 -99 -99
-99 -99 -99 -99 -99 -99 -99 -99 -99 -99 -99 -99 -99 -99 -99
-99 -99 -99 0.65283647680333 -99 -99 -99 -99 -99 -99 -99 -99 -99 -99 -99
-99 -99 1.79404594954797 -99 -99 -99 -99 -99 -99 -99 -99 -99 -0.38459236399467 -99 -99
-99 -99 -99 -99 -99 -99 -99 -99 -99 -99 0.456766314507703 -0.073602796972112 -99 -99 -99
-99 -99 -99 -99 -99 -99 -99 -99 -99 -99 -99 -99 -99 -99 -99
0.87904483167595 -99 -99 -99 0.920087263523414 -99 -99 -99 -99 -99 -99 -99 -99 -99 -99
-99 -99 -99 -99 -99 -99 -99 -99 -99 -99 -99 -99 -99 -99 -99
-99 -99 -99 -99 -99 -99 -99 -99 -99 -99 -99 -99 -99 -99 -99
-99 -99 -99 -99 -99 -99 -99 -99 -99 -99 -1.75465419342432 -99 -99 -99 -99
-99 0.341488029007675 -99 -99 -99 -99 -99 2.10549051818467 -99 -99 1.22170554119634 -99 -99 -99 -99
-99 -99 -99 2.2248710064208 -99 -99 -99 -99 -99 1.64426902883318 -99 -99 0.910387269206058 -99 -99
-99 -99 -99 -99 -99 -99 -99 -99 -99 -99 -99 -99 -99 -99 -99
-99 -99 -99 -99 -99 -99 -99 -99 -99 -99 -99 -99 -99 -99 -99
-99 -99 -99 -99 -99 -99 -99 -99 1.25083343362135 -99 -99 -99 -99 -99 -99
-99 -99 -99 -99 -99 -99 -99 -99 -99 -99 -99 -99 -99 -99 -99
-99 -99 -99 -0.239798674339726 0.705374278815712 -99 -99 -99 -99 -99 -99 -99 -99 -99 -99
-99 -99 0.0556527192448446 -99 -99 -99 -99 -99 -99 -99 -99 -99 -99 -99 -99
-99 -99 -99 -99 -99 2.60215998681106 -99 -99 -99 -99 -99 -99 -99 -99 -99
-99 -99 -99 -99 -99 -99 -99 -99 -99 -0.0977235202116413 -99 -99 -99 -99 -2.85725814724369
-99 -99 -99 -99 -99 -0.301219274097852 -99 -99 -99 -99 -99 -99 -0.634240877012601 -99 -99
2.35841489449893 -99 -99 -99 -99 1.62359518455017 -99 0.374162051989247 -99 -99 -99 -99 -99 0.52337198902969 -99
3.04879423040731 -99 -99 2.38270458968352 -99 -99 -99 -99 -99 -99 -99 -99 -99 -99 -99
-99 -99 -99 -99 -99 0.65912689674427 -99 -99 -99 0.580083069555776 -99 -99 -99 -99 -99
-99 -99 -99 -99 -99 -99 -99 -99 -99 -99 -99 -99 -99 -99 0.745601010036275
-99 -99 -99 -99 -99 -0.306214701086319 -99 -99 0.834121045026558 -99 -99 1.16115967640306 -99 -99 -99
-99 -99 -99 -99 -99 -1.96953625779268 -99 -99 -99 -99 -99 -99 -99 -99 -99
-99 -99 -99 -99 -99 -99 -0.60842110322334 -99 -99 -99 -99 -99 -99 -99 -99
-99 -99 -99 -99 -99 0.78448971383617 -99 -99 -99 -99 -99 -99 -99 -99 -99
-0.720555121940688 -99 -99 -99 -1.42642862554179 -99 -99 -99 -99 -99 -99 -99 -99 -99 -99
-99 -99 -99 -99 -99 -99 -99 -99 -0.619279790430022 -0.481567508302868 -99 -99 -99 0.211408560692102 -99
-99 -99 -99 -99 -99 1.68609351648282 -99 -99 -99 -99 -99 1.75969348347828 -99 -99 -99
-99 -99 -99 -99 -99 -99 -99 -99 -99 -99 -99 -99 -99 -99 -99
0.289133628404497 -99 -99 -99 -99 -99 -99 -99 -99 -99 -99 -99 -99 -99 -99
-99 -99 -99 -99 -99 -99 -99 1.22344519113032 -99 -99 -99 -99 -99 -99 -99
-99 -99 -99 -99 -99 -99 -99 -99 -99 1.18633096969617 -99 -99 2.9063006024071 -99 -99
-99 -99 -99 1.59047811919311 -99 -99 -99 -99 -99 -99 -0.297720548451399 -99 -99 -99 -99
-99 -99 -99 -99 -99 -99 -99 -99 -99 -99 -99 -99 -0.5350865618045 -99 -99
-99 -99 -99 -99 -99 -99 2.43513416226247 -99 -99 -99 -99 -99 -99 -99 -99
-99 -99 -99 -99 -99 -99 -99 -99 -99 -99 -99 -99 -99 -99 -99
-99 -99 -99 -99 -99 -99 -99 -99 -99 -99 -99 -99 -99 -99 -99
-99 -99 -99 -99 -99 -99 -99 -99 -99 -99 -99 -99 -99 -99 -99
-99 -99 -99 -99 -99 -99 -99 -99 -99 -99 -99 -99 -99 -99 -99
-99 -99 -99 -99 -99 -99 -99 -99 -99 -99 -99 1.48286139723491 -99 -99 -99
-99 -99 -99 -99 -99 1.35266619208888 -99 -99 -99 -99 -99 -99 -99 -99 -99
-99 -99 0.0621455369244418 -99 0.807054640069329 -99 -99 -0.565957228510634 -99 -0.58687945937811 -99 -99 -99 -99 -99
-99 -99 -99 -99 -99 -99 -99 -99 -99 -99 -99 -99 -99 -99 -99
-99 -99 -99 -99 -99 -99 -99 -99 -99 -99 -99 -99 -99 -99 -99
-99 -99 -99 -99 -99 -99 -99 -99 -99 -99 -99 -99 -99 -99 -99
-99 -99 -99 -99 -99 -99 0.458390872376962 -99 -1.35446269416123 -99 -99 -99 -99 -99 -99
-99 -99 -99 -99 -99 -99 -99 -99 -99 -99 -99 -99 -99 -99 -99
-99 -99 -99 -99 -99 0.0117856400362986 -99 -99 -99 -99 -99 -99 -99 -99 -99
-99 -99 -99 -99 -99 -99 -99 -99 -99 -99 -99 -99 -99 -99 -99
-99 -99 -99 -99 -99 -99 -99 -99 -99 -99 -99 -99 -99 -99 -99
-99 2.93084003766574 -99 -99 1.43176665614375 -99 -99 -99 -99 -99 -99 0.759529178784426 0.626141441323261 -99 -99
-99 -99 -99 -99 -99 -99 -99 1.39062843055729 -99 -99 -99 -99 -99 -99 -99
-99 -99 -99 -99 -99 -99 -99 -99 -99 -99 -99 -99 -99 -99 -99
-99 -99 -99 -99 -99 -99 -99 -99 -99 -99 -99 -99 -99 -99 -99
0.813023326857921 1.08314768858918 -99 -99 0.870907162053765 -99 -99 -99 -99 -0.000671493734607065 -1.17911890253116 -99 -99 -99 -99
-99 -99 -99 -99 -99 -99 -99 -99 -99 -99 -99 -99 -99 -99 -99
-99 -99 1.88452141846475 -99 -99 0.556296237660112 -99 -1.65425572164105 -99 1.1401632550967 -99 -99 -99 -99 -99
-99 -99 -99 -99 -99 -99 -99 2.01384765241948 -99 -99 -99 -99 -99 -99 -99
-99 -99 -99 -99 -99 -99 -1.18839284320797 -99 -99 -99 -99 -99 -99 -99 -99
1.73987656044734 2.43110575502667 -99 -99 -99 -99 -99 -99 -99 -99 -99 -99 -99 -99 -99
-99 -99 -99 -99 -99 -99 0.401172113035891 -99 -99 -99 -99 0.748653273657776 -99 -99 -99
-99 -99 1.35575821179485 -99 1.03103721564685 -99 -99 -99 0.658517235925427 -99 -99 -99 -99 -99 -99
-99 2.85679535610467 -99 -99 -99 -99 -99 -99 -99 -99 -99 2.50438886685398 2.13403449307731 -99 -99
-99 1.83402963671402 -99 -99 -99 -99 -99 0.220518803937789 -99 -99 -99 -99 -99 4.05347633029466 -99
-99 -99 -99 -99 -99 -99 2.63306834929161 -99 -99 -99 -99 -99 -99 -99 -99
0.185442990233324 -99 -99 -99 -99 -99 -1.15334535707195 -99 -99 -99 -99 -99 -99 -99 -99
-99 -99 -99 -99 -99 -99 2.92990351905249 -99 -99 -99 -99 -99 -99 -99 -99
0.198207327350971 -99 -99 -99 -99 -99 -99 -99 -99 -99 -99 -0.868391009109223 -99 -99 -99
-99 -99 -99 -99 -99 -99 -99 -99 -99 1.2801108555511 -99 -99 -99 -99 -99
-99 -99 -99 -99 -99 -99 -99 -99 -99 2.36492403643618 -99 0.634178170537297 -99 -99 -99
-99 -99 -99 -99 -0.353313258799559 -99 -99 -99 -99 1.38648701519264 0.34460341025967 -99 2.15098409821543 -99 -99
-99 -99 -99 -99 -99 -99 3.63008760354537 -99 -99 -99 -99 3.31854629883381 -99 -99 -99
-99 -99 -99 -99 -99 -99 -99 -99 -99 -99 -99 -99 -99 -99 -99
-99 -99 -99 -99 -99 -99 -99 -99 -99 -99 -99 -99 -99 -99 -99
-99 -99 1.22356497616598 -99 -99 -99 -99 -99 -99 -99 -0.0413031260935859 -99 -99 -99 2.61231159943294
-99 -0.976725189769469 -99 -99 -99 -99 -99 -99 -99 -99 -99 1.03003289682359 -99 -99 1.14295947087899
-99 -99 -0.19642601114015 -99 -99 -99 -99 -99 -99 -99 -99 -99 -0.274359203771583 -99 -99
-99 -99 -99 -99 -99 -99 -99 -99 -99 -99 -99 -99 -99 -99 -99
-99 -99 -99 -99 -99 -99 -99 -99 -99 0.180794837777794 -99 -0.00526729463790465 0.632792597304914 -99 -99
-99 -99 -99 -99 -99 -99 0.866616419083151 -99 -99 -99 -99 -99 -99 -1.52310862753609 -99
-99 -99 -99 -99 -99 -99 -99 -99 -99 -99 -99 -99 -99 -99 -99
1.95314074064848 -99 1.62754955897569 3.11718334906204 -99 -99 -99 -99 -99 -99 2.62729380032449 2.47798643917778 -99 -99 -99
-99 -99 -99 1.38830186396429 -99 -99 -99 -99 -99 -99 -99 -99 -99 -99 -99
-99 -99 -99 -99 -99 -99 -99 -99 -99 -0.428456087979404 -99 -99 -99 -99 -99
-99 -99 -99 -99 -99 -99 -99 -99 -99 -99 -99 -99 -99 2.16977416145333 2.59564309418815
-99 -99 -99 -99 -99 -99 -99 -99 -99 -99 -99 -99 -99 -99 1.00200901151908
0.165927054023659 -99 -99 -99 -99 -99 -99 -99 -99 -99 -99 -99 -99 -99 -99
-99 -99 -99 1.04206870148006 -99 -99 -99 -99 -99 -99 -99 2.09024480038186 -99 0.168449889108749 -99
-99 -99 -99 -99 -99 -99 -99 -99 -99 -99 -99 -99 -99 -99 -99
-99 -99 -99 -99 -99 -99 -99 -99 -0.405186121052625 -99 -99 -99 -99 -99 -99
-99 -99 -99 -99 -99 -99 -99 -99 -99 -99 -99 -99 -99 -99 -99
-99 -99 -0.687576199973719 -99 -99 -99 -99 -99 -99 -99 -99 -99 -99 -99 -99
-99 -99 -99 -99 -99 -99 -2.30731067848863 -99 -99 -99 -99 -99 -99 -99 -99
-99 -99 0.101951269741204 -99 -99 -99 -99 -99 -99 -99 -99 -99 -99 -99 -99
-99 -99 -99 -99 3.9284561774537 -99 -99 -99 -99 -99 -99 -99 -99 -99 3.33058021864079
-99 -99 -99 -99 -99 -99 -99 -99 -99 0.603065487828229 -99 1.51423122165735 -99 -99 -99
-99 -99 -99 -99 -99 -99 -99 -99 -0.48754530316823 -99 -99 -99 -99 -99 -99
-99 -99 -99 -99 -99 -99 -99 -99 -99 -99 -0.390350357401514 -99 0.261952860878965 -99 -99
-99 -99 -99 2.3417345324459 -99 -99 -99 -99 -99 -99 -99 -99 -99 -99 -99
-99 -99 -99 -99 -99 -99 -99 -99 -99 -99 -99 -99 -99 -99 -99
-99 -99 -99 -99 -99 -99 -99 -99 -99 -99 -99 -99 -99 -99 -99
-99 -99 -99 -99 0.877367115183748 -99 -99 -99 -99 -99 -99 -99 -99 -99 -99
4.14205569575956 -99 3.70504655260325 -99 -99 -99 -99 -99 -99 -99 -99 -99 -99 2.37570965255104 -99
-99 -99 -99 -99 -99 -99 -99 -99 -99 -99 1.73327192695401 -99 -99 -99 -99
-99 -99 -99 -99 -99 -99 -99 -99 -99 -99 -99 -99 -99 -99 -99
-99 -99 -99 -99 -99 -99 -99 -99 -99 -99 -99 -99 -99 -99 -99
0.637124046631936 -99 -99 -99 -99 -99 -99 -99 2.72618249440533 -99 -99 -99 -99 1.47063532536818 -99
-99 -99 -99 -99 -99 -99 -99 -99 -99 -99 -99 -99 -99 -99 -99
-99 -0.448575713060023 -99 -99 -99 -99 -99 -99 -99 -99 -99 -99 -99 -99 -99
-99 -99 -99 -99 0.363440975723136 -99 -99 0.597501797844925 -99 -99 -99 -99 -99 -99 -99
-99 -99 1.60901150959489 -99 -99 -99 2.66587449527143 -99 -99 -99 0.108161094940533 -99 -99 -99 -99
-99 -99 -99 -99 -99 -99 -99 -99 -99 -99 -99 -99 -99 -99 -99
-99 -99 -99 -99 -99 -99 -99 -99 -99 -99 -99 -99 -99 -99 -99
-99 -99 -99 -99 0.101123244826527 -99 -99 -99 -99 -99 -99 -99 -99 -99 -99
-99 -99 -99 -99 -99 -99 -99 -99 -99 -99 1.21868296365137 -99 -99 -99 -99
-99 -99 -99 -99 -99 -99 -99 -99 -99 -99 -99 -99 0.169406087649038 -99 -99
-99 -99 -99 -99 -99 -99 -99 -99 -99 -99 -99 -99 -99 -99 -99
-99 -99 -99 -99 1.05399158136059 -99 -99 -99 -0.38959759190819 -99 -99 -99 -99 -99 -99
-99 -99 -99 -99 -99 -99 1.01933560228005 -99 -99 -99 -99 -99 -99 -99 -99
0.918777603006842 -99 -99 -99 -99 0.990250923540585 -99 -99 2.79653431887952 -99 -0.129415817470355 -99 -99 -99 -99
-99 0.104426428376498 -99 -99 -99 -99 -99 -99 -99 -99 -99 -99 -99 -99 -99
-99 1.60289575183079 -99 -99 -99 3.14082686573313 -99 3.34735601729019 -99 -99 -99 -99 3.24267566142104 -99 -99
-99 -99 -99 -99 -99 -99 -99 -99 -99 -99 -99 -99 -99 0.0202277969413662 -99
-99 -99 -99 -99 -99 -99 -99 -99 -99 -99 -99 -99 -99 -99 -99
-99 -99 -99 -99 -99 -99 -99 -99 -99 -99 -99 -99 -99 -99 -99
-99 -99 -0.315236666022037 -99 -99 -99 -1.21445193760556 -2.50330916399862 -99 -99 -99 -1.34962291802298 -99 -99 -99
-99 -99 -99 -99 -99 -99 -99 -99 -99 -99 -1.73313288858411 -99 1.00928123899595 -99 -99
-99 -99 -99 -99 -1.10164754438217 -99 -99 -99 -99 -99 -99 1.60792746312501 -99 -99 -0.674562128442098
-99 -99 -99 -99 -99 -99 0.148783565821218 -99 -99 -99 -99 -99 -99 -99 -99
-99 -99 -99 2.04424976974214 -99 2.07067215864254 -99 -99 -99 -99 1.64781619590966 -99 -99 -99 -99
-99 2.33887247080473 -99 -99 -99 -99 -99 -99 -99 -99 -99 -99 -99 -99 -99
-99 -99 -99 -99 -99 -99 -99 -99 -99 -99 -99 -99 -99 -99 -99
-99 -99 -99 -99 -2.71169556143372 -99 -99 -99 -99 -99 -99 -99 -99 -99 -1.95229139580799
-99 -99 -99 1.3455771735411 -99 -99 -99 -99 -99 -99 -99 -99 -99 -99 -99
-99 0.212296152202429 -99 -99 -99 -99 -99 -99 -99 -99 -99 -99 -99 -99 -99
2.30163513872212 -99 -99 -99 -99 -99 -99 -99 -99 -99 -99 -99 -99 -99 -99
-99 -0.325238286575476 -99 0.451113200818673 -99 -99 -99 -99 -99 -99 -0.682847879002565 -99 -99 -99 -99
-99 0.0826962991244734 -0.732301046094308 -99 -99 -99 -99 -99 -99 -99 1.75923454631972 -99 -99 -99 -99
-99 -99 -99 -99 -99 -99 1.76600366767839 -99 -99 -99 -99 -99 -99 -99 -99
-99 -1.54228063768523 -99 -99 -99 -0.590119461721496 -1.41371897040856 -99 -99 -99 -99 -99 -99 -99 -99
-99 -99 -99 -1.17134105402753 -99 -99 0.778191081326902 -99 -0.524574196473367 -99 -99 -99 1.00046464197266 -99 -99
-99 -99 -99 -99 -99 -99 -99 -99 -99 -99 -99 -99 -99 -99 -99
-0.241812428033908 1.19574802942859 -99 -99 -99 -99 -99 -1.0838924951806 0.791945908822003 -99 -99 -99 -99 -99 0.442737102198565
-99 -99 -99 -99 -99 2.17189783186164 -99 -99 2.86439461072016 0.304205669292229 2.67460537632559 -99 -99 -99 -99
-99 -99 -99 2.22554491355734 -99 -99 -99 -99 -99 -99 -99 -99 -99 -99 -99
-99 -99 -99 -99 -99 -99 -99 -99 -99 -99 -99 -99 0.832567861731854 -99 -99
-99 -99 -99 -99 -99 -99 -99 -99 -99 -99 -99 -99 -99 -99 -99
-99 -99 -99 -99 -99 -99 -99 -99 -99 -99 0.372614157754263 -99 -99 -99 -99
-99 -99 -99 -99 -99 -99 -99 -1.36038984881529 -99 -99 0.926083552823073 -99 -99 -99 -99
0.978905106298313 -99 -99 -99 -99 -99 -99 -99 -99 -99 -99 -99 -99 -99 -99
-99 -99 -99 -99 -99 -99 -99 -99 -99 -99 -99 -99 -99 -99 -99
-99 2.62453773695869 -99 3.16939145113652 -99 -99 2.00922795139694 -99 -99 -99 -99 -99 -99 -99 2.56916118321468
-99 -99 -99 -99 2.22413553859078 -99 -99 -99 -99 -99 -0.632025166806397 -99 -99 -99 -99
-99 -99 -99 -99 -99 -99 -99 -99 -99 -99 -99 -99 -99 -0.655769924467946 -99
-99 -99 -99 -99 -99 -99 -99 -99 -99 -99 0.413343688761871 -99 0.787123251710835 -99 -0.900208157209838
-99 -99 -99 -99 -99 -99 -99 -99 -99 -99 -99 -99 -99 -99 -99
-99 -99 -99 -99 -99 -99 -99 3.73092134049774 -99 -99 -99 -99 -99 -99 -99
-99 -99 -99 -99 -99 1.2753305565175 -99 0.884128016714372 -99 1.56640011111471 0.507827242060158 -99 -99 -99 -99
-99 -99 -99 -99 -99 -99 -99 -99 -99 -99 -99 -99 -99 -99 -99
-99 -99 -99 -99 -99 -99 -99 -99 -99 -99 -99 -99 -99 -99 -99
-99 -0.305235685905197 -99 -99 -99 0.13901236713174 -99 -0.485674732516701 -99 -99 -99 -99 -99 -99 -99
-99 -99 -99 -0.690334054472489 -99 1.10484795142553 -99 -99 -99 -99 -99 -99 -99 -99 0.806262143633673
-99 -99 -99 -99 -99 -99 -99 2.71218848003729 -99 -99 -99 -99 -99 -99 -99
-0.342039736717978 -99 -99 -99 -1.66777151293148 -99 -99 -99 -99 -99 -99 -99 -99 -99 -99
-99 -99 -99 -99 -99 1.35267454435743 -99 -99 -99 -99 -99 -99 -99 -99 -99
-99 -99 -99 -99 -99 -99 -99 -99 -99 -99 -99 -99 -99 -99 -99
1.19885947410575 -99 -99 -99 -99 -99 -99 -99 -99 -99 -99 -99 -99 -99 -99
-99 -99 -99 -99 -99 -99 -99 -99 1.79870480052198 -99 -99 -99 -99 -99 -99
-0.860850170101215 -99 -99 -99 -99 -99 -99 -99 -99 -99 1.36099208405238 -99 -99 2.71010418316642 -99
-99 -99 1.23980302229443 -99 -99 -99 -99 -99 -99 -99 2.30966033598958 -99 -99 -99 -99
-99 -99 2.13497434785809 -99 -99 -99 -99 -99 -99 -99 -99 -99 -99 -99 -99
-2.53386986399127 -99 -99 -99 -99 -99 -99 -99 -99 -2.18123172023443 -99 -99 -99 -99 -99
-99 -99 -99 -99 -99 -99 -99 -99 1.01743805728969 -99 -99 -99 2.46771590625527 2.54955782849672 -99
-99 -99 -99 -99 -99 -99 -99 -99 1.61793968593618 -99 -99 -99 -99 1.28394405706985 -99
1.84675883380485 -99 -99 -99 -99 3.48047838602919 -99 2.39758302163726 -99 -99 -99 3.17690190689689 -99 2.39146554641602 -99
-99 -99 -99 -99 -99 -99 -99 -99 -99 -99 -99 -99 -99 -99 -99
2.53848304645319 -99 2.03800017628779 -99 -99 -99 -99 -99 -99 -99 -99 -99 0.988126443899924 -99 -99
-99 -99 -99 1.63154482595036 -99 0.969101223750562 -99 -99 -99 -99 -99 -99 -99 -99 -99
-99 -99 -99 -99 -99 -99 -99 -99 -99 -99 -99 -99 -99 -99 -99
-99 -99 -99 -99 -99 -99 3.79915212082459 -99 -99 -99 -99 -99 -99 -99 -99
-99 -99 -99 1.08750154593892 -99 -99 -99 -99 -99 -99 -99 -99 2.37822223274425 -99 -99
-99 -99 -99 -99 0.871741715140267 -99 -99 -99 -99 0.749812305780092 -99 -99 -99 -99 -99
-99 -99 -99 -99 -99 -99 -99 -99 -99 -99 -99 -99 -99 -99 -99
-99 -99 -99 -99 -99 -99 3.33434959973041 -99 -99 -99 -99 -99 -99 -99 -99
-99 1.02564883233389 -99 -99 -99 -99 -99 -99 1.27140510842768 -99 -99 -99 -99 -99 4.2127050121374
-99 -99 -99 -99 -99 -99 -99 -99 -99 1.59398557776942 -99 -0.217957910343072 -99 -99 -99
-99 -99 -99 -1.1976839623084 -99 -99 -99 -99 -99 -0.335357498049208 -99 -99 -0.294229644924118 -99 -99
-99 -99 -99 -99 -99 -99 -99 -99 -99 -99 -99 -99 -99 -99 -99
-99 -99 -99 -99 2.38045255153301 -99 -99 -99 -99 -99 -99 -99 -99 -99 -99
-99 -99 -99 1.72440294847102 -99 -99 -99 -99 -99 -99 -99 -99 -99 -99 -99
-99 -99 -99 -99 -99 -99 -99 -0.58190202752235 -99 -99 -99 -99 -99 -99 -99
-99 -99 -99 -0.543820729600789 -99 -99 -99 1.62146691273305 -99 -99 -99 -99 -99 -99 -99
-99 1.16563393490266 1.76543599180868 -99 -99 -99 -99 1.45678413185221 -99 -99 -99 -99 -99 -99 -99
-99 0.121859212203573 -99 -99 -99 -99 -99 -99 -99 -99 -99 -99 -99 -99 -99
-99 -99 -99 -99 -99 -99 -99 -99 0.815309110943617 -99 -99 -99 -99 -99 -99
-99 -99 -99 -99 -99 -99 -99 -99 -99 -99 -99 -99 -99 -99 -99
-99 -99 -99 -99 -99 1.64609156126998 -99 -99 -99 0.026938618897709 0.910071686788582 -0.276200527098998 -99 0.133348595351988 -99
-99 -99 -99 -99 -99 1.71683715967661 -99 -0.111317093263622 -99 -99 -99 -99 -99 0.258223816794136 -99
-99 -99 -99 -99 -99 -99 -99 -99 -99 -99 -99 -99 3.89666681531684 -99 -99
-99 -99 -99 -99 -99 -99 0.870036434194373 -0.446885064030245 -1.22193762001847 -99 -99 -99 -99 -99 -99
-99 -99 -99 -99 -99 -99 -99 -99 -99 -99 -99 -99 -99 -99 -99
-99 -99 -99 -99 -99 -99 -99 -99 -99 -99 -99 0.686152326208793 -99 0.336575387969907 1.26979400537464
-99 -99 -99 -99 -99 -99 -99 -99 -99 -1.31742032986115 -99 -99 -99 -99 -99
-99 1.98454256780753 -99 -99 -99 -99 -99 -99 -99 -99 -99 -99 -99 -99 -99
-99 -99 -99 -99 -99 -99 -99 -99 -99 1.90831077366132 -99 -99 -99 -99 -99
-99 -99 -99 -99 -99 -99 -99 -99 -99 -99 -99 -99 -99 -99 -99
-99 -99 -99 -99 -99 -99 -99 -99 -99 -99 -99 -99 -99 -99 -99
-99 -99 -99 -99 3.96311422207509 3.22500523932284 -99 -99 -99 -99 -99 -99 -99 -99 -99
-99 -99 -99 -99 -99 -99 -99 -99 -99 -99 -99 -99 0.298054806110696 -99 -0.764496160481891
-99 -99 -99 -99 -99 -99 -99 -99 -99 -99 -99 3.20261911615253 -99 -99 -99
-99 -99 -99 -99 -99 -99 -99 -99 -99 -99 -99 -99 -99 -99 -99
-99 -99 -99 -99 -99 -99 -99 -99 -99 -99 -99 -99 0.684165427330318 -99 -99
-99 -99 -99 -99 0.456942792815131 -99 -99 -99 -99 -99 -99 0.23351439271243 -99 -99 -99
-99 -99 0.8684510774833 -99 -99 -99 -99 -99 -99 -99 -99 -99 -99 -99 3.33845589881539
-99 -99 -99 -99 -99 -99 -99 -99 -99 -99 -99 -99 -99 -0.573492362096271 -99
-99 -99 -99 -99 -99 -99 -99 -99 0.814007949080133 -99 -99 -99 -99 -99 -99
-99 -99 -99 -99 -99 -99 2.07920143549396 -99 -99 -99 3.42364123766895 -99 -99 -99 -99
-99 -99 -99 -99 -99 -99 -99 -99 -99 -99 -99 -99 -99 -99 -99
-99 -99 -99 -99 -99 -99 -99 -99 -99 -99 -99 -1.07095042076135 0.442600256526735 -99 -99
-99 -99 -99 -99 -99 -99 -99 -99 -99 -99 -99 -99 -99 -99 -99
-99 -99 -99 -99 -99 -99 3.00355635924795 -99 -99 -99 -99 -99 -99 -99 -99
-99 -99 1.40580075268697 -99 -99 -99 0.634126331019756 -99 -99 -99 -99 -99 -99 -99 -99
-99 -99 -99 -99 -99 -99 -99 -99 -99 2.4492150074627 -99 -99 -99 -99 -99
-99 -99 -99 -99 -99 -99 -99 -99 -99 0.441515339411921 -99 -99 -99 -99 -99
-99 -99 -99 -99 -99 -99 -99 -99 2.10170479554145 2.77169812696071 -99 -99 -99 -99 -99
0.485939309493874 -99 -99 -99 -99 -99 -99 -99 -99 -99 -0.630310487016252 -1.31777815872207 -99 -99 -99
-99 -99 1.16074355162503 -99 -99 -99 -99 -99 -99 -99 -99 -99 -99 -99 -99
-99 3.54479921877514 -99 -99 -99 5.16261782899633 -99 -99 -99 -99 -99 -99 -99 -99 -99
-99 -99 -99 3.37814172397569 -99 -99 -99 -99 -99 -99 -99 -99 -99 -99 -99
-99 -99 -99 -2.09744863830893 -99 -99 -99 -0.471874436148233 -99 -99 0.428852941165898 -99 -99 -99 -99
-99 -99 -99 -99 -99 -99 -99 -99 -99 -99 -99 -99 -99 -99 -99
-99 -99 -99 -99 -99 -99 -99 -99 0.19590594092421 -99 -1.58921495786335 -99 -99 -99 -99
0.319565581371806 -99 -2.41182382420745 -99 -99 -99 -99 -99 -99 -99 -99 -99 -99 -99 -99
-99 1.1625079948568 -99 -99 -99 -99 -99 -99 -99 -99 -99 -99 -99 0.447515819060555 -99
-99 -99 -99 -0.584366462624904 -99 -99 -99 -99 -99 -99 -99 -99 -99 1.16108269050282 -99
-99 -99 -99 -99 2.64295102254574 -99 -99 -99 -99 -99 -99 -99 -99 -99 -99
-99 0.824308743708544 0.192440927243289 -99 -0.661881700174081 -99 -99 -99 -99 -99 -99 -99 -99 -99 -99
-99 -99 -99 2.29594375818782 -99 -99 -99 -99 -99 -99 -99 -99 -99 1.4243529280139 -99
-99 -99 -99 -99 1.04095633289818 -99 -99 -99 -99 0.475131836929223 -99 0.458063558267717 1.75962160352415 -99 -99
0.169580583721066 -99 -99 -99 -99 -99 -99 -99 -99 -99 -99 -99 -99 -99 -99
-99 -99 -99 -99 1.59726209746585 2.55297997063697 -99 -99 -99 -99 -99 -99 -99 -99 -99
-99 -99 -99 -99 -99 -99 -99 -99 -99 -99 1.44588097597852 2.2341346647535 -99 1.27940455146532 -99
-99 -0.500150437110969 -99 -99 -99 -99 -99 -99 -99 -99 -99 -99 -99 -99 -99
-99 -99 -99 -99 -1.37458119395554 -99 -99 -99 -99 -99 -99 -99 -99 -99 -99
-99 -99 -99 -99 -99 -99 -99 -99 -99 -99 -99 -99 -99 -99 -99
-99 -99 -99 -99 -99 -99 -99 -99 -99 -99 -99 -99 -99 -99 -99
-99 -99 -99 -99 -99 -99 -0.116814361431475 -99 0.683469673925751 -99 -0.313880554610959 -99 -99 -99 -99
-99 -99 -99 -99 -99 -99 -99 -99 -99 -99 3.20317327436724 -99 -99 -99 -99
-99 -99 -99 -99 -99 -99 -99 -99 -99 -99 -99 -99 -99 -99 -99
-99 -99 -99 -99 -99 -99 -99 -99 1.19850841113503 -99 -99 -99 -99 -99 3.62133874255161
-99 -99 -99 -99 -1.59535867715061 -99 -99 -99 -0.785903345643498 -99 -99 -99 -99 -99 -99
-99 1.82809818595017 -99 -99 1.74075853431244 2.15684063858945 -99 -99 -99 -99 -99 -99 -99 -99 -99
-99 -99 -99 1.42670244962951 -99 -99 -0.241736245212651 0.760987998736349 -99 -99 0.600005695068406 -99 -99 -99 -99
-99 -99 -99 -99 -99 -99 -99 -99 -99 -99 -99 -99 -99 -99 -99
-99 -99 -99 -99 0.38249313012629 -99 -99 -99 -99 -99 -99 -99 -99 -99 -99
-99 -99 -99 -99 -99 -99 -99 -99 -99 -0.00706102803738484 1.60521939761234 -99 1.24270728428921 -99 3.70970455063372
-99 -99 -99 -99 -99 -99 -99 -99 -99 -99 -99 -99 2.88385182259304 -99 -99
-99 -99 -99 -99 -99 -99 -99 -99 -99 -99 -99 -99 -99 -99 -99
-99 -99 -99 -99 -99 -99 -99 -99 -99 -99 -99 3.05359698300126 -99 -99 -99
-99 -99 -99 -99 -99 -99 -99 -99 -99 -99 -99 -99 -99 -99 -99
-99 -99 -99 0.411621647219169 -99 -99 -99 -99 -99 1.76345181621477 -99 -99 -99 -99 1.70549723042808
-99 1.3449542599227 -99 -99 -99 3.98242737452503 -99 -99 -99 -99 -99 -99 -99 -99 -99
-99 0.695209043204113 -99 1.85483930102254 -99 -99 -99 -99 -99 -99 -99 -99 -99 -99 -99
-99 2.74603005800092 -99 -99 -99 -99 -99 -99 -99 -99 -99 -99 -99 -99 -99
-99 -99 -99 -99 -99 -99 -99 -99 0.261283950477456 -99 -99 -2.08304548773248 -99 -99 -99
-0.763738935796672 -99 -99 -99 -99 -99 -99 -99 -99 -99 -99 -99 -99 -99 -99
-99 1.22272254342299 -99 -99 -99 -99 -99 -99 -99 -99 -99 -99 -99 -99 -99
-99 -99 -99 -99 -99 -99 -99 -99 -99 -99 -99 -99 -99 -99 -99
-99 -99 -99 -99 -99 -99 1.52023875502798 -99 -99 -99 -99 -99 -99 -99 0.0867158416487821
-99 -99 -99 -99 -99 -99 -99 -99 -99 -99 -99 -99 -99 -0.799867239890257 -99
-99 -99 -99 -99 -99 -99 -99 -99 -99 1.98992370887154 -99 -99 -99 -99 -99
-99 -99 -99 -99 -99 -99 -99 -99 -99 -99 -99 -99 -99 -99 -99
-99 -99 -99 -99 -99 0.663342867439108 -99 -99 0.0602044181998846 -99 -99 0.37457963196317 1.24254671022436 -99 -99
-99 -99 -99 -99 -99 0.868084976175824 -99 -99 -99 -99 -99 -99 0.882476504163478 -99 -99
-99 -99 -99 -99 -99 2.03378449328527 -99 -99 -99 -99 -99 -99 2.84820909453009 -99 -99
-99 -99 -99 -99 -99 -99 -99 3.23875371477899 -99 -99 -99 -99 -99 -99 -99
-99 -99 -99 -99 -99 -99 -99 -99 -99 -99 -99 -99 -99 -99 -99
-99 -99 -99 -99 -99 -99 -0.141155455048191 -99 -99 -0.654402957217415 -99 -99 -99 -99 -99
-99 -99 -99 -99 -99 -99 -99 -99 -99 -99 -99 2.73779489840284 -99 -99 -99
-99 1.33597957392618 -99 -99 -1.37019148941309 -99 1.30984340051909 0.71489200560746 -99 -99 -99 2.30470131111536 -99 0.856415513103111 -99
1.83755047111513 -99 -99 -99 -99 -99 -99 2.71953020034312 -99 -99 0.066874270055737 -99 -99 -99 -99
-99 -99 -99 -99 -99 -99 1.87689497015742 -99 -99 -99 -99 1.40403288638452 -99 -99 0.796619700631118
-99 -99 -99 -99 0.988889463652063 2.37267446744587 0.462802005798547 -99 -99 -99 -99 -99 -99 -99 -99
-99 -99 -99 -1.91378523300303 -99 -99 -99 -99 -99 -99 -99 0.501534141502689 -99 -99 1.0176130127446
-99 -99 -99 -99 1.05534640880643 -99 -99 -99 -99 -99 -99 -99 -99 0.818801294922236 -99
-99 -99 -99 -99 -99 -99 -99 -99 -99 -99 -99 -99 -99 -99 -99
-99 -99 -99 -99 1.29624754839066 -99 -99 2.06270291033283 -99 -99 0.638116137505796 -99 -99 -99 -99
-99 -99 -99 -99 0.141177218253595 -99 -99 -99 -99 -99 1.56294358795543 -99 -99 -99 -99
-99 1.99687826466886 -99 -99 -99 -99 -99 1.72543814404334 -99 -99 -99 -99 -99 -99 -99
-99 -99 -99 -99 -99 -99 -99 -99 -99 -99 -99 -99 -99 -99 -99
-99 -99 -99 -99 -99 -99 -99 0.693339408663131 1.7336442940607 -99 -99 -99 -99 -99 -99
4.57093692809702 -99 -99 -99 -99 -99 -99 3.2049488249912 -99 -99 -99 -99 -99 -99 -99
-99 -99 1.14299305753504 -99 -99 -99 -99 -99 -99 -99 -99 -99 -99 -99 -99
-99 -0.0519537219413759 -99 -99 -99 -99 -99 -99 -99 -99 -99 -99 -99 -99 -99
-99 -99 -99 -99 -99 -99 -99 -99 -99 -99 3.33518054670978 -99 -99 -99 -99
2.49018954275792 0.527027212685391 -99 -99 -99 -99 -99 -99 -99 -99 -99 -99 -99 -99 -99
-99 -99 -99 -99 -99 -99 -99 -99 -99 -0.331061644392363 2.09431800875049 -99 -99 -99 0.47239444390429
-99 -99 -99 -99 -99 -99 -99 -99 -99 -99 -99 -99 -99 -99 2.88229707388786
-99 -99 -99 -99 0.0222983448869745 -99 1.22489034679224 -99 -99 -99 -99 -99 -99 -99 -99
-99 -99 -99 -99 -99 -99 -99 -99 -99 -99 -99 -99 -99 -99 1.96616833557056
0.955626449486319 -99 -99 -99 -99 -99 -99 -99 -99 -99 -99 -99 -99 -99 -99
-99 2.55177513687834 -99 3.88283028809926 1.11342174873102 -99 -99 -99 1.74704225102852 -99 -99 -99 -99 -99 -99
-99 -99 -99 -99 -99 -99 -0.792366502933876 -99 0.256709445407411 -99 -99 -99 -99 -99 -99
-99 2.49931206656836 -99 -99 -99 -99 -99 -99 -99 0.513855038521394 -99 -99 -99 -99 -99
-99 -99 -99 -99 -99 -99 -99 -99 -99 -99 -99 -99 0.533056120149709 -99 -99
0.893104141795037 -99 -99 -99 -99 -99 -0.427684150308018 1.17859906597843 -99 -99 -99 -99 -99 2.24815746029121 -99
-99 1.4316520098433 -99 -99 -99 0.764026442217741 -99 -99 -99 -99 -0.221790909407134 -99 -99 -99 -99
-99 -99 -99 -99 -99 -99 -99 -99 -99 -99 -99 -99 0.299828158857885 -99 -99
-99 -99 1.91044584101301 -99 1.66281966606099 -99 -99 -99 -99 -99 -99 -99 -99 0.934981258526215 -99
-99 -99 -99 -99 -99 -99 -99 -99 -99 -99 -99 -99 -99 -99 -99
-99 -99 0.840488542507641 -99 -99 0.471136325268574 -99 -99 -99 -99 -99 -99 -99 -99 0.939285272066471
-99 -99 -99 -99 -99 2.70827470603713 -99 -99 -99 -99 1.72062839333152 -99 -99 -99 -99
-99 -99 -99 -99 -99 -99 -99 -99 -99 0.20306395071038 -99 -99 -99 -99 -99
-99 -99 -0.467833520601576 -99 -99 -99 -99 -99 0.0576402121091393 -99 -99 -99 -99 -99 -99
-99 2.42261920069145 2.3255989185737 -99 -99 -99 -99 -99 -99 -99 -99 -99 -99 -99 -99
-99 1.4900257138386 -99 1.26202268689117 -99 -99 -99 -99 -99 -99 -99 -99 -99 -99 -99
-99 -99 -99 -99 -99 -99 -99 -99 -99 -99 -99 -99 -99 -99 -99
-99 -99 1.85920464893101 -99 -99 -99 -99 -99 -99 -99 -99 2.23208767455923 -99 -99 -99
-99 -99 -99 -99 -99 -0.0136425747624902 -99 0.50992281912867 -99 -99 -99 -99 -99 -99 -99
-99 3.63532276743297 -99 -99 -99 -99 -99 -99 -99 -99 -99 3.59559238633494 1.69861279917475 -99 -99
-99 0.186332493999834 -99 -99 -99 -99 -99 -99 -99 2.01315304416944 -99 -99 -99 -99 -99
-99 -99 1.78844400755548 -99 -99 -99 -99 -99 1.97378265148864 -99 -99 -99 -99 -99 -99
-99 2.01085123208685 -99 -99 -99 -99 -99 -99 -99 -99 -99 -99 -99 -99 3.67832179710212
-99 -99 0.566727431872567 -99 -99 -99 -99 -99 -99 -99 -99 -99 -99 -99 -99
-99 -99 -99 -99 -99 -99 1.77633647530976 -99 -99 -99 -99 0.856643057240775 -99 -99 -99
-99 -99 -99 -99 -99 -99 0.628410363535014 -99 -99 -99 -99 -99 -99 -99 -99
-99 -99 -99 -99 -99 -99 -99 -99 -99 -99 -99 -99 -99 -1.08395555415902 -99
-99 -99 -99 -99 -99 -99 -99 -99 0.581103110367369 -99 -99 -99 -99 -99 -99
-99 -99 -99 -99 -99 -99 -99 -99 -99 -99 -99 -99 -99 -99 -99
-99 -99 -99 -99 -99 -99 -99 -99 -99 0.0861189971176197 -99 -99 -99 -99 2.27300395235751
-99 -99 -99 -99 -99 -99 -99 2.68474543997585 -99 -99 -99 -99 -99 -99 -99
-99 -99 -99 -99 -99 -99 -99 -99 1.74564618712433 -99 -99 -99 -99 -99 1.12990486427093
0.196228400852217 -99 -99 -99 -99 -99 -99 -99 -99 -99 -99 -99 -99 -99 -99
-99 -99 -99 -99 -99 -99 -99 1.51765793257402 -99 -99 -99 -99 -99 -99 -99
-99 -99 -99 1.55752926725967 -99 -99 -99 -99 -99 -99 -99 -99 -99 -99 -99
-99 -99 -99 -99 -99 -99 -99 -99 -99 -99 -99 -99 -99 -99 0.836121122165828
-99 -99 -99 -99 -0.0914930711446824 -99 -99 -99 -99 -99 -99 -99 -99 -99 -99
-99 -99 -99 -99 -99 1.71508078513272 -99 -99 -99 -99 -99 -99 -99 -99 -99
-99 -99 1.62081464851692 -99 -99 3.17874129184658 -99 -99 -99 -99 -99 -99 -99 -99 -99
-99 -99 -99 -99 -99 -99 -99 -99 -99 -99 -99 -99 -99 -99 1.05732897845404
-99 -99 -99 -99 -99 -99 -99 -99 1.17038161184438 -99 -99 -99 -99 2.82823071902126 -99
-0.244934199523356 -99 -99 -99 -99 -99 -99 -99 -99 -99 -99 -99 -99 -99 -99
-99 0.611476105463046 -99 -99 -1.43639976707017 -99 -99 -99 -99 -1.11101007985934 -99 -99 -99 -99 -99
-99 -99 -99 -99 -99 1.87207690860364 2.56366863888204 -99 -99 -99 1.67923186175538 -99 -99 -99 1.42990086843693
-99 -99 -99 -99 -99 3.11480068210284 -99 -99 -99 -99 -99 -99 -99 -99 -99
-99 -99 -99 -99 -99 -99 -1.75583731087663 -99 -99 -99 -99 -1.31579896873132 -99 -99 -0.488952670095709
-99 -99 -99 -99 -0.386474933230598 -99 -99 -99 -99 -99 0.341223134625366 -99 -99 -1.14275396488004 -99
-99 -99 -99 -99 -99 -99 -99 2.84443995743957 -99 -99 -99 -99 -99 -99 1.90010704964295
-99 -99 0.958230202296237 -99 -99 -99 -99 -99 -99 -99 -99 -99 -99 -99 -99
-99 -99 -99 -99 -99 -99 -99 0.609353668913921 -99 -99 -99 -99 -99 -99 -99
-99 -99 -99 -99 -99 -99 -99 -99 -99 -99 -99 -99 -99 -99 -99
-99 -99 -99 -99 -99 -99 -99 1.18878888919299 -99 -99 1.85445011381984 -99 -99 1.75050130339693 -99
-99 -99 -99 -99 -99 -99 -99 -99 -99 -99 -99 1.74988558636034 -99 -99 -99
-99 -99 -99 -99 -99 -99 -99 -99 -99 -99 -99 -99 -99 -99 -99
-99 2.91036947762109 -99 -99 -99 -99 -99 -99 -99 -99 -99 -99 -99 -99 -99
0.669228887679091 -99 1.06327201476524 -0.86656055139889 1.28193675248347 -99 -99 -99 -99 -99 -99 -99 -99 -99 -99
-99 -99 -99 -99 -99 -99 -99 -99 -99 -99 -99 -99 -99 -99 -99
-99 1.54106700537912 -99 -99 -99 -99 -99 -99 -99 -99 3.05486036221571 -99 -99 -99 -99
-99 -99 -99 -99 -99 -99 -99 -99 -99 -99 -99 -99 -99 -99 -0.279852699212321
-99 2.21697848984342 -99 -99 -99 -99 -99 -99 -99 -99 0.893539969562231 -99 -99 -99 -99
-99 -99 -99 -99 -99 -99 -99 -99 -99 -99 -99 -99 0.764585802083173 -99 1.84716289157808
-99 1.40617108441664 1.21904241590263 -99 -99 -99 -99 -99 -99 -99 -99 -99 -99 -99 -99
-99 -99 -99 -99 -99 -99 -99 -99 -99 -99 -99 -99 -99 -99 -99
-99 -99 -99 -99 -99 -99 -99 1.67829941750699 -99 1.67499427483303 -99 -99 -99 -99 -99
-99 -99 -99 -99 -99 -99 -99 -99 -99 -0.839484673073552 -99 -99 -99 -99 -99
-99 -99 -99 -99 -99 -99 -99 -99 -99 -99 -99 -99 -99 -99 -99
-99 -99 -99 -99 0.0567891364600061 -99 -99 -99 -99 -99 -99 -99 -99 -99 -99
-99 -99 -99 -99 -99 -99 -99 -99 -99 -99 -99 -99 -99 -99 -99
-99 -99 -99 -99 -99 0.272455054219974 -99 -99 -99 -99 -99 -99 -99 -99 -99
-99 -99 -99 -99 -99 -99 -99 -99 -99 -99 -99 -99 -99 -99 -99
-99 -99 -99 -99 -99 3.7007789250971 -99 -99 -99 -99 -99 -99 -99 -99 -99
-99 -99 -99 -99 -99 -99 -99 -99 -99 -99 -99 -99 -99 -99 -99
-99 -99 -99 -99 -99 -99 -99 -99 -99 -99 -99 -99 2.06042854377874 -99 -99
-99 -99 -99 -99 -99 0.884111694675587 -99 -0.506977065323984 -99 -99 -99 -99 -99 1.46128005346237 -99
-99 -99 -99 -99 -99 -99 -0.742540763669241 -99 -99 -99 -99 -99 -99 -99 -99
-99 0.316977910871284 -99 -99 -99 -99 1.40486780395571 -99 -99 -99 -99 -99 -99 -99 -99
-99 -99 -99 -99 -99 -99 -99 -99 -99 -99 -99 -99 -99 -99 -99
-99 -99 -99 -99 -99 -99 1.28529049387038 -99 -99 -99 -99 -99 -99 -99 -99
-99 -99 -99 -99 -99 -99 -99 -99 -99 -99 -99 -99 -99 -99 -99
0.390558162076589 -99 -99 -99 -99 -99 -99 -99 -99 -99 -99 -99 0.334008406787394 -99 -99
2.63359329660848 -99 -99 -99 -99 -99 -99 -99 -99 -99 -99 -99 -99 -99 -99
-99 -99 -99 -99 -99 -99 -99 -99 -99 -99 0.416109828746262 1.2502898635951 -99 -99 -99
-99 1.02902637668949 -99 -99 -99 -99 -99 -99 -2.873077070201 -99 -99 -99 -99 -99 -99
1.25038278822616 -99 1.24122110406593 -99 0.58203442735464 -99 -99 -99 -99 -99 -99 0.698813356579479 -99 -99 2.16445033790603
-99 -99 -99 -99 -99 -99 -99 -1.61827167464302 -99 -99 -99 -99 0.675837013298422 -99 -99
-99 -99 -99 -99 -99 -99 -99 -99 -99 -99 -99 -99 -99 -99 -99
-99 -99 -99 -99 -99 -99 -99 -99 -99 -99 1.47152523704986 -99 -99 -99 -0.223478053310399
-99 -99 -99 -99 -99 -99 -99 -99 -99 -2.70117520669578 -99 -99 -99 -99 1.02250037946971
-99 -1.19199558425307 -99 -0.928941228734202 -99 -99 -99 -99 -99 -99 -99 -99 -99 -99 -99
-99 -99 -99 -99 -99 -1.02459643067205 0.570734580913205 1.06112776702564 -99 1.95346199223532 -99 -99 -99 -0.600637551915025 -99
-99 -99 -99 -99 -99 -99 -99 -99 -99 -99 -99 -99 -99 -99 -99
-99 -99 -99 -99 -99 -99 -99 -99 -99 0.0389784654621861 0.54890772097925 -99 -99 -99 -99
-99 -99 -99 -99 -99 -99 -99 -99 -99 -99 0.915690204083135 -99 -99 -99 -99
-99 -99 -99 -99 -99 -99 -99 -99 -99 -99 -99 -99 -99 -99 -99
-99 -99 -99 -99 -99 -99 -99 -99 -99 -99 -99 -99 -99 -99 -99
-99 -99 -99 -99 -99 -99 -99 -99 0.647590803501303 -99 -99 -99 -99 -99 -99
-99 -99 -99 -0.292425579111093 -99 -99 0.749527448023066 -99 0.439988236411646 -99 -99 0.0102475533719737 -99 -99 -99
-99 -99 -99 -99 -99 -99 -99 -99 -99 -99 -99 -0.253646930370428 -99 -99 -99
-99 -99 -99 -99 -99 -99 -99 -99 -99 -99 -99 -99 -99 -99 -99
-99 -99 -99 2.24944689163973 -99 -99 -99 -99 -99 -99 -99 -99 -99 -99 -99
-99 -99 -99 -99 -99 -99 -99 -99 -99 -99 -99 -99 -99 -99 0.570109636387551
-99 -99 -99 -99 1.23510133486956 -99 -99 -99 -99 -99 -99 -99 -99 -99 -99
-99 -99 -99 -99 -99 0.681633227319013 -99 -99 -99 -99 -99 1.1210213035511 -99 -0.274512261432164 -99
-99 -99 -99 -99 2.00438792398707 -99 -99 -99 -99 -99 -99 -99 -99 -99 -99
-99 -99 -99 -99 -99 -99 -99 -99 -99 -99 0.448523914769103 -99 -99 -99 -99
-99 -2.83219121417427 -99 -99 -99 -1.04598772450463 -99 -0.605705620619898 -99 -99 -99 -99 -99 -99 -99
-99 -99 -99 -99 -99 1.97365317568814 -99 -99 -0.923391540697244 -99 -0.718273803063503 -99 -99 -99 -99
-99 -99 -0.475498380345921 -99 -99 -99 -99 -99 -99 -99 -99 -99 -99 -99 -99
-99 -99 -99 -99 -99 -99 -99 -99 -99 -99 2.74067911771902 -99 -99 -99 2.0441812282408
1.29993172083157 2.75372644096468 2.76053925279924 -99 -99 -99 -99 -99 -99 -99 -99 -99 -99 -99 -99
-99 -99 -99 -99 -99 -99 -99 2.29426179200425 -99 -99 -99 -99 0.787678324323029 -99 -99
