-99 -99 -99 -99 -99 -99 -99 -99 -99 -99 -0.589947696057639 -99 -99 -99 -99
-99 -99 -99 -99 -99 -99 -99 -99 -99 -99 -99 -99 -99 -99 -99
-99 -99 -99 -99 -99 -99 -99 -99 -99 2.45985263740966 -99 -99 -99 -99 0.694193098400966
-99 -99 -99 -99 -99 -99 -99 -99 -99 -99 -99 -99 -99 -99 -99
-99 -99 -99 -99 -99 -99 -99 -99 -99 -99 -99 -99 -99 -99 -99
-99 -99 -99 -99 -99 -99 -0.939889826255561 -99 -99 -99 -99 -99 -99 -99 -99
-99 -99 -99 -99 -99 -99 -99 -99 -99 -99 -99 -99 -99 -99 -99
-99 -99 -99 -99 -99 -99 -99 -99 -99 2.20546859721978 -99 -99 -99 -99 2.97752147782909
-99 -99 -99 -99 -99 -99 -99 2.6006238401194 -99 -99 -99 -99 -99 -99 1.5775874629975
-99 -99 -99 2.09679526472533 -99 -99 -99 -99 -99 -99 -99 -99 -99 -99 -0.633286675864508
-99 -99 -99 -99 -99 -99 -99 -99 -99 2.26573209576712 -99 -99 -99 -99 -99
-0.723420916464814 -99 -99 -99 -99 -99 -99 -99 0.751636492733426 -99 -99 -99 -99 -99 -99
-99 -99 0.739221265906033 -99 -99 -99 -99 -99 -99 -99 -99 -99 -99 -99 -99
-99 -99 -99 -99 -99 -99 0.190241317871983 -99 -99 -99 -99 -99 -99 -99 -99
-0.712063506734997 -99 -99 1.80432511864906 -99 -99 -99 -99 -99 -99 -99 -99 -99 -99 -99
-99 -99 -99 -0.33046912705351 -99 -99 -99 -99 -99 -99 -99 -99 -99 -99 -99
-99 -99 -99 2.43266359160567 -99 -99 -99 -99 -99 -99 -99 -99 -99 -99 -99
-99 -99 -99 -99 -99 1.61374322966407 -99 -99 -99 -99 -99 -99 -99 -99 -99
-99 -99 -99 -99 -99 -99 -99 -99 -99 -99 -99 1.2138411605389 -99 -99 -99
0.908943004960758 -99 2.17751219470831 -99 2.41839862814119 -99 -99 -99 -99 -99 -99 3.89915310563447 -99 -99 -99
-99 -99 -99 -99 -99 -99 -99 -99 -99 -99 2.7481114017708 -99 -99 -99 -99
-99 -99 -99 -99 -99 -99 2.28809149449117 -99 -99 -99 -99 -99 -99 -99 -99
-99 -99 -99 -99 -99 -99 -99 -99 -0.767604749330217 -99 -99 -99 -99 -99 -99
2.62486370492213 2.56894148647215 -99 -99 -99 -99 -99 -99 -99 -99 -99 2.4315796229424 -99 -99 -99
-99 -99 -99 1.11817426240771 -99 -99 -99 -99 -99 -99 -99 -99 -99 -99 1.53992265824612
-99 -99 -99 -99 -99 -99 -99 -99 -99 -99 -99 -1.57032150892235 -99 -99 -99
-99 -99 -99 -99 -99 -99 -99 -99 -99 -99 -99 -99 -99 -99 -99
-99 -99 -1.13196968204908 -99 -99 -99 -99 -99 -99 -99 0.227478622373791 -99 -99 -99 -99
-99 -99 -99 -99 1.17048844464943 -99 -99 -99 -99 -99 -99 -99 -99 -99 -99
-99 -99 -99 -99 0.823145680455073 -99 -99 -99 -99 -99 -99 -99 -99 -99 -99
-99 -99 3.91756199599406 -99 -99 -99 -99 -99 -99 -99 -99 -99 -99 -99 -99
-99 -99 -99 -99 -99 2.06441189810482 -99 -99 -99 -99 -99 -99 -99 -99 -1.62209220221241
-99 -99 -99 -99 -99 -99 -99 -99 -99 -99 -99 -99 -99 -0.718874707548374 -99
-99 -99 2.42049928385028 -99 -99 3.59846553197005 2.51346683506627 -99 -99 3.41917217538292 -99 -99 -99 -99 -99
-99 -99 -99 -99 -99 -99 -99 -99 -99 -99 -99 -99 -99 -99 -99
-99 -99 -99 2.51812062660816 0.230726731493363 2.82300539858015 -99 0.355751220358878 -99 -99 -99 -99 -99 -99 -0.377502880766421
-99 -99 -99 -99 -99 -99 -99 2.51001583118703 -99 -99 -99 -99 -99 1.80960008981592 -99
-99 -99 -99 -99 -99 -99 -99 -99 -99 -99 -99 -99 0.845288168889354 -99 -99
-99 -99 -99 -99 2.32015237794144 -99 -99 -99 -99 -99 -99 -99 -99 2.58373454186304 -99
-99 -1.39298200366034 -99 1.43447965794769 -99 0.801882091707507 -99 0.680652115716278 -99 -99 -99 -99 -99 1.26633430501574 -99
-99 -99 -99 -99 -99 -99 -99 -99 -99 -99 -99 -99 -99 -99 -99
-99 4.455883005626 -99 -99 -99 -99 -99 -99 -99 3.3818010155238 -99 2.63198930625061 -99 -99 -99
-99 -99 -99 -99 -99 -99 -99 -99 -99 -99 -99 -99 -99 -99 -99
-99 -99 -99 -99 -99 -99 -99 -99 -99 3.80628431204383 -99 -99 -99 -99 -99
-99 -99 -99 -99 -99 -99 -99 -99 -99 -99 1.13954408034233 3.37934597352068 -99 -99 -99
-99 -99 4.15663026838351 -99 -99 -99 -99 -99 -99 -99 -99 -99 -99 1.08922010473154 3.87343726056815
-99 -99 0.122655479527734 -1.20542560104305 -99 -99 -99 -99 -99 -99 -99 -99 -99 -99 -99
-99 -99 -99 -99 -1.0052143227642 -99 -99 -99 -0.0427529489034779 -99 -99 -99 -99 -99 -99
3.00588128643153 -99 1.24206493744174 -99 -0.0235039305924354 -99 -99 -99 -99 -99 -99 -99 -99 -99 -99
-99 -99 -99 -99 -99 -99 -99 -99 -99 -99 -99 -99 -99 -99 -0.0201780579957975
-99 -99 1.32135731570733 0.340229724853744 -99 -99 -99 -99 -99 -99 -99 -99 -99 -99 -99
-99 -99 3.02052778605147 -99 -99 -99 -99 -99 -99 -99 -99 -99 -99 -99 -99
-99 -99 -99 -99 -99 4.74526501924362 -99 -99 -99 -99 -99 -99 -99 4.60538103579664 -99
-99 -99 -99 0.70097782362834 -99 -99 -99 -99 -99 -99 -99 -99 -99 -99 -99
-99 -99 -99 1.5663701427353 -99 -99 -99 -99 2.27659029130063 -99 -99 -99 -99 -99 -99
-99 -99 -99 -99 -99 -99 -99 -99 -99 -99 -99 -99 -99 -99 -99
-99 -99 1.29473433200959 0.632658909269755 -99 -99 -99 -99 -99 -99 -99 0.487361065159093 -99 -99 -99
1.19653775314421 -99 1.22430699823655 -99 -99 2.41899314017584 -99 -99 -99 -99 -99 -99 1.20766418919765 -99 -99
-99 -99 0.547438909901818 -99 -99 -0.497927972040704 -99 -99 -99 -99 -99 -99 -99 -99 1.56700462082039
-99 -99 -99 -99 -99 -99 -99 -99 -99 -99 -99 -99 -99 -99 -99
-99 -99 -99 -99 -99 -99 -99 -99 -99 -99 -99 -99 -99 -99 -99
-99 -99 -0.0288582581111925 -99 -99 -99 -99 -99 -99 -99 -99 0.335345964687974 -99 -99 -99
-99 -99 -99 -0.825106494558407 -99 -99 -99 -99 -99 -99 -99 -99 -99 -0.76206128863438 -99
-99 0.542955983247642 -99 -99 -99 -99 -99 0.841707765881319 -99 -99 -99 -99 -99 -99 -99
-99 -99 -99 -99 -0.741355636207886 -99 -99 -99 -99 -99 0.805491694286947 -99 -99 -99 -99
-99 -99 1.73526508611837 -99 -99 -99 -99 0.826935974966856 -99 -99 -99 -99 -99 -99 -99
-99 -99 -99 -99 -99 -99 -99 -99 -99 -99 -99 -99 -99 -99 -99
-99 -99 -99 -99 -99 -99 -99 0.500849932094546 -99 -99 0.47282936186078 -99 -99 -99 -99
-99 -99 -99 -99 -99 -99 -99 -99 3.95734210569453 -99 -99 -99 -99 -99 -99
-99 -99 -99 -99 -99 -99 -99 -99 -99 -99 1.62122773963795 -99 -99 -99 1.62610904222806
-99 -99 -99 -99 -99 -99 -99 -99 -99 -99 -99 -99 2.12195507696771 -99 -99
-99 -99 -99 2.60420263400207 2.69880106906375 -99 -99 -99 2.75134564454144 -99 -99 2.29049131342432 -99 -99 -99
-99 -99 -99 -99 -99 -99 -99 -99 -99 -99 -99 -99 -99 -99 -99
-99 -99 -99 -99 -99 -99 -99 -99 -99 -99 -99 -99 -99 -99 -99
-99 -99 -99 -99 -99 -99 -99 -99 -99 -99 -99 -99 -99 -99 -99
-99 -99 -99 -99 -99 -99 -99 -99 -99 -99 -99 -99 -99 -99 -99
1.26309838276685 -99 -99 -99 -99 -99 -99 -99 0.0940281349358754 -99 -99 -99 -99 -99 -99
-99 -99 -99 -99 -99 0.0265426081194371 -99 -99 -99 -1.42865256896264 -99 -99 -99 -99 -99
-99 -99 -99 -99 0.589795801498671 -99 -99 -99 -99 -99 -99 -99 -99 -99 -99
-99 -99 -99 -99 -99 0.248112188183679 -99 -99 -99 -99 -99 -99 -99 -99 -99
-99 -99 -99 -99 -99 -99 -99 -99 -99 -99 -99 0.87857900259744 -99 -99 -99
-99 -99 -99 -99 -99 -99 -99 -99 0.5796212275077 -99 -99 -99 -99 -99 -99
-99 -99 -99 -99 -99 -99 -99 -99 0.409657143554628 0.283832411951282 -99 -99 -99 -99 1.43282490933115
-99 1.33425309476027 -99 -99 -99 -99 -99 -99 -99 -99 -99 -99 -99 -99 -99
-99 -99 -99 -99 -99 -99 -99 -99 1.80002710567744 -99 0.277600201374489 -99 -99 -99 -99
-99 -99 -99 -99 -99 -99 2.73351311441935 -99 -99 -99 -99 -99 1.13037499213914 -99 -99
-99 -99 -99 -99 -99 -99 -99 -99 -99 -99 -99 -99 -99 -99 -99
-99 -99 -2.11618721920851 -99 -99 -99 -99 -99 -99 -99 -99 -99 -99 -99 -99
-99 -99 1.4747668303405 -99 -99 -99 -99 -99 -99 -99 -99 -99 -99 -99 -99
-99 -99 -99 -99 -99 -0.115189755935919 -99 0.279507194272833 -99 -99 -99 -99 -99 -99 -99
-99 -99 -99 -99 2.454363059014 -99 -99 -99 -99 -99 1.53726073167835 -99 -99 -99 -99
0.288628278391862 1.60353895137365 -99 -99 -99 -99 -99 -99 -99 -99 -99 -99 -99 -99 -99
-99 -99 -99 -99 1.27825247796482 -0.225970606869431 -99 -99 -99 0.102600714477949 -99 -99 -99 1.13429761007365 -99
-99 -99 -99 0.0733362112557889 -99 -99 -99 -99 -99 -99 -99 0.833075322681774 -99 -99 -1.4087711950626
-99 -99 -99 -99 -99 3.5473875382447 -99 -99 -99 -99 -99 -99 -99 -99 -99
-99 -99 -99 -99 -99 -99 -99 -99 -99 -0.148269795231244 -99 -99 -99 -99 -99
-99 -99 -99 -99 -99 -99 -99 -99 1.48931337722455 -99 -99 -99 -99 -99 -99
-99 -99 -99 -99 -99 -99 -99 -99 -99 -99 -99 -99 -99 -99 -99
-99 -99 -99 -99 -99 -99 -99 -99 -99 -99 -99 -99 -99 -99 -99
-99 -99 -99 -99 -99 -99 -99 -99 -99 1.78504924306618 -99 -99 -99 0.79124586054881 -99
-99 -99 -99 -99 -99 2.34419885940995 -99 -99 -99 3.44659304854069 2.01978836773399 -99 0.796806529521196 -99 -99
-99 -99 2.19386172214642 -99 -99 -99 -99 -99 -99 -99 -99 -99 -99 -99 -99
-99 -99 -99 -99 -99 -99 -99 -99 -99 -99 -99 -99 -99 -99 -99
-99 -1.2492105037972 -99 -99 -99 -99 -99 -99 -99 -99 -99 -99 -99 -99 -99
-99 -99 -99 -99 -99 -99 1.59206370148531 -99 -99 -99 -99 -99 -99 1.24950184565312 -99
-99 -99 -99 -99 -99 -99 -99 -99 -99 -99 -99 -99 -99 -99 -99
-99 1.96966968111881 -99 -99 -99 -99 -99 1.89610603075956 1.93224527689806 -99 -99 0.838910098097931 -99 -99 -99
-99 -99 -99 -99 -99 -99 -99 -99 -99 -99 0.289914285822021 -99 1.80281405769531 -99 -99
2.17135159085936 -99 -99 -99 -99 -99 2.21216618586431 -99 -99 -99 -99 -99 -99 -99 2.17629308760621
-99 -99 -99 -99 -99 -99 -99 -99 -99 -99 -99 -0.152582622936392 -99 -99 -99
-99 5.79123352009892 -99 3.77266784098672 -99 -99 -99 3.67892722956613 -99 2.41835792773217 -99 -99 -99 -99 -99
-99 -99 -99 -99 -99 -99 -99 -99 -99 -99 -99 -99 -99 0.988481481757532 -99
-99 -99 -99 -99 -99 2.38987781397369 -99 -99 -99 -99 -99 -99 -99 0.279162274167557 -99
-99 0.414458717333552 -99 -99 -99 -99 -99 -99 -99 -99 -99 -99 -99 -0.879850344840882 -0.0993467877630905
-99 -99 -99 -99 -99 -99 -99 -99 -99 -99 -99 -99 -99 -99 -99
-99 -99 -99 -99 -99 -99 -99 -99 2.35223599031487 -99 -99 -99 -99 0.652675345674522 -99
-99 -99 -99 -99 -2.13348436623916 -99 -99 0.487169731340834 0.280941334974117 -99 -99 -99 -99 -99 -99
-99 -99 -99 -99 3.23110338066282 -99 -99 -99 -99 -99 -99 -99 -99 -99 -99
-99 -99 -99 -99 1.45860628830732 -99 -99 -99 0.688829779793169 -99 -99 -99 -99 -99 -99
-99 -99 -99 -99 -99 -99 -99 -99 -99 -99 -99 -99 0.11939940709995 -99 0.13526836561027
-99 -99 -99 -99 -99 -99 -99 -99 -99 -99 -99 -99 2.33017596497854 -99 -99
-99 -99 -99 1.47544491308736 -99 -99 -99 2.99104644165818 -99 -99 -99 -99 -99 -99 -99
-99 -99 2.63664388400499 -99 -99 1.52800627194661 1.38791615361674 -99 1.70922648326364 -99 -99 -99 -99 -99 -99
-99 -99 -99 -99 -99 -99 0.099596913369017 -99 -99 -99 -99 -99 -99 -99 -99
-99 -99 -99 -99 -99 -99 -99 -99 -99 -99 -99 -99 -99 -99 -99
-99 -99 -99 -99 0.446534140288411 -99 -99 -99 1.51495843379752 -99 -99 1.41844662924129 -99 -99 -99
-99 -99 -99 -99 -99 -99 -99 -99 -99 -99 -99 -99 -99 -99 -99
-99 -99 2.3663351295312 -99 -99 -99 -99 -99 -99 -0.0597834999751368 -99 -99 -99 0.909455748047003 -99
-99 -99 -99 -99 -99 -99 -99 -99 1.9912347010898 -99 -99 -99 -99 -99 -99
-99 -99 -99 -99 -99 -99 -99 -99 -99 -99 0.0724336340008731 -99 -99 -99 -99
-99 -99 -99 2.09687496631512 -99 -99 -99 -99 -99 -99 -99 -99 2.23051050286779 -99 -99
-99 -99 -99 -99 -99 -99 -99 -99 -99 -99 -99 0.330676264705025 -99 -99 -99
-99 -99 -99 -99 -99 -99 -99 -99 -99 -99 -99 -99 -99 -99 -99
-99 -99 -99 -99 -99 -99 -99 -99 -99 -99 -99 -99 -99 -99 -99
-99 -99 -99 -99 -99 -99 -99 -99 0.491908630208321 -99 -99 -99 -99 -99 -99
-99 -99 -99 -99 -99 -99 -99 -99 -99 -99 -99 -99 -99 -99 -0.978270870269276
-99 -99 -99 -99 0.732957763082072 -99 -99 -99 -99 -99 -99 -99 -99 -99 -99
-99 -99 -99 -99 -99 -99 -99 -99 -99 -99 -99 -99 -99 -99 1.05875409947857
-99 -99 -99 -99 -99 -99 -99 -99 -99 -99 -99 -99 -99 0.846752258282178 -99
-99 -99 -99 -99 -99 -99 -99 -99 -99 0.493117543517807 -99 -99 0.00114989050782133 -99 -99
-99 -99 -99 2.55860405357149 -99 -99 -99 -99 -99 -99 -99 -99 -99 -99 0.246640115642532
-99 -99 -99 -99 -99 1.6166273079389 -99 -99 -99 -99 1.51553146206173 -99 -99 -99 -99
-99 -99 -99 -99 -99 -99 -99 -99 -99 -99 -99 -99 -0.869045641035252 -1.14595605210237 -99
-99 -99 -99 0.811110681108133 -99 -99 -99 1.02002686553556 -99 -99 -99 -99 -99 -99 -99
-99 -99 -99 -99 -99 -99 -99 -99 -99 -99 -99 -99 -99 -99 -99
-99 -99 -99 -99 -99 -99 -99 -99 -99 -99 -99 -99 -99 -99 -99
-99 -99 -99 -99 -99 -99 -99 -99 -99 -99 -99 -99 -99 -99 -99
-99 -99 -99 -1.63526042951871 -99 -99 -99 -99 -99 -99 -99 -99 -99 -99 -99
-99 -99 -99 -99 3.07760953898398 -99 -99 -99 -99 -99 -99 -99 -99 -99 -99
-99 -99 -99 -99 0.289461387387772 -99 -99 -99 -99 -99 -99 -99 -99 -99 -99
-99 -99 -99 -99 -99 -99 -99 -99 -99 -99 -99 0.776613590431113 -99 -99 -99
-99 -99 -99 -99 1.71811353094933 -99 -99 -99 -99 -99 -99 -99 -0.244066392394662 -99 -99
-99 -99 -99 -99 -99 -99 -99 1.42391363576111 -99 -99 -99 -99 -99 -99 -99
1.50287939878242 -99 -99 -99 1.27609201063941 -99 -99 -99 -99 -99 -99 -99 -99 -99 -99
-99 -99 -99 -99 -99 -99 -99 -99 -99 -99 -99 -99 -99 -99 -99
0.599571435639255 -99 -99 -99 -99 -99 -99 -99 2.3999105783867 -99 -99 -99 -99 -99 0.457858780309284
-99 -99 -99 -99 -99 -99 -99 -99 -99 0.595816553703855 -0.253935750745622 -99 -99 -99 -99
-99 -99 -99 -99 -99 -99 -99 -99 -99 -99 -99 -99 -99 -99 -99
-99 -99 -99 -99 -99 -99 -99 -99 -99 -99 -99 -0.857348984999147 -99 -99 -99
-99 2.09406918017121 -99 -99 -99 -99 -99 -99 -99 -99 1.63153791065022 -99 -99 -99 -99
-99 -99 1.5709394399894 -99 -99 -99 -99 -99 -99 -99 0.0950537388707358 -99 -99 -99 -99
0.501087990679326 -99 -99 -99 -99 -0.700659974483167 -99 -99 -99 -99 -99 -99 -99 -99 -99
-99 -99 -99 -99 -99 -0.204322808079273 -99 -99 -99 -99 -99 -99 -99 -99 -99
-99 -99 -99 -99 1.44206837939629 -99 -99 -99 -99 -99 -99 -99 -99 -99 -99
-99 -99 -99 -99 2.15308829639771 -99 -99 -99 -99 -99 -99 -99 -99 -99 -99
-99 -99 -99 -99 -99 -99 -99 -99 -99 -99 -99 -99 -99 -99 -99
-99 -99 -99 -99 -99 -99 -99 -99 -99 -99 -99 -99 2.26354603570587 -99 -99
-99 2.87368486601981 -99 -99 -99 -99 -99 -99 -99 -99 -99 -99 2.09405952864617 -99 -99
-99 0.597658693306331 -99 -99 -99 -99 -99 -99 -99 -99 -99 -99 -99 -99 -99
-99 -99 -99 -99 -99 -99 -99 -99 -99 -99 -99 -99 -99 -99 -99
-99 -99 -99 -99 -99 -99 2.93838448224651 -99 -99 -99 -99 -99 -99 -99 -99
0.653219576691594 -99 -0.10688129478799 -99 -99 -99 -99 -99 -99 -99 -99 -99 -99 -99 1.30576318339417
-99 -99 -99 -99 -99 -99 1.65233223083535 -99 -99 -99 -99 -99 -99 -99 -99
-99 -99 -99 -99 -99 -2.09589772013038 -99 -99 -99 -99 -99 -1.53659131718592 -99 -99 -99
-99 -99 -99 -99 -99 -99 -0.13448091725096 -99 -99 -99 -99 -99 -99 -99 -99
-99 -99 -99 -99 -99 -99 -99 -99 -99 -99 -99 -99 2.36525886640675 -99 -99
-99 -99 -99 -99 -99 -99 -99 -99 -99 -99 -99 1.253229902831 -99 -99 -99
1.4485444102884 -99 -99 -99 -99 -99 -99 0.104781485703882 -99 -99 -99 0.0174841421857698 -99 -99 -99
-99 -99 -99 -99 -99 -99 -99 -99 -99 -99 -99 -99 -99 -99 -99
-99 -99 1.31821395134942 -99 -99 -99 -99 2.24579157226673 -99 -99 -99 2.04980729543416 -1.38737547492705 -99 -99
-99 -99 -99 -99 -99 -99 0.652689453100953 -99 -99 1.0427252539608 -99 -99 -99 -99 -99
-99 -99 -99 -99 -99 1.01323711878697 -99 -99 -99 -99 -99 -99 -99 -99 -0.247374842280059
-99 -99 -99 -99 -99 -99 -99 0.492834852781156 -99 0.922152141280223 -99 -99 -99 -99 -99
-99 -99 0.394186816664214 1.3692649520619 -99 -99 -99 -99 -99 -99 -99 -99 -99 -99 -99
-99 -99 -99 -99 -99 -99 -99 -99 -99 -99 -99 -99 2.78027063248823 -99 -99
-99 -99 -99 -99 -99 -99 -99 -99 -99 -99 0.819013898480907 -99 -99 -99 -99
-99 -99 -99 -99 -99 -99 -99 -99 -99 -99 -99 -99 -99 -99 1.3080672533511
-99 0.673826825757003 -99 -99 -99 -99 -99 -99 -99 -99 -99 -0.811128593375727 -99 -99 -99
-99 -99 -99 -99 -99 -99 -99 -99 -99 -99 -99 -99 -99 -99 -99
-99 -99 -99 -99 -99 -99 -99 -99 -99 -99 -99 -99 2.01221338505655 -99 -99
-99 -99 -99 -99 -99 -99 -99 -99 -99 -99 -99 -99 -99 -99 -99
-99 -99 -99 -0.603390172548813 -0.163837044211589 -99 -99 -1.32493917872073 -99 -99 -2.04804208305171 -99 -99 0.289003409834719 -99
-99 -99 -99 -99 -99 -99 -99 -99 -99 -99 0.484587892147607 1.78477603758665 -99 -99 -99
3.68810084735678 -99 -99 3.3047163574093 -99 -99 -99 -99 -99 -99 2.45915082209518 -99 1.52854186134722 -99 -99
-99 -99 -99 -99 -99 -99 -99 -99 -99 -0.101547269828431 0.637295769851463 -99 -0.661641012863512 -99 -99
-1.25220624374671 -99 -99 -99 -99 -99 -0.368471954453917 -1.39870873811372 -99 -99 -0.27944003119292 -99 -99 -99 -99
-99 -99 -99 -99 -99 -99 -99 -99 -99 -99 -99 -99 -99 -99 -99
1.71847595889345 -99 -99 -99 -99 -99 -0.0149093151370976 -99 -99 -99 -99 1.04810231566746 -99 -99 0.64612202532669
-99 -99 -99 -99 -99 -99 -99 -99 -99 -99 -99 -99 -99 -99 -99
3.19362251724899 -99 -99 -99 -99 -99 -99 -99 -99 -99 -99 -99 -99 -99 -99
-99 3.3367605695742 -99 -99 -99 -99 -99 -99 -99 -99 -99 2.43683773852824 -99 -99 -99
-99 -99 -99 -99 -99 -99 -99 -99 -99 -99 -99 -99 -99 -99 -99
-99 3.70861090876749 -99 -99 -99 -99 -99 -99 2.76658281033639 -99 -99 2.16138100305336 0.238380982915074 -99 -99
-99 -99 -99 -99 -99 -99 -99 -99 -99 -99 -99 -99 -99 -1.11897499461921 -99
-99 -99 -99 2.4282516311678 -99 -99 -99 -99 -99 -99 -99 -99 -99 -99 -99
-99 -99 -99 -99 -99 -99 1.32127862226603 -99 -99 -99 -99 -99 -99 -99 -99
-0.542210525714974 -99 -99 -99 -99 -99 -99 -99 -99 -99 -99 -99 -99 -99 -99
-99 -99 -99 -99 -99 -99 -99 -99 -99 -99 -99 2.17840418869096 -99 -99 -99
-99 -99 -99 -0.413712627458096 -0.410945062750673 -99 -99 -99 -0.399166344834422 -99 -99 -99 -99 -99 -99
-99 -99 -99 -99 -99 -99 -99 -99 1.29224620523311 -99 1.5841940662094 0.0443661093450045 -99 -99 -99
-99 0.338472585077063 -0.565720658744759 -1.00972969529977 -99 -99 -0.487067417878039 -99 -99 -99 -99 -99 -99 -99 -99
-99 -99 -99 -99 -99 -99 -99 -99 -99 -99 -99 -99 2.75744209445232 -99 -99
-99 -99 -99 -99 -99 -99 -99 -99 -99 -99 -99 2.05458069869116 -99 -99 -99
-99 -99 -99 -99 -99 -99 -99 -99 -99 -99 -0.0643728484970252 -99 -99 -99 -99
-99 -99 -99 -99 -99 1.08731663145386 -99 -99 -99 -99 -99 -99 -99 -99 -99
-99 -99 -99 -99 -99 -99 -99 -99 -99 -99 -99 -99 -99 0.812189765520803 -99
-99 0.254450815338169 -99 -99 -99 -99 -0.84832001716726 -99 0.0265996465833778 -99 -99 -99 -0.370491711142511 -99 -99
-99 -99 -99 -99 -99 -99 -99 2.16225490627259 1.42266652878397 1.67543678861427 0.79988604808102 -99 -99 -99 -99
-99 -99 -99 -99 -99 -99 -99 -99 -99 -99 -99 -99 -99 -99 -99
-99 -99 -99 1.42217114636572 -99 -99 -99 -99 -99 -99 -99 1.80926727468073 -99 4.0997482776297 -99
-99 -99 -99 -99 -99 -99 -99 -99 -99 -99 -99 -99 -99 -99 -99
-99 -99 -99 -99 -99 -99 -99 -99 -99 -99 -99 -99 -99 -99 -99
1.3734385121884 -99 1.71245762879723 -99 -99 -99 -99 -99 -99 -99 -99 -99 -99 -99 -99
-99 -1.93813438122814 -1.07050180065496 -99 -99 -99 -99 -99 -99 -0.195332100943214 -99 -99 -99 -99 -99
1.62152604182487 -99 -99 -99 -99 -99 -99 -99 -99 -99 -99 -99 -99 -99 -99
-99 -99 -99 -99 -99 -99 -99 -99 -0.374968325627432 -99 -99 -99 -99 -1.20579107796034 -99
-99 -99 -99 -99 -99 -99 0.848221270930873 -99 -99 -99 -99 -99 -99 -99 -99
-99 -99 -99 -99 -99 -99 -99 -99 -99 -99 -99 -99 -99 -99 -99
-99 -99 -99 -99 -99 -99 -99 -99 -99 -99 -99 -99 -99 -99 -99
-99 -99 -99 -99 -99 -99 -99 3.5657586214902 -99 -99 -99 -99 -99 -99 -99
-99 -99 -99 -99 -99 -99 -99 -99 -99 -99 -99 -99 0.875437349693466 -99 -99
-99 -99 1.24998276774827 -99 -99 -99 -99 -99 -99 -99 -99 -99 -99 -99 -0.699243569230565
-99 -99 -99 -99 3.58090105023071 -99 -99 -99 -99 -99 -99 -99 1.7711576477087 -99 -99
-99 2.285316865409 2.66010097717944 -99 -99 -99 -99 2.20950301824241 -99 -99 -99 -99 -99 -99 -99
-99 -99 -99 -99 -99 -99 -99 -99 -99 -99 2.22130816564755 -99 -99 -99 -99
-99 -99 -99 -99 -99 -99 -99 -99 -99 -0.433127909431541 -99 -99 -99 -99 -99
-99 -99 -99 -99 -99 2.02710827787073 -99 -99 -99 4.44742028044438 -99 -99 1.10456700575504 -99 -99
-99 -99 -99 -99 -99 -99 -99 -99 -99 -99 -99 2.5320811776456 -99 -99 4.69425635825661
-99 -99 -99 -99 -99 -99 -99 -99 -99 -99 -0.892085456000085 -99 -99 -99 -99
-99 -99 -99 0.341060357122732 -99 -99 -99 -99 -99 -99 -99 -99 -99 -99 -99
-99 -99 -99 -99 -99 -99 -99 -99 -99 -99 -99 -99 -99 -99 -99
-99 -99 -99 -99 -99 -1.41381255799814 -0.589724677375675 -99 -99 -99 -99 -99 0.0404977550274421 -99 -99
-99 -99 -99 -99 -99 -99 -0.531619918872114 -99 -99 -99 -99 -99 2.59057170868595 -99 -0.268469861161603
-99 -99 -99 -99 -99 -99 -99 -99 -99 -99 -99 -99 -99 -99 -99
-99 -99 -99 -99 -99 -99 0.261135756320899 -99 -99 -99 -99 -99 -99 1.136134015237 -99
-99 -99 -99 2.16174620661829 -99 -99 -99 -99 -99 -99 1.93107304494686 -99 2.20301633137479 1.78659639470506 -99
-99 -99 2.1414666476305 -99 2.43411770758077 -99 -99 1.81356402826424 -99 -99 -99 -99 -99 -99 -99
-99 -99 -99 -99 -99 -99 1.58505805281773 1.22402910037019 2.13782713958907 -99 -99 -99 -99 -99 -99
-99 2.24956108943707 -99 -99 -99 -99 -99 1.5160784760675 -99 -99 0.87202271243835 -99 -99 -99 -99
-99 -99 -99 -99 -99 -99 -99 -99 -99 -99 0.803238687354674 -99 -99 -99 -99
-99 -99 -99 -99 -99 -99 -99 -99 -99 -0.561063334664443 -99 -99 -99 -99 -99
-99 -99 -99 -99 3.09716456983901 -99 -99 -99 2.47076929463033 -99 -99 -99 -99 -99 -99
-99 -99 -99 -99 -99 -99 -99 1.20730882170964 -99 -99 -99 -99 -99 -99 -99
-99 -99 -99 -99 -99 -99 -0.732989154844435 -99 -99 -99 -99 -99 -99 -99 -99
-99 -99 -99 -99 -99 -99 -99 -99 -99 -99 -99 -99 -99 -99 -99
-99 -99 -99 -99 -99 -99 0.398707440356714 -99 -99 -99 -99 -99 -99 -99 -99
-99 -99 -99 -1.09275708499626 -99 -99 -0.299189483408042 -99 0.836761170194813 -99 -99 -1.00822177853525 -99 -99 -99
-99 -99 -99 -99 -99 0.937664607828431 -99 -99 -99 -99 -99 -99 1.74853552913895 -99 -99
-99 -99 1.3058078394786 -99 -99 -99 -99 -99 -0.870819631379034 -99 -99 -99 -99 -99 -99
-99 -99 2.86105240825974 -99 -99 -99 1.77932470127089 -99 -99 -99 -99 -99 -99 -99 -99
-99 -99 -99 -99 -99 -99 -99 -99 -99 -99 0.612162766132421 -99 -99 -99 -0.273344013486899
1.8530799807148 -99 -99 -99 -99 -99 -99 0.79845118213262 -99 -99 -99 -99 -0.0569072964969319 -99 -99
-99 -99 -99 -99 0.288514846184903 -99 -99 -99 -99 -99 -99 -99 -99 -99 0.631397014166714
-99 -99 -99 -99 -99 2.67098129987765 -99 -99 3.35601826129656 -99 -99 -99 -99 -99 -99
-99 -99 -99 -99 -99 -99 -99 1.09164142998186 -99 -99 -99 -99 -99 -99 -99
-99 -99 -99 -99 -99 -99 -99 -99 -99 -99 -99 -99 -99 -99 -99
-99 -99 -99 -99 -99 -99 -99 -99 2.23290886089269 -99 -99 -99 -99 -99 -99
-99 -99 1.33501664635111 -99 1.60464568780686 -99 -99 1.32044772563763 -99 -99 -99 -99 -99 -99 -99
-99 -99 -99 -99 -99 -99 -99 -99 -99 -99 -99 -99 -99 -99 -99
-99 -99 -99 -99 -99 -99 -99 -99 -0.508239011403739 -2.0066555503451 -99 -99 -99 -99 -0.114898592383188
-99 -99 -99 -99 -99 -99 -99 -99 -99 -99 -0.763580607999702 -99 -99 -99 -99
-99 -99 -99 -99 -99 -99 -99 -99 -99 -99 -99 -99 -99 1.14019353463588 -99
0.547171167732373 -99 -99 -99 -99 -99 -99 -99 -99 -99 -99 -99 -99 -99 -99
1.06510125034397 -99 1.19893406090374 -1.21331405677505 -99 3.11934668285136 -99 -99 1.29929052474675 -99 -99 -99 -99 -99 -1.51850510949196
-99 -99 -99 -99 -99 -99 -99 -99 -99 -99 -99 -99 -99 -99 -99
-99 0.973457814527588 -99 -99 -99 0.566395527371795 -99 0.200857159441905 -1.68056080074149 -99 -99 -99 -99 -99 -99
-99 -99 -99 -99 -99 -99 -99 -99 -99 -99 -99 -99 -99 -99 -99
-99 -99 -99 0.293076571182854 -99 -99 -99 -99 0.45827179800513 -99 -99 -99 -99 -99 -99
-99 -99 1.20126731665991 -99 -99 -99 -99 -99 -99 1.13891598388137 -99 0.861209436656282 -99 -99 -99
-99 -99 -99 -99 -99 -99 -99 -99 2.89916628985346 -99 -99 -99 -99 -99 -99
-99 -99 -99 -99 -99 -99 -99 -99 -99 -99 -99 -99 -99 -99 -99
-99 -99 -99 -99 -99 -99 -99 -99 0.859086527157431 -99 -0.240105483310692 -99 -99 -99 -99
-99 -99 -0.0729364665107022 -99 2.71063281354614 -99 -99 -99 -99 -99 -99 -99 -99 -99 -99
-99 -99 -99 -99 0.295922548329835 -99 -99 -99 -99 -99 -99 -99 -99 -99 -99
-99 -99 -99 0.764856397093554 -99 -99 -99 -99 -99 -99 -99 -99 -99 -99 -0.305237048966714
-99 -99 -99 -99 -99 -99 -99 -99 -99 -99 0.881757219747346 -99 -99 -99 -99
-99 0.689222338774018 -99 -99 0.740521382684121 -99 -99 -99 -99 -99 -99 -99 -99 -99 1.03373746006328
-99 -1.00678429274752 -99 -99 -99 -0.408848538232648 -99 -99 -99 0.76191686671673 -99 -99 -99 -99 -99
-99 -99 1.36541105848522 -99 1.44376855425716 -99 -99 -99 -99 -99 -99 -99 -99 -99 -99
-99 -99 -99 -99 -99 -99 -99 -99 -99 -99 -99 -1.53099968142497 -99 -99 -99
-99 -99 -99 -99 -99 -99 -99 -99 -99 -99 -99 -99 -99 -99 -99
-99 -99 -99 -99 2.48920608556725 -99 -99 -99 -99 2.76325349649757 -99 -99 -99 2.7961380434305 -99
-99 -99 -99 -0.364796650240157 -99 -0.782544543264942 -99 -99 -99 -99 -99 -99 -99 -99 -99
-99 -99 -99 -99 -99 -99 -99 -99 -99 -99 -99 -99 -99 -99 -99
-99 -99 1.05915125446509 -99 -99 -99 -99 -99 -99 -99 -99 -99 -99 -99 -99
-99 -99 -99 -99 0.756941427973028 -99 -99 -99 -99 -99 -99 -0.367970434310866 -99 -99 -99
-99 -99 -99 -99 -99 -99 -99 2.27882887584192 5.08879716848269 -99 -99 -99 -99 -99 -99
3.15169180359276 -99 -99 -99 -99 -99 -99 -99 -99 -99 -99 1.46884654812886 -99 -99 -99
-99 -99 0.749730538564963 -99 -99 -99 -99 -99 -99 -99 -99 -99 -99 -99 -99
-99 -99 -99 -99 -99 -99 -99 -99 -99 -99 -99 -99 -99 -99 2.46817745761219
-99 -99 -99 1.15452632779899 3.26070877914436 -99 0.274485555148972 -99 -99 -99 -99 -99 -99 -99 -99
-99 -99 -99 -99 -99 2.47952290385599 -99 -99 -99 -99 -99 -99 -99 -99 -99
-99 -1.42501045572992 -99 -99 -99 -99 -99 -99 -99 -1.07001904012753 -99 -99 -99 -99 -99
-99 -99 -99 -99 0.810276269408084 -99 -99 -99 -99 -99 -99 -99 0.627549002290108 -99 -99
-99 -99 -99 -99 -99 -99 -99 -99 -99 -99 -99 -99 -99 2.67837919499465 -99
-99 -99 -99 -99 -99 -99 -99 -99 -99 -99 -99 -99 -99 -99 -99
-99 -99 -99 -99 -99 -99 -99 -99 -99 -99 -99 -99 -99 -99 -99
-99 -99 0.97193265264355 0.192600264962113 -99 -99 -99 -99 -99 2.02025516169005 -99 -99 -99 -99 -99
-99 -99 -99 -99 -99 -99 -99 5.27995937037964 -99 -99 -99 -99 -99 -99 -99
-99 -99 0.335645783368038 -99 -99 -99 -99 -99 -99 -99 -99 -99 -0.727457785554792 -99 -99
-99 -99 -99 -99 -99 -99 -99 -0.34596357774021 -99 -99 -99 2.10475840311603 2.104387038951 -99 -99
-99 -99 -99 -99 -99 -99 -99 -99 -99 -99 -99 -99 -99 -99 -99
-99 -99 -99 -99 -99 -99 -99 -99 -99 -99 -99 -99 -99 -99 -99
-99 -99 -99 -99 -99 -99 5.13853019512577 -99 -99 -99 -99 -99 -99 -99 -99
-99 -99 -99 -99 -99 -99 -99 -99 -99 -99 -99 -99 -99 -99 -99
-99 -99 -99 -99 -99 -99 -99 -99 -99 -99 -99 -99 -99 -99 -99
-99 -99 -99 0.816922951090699 -99 -99 -99 -99 -99 -99 -99 -99 -99 -99 -99
-99 -99 -99 -99 -99 -99 -99 -99 -99 -99 -99 -99 1.21982340946781 -99 -99
-99 -99 -99 -99 -99 -0.474305833740608 -99 -99 -99 -99 -99 -99 -99 -99 -99
-99 -99 -99 -99 -99 -99 -99 -99 -0.627834492212529 -2.91420049175625 -99 -99 -99 -99 -0.170177990356316
-99 -99 -99 -99 -99 -99 -99 -99 -99 -99 -99 -99 0.98677356417435 -99 -99
-99 -99 -99 -0.935838112810279 -99 -99 -99 -99 -99 -99 -99 -99 -99 -99 -99
-99 -99 -99 -99 -99 -99 -99 0.652285159580102 -99 -99 -99 -99 -99 -99 -99
-99 -99 -99 -99 -99 -99 -99 -99 -99 -99 -99 -99 -99 -99 -99
-99 -99 -99 -99 -99 2.11863732719358 -99 -99 0.70331577191456 -99 -99 -99 1.32940734689751 -99 -99
2.34590949014412 -99 -99 -99 -99 -99 -99 -99 -99 -99 -99 -99 -99 -99 -99
-99 -99 -99 -99 -99 -99 -99 -1.54673092778935 -99 -99 -99 2.81122496975044 -99 -99 -99
-1.67160077828757 -99 -99 -99 -99 -99 -99 -1.49499548426341 -99 -99 -99 -99 -99 -1.78446679804876 -99
-99 -99 -99 -99 -99 -99 -99 -99 -99 -99 0.0663371048420881 -99 -99 -99 -99
-99 -99 1.26156527185726 -99 -99 -99 -99 -99 -99 -99 -99 -99 -99 -99 -99
0.586214809408192 -99 -99 1.62288838934377 -99 -99 -99 -99 -99 -99 -99 -99 -99 2.01472070145116 -99
-99 -99 -99 -99 1.11073571172692 1.48900305482201 -99 -99 -99 -99 -99 -99 -99 -99 -99
2.10528626223182 -99 -99 -99 -99 -99 -99 -99 -99 -99 -99 -99 -99 -99 -99
-99 -99 -99 -99 -99 -99 -99 -99 -99 -99 -99 -99 -99 -99 -99
-99 -99 -99 -99 -99 -99 -99 -99 -99 -99 -99 -99 0.892126281608085 -99 -99
-99 -99 -99 -99 3.21947133692426 -99 -99 -99 -99 -99 -99 -99 -99 -99 -99
-99 1.31153167497495 -99 -99 -99 -99 -99 -99 -99 -99 -99 -99 -99 -99 -0.541018709186161
-99 1.07221693898561 -99 -99 -99 -99 -99 -99 -99 -99 -99 -99 -99 -99 -99
-99 2.65089320369733 -99 -99 -99 2.92472178530362 -99 -99 -99 -99 -99 -99 -99 -99 0.816462055667898
-99 -99 -99 -99 -99 -99 -99 -99 0.150616538698336 -99 -99 -99 -99 -99 -99
1.46119068007657 -99 -99 -99 -99 -99 0.582511869421022 -99 1.25150004231582 -99 2.19298272725216 -99 -99 -99 -99
-99 -99 -99 -99 -99 -99 -99 -99 -99 -99 -99 -99 0.502163238330019 -99 -99
-99 -99 -99 -99 -99 -99 -99 -99 -99 -99 -99 -99 -99 -99 -99
1.12390686807699 -99 -99 -99 -99 -99 -99 -99 -99 -99 -99 -99 -99 -99 -99
-99 -99 -99 -99 -99 -99 -99 -99 -99 -99 -0.362003154124777 -99 -99 -99 -99
0.880413214035677 -99 -99 -99 -99 -99 0.130707609135949 -99 -99 1.47309746585698 -99 -99 -99 -99 -99
-99 -99 -99 -99 -99 3.08316729319651 -99 2.63142869921651 -99 -99 -99 -99 -99 -99 -99
-99 -0.452942251249234 -99 -99 -99 -99 -99 -99 -99 -99 -99 -99 -0.497850872252783 -99 -99
-99 -99 -99 -99 2.9888719228793 -99 -99 -99 -99 -99 2.1397509655055 3.60364596770957 -99 -99 -99
-99 -99 -99 -99 -0.609690412538891 -99 -99 -99 -99 -99 -99 -99 -99 -99 -99
-99 -99 -99 -99 -99 -99 -99 -99 0.994191111982562 -99 -99 -99 -99 -99 -99
-99 -99 -99 -99 -99 -99 -99 -99 -99 -99 -99 -99 -99 -99 -99
-99 -99 -99 -99 -99 -99 -99 -99 -99 -99 -99 2.66963864394614 -99 2.88342774860321 -99
-99 -99 -99 -99 -99 -99 -99 -99 -99 -99 -99 -99 -99 -99 -99
-99 -99 -99 -99 -99 -99 -99 -99 -99 -0.174288440024412 -99 -99 -99 -99 -99
-0.259556013313688 -99 -99 -99 -99 -99 -99 -99 -99 -99 0.343969376023782 -99 -99 -99 -99
-99 -99 -99 -99 -99 -99 -99 -99 -99 -99 -99 -99 -99 -99 -99
2.45913550137565 1.75127063228332 -99 -99 -99 -99 -99 -99 -99 -99 -99 -99 -99 -99 -99
2.98233524016886 -99 -99 -99 -99 -99 -99 -99 -99 -99 -99 -99 -99 -99 -99
-0.646799061071401 -99 -99 -99 -99 -99 -99 -99 -99 -99 1.60862730248965 -99 -99 -99 -99
-99 -99 -99 2.69080091540401 -99 -99 -99 -99 -99 -99 -99 -99 -99 -99 0.826162657992916
-99 -99 -99 -99 -99 -99 -99 -99 -99 -99 -99 -99 -99 -99 -99
-1.37210960928814 -99 -99 -0.650893622036404 -99 -99 -99 -99 -99 -99 -99 -99 -99 -99 -99
-99 -99 -99 -99 -99 -99 -99 -99 -99 -99 -99 0.122310287081676 -99 -99 -99
-99 -99 -99 -99 -1.83755153290216 -99 -99 -99 -99 -99 -99 -99 -99 -99 -99
-99 -99 -99 -99 -99 2.32053343285844 2.39872944166862 -99 -99 -99 -99 -99 -99 -99 -99
-99 -99 -99 -99 -99 -99 -99 -99 -99 -99 -99 -99 -99 -99 -99
-99 -99 -99 -99 -99 -99 -99 -99 -99 -99 -99 -99 -99 -99 -99
-99 -99 -99 -99 -99 -99 1.60732675049071 -99 -99 -99 -99 2.55705341089021 3.50634074700533 0.361672375644621 -99
-99 -0.336657247735809 -99 -99 1.87688613706515 -99 -99 -99 -99 -99 -99 -99 -99 -99 0.10207517878397
-99 -99 -99 -99 -99 -99 -99 -99 -99 -99 -99 -99 -99 -99 -99
-99 -99 -99 -99 -99 -99 -99 -99 -99 -99 -99 -99 -99 -99 -99
-99 1.80181311155529 -99 -99 -99 -99 -99 -99 -99 -99 -99 -99 -99 -99 -99
-99 -99 -99 -99 2.58791647451131 -99 -99 -99 -99 -99 1.09123162424007 -99 -99 -99 -99
5.09108312643204 -99 -99 -99 -99 -99 -99 -99 -99 -99 -99 -99 -99 -99 -99
0.669469923677944 -99 -99 -99 -99 -0.446108485076826 -99 -99 -99 -99 -99 -99 -99 -99 -99
0.0733502953463731 -99 -99 -1.72097316801388 -99 -99 -99 -99 -99 -99 -99 -99 -99 -99 -99
-99 -99 -99 -99 -99 -99 -99 -99 -99 -99 -99 -99 -99 -99 -99
-99 -99 1.5066783899648 -99 -99 -99 -99 -99 -99 -99 -99 0.604371017855305 -99 -99 -99
-99 0.904384631416463 -99 -99 -99 -99 -99 -99 -99 -99 -99 -99 -0.378981374994456 1.39641233134016 -99
-99 -99 -99 1.15644039083233 0.35999295847775 -99 -99 -99 -99 -99 -99 -99 -99 -99 -99
-99 1.6611442218259 -99 -99 -99 -99 -99 -99 -99 -99 -99 -99 -99 -99 0.735513613238083
-99 -99 -99 -99 -99 -99 -99 -99 -99 -99 -99 -99 -99 -99 -99
-99 -99 -99 -99 -99 -99 -99 -99 -99 4.67811461988285 -99 -99 0.0441314421350836 -99 -99
-99 -99 -99 -99 -99 0.249402342458094 -99 -99 -99 -99 0.778300831472412 -99 -99 -0.145028351539248 -99
-99 -99 0.827168613904121 -99 -99 -99 -99 -99 -99 -99 -99 -99 -99 -0.59073980452616 -99
-99 1.83167231699929 -99 -99 -99 0.675900642316036 -99 -99 -99 -99 -99 -99 -99 -99 -99
-99 -99 -99 -99 -99 -99 -1.66827903969645 -99 -99 -99 -99 -99 -99 -99 -99
-99 -99 -99 -99 -99 -99 -99 -99 -99 -99 -99 -99 -99 -99 -99
-99 -99 -99 -99 -99 -99 -99 -99 -99 -99 -99 1.52547922742204 -99 -99 -99
-99 -99 -99 -99 -0.198746990820265 1.24619620162349 -99 -99 -99 -99 1.57606433663932 -99 -99 -99 -99
-99 -99 -99 -0.545350807274948 -99 -99 -99 -99 -99 -99 -99 -99 -0.117642739537463 -99 -99
-99 -99 -99 -0.674402686721841 -99 -99 -99 -99 -99 -99 -99 -99 -99 -99 -99
-99 3.09928469078073 -99 -99 -99 -99 -99 1.49224955852123 -99 -99 -99 -99 -99 -99 -99
-99 0.0978401199678171 -99 -0.688631227341577 -99 -99 -99 -99 -99 -99 -0.671944033193637 -99 -99 -99 -99
-99 -99 -99 -99 -99 -99 -99 -99 -99 -99 -99 -99 -99 -99 -99
-99 -99 -99 -99 -99 -99 -99 -99 -99 -99 -99 -99 -99 -99 -99
-99 0.5778072666123 -99 -99 -99 -99 -99 -99 -99 -99 -99 -99 -99 -99 -99
2.09840772726055 3.20858992856517 -99 3.61406864993913 -99 -99 -99 -99 4.45080499628264 -99 -99 -99 -99 -99 2.49697592487824
-99 -99 -99 -99 -99 -99 -99 -99 2.68766600960406 -99 -99 -0.687285708468937 -99 -99 -99
-99 -99 -99 -99 -99 -99 -99 -99 -99 -99 -99 -99 -99 -99 -99
0.697747553866293 -99 -99 -99 -99 -99 -99 -99 -99 -99 -99 -99 -99 -99 -99
-99 -99 -99 -99 -99 -99 -99 -99 -99 -1.09691997482487 -99 0.0964697051360227 -99 -99 -99
-99 4.23510872005624 -99 -99 -99 -99 -99 -99 -99 -99 -99 -99 -99 -99 -99
-99 -99 -99 3.44401408341564 -99 -99 -99 -99 1.73063202290429 -99 -99 -99 -99 -99 -99
1.06826762983542 -99 -99 -99 -99 -99 -99 -99 -99 -99 -99 -99 -99 -99 0.156888528387992
-99 -99 -99 -99 -99 -99 -99 -99 -99 -99 -99 -99 -99 -99 2.02326388705424
-99 -99 -99 -99 -99 -99 0.286580566660643 -99 -99 -99 -99 -99 -99 -99 -99
-99 1.83478403005558 -99 -99 -99 -99 -99 -99 -99 -99 2.18499615380804 -99 -99 2.4649855170165 -99
-99 -99 -99 -99 -99 -99 -99 -99 -99 -1.50472265029421 -99 -99 -99 -99 -99
-0.133515493516291 -99 -0.747681304174892 -99 -99 -99 -99 -99 -99 -99 -99 -99 -99 -99 -0.0954567956067587
-99 -99 -99 -0.676690788212263 -99 -99 -99 -99 -99 -99 -1.84418495995199 -99 -99 -99 -99
-2.74760203270105 -99 -99 -99 0.43236220490791 -99 -99 -99 0.223133224697896 -99 -99 -99 -99 -99 -99
-99 -99 0.67503189399179 -99 -99 -99 -99 -99 -99 -99 2.70065645229028 -99 -99 -99 -99
2.8994569738582 -99 -99 -99 -99 -99 -99 -99 -99 0.820240163810081 2.48336164324521 -99 2.932892063806 -99 -99
-99 -99 -99 -99 -99 -99 -99 -99 -99 -99 -99 -99 -99 -99 -99
-99 -99 -99 -99 -99 1.25004510536786 -99 -99 -99 -99 -99 -99 -99 -1.17617933280603 -99
-99 -99 -99 3.01993831076626 -99 -99 -99 -99 -99 -99 -99 -99 -99 1.66718056578488 -99
1.35736401588227 -99 1.19541683342391 -99 -99 -99 -99 -99 -99 -99 -99 -99 -99 1.53714149417545 -99
-99 -99 -99 -99 0.040124572722674 -99 -99 -99 -99 -99 -99 -99 -99 -99 -99
-99 -99 -99 -99 -99 0.338991257270983 -99 -99 -99 -99 -99 -99 -99 1.98564623310111 -99
-99 -99 -99 -99 -99 -99 -99 -99 -99 -99 -99 -99 -99 -99 -99
-99 -99 -99 -99 -99 -99 -99 -99 -99 1.68885998140429 -99 -99 -99 -99 -99
-99 -99 1.57817622772278 -99 -99 -99 -99 -99 -99 -99 -99 -99 -99 -99 -99
-99 -99 -99 -99 2.77814278708744 -99 -99 -99 -99 -99 -99 -99 -99 -99 -99
0.077788753430442 -99 -99 -99 -99 -99 -99 -99 -99 -99 3.03299958825727 -99 -99 -99 -99
-99 -99 -99 -99 2.32493102498073 -99 -99 -99 -99 -99 -99 -99 -99 -99 -99
-99 -99 -99 -99 -99 -99 0.55671829373527 0.602458450219163 -99 -99 -99 -99 -99 -99 -99
-99 -99 -99 -99 1.85051638767732 -99 -99 -99 -99 -99 -99 -99 -99 -99 2.96984214990096
-99 -99 -99 -99 -99 -99 -99 -99 -99 -99 -99 -99 -99 -99 -99
-99 -99 -99 -99 -99 -99 0.565703311745365 -99 -0.26061183203806 -99 -99 -99 -99 -99 -99
-99 -99 -0.97948506018547 -99 -99 -99 -99 -99 -99 0.319417498919557 -0.15290541947765 -99 -99 -99 -99
-99 -99 -99 -99 -99 -99 -99 -99 -99 -99 -99 -99 -99 2.72485844950707 -99
2.32860825687823 -99 -99 -99 -99 -99 -99 -99 -99 -99 1.34217982605434 -99 -99 -99 -99
-99 -99 -99 -99 -99 -99 -99 -99 -99 -99 -99 -99 -99 -99 -99
-99 -99 -99 -99 -99 -99 -99 -99 -99 3.27051241112511 1.16367979688449 -99 -99 -99 -99
-99 -99 -99 -99 -99 2.51798287816969 -99 -99 2.6222095777716 -99 -99 -99 -99 -99 2.13463349054687
-99 -99 -99 -99 -99 -99 -99 -99 1.62911517621168 -99 1.72363749790638 -99 -99 -99 1.65680522961836
-99 -99 -99 -99 -99 -99 -99 -99 -99 -99 -99 -99 -99 -99 -0.877253930038228
-99 -99 -99 -99 -99 -99 -99 -99 -99 -99 -99 -99 -99 -99 -99
3.98261013746474 -99 -99 -99 -99 -99 -99 -99 -99 -99 -99 -99 -99 -99 -99
-99 -99 0.442849243519792 -99 -99 -99 -99 -99 -99 -99 0.245239632003895 -99 -99 -99 -99
0.40785987638279 -99 -99 -99 -99 -99 -99 -99 -99 -99 -99 -99 -99 -99 -99
-99 -99 -99 -99 -99 -99 -99 -99 -99 -99 -99 1.03729655366593 -99 -99 -99
-99 -99 -99 -99 -99 -99 -99 -99 -99 -99 -99 -99 -99 -99 -99
-99 -99 -99 -99 -99 -99 -99 -99 -99 -99 -0.165627911220612 -99 -99 -99 -99
-99 -99 -99 -99 -99 -99 -99 -99 -99 -99 3.34164101559502 -99 -99 -99 -99
2.08646395234991 -99 -99 -99 -99 -99 -99 -99 -99 -99 -99 -99 -99 -99 -99
-99 -99 -99 -99 -99 -99 -99 -99 -99 -99 -99 -99 -99 -99 -99
-99 -99 -99 -99 -99 -99 -99 -99 -99 -99 -99 -99 -99 -99 -0.295891184557852
-99 -99 -99 -99 -99 -99 -99 -99 -99 -99 -99 -99 -99 -99 -99
1.26412281647552 -99 -99 0.0959392201554194 -99 -99 -99 -99 -99 -99 -99 -99 -99 -99 -99
-99 -99 -99 -0.196336953104602 -0.587316364286905 -99 -99 -99 -99 -99 -99 -99 -99 -99 -99
-99 -99 -99 -99 -99 -99 -99 -99 -99 -99 -99 -99 -99 -99 -99
-99 -99 -99 -99 2.23317855404485 -99 -99 -0.347718286729415 -99 -99 2.57610263170447 -99 -99 -99 -99
-99 -99 -99 -99 -99 -99 -99 -99 -99 -99 -99 -99 -99 -99 -99
-99 -99 -99 -99 -99 -99 -99 -99 -99 2.0502482082246 -99 0.927363978917208 -99 0.676280032319403 -99
1.39624330732486 -99 -99 -99 -99 -99 -99 -99 -99 -99 -99 -99 -99 -99 -99
-99 -99 -99 -99 -99 -99 -99 3.02017955619436 -99 -99 -99 -99 0.743078810265359 -99 -99
-99 -99 -99 -99 -99 -99 -99 -99 2.26964304660899 -99 -99 2.32407789876158 -99 -99 -99
-99 -99 -99 -99 -99 -99 -99 -99 -99 -99 -99 -99 -99 -99 -99
-99 -99 -99 -99 -99 -99 -99 -99 -99 -99 -99 -99 1.46060118266026 -99 -99
-99 -0.412875360162548 -99 -99 -99 -99 -99 -99 -99 -99 -99 -99 -99 -99 -99
-99 -99 -99 -99 -99 -99 -99 -99 1.69813720542831 -99 -99 0.461059704432338 -99 -99 -0.278763222869297
-99 -99 -99 -99 -99 -99 -99 -99 -99 -99 -99 -99 -99 -99 -99
-99 -99 -99 -99 -99 -99 -99 -99 3.4165590122934 -99 -99 -99 2.2235958817193 -99 -99
-99 1.74175253621819 -99 -99 -99 -99 -99 -99 -99 -99 1.10519827123032 -99 -99 -99 -0.359840598600111
-99 -99 -99 -99 -99 -99 -99 -99 -99 2.16295884086383 -99 -99 -99 -99 -99
-99 3.32639598683361 -99 -99 -99 -99 -99 -99 -99 -99 -99 -99 -99 -99 -99
-99 -99 -99 -99 -99 -99 -99 -99 -99 -99 -99 -99 -99 -99 0.745681964548308
-99 -99 -99 -99 -99 -99 -99 -99 -99 -99 -99 -99 -99 0.903901730989206 -99
-99 -99 -99 -99 -99 -99 -99 -99 -99 0.302627026007572 -99 -99 -99 -99 1.52722514040684
-99 -99 -99 -99 -99 -0.917281061092839 -99 -99 -99 -99 -99 -99 -99 -99 -99
-99 -99 -99 -0.399658266122528 -99 -99 -99 -99 -99 -99 -99 -99 -99 -99 -99
-99 -99 -99 -99 -99 -99 -99 0.855834298941516 -99 -0.397306754265399 -99 -1.05827726788721 -99 -0.149988642613956 -99
0.377899538544076 -99 1.31243684286131 -99 -99 -99 -99 -99 -99 -99 -99 -99 -99 -99 -99
-99 1.19978872913838 -99 -99 -99 -99 -99 -99 -99 -99 -99 -99 -99 -99 -99
-99 -99 -99 -99 -99 -99 -99 -1.38346742541851 -99 -99 -99 -1.17463897850319 -99 -99 -99
-99 -99 -1.26051444563706 -99 -99 -99 -99 -99 -99 -99 -99 -99 -99 -1.74169916714973 -99
-99 -99 -99 -99 -99 -99 -99 -99 -99 -99 -99 -99 -99 -99 2.56958479563295
-99 -99 -99 -1.78907094784207 -99 -99 -99 -99 -99 -2.84765286060802 -99 -2.51498655446956 -99 -99 -99
-99 -99 -99 -99 -99 -99 2.97539929418926 -99 -99 -99 -99 -99 -99 -99 -99
-99 -99 0.345170116930493 -99 -99 -99 0.647627204890062 -99 -99 -99 -99 -99 -99 -99 -99
-99 -99 -99 -99 -99 -99 -99 -99 -99 -99 -99 -99 -99 -99 -99
-99 -99 -99 -99 -99 -99 -99 -99 -99 -99 -99 -99 -99 -99 -99
-0.751035208331892 -1.03502624315001 -99 -99 -99 -99 -99 -99 -99 -99 -99 -99 -99 -99 -99
-99 -99 -99 -99 -99 -99 -99 -99 -99 -99 -99 -99 -99 -99 -0.459070333908322
-99 -99 -99 -99 -99 -99 -99 -99 -99 -99 -99 -99 -99 -99 -99
-99 -99 -99 -99 -99 -99 -99 -99 -99 -99 -99 -99 -99 -99 -99
-99 -99 -99 -99 -99 -99 -99 -99 -99 -99 -99 -99 -99 -99 -99
-99 -99 -99 2.4416391456689 -99 -99 -99 -99 -99 -99 -99 -99 -99 -99 -99
2.04157762089593 -99 -99 -99 -99 -99 -99 -99 -99 -99 -99 -99 -99 0.871777490014511 -99
-99 -99 -99 -99 -99 -99 1.78071130190275 -99 2.25029744569703 -99 -99 -99 -99 -99 -99
-99 -99 -99 -99 -99 -99 -99 -99 -99 -99 -99 3.41595065590892 -99 -99 -99
0.142051057443355 -99 -99 -99 -99 -99 -99 -99 1.32112476653483 -99 -99 -99 -0.298664920889812 -99 -99
-99 -99 -99 2.92409984414421 -99 -99 -99 -99 -99 -99 -99 -99 -99 -99 -99
-99 -99 -99 -99 -99 -99 -99 -99 -99 -99 -99 -99 -99 -99 -99
-99 -99 -99 -99 -99 -99 -99 -99 0.109798683829601 -99 -99 -99 1.88257571224877 -99 -99
-99 -99 -99 -99 -99 -99 -99 -99 -99 -99 -99 -99 -99 -99 -99
-99 -99 0.132539973163904 -99 -99 0.112578051030627 -99 -99 -99 -99 0.92358108683624 -99 -99 1.42031317870933 -99
-99 -99 -99 -99 -99 -99 -99 -99 -99 -99 -99 -99 -99 -99 -99
2.05899297307445 -1.10119361143273 -99 -99 -99 -99 -99 -99 -99 -0.686638203428341 -99 -99 -99 -99 -99
-99 -99 -99 -99 -99 -99 1.11006988001133 -99 -99 -99 0.965686005006022 -99 -99 -99 -99
-99 -99 -99 -99 -99 -99 -99 -99 -99 -99 -99 -99 -99 -99 -99
-99 -99 -99 -99 -99 -99 -99 -99 -99 -99 0.167164318073246 -99 -99 -99 -99
-99 -99 -99 -99 -99 -99 -99 -99 -99 -99 1.99542032090538 -99 3.61034042697822 2.19094609409369 -99
-99 0.461682684004409 -99 -99 -99 -99 -99 -99 -99 -99 -99 -99 -99 -99 -99
-99 -99 -99 -99 -99 -99 -99 -99 -0.871850865075828 -99 -99 -99 -99 -0.763477338649351 -99
-0.711261649444945 -99 -99 -0.818467540570191 -99 -99 -1.98890477951926 -99 -99 -0.540329498528229 -99 -99 -99 -99 -99
-99 -99 -99 -99 -99 -99 -99 -0.313073376097701 -99 -99 -99 -99 -99 -99 -99
-99 -99 -99 -99 -99 -99 -99 -99 -99 -99 -99 3.49771297406679 1.33294324260527 -99 -99
-99 -99 -99 -99 -99 -99 -99 -99 -99 -99 -99 -99 -99 -99 -99
-99 -99 -99 -99 -99 0.359984841477838 -99 -99 -99 -99 -1.03941709681833 -99 -99 -99 -99
-99 -99 -99 -0.188063432842384 -99 -99 -99 -99 -99 -99 -99 -99 -99 -99 -99
-99 1.96834011715886 -99 -99 0.641925468252705 -99 -99 -99 -99 -99 -99 -99 -99 -99 -99
1.8054337157884 -99 -99 -99 -99 -99 -99 -99 -99 -99 -99 -99 -99 -99 -99
-99 -99 -99 -99 1.04168933060457 -99 -99 -99 -99 -99 -99 -99 -99 -99 -99
-99 -99 -99 -99 -99 -99 -99 -99 -99 -99 -99 -99 -99 -99 -99
-99 0.188124298797945 -99 -99 -99 -99 -99 1.34046120503932 -99 -99 -99 -99 -99 -99 -99
-99 -99 -99 -99 -99 -99 -99 -99 -99 -99 -99 -99 -99 -99 -99
1.18049153538907 -99 -99 -99 -99 -99 -99 -99 -99 -99 -99 -99 -99 -99 -99
-99 -99 -99 -0.303778111942477 -99 -99 -99 -99 -99 -0.568886822625427 -99 -99 -99 -99 -0.293831205950781
-99 -99 -99 -99 -99 -99 -99 -99 -99 -99 -99 -99 -99 -99 -99
-99 -99 -99 -99 -99 -99 -99 -99 -99 -99 -99 -99 1.79956373016031 -99 -99
-99 -99 -99 1.58993420745729 -99 -99 -99 -99 -99 -99 -99 -99 -99 -99 -99
-99 -99 -1.46137092679019 -99 -99 -99 -99 0.261413072042902 -99 -0.128826887657969 -99 -99 -99 -99 0.160059589609249
-99 -99 -99 -99 -99 -99 0.159693550753901 -99 -99 -99 -99 -99 -99 -99 -99
-99 -99 -99 -99 -99 -99 -99 -1.83262869663325 -99 -99 -99 -99 -99 -99 -99
-99 -99 -99 -0.145595307900068 1.50859982305967 -99 -99 -99 -1.17920120326249 -99 -99 -99 -99 -99 -99
-99 -99 -99 -99 -99 -99 -99 -99 -99 -99 -99 -99 -99 -99 -99
-99 -99 -99 2.14555873694272 3.3036620419596 -99 -99 -99 0.85241527298993 -99 -99 -99 -99 -99 -99
-99 -99 -99 -99 -99 -99 -99 -99 -99 -99 -99 -99 -99 -99 -99
-99 -99 2.4148527662261 -99 -99 -99 3.47824381541942 -99 -99 -99 -99 -99 -99 -99 -99
-99 -99 -99 -99 -99 -99 -99 -99 -99 -99 -99 0.0619452584694173 -99 -99 -99
-99 -99 -99 -99 -99 -99 -99 -99 -99 -99 -99 1.93317637446476 -99 -99 -99
-99 -99 -99 -99 -99 -99 -99 -99 -99 -99 -0.759168986695271 -99 -99 -99 -99
-99 -99 -99 -99 -99 -99 -99 -99 -99 -99 -99 -99 -99 1.31914202313731 -99
-99 -99 -99 -99 -99 -99 -99 -99 -2.23311810268891 -99 -99 -99 -99 -99 -99
-99 -99 2.13918913371605 -99 -99 -99 -99 -99 -99 -99 1.82932250189234 -99 -99 -99 -99
-99 -99 3.19911015025069 -99 -99 -99 -99 -99 -99 -99 -99 -99 -99 -99 -99
-99 -99 -99 -99 -99 -99 -99 -99 -99 -99 -99 -99 -99 -99 -99
-99 -99 -99 -99 -99 1.1669273120946 -99 -99 -99 -99 -99 1.58531068032707 -99 -99 -99
-99 -99 -99 -99 -99 -99 -99 -99 -99 -99 -99 -99 -99 -99 -99
-99 -99 -1.09476034745457 -99 -99 -99 0.955392641608432 -99 -0.83675645091205 -99 -99 -99 -99 -99 0.0969343255846508
-99 -99 -99 -99 -99 -99 -99 -99 -99 -99 -99 -99 -99 -99 -99
-99 -99 -99 -99 -99 -99 -99 -99 0.450026185042105 -99 -99 -99 -99 -99 -99
-99 -99 0.45972415116792 0.955850292541325 -99 1.59944768118032 0.403828232153103 -99 -99 -99 -99 -99 -99 -99 -99
-99 -99 -99 -0.371924896426815 -99 -99 -99 -99 -99 -99 -99 -99 -0.107158463604403 -99 -99
-99 -99 3.00219659165291 -99 -99 -99 -99 1.24133232416041 1.64845572447485 1.20295191575869 2.70737347567062 2.1554646556838 -99 -99 -99
-99 -99 -99 -99 -0.144200678651772 -99 -99 0.893555796163655 -99 -99 -99 -99 -99 -99 -99
1.79921259618523 -99 -99 -99 0.510154635390528 -99 -99 -99 -99 -99 -99 -99 -99 -99 -99
-99 4.55178139200103 -99 -99 4.67236286058526 -99 -99 -99 -99 -99 -99 -99 -99 -99 -99
-99 -99 -99 -99 -99 -99 -99 -99 -99 -99 -99 -99 -99 -99 -99
-99 -99 -99 -99 -99 -99 -99 -99 -99 -99 -99 -99 -99 1.05904789032875 -99
1.96914575132654 -99 -99 -99 -99 -99 -99 -99 -99 -99 -99 -99 -99 -99 -99
-99 -99 -99 -99 -99 -99 -99 -99 -99 -0.334646277431535 -99 -99 -99 -99 -99
-99 -99 -99 -99 -99 -99 -99 0.436328832436443 -99 -99 -99 -99 -99 2.16472023077749 -99
-99 -99 -99 -99 -99 -99 -99 -99 -99 -99 -99 -99 -99 -99 -0.519081157109401
-99 -99 -99 -99 -99 -99 -99 -99 -99 -99 -2.12156260657214 -99 -99 -99 -99
2.36912780126006 -99 -99 -99 -99 -99 -99 -99 -99 -99 -99 -99 -99 -99 -99
-99 1.34429957630729 -99 0.650076886749442 -99 -99 -99 2.43282986822143 2.10370759784198 -99 -99 -99 -99 -99 -99
-99 -99 -0.142136450318801 -99 -99 -99 -99 -99 1.49002414943688 0.472752151766374 -99 -99 -99 -99 -99
-99 -99 -99 -99 -99 -99 -99 -99 -99 -99 -99 -99 -99 -99 -99
-99 -99 0.815025090816834 -99 -99 -99 0.364394046841932 -99 -99 -99 -99 -99 0.905957625604888 -99 -99
-99 -99 -99 -99 -99 -99 -99 -99 -99 -99 -99 -99 -99 -99 -99
-99 -99 -99 2.84637125467629 -99 -99 -99 -99 -99 -99 -99 -99 -99 -99 -99
-99 -99 -99 -99 0.748603649279293 2.66996734323097 -99 -99 -99 -99 -99 -99 -99 -99 -99
-99 -99 -99 -99 -99 -99 -99 -99 -99 2.82050053502589 -99 -99 -99 -99 -99
-99 -99 -99 -99 -99 -99 -99 -99 -99 -99 -99 -99 -99 -99 -99
-99 -99 -99 -99 -99 -99 2.17088619455322 -99 -99 -99 -99 2.40969524401608 -99 -99 -99
-99 -99 -99 -99 -99 -99 -99 -99 -99 -99 -99 -99 -99 -99 -99
-99 0.28963382302141 -99 -99 -2.108983994369 -99 -99 -0.881076009277495 -99 -99 -99 -99 -99 -0.434459067290198 -99
-99 -99 -99 -99 -99 -99 -99 -99 -99 -99 -0.945660935757493 -99 -99 -99 -99
-99 -99 -99 -99 -99 -99 -99 -99 -99 -99 2.07081466762069 -99 2.0709872648598 -99 -99
-99 -99 -99 -99 -99 -99 -99 -99 -99 -99 3.00322017955138 -99 -99 -99 -99
-99 -99 -99 -99 -99 -99 -99 -99 -99 -99 -0.0648265284299556 -99 -99 -99 1.64569385194686
-99 -99 -99 -99 -99 -99 -99 -99 -99 -99 -99 1.67491829587607 4.02862875798224 -99 -99
-99 -99 -99 -99 1.88441910454258 -99 -99 -99 -99 -99 -99 -99 -99 -99 -99
-99 -1.16709618813916 -99 -99 2.94982605676137 -99 -99 3.11427598141107 -99 -99 0.43992073200557 -99 -99 1.92671439236606 1.84981874815024
-99 -99 0.352405163522508 -99 -1.11177878617891 -99 -99 -99 -99 -99 -99 1.07347854489365 -99 -99 -99
-99 -99 -99 -99 -99 -99 2.55814905154581 -99 0.04773860714956 -99 -99 -99 -99 -99 -99
-99 -99 -99 -99 -99 -99 -99 -99 -99 0.437733327309105 0.905120091728942 -99 -99 -99 -99
-99 -99 -99 -99 -99 -99 -99 -99 -99 -99 -99 -99 -99 -99 -99
-99 -99 1.56777560904544 0.408741203075125 -99 -99 -99 0.338650281114707 -99 -99 -99 -99 1.75265329159172 -99 -99
-99 -99 -99 -99 -99 -99 3.92133917678941 -99 -99 -99 -99 -99 -99 3.21721259501684 -99
-1.25749319960814 -99 -0.438958910285075 -99 -99 -99 -99 -99 -99 -99 -99 -99 0.13093873151635 0.526584847083762 -99
-99 -99 -99 -99 -99 -99 -99 -99 -99 -99 -99 -99 -99 0.629980877210636 -99
-0.222844402370716 -99 -99 -99 -99 -2.4051600566754 -99 -99 -99 -99 -99 -99 -99 -99 -99
-99 -99 -99 -99 -99 -99 -99 0.774342031997482 -99 -99 -0.979639340742107 -99 -99 -99 -99
-99 -99 -99 -99 -99 -99 -99 -99 -99 -99 -99 -99 -99 0.101818557462937 -99
-99 1.77053827720825 -99 -99 -99 -99 -99 2.56721442624452 -99 -99 -99 -99 -99 -99 -99
-99 -99 -99 -99 -99 1.32035874468086 -99 -99 -99 -0.0541097771772627 -99 -99 -99 -99 -99
-99 -99 -99 -99 -99 -99 -99 -99 -99 -99 0.960945406052485 -99 -99 -99 -99
-99 -99 -99 -99 -99 -99 -99 2.83473251953198 -99 -99 -99 -99 -99 1.95032236116338 -99
-99 -99 4.16835913060691 -99 -99 -99 -99 -99 -99 -99 -99 -99 -99 -99 -99
0.029206373990161 -99 -99 -99 -99 -99 -99 -99 -99 -99 0.571965263861191 -99 -99 -99 -0.527680394169017
-0.107831153522281 -99 -99 -99 -0.7870105793118 -99 -99 -99 -99 -99 -99 -99 -99 -99 1.55636918893106
-99 -99 -99 -99 -99 -99 -99 -99 0.515080616830874 -99 -99 -99 -99 -99 -99
-99 -99 -99 -99 -99 -99 -99 -99 -99 -99 -99 0.583905419832562 -99 -99 -99
-99 -99 -99 -99 -99 -99 1.03280848339926 -99 -99 -99 -99 -99 -99 2.42991104580434 -99
-99 -99 -99 -99 -99 -99 -99 -99 -99 -99 -99 0.89266524369384 -99 -99 -99
-99 -99 -99 -99 -99 -99 -99 2.04658376084716 -99 -99 -99 -99 -99 -99 -99
-99 -99 -99 -99 -99 -99 -99 -99 -99 -99 -99 1.71336122707227 -99 -99 -99
-0.822508164827546 -99 -99 -99 -99 -99 -99 -99 -99 -99 -99 -99 -99 -99 -99
-99 -99 -99 -99 -99 -99 -99 -99 -99 -99 -99 -99 -99 -99 -99
-99 -99 -99 -99 -99 -99 -99 -99 -99 -99 -99 0.597912103167768 -99 -99 -1.07980816402913
-99 -99 -99 -99 -99 -99 -99 -99 -99 -99 -99 -99 -99 -99 -99
-99 -99 1.27754412685945 -99 -99 -99 -99 -99 -99 -99 -99 -99 -99 -99 -99
-99 -99 -99 -99 -99 -99 -99 -99 -99 -99 0.13836878177041 -99 -99 -99 -99
-99 -99 -99 2.19190955131522 -99 -99 -99 -0.551315518857653 -99 -99 -99 -99 -99 -99 -99
-99 -99 -99 -99 -99 -99 2.95883876567199 2.40627765313589 -99 -99 0.659584980419429 -99 -99 -99 -99
-99 -99 -99 -99 -99 -99 -99 -99 -99 -99 0.909023250016071 -99 -99 -99 -99
0.85890020275473 -99 -99 -99 -99 -99 -99 -99 -99 -99 0.934804311649797 -99 -99 -99 -99
-99 1.66905447699609 -99 -99 -99 -99 -99 -99 -99 -99 -99 -99 -99 -99 -99
1.98512092519945 -99 2.7299467871424 -99 -99 -99 -99 -99 -99 -99 -99 -99 -99 -99 -99
-99 -99 -99 -99 -99 -99 -99 -99 -99 -99 -99 -99 -99 -99 -99
-99 -99 -99 -99 -99 -99 -99 -99 -99 -99 -99 0.215754229373953 -99 0.472302770734492 -99
-99 -99 -99 -99 -99 -99 -99 -99 4.48059660386426 -99 2.52870651907219 -99 -99 -99 3.61062965467793
-99 -99 -99 -99 -99 -99 -99 1.95486120911129 -99 2.3172907182979 -99 -99 -99 -99 -99
-99 -99 2.69281211706023 -99 -99 2.23724517873676 -99 -99 -99 -99 -99 -99 -99 -99 -99
1.23707675546315 -99 -99 -99 -99 1.60845702996522 3.25558049688433 -99 -99 -99 -99 -99 2.25318942410384 -99 -99
0.632579673982659 -99 -99 -99 -99 -99 -99 -99 -99 -99 -99 -99 -99 -99 -99
2.22844320920722 -99 -1.6130547854707 -99 -99 -99 -99 -99 -99 -99 -99 -99 -99 -99 -99
-99 -99 -99 -99 -99 -99 -99 -99 -99 -99 1.47528754936712 -99 -99 -99 -99
-99 -99 -99 -99 3.63467044763639 -99 -99 -99 1.2567820308918 -99 -99 -99 -99 -99 -99
-99 -99 -99 -99 -99 -99 -99 -99 -99 -99 -99 -99 -99 -99 -99
-99 -99 -99 -99 2.25470397716212 1.79544340703204 -99 -99 -99 -99 -0.276842289773677 -99 -99 -99 -99
-99 -99 -99 -99 -99 -99 -99 -99 -99 -99 -99 -99 1.13658745786718 -99 -99
-99 -99 -99 -99 -99 -99 -99 -99 -99 -99 -99 -99 -99 -99 -99
-99 -99 -99 0.798165158365363 -99 -99 -0.163110541326583 -99 -99 -99 -99 -99 -99 -99 -99
-99 -99 -99 -99 -99 -99 -99 -99 -99 -99 -99 -99 -99 -99 -99
2.07295225775941 -99 -99 -99 -99 -99 2.47433467003465 -99 -99 -99 -99 -99 -99 -99 -99
-99 -99 -99 -99 -99 0.214933044083987 -99 -99 -99 -99 -99 -1.11814130426616 -99 -99 -99
-99 -99 -99 3.37960951541405 -99 -99 -99 -99 -99 -99 -99 -99 -99 2.33190993096728 -99
-99 -99 -99 -99 -99 -99 -99 -99 -99 -99 -99 -99 -99 -99 -99
-99 2.10996217046904 -99 -99 -99 -99 -99 -99 -99 -99 -99 -99 -99 -99 -99
-99 -99 -99 -99 -99 -99 -99 -99 -99 -99 -99 -99 -99 -0.330846539340848 0.316167423108911
-99 -0.765667398339261 -99 -99 -99 -99 -99 -99 -99 -99 -99 -99 -99 -99 -99
-99 -99 -99 -99 -99 2.02852410065579 -99 -99 -99 -99 -99 -99 -99 -99 -99
-99 -99 -99 -99 -99 -99 -99 -99 -99 -99 -99 -99 -99 -99 -99
-99 -99 -99 -99 -99 -99 -99 -99 -99 -99 -99 -99 -99 -99 -99
1.02195080848469 -99 -99 -99 -99 -99 -99 0.660599109478293 -99 -99 0.694610245838317 -99 -99 -99 -99
-99 -99 -99 -99 -99 -99 -99 -99 -99 -99 0.347606859634642 -99 -99 1.92875520723691 -99
-99 -99 -99 -99 1.27501343145329 -99 -99 -99 0.991920562144983 -99 -99 -99 -99 -99 -99
-99 -99 -99 -99 -99 1.85284936559928 -99 -99 -99 -99 -99 -99 3.53894768809348 -99 -99
-99 -99 -99 -99 -99 -0.638880379927704 -99 -99 -99 -99 -99 -99 -99 -99 -99
-99 -99 -99 -99 -99 -99 -99 -99 -99 -99 -99 -99 -99 -99 -99
2.42436708533821 2.1532237926911 -99 -99 -99 -99 -99 -99 0.767903860453954 -99 -99 -99 -0.263294761372296 -99 -99
-99 -1.02421260290397 -99 -99 -99 -99 -99 -99 -99 -99 -99 -99 -99 -99 -99
-99 -99 0.589736447920342 -99 -99 -99 -99 -99 -99 -99 -99 -99 -0.193854545445785 -99 -99
-99 -99 -99 -99 -99 -99 -99 -99 -99 -99 -99 -99 -99 -99 -99
-99 -99 -99 -99 -99 -99 -99 -0.650490992648348 -99 -99 1.92158732036746 1.4327831026218 -99 -99 -99
-99 -99 -99 -99 -0.249991704907026 -99 -99 -99 1.48752635636308 -99 0.193513089585833 -99 -99 -99 -99
-99 0.214293022756597 -99 -99 -99 -99 -99 -99 -99 -99 -99 -99 -99 -99 -99
-99 -99 -99 -99 -99 -99 -99 -99 -99 -99 -99 -99 -99 -99 -99
-99 -99 -0.93244777924324 -99 -99 -99 -99 -99 -99 -99 -0.0809636288078255 -99 -99 -99 -0.748517244437413
-99 -99 3.99530669533036 2.15618201920365 -99 -99 -99 -99 -99 -99 3.49624309210987 -99 -99 -99 -99
-99 -99 -99 -99 -99 -2.77647465403325 -99 -99 -99 -99 -99 -99 -99 -99 -99
-99 -99 -99 -99 -99 -99 1.51209098779843 -99 -99 -99 -99 -99 -99 -99 -99
-99 -99 -99 -99 -99 -99 -99 -99 -99 -99 -99 -99 -99 2.15798874338271 -99
-99 -99 -99 -99 -99 -99 -0.667473537246251 -99 -99 -99 -99 -99 -99 -99 -99
-99 -99 -99 -99 2.36712145807309 -99 -99 -99 1.09079440471734 -99 -99 -99 -99 -99 -99
-99 -99 -99 -99 -99 -99 -99 -99 -99 -99 -99 -99 -99 1.14933596670032 -99
-99 -99 -99 -99 -99 -99 -99 -99 -99 -99 -99 -99 -99 0.791831141625277 -99
-99 -99 -99 -99 -99 -99 -99 -99 -99 -99 -99 -0.447007029491707 -99 0.177232634704459 0.839726983256815
-99 -99 -0.39242114067673 -99 -99 -99 -99 -99 2.00706710088907 -99 -99 -99 -99 -99 -99
-99 -99 2.43418835476029 -99 -99 -99 -99 -99 -99 -99 -99 0.275887144750049 -99 -99 -99
-99 -99 1.86002656440836 -99 -99 1.05014025026367 -99 -99 -0.202310499620854 -99 -99 -99 -99 -99 -99
-99 -99 -99 2.52339129559985 -99 -99 -99 -99 1.51487980483908 -99 -99 -99 -99 1.26319294004575 1.07134719755315
-99 -99 1.54264783211192 -99 -99 3.89427859546258 -99 -99 -99 -99 -99 -99 -99 -99 -99
-99 -99 -99 -99 -0.086584869638382 -99 -99 -99 -99 -99 -99 -99 -99 1.18739262256936 -99
-99 -99 -99 -99 -99 0.693408529320669 -99 -99 -99 -99 -99 -99 -99 -99 -99
-99 -99 -99 -99 -99 -99 -99 -99 -99 -99 -99 -99 -99 -99 -99
-99 -99 -99 -99 0.940517100001559 -99 -99 0.818743528171178 -99 -99 -99 -99 -99 -99 -99
2.30348880709967 -99 -99 -99 -99 -99 -99 -99 -99 -99 -99 -99 -99 -99 -99
-99 -99 -99 1.31417895714646 -99 -99 -99 -99 -99 -99 -99 -99 -99 -99 -99
-99 0.759720248802945 -99 -99 -99 -99 -99 1.39695270932575 -99 -99 -99 -99 2.12847819682468 -99 -99
-99 -99 -99 -99 -99 -99 -99 -99 -99 -99 -99 -99 -99 -99 -99
-99 -99 -99 -99 -99 2.32257154926543 -99 -99 -99 1.72318812516476 -99 -99 -99 -99 -99
-99 -99 -99 -99 -99 -99 -99 -99 -99 -99 -99 -99 0.0351188169601786 -99 -99
-99 -99 -99 -99 -99 -99 -99 -99 -99 -99 -99 -99 -99 -99 0.383777597476011
-99 -99 -99 -99 -99 -99 -99 -99 -99 -99 -99 -99 -99 -99 -99
-99 -99 -99 -99 -99 -99 -99 -99 -99 -99 -99 -99 -99 -99 -99
-99 1.34646515483362 -99 -99 -99 -99 -99 -99 -99 -99 -99 1.48549511845386 -99 -99 2.12498873586522
-99 -99 -99 -99 -99 -99 -99 -99 -99 -99 0.882172633073181 -99 -99 -99 1.75552255650523
-99 -99 -99 -99 -99 -99 -99 -99 -99 -99 -99 -99 -99 -99 3.823078254458
-99 -99 -99 -99 -99 -99 -99 -99 -99 -99 -99 -99 -99 -99 -99
0.111141211204426 -99 1.38620059152232 -99 1.78874291632774 -99 -99 -99 0.837664402180477 -99 -99 -99 0.738039608275313 -99 -99
-99 -99 -99 -99 -99 0.708752922076536 -99 -99 -99 -99 -99 -99 -99 -99 -99
-99 -99 -99 -99 -99 -99 -0.0097114773961533 -99 2.08754200127458 0.570034939869305 -99 -99 -0.176637403066941 -99 -99
-99 -99 -99 -99 -99 2.90724814075884 -99 -99 -99 -99 -99 -99 -99 -99 -99
-99 -99 -99 -99 -99 -99 -99 -99 -99 -99 -99 -99 -99 -99 -99
-99 -99 -99 -99 -99 -99 -99 3.79866360342869 -99 -99 -99 -99 -99 2.51310216408243 -99
-99 -99 -99 -99 -99 2.20729083169652 -99 -99 -99 -99 -99 1.35183548444178 -99 -99 -99
-99 -99 -99 -99 -99 -99 -99 -99 -99 -99 -99 -99 -99 0.761811856504075 -99
-99 2.25426693056365 -99 -99 -99 -99 2.40203093882781 -99 -99 2.54722634334478 -99 0.877214931309865 -99 -99 -99
-99 -99 -99 -99 -99 -99 -99 -99 -99 -99 -99 -99 -99 -99 -99
-99 -99 -99 -99 -99 2.12969134182762 -99 -99 -99 -99 -99 -99 -99 -99 -99
-99 -99 -99 -99 -99 -99 -99 -99 -99 -99 -99 -99 -99 -99 -99
-99 -99 -99 -99 -99 -99 -99 2.58562577879808 -99 -99 -99 -99 -99 -99 -99
-0.874968343391707 -99 -99 -99 -99 -99 -99 -99 -99 -99 -99 -99 -99 -99 -99
-99 -99 -99 -99 -99 -99 -99 -99 -99 0.560430728873263 -99 -99 -99 -99 -99
-99 -99 -99 -99 -99 -99 -99 -99 -99 -99 -99 -99 4.70939810891589 -99 -99
-99 -99 -99 -99 -99 -99 -99 1.48926095558751 -99 -99 -99 -0.251963723600032 -99 -99 -99
-99 -99 -99 1.64383259213871 -99 -99 -99 -99 -99 -99 -99 -99 -99 2.51764979702814 0.592864693467105
-99 1.17407197283608 1.22086114724888 -99 -99 -99 -99 2.16767505017335 -99 -99 -99 1.90011288847176 -99 -99 -99
-99 -99 -99 -99 -99 -99 -99 -99 -99 -99 -99 -99 -99 -99 -99
-99 -99 2.10974540058207 -0.599799035476202 -99 -99 -99 -99 -99 -99 -99 -99 -99 -99 -99
-99 -99 -99 -99 -99 -99 -99 -99 -99 -99 -99 -99 -99 -99 -99
-99 -99 -99 -99 -99 -99 -99 -99 1.61279651693556 -99 -99 -99 -99 1.57530569144461 -99
0.496537600509346 -99 -99 -99 -99 -99 -99 -99 -99 -99 -99 -0.247666423664492 -99 -99 -99
-99 0.714861917139301 -99 -99 -99 -99 -99 -99 -99 0.541162545672813 -99 -99 -99 -99 -99
-99 0.430071771504363 -99 -99 -99 0.522854372195969 -99 -99 -99 -99 -99 -99 -99 -99 -99
-99 -99 -99 -99 -99 -99 -99 -99 -99 -99 -99 -99 0.426505389670601 -99 -99
-99 -99 -99 -99 -99 -99 -99 -99 -99 -99 -99 -99 0.652639202057558 -99 -99
-99 -99 -99 -99 -99 1.77481879053459 -99 -99 -99 -99 1.5128727624174 -99 -99 -99 -99
-99 -99 -99 -99 -99 -99 -99 -99 -99 -99 -99 -99 -99 -99 -99
-99 -99 0.574536531673308 -99 1.66115294538648 2.16482949054724 -99 -99 -99 -0.174572967336853 -99 -99 1.47524262436456 -99 -99
-99 -99 0.603418284182668 -99 -99 0.396660023335136 -99 -99 -99 -99 -99 -99 -99 -99 -99
-99 -99 -99 -99 -99 -99 -99 -99 -99 -99 2.48682897302517 -99 -99 -99 -99
-99 -99 -99 -99 -99 -99 2.61224258861888 1.20301077170481 -99 -99 -99 -99 -99 -99 -99
-99 -99 -99 -99 -99 -99 -99 -99 -99 -99 -99 -99 -99 1.41188514893138 -99
-99 -99 -99 -99 -99 -99 -99 -99 -99 -99 -99 -99 -99 -99 -99
-99 -99 -99 -99 -99 -99 -99 -99 -99 -99 -99 -99 -99 -99 -99
-99 -99 0.694278116169067 -99 -99 -0.137371681752303 -99 -99 -99 -99 -99 -99 -99 -99 -99
-0.272261616793963 -99 -99 -99 -99 1.65846650586301 -99 -99 -99 -99 -99 -99 -99 0.569494086612346 -99
-99 -99 -99 -99 -99 -99 -99 -99 -99 -99 -99 -99 1.37324372740363 -99 -99
-99 1.23380775840173 -99 -99 -99 -99 -99 -99 -99 -99 -99 -99 -99 -99 -99
-99 -99 -99 -99 -99 -99 -99 -99 1.3277699056876 1.50187460088215 -99 -99 -99 -99 2.3534156564151
-99 -99 -99 -99 -1.8438557632721 -99 -99 -99 -99 -99 -99 -99 -99 -99 -99
-99 -99 -99 -99 -99 -99 -99 -99 -99 1.19682260228537 -99 -99 -99 -99 -99
-99 -99 -99 -99 -99 -99 -99 -99 -99 -99 -99 -99 0.252746259663811 -99 -99
-99 1.08085097387638 -99 -99 -99 1.30796688168454 -99 -99 -99 -99 -99 -99 -99 2.55837270875672 -99
-99 -99 -99 -99 -99 3.50966647586887 -99 -99 -99 -99 -99 -99 -99 -99 -99
-99 -99 -99 -99 -99 -99 -99 -99 -99 -99 -99 -99 -99 -99 -99
-99 -99 -99 -99 -99 -99 -99 -99 -99 -99 -99 -99 -99 -99 -99
-99 -99 -99 -99 -99 -99 -99 -99 0.630242580989758 2.85150933505399 -99 -99 -99 1.74231667725363 2.53841123242421
-99 -99 -99 -99 -99 -99 -99 -99 -99 -99 -99 -99 -99 -99 -99
-99 -99 -99 0.148409672491478 -99 -99 -0.0607628921058561 -99 -99 -99 -99 -99 -99 -99 -99
-99 -99 -99 -99 -99 -99 -99 -99 0.614948467929342 -99 -99 -99 -99 -99 -99
-99 -99 -99 -99 0.0158532422144482 -99 -99 -99 -99 -99 -1.24243616059375 -99 -99 -99 -99
-99 0.702395382768254 -99 -99 -99 -99 -99 -99 -99 -99 -99 -99 -99 -99 -99
-99 -99 -99 -99 -99 -99 -99 -99 -99 -99 2.07787275896691 -99 -99 -99 -99
-99 -99 -99 -99 2.41121012181008 1.72366013612472 -99 -99 -99 -99 -99 -99 -99 -99 -99
-99 -99 -99 -99 -99 -99 -99 -99 -99 -99 0.938554546936127 -99 -99 -99 -99
-99 -99 -99 -99 -99 -99 -99 1.67492252579542 -99 -99 -99 -99 -99 -99 -99
-99 -99 -99 -99 -99 -99 -99 -99 -99 0.533865910689367 -99 -99 -99 -0.937317786310079 -99
-99 -99 -99 -99 -99 -99 -99 -99 -99 -99 -99 -99 -99 -99 -99
-99 -99 -99 -99 -99 -99 -99 -99 -99 -99 -99 -99 -0.549199930266501 -99 -99
-99 -99 1.06197173186508 -99 0.886562837149256 -99 -99 -99 -99 -99 -99 -99 -99 0.688758631758875 2.32102483993205
-99 -99 -99 -99 -99 -99 -99 0.926780831506696 -99 -99 -99 -99 -99 -99 -99
-99 3.43672449560846 -99 -99 -0.318104863683822 -99 1.43386372612462 -99 1.23088153634429 -99 -99 -99 -99 -99 -99
-99 -99 -99 -99 -99 -99 -99 -99 -99 1.10587466821268 -99 -99 -99 -99 -99
-99 -99 -99 -99 -99 -99 -99 -99 -99 2.147129126239 -99 -99 -99 -99 -99
-99 -99 -99 -99 -99 -99 -99 -99 -99 -99 -99 -99 -99 4.0087244756117 -99
-99 -99 -99 -99 -99 -99 -99 -99 -99 -99 -99 2.27282900747962 -99 -99 -99
-99 -99 -99 -99 3.39604729535838 -99 -99 -99 -99 -99 -99 -99 -99 -99 -99
-99 -99 -99 -99 -99 -99 -99 -99 -99 -99 -99 -99 -99 -99 -99
-99 -99 -99 -99 -99 -99 -99 -99 -99 -99 -99 -99 -99 -99 -99
-99 -99 -99 -99 -99 -99 -99 -99 -99 -99 -99 -99 -99 -99 -99
0.968161562638906 0.662597737543151 -99 -99 -99 1.23225022280523 -99 -99 0.286726361403093 -99 -99 -99 -99 -99 -99
-99 -99 -99 -99 -99 -99 -0.0973463410123401 -99 -0.0641979702712421 -99 -99 -99 -99 -99 -99
-99 -99 -99 -2.23989535871434 -99 -99 -99 -99 -99 -99 -99 -99 -99 -99 -99
-99 -99 -99 -99 -99 -99 -99 -99 -99 -99 -99 -99 -99 -0.136727525563439 -99
-99 -99 -99 -99 -99 -99 -99 -99 -99 0.794524351833549 -99 -99 -99 2.9459792670121 -99
-99 1.23627384692434 -99 -99 -99 -99 -99 -99 -99 -99 -99 -99 -99 -99 3.21847728634208
-99 0.13457922690103 -99 -99 -99 -99 -99 -99 -99 -99 -99 -99 2.80358046864058 -99 -99
-99 -99 -99 -99 -99 -99 -99 -99 -99 -99 -99 -99 -99 -99 -99
-99 -99 -99 -99 -99 -99 -99 -99 -99 -99 -99 -99 -99 -99 -99
-99 -99 -99 -99 -99 -99 -99 -99 -99 -99 -99 -99 -99 -99 -99
-99 -99 -99 -99 -99 -99 -99 2.26221487962124 -99 -99 -99 -99 -99 -99 -99
-99 -99 -99 -99 -99 -99 -99 -1.53776786793942 -99 -99 -99 -99 -99 -99 -99
-99 2.61343031186523 -99 -99 -99 -99 -99 -99 -99 -99 -99 -99 -99 -99 1.76170278542487
-99 -99 -99 -99 -99 -99 -99 -99 1.0553426031146 -99 -99 -99 -99 -99 -99
-99 -99 -99 0.528483346334677 -99 -99 -0.7633018913647 -99 -99 -99 -99 -99 -99 -99 -99
-99 -99 -99 -99 -1.7713179800261 -99 -99 -99 -99 -99 -99 -99 -99 -99 -99
-99 -99 -99 -99 -99 1.47269244942255 -99 0.196123197460661 -99 -99 -99 0.091188192015932 -99 -99 -99
-99 -99 -99 -99 -99 -99 -99 -99 -99 -99 -99 -99 -99 -99 -99
-99 -99 2.77396162575012 -99 -99 -99 -99 -99 -99 -99 -99 -99 -99 -99 -99
-99 -99 -99 -99 -99 -99 3.43352926526071 -99 -99 -99 -99 -99 -99 -99 -99
-99 -99 -99 -99 -99 -99 -99 -99 -99 -99 -99 -0.219920046318212 -99 -99 -99
2.7832794329603 -99 -99 0.353837156218924 -99 -99 -99 -99 -99 -99 -99 -99 -99 -99 -99
-99 -99 -99 -99 0.174906948110941 -99 1.40780880153164 -99 -99 -99 -99 -99 -99 -99 -99
-99 -99 -99 -99 -99 -99 -99 -99 -99 -99 -99 1.08438627118876 -99 -99 -99
-99 -99 -99 0.272344297436818 -99 -99 -99 -0.615734571709548 -99 -99 -99 -99 -99 -99 0.104313057764487
0.351150776103581 -99 -99 -99 -99 -99 -99 -99 -99 0.189231681327299 -99 -99 -99 -99 1.49512288742299
1.65735774588874 -99 -99 -99 -99 -99 -99 -99 -99 -99 -99 -99 -99 -99 -99
-99 -99 -99 -99 -99 -99 -99 -99 -99 -99 0.834731193824392 -99 -99 -99 -99
-99 -99 -99 -99 -99 -99 -99 -99 3.31851244608761 -99 -99 -99 -99 -99 -99
-99 -99 -99 -99 1.54940019859751 -99 -99 -99 -99 -99 3.86730224795111 -99 -99 -99 -99
-99 -99 -99 -99 -99 -99 -99 -99 -99 -99 -99 -99 -99 -99 -99
-99 3.27909794678798 -99 -99 1.46355407785763 -99 -99 -99 -99 -99 -99 -99 1.09167069683242 -99 -99
-99 -99 -99 -99 -99 -99 -99 -99 -99 -99 -99 1.45881821445685 -99 -99 3.08501659790009
-99 -99 -99 -99 -99 -99 -99 -99 -99 -99 -99 -99 0.602392402770501 -99 -99
-99 -99 -99 -99 -99 -99 -99 -99 -99 -99 1.48267902648545 -99 -99 -99 -99
-99 -99 -99 -99 -99 -99 -99 -99 1.14734110037442 -99 -99 -99 -99 -99 -99
-99 -99 -99 -99 -99 -99 -99 -99 -99 -99 -99 -99 1.64900162292522 -99 -99
-99 -99 -99 -99 -99 -99 -99 -99 -99 -99 -99 -99 -99 -99 -99
-99 -99 -0.949768806350996 -99 -99 -99 -99 -99 -99 -99 -99 -99 -99 -99 -99
-99 -99 -99 -99 -99 -99 -99 -99 -99 -1.06040699756201 -99 -99 -99 -99 -99
-99 -99 -99 -99 -0.0624795407747609 -99 -99 -99 -99 0.929887539205716 -99 -99 -99 -99 -99
-99 -99 -99 -99 -99 -99 1.21786332232041 -99 -99 -1.27618788721077 -99 -99 -99 -99 -0.614320898725535
1.42646249563222 -99 0.585643393523339 1.72460099113626 -99 -99 -99 -99 -99 -0.0129595786007128 -99 -99 -99 0.042285202603999 -99
-99 -99 -99 -99 -99 1.92706356373931 -99 -99 -99 -99 -99 -99 -99 -99 -99
-99 -99 -99 -99 -99 -99 -99 -99 -99 -99 -99 -99 -99 -99 -99
-99 -99 3.6640014446372 -99 -99 -99 -99 -99 -99 -99 1.72476675633117 -99 -99 -99 -99
-99 -99 -99 -99 -99 -99 -99 -99 -99 0.908251762842355 -99 -99 -99 -99 -99
-99 -99 -99 -99 0.463253324989875 -99 1.82652478483142 2.9451552283056 -99 -99 -99 -0.107055375196222 -99 -99 -99
-0.434015826411737 0.877232698025798 -1.47441241460982 -99 -99 -99 -99 -99 -99 -99 -99 -99 -99 -99 -99
-99 1.42619808802158 -99 -99 -99 -99 -99 -99 -99 -99 -99 2.62541851903114 -99 -99 -99
-99 -99 -99 -99 -99 -99 -99 -99 -99 -99 -99 -99 -99 -99 -99
-99 1.93606771334209 -99 -99 -99 -99 0.173271383541698 -99 -99 -99 -99 -99 -99 -99 -99
-99 -99 -99 -99 -99 -99 -99 1.32406491156169 -99 -99 -99 -99 -99 -99 -99
-99 -99 -0.702847852073897 -99 -99 -99 -99 -99 -99 2.09094594200523 -99 -99 -99 -99 -99
-99 3.67040416181939 -99 -99 -99 -99 1.41192892233196 -99 -99 -99 -99 -99 -99 2.56689288530904 -99
-99 -99 -99 -99 -99 -99 -99 -99 -99 -99 -99 -99 -99 -99 -99
-99 -99 -99 -99 -0.771301639380925 -99 -99 -99 -99 -99 -99 -99 -99 -99 -99
-99 -99 -99 -99 -99 -99 -99 -99 -99 -99 -99 -99 2.45757195539892 -99 -99
-99 -99 -99 -99 2.14448112727629 -99 -99 -99 -99 -99 1.72475077083699 -99 -99 -99 -99
-99 0.0920292390342881 -99 -99 -99 -99 -99 -99 -99 -99 -99 -99 -99 -99 -99
-99 -99 -99 -99 -99 -99 -99 -99 -99 -99 -99 -99 -99 -99 -99
-99 -99 -99 -99 -99 0.544561722853719 -0.0234864595920614 -99 3.48819364361682 -99 -99 -99 -99 2.2851719813067 -99
-99 -99 -99 -99 -99 -99 -99 -99 -99 -99 -99 -99 0.641355829982168 -99 -99
-99 3.11725509115192 -99 -99 -99 -99 -99 -99 -99 -99 -99 -99 -99 -99 -99
-99 -99 -99 -99 -99 -99 -99 3.05308084795145 -99 -99 -99 -99 -99 -99 -1.41446535048553
-99 -99 -99 0.874082925412991 -99 -99 -99 -99 -99 -99 -99 -99 1.25556259709949 -99 -99
-99 -99 -99 -99 1.03291574144725 -99 -99 -99 -99 -99 -99 -99 -99 -99 -99
-99 -99 -99 -99 -99 -99 -99 -99 -99 -99 -99 -99 -99 -99 -99
-99 -99 1.0431349751863 -99 -99 -99 -99 -99 -99 -99 -99 -99 -99 -99 -99
-99 -99 -99 -99 -99 -99 -99 -99 -99 -99 -99 -99 -99 -99 -99
-99 -99 -99 -99 -99 -99 -99 -99 -99 -99 -99 -99 -99 -99 -99
-99 -99 5.82247603558233 -99 -99 -99 -99 -99 -99 -99 -99 -99 -99 -99 -99
-99 -99 -99 -99 -99 -99 -99 -99 -99 -99 -99 -99 3.02721502203517 -99 -99
-99 -99 -99 -99 1.2637144575449 -99 -99 -99 -99 -99 -99 -99 -99 -99 -99
-99 -99 -99 -99 -99 -99 -99 -99 1.93979314272142 -99 1.76772893987196 -99 0.807951509677864 -99 -99
-99 2.67860190534666 -99 0.800983823348935 -99 -99 -99 -99 -99 -99 -1.1237355447289 -99 -99 -99 -99
-99 -99 -99 -99 -99 -99 -99 -99 -99 -99 -99 -99 -99 -99 -99
-1.54998212203715 -99 -99 -99 -99 -99 -99 -99 -99 -99 -99 -99 -99 -99 -99
-99 -99 -99 -99 -99 -99 -99 -99 -99 0.509754396645166 -99 -99 -99 -99 -99
-99 -99 -99 -99 -99 -99 -99 -99 -99 -99 -99 -99 -99 -99 -99
-99 -99 -99 -99 -99 2.18471832205643 -99 -99 -99 -99 -99 -99 -99 -99 1.82067415712244
-99 -99 -99 -99 -99 -99 -99 3.14792935924627 1.80308297780542 -99 -99 -99 -99 -99 2.9873400053514
-99 -99 -99 -99 1.88284773577714 -99 -99 -99 1.70575559755087 -99 -99 -99 -99 1.44647177612273 -99
2.9482158503481 -99 -99 -99 -99 -99 -99 -99 -99 -99 -99 -99 -99 -99 -99
-99 -99 -99 -99 -99 -0.330810761764043 -99 -99 -99 -99 -99 -99 0.0313071102532673 -99 -99
-99 -99 -99 -99 -99 -99 -99 -99 -99 -99 -99 2.84363277212255 -99 -99 -99
-99 1.02263262867677 -99 -99 -99 -99 1.2532900489198 -99 -99 -99 -99 -99 -99 -99 -99
-99 -99 -99 -99 -99 -99 -99 -99 -99 -99 -99 -99 -99 -99 -99
-99 -99 -99 -99 -99 -99 -99 3.30068264584238 -99 -99 -99 -99 -99 -99 -99
-99 -99 -99 -99 -99 -99 -99 2.34844054404968 -99 -99 1.91929826690478 -99 -99 -99 -99
-99 -99 -99 -99 -99 -99 -99 -99 -99 -99 -99 -99 1.08040045108968 -99 -99
-99 -99 -99 -99 -99 -99 -99 -99 0.880290857117455 -99 -99 -99 -99 -1.07935942740686 -99
-99 1.87988704135282 -99 -99 -99 -99 -99 -99 -99 -99 -99 -99 -99 -99 -99
-99 -99 0.859580565008965 -99 -99 -99 -99 -99 -99 -99 -99 -99 -99 -99 1.49109442313785
-99 -99 -99 -99 -99 -99 -99 -99 -99 -99 -99 -99 -0.194300930865166 -0.556544521260712 -99
1.39138992718222 -99 -99 -99 -99 -99 -99 -99 -99 -99 -99 -99 -99 -99 -99
-99 -99 -99 -99 -99 -99 -99 -99 -99 -99 -99 -99 -99 -99 -99
1.73983339535937 1.46813112025338 -99 -99 -99 -99 -99 -99 -99 -99 -99 -99 -99 -99 -99
-99 -99 1.06177101688131 -99 -99 -99 -99 -99 -99 -99 -0.898082834145058 -99 0.0987285676595047 -99 -99
-99 -99 -99 -99 -99 -99 -99 -99 -99 -99 -99 -99 1.46302757841459 -99 -99
-99 -99 -99 -0.218843845652524 1.32967031316102 -99 -99 -99 -99 1.98257310322966 2.34711213034944 -99 -99 -99 1.58108806946199
-99 -99 -1.35670922433976 -99 -99 -99 -99 -99 -99 -99 -99 1.27755294727538 -99 -99 0.00521304760275587
-99 -99 -99 -99 -99 -99 -99 -99 -99 -0.354700816189313 0.237746040424133 -99 -99 -99 -99
-99 -99 -99 -99 -99 -99 0.939185415352814 2.54761693780397 -99 -99 -99 -99 2.18051265309064 -99 -99
-99 -99 -99 -99 -99 -99 -99 -99 -99 -99 -99 -99 -99 -99 -99
-99 -1.4442902083772 -99 -99 -99 -99 -99 -99 -99 -99 -99 -99 -0.434796487606218 -99 -99
-99 -99 -99 -99 -99 -99 -99 -99 -99 -99 -99 -99 -99 -99 -99
-99 -99 -99 -99 -99 -0.0166240857331674 -99 -99 -99 -99 -99 -99 -99 -99 -99
-99 -99 -99 -99 -99 -99 -99 -99 -99 -99 -99 -99 -99 -99 -99
-99 -99 -99 -99 -99 -99 -99 1.61987159936425 -99 -99 -99 -99 -99 -99 -99
-99 -99 -99 -99 -99 -99 -99 -99 -99 -99 -99 -99 -99 -99 -99
0.0430655892466556 -99 2.9981337964843 -99 -99 -99 -99 -99 -99 -99 -99 -99 1.08536305787608 -99 -99
0.867172859103496 -99 -99 -99 -99 -99 -99 -99 -99 -99 -99 -99 -99 -99 0.139871159341759
-99 -99 -99 0.661939237274071 -0.886576398495843 -99 -99 -99 -99 -99 -99 -99 -99 -99 -99
-99 -99 -99 -99 -1.53433037176883 -0.789027881820879 -99 -99 -99 -99 -99 -99 -99 -99 -99
-99 -99 -99 -99 3.99248715002894 -99 -99 -99 -99 -99 -99 -99 -99 -99 -99
-99 -99 -99 -99 -99 -99 -99 -99 -99 -99 -99 0.117044345479439 -99 -99 -99
-99 -99 -99 -99 -99 1.5322714516103 -99 2.35340359748267 -99 -99 -99 -99 -99 -99 -99
-99 -99 -99 -99 -99 -99 -99 -99 -99 -99 -99 -99 1.59435555589084 -99 0.289046260856365
-99 -99 -99 -99 -99 0.850484498158662 -99 -99 -99 -99 -99 -99 -99 -99 -99
-99 -99 -99 -99 -99 -99 -99 -99 -99 0.204489273573489 -99 -1.30495240420705 -0.767499652570297 -99 -99
-99 -99 -99 -99 -99 -99 -99 -99 -99 -99 -99 -99 -99 -99 -99
-99 -99 -99 -99 -99 -99 -0.398197567719644 -99 -99 -99 -99 -99 -99 -99 -99
-99 -99 -99 -99 -99 -0.616071592635262 -99 -99 -99 -99 -99 -99 -99 -99 -99
-99 1.0099994455837 -99 -99 -99 -99 -99 -99 -99 -99 -99 -99 -99 2.35521881884072 -99
-99 -99 -99 -99 -99 -99 -99 -99 -99 -99 -99 -99 -99 -99 -99
1.64069592651836 -99 -99 -99 -99 -99 -99 -99 2.77549896132388 -99 -99 -99 -99 -99 -99
-99 -99 -99 -99 -99 -99 -99 1.30908983006397 -1.4250349218249 -99 -99 -99 -99 -99 -99
-99 -99 -99 -99 -99 2.66342881345912 2.81088217554487 -99 -99 -99 -99 -99 -99 -99 -99
-99 -99 -99 -99 -99 -3.34710864444943 -99 -99 -99 -1.15222740824868 -99 -99 -99 -0.433128843303187 -1.64646185731309
-99 -99 -99 -1.05344687483433 -99 -99 -99 -99 -99 -99 -99 -99 -99 -0.590034001425051 -99
-99 -99 -99 -99 0.507964396572873 -99 -99 -99 -99 -99 -99 -99 -99 -99 -99
-99 -99 -99 -99 -99 -99 -99 -99 -99 -99 -99 -99 -99 -99 -99
2.01445850647467 -99 -99 -99 2.23532189000492 2.93948923071533 -99 -99 -99 -99 0.395877928202306 3.99332102637016 -99 -99 -99
2.15370033685175 1.84959524990603 -99 -99 -99 -99 -99 -99 -99 -99 -99 -99 -99 -99 -99
-99 -99 -99 -99 -99 -99 -99 -99 -99 -99 1.42047987251725 -99 -99 -99 0.739922132257234
-99 -99 -99 -99 -99 -1.5563878052779 -99 -99 -99 -99 -99 -99 -0.601881003107339 -99 -99
-99 -99 -99 -99 -99 -99 -99 -99 -99 -99 -99 -99 -99 -99 -99
-99 -99 -99 -99 -99 -99 -99 -99 -99 0.421920638738798 -99 0.743565999909749 -99 -99 1.81106594337915
-99 -99 2.36794314760455 -99 -99 -99 -99 -99 -99 -99 -99 -99 1.67002637732742 -99 -99
-99 -1.49452172728261 -99 -99 -99 -99 -99 -99 -99 -99 -99 -99 -99 -99 -99
-99 -99 -99 -99 -99 -99 -99 0.652733205147798 -99 -99 -99 -99 -99 -99 -99
-99 -99 -99 -99 -99 -99 -99 -99 -99 -99 -99 -0.0757978212301575 -0.874794410915141 -99 -99
-99 -99 -99 -99 2.42882863847679 -99 -99 -99 -99 -99 -99 -99 -99 -99 -99
-99 -99 -99 -99 -99 2.65911387963276 -99 -99 -99 -99 -99 -99 -99 -99 -99
-99 -99 -99 -99 -99 -99 -99 -99 -99 -99 -99 -99 -99 -99 -99
-99 -99 -99 -99 -99 -99 -99 -99 -99 -99 -0.587249818951773 -99 -99 -99 -99
-99 -0.0426887938719798 2.23635960481535 -99 -99 -99 -99 -99 -99 -99 -99 1.28278854715824 -99 0.46565632106789 -99
-99 -99 -99 -99 -99 -99 -99 -99 -0.733661801949002 -99 -99 -99 -99 -0.150720228204469 -99
0.098830957561615 -99 -99 -99 -99 -99 -99 -2.40180778476584 -99 -99 -99 -99 -99 -99 -99
3.03059709453071 -99 -99 -99 -99 -99 -99 -99 -99 -99 -99 2.49768146131269 0.346862082250424 -99 -99
-99 -99 1.16402663031079 -99 -99 -99 0.731193529823535 -99 -99 -99 -99 -99 -99 -99 -99
-99 -99 -99 -99 -99 -99 -99 -99 -99 -99 -99 1.2870500633839 -99 -99 -99
-99 -99 -99 -99 -99 -99 -99 1.93023795861223 -99 -99 -99 1.65411883594407 -99 -99 -99
-99 -99 -99 -99 -99 -99 -99 -99 -99 -99 -99 -99 -99 -99 -99
-99 -99 -99 -99 -99 -99 -99 -99 -99 -99 -1.21350077724597 0.121794881293127 -99 -99 -99
-99 -99 -99 -99 -99 -99 -99 2.03501916686643 -99 1.33288797475391 -99 -99 0.487369145733232 0.625458517687136 -99
-99 -99 -99 -99 1.92546134631291 -99 0.300177825457138 -99 -0.498400969425552 -99 1.42618056808645 -99 -99 1.40227494636434 -99
-99 0.589417654300871 -99 -99 -99 -99 -99 -99 -99 -99 -99 -99 -99 -0.648607890928995 -99
-99 -99 -99 -99 -1.1015243649426 -99 -99 -99 -99 -99 -99 -99 -99 -99 -99
-99 -99 -99 -99 -99 -99 -99 -99 -99 -99 0.949041135924213 2.05106126329999 -99 -99 -99
-99 -99 -99 -99 -99 1.86851829269568 -99 -99 -99 -99 -99 -99 -99 -99 -99
-99 -99 -99 -99 -99 -99 -99 -99 -99 2.65906880942826 -99 -99 -99 -99 -99
-99 -99 -99 0.490400852883329 -99 -99 -99 -99 -99 -99 -99 -99 -99 -99 -99
-99 -99 -99 -99 -99 -99 1.21320321374678 -99 -99 -99 -99 -99 -99 1.09292134299821 -99
-99 -99 -99 -99 -99 -99 -99 -99 -99 -99 -99 -99 -99 -99 -99
-99 -99 -99 3.42581858565211 -99 -99 -99 -99 -99 1.42261250296104 0.795925227754988 -99 -99 -99 -99
-99 1.59905918239864 -99 -99 -99 -99 -99 -99 -99 -99 -99 -99 -99 -99 -99
-99 -99 -99 -99 -99 -99 -99 -99 -99 -99 0.796929941931677 -99 -99 -99 1.26201113806875
-99 -99 -0.12075823242393 -99 -99 -99 -99 -99 -99 -99 -99 -99 -99 -99 -99
-99 -99 -1.52406216975166 -99 -99 -99 -99 -99 -99 1.23598848435473 -99 1.51031470069864 -99 -99 -99
1.13982820093026 -99 -99 -99 -99 -99 -99 -99 0.79709063768941 1.75969009851165 -99 -99 -99 -99 -99
-99 -99 -99 -99 -99 -99 -99 -99 -99 -99 -0.547000179790937 -99 -99 -99 -99
-99 -99 -99 -99 -99 -99 -99 -99 1.28083548613327 -99 -99 -99 -99 -99 0.194080634371816
-99 -99 -99 -99 -99 -99 -99 -99 -99 -99 -99 -99 -99 -99 -99
-99 -99 -99 -99 -99 -99 -99 2.2390670519115 -99 -99 -99 2.73415313958281 -99 -99 -99
-99 -99 -99 -99 -99 -99 -99 -99 -0.410452045562546 -99 0.276527134765543 -0.35986966167119 -99 -99 -99
-99 -99 -99 -99 -99 -99 -99 -99 2.04071100241745 -99 1.99841430961896 2.27300541592252 -99 -99 -99
-99 -99 -99 -99 -99 -99 0.895146849766589 -99 -99 0.475572671733713 -99 -99 -99 -99 -1.39291387552893
-99 -99 -99 -99 -99 -99 -99 -99 -99 1.92874349609869 -99 -99 -99 -99 -99
2.99469344261678 -99 -99 -99 -99 -99 -99 1.83092183243786 -0.232569655075329 -99 -99 -99 -99 -99 -99
-99 -99 -99 -99 -0.983934813458424 -99 -99 -99 -99 -99 -99 -99 -99 -99 -99
-99 -0.44493481918684 0.370287336044282 -99 -99 -99 -99 -99 -99 -99 -99 -99 -99 0.269461593506446 -99
-99 0.3834560748094 -99 -99 -99 0.119099758929874 -0.610547842860276 -99 -99 -99 -99 -99 -99 -99 -99
-99 -99 -99 -99 -99 -99 -99 -99 -99 -99 -99 -99 -99 -99 -99
-99 -99 -99 -99 -99 -99 -99 -99 -99 -99 -99 -99 -0.960617784639827 -99 0.448421883663097
-99 -99 -99 -99 -99 -99 -99 -99 -99 -99 -1.66347511710683 -99 -99 -99 -1.64969899029187
-99 -99 -99 -99 -99 -99 -99 -99 -99 -99 -99 -99 -99 -99 -99
-99 -99 -99 -99 -99 1.23171457105999 -99 -99 -99 -99 -99 -99 2.20591270977988 -99 -99
-99 -99 -99 -99 -99 -99 -99 -99 -2.35903548796077 -99 -99 -99 -99 -99 -99
-99 -99 -99 -0.379152763641733 -99 -99 -99 -99 -0.104207431570999 -99 -99 -99 -99 1.29431811817174 -99
-99 -99 -99 -1.34255908629952 -99 -99 -1.26557301069469 -99 -1.60975135730881 -99 -99 -99 -99 -99 -99
-99 -99 -0.212741509976245 -99 -99 0.303078704490226 -99 -99 -99 -99 -99 -99 -0.710564446074622 -99 -99
-99 -99 -99 -99 -99 -99 -99 -99 -99 -99 0.870330355701592 0.970184958495195 -99 -99 -99
-99 -99 -99 2.39648302197972 -99 -99 -99 -99 -99 -99 -99 1.66932527557939 -99 -99 -99
0.174110210759742 1.15028062384911 -99 -99 -99 -99 -99 -99 2.72431440029303 0.107390521259729 -99 -99 -99 -99 -99
-0.0411289285815177 -99 -99 1.37330124714999 -99 -99 -99 -99 -99 -99 -99 -99 -99 -99 -99
-99 -99 2.50119750777972 -99 -99 -99 -99 1.90011815120006 -99 -99 -99 -99 -99 -99 -99
-99 -99 -99 -99 -99 -99 -99 -99 -99 -99 1.6507333283231 -99 -99 -99 -99
-99 -99 -99 -99 -99 -99 -99 0.9078358550747 -99 -99 -99 -99 -99 -99 -99
-99 -99 -99 -99 1.93006278049839 -99 -99 -99 -99 -99 -99 -99 2.92523061748116 -99 -99
2.78221619905951 -99 -99 -99 1.23913467142859 -99 -99 -99 -99 -99 -99 -99 -99 -99 -99
-99 -99 -99 -99 -99 -99 -99 -99 -99 -99 -99 -99 -1.75112106442659 -99 -99
-99 -99 -99 -99 -99 -99 -99 -99 -99 -99 -99 -99 -99 2.7739077160291 -99
1.06208964317646 -99 -99 -99 -99 -99 -99 -99 -99 -99 -99 -0.100304005330132 -99 -99 -99
-99 -99 -99 -99 -99 -99 -99 -99 -99 -99 -1.34835694614035 -99 -99 -99 -99
-99 -99 -99 -99 -99 -99 -99 -99 -99 -0.0676415400404682 -99 -99 -99 0.411529062826975 -99
-99 -99 -99 -99 0.662023509764438 -99 -99 -99 -99 -99 -99 -99 -99 -99 0.786679894500955
-99 -99 -99 -99 -99 -99 -2.422531807309 -99 -99 -99 -99 -99 -99 -99 -99
-99 -99 -99 -99 -99 -99 -99 -99 -99 -99 -99 -99 -99 -99 -99
-99 -99 -99 -99 -99 -99 -99 -99 -99 -99 0.306479429588759 -99 -99 -99 -99
-99 2.06167073111156 -99 -99 -99 3.02067372255275 -99 -99 1.37477914229746 -99 -99 3.73506750682302 2.90489900400413 -99 -99
-99 3.20307442666051 -99 -99 -99 -99 -99 -99 -99 -99 -99 -99 -99 -99 -99
-99 1.90976743109583 -99 -99 -99 -99 -99 -99 -99 -99 0.621661373885259 -99 -99 -99 0.0659782760997683
-99 1.20373151869065 -99 -99 -99 -99 -99 -99 -99 -99 2.1266171138315 -99 -99 -99 3.97799876764929
-99 -99 -99 -99 -99 -99 -0.971499565916052 -99 -0.635234031671847 0.822150590056818 -99 -99 -99 -99 -99
-99 -99 -99 -99 -99 -99 -99 -99 -99 -99 -99 -1.08107844916033 -99 -99 -99
-99 1.86829671695237 -99 -99 -99 -99 -99 -99 -99 -99 -99 -99 -99 1.13904526518548 -99
-99 -99 -99 -99 -99 -0.709925339011633 -99 -99 -99 -99 -99 -99 -99 -99 -99
-99 -99 -99 -99 -99 -0.389303573665174 -99 -99 -99 -99 -99 -0.200990148666376 -99 -99 -99
-99 -99 -99 -99 -99 -99 -99 -99 -99 -99 -99 -99 -99 -99 -99
-99 -99 -99 -99 -99 -99 -99 -99 -99 -99 -99 -99 -0.268320732322888 -99 -99
-99 -99 -99 -99 -99 -99 -99 -99 -99 -99 0.438531558422453 -99 -99 -99 -99
-99 -99 -99 -99 -99 -0.925648800878022 -99 -99 -99 -99 -99 -99 -99 -99 -99
-99 -99 -99 -99 -99 -99 -99 -99 -99 -99 -99 -99 -0.178972021555099 -99 -99
-99 2.33404618440047 -99 -99 -99 -99 -99 -99 -99 -99 -99 -99 -99 -99 -99
-99 -99 -99 -99 1.47193303846281 -99 -99 -99 -99 2.40759114684688 -99 -99 -99 -99 -99
-99 -99 -99 -99 -0.061161040771829 -99 -99 -99 -99 -99 -0.644185722923789 -99 -99 -99 -99
-99 -99 -99 -99 -99 -99 -99 -99 -99 -99 -99 1.66258398988768 -99 -99 1.44667256249776
-99 -99 -99 -99 1.34892260378959 -99 -99 -99 -99 -99 -99 -99 -99 -99 0.67072916144772
-99 -99 -99 -99 -99 -99 -99 -99 -99 -99 -99 -99 -99 -99 -99
-99 -99 -99 -99 -99 -0.127000624350878 -99 -99 -99 -99 -99 1.88800856734992 -99 -0.881673461062438 -99
-99 -99 -99 0.22624904296147 -99 -0.0791617368771822 -99 -99 -99 -99 -99 -99 -99 -99 1.78469817808481
-99 -99 -99 -99 -3.46233107919056 -2.31472351522289 -99 -99 -99 -3.75097700322467 -99 -99 -99 -99 -99
-99 -99 -99 -99 -99 -99 -99 -99 -99 3.50826611683836 -99 2.54554751970162 -99 -99 -99
-99 -99 -99 -99 -99 -99 -99 -99 -99 -99 -99 -99 -99 -99 -99
-99 -99 -99 -99 -99 -99 -99 -99 -99 0.804317137700484 -99 -99 -99 -99 -99
0.41873792541648 -99 -99 -99 -99 -0.109463081578691 0.146839355276763 -0.161243090935868 -99 -99 -99 -99 -99 -99 -99
-99 -99 -99 -99 -99 -99 -99 -99 2.85771996475076 -99 -99 -99 -99 -99 -99
-99 -99 -99 -99 -99 -99 -99 -99 2.15969758126274 2.36745021622488 -99 -99 -99 -99 -99
