-99 -99 -99 -99 -99 -99 -99 -99 -99 -99 0.836265523176997 1.54283621241192 0.974045248587933 -99 -99
-99 -99 -99 -99 -99 -99 -99 -99 -99 -99 -99 -99 0.828154656862194 -99 -99
-99 -99 -99 -99 -99 -99 -99 -99 1.76618654809851 -99 -99 -99 -99 -99 -99
-99 -99 1.63892625728484 1.32708705064994 -99 -99 -99 1.8902795737752 -99 -99 -99 -99 -99 -99 -99
-99 -99 -99 -99 -99 -99 -99 -99 -99 -99 -99 2.722273180045 -99 -99 -99
-99 -99 -99 -99 -99 -99 -99 -99 -99 -99 -99 -99 -99 -99 -99
-99 2.88646970384868 -99 -99 -99 -99 1.55232980783904 0.564117906955069 -99 -99 1.70095728115815 -99 -99 -99 -99
-99 -99 -99 -99 -99 -99 -99 -99 -99 -99 -99 -99 -99 -99 -99
-99 -99 -99 -99 -99 -99 -99 -0.292491541357774 -99 -99 -99 -99 -99 -99 -99
-99 -99 -99 -99 -99 -99 -99 -99 -99 -99 -99 -99 -99 -99 -99
-99 -99 -99 -99 -99 -99 -99 -99 -99 -99 -99 -99 -99 -99 -99
-99 -99 -99 -99 -99 -99 -99 -99 -99 -99 -99 -99 -99 -99 -99
-99 -99 -99 -99 -99 -99 -99 -99 0.896686788301845 -99 -99 -99 -99 -99 -99
-99 -99 -0.599580533389185 -99 -99 -99 -99 -99 -99 -99 -99 -99 -99 -99 -99
-99 -99 -99 -99 -99 -99 -99 -99 -99 -99 -99 -99 -99 3.67663478339582 -99
-99 -99 -99 -99 -99 -99 -99 -99 -99 -99 -99 -99 -99 -99 -99
-99 -99 -99 -99 -99 -99 -99 -99 -99 -99 -99 1.60212632707936 3.25669189916087 -99 3.55454970324035
-99 0.883221488180758 -99 -99 -99 -99 -99 -99 -99 -99 -99 -99 -99 -99 -99
-99 -99 -99 3.23821805267678 -99 -99 -99 -99 -99 -99 -99 -99 -99 -99 1.54717468705183
-99 -99 -99 -99 -99 -99 -99 -99 -99 -99 -99 -99 -99 -99 0.207359468673519
-99 -99 -99 -99 -99 -99 -99 -99 -99 -99 -99 -99 -99 -99 -99
-99 0.508446007274993 -99 1.65680722510503 1.67504269607024 -99 -99 -99 0.587924489324994 -99 -99 -99 -99 -99 1.36106968348182
-99 -99 -99 -99 -99 -99 -99 -99 -99 -99 -99 -99 -99 -99 -99
-99 -99 -99 -99 -99 -99 -99 -99 -99 -99 -99 -99 -99 -99 -99
-99 -99 0.515487855077523 -99 -99 -1.31193055990355 -99 -99 -99 -99 -99 -99 -99 -99 1.01732038825752
-99 -99 -99 -99 -99 0.627132268874165 -99 -99 -99 -99 -99 -99 -99 -99 -99
-99 -99 -99 -99 -99 -99 -99 -99 -99 -99 -99 -99 -99 -99 -99
-99 -99 -99 -99 -99 -99 -99 -99 -99 -99 -99 -99 -99 -99 -99
-99 -99 -99 -99 -99 -99 -99 -99 -99 -99 0.398747994106448 -99 -99 -99 0.638269391096722
-99 -99 -99 -99 -99 -99 -99 -99 -99 -99 -99 -99 -99 -99 -99
-99 -99 -99 -99 -99 -99 -99 -99 -99 -99 -1.32235135148187 -0.550022053490391 -99 0.854841133264625 -99
-99 -99 -99 -99 -99 -99 -99 -99 -99 -99 -99 -99 -99 -99 -99
-99 -99 -99 -99 4.81942951300334 -99 1.88017630091549 -99 -99 -99 -99 -99 -99 -99 -99
-99 -99 -99 -99 -99 -99 0.596694001437771 -99 -99 -99 -99 -99 -0.498344596076449 -99 -99
-99 -99 4.00278758024198 -99 -99 -99 -99 -99 -99 -99 6.10225138797446 -99 -99 -99 -99
3.30731563162642 3.59969619812063 -99 -99 -99 -99 -99 -99 -99 -99 -99 0.972251092151876 -99 2.62020698742419 -99
-99 -99 -99 -99 -99 -99 -99 -0.464235037620364 -99 -99 -99 -99 -99 -99 -99
-99 -99 -99 -99 -99 -99 -99 -99 0.0101670257774007 -99 1.53997458222681 -99 -99 -99 -99
1.80276367362422 -99 -99 -99 1.96076868614159 -99 -99 -99 -99 -0.821054988981949 1.4398849458601 -99 -99 -99 -99
-99 -99 -99 -99 -99 -99 -99 -99 -99 2.80200486801823 -99 -99 -0.274104979774579 -99 -99
-0.705100240365919 -99 -0.279963409070836 -2.85504247994915 -99 -99 -1.22904484374706 -99 -99 -99 -99 -99 -99 -99 -99
-99 -99 -99 -99 -99 -99 -99 -99 -1.37132843150378 -99 -99 -99 -99 -99 -99
-99 -99 2.04842486975238 -99 -99 -99 -99 -99 -99 -99 -99 -99 -99 -99 -99
-99 -99 -99 -99 -99 -99 -99 -99 -99 -99 -99 -99 2.31549251826965 -99 -99
-99 -99 -99 -99 -99 -99 -99 -99 -99 -99 -99 -99 -99 -99 -99
-99 -99 -99 -99 -99 -99 -99 -99 -99 -99 -99 -99 -99 -99 -99
-99 -99 -99 -99 -99 -99 -0.354993288143403 -99 -99 -99 -99 -99 -2.1232081104209 1.13750541060547 -0.0711901304727454
-99 -99 -99 -99 -99 -99 -99 -99 1.0773181582663 -99 0.177347693135974 -99 -99 -99 -99
-99 -99 -99 -1.60725621503492 -99 -99 -99 -99 -99 -99 -99 -99 -99 -0.38497610258345 0.560390378019139
0.333744827997042 -99 -99 -99 -99 -99 -99 -99 -1.12841241448854 -99 -99 -99 -99 -99 -99
-99 -99 -99 -99 -99 -99 -99 -99 -99 -99 -99 -99 -99 -99 -99
-0.587445188857173 0.9040382316322 -99 -99 -99 -99 -99 -99 -99 -99 -99 -99 -99 -99 -99
-99 -99 -99 -99 -99 0.391969818035988 -99 -99 -99 -99 -99 -99 -99 0.357037139379681 -99
-99 -99 -99 -99 -99 -99 -99 -99 -99 -99 -99 -99 -99 -99 -99
-99 -99 -99 -99 -99 -99 -99 -99 -99 1.16377213255576 -99 -99 -99 -99 -99
3.68182523214923 -99 -99 -99 -99 -99 -99 -99 1.8756348737966 -99 -99 -99 2.21219778796263 -99 -99
-99 -99 0.925814493119116 1.26480327011965 -99 -99 2.47723319260884 -99 -99 -99 -0.0158748110722733 -99 -99 -99 2.50206639961916
-99 -99 -99 -99 -99 1.23417407193048 -99 -99 -99 -99 -99 -99 -99 -99 -99
-99 -99 -99 -99 -0.0276616012740485 -99 -99 1.99235443740518 -99 -99 -99 -99 -99 -99 -99
-99 -99 -99 -99 -99 -99 -0.303633053348771 -99 -99 -1.39939640516593 -99 -99 -99 -0.614730152919292 -99
-99 -99 -99 -99 -99 -99 -99 -99 -99 -99 -99 -99 -99 -99 -99
1.45143969673874 -99 -99 -99 -99 -99 -99 -99 -99 -99 -99 -99 -99 -99 -99
-99 -99 -99 -99 -99 -99 -99 -99 -99 -99 -99 -99 -99 -99 -99
-99 -99 -99 -99 -99 -99 -99 -99 -99 -99 -99 -99 -99 -99 -99
-99 -99 -99 -99 -99 -99 -99 -99 -99 -99 -99 -99 -99 -99 -99
-99 -99 -99 -99 -99 -99 -99 -99 -99 -99 -99 -99 -99 -99 -99
-99 -99 -99 -99 -99 -99 -99 -99 -99 -99 1.36769050396256 -99 -99 -99 -99
-99 -99 -99 -99 0.827575098341997 -99 -99 -99 -99 -99 -99 -99 1.73228066484296 -99 -99
-99 -99 -99 -99 -99 -99 -99 -99 0.166190832068823 -99 -99 -99 -99 -99 -99
-99 -99 -99 -99 -99 -99 -99 -99 -99 -99 -99 -99 -99 -99 -99
-99 -99 -99 -0.0621056707237839 -99 1.85742095557484 -0.206000231777392 -99 -0.696845634067105 -99 -99 -99 -99 -99 -0.756620920304174
-99 -99 -99 -99 -99 -99 -99 -99 -99 -99 -99 -99 -99 -99 -99
-99 -99 -99 -99 -99 -99 -99 -99 -99 4.42243471768625 -99 -99 -99 -99 -99
-99 -99 -99 -99 -99 -99 -99 -99 -99 -99 -99 -99 -99 -99 -99
-99 -99 -99 -99 -99 -99 -99 1.16674205683801 0.634564439764635 -99 -99 -99 -99 -0.886071954324375 -99
-99 -99 -99 -99 -99 -99 -0.502883203581417 -99 0.657226603771071 -99 -99 -99 -0.389147622469993 -99 -99
-99 -99 -99 -99 -0.824673782305863 -99 -99 -99 -99 -99 -99 -99 -0.507783107933768 -99 -99
-99 -99 -99 -99 -99 -2.88210028061553 -99 -99 -99 -99 -99 -0.378949991780936 -99 -99 0.144593869014765
-99 -99 1.743776910535 -99 -99 -99 -99 -99 1.28715403049373 -99 2.4844987538942 -99 0.778571043786625 -99 -99
-99 0.169865363379047 -99 -99 -99 -99 -99 -99 -99 1.01393357784106 -99 1.0378038181453 -99 -0.357369953503255 -99
-99 -99 -99 -99 -99 -99 -99 -99 -99 -99 -99 -99 1.34551236390172 -99 -99
-99 -99 -99 -99 -99 -99 -99 -1.23589921953967 -99 -99 -99 -99 -99 -99 -99
-99 3.20233337831596 -99 -99 -99 -99 -99 1.67896925730619 1.47338309870969 -99 -99 -99 -99 -99 -99
-99 -99 -99 -99 -99 -0.595032707243897 -99 -99 -99 0.887703951718752 -99 -99 -99 -99 -99
-99 -99 0.98040218026347 -99 -99 -99 -99 -99 -99 -99 -99 -99 -99 -99 -99
-99 -99 -99 -99 -99 -99 -99 -99 -99 -99 -99 -99 -99 -99 -99
-99 -99 -99 -99 -99 -99 -99 -99 -99 -99 -99 -99 -99 -99 -99
-99 -99 -99 -99 -99 -99 -99 -99 -99 -99 -99 -99 -99 -99 -99
-99 -99 -99 -99 3.14886153329345 -99 -99 -99 -99 -99 -99 -99 -99 -99 -99
-99 -99 -99 1.00721440414315 -99 -99 -99 -99 -99 -99 -99 -99 -99 -99 -1.10652624241406
-99 -99 -99 -99 -99 -99 -99 -99 -99 -99 -99 -99 -99 -99 -99
-99 -99 -99 -99 -99 1.93478637310863 -99 -99 -99 -99 -99 -99 -99 -99 -99
-99 -99 -99 2.64247286020719 -99 -99 -99 -99 -99 -99 -99 -99 -99 -99 -99
-99 -99 -99 -99 0.992592630950942 -99 -99 -99 -99 -99 -99 -99 -99 -99 -99
-99 -99 -99 -99 -99 -99 0.73679822831855 -99 -99 -99 -99 -99 -99 -99 -99
-99 -99 -99 -99 -99 -99 -99 -99 -99 -99 -99 -99 -99 -99 -99
-99 -99 -99 -99 -99 -99 -99 -99 -99 -99 -99 -99 -99 -99 -99
-99 1.40083897872705 -99 -99 -99 -99 -99 -99 -99 -99 -99 -99 -99 -99 -99
-99 -99 -99 -99 1.72050469954503 -99 -99 0.117896192513658 0.0555105965980196 -99 -99 -99 -99 -99 -99
-99 -99 -99 -99 -99 -99 0.119271845172282 1.65072251753837 -99 -99 -99 -99 -99 -99 -99
-99 -99 -99 -99 -99 -99 -99 -99 -1.247818314367 -99 -99 -99 -99 -99 0.010489766441929
-99 -1.35253372497626 -99 -99 -99 -99 -99 -1.17958611832395 -99 -99 -99 -99 -99 -99 -99
-99 -99 -99 -99 -99 -99 -99 0.43602982784856 -99 -99 -99 -99 -99 0.224468268824517 -99
-99 -99 -99 -99 -99 0.946623419508009 -99 -99 -99 -99 -99 -99 -99 -99 -99
-99 -99 1.03917772844279 -99 -99 -99 -99 -99 -99 -99 -99 -99 2.07024273778116 -99 -99
-99 -99 -99 -99 -99 -99 -99 -99 -99 3.50339908211547 -99 -99 -99 1.98871844817161 -99
-99 -99 -99 -99 -99 -99 -99 -99 -99 -99 -99 1.28569166348811 -99 -99 -0.727335038800558
-99 -99 -99 -99 -99 -99 -99 -99 -99 -99 -0.311349008041967 -99 -99 -99 -99
-99 -99 -99 -99 -99 -99 -99 0.537979244523144 -99 -99 0.702265083879759 -99 -99 -99 -99
-99 -99 -99 -99 -99 -99 -99 -99 -99 -99 -99 -99 -99 -99 -99
-99 -99 -99 1.76432787934977 -99 -99 -99 -99 -99 -99 -99 -99 -99 -99 -99
-99 -99 -99 1.69096618750617 -99 -99 -99 -99 -99 -99 -99 -99 -99 -99 -99
-99 0.794486560676852 -99 -99 -0.228633195784393 -99 -99 -99 -99 -99 -99 -99 -99 -99 3.78452062775169
-99 -99 -99 -99 -99 -99 -99 -99 -99 -99 -99 -99 -99 -99 -99
1.32392952959492 0.983755103826924 -99 -99 -99 0.787192900846485 -99 -99 -99 -99 -99 -99 -99 -99 -99
-99 -99 -99 -99 -99 -99 -99 -99 -99 -99 -99 -99 -3.24398035412964 -99 -99
-99 -99 -99 -99 -99 2.15573904597246 -99 -99 -99 -99 -99 -99 0.664014360370155 -99 -99
-99 -99 -99 -99 -99 -99 -99 2.40024358812786 -99 -99 2.94217933902036 -99 -99 -99 -99
-99 -99 -99 -99 -99 -99 -99 -99 -99 -99 -99 -99 -99 -99 -99
-99 -99 -99 -99 -99 -99 -99 -99 -99 -99 -99 -99 -99 -99 -99
-99 -99 -99 -99 -99 -99 -99 -99 -99 -99 1.83354606229125 2.27828812747318 -99 -99 -99
-99 -99 -99 -99 -99 -99 -99 -99 -99 -99 -99 -99 -99 -99 -99
-99 -99 -99 1.11714575578611 -99 -99 -99 -99 -99 -99 -99 -99 -99 -99 -99
-99 -99 -99 -99 -99 -99 -99 -99 -99 -99 -99 -99 -99 -99 -99
-99 -99 -99 -99 -99 -99 -99 -99 -99 -99 -99 -99 -99 -99 -99
-99 -99 -99 -99 -99 -99 -99 -99 -99 -99 -1.00476605708662 -99 -99 -99 -99
-99 -99 -99 -99 -99 -99 -99 -99 -99 -99 3.24061935256548 -99 -99 -99 -99
-99 -99 -99 -99 -99 -99 -99 -99 -99 3.74750686578375 -99 -99 -99 -99 2.94307959965827
-99 -99 -99 -99 -99 0.770889375795281 -99 -99 -99 -99 0.289298848188193 -99 -99 0.911259676617257 -99
-99 -99 -99 -99 -99 -99 -99 -99 -99 2.6625550555275 -99 -99 -99 -99 -99
-99 -99 -99 -99 -99 -99 -99 -99 -99 -99 -99 -99 -99 -99 -99
-99 -99 -99 -99 -99 -99 1.26407776803058 -99 1.54479068393502 -99 -99 -99 -99 -99 -99
-99 -99 -99 -99 -99 -99 -99 -99 -99 -99 -99 -99 -99 -99 -99
-99 -99 -99 -99 -99 -99 -0.46008596979817 -99 -99 -99 -99 -99 -99 -99 -99
-99 -99 -99 -99 -99 -99 -99 -99 -99 0.596287753125596 -99 -99 -99 -99 -99
-99 -99 -99 -99 -99 0.297543128877037 -99 -99 -99 -99 -99 -99 -99 -99 -99
-99 -99 -99 -99 -99 -99 2.62504446427268 -99 -99 -99 4.94804680179589 -99 -99 -99 -99
-99 -99 -99 -99 -99 -99 -99 -99 -99 -99 -99 -99 -99 -99 -99
-99 -99 -99 -99 -99 -99 -99 -99 -99 -99 -99 -99 -99 -99 -99
-99 -99 -99 -99 -99 -99 -99 -99 -99 -99 -99 -99 -99 -99 -1.57602733075406
-99 -99 -1.05098480209951 -99 -99 -99 -99 -99 -99 -99 -99 -99 -99 -99 -1.68271805265147
-99 -99 -99 -99 -99 -99 -99 0.0285091166911943 -99 -99 -99 -99 -99 2.19972418085152 -99
-99 -99 -99 -99 -99 -99 -99 -99 -99 -99 -99 -99 -99 -99 -0.267768445360266
-99 -99 -99 -99 -99 -99 2.79312791842872 -99 -99 2.56449346430619 -99 -99 -99 -99 1.09744156531282
-99 -99 -99 1.29398968608957 -99 -99 -99 -0.943672413485154 -99 -99 -99 -99 -99 -99 -99
-99 -99 -99 -99 -1.45093782625173 -99 -99 1.21003996518596 -99 -99 -99 0.362705850844446 -99 -99 -99
-99 -99 -99 -99 -99 -99 -99 -99 -99 -99 -99 -99 -99 -99 -99
-99 -99 -99 -99 -0.498432504785289 -99 1.31337008320587 -0.111738174632419 -99 -99 -99 -99 -99 -0.30040621496293 -99
-99 -99 -99 -99 -99 -99 -99 -99 -99 -99 -99 -99 -99 -99 2.07298549097415
-99 1.97333745829334 -99 -99 -99 -99 -99 -99 -99 -99 -99 -99 -99 -99 -99
-99 -99 -2.48250201101274 -99 -99 -99 -99 -99 -99 0.579296246770561 -0.775225757869265 -99 -99 -99 -99
-99 -99 -99 -99 -99 -99 -99 -99 -99 0.839730138717238 -99 -99 -99 1.86409730616617 -99
-99 -99 -99 -99 -99 -99 -99 -99 -99 -99 -99 -99 -99 -99 -99
-99 -99 -99 -99 -99 -99 -99 -99 -99 -99 -99 1.57595743939354 -99 -99 -99
-99 0.555225972725594 -99 -99 -99 -99 -99 -99 -99 -99 -99 -99 -99 1.50449690171163 -99
-99 -99 -99 -99 -99 -99 -99 -99 -99 -99 2.31670292167673 -99 -99 -99 -99
-99 0.99074995026799 -99 -0.358452777934281 -99 -99 1.46810947184989 -99 -99 -99 -99 -99 0.0645862263998845 -99 -99
-99 -99 -99 -99 -99 -99 -99 -99 -99 -0.994605924344715 -99 -99 -99 -99 -99
-99 -99 -99 -99 -99 -99 -99 -99 -99 -99 -99 -99 -99 -99 -99
2.25150676549575 -99 -99 -99 -99 -99 -99 -99 -99 -99 -99 -99 -99 -99 -99
-99 -99 -99 1.02326730205351 -99 -99 -99 -99 -99 -99 -99 -99 -99 1.29692446512386 -99
-99 2.38914662099834 1.7564472924383 -99 2.11991352856439 -99 -99 -99 -99 -99 -99 2.5152465547348 -99 -99 3.42520196432117
-99 -99 -99 -99 -99 -99 1.37280098993544 -99 -99 -99 -99 -99 0.297461840045085 -99 -99
-99 -99 -99 -99 -99 0.0978802220082731 -99 -0.871685008358481 -99 -99 -99 -99 -99 -99 -99
-99 -99 -99 -99 -99 -99 -99 -99 -99 -99 -99 2.85745903984234 -99 -99 1.81341526754152
-99 -99 -99 3.66952830862045 -99 -99 -99 -99 -99 -99 -99 3.55638352359043 -99 -99 -99
2.55922182312138 -99 -99 -99 -99 2.46565579797307 -99 -99 -99 -99 1.4845839142379 -99 -99 -99 -99
-99 -99 1.21657199564998 -99 -99 -99 -99 -99 1.92020976275312 -99 -99 -99 -99 -99 -99
0.668612847569984 2.5193977752334 -99 -99 -99 -99 -99 -99 -99 -99 -99 1.28145089478837 -99 -99 -99
-0.580400363542063 2.24508749731662 -99 -99 -99 -99 2.60850592258238 -99 -99 -99 -99 -99 -99 -99 -99
2.25628657050009 -99 1.3674647120128 -99 -99 -99 -99 -99 1.16501068323152 -99 -99 -99 -99 -99 -99
-99 -99 2.26576987248693 -99 -99 -99 -99 -99 -99 -99 -99 -99 -99 2.66063889199596 -99
-99 -99 -99 -99 1.60659039743752 -99 -99 -99 -99 -99 -99 -99 -99 -99 -99
-99 -99 -99 -99 -99 -99 -99 -99 -99 -99 -99 -99 -99 -99 -99
-99 0.512258600156487 -99 -99 -99 -99 -99 -99 -99 -99 -99 -99 0.14168372791243 1.16071158911873 -99
-99 -99 1.59590471143265 -99 -99 -99 -99 -99 0.152708031579917 -99 -99 -99 -99 -99 -99
-99 -99 -99 -99 -99 -99 -99 -99 -99 -99 -99 -99 -99 -99 -99
-99 -99 -99 -99 -99 -99 -99 -99 -99 -99 -99 -99 -99 -99 -99
-99 -99 -99 -99 2.70502697697758 -99 -99 -99 -99 -99 3.17001551489881 2.63368967021413 -99 -99 -99
-99 -99 -99 -99 -99 -99 -99 2.01064848426798 -99 -99 -99 -99 -99 -99 -99
-99 -99 -99 -1.26732787665629 -99 -0.424504589358458 -99 -99 -1.63819888633011 -99 -99 -0.603456152033804 -99 -99 -99
-99 -99 -99 3.08488386024019 -99 -99 -99 -99 -99 -99 3.81043432651966 -99 -99 -99 -99
-99 -99 -99 -99 -99 -99 -99 -99 -99 -99 -99 -99 -99 -99 -99
-99 -99 -99 -99 -99 -99 -99 -99 -99 -99 -99 -99 -99 -99 -99
-99 -99 -99 -99 -99 -99 2.84430711327005 -99 -99 -99 -99 -99 -99 1.68374597307073 -99
-99 0.938391620449427 -99 -99 -99 -99 -99 -99 -99 -99 -99 -99 -99 -99 -99
0.876991181606919 -99 1.70657012417798 -99 -99 -99 -99 -99 0.566755614311663 -99 -99 -99 -99 -99 -99
-99 -99 -99 -99 0.0720986113393481 -99 -99 -99 -99 -99 -99 -99 -99 -99 -99
0.573589755696883 -99 -99 -99 -99 -99 -99 -99 -99 -99 -99 -99 -99 -99 -99
-99 -99 -99 -99 -99 -99 -99 -99 -99 -99 1.74291480578618 -99 0.904656100027276 -99 -99
-99 -99 -99 -99 -99 -99 -99 -99 -99 -99 -99 -99 -1.09043900992177 -99 -99
-99 -99 -1.58380710487796 0.137689141709943 -99 -99 -99 -99 -99 -99 -99 -99 -99 -99 -99
-99 -99 -99 -99 -99 -99 1.15251398490583 -99 -99 -99 -99 -99 -99 -99 -99
-99 -99 0.204657304470427 -99 -99 -99 -99 -99 -99 -99 -99 -99 -99 -99 -99
-99 -99 -99 -99 -99 -99 -99 -99 -99 2.96438065768626 -99 -99 -99 -99 -99
-99 -99 -99 -99 -99 -99 -99 -99 -99 -99 -99 -99 -99 -99 -99
-99 -99 -99 -99 -99 -99 -99 -99 -99 -99 -99 -99 -99 -99 -99
-99 -99 -99 0.00926172209538367 -99 -99 -99 -99 -99 -99 -99 -99 -99 -99 -99
-99 -99 -99 -99 -99 -99 -99 -99 -99 -99 -99 -99 0.234186952344896 -99 -99
-99 -99 -99 -99 -99 -99 -99 -99 -99 -99 -99 -99 -99 -99 -99
-99 -99 -99 -99 -99 -99 -99 2.48455488235552 -99 -99 -99 -99 -99 -99 -99
2.02037087232608 -99 -99 -99 -99 1.88741376758954 -99 -99 -99 -99 -99 -99 -99 0.0777111059705653 -99
-99 -99 -99 -99 -99 -99 -99 -99 -99 -99 -99 3.79184767602796 -99 -99 -99
-99 -99 -99 -99 -99 2.25673744088974 -99 -99 -99 -99 -99 -99 -99 -99 -99
-99 -99 -99 -99 -99 -99 -99 -99 -99 -99 -99 -99 -99 1.89901487995183 -99
-99 -99 -99 -99 -99 -99 -99 -99 2.65677823567568 -99 -99 -99 -99 -99 -99
-99 -99 -99 -99 -99 -99 -99 -99 -99 -99 -99 -99 -99 -99 -99
-99 -99 0.859531816860869 -99 -99 -99 -99 -99 -99 -99 -99 -99 -99 -99 -99
-99 -99 -99 -99 -99 -99 -99 -99 -99 -99 -99 -99 -99 -99 -99
-99 -99 -99 -99 -99 -99 -2.1204737883118 -99 -99 -99 -99 -99 -99 -99 -99
-99 -99 -99 -99 -99 -99 -99 -99 -99 -99 -99 -99 -99 -99 -99
-99 -99 -99 -99 -99 -99 -99 -0.175802742668086 -99 -99 -99 -99 -99 -99 -99
-99 -99 -99 -0.583349990495122 -99 -99 -99 -99 -1.55015744169786 -99 -99 -99 -99 0.221748396112424 -99
-99 -99 0.977266690411526 -99 -99 -99 -99 -99 -99 -99 -99 -99 -99 -99 -99
-99 -99 -99 -99 -99 -99 -99 -99 -99 -99 -99 -0.469222291832238 -99 -99 -99
-99 -99 -99 -99 -99 -99 0.544306093970783 -99 0.636189429255589 -99 -99 -99 -99 -99 -99
0.920021726347427 -99 -99 -99 -99 -99 -99 -99 -99 -99 -99 -99 -99 -99 -99
-99 -99 -99 -99 -99 -99 -99 -99 -99 -99 -99 -99 -99 -99 -99
-99 -99 -99 -99 -99 -99 -99 -99 -99 -99 2.30505848537311 -99 -99 -99 -99
0.566299205583585 -99 -99 -99 -99 -99 -99 -99 -99 -99 -99 -99 -99 -99 -99
-99 -99 2.3088472500169 -99 -99 -99 -99 -99 -99 -99 -99 -99 -99 -99 -99
-99 0.951056058000357 -99 -99 -99 -99 -99 -99 -99 -99 -99 -99 -99 -99 -99
2.27308363142919 1.95586877810102 -99 0.947435957991726 -99 -99 -99 -99 -99 -99 -99 -99 -99 -99 -99
-99 -99 -99 2.59440252594536 -99 -99 -99 -99 -99 -99 -99 -99 -99 -99 -99
-99 -99 -99 -99 -99 -99 -99 -99 -99 -99 -99 -99 -99 -99 -99
-99 -99 -99 -99 -99 -99 -99 -99 -99 -99 -99 -99 -99 -99 -99
-99 -99 -99 -99 1.5166731549527 -99 -99 -99 -99 -99 -99 -99 -99 -99 -99
-99 -99 2.15721857835481 -99 -99 -99 -99 -99 -99 -99 -99 1.53100291178638 -99 -99 -99
-99 -99 -99 -99 -99 -99 -99 -99 -99 -99 -0.174060248365261 -99 -99 -99 -99
-99 -99 0.79813739192245 -99 -0.935686331419568 -99 -99 -99 -99 -99 2.37307924753482 -99 -99 -99 -99
-99 -99 1.77041903769521 -99 -99 -99 -99 -99 -99 -99 -99 -99 -99 -99 -99
4.67782721516081 -99 -99 -99 -99 -99 -99 -99 -99 -99 -99 -99 -99 -99 -99
-99 -99 0.0539744534027539 -99 -99 2.19516493987042 -99 -99 -99 -99 -99 -99 -99 -99 -99
0.788956216079576 -99 -99 -99 -1.61024131217363 -99 -99 -99 -0.798567101256139 -2.14299484792582 -99 -99 -99 -99 -99
-99 -99 -99 -99 -99 -99 -99 -99 -99 -99 -99 -99 -99 -99 -99
-99 -99 0.952616495892298 -99 -99 -99 -99 -0.982364827050581 -99 -99 -99 -0.339687642557579 -99 -99 -99
-99 -99 -99 -99 -99 -99 0.664073749061689 -99 -99 -99 2.86692628776917 -99 -99 -99 2.34206669761679
-99 -99 -99 -99 1.48495179547787 -99 -99 -99 -99 -99 -99 -99 0.919683788709827 -99 -99
-99 -99 0.0286665185983028 -99 -99 -99 -99 -99 -99 -99 -0.670140464089566 -99 2.84616328860635 -99 -99
-99 -99 -99 -99 -99 -99 -99 -99 -99 -99 -99 -99 -99 -99 -1.37161103547177
-99 -99 -99 -99 -99 -99 -99 -99 -99 -99 -99 -99 -99 -99 -99
-99 -99 -99 -99 -99 -99 -99 -99 -99 -99 -99 -99 -99 1.4803118554227 -99
-99 -99 -99 -99 -99 -99 -99 -99 -99 -99 -99 -99 -99 -99 -99
-99 -99 -99 -99 -99 -99 -99 -99 -99 -99 -0.462538662695824 -0.00681950843167933 -99 -99 -99
-99 -99 3.71519610363203 -99 -99 -99 -99 -99 4.24070427065556 -99 -99 -99 -99 -99 -99
-99 -99 -99 -1.30434752112379 -99 -99 -99 -99 -99 -99 -99 -99 -99 -2.1314567401712 -99
-99 -99 -99 -99 -99 -99 -99 -99 1.04482151937373 1.29930025651106 -99 -99 -99 -99 -99
-99 -99 -99 -99 -99 -99 -99 -99 2.67083183321166 1.05915902417141 -99 -99 -99 -99 -99
-99 -99 -99 -99 -99 -99 -99 -99 -99 0.979126227906478 -99 1.08481530693242 -99 -99 -99
-99 -99 -99 0.570114028233625 -99 -99 -99 -99 -99 -99 -99 -99 -99 -99 -99
-99 -99 -99 -99 -99 -99 2.78923968914957 -99 -99 -99 -99 0.943378086466588 -99 -99 -99
-99 -99 -99 -99 -99 -99 -99 -99 -99 -99 -99 -99 -99 -99 -99
-99 -99 -99 -99 0.866338491403378 -99 -99 -99 -99 -99 -99 -99 1.87447573766281 -99 -99
-99 2.48785177381937 -99 -99 -99 -99 -99 -99 -99 -99 -99 2.76149946296365 -99 -99 -99
1.37457379775785 -99 -99 -99 -99 -99 -99 -99 -99 -99 -99 1.33853527023078 2.27945467696314 -99 -99
-99 -99 -99 -99 -99 -99 -99 -99 -99 -0.539173972264047 -99 -99 -99 -99 2.10641136951825
-99 -99 -99 -99 -99 -99 -99 -99 -99 -99 2.82184220406435 -99 -99 -99 -99
-99 0.262350613220432 -99 -99 -99 -99 -99 -99 -99 -99 -99 -99 -99 -99 -99
-99 -99 -99 1.40393751685966 -99 -99 -99 -99 -99 -99 -99 -99 -99 -99 -99
-99 -99 -99 -99 -99 -99 -99 -99 -99 -99 -99 -99 -99 -99 3.70079035701709
-99 -99 -99 -99 -99 -99 -99 -99 -99 -99 -99 -99 -99 2.68732093090089 -99
-99 -99 -99 -99 -99 -99 -99 -99 -99 -99 -99 -99 -99 -99 -99
-99 -0.449169862619252 3.76222751676619 -99 -99 -99 1.41145942487508 1.67477121702725 -99 -99 -99 -99 -99 -99 -99
-99 -99 -99 -99 -99 -99 -99 -99 -99 -99 -99 -99 -99 -99 -99
-99 -99 -99 -99 2.49344703630747 -99 -99 -99 -99 2.12255400901717 -99 -99 -99 -99 -99
-1.93324265269605 -99 -99 -1.22174435004814 -99 -99 -99 -99 -99 -99 -99 -99 -99 -99 -99
-99 -99 -99 -99 -99 -99 -99 -99 -99 -99 -99 1.67549479186939 -99 -99 -99
-99 -99 -99 -99 -99 -99 -99 -99 -99 -99 -99 -99 -99 -99 -99
-99 -99 -99 -99 -99 -99 -99 -99 -99 -99 -99 -99 -99 -99 -99
-99 -99 -99 -99 -99 -99 -99 -99 -99 -99 -99 -99 -99 -99 -99
-99 -99 0.17927397263506 -99 -99 -99 -99 -99 1.06093798203125 -99 -99 -99 -99 -99 -99
-99 -99 -99 -99 -99 -99 -99 -99 -99 -99 1.39822460137629 -99 -99 -99 -99
-99 -99 -99 -99 -99 2.65569301469883 -99 -99 -99 -99 -99 -99 -99 1.07175805088506 -99
-99 1.02508428369517 -99 -99 -99 -99 -99 1.89184615500628 -99 2.40919868180242 -99 -99 -99 -99 -99
-99 -99 -99 -99 -99 -99 -99 -99 -99 -99 -99 -99 -99 -99 -99
-99 -0.135989299056356 -99 -99 -99 -99 -99 -1.40258715090329 -99 -99 -99 -99 -99 -99 -99
-99 -99 -99 -99 -99 1.03227848174764 -99 -99 -99 -99 -99 -99 -99 -99 -99
-99 -99 -99 -99 -99 -99 -99 -99 -99 -99 -99 -99 -99 -99 -99
-99 -99 -99 -99 -99 -99 -99 -99 -99 -99 -99 -99 -99 -99 -3.55220122656177
-99 -99 -99 -99 -99 -99 -99 -99 -99 -99 -99 -99 -99 -99 -99
-99 -99 -99 -99 -99 -99 1.81832014936989 -99 -99 2.47922919110485 -99 -99 -99 -99 -99
-99 -99 -99 -99 -99 -99 -99 -99 -99 -99 -0.731836761323305 -99 -99 -99 -99
-99 -99 -99 -99 -99 -99 -99 -99 -99 -99 -99 -99 -99 -99 -99
-99 -99 -99 -99 -99 -99 -99 -99 -99 -99 -99 -99 -99 -99 -99
-99 3.0215229289668 -99 -99 -99 -99 -99 3.29082628259956 -99 2.37937810021527 -99 -99 -99 -99 -99
-99 -99 4.40501294494157 -99 -99 -99 -99 -99 -99 -99 -99 -99 -99 -99 -99
-99 -99 -99 -99 -99 -99 -99 -99 -99 -99 -99 -99 -99 -99 -99
-99 -99 -99 -99 -99 -99 -99 -99 -99 -99 -99 -99 -99 -99 -99
-99 -99 -99 -99 -1.21417859366883 -99 -99 -99 -99 -99 -99 0.852804051943172 -99 -99 -99
-99 -99 -99 -99 -99 1.27937513745894 -0.319943893669607 -99 -99 2.6781493636059 1.65246698770732 -99 -99 -99 -99
-99 -99 -99 -99 -99 -99 -99 -99 0.628305411583815 -99 -99 -99 -99 -99 -99
-99 -99 -99 -99 -99 -99 -99 -99 -99 -99 -99 -99 -99 -99 -99
-99 -99 -99 -99 -99 -99 -99 -99 -99 -99 2.06289447467884 -99 -0.557315467278326 -99 -99
-99 -99 -99 -99 2.01805787057145 -99 -99 -99 -99 -99 -99 -99 -99 -99 2.5599018480984
-99 -99 -99 -99 -99 -99 -99 -99 -99 -99 -99 -99 -99 -99 -99
-99 -99 -99 -99 -99 -99 -99 -99 -99 -99 -99 -99 -99 -99 -99
-99 -1.21565769989532 -99 -99 -99 -99 -99 -99 -99 -99 -99 -99 -99 -99 -99
-99 -99 -99 -99 -99 -99 -99 -99 -99 -99 -99 -99 -99 -99 -99
-99 -99 -99 -99 3.37145652025426 -99 -99 2.79971329064512 -99 2.10261491265004 -99 -99 -99 -99 -99
-99 -99 -99 -99 -99 -99 -99 -99 -99 -99 -99 -99 2.54941717090894 -99 -99
-99 -99 -99 -99 -99 0.608768189992237 0.174147088940002 -99 -99 -99 -99 -99 -99 -99 -99
-99 -99 -99 -99 -99 -99 -99 -99 -99 -0.330894767053221 -99 -99 -99 -99 -99
-99 -99 -99 -99 -99 -99 -99 -99 -99 -99 -99 -99 -99 -99 -99
-99 -99 -99 -99 -99 -99 -99 -99 -99 -99 -99 -99 3.56887290603861 -99 -99
-99 -99 -99 -99 -99 2.55681138672534 -99 -99 -99 2.4382134879539 -99 -99 -99 1.77333252514973 -99
-99 -99 -99 -99 -99 -99 -99 2.49468820959697 -99 1.44878419837739 -99 -99 -99 -0.0139714369167254 -99
-99 -99 -99 -99 -99 -99 -99 -99 -99 -99 -99 -99 -99 -99 -99
-99 -99 -99 -99 -99 -99 -99 -0.0506313800470113 -99 -99 -99 -99 -99 -99 -99
-99 -2.20813568348083 -99 -99 -99 -99 -99 -99 -99 -99 -99 -99 -99 -99 -99
-99 -99 -99 2.23498886866393 -99 -99 0.190582583567886 -99 -99 1.87915660417156 -99 -99 -99 -99 -99
-99 -99 -99 -99 -99 -99 1.28401992450063 -99 -99 -99 -99 -99 -99 -99 -99
-99 -99 -99 -99 -99 -99 -99 -99 -99 -99 -99 -99 -99 -99 1.85834640932198
-99 -99 -99 -99 -99 -99 3.33744739602093 -99 -99 1.22570358591527 -99 -99 -99 -99 -99
-99 -99 -99 0.15758163743436 -99 -99 -99 -99 -99 -99 -99 -0.641460624772095 -99 -99 -99
-99 -99 -99 -99 -99 -99 -99 0.902615949122716 -99 -99 -99 -99 -99 2.99331924871318 -99
-0.431463722048701 -0.515188227350388 -99 -99 -99 -99 -99 -0.51914201355422 -99 -99 -0.402606664213084 -99 -99 -99 1.24510646523976
-99 -99 -99 -99 -99 -99 -99 -99 -99 -99 -99 -99 -99 -99 -99
-99 -99 1.67841862820206 -99 -99 -99 -99 -99 -99 -99 -99 -99 -99 -99 -99
-99 -99 -99 -99 -99 -99 -99 -99 -99 -99 -0.524060109081925 -99 -99 -99 -99
-99 -99 -99 -99 0.823501972791418 -99 -99 -99 -99 -99 -99 -99 -99 -99 -99
-99 -0.0464521561718856 -99 -99 -99 -99 -99 -99 -99 -99 -99 -99 2.15678367689815 -99 -99
-99 -99 -99 -99 -99 -99 -99 -99 -99 -99 -99 1.75106030928 -99 -99 -99
-99 -99 -99 -99 -99 -99 -99 -99 1.82866202889478 -99 -99 -99 -99 -99 -99
-99 -99 -99 -99 -99 -99 -99 -99 3.27024857360363 2.19721397499795 -99 2.94296653128501 -99 -99 -99
-99 -99 -0.21216260829118 -99 -99 -99 -99 -99 -99 -99 -99 -99 -99 -99 -99
1.06492262320218 -99 -99 -99 -99 -99 -99 -99 -99 -99 -99 -99 -99 -99 -99
-99 -99 -99 -99 -99 -99 -99 -99 -99 -99 -99 -99 -99 -99 -99
-99 1.96007813838146 -99 -99 -99 -99 -99 -99 -99 -99 -99 -99 -99 -99 -99
-99 -99 -99 -99 -99 -99 -99 -99 -99 -99 -99 -1.84352711322529 -99 -99 -99
-99 -99 -99 -99 -99 -99 -99 -99 -99 -99 -99 -99 -99 -99 -99
-99 -99 -99 -99 -99 -99 -99 -99 -99 1.23280416674278 -99 -99 -99 1.28200409132365 -99
-99 -99 -99 -99 -99 -99 -99 -99 -99 0.840599313911317 -99 -99 -99 -99 -99
2.35815960063976 0.43416989463081 -99 -99 -99 -1.1148146044165 -99 -99 -99 -99 -99 -0.541736638301484 -99 -99 -99
-99 -99 -99 -99 -99 1.92244116793976 -99 -99 -99 -99 -99 0.516390888968117 -99 -99 -99
-99 -99 -99 -99 -99 -99 -99 -99 -99 -99 2.26656180134133 -99 -99 -99 -99
-99 -99 -99 3.02869757836279 -99 -99 -99 -99 -1.06803766605504 -99 -99 -99 1.24912092102939 -99 -99
-99 0.431002927455325 -99 -99 -99 -99 -99 -99 -99 -99 -99 -99 -99 -99 -99
-99 -99 -99 -99 -99 -99 -99 -99 -99 -99 -99 -99 -99 -99 -99
-99 -99 -99 -99 -99 -99 1.08659791275524 -99 -99 -99 -99 -99 -99 -99 3.41742162351109
-99 -99 -99 -99 -99 -99 -99 6.12164635528252 -99 -99 -99 -99 -99 -99 -99
-99 -99 -99 -99 -99 -99 -99 -99 -99 -99 -99 -0.774933467116453 -99 0.764788896571341 -99
-99 -99 -99 -99 -99 -99 -99 -99 -99 -99 -99 1.25377566885825 -99 -99 -99
-99 -99 -99 -99 -99 -99 -99 -99 -99 -99 -99 -99 -99 -99 -99
-99 1.94352990486761 -99 -99 -99 -99 -99 -99 -99 -99 -99 2.18899957177372 -99 -99 -99
-99 0.85228022100929 -99 -99 -99 1.46401948658487 -99 -99 -99 -99 -99 -99 1.5994855188623 -99 1.04317486239543
-99 -99 -99 -99 -99 -99 0.497799022496517 0.519682178575607 -99 -99 -99 -99 -99 -99 -99
-99 -99 -99 -99 -99 -99 -99 -99 -99 2.88526729691688 -99 -99 -99 -99 -99
-99 -99 -99 -99 -99 -99 -99 -99 -99 -99 0.897623458655242 -99 -99 -99 -99
-99 -99 -99 -99 -99 -99 -99 -99 -99 -99 0.556657705944724 -99 -99 -99 -99
-99 -99 -99 -99 -99 -99 -99 -99 -99 -99 -99 -99 -99 -99 -99
-99 -99 -99 -99 -99 -99 -99 -99 -99 -99 -99 -99 -99 -99 -99
-99 -99 -99 2.68975405032919 -99 -99 -99 -99 -99 -99 -99 1.81994098118588 -99 -99 -99
-99 -99 -99 -99 -99 -99 -99 -99 -99 -99 -99 1.24927781668523 -99 -99 -99
-99 -99 -99 -99 -99 -99 -99 -99 -99 -99 -99 -99 -99 -99 -99
-99 -99 -99 -99 -99 -99 -99 -99 -99 -99 -99 -99 -99 -99 -99
-99 -99 -99 0.25355249512274 -99 -99 -99 -99 -99 -99 -99 -99 -99 -99 -99
-99 -99 -99 -99 -99 -99 -99 -99 -99 -99 -99 -99 -99 -99 -99
-99 -99 -99 -0.0811231998418518 -99 -99 -99 -99 -99 2.24666835508844 -99 -99 -99 -99 0.18744793459126
-99 -99 -99 -99 -99 -99 0.2566559144599 -99 -99 -99 -99 -99 -2.15431276391631 -99 -99
-99 -99 -0.583570551029831 -1.43726084561649 -99 -99 -99 -99 -99 -99 -99 -99 -99 -99 -99
-99 -99 -99 -0.232888768982848 -99 -99 -99 -99 -99 -99 -99 -0.118208368226849 -99 -99 -99
-99 -99 -99 -99 -99 -99 -99 -1.51577954444046 -99 -99 -99 -99 -99 -99 -99
-99 -99 -99 -99 -99 0.0264902021235155 -1.01139991155264 -99 -99 -99 -99 -99 -99 -99 -99
-99 -99 -99 -99 -99 -99 0.400624930487175 -99 -99 -99 -99 -99 -99 -99 -99
-99 -99 -99 -99 -99 -99 -99 -99 -99 -99 -99 -99 -99 -99 -99
-99 -99 -99 -99 -99 -99 -99 -99 -99 -99 -99 -99 -99 -99 -99
-99 -99 -99 -99 2.76936384857746 -99 -99 -99 -99 -99 -99 -99 -99 -99 -99
-99 -99 -99 -99 -99 -99 -0.801807338077492 2.57719678088746 -0.756886439987888 -99 -99 -99 -99 -99 -99
-99 -99 -99 3.02703045001209 -99 -99 -99 -99 -99 -99 -99 -99 -99 -99 1.24717125893419
-99 -99 -99 -99 -99 -99 -99 -99 -99 -99 -1.09342611739328 -99 -99 -99 -99
-99 -99 -99 -99 -99 -99 -99 -99 -99 -99 -99 -99 -99 -99 -99
-99 -99 -99 -99 -99 -99 -99 -99 -99 -99 -99 -99 -99 -99 -99
-99 2.10798702370964 -99 -99 -99 -99 -99 -99 -99 -99 -99 -99 -99 -99 -99
-99 -99 -99 -99 -99 -99 -99 -99 -99 -99 -99 -99 1.18122392956299 -99 -99
-99 -99 -99 -99 -99 -99 -99 1.58701558203991 -99 -99 -99 1.36995354920606 -99 -99 -99
-99 -99 -99 0.841263691289891 -99 -99 -99 2.34309236358332 -99 -1.41367447566335 -99 -99 -99 -99 -99
-99 -99 -99 -1.39894070082936 -99 -99 -99 -99 -99 -99 1.86709176246253 -99 -99 -99 -99
-99 -99 -99 -99 -99 -99 -99 -99 -99 -99 -99 -99 -99 -99 0.729353780349286
0.254857624842504 -99 -99 -99 -99 -99 -99 -0.696039438614189 -99 -99 -99 -99 -99 -99 -99
-99 -99 -99 -99 -99 -99 -99 -99 -99 -99 -99 -99 -99 -99 -99
-99 -99 0.0433001125676034 -99 -99 -99 -99 -99 -99 0.771787658828102 -99 -99 -99 -99 -99
-99 -99 -99 -99 -99 -99 -99 -99 -99 -99 -99 -99 -99 2.16900559496368 -99
-99 -99 5.04078044468616 -99 -99 -99 -99 -99 -99 -99 -99 4.10230450223477 -99 -99 -99
-99 -99 -99 -99 -99 -2.82972481773238 -99 -99 -99 -99 -99 -99 -99 -99 -99
-99 -99 -99 -99 -99 -99 -99 -99 -99 1.31094259166652 -99 -99 -99 -99 -99
-99 -99 -99 -99 -99 -99 -99 -1.43855880116258 -3.32783248817617 -99 -99 -99 -99 -99 -99
-99 -99 -99 -99 -99 -99 0.707869634310872 -99 0.17518626285053 -99 -99 -99 -99 -99 -99
-99 -99 -99 -99 -99 -1.57165637438291 -99 -99 -99 -99 0.447496588378989 -99 0.774767556911436 -99 -99
-99 -99 -99 1.91837165945795 -99 2.14622920178049 -99 -99 -99 -99 3.096810986018 -99 -99 -99 -99
-99 -99 -99 -99 0.709742993446237 -99 -99 -99 -99 -2.03370653448177 -99 -1.38915095807666 -99 -99 -99
-99 -99 -99 -99 -1.90475053972653 -99 -99 -99 -99 -99 -99 -99 -99 -99 -1.15203183266371
0.993336191929962 -99 0.327857182755631 -99 -99 -99 -99 1.49333473952336 -99 -99 -99 -99 -99 1.29363091954441 -99
-0.237380007541183 -99 -99 -99 -99 -99 -99 -99 -99 -99 -99 -99 -99 -99 -99
-99 -99 -99 -99 1.98809644420131 -99 -99 -99 0.295648264376466 -99 -99 -99 -99 -99 -99
-99 -99 -99 -99 -99 -99 2.65659411958611 2.10788830993891 -99 -99 1.98340431553841 -99 -99 -99 -99
-99 -99 -99 -99 -99 -99 -99 -99 -99 0.489134500621151 -99 -99 -99 -99 -99
-99 -99 -0.129353339709074 -99 -99 0.817306701175502 -99 -99 -99 -99 -99 -99 -99 -99 -99
-99 -99 -99 1.31169816786124 -99 2.12050009244242 -99 -99 -99 -99 -99 -99 -99 -99 -99
-99 -99 -99 -99 -99 -99 -99 -99 -99 -99 -1.84755636460431 -99 1.45424931919555 -99 -99
-99 -99 -99 -99 -99 -99 -99 -99 -99 1.47241700256476 -99 -99 -99 -99 -99
-99 -99 -99 -99 -99 -99 -99 -99 -99 -99 -99 -99 -99 -99 -99
-99 -99 -99 -99 0.579422728990855 -99 -99 -99 -99 -99 -99 -99 -99 -99 1.56381499774933
-99 -99 -99 -99 -99 -99 0.364216034677665 -99 -99 -99 -99 0.507606357088413 -99 -99 -99
-99 -99 -99 -99 -99 -99 -99 -99 0.722238854400606 -99 -99 -99 -99 -99 -99
-99 -99 -99 -99 3.03228566716568 -99 -99 -99 -99 -99 -99 -99 -99 -99 2.90592025276965
-99 -99 -99 -99 -99 -99 -99 -99 -99 -99 -99 2.29150416041912 -99 0.978939107605867 -99
-99 -99 -99 -99 -99 -99 -99 -99 -99 -99 -99 1.29547357863074 -99 -0.443587918877464 -99
-99 -99 -99 -99 -99 -99 -99 -99 -99 -99 -99 -99 -99 -99 -99
-99 -99 -99 -99 -99 -99 -99 -99 -99 -0.522207006258902 -99 -99 -99 -99 -99
-99 -99 -99 -99 -99 -99 -99 -99 -99 -99 -99 -99 -99 -99 -99
-99 -99 -99 -99 -99 -99 -99 -99 -99 -99 -99 -99 -99 -99 -99
-99 -99 -99 -99 -99 -99 -99 -99 -99 -99 -99 -99 -99 -99 2.29141432741816
-99 -99 -99 -99 -99 -99 -99 0.325679313112303 -99 -99 -99 -99 -99 -99 -99
-99 -99 -99 -99 -99 0.414809489574863 -99 -99 -99 -99 -99 -99 -99 -0.163926302896571 -99
-99 -99 1.07250132939646 -99 3.41677920584819 2.94617448089628 2.67734375863 -99 -99 -99 -99 -99 -99 -99 -99
-99 -99 -99 -99 -99 1.25896340099705 -99 -0.219800386882639 0.813708293207774 -99 -99 -99 -99 -99 -99
-99 -99 -99 1.54214658048425 -99 1.18096102755315 -99 -99 -99 -99 -99 -99 -99 -99 -99
-99 -99 -99 -99 -99 -99 -99 -99 0.716563285960496 -99 -99 -99 0.190216880912517 -99 -99
-99 0.423687031807039 -99 -99 -99 -99 -99 -99 -99 -99 -99 -99 -99 1.58226202507151 -99
-99 3.78093094839411 -99 0.616701322297142 -99 -99 -99 -99 -99 -99 -99 -99 -99 -99 1.97078910673557
-99 -99 -99 -99 -99 -99 0.85140945420123 -99 -99 -99 -99 -99 -99 -99 2.26233135471237
-99 -99 -99 -99 -99 -99 -99 -99 -99 -99 -99 -99 -99 -99 -99
-99 -99 -99 -99 -99 -99 -99 -99 -99 -99 -99 -99 -99 2.7471032618491 -99
-99 -0.0172697638108137 -0.649890630657429 -99 -99 -0.284226022839733 -99 -99 -99 -99 -99 -99 0.0861666948640946 -99 -99
-99 3.11020848889584 -99 -99 -99 -99 -99 2.42528413388271 3.01161868514885 -99 -99 -99 -99 -99 -99
-99 -99 -99 -99 -99 -99 -99 -99 0.524865002822373 -99 -99 -99 -99 -99 -99
-99 -99 3.78008159597344 -99 -99 -99 -99 2.11306543483137 -99 -99 0.933391496340778 -99 -99 1.89892059558455 -99
-99 -99 -99 -99 -99 -99 -99 -99 -99 -99 -99 -99 -99 -99 -99
-99 -99 -99 -99 -99 -99 -99 -99 -99 -99 -99 -99 -99 -99 -99
-99 -99 -99 -99 -99 -99 -99 0.92180346049454 -99 -99 -99 -99 -99 -99 -99
-99 -99 -99 -99 -99 -99 -99 -99 -99 -99 -99 -99 -99 -99 -99
-99 -0.937786853599778 -99 -99 -99 -99 -99 -99 -99 -99 -99 -99 -99 -0.116128104416062 -99
2.88178870639654 -99 -99 -99 2.4647663133016 -99 -99 -99 -99 -99 -99 -99 -99 -99 -99
2.31563164163945 -99 -99 -99 -99 -99 1.10763600590591 -99 1.42259739807098 -99 -99 2.13781021968381 -99 -99 -99
-99 -99 -99 -99 -99 -99 -99 -99 -99 -99 0.635043001645373 -99 -99 -99 -99
-99 -99 -99 -99 -99 -99 -99 0.937277038530738 -99 -99 -99 1.03562755147131 -99 -99 0.902845476715634
-99 -99 -99 -99 -99 -99 -99 -99 -99 -99 -99 -99 -99 -99 -99
-99 -99 -99 -99 -99 -99 -0.581049832439094 -99 -99 -99 -99 -99 -99 -0.43564256933666 -99
-99 -99 -99 -99 -99 -99 -99 -99 -99 -99 -99 -99 -99 -99 -99
-99 -99 -99 -99 -99 -99 -99 -99 -99 -99 -99 -99 -99 -99 -99
2.78256188991629 -99 -99 1.6937132414891 -99 -99 -99 -99 -99 -99 -99 -99 -99 -99 -99
-99 -99 -99 -99 -99 -99 -99 -99 -99 -99 -99 -99 -99 -99 -99
1.5699749885681 -99 -99 -99 -99 -99 -99 -99 -99 -99 4.49900824475977 -99 -99 -99 -99
-99 -99 -99 -99 -99 -99 -99 -99 -99 -99 -99 -99 -99 -99 -99
-99 -99 -99 -99 -99 -99 -99 0.114849975468498 -99 -99 -99 -99 -99 -99 0.113182194868221
-99 -99 1.91116265972803 -99 -99 -99 1.36762417856323 -99 -99 -99 -99 -99 -99 -99 1.79756843095369
-99 -99 -99 -99 -99 -99 -99 -99 -99 -99 -99 -99 -99 -99 0.405349074553964
-99 -99 -99 -99 -99 -99 -99 -99 -99 -99 -99 -99 -99 -99 -99
-99 -99 -99 -99 -99 -99 -99 -99 -99 -99 -99 -99 -99 -99 -0.452036346986017
-99 -99 -99 -99 -99 -99 -0.167417107457648 -99 -99 -99 -99 -99 -99 -99 -99
-99 -99 -99 -99 -99 -99 -99 -99 -99 -99 -99 -99 -99 -3.01533942524859 -99
-99 -99 -99 -99 1.01407676424278 -99 -99 -99 -99 -0.324335533967612 -99 -99 -99 -99 -99
-99 -99 -99 -99 -0.0878918571857681 -99 -99 -99 -99 -99 -99 -99 -99 -99 -99
-99 -99 -99 -99 -99 -99 -99 -99 -99 -99 -99 1.87197036751292 -99 -99 1.95401098516463
-99 -99 -99 -99 -99 -99 -99 -99 -99 -99 -99 -99 -99 -99 -99
-99 -99 0.538023597526821 0.804994641738353 -99 -99 -99 -99 -99 -99 -99 -99 -99 -99 -99
-99 -99 -99 -99 -99 -99 3.08862222297383 -99 -99 -99 -99 -99 -99 -99 -99
-99 -99 -99 -0.573025313136914 -99 -99 -99 -99 -99 -99 1.13160555068561 -99 -0.0697265441398369 0.804539814050938 -99
-99 -99 -99 -99 -99 -99 -99 -99 -99 -99 -99 -99 -99 -99 -99
-99 -99 -99 -99 -99 -99 1.13128979047852 -99 -99 -99 -99 -99 -99 -99 -99
-99 -99 -99 -99 -99 -99 -99 -99 -99 -99 -99 -99 -99 -99 -99
-99 -99 -99 -99 -99 -99 -99 -99 -99 -99 -99 -99 -99 2.55571162852339 -99
-99 -99 -99 -99 -99 -99 -99 -99 -99 -99 1.11652865896771 -99 0.554482540151822 -99 -99
-99 1.45574863503533 2.52467185457977 -99 -99 3.71633361153583 -99 -99 -99 2.45488463205215 -99 -99 -99 -99 -99
-99 -99 -99 -99 -99 -99 -0.637759739215163 -0.0350542022476235 0.155006509985285 -99 -99 -99 -99 -99 -99
-99 -99 -99 -99 -99 -1.79645994394354 -99 -99 -99 -99 -99 -99 -99 -99 -99
-99 -99 -99 -0.888249302199519 -99 -99 -99 -99 -99 -99 -99 -99 -99 -99 -99
-99 -99 -99 -99 -99 2.67105312484579 -99 -99 -99 -99 -99 -99 -99 -99 -99
-99 -99 -99 -99 -99 -99 -99 -99 -99 -99 -99 -99 -99 -99 -0.686725699686371
-99 2.41738766600796 -99 -99 -99 -99 -99 -99 -99 -99 -99 -99 -99 -99 -99
-99 -99 -99 -99 -99 -0.675677966851003 -99 -99 -0.778569762209123 -99 -99 -99 -99 -99 -99
-99 -99 -99 -99 -99 -99 -99 -99 -99 -99 -99 -99 -99 -99 2.37614959005374
-99 -99 -99 -99 -99 -99 -99 -99 -99 -99 -99 -99 -99 -99 -99
-99 -99 -0.753707965472959 -99 -99 -99 -99 -99 -99 -99 -99 -99 -0.799852529326017 -99 -99
-99 -99 -99 -99 -99 -99 -99 -99 -99 -99 -99 0.144882135794547 0.972021889496133 -99 -99
-99 -99 -99 -99 -99 0.632594917386239 -99 -99 -99 -99 -99 -99 -99 -99 -99
-99 -99 -99 -99 -99 -0.044759607649985 -99 -99 -99 -99 -99 -99 -99 -99 -99
-99 -99 -99 -99 -99 -99 -99 -99 -99 -99 -99 -99 -99 -99 -99
-99 -99 -99 -99 -99 -99 -99 -99 -99 -99 -99 0.120866341051874 -99 -99 -2.03669319420105
-99 -99 -99 -99 -99 -99 -99 -99 -99 -99 -99 -99 -99 -99 -99
-99 1.76759416596878 -99 -99 -99 -99 -99 -99 -99 -99 -99 -99 -99 -99 -99
-99 3.11746098968203 -99 -99 3.55080135561417 -99 -99 5.10417608388181 -99 -99 -99 2.32617878107245 -99 -99 -99
-99 -99 0.494475169108587 -99 -99 -99 -99 -99 -99 -99 -99 -99 -99 -99 -99
-99 -99 -99 -99 -99 -99 -99 -99 -99 -99 0.968407083192814 -99 -99 0.895492609241371 -99
-99 -99 -99 -99 -0.478707826452571 -99 -99 -0.706985668112048 -99 -99 -99 -99 -99 -99 -99
-99 -99 -99 -99 -99 -99 -99 -99 -99 -99 -99 -99 -99 -99 -99
-99 -99 -99 -99 -99 -99 -99 -99 -99 -99 -99 -99 -99 -99 -99
-99 -99 -99 -99 -99 -99 -99 -99 -99 -99 0.673028710302916 -99 -99 -99 -99
-99 -99 -99 -99 -99 -99 -99 -99 -99 -99 1.11904049637727 -99 -99 -99 0.507188597596569
-99 -99 -99 -99 -99 -99 -99 -99 -99 -99 -99 4.67630435836153 -99 -99 -99
-99 -99 -99 1.85427426532437 -99 -99 -99 -99 -99 -99 -99 -99 -99 -99 -99
-99 -99 -99 -0.228521758340815 -99 -99 -99 -99 -99 -99 -0.217906895794251 -99 -99 -99 -99
-99 -99 -99 -99 -99 -99 -99 -99 -99 -99 -99 -99 -99 -99 -99
-99 -99 -99 -99 -99 -99 -99 -99 -99 -99 -99 -99 -99 -99 -1.00395286954877
-99 -99 -99 -99 -99 -99 -99 -99 -99 -99 3.1186857026596 -99 -99 -99 -99
-99 -99 -99 -99 -99 -99 -99 -99 -99 -99 -99 -99 -99 -99 -99
-99 -99 -99 -99 -99 -99 -99 1.46996410654203 0.811372059986589 1.78916843504676 -99 0.238704475638021 -99 -99 -99
-99 -99 -99 -99 1.32278244763443 -99 -99 -99 -99 -99 -99 -99 -99 -99 -99
-99 -99 -99 -99 -99 -99 -99 2.03119409490299 -99 -99 1.78969771381777 -99 3.1523288167908 -99 2.42568930359865
-99 -99 -99 -99 -99 -99 -99 -99 -99 -99 -99 -99 0.972725586558909 -99 -99
-99 -99 -99 -99 -99 -99 -99 -99 -99 -99 -99 -99 -99 -99 -99
-99 -99 -99 -99 -99 -99 -99 -99 -99 -99 -99 -99 -99 -99 -99
-99 -99 -99 -99 -99 -99 -99 -99 -99 -99 2.24147382083714 -99 -99 -99 0.747286244332241
-99 -99 -99 -0.333110552985349 -99 -99 -99 -99 -99 -99 -99 -99 -99 -99 -99
-99 -99 -99 -99 -99 -99 -99 -99 -99 -99 -99 -99 -99 -99 -99
-99 -99 -99 -99 -99 -99 -0.737399856077987 -99 -99 -99 -99 -99 -99 -99 -99
-99 -99 -99 -99 -99 -99 -99 -99 -99 -99 -99 -99 -99 -99 -99
-99 -99 -99 0.320246224283515 -99 -99 -99 -99 -99 -99 -99 -99 -99 -99 -99
-99 -99 -99 -99 -99 -99 -99 -99 -99 -99 -99 -99 -99 -99 -99
-99 -99 -99 -99 -99 -99 -99 -99 -99 -99 -0.367868231653817 -99 -99 -99 -99
-99 -99 -99 -99 -99 3.13905811503083 -99 -99 -99 -99 -99 -99 -99 -99 -99
-99 -99 -99 -99 -99 -99 1.00585309017217 -99 -99 -0.964937657893761 -99 0.0899528517708996 -99 -99 -99
-99 -99 -99 -99 0.77532884801213 -99 -99 -99 -99 -99 -99 -99 -99 -99 -99
-99 -99 -99 -99 -99 -99 -99 -99 -99 -99 -99 -99 2.6289246687705 -99 3.66626827556142
-99 -99 -99 -99 -99 -99 -99 -99 -99 -99 -99 1.89447257512007 -99 -99 0.834032567897069
-99 -99 -99 -99 -99 -99 -99 -99 -99 -99 -99 -0.392320321779729 -99 -99 -99
-99 -99 -99 1.19001447439473 -99 -99 -99 1.57160507645603 -99 -99 -99 -99 -99 0.557570307830775 -99
-99 -99 -99 -99 -99 -99 -99 2.38444783745098 -99 -99 -99 -99 -99 -99 -99
-99 0.261096898012513 -99 -99 -99 -99 -99 -99 -99 -99 -99 -99 -99 0.583869556841802 -99
-99 1.29205074530465 -99 -99 -99 2.73090310737923 -99 -99 -99 -99 -99 -99 -99 -99 -99
-99 2.36429132471353 -99 -99 -99 -99 -99 -99 -99 1.42272171843807 1.9688653039168 -99 -99 -99 3.05030265940652
0.223435618295237 -99 -99 -99 -99 -99 -99 -99 3.2240616598655 -99 -99 2.06938180509974 -99 -99 -99
-99 -99 -99 -99 -99 -99 -99 -99 -99 -99 -99 -99 -99 -99 -99
-99 -99 -99 -99 -1.66013225462377 -99 -99 -99 -99 -99 -99 -99 -99 -99 0.0328077041199709
-99 -99 -99 -99 -99 -99 -99 -99 -99 0.917539743984262 -99 -99 -99 -99 -99
-99 -99 -99 -99 -99 -99 -99 -99 -99 -99 1.8479915609292 -99 -99 -99 -99
-99 -99 -99 -99 -99 -99 -99 -99 -99 3.4376768963895 -99 -99 -99 1.94150503448929 -99
-99 -99 0.853210223898478 -99 -99 -99 -99 -99 -99 -99 -99 -99 -99 -99 1.96260469091951
-99 1.27435508413318 -99 -99 -99 -99 -99 -99 -99 -99 -99 -99 -99 1.63143148328233 -99
1.03140428265783 -99 -99 -99 -99 -99 -99 -99 0.374639515380224 -99 -99 -99 -99 -99 -99
-99 0.754807968209716 -99 -99 -99 -99 -99 -99 -99 -99 -99 -99 -99 -99 -99
-99 -99 -99 -99 -99 -99 -99 -99 -99 -99 -99 -99 -1.16948016968844 0.660784865779585 -99
-99 -99 -99 -99 -99 -99 -99 -99 -99 -99 -99 0.416195922558475 -99 -99 -99
-99 -99 -99 -99 -99 -99 -99 -99 -99 -99 -0.997020328009949 -99 -99 -99 -99
-99 -99 -99 0.363178220192438 -99 0.781640207740798 -99 -99 -99 -99 -99 -99 -99 -99 -99
-99 -99 1.67933271891782 -99 -99 -99 -99 -99 -99 -99 -99 -99 -99 -99 -99
-99 -99 -99 -99 -99 -99 -99 -99 0.444047551883258 -99 0.903035774426251 -99 -99 -99 -99
-99 -99 2.58152141087907 -99 -0.201109132593885 -99 -99 -99 -99 -99 -99 -99 -0.966830696508537 -99 -99
-99 -99 -99 2.64604508215801 -99 -99 -99 -99 -99 -99 -99 -99 -99 -99 -99
-99 -99 1.07252668431747 -99 0.706462019485524 -99 3.33341162947278 -99 -99 -99 -99 -99 -99 -99 -99
-99 -99 -99 -99 -99 -99 -99 -99 -99 -99 -99 -99 -99 -99 -99
-99 -99 -99 -99 -99 -99 -99 1.31722835225427 -99 -99 -99 -99 -99 -99 -99
-99 -99 -99 -99 -99 -99 -99 -99 -99 -99 -99 -99 -99 -99 -99
-99 -99 -99 -99 -99 -99 -99 -99 -99 2.58057900833077 -99 -99 -99 1.36273994295533 -99
-99 -99 -99 -99 -99 1.80410180726412 -99 -99 -99 -99 -99 -99 -99 2.0316037100535 -99
1.48712554667662 -99 -99 -99 -99 -99 -99 -99 -99 -99 0.788231948872646 -99 -99 -99 -99
-99 -99 -99 -99 -99 -99 -99 -99 -99 -99 -99 -99 -99 -99 -99
-99 -99 -99 -99 -99 -99 -99 -99 -99 0.283092219541803 -99 -99 -99 -99 -1.12298272474114
-99 -99 -99 -99 -99 -99 -99 -99 1.3592107079269 0.0378727407520949 -99 -99 -99 -99 -99
-99 -99 -99 -99 -99 -99 -99 -99 -99 -99 -99 -99 -99 -99 -99
-99 -0.385555894714595 -99 -99 -99 -99 -99 -99 -99 -99 -99 -99 -99 -99 -99
-99 0.43819136390124 -99 -99 -99 -99 -99 -99 -99 -99 -99 -0.192060533135596 -0.0994703658397196 -99 -99
-99 -99 -99 -99 -99 -99 -99 -99 -99 -99 -99 -99 -99 -99 -99
-99 -0.0664041715056267 -99 -99 -99 -99 0.189768780235708 -99 -99 -99 -99 -99 -99 -99 -99
0.803077499997962 -99 -99 -99 -99 -99 -99 -99 -99 -99 2.57047911179092 -0.171558629582559 -99 -99 -99
-99 -99 -99 -99 -99 -99 -99 -99 -99 -99 -99 -99 -99 -99 -99
-99 -99 -99 -99 -99 -99 -99 -99 -99 -99 -99 1.69812016904476 -99 -99 -99
-99 -99 -99 -99 -99 -99 -99 -99 -99 -99 -99 -99 -99 -99 -99
-99 -99 -99 -99 -99 -1.59299521546123 -99 -99 -99 -99 -99 -99 -99 -99 -99
-99 1.01201071721089 -0.563243913405527 -99 0.382666497228552 -99 -99 0.181819374665558 -99 -99 -99 -99 -99 -99 -99
1.49561358458308 -99 -99 -99 -99 -99 -99 -99 -99 -99 -99 -99 -99 -99 -99
-1.30797135968962 -0.927898214773592 -99 -99 -99 2.44452914573809 -99 -99 -99 -99 -99 -99 -99 -99 -99
-99 -99 -99 -99 -99 -99 -99 -99 -99 -99 -99 -99 -99 2.56567582731019 -99
-99 -99 -99 -99 -99 -99 -99 -99 -99 -99 -99 -99 -99 -0.390991034333188 -99
-99 -99 -99 1.12439489955279 -99 -99 -99 1.30127083716011 -99 -99 -99 -1.44920738988686 -0.382435563375584 -99 -99
-99 -99 -99 -99 -99 -99 -99 -99 -99 -99 -99 -99 -99 1.4973508671422 -99
-99 -99 -99 -99 -99 -99 -99 -99 -99 0.883403265543679 -99 -99 -99 -99 0.0735281299767114
-99 -99 -99 -0.0478198632634526 -99 0.905952618764561 -99 -99 -99 -99 -99 -99 -99 1.01199739866561 -99
-99 -99 -99 -99 -99 -99 -99 -99 -99 -99 -99 -99 -99 -99 -99
-99 -99 -99 -99 -99 -99 -99 -99 -99 2.42594064648762 -99 -99 -99 -99 1.88398762090344
-99 -99 -99 -99 1.28772079930296 -99 -99 -99 -99 -99 -99 -99 -99 -99 -99
-99 -99 -99 -99 -99 -99 -99 -99 -99 -99 -99 -99 -99 -99 -99
-99 -99 -99 -99 -99 -99 -99 -99 -99 -99 -99 -99 -99 -99 -99
-1.24368387664621 -99 -99 -99 -99 -99 -99 -99 -99 -99 -99 -99 -99 -99 -99
-99 -99 -99 -99 -99 -99 -99 -99 -99 -99 -99 -99 -99 -99 -99
-99 -99 -99 -0.597213163856147 -99 -1.71753649945434 -99 -99 -99 -99 -99 -99 -99 -99 -99
-99 -99 -99 -99 2.9492459937032 -99 -99 -99 -99 -99 -99 -99 -99 -99 -99
-99 0.87897747405082 -99 -99 -99 -99 -0.0779465711870713 -99 -99 -99 -99 -99 -99 -99 2.79603182600828
-99 -99 -99 -99 -99 1.80822459981281 -99 -99 -99 -99 1.14878728074153 -99 -99 -99 -99
-99 -99 -99 -99 -99 -99 -99 -99 -99 -99 -99 -99 -99 -99 -99
-99 -99 -99 -99 -99 -99 -99 -99 2.20966600627997 -99 -99 -99 -99 -99 -99
-99 -99 -99 -99 -99 -99 -99 0.229299767826968 -99 -99 2.39228703734229 -99 -99 -99 -99
-99 -99 -99 -99 -99 -99 3.29411706076672 -99 -99 3.02826288965992 1.06180323739253 -99 0.26452877317531 0.695012703805502 -99
-99 -99 -99 -99 1.17614004377178 -99 -99 -99 -99 -99 -99 3.36308116442073 -99 -99 -99
-99 -99 -99 -99 -99 -99 -99 -99 -99 -99 -99 0.412915037546729 -99 -99 -99
-99 -99 -99 -99 -99 -99 -99 -99 -99 -99 -99 -99 -99 -99 -99
-99 -99 -99 -99 -99 -99 -99 -99 -99 -99 -99 -99 -99 -99 -99
-99 -99 -99 -99 -99 -99 -99 -99 -99 -99 -99 -99 -99 -99 -99
-99 -99 1.96745904938443 -99 -99 2.58694346221746 -99 -99 -99 -99 -99 -99 -99 -99 -99
-99 -99 4.42994341258371 -99 -99 -99 -99 -99 -99 -99 -99 3.34635449991186 -99 -99 -99
-99 -99 -99 -99 -99 -99 -99 -99 -0.792883331611828 -99 -99 -99 -99 -99 -99
-99 -99 -99 4.67816472685974 -99 -99 -99 -99 -99 -99 -99 -99 1.89624634626025 -99 -99
-99 -99 -99 -99 -99 -99 -99 -99 -99 -99 -99 -99 -99 -99 1.54081241412206
-1.27353118524442 -99 -99 -99 -99 -99 -99 -99 -99 -99 -99 -0.206784886654139 -99 -99 -99
-99 -99 0.883291121980736 0.465057548678788 -99 -99 -99 -99 -99 -99 -99 -99 -99 -99 -99
-99 -99 -99 -99 -99 -99 -99 -99 -99 -99 -99 -99 -99 -99 -99
-99 -99 0.319034144613281 -99 -99 -99 -99 -99 -99 0.745736058522463 -99 -99 -99 2.25211075665895 -99
-99 -99 3.16107270102938 3.01784242652654 -99 -99 -99 -99 -99 -99 -99 -99 -99 -99 -99
-99 -99 -1.93739968223006 -99 -99 -99 -99 -99 -99 -99 -99 -99 -99 -99 -99
-99 -99 -99 -99 -0.664716299563987 -1.60684519366603 -99 -99 -99 -99 -99 -99 -99 -99 -99
-99 -99 -99 -99 -99 -99 -99 0.710110731984361 -99 -99 -99 -99 -99 -99 -99
0.44167849719193 -99 -99 -99 -99 -99 -99 0.883696350069218 -99 -99 -99 -99 -99 -99 -99
-99 -99 -99 -99 -99 -99 -99 -99 -99 1.15982906281999 -99 0.800998592581102 -99 -99 0.284308388412273
-99 -99 -99 -99 -99 -99 -99 -99 -99 -99 -99 -99 2.42692337992314 -99 2.19229826655689
-99 -0.68817874762329 -99 -99 1.84764947335014 -99 0.271298989542164 -99 -99 -99 -99 1.13732466434566 -99 -99 -99
-99 -99 -99 -99 -99 -99 -99 -99 -99 1.40905150115343 -99 -99 -99 -99 1.19188957872889
-99 -99 -99 -99 -99 -99 -99 -99 -99 -99 -99 -99 -99 -99 -99
-99 -99 -99 -99 -99 -99 -99 -99 -99 -99 -99 -0.776353592710048 -99 -99 -99
-99 -99 -99 -99 -99 -99 -99 -99 -99 -99 -99 -99 -99 -99 -99
-99 -99 -99 -99 1.70199157137578 -99 -99 -99 -99 -99 -99 -99 -99 -99 -99
-99 -99 -1.35225208478433 -99 -99 -99 1.23821954087085 -99 -99 -99 -99 1.10676088719254 -99 -99 -99
-99 -99 -99 -99 -99 -99 1.48475565575136 -99 -99 -99 -99 -99 -99 -99 -99
-99 -99 4.55081031741815 -99 -99 -99 -99 -99 -99 2.18418849049669 -99 -99 -99 -99 -99
-99 -99 -99 -99 -99 -99 1.10024919723867 -99 -99 -99 -99 -99 1.36254522518633 -99 -99
-99 -99 -99 -99 -99 -99 -99 -99 0.751185064792379 -99 -99 -99 -99 -99 -99
-99 -99 -99 -99 -99 -99 -99 -99 -99 -99 -99 -99 -99 -99 -99
0.996011615474673 -99 -99 1.84592768752937 -99 -99 -99 0.995166987221836 0.403857415572374 -99 -99 -99 -99 0.593483435742089 -99
-99 -99 -99 -99 -99 -99 -99 -99 -99 -99 -99 -99 -99 -99 -99
-99 -99 -99 -99 -99 -99 -99 -99 -99 -99 -99 -99 -99 -99 -99
-99 -99 -99 -99 -99 -99 0.919149985250142 -99 -99 -99 -99 -99 -99 -99 1.54532241449944
-99 -99 -99 -99 -99 -99 -99 1.15238471789778 -99 -99 -99 -99 1.95881211461158 -99 -99
-99 -99 -99 -99 -99 -99 -99 -99 -99 -99 -99 -0.276221520030293 -99 -99 -99
2.65753109840476 -99 -99 -99 -99 1.30980510926406 -99 -99 -99 -99 -99 -99 -99 -99 -99
-99 -99 2.33604271114614 -99 -99 -99 -99 -99 -99 -99 -99 -99 -99 -99 1.47067358898573
-99 -99 -99 -99 -99 -99 -99 1.47894941835332 -99 0.300664834302754 -99 -99 -99 -99 1.68350974400088
-99 -99 -99 -99 -99 -99 -99 -99 -99 -99 -99 -0.152676654482265 -99 -99 -99
-99 -99 -99 -99 -99 -99 -99 -99 -99 -0.110241889669926 -99 -99 -99 -99 -99
-99 0.65425469500581 1.92332988158138 -99 -99 -99 -99 -99 -99 -99 -99 -99 0.45314494026439 -99 -99
-99 0.336933941066263 -99 -99 -99 -99 -99 -99 -99 -99 -99 -99 -99 -99 -99
-99 0.0151435187768535 -99 -99 -99 -99 -99 -99 -99 -99 -99 -99 1.31946771168257 -99 -99
-99 -99 -99 -99 -99 -99 -99 -99 1.13183412406668 -99 -99 -99 -99 0.800410908308292 -99
-99 -99 -99 -99 -99 -99 -99 -99 -99 -99 -99 -99 -99 -99 -99
-99 -99 -99 -99 -99 -99 -99 -99 -99 -99 -99 -99 -99 -99 -99
-99 -99 -99 2.34244250853668 -99 -99 -99 2.72030541861042 -99 2.12269081957043 -99 -99 -99 -99 0.965874192984212
2.64812270517658 -99 -99 -99 -99 -0.323000344892168 -99 -99 -99 -99 -99 -99 -99 -99 -99
2.51054265871299 -99 -99 -99 -99 -99 -99 -99 -0.679867045733092 -99 0.791634868201855 -99 0.195100505080149 1.36104640553118 -99
-99 -99 -99 -99 -99 2.47859417819755 -99 -99 -99 -99 -99 -99 -99 -99 -99
-99 3.18555454792785 -99 -99 -99 -99 -99 -99 -99 -99 -99 -99 -99 -99 -99
-99 -99 -99 -99 -99 -99 -99 -99 -99 -99 -99 -99 -99 -0.755883852991237 -99
-99 -99 -99 -99 -99 -99 -99 -99 -99 -99 -99 -99 -99 -99 -99
-99 -99 -99 -99 -99 -99 -99 -0.702620446881912 -99 -99 -99 -99 -99 -99 -99
-99 -99 -99 -99 -99 -99 -99 -99 -99 -99 -99 -99 -99 -99 1.07524562591001
-99 -99 -99 -99 -99 -99 -99 2.04020586069923 -99 -99 -99 -99 -99 -99 0.220252180907568
-1.35342412836186 -99 -99 -99 -0.876428740147124 -99 -99 -99 -99 -99 -99 -99 -99 -99 -99
-99 -99 -99 -99 -99 -99 -99 -99 -99 -99 -99 0.892518259188103 -0.181763072172846 -99 -99
-99 -99 -99 -99 -99 -99 -99 -99 -99 -99 -99 -99 2.60041189221108 -99 -99
-99 -99 -99 -99 -99 -99 -99 1.00793115456725 -99 -99 -99 -99 -99 -99 -99
-99 1.76261402050891 -99 -99 -99 -99 -99 -99 -99 -99 -99 0.186113153662943 -99 -99 -99
-99 -99 -99 -99 -99 -99 -99 -99 -99 -99 -99 -99 -99 -99 -99
-99 -99 -99 0.733508966226563 -99 -99 -99 -99 -99 -99 -99 -99 -99 -99 -99
-99 -99 -99 -99 -99 -99 -99 -99 -99 -99 -99 -99 -99 0.817062679716124 -99
0.583367335245896 -99 -99 -99 -99 -99 -99 -99 -99 -99 -99 -99 -99 -99 -99
-99 -99 -99 -99 -99 -99 -99 -99 -99 -99 -99 -99 -99 -99 -99
-99 -99 -99 -99 -99 -99 -99 1.90554177606035 3.27134451548227 -99 -99 -99 -99 -99 -99
-99 -99 2.44817715894617 -99 -99 -99 -99 -99 -99 1.2812467960726 -99 -99 3.53923752519833 -99 -99
-99 -99 -99 -99 -99 -99 -99 -99 -99 -99 -99 -99 -99 -99 -99
-99 -99 -99 -99 -99 -99 -99 -99 -99 -99 3.09217240639366 -99 -99 2.30529747329259 -99
-99 -99 -99 -99 -99 -99 -99 -99 0.997774407289128 -99 -99 -99 -99 -99 2.49100352584116
-99 1.72152894245094 -99 -99 -99 -99 -99 -99 -99 -99 -99 -99 -99 -99 -99
-99 2.56926975153515 -99 -99 -99 -99 -99 -99 -99 -99 -99 -99 0.434528223239424 -99 4.04123009633057
-99 -99 -99 0.875279585489676 -99 -99 -99 -99 -99 -99 -99 -99 -99 -99 -99
-99 -99 -99 1.62356973314106 -99 0.856687723748309 -99 -99 -99 -99 -99 -99 -99 -99 -99
-99 -99 2.45012276896515 -99 -99 -99 0.868683485257071 -99 -99 -99 -99 -99 -99 -99 -99
-99 -99 -99 -99 -99 -99 -99 -99 -99 -99 -99 -99 -99 -99 -99
-99 -99 -99 -99 -0.623566702819062 -99 -99 -99 -99 -99 -99 -99 1.31779309419766 -99 -99
-1.95122897285869 -99 -99 -99 -99 -99 -99 -99 -99 -99 -99 -99 -99 -99 -99
-99 -99 -99 -99 -99 -99 -99 -99 -99 -99 -99 -99 -99 -99 -99
-99 -99 -99 -99 -99 -99 -99 -99 -99 -99 -0.669133975038349 -99 -99 -99 -0.451340479036512
-99 -99 -99 -99 -99 -99 -99 -99 -99 -99 -99 -99 -99 -99 -99
-99 2.19243490897438 -99 -99 -99 -99 -99 -99 -99 -99 -99 3.34242839551385 -99 -99 -99
-99 -99 -99 -99 -99 -99 -99 -99 -99 -99 -99 -99 -99 -99 -99
-99 -99 -99 -99 -99 -99 -99 -99 -99 -99 -99 -99 -99 -99 -99
-99 -99 -99 -99 -99 -99 -99 -0.0277104263679124 -99 -99 -99 -99 -99 -99 -99
-1.53298183508315 -99 -99 -99 -0.759138023314464 -99 0.359225898155553 -1.99274709369074 -99 -99 -99 -99 -99 -99 -0.0319032580619194
-99 -99 -99 -99 -99 -99 -99 -99 -99 -99 -99 -99 -99 -99 0.708720369678
-99 -99 -99 -99 -99 -99 -99 -99 -99 -99 -99 -99 -99 -99 -99
-99 -99 -99 2.24772769647568 -99 -99 -99 -99 -99 2.10881312031284 -99 2.02069382190307 -99 -99 -99
-99 -99 -99 -99 -99 -99 -99 -99 -99 -99 -99 -99 -99 -99 -99
-99 -99 -99 -99 -99 -99 -99 -99 -99 -99 -99 -99 -99 -99 -99
-99 -99 -99 -99 -99 -99 -99 2.68967585296909 -99 -99 -0.474052528939324 1.5963031810739 -99 -99 -99
-99 -99 -99 -99 -99 -99 -99 -99 -99 -99 -99 -99 -99 -99 -99
-99 -99 -99 -99 -99 -99 -99 -99 -99 -99 -99 -99 -99 -99 -99
-99 1.39785016937592 -99 -99 -99 -99 -99 -99 -99 -99 -99 -99 0.66721518240859 -99 -99
-99 -99 -99 -99 2.03824695118438 2.99899932970122 -99 1.1040313483889 -99 -99 -99 -99 -99 -99 -99
-99 -99 -99 -99 -99 -99 -99 -99 0.881350296568443 -99 -99 -99 -99 -99 -99
-99 -99 -99 -99 -99 -99 -99 0.801703899411023 -99 -99 -99 0.0786687283965843 -99 -99 -99
-99 -99 -99 -99 -99 -99 -99 -99 -99 -99 -99 -99 1.82279024704465 -99 -99
-99 -99 -99 -99 -99 -99 -99 -99 -99 -99 -99 -99 -99 -99 -99
-99 -99 -99 -99 -99 -99 -99 -99 -99 -99 -99 -99 -99 -99 -99
-99 -99 -99 -99 0.0876177208841783 -99 -99 -99 -99 -99 -99 -99 -99 -99 -99
-99 -99 -99 -99 -99 -99 -99 -99 -99 0.129388067018896 -99 -99 -99 -99 -99
-99 -99 -99 -99 -99 -99 -99 2.08861675341955 -99 -99 -99 -99 -99 -99 -99
-99 -0.321982245880992 -99 -99 -99 -99 -99 -99 -99 -0.0541844332389934 -99 -99 1.90571687462064 -99 -99
-99 -99 -99 -99 -99 -99 -99 -99 -99 1.0653989143293 -99 -99 -99 -99 -99
-99 -99 -99 -99 1.94501770053313 -99 -99 -0.38723183825577 -99 -99 -99 0.0676874620943775 -99 -99 -99
-99 -99 -99 -99 -99 -99 -99 -99 -99 -99 -99 -99 -99 -99 -99
-99 -99 -99 -99 -99 -99 -99 -99 -99 -99 -99 -99 -99 -99 -99
-99 -99 -99 2.72561733621214 -99 -99 -99 -99 -99 -99 -99 -99 2.98134745982597 -99 -99
-99 -99 -99 -99 -99 -99 -99 -99 -99 -99 -99 -99 -99 -99 -99
-99 -99 -99 -99 0.490425527887982 -99 -99 -99 -99 -99 -99 -99 -99 -99 0.552800996495105
-99 -99 -99 -99 -99 -99 -99 -99 -99 -99 -99 -99 -99 -99 -99
-99 -99 -99 -99 -99 -99 -0.0989188709633113 0.662793515338759 -99 -99 -99 -99 -99 -99 -99
-99 -99 -99 -99 -99 -99 -99 -99 -99 -99 1.53060376302513 -99 -99 -99 -99
-99 -99 -99 -99 -99 -99 -99 -99 -99 -0.62515415968254 -99 -99 -99 -99 -99
-99 1.13219446877433 -99 -99 2.39884560723368 -99 -99 -99 -99 -99 -99 -99 -99 -0.00130094004685311 -99
-0.0735815713050141 -99 -99 -0.177450004100988 -99 -99 -99 -99 -99 -99 -99 -99 -99 -99 -99
-99 -99 -99 -99 -99 -99 -99 -99 -99 -99 1.63511143098446 -99 -99 1.44719939148491 -99
-99 -99 -99 -99 0.500964283140036 -99 -99 -99 -99 -99 -99 -99 -99 -99 -99
0.479998517159771 -99 -99 -99 -99 -99 -0.977920441826428 -99 -99 -99 -99 -99 -99 -99 -99
-99 -99 -99 -99 -99 -99 2.71835543800796 -99 -99 -99 -99 1.94066544975437 -99 -99 -99
-99 -99 -99 -99 -99 -99 2.1385446612091 -99 -99 -99 0.913366577188175 -99 -99 -99 -99
2.32360427816918 -99 -99 -99 -99 -99 -99 -99 -99 -99 -99 -99 -99 -99 -99
-99 -99 -99 -99 -0.790466856564266 -99 -99 -99 -99 -99 -99 -99 -0.370413844121167 -0.0915726565889901 -99
-99 -99 -99 2.3847843522549 3.40518353533614 -99 -99 1.50962620605613 -99 -99 -99 -99 -99 -99 1.59200522940295
-99 -99 -99 -99 -99 -99 -99 -99 -99 -99 -99 -99 -99 -99 -99
-99 -99 -99 0.551867080964426 -99 -99 -99 -99 -99 -99 -99 -99 -99 1.82982669529005 -99
-99 -99 -99 -99 -99 -99 -99 -99 -99 -99 -99 -99 -99 -99 -99
-99 -99 -99 -99 1.36798344201646 -99 -99 -99 -99 -99 -99 -99 -99 -99 -99
-99 -99 -99 -99 -99 -99 -99 -99 -99 -99 2.43598042942771 -99 -99 -99 -99
2.64755355632965 -99 1.60947862309169 -99 2.04584867043329 -99 -99 -99 -99 -99 -99 -99 -99 -99 -99
-99 -99 -99 -99 -99 -99 -99 -99 -99 -99 0.422887200366472 -99 -99 -99 -99
-99 -99 -99 -99 -99 -99 -99 1.66891515831499 -99 -99 -99 -99 -99 -99 2.06101995681979
-99 -99 -99 -99 -99 -99 0.581409687649998 -99 -99 -99 -99 -99 -99 -99 2.40353211849315
-99 -99 -99 -99 -99 -99 -99 -99 -99 -99 -99 -99 -99 -99 -99
-99 -99 -99 -99 -99 -99 -99 -99 -99 -99 -99 -99 -99 -99 -99
-99 -99 -99 -99 -99 -99 -99 -99 -99 -99 -99 -99 -99 -99 -99
-99 -99 -99 -99 -99 -99 -99 -99 -99 -99 -99 -99 -99 -99 -99
-99 -99 -99 -99 -99 -99 -99 -99 -99 -99 -99 -99 -99 -99 -99
-99 -99 -99 -99 -99 -99 -99 -99 2.1479825854988 -99 -99 -99 -99 2.94815661420886 -99
-99 -99 -99 -99 -99 -99 -99 -99 -99 -3.64417751302237 -99 -99 -99 -99 -99
-99 -99 -99 -99 -99 -99 -99 -99 -99 1.62873816292252 -99 -99 -99 -99 -99
-99 -99 -99 -99 -99 -99 1.26617303179681 -99 2.85213169412118 -99 1.29801292644111 -99 -99 -99 -99
-99 -99 -99 -99 -99 -99 2.84311823788393 -99 2.00754223063955 3.36821077157733 -99 -99 -99 -99 -99
-99 -99 -99 -99 -99 -99 -99 -99 2.7173908579431 -99 -99 -99 2.24230097615875 3.66003158701979 -99
-99 -99 -99 -99 -99 -99 -99 -99 -99 -99 -99 -99 -99 -0.464237547232177 -99
-99 -99 -99 -99 -99 -99 -99 -99 0.215654327778977 -99 -99 -99 -99 -3.42537636577965 -99
-99 -99 -99 -99 -99 -99 -99 -99 -99 -99 -99 -99 0.584109014992303 -99 -99
-99 -99 -99 1.80452238852095 -99 -99 -99 -99 2.4916214551913 -99 -99 -99 -99 -99 -99
-99 -99 -99 -99 -99 -99 -99 -99 -99 -99 -99 2.31620992395496 -99 -99 -99
0.867866577930538 -99 -99 -99 -99 -99 -99 -99 -99 1.0140787332946 -99 -99 -99 -0.199551911680425 -99
-99 0.893316275304511 -99 -99 -99 -0.487043721515293 -99 -99 -99 -99 -99 -99 -99 -99 -99
-99 -99 -99 -99 -99 -99 -99 -99 -99 -99 -99 -99 -99 -99 -99
-99 -99 -99 -99 -99 -99 -99 -99 -99 -99 1.05318990996797 3.53829027111143 -99 -99 -99
-99 -99 -99 -99 -99 -99 -99 -99 -99 -99 -99 -99 -99 -99 -99
-99 -99 -99 -1.60699508173986 2.26472420923319 -99 -99 -99 -99 -99 -99 -99 -99 -99 -99
-99 -99 -99 -99 -99 -99 -99 -99 -99 1.72810564368058 -99 -99 -99 -99 -99
-99 -99 -99 -99 -99 -99 -99 -99 -99 -99 0.344089641769752 -99 -99 1.72522714308759 -99
-99 -99 -99 -99 -99 -99 0.458198027117431 -99 -99 -99 -99 -99 -99 -99 -99
-99 -99 -99 4.8144053121275 -99 -99 -99 -99 -99 -99 1.1696967566916 -99 -99 3.18740349132813 -99
-99 -99 -99 -99 -0.912983764769646 -99 1.16266691225192 -99 -99 -99 -99 -99 -99 -99 -99
-99 -99 -99 -99 -99 -99 -99 -99 -99 -99 -99 2.26666160177006 -99 -99 -99
-99 -99 -99 -99 -99 -99 -99 -99 -99 -99 -99 -99 -99 -99 1.84558445875999
-99 -99 -99 -99 -99 -99 -99 -99 -99 -99 -99 -99 -99 -99 -99
-99 -99 0.82382389337612 -99 -99 -99 -99 -99 -99 -99 -99 -99 -99 -99 -99
-99 -99 -99 1.42413039988197 -99 -99 -99 1.24365690400004 -99 -99 -99 -99 -99 -99 -99
-99 -0.163621840888177 -99 -99 -99 -99 -99 -0.376677584815074 -99 -99 -99 -99 -0.531007457421352 -99 -99
-99 -99 -99 -99 -99 -99 1.57445948411899 -99 -99 -99 -99 -99 -99 -99 -99
-99 -99 2.28380953491269 -99 -99 -99 -99 -99 -99 -99 -99 -99 -99 -99 -99
-99 -99 -99 -99 -99 -99 -99 -99 -99 -99 -99 -99 -99 -99 -99
-99 1.66255209435188 -99 -99 1.71442475976711 -99 -99 -99 -99 -99 -99 -99 -99 -99 -99
-99 -99 -99 -99 -99 -0.834437346167066 -99 -1.13272477340529 -99 -99 -99 -99 -99 -99 -99
-99 -99 -99 -99 -99 -99 -99 -99 -99 -99 -99 -99 -99 -99 -99
-99 -99 -99 -99 1.46281200229441 -99 -99 -99 -99 -99 -99 -99 -99 -99 -0.366364301753342
-99 -99 -99 -99 -99 -99 2.36668306886954 -99 -99 -99 -99 -99 -99 -99 -99
-99 -99 -99 -99 -99 -99 -99 -99 -99 -99 -99 -99 -99 -99 -99
-99 -99 -99 -99 -99 -99 -99 -99 -99 -99 -99 0.478807794741208 -99 -99 -99
-99 -99 -99 -99 -99 -99 -99 -99 -99 -99 -99 -99 -99 -99 -99
-99 -99 -99 -99 -99 -99 -99 -99 -99 -99 -99 -99 0.324486078335341 -99 -99
-99 -99 -99 -99 -99 -99 2.76506964173887 -99 -99 -99 -99 2.7485712506604 -99 -99 -99
-99 -99 -99 -0.553734657240078 -99 -99 -99 -99 -99 -99 -99 -0.585968901561423 -99 -99 -99
-99 -99 -99 -99 -99 -99 -99 -99 -99 1.81668211709225 0.710486911529762 -99 -99 -99 -99
-99 -99 -99 -99 -99 -99 -99 -99 -99 -99 -99 -99 0.551775414176221 -99 -99
1.803783716867 -99 -99 -99 2.830285884464 -99 1.56979536778885 -99 -99 -99 -99 -99 -99 -99 -99
1.29733139187904 -99 -99 -99 2.24131261958601 -99 -99 -99 -99 1.71449401824395 -99 -99 -99 0.95414719964124 -99
-1.97187321234408 -99 -99 -99 -99 -99 -99 -99 -99 1.55778473370232 -99 -99 -99 -99 0.91122329689049
-99 -99 0.935808147017741 -99 -99 -99 -99 -99 -99 -99 -99 1.36588627614453 -99 -99 -99
0.751885718515017 -99 -99 -99 -99 -99 -99 -99 -99 -99 -99 -99 -99 -99 -99
-99 -99 -99 -99 -99 -99 -99 -99 -99 -99 2.67294722663913 -99 -99 -99 -99
-99 -99 -0.028564835572954 -99 -99 -99 -99 -99 -99 -99 -99 -99 -99 -99 -99
-99 1.57914571574242 -99 -99 2.53952022833784 -99 2.3400366476194 2.16916691658164 -99 -99 -99 -99 -99 -99 -99
-99 -99 -99 -99 -99 -99 -99 -99 -99 -99 -99 -99 -99 -99 -99
-99 0.737850805296339 -99 -99 -99 -99 -99 -99 -99 -99 -99 -99 -99 -99 -99
-99 -99 -99 -99 -99 -99 -99 -99 -99 -99 -99 -99 -99 -99 -99
-99 -99 -99 -99 -99 -99 1.26789881598694 -99 3.06187768330492 -99 -99 -99 -99 -99 -99
2.17844894866636 -99 -99 -99 -99 1.87867510373736 -99 -99 -99 -99 -99 -99 -99 -99 -99
-99 -99 -99 -99 -99 -99 -99 -99 -99 -99 -99 2.19812021988792 -99 -99 -99
-99 -99 -99 -99 -99 -99 -99 -99 -99 2.03739606391964 -99 -99 -99 -99 2.29562419877724
-99 -99 -99 -99 -99 -99 -99 -99 -99 -99 -99 -99 -99 -99 -99
-99 -99 -99 -99 -99 -99 -99 -99 -99 2.61169052856221 -99 -99 -99 -99 -99
-99 -99 -99 -99 -99 -99 -99 -99 -99 -99 -99 -99 -99 -99 -99
-99 -99 -99 -99 0.511059629769146 -99 -99 -99 -99 -99 -99 -99 -99 -99 0.0536208199347383
-99 -99 -99 0.222630196694728 -99 -99 -99 -99 -99 -99 -99 -99 -99 -99 -0.874322171756986
-99 -99 -99 -99 -99 -99 -99 -99 -0.429044292227569 -0.899322632853612 -99 -99 -99 -99 -99
-99 -99 -99 -99 -99 -99 -99 -0.915015294951137 -99 -99 -99 -0.486341864358553 -99 -99 -99
-99 -99 -99 -99 -99 -99 -99 -99 -99 -99 -99 -99 -99 -99 -99
-99 0.228112827413913 -99 -99 -99 -99 0.681281216023292 -99 -99 -99 -99 0.230525862330138 -99 -99 -99
-99 -99 -99 -99 -99 -99 -99 -99 -99 -99 -99 -99 -99 -99 -99
-99 1.71245001427755 -99 -99 -99 -99 -99 -99 -99 -99 -99 -99 -99 -99 -99
-99 -99 -99 -99 -99 -99 -99 1.77625374105343 -99 -99 -99 -99 -99 -99 -99
-1.59110055222854 -99 -99 -99 -99 -99 1.19842936063774 -99 -99 -99 0.671853956509698 -99 -99 -99 -1.83466992948756
-99 -99 -99 -99 -99 -99 -99 -99 -99 -99 -99 -99 -99 -99 -99
-99 -99 -99 -99 -99 -99 -99 -99 -99 -99 -99 -99 -99 -99 -99
2.03932109619776 0.628159726556668 -99 -99 -99 -99 -99 -99 1.35375968474598 -99 -99 -99 -99 -99 -99
1.49824850338677 -99 -99 -99 -99 -99 -99 -99 -99 -99 -99 -99 -99 1.69824338965212 -99
-99 -99 -99 -99 -99 -99 -99 -99 -0.829658373677795 -99 -0.910376130153516 -99 -99 -99 -99
-99 -99 -99 -99 -99 2.00178636283148 -99 -99 -99 1.48320224338949 -99 -99 -99 -99 -99
-99 -99 -99 0.815674851309976 -99 -99 -99 -99 -99 -99 -99 -99 -99 -99 -99
-99 -99 -99 -99 -0.640995330670945 -99 -99 -99 -99 -99 -99 -99 -99 -99 -99
-99 -99 -99 -99 -99 -99 -99 1.05113913237116 -99 -99 -99 -99 -99 -99 -99
-99 -99 -99 -99 -99 -99 -99 3.55684183459771 -99 -99 -99 -99 0.846907089972246 -99 -99
-99 -99 0.719893222150584 1.92152267267088 -99 -99 -99 -99 -99 -99 -99 -99 -99 -99 -99
2.87478798572538 -99 -99 -99 -99 -99 1.18713692944844 -99 -99 -99 -99 -99 -99 -99 -99
0.537752987266004 -99 -99 -99 -99 -99 -99 -99 -99 -99 -99 -99 -99 -99 -99
-99 -99 -99 -99 -99 -99 -99 -99 -99 -99 -99 0.057270205281328 -99 2.0289053699707 -99
-99 -99 -99 -99 -99 -99 -99 -99 -99 0.606143028182951 -99 -99 -99 -99 -99
-99 -99 -99 -99 -99 -99 -99 -99 -99 -99 -99 -99 -99 -99 -99
-99 -99 -99 -99 -99 -99 -99 0.964169421672282 -99 -99 -99 -99 -99 -99 -99
-0.893181719494159 -99 -99 -99 -99 -99 -99 -0.83776197138599 -99 -99 -99 -99 -1.45265891090694 -99 -99
-99 -99 -99 -99 -99 -99 2.16028806004244 -99 -99 -99 -99 -99 -99 -99 -99
-99 -99 -99 -99 -99 -99 -99 -99 -99 -99 -99 -99 -99 -99 -99
-99 -99 -99 -99 -99 3.86990993381459 -99 -99 -99 -99 -99 -99 -99 -99 -99
-99 -99 -99 -99 -99 -99 -99 -99 -99 -99 -99 -99 -99 -99 -2.45544375361289
-99 0.0295083528929029 -99 -99 -99 -99 -99 -99 -99 -99 -99 1.0900757010626 -99 -99 -99
-99 -99 -99 -99 -99 -99 -99 -99 -99 -99 -99 -99 -99 -99 -99
-99 -99 -99 -99 -99 -99 -99 -99 2.65323320613615 -99 -99 -99 -99 -99 -99
-99 -99 -99 -99 -99 -99 -99 -99 -99 -99 -99 -99 -99 -99 -99
-0.440347403814106 -99 -99 -99 -99 -99 -99 -99 -99 -99 -99 -99 -99 -99 -99
-99 -99 2.29842699490863 -99 -99 -99 -99 -99 -99 -99 -99 -99 -99 -99 -99
-99 -99 -99 -99 -99 -1.30687555319921 -99 -99 -99 -99 0.683611756564399 -99 -99 -99 -0.885305786819996
0.257764632624552 -99 -99 -99 -99 -99 0.0927576316886183 -99 -99 -99 -99 -99 -99 -99 -99
-99 -99 -99 -99 -99 -99 -99 -99 -99 -99 -99 -99 -99 -99 -1.02453497566906
-99 -0.20492718802766 -99 -0.617290494478065 -99 -99 -99 -99 -99 -99 -99 -99 -99 -99 -99
-99 -99 -99 -99 -99 -99 -0.0150127887441478 -99 -99 -99 2.45784572874118 -99 -0.449135024069555 -99 -99
-0.657915119895198 -99 -99 -99 -99 -99 -99 -99 -99 -99 -99 -99 -99 -0.243171324892422 -99
-99 -99 -99 -99 -99 -99 -99 -99 -99 -99 -99 -99 -99 -99 -99
1.67520861347873 -99 -99 -99 -99 -99 -99 -99 3.75765660226098 -99 -99 -99 2.13936298468523 -99 -99
-99 -99 -99 -99 -99 -0.965623010690947 -0.452099016463175 -99 -99 -99 -0.99688190502198 -99 -99 -99 -99
-99 -99 -99 -99 -99 0.466065581117544 -99 -99 -99 -99 -99 -99 -99 -99 -99
-1.01609476791284 -99 -99 -1.96662228389997 -99 -99 -99 -99 -99 -99 -99 -99 -99 -1.66202068782963 -99
-99 -99 -99 -99 -99 -99 -99 -99 -99 1.73486653918705 -99 -99 -99 1.90723736664274 -99
1.73437172776637 1.49806416714837 1.1705904545947 -99 -99 -99 -99 -99 -99 -99 -99 2.15137456335623 -99 3.29378954748264 -99
-99 -99 -99 -99 -99 -2.5322063991099 -99 -99 -99 -99 -99 -99 -99 -99 -99
-99 2.04969716674083 -99 -0.353679042480471 -99 -99 -99 -99 -99 -99 -0.158766268814415 -99 -99 -99 -0.166296563979951
-99 -1.76442744848517 -99 -99 -99 -99 -99 -99 -99 -99 -0.307768577150964 -99 -0.109463896371386 -99 -1.37198722457776
-99 -99 -99 -99 -99 -99 -99 -99 -99 -99 -99 -99 -99 -99 -99
-99 -99 0.546969192283928 -99 -99 -99 -99 -99 -99 -99 -99 -99 -99 -99 -99
-99 -99 -99 -99 0.106513563609983 -99 -0.673583096075634 -99 1.25481726352299 0.533833135661835 -99 -99 -99 -99 -99
-99 -99 -99 -0.126987698651191 -99 -99 -99 -99 -99 -99 -99 -99 -99 0.797041463710394 -99
-99 -99 -99 -99 -99 -99 -99 2.03216035271294 -99 -99 -99 -99 -99 -99 -99
-99 -99 0.221251805202842 -99 -99 -99 -99 -99 -99 -99 -99 -99 -99 -99 -99
-99 -99 -99 -0.439059526470349 -99 -99 -99 -1.09539334352131 -99 -99 -99 -99 -99 -99 -99
-99 -99 -99 1.4506785055067 -99 -99 -99 -99 -99 -99 -99 -99 -99 0.903691426584425 -99
-99 -99 -99 -99 -99 -99 -99 -99 -99 -99 -99 -99 1.15701589813132 -99 -99
-99 -99 -99 -99 -99 -99 -99 -99 -99 -99 -99 -99 -99 -99 -99
-99 -99 -99 0.968373559366857 -99 -99 -99 -99 -99 -99 -99 -99 -99 0.8473469974906 -99
-99 -99 -99 2.48688506074591 -99 -99 -99 -99 -99 2.80399974213521 0.979656555956897 -99 -99 -99 -99
-99 -99 1.10890904495867 -99 -99 -99 -99 -99 -99 -99 -99 -99 -99 -99 -99
-99 -99 -99 -99 -99 3.95704925031862 -99 -99 2.17413365127533 -99 -99 -99 -99 -99 -99
-99 -1.00275833838263 -99 -99 -99 -99 -0.476442983052325 -99 -99 -99 -99 -99 -99 -0.127710744793818 -99
-99 -99 -99 -99 -99 -99 -99 -99 -99 -99 -99 -99 -99 -99 -99
-99 -99 -99 -99 -99 -99 -99 -99 -99 -99 -99 -99 -99 -99 -99
-99 -99 1.51277398535585 -99 -99 -99 -99 -99 -99 -99 -99 -99 -99 -99 -99
-99 -99 -99 -99 -99 -99 -99 -0.952952168909778 -99 -99 -99 -99 -99 -99 -99
-99 -1.65399810953345 -99 -99 -99 -99 -99 -99 -99 -99 -99 -99 -99 -99 -99
-99 -99 -99 -99 -99 -99 -99 -99 -99 -99 -99 -99 -99 -99 -99
-99 -99 -99 -99 -99 -99 -99 -99 -99 1.80385208315795 -99 2.67941198574966 -99 -99 -99
-99 -99 -99 -99 -99 -99 0.794484853469989 -99 -99 -99 -99 -99 -99 -99 -99
-99 -99 -99 -99 -99 -99 -99 -99 2.58923433408903 -99 -99 3.78483169330662 0.820441867235275 -99 -99
-99 -99 -99 -99 -99 -99 -99 -2.07255740469928 -99 -99 -99 -99 -99 -99 -99
-99 -99 -99 -99 -99 -99 -99 -99 -99 -99 -99 -99 -99 -99 0.412473568219655
-99 -99 -99 1.50320595067241 -99 -99 -99 1.71214599586076 -99 -99 -99 -99 -99 -99 -99
-99 -99 -99 -99 -99 -99 -99 1.12704841369317 -99 -99 -99 -99 -99 -99 -99
-99 -99 -99 2.07828645794198 -99 -99 -99 -99 -99 -99 -99 -99 -99 -99 -99
-99 -99 -99 -99 -99 -99 -99 -99 -99 -99 0.975740441354066 -99 -99 -99 -99
-99 -99 -99 -99 -99 -99 -99 -99 -99 -99 -99 -99 -99 -99 -99
-99 -99 -99 -99 -99 -99 -99 -99 -99 -99 -99 -99 -99 -99 -99
-99 -99 -99 -99 -99 -99 -99 -99 2.32558814959451 -99 -99 -99 -99 -99 -99
-99 2.13186161449789 -99 -99 -99 -99 -99 -99 -99 -99 -99 -99 -99 -99 -99
-99 -99 -99 -99 -99 -99 -99 2.65206970254689 2.86039533967066 -99 -99 0.616393747150019 -99 2.30083768506205 -99
-99 -99 -99 -99 -99 -99 -99 -99 -99 -99 -99 -99 -99 -99 -99
-99 -99 -99 -99 -99 -99 -99 2.60070277817598 -99 -99 0.13516111527848 -99 -99 -99 -99
-99 -99 0.286129860716966 -99 -99 -99 -99 1.79493855967942 -99 -99 1.86206232367698 -99 -99 -99 -99
-99 -99 -99 -99 -99 -99 -99 -99 -99 -99 -99 -99 -99 -99 -99
-99 -99 -99 -99 0.511787535065815 -99 -99 -99 -99 -99 -99 -99 -99 -99 -99
-99 -0.104859680524612 -99 -99 -99 -99 -99 -99 1.22675939915469 1.94693602485675 -99 -99 -99 -99 -99
-99 -99 -99 -99 -99 -99 -99 -99 -99 -99 -99 -99 -99 -99 -99
-99 3.58877682461177 -99 -0.42016559503897 -99 -99 -99 -99 -99 -99 -99 -99 0.865294078408369 -99 -99
-99 -99 -99 -99 -99 -99 -99 -99 -99 -99 -99 -99 -99 0.113865055909135 -99
-99 -99 -99 -99 -1.3797659040641 -99 -99 -99 -99 -99 0.686259154455489 0.311146200685296 -99 0.745110806690593 -99
-99 -99 -99 -99 0.119547482841989 -99 1.2999241712654 -99 -99 -99 -99 -99 -99 -99 -99
-99 -99 -99 -99 -0.45125245325536 -99 -99 -99 -99 -99 -99 -99 -99 -0.453750753259273 -99
-99 -99 -99 -99 -99 -99 -99 -99 -99 -99 -99 -99 -99 -99 -99
-99 -99 -99 -99 -99 -99 -99 1.02191203593676 -99 -99 -99 -99 -99 -99 -99
-99 -99 -99 -99 -99 -99 -99 -99 2.84179571245273 -99 1.5604435907446 -99 1.19820495302102 -99 -99
-99 -99 1.98498014311939 -99 -99 -99 -99 -99 -99 -99 -99 -99 -99 -99 -99
-99 1.71422289849524 0.953589364285594 -99 -99 -99 -99 -99 -99 -99 -99 -99 -99 -99 -99
-99 -99 -99 -99 -99 -99 -99 -99 -99 -99 -99 -99 -99 -99 -99
-99 -99 -99 -99 -99 -99 -99 1.49570498599764 -99 -99 -99 -99 -99 -99 -99
-99 -99 -99 -99 -99 -99 -99 -99 -99 -99 -99 -99 -99 -99 -99
-99 -99 -99 -99 -99 -99 -99 -99 -99 -99 -99 -99 -99 2.33256013668544 -99
-99 -99 -99 -99 -99 1.49380690711922 -99 -99 -99 -99 -99 -99 -99 -99 -99
-0.344160978824229 -99 -99 -99 -99 1.70995669589744 -99 -99 -99 -99 -99 -99 -99 -99 -99
-99 -99 1.73573880206335 -99 -99 2.48465768630545 -99 -99 -99 -99 5.45404107062585 -99 -99 -99 -99
-99 2.22345815757472 -99 -99 -99 -1.1821035045023 -99 -99 -99 -99 -99 -99 -99 -99 -99
1.39756760271095 -99 -99 -99 -99 -99 -99 -99 -99 -99 -99 -99 -99 -99 -99
-99 -99 -99 -99 -99 -99 -99 -99 -99 -99 -99 -99 0.0457070647560976 -99 -99
-99 -99 -99 -99 -99 -99 -99 -99 -99 -99 -99 -99 -99 -99 -99
-99 -99 -99 -99 -99 -99 -99 -99 -99 -99 -99 -99 -99 -99 1.39543492623097
-99 -99 -99 -99 -99 -99 -99 -99 -99 -99 -99 -99 -99 -99 -99
-99 -99 -99 -99 -99 1.86430196077897 -99 -99 0.821379633977501 -99 1.0386700975816 -99 -99 -99 -99
-99 -99 -99 -99 -99 -99 -99 -99 -99 -99 -99 -99 -99 1.10654114879167 -99
-99 -99 -99 -99 0.448353817403065 -99 -99 -99 -99 -99 -99 -99 -99 -99 -99
-99 -99 -99 -99 -99 -99 -99 -99 -99 -99 -99 -99 -99 -99 -99
-99 -1.5987917719835 -99 -99 -99 -99 -99 -99 -99 -99 -99 -99 -99 -99 -99
-99 1.89990766517811 -99 -99 -99 -99 -99 -99 -99 -99 -99 -99 0.0469950276150334 -99 -99
1.22099591401129 1.61110506032771 -99 -99 -99 -99 1.32295167341182 -99 -99 -99 -99 -99 -99 -99 -99
-99 -99 -99 -99 -99 -99 -99 -99 -99 -99 -99 -99 -99 -99 -99
-99 -99 -1.33664086379646 -99 -99 -99 -99 -99 -99 -99 -1.24094151948225 -99 -99 -99 -99
-99 2.88844437959099 -99 -99 -99 -99 -99 -99 -99 -99 -99 -99 -99 -99 -99
-99 -99 -99 -99 -99 0.342729109978175 -99 0.618411494461569 -99 -99 -99 -99 -99 -99 -99
-99 -99 2.67904527880573 -99 1.90218395125018 -99 -99 -99 -99 -99 -99 -99 -99 -99 -99
-99 -99 -99 -99 4.07618844120237 -99 -99 -99 -99 3.93157559784528 -99 -99 -99 -99 -99
-99 -99 -99 -99 -99 -99 -99 -99 -99 -99 -99 -99 -99 -99 -99
-99 -0.378136244642855 -0.00807999417591043 -99 1.65666128983406 -99 -99 -99 -99 -99 -99 -99 -99 -99 -99
-99 -99 -99 -99 -99 -99 -0.417325878895358 -99 -99 -1.87230504487127 -99 -99 -99 -99 -0.567739401486136
-99 -99 -99 -99 -99 -99 -99 -99 -99 -99 -99 -99 -0.389282284235331 -99 -99
-99 -99 -99 -99 -99 -99 -99 -99 -99 -99 -99 -99 -99 -99 -99
-0.154377557841597 -99 -99 -99 -99 1.75253966662451 0.589431807700754 -99 -99 -99 -99 -99 -99 -99 -99
-99 -99 -99 -99 2.11059766962982 2.12964641389143 -99 -99 -99 -99 -99 -99 -99 -99 -99
-99 1.0582222090985 1.73526276624761 2.422001226895 -99 -99 1.86035735766822 -99 -99 -99 -99 -99 -99 -99 -99
-99 -99 -99 -99 -99 -99 -99 -99 -99 -99 -99 -99 -99 -99 -99
-99 -99 -99 -99 -99 -99 -99 -99 -99 -99 -99 -99 -99 1.95280284567052 -99
-99 -99 -99 -99 -99 -99 -99 -99 -99 -99 1.74938438643437 -99 -99 -99 -99
0.602379058095927 -99 -99 -99 -99 -99 -99 -99 -99 -99 -99 -99 -99 -99 -99
-99 -99 -99 -99 -99 -99 -0.509356639135759 0.731538331800308 -99 -99 -99 -99 -99 -99 -99
-99 -99 -99 -99 -99 -99 -99 -99 -99 -99 -99 -99 -99 -99 -99
-99 -99 -99 -99 -99 -99 -99 -99 -99 -99 -99 1.37930364672942 -99 -99 -99
-99 0.976619669381354 -99 -99 -99 1.02072170366197 0.222046348701709 1.30762835889226 -99 -99 -99 -99 -99 -99 -99
-99 -99 -99 -99 -99 -99 -99 -99 -99 -99 -99 3.64693291333832 -99 -99 -99
-0.0902618543802591 -1.47284101303996 -99 -99 -99 -99 -99 -99 -99 -99 -99 -99 -99 -99 -99
-99 -99 -99 -99 -99 -99 -99 -99 -99 -99 -99 -99 0.128359118636681 -99 -99
3.46505749191614 -99 -99 -99 -99 -99 -99 -99 -99 -99 -99 -99 -99 -99 2.69407645820884
-99 -99 -99 -99 -99 -99 -99 -99 -1.60309366516783 -99 -99 -99 -99 -99 -99
-99 0.474429462106292 -99 -0.603165844524283 1.83136003500759 -99 -99 -99 -99 -99 -99 -99 -99 -99 -99
-99 -99 -99 -99 -99 -99 -99 -99 -99 -0.309482134518704 -99 -99 -99 -99 -99
-99 -99 -0.280418029427315 -99 -99 -99 -99 -99 -99 -99 -99 -99 -99 -99 -99
-99 -99 -99 2.76026942236422 -99 -99 -99 -99 -99 2.36944349913193 3.9333666809516 1.045701188336 -99 -99 -99
-99 -99 -99 -99 -99 -99 -99 -99 -99 1.36094306560604 -99 -99 -99 -0.0910183021698523 -99
-99 -99 -99 0.665980437957676 -99 -99 -99 3.61667866207224 -99 -99 -99 -99 -99 -99 -99
-99 -99 1.36416888128298 -99 -99 -99 -99 -99 -99 -99 -99 -0.72214069452688 -0.530109778183988 -99 -99
-99 -99 -99 -99 -99 -99 -99 -99 -99 -99 -99 -99 1.99176646857445 -99 -99
-99 -99 -99 -99 -99 -99 -99 -99 -99 -99 -99 -99 -99 -99 -99
-99 -0.349645193953488 -99 -99 -99 -99 -99 -99 -99 0.401414678477622 -99 -99 -99 0.486103807398335 -99
-99 -99 -99 -99 -99 -99 -99 -99 -99 0.0451625315253478 -99 -99 -99 -99 1.11550973464868
-99 -99 -99 -99 -99 -99 -99 -99 -99 -99 -99 -99 1.40376842752477 -99 -99
-99 -99 -99 -99 -99 -99 -99 -99 -99 -99 -99 -99 -99 -99 -99
-99 -99 -0.366346130982643 -99 -99 -99 -99 -99 -99 -99 -99 -99 -1.31745473958683 -99 -99
-99 -99 -99 -99 -99 -99 -99 -99 -99 -99 -99 -99 -99 -99 -99
-99 -99 -99 -99 -99 -99 -99 -99 -99 1.29175603111204 -99 -99 0.642117094366332 -99 -99
-99 -99 -99 -99 -99 -99 2.07750745186897 -99 -99 -99 -99 -99 -99 -99 -99
-99 -99 -99 -99 1.30354408218582 -99 -99 1.7062286037382 3.62838211879276 -99 -99 2.72780311411095 -99 -99 -99
-99 2.15872510029315 -99 -99 -99 -99 -99 -99 -99 -99 -99 -99 -99 -99 -99
-99 -99 -99 -99 -99 2.43147964111276 -99 -99 -99 -99 -99 -99 -99 -99 -99
2.98808927018586 -99 -99 0.315231023220475 -99 -99 -99 -99 -99 -99 -99 -99 -99 -99 -99
-99 -99 -99 1.38778274704265 -0.0489159242057662 -99 -99 -99 -99 -99 -99 -99 -99 -99 -99
-99 -99 -99 -99 -99 -99 -99 -99 1.73118405435129 -99 -99 -99 -99 -99 -99
-99 -99 -99 -99 -99 2.06134562207217 -99 1.12935015449115 1.33213322149898 -99 2.31145696532482 0.895543288822891 -99 -99 -99
-99 1.91023640920932 -99 -99 -99 -99 -99 -99 -99 -99 -99 -99 -99 -99 -99
-99 -99 -99 -99 -99 -99 -99 -99 -99 0.530758276522842 -99 -99 -99 -99 -99
-99 -99 -99 1.20162359696884 2.82097065888364 -99 -99 -99 -99 -99 -99 -99 -99 -99 -99
-99 -99 -99 -99 -99 -99 -99 -99 -99 -99 -99 -99 -99 -99 -99
-99 -99 -99 -99 -99 -99 -99 -99 -99 -99 -99 -99 -99 -99 0.584428792599395
-99 -99 -99 -99 -99 -99 -99 -99 -99 -99 -99 -99 -99 -99 -99
-99 -0.00603715299184571 -99 -99 -99 -99 -99 -99 0.185811997587117 -99 -99 -99 -99 -99 -99
-99 -99 -99 -99 -99 0.641755721684093 -99 -99 -99 -99 -99 -99 -99 -99 -99
-99 -99 -99 -99 -99 -99 -99 -99 -99 -99 -99 -99 -99 -99 -99
-99 4.35686676060933 -99 -99 -99 -99 -99 -99 -99 -99 4.2602392433553 -99 -99 -99 -99
-99 -99 1.34606992616269 -99 -99 0.849654239405094 -99 -99 -99 -99 -99 -99 -99 -99 1.39004291760049
-99 -99 -99 -99 1.82741731879798 -99 -99 -99 3.19566811441313 -99 -99 -99 -99 -99 -99
-99 -99 -99 -99 -99 -99 -99 -99 -99 -99 -99 2.16773327132676 -99 -99 -99
-99 -99 -99 -99 -99 0.128829462052556 -99 -99 -99 -99 -99 -99 -99 -99 -99
-99 -99 -99 0.481193185772 -99 -99 -99 -99 -99 -99 -99 -99 -99 -99 0.90605822411206
-99 -99 -99 -99 -99 -99 -99 -99 -99 -99 -99 0.390979123273815 -99 -99 -99
-99 -99 -1.26956120100874 -99 -99 -0.0332841129914125 -99 -99 -99 -99 -99 -99 -99 -99 -99
-99 -99 -99 -99 -99 -99 -99 -99 -99 0.244269258362724 -99 -1.4413064654335 -99 -99 -99
-99 -99 -99 -99 -99 -99 -99 -99 0.030159832232911 -99 -99 -99 -99 -99 -99
3.23010764589869 -99 -99 0.160357116329644 -99 -99 -99 -99 -99 -99 -99 -99 -99 -99 -99
-99 -99 -99 -99 -99 -99 -99 -99 -99 -99 -99 -99 -99 -99 -99
-99 -99 -99 -99 -99 -99 -99 -99 -99 -99 -99 -99 -99 -99 -99
-99 -99 -99 -99 -99 -99 -99 -99 -99 -99 -99 -99 -99 -99 -99
-99 -99 -99 -99 -99 -99 -99 -99 -99 -99 -99 -99 -99 1.18755976427757 -99
-99 -99 -99 -99 -99 -99 -99 -99 -99 -99 -99 -99 -99 -99 -99
-99 -99 -99 -99 -99 -99 -99 -99 -99 -99 -99 -99 -99 -99 0.326184175786316
-99 -99 -99 -99 -99 -99 -99 -99 -99 -99 -99 -99 -99 -99 -99
-99 -99 -99 -99 -99 -99 -99 -99 -99 -99 -99 -99 -99 -99 -99
-99 -99 -99 2.35118145313544 -99 1.48064554849021 0.875789238015191 -99 -99 -99 -99 -99 -99 -99 -99
-99 -99 -99 -99 -99 -99 -99 -99 -99 -99 -99 -99 -99 -99 -99
-99 -99 0.382911314224498 -99 1.56110116699174 -99 -99 -99 -99 -99 -99 -99 -99 -99 -99
-99 -99 -99 -99 -99 -99 -99 -99 -99 -99 -99 2.27447958091747 -99 2.25858371135593 -99
-99 -99 -99 -99 1.63860021845611 0.804009906887579 -99 -99 -99 -99 -99 -99 -99 -99 -99
