-99 -99 -99 -99 -99 -99 -99 -99 -99 -99 -99 1.65412947313694 -99 -99 -99
-99 -99 2.33152403537179 -99 -99 -99 -99 -99 -99 -99 -99 -99 -99 2.24260878758842 -99
-99 -99 -99 -99 -99 -99 -99 -99 -99 1.45165912194632 -99 -99 -99 -99 -99
-99 -99 -99 -99 -99 -99 -99 -0.518585956045529 -99 2.52063384493164 -99 -99 -99 -99 -99
-99 -99 -99 -99 -99 -99 -99 -99 -99 -99 -99 1.39160026191286 -99 2.78474792856511 -99
-0.657225417734771 -99 -99 -99 0.0959575714906667 -99 -99 0.136096930921418 -99 -99 -99 -1.36869771088316 -99 -99 -99
-99 -99 -99 -99 -99 -99 -99 -0.185668280130639 -99 -99 -99 -99 -99 -99 -99
-99 -99 -99 -99 -99 -99 -0.155133132989179 1.84092190453756 -99 -99 -1.47475479172914 -99 -99 -99 -99
0.726811658989905 -99 -99 -99 -99 -99 -99 -99 -99 -99 -99 -99 -99 -99 -99
-99 -99 -99 -99 -99 -99 -99 -99 4.11498783796591 -99 -99 -99 -99 -99 -99
-99 0.82758440469875 -99 -99 -99 -99 -99 -99 2.60218936889758 -99 0.840835921402991 -99 -99 -99 1.39214829417729
-99 -99 -99 -99 -99 -99 -99 -99 -99 -99 -99 -99 -99 -99 0.917168978315101
-99 0.798430497707916 -99 -99 -99 -99 -99 0.768225310408571 2.44629000201235 -99 -99 0.829643253155686 -99 -99 -99
1.48553533665272 -99 -99 -99 -99 0.827876382584263 1.00903386112356 -99 -99 -99 -99 -99 -99 -99 -99
-99 -99 -99 2.20025095442805 -99 -99 -99 -99 1.57629728908874 -99 -99 -99 -99 -99 -99
0.275447530898735 -99 -2.39840630113477 -99 -99 -99 -99 -99 -99 -99 -1.54699090353767 -99 -99 0.549227050954998 -2.05530445799991
-99 -99 -99 -99 -99 -99 -99 -99 -99 -99 -99 1.12598008919842 -99 0.572612163535364 -99
-99 -99 -99 -99 -99 -99 -99 0.807581640162124 -0.487622089546871 -99 -99 -99 -99 0.624290021454463 1.10279326584461
0.845638639249941 -99 -99 -99 -99 -99 -99 -99 -99 0.98936066716136 -99 -99 -99 -99 -99
-99 -99 -99 -99 -99 -99 -99 -99 -99 -99 -99 -99 -99 -99 -99
-99 -99 -99 -99 -99 -99 -99 -99 -99 -99 -99 -99 -99 -99 -99
-99 -99 -99 -99 -99 -99 -99 -99 -99 -99 -99 -99 -99 -99 -99
-99 -99 -99 1.4307865262729 -99 -99 -99 -99 -99 -99 -99 -99 -99 -99 -99
-99 -99 -99 -99 -99 3.21258395657054 -99 -99 2.14087653299359 -99 -99 -99 -99 -99 1.48148632295422
-99 -99 -99 -99 -99 -99 -99 -99 -99 -99 -99 1.20344860929396 -99 -99 -99
-99 -99 -99 -99 -99 -99 -99 -99 -99 1.50626799458734 0.929172212183991 -99 -99 1.15025166339647 -99
-1.01931002178003 -99 -99 -99 -99 -99 -99 -99 -99 0.486993776656349 -99 -99 -99 -99 -0.98009136428729
-99 -99 0.769122283136086 -99 -99 -99 -99 -99 -99 -99 -99 -99 -99 -99 -99
-99 -99 -99 -99 -99 -99 -99 -99 -99 -99 -99 -99 -99 -99 1.95143531097843
-99 -99 -99 0.302180718367748 -99 -99 -99 -99 -99 -99 -99 -99 -99 -99 -99
-99 -99 -99 -99 4.02282522325623 2.0000316887144 -99 -99 -99 -99 -99 -99 -99 -99 -99
-99 1.47302367114664 -99 -99 -99 -99 -99 -99 -99 -99 -99 -99 0.312908217570959 -1.28637044295173 -99
-99 -99 -99 -99 -99 -99 -1.47240245422577 -99 -99 -99 0.370360234548078 -99 -99 -99 -99
-99 1.32962923196248 -99 -99 -99 -99 -99 -99 -99 -99 -99 -99 -99 -99 -99
-99 -99 -99 -99 -99 0.376406679643976 -99 -99 -99 0.420071812170988 -99 -99 -99 -99 -99
-99 -99 -99 -99 2.57301387894253 -99 -99 -99 -99 -99 -99 -99 -99 -99 -99
2.14772506474747 -99 2.3366997021604 -99 -99 -99 -99 0.837760385254432 -99 -99 -99 -99 -99 -99 -99
-99 -99 -99 -99 -99 -99 -99 -99 -99 -99 -99 0.309621306878413 -1.66018337106253 -99 -99
-99 -99 -99 -99 -99 -99 -99 -99 0.322549412429891 -99 -99 -99 -99 -99 -99
-99 -99 0.689599324436773 -99 -99 -99 -99 -99 -99 -99 -99 -99 -99 -99 -99
-99 -99 -99 -99 -99 -99 -99 -99 -99 -99 -99 -99 -99 -99 -99
-99 -99 -99 -99 0.156315687151379 0.154073301473511 -99 -99 -99 -0.186707035434548 -99 -99 -99 -99 -99
-99 -99 2.15323469933459 -99 -99 -99 -99 -99 -99 -99 -99 -99 -99 -99 -99
-99 -99 -99 -99 -99 -99 -1.26240190114123 -99 -99 -99 -99 -99 -99 2.24800804272968 -99
-99 -99 -99 -99 -99 -99 -99 -99 -1.06500365696737 -99 -99 -99 -99 -99 -99
-99 -99 -99 1.16437912831552 -99 -99 -99 -99 -99 3.42237666837099 0.823314642352443 -99 -99 -99 -99
-99 -99 -99 -99 -99 -99 1.64539779348612 1.72367340566806 -99 -99 -99 -99 -99 -99 -99
-99 -99 -99 -99 -99 -99 -99 -99 -99 -99 -99 -99 -99 -99 -99
-99 -99 -99 1.88073139929304 -99 -99 -99 1.77550353220614 -99 -99 -99 -99 -99 -99 -99
-99 -99 -99 -99 -99 -99 -99 -1.06409285679413 -99 -99 -99 -99 -99 -99 -99
-99 -99 -99 -99 -99 -99 -99 -99 -99 -99 -99 -0.405274220431846 -0.096065297625783 -99 -99
-99 -99 -99 -99 -99 -99 -99 -99 -99 -99 -99 -99 -99 -99 -99
-0.0595113930150646 -99 -99 -99 -99 -99 -99 -99 -99 -99 1.15974831660005 -2.6863713174329 -99 -99 -99
-99 -99 -99 -99 -0.236900976474498 1.0397017807809 -99 -99 -99 -99 0.764287258205998 -99 -0.0257487666741998 -99 -99
-99 -99 -99 -99 -99 -99 -99 -99 -99 -99 -99 -99 -99 -99 -99
-99 -99 -99 -99 -99 0.508096014093769 -99 -99 -99 -99 -99 -99 -99 -99 0.278364432285542
-99 -99 -99 -99 -99 -99 -99 -99 -99 -99 -99 -99 -99 -99 -99
1.63964509486253 -99 -99 -99 1.51185994856232 -99 -99 -99 -99 -99 -99 -99 -99 -99 -99
-99 -99 -99 1.95436979315187 -99 -99 -99 -99 -99 -99 -99 -99 0.625604398801513 -99 -99
-99 -99 -99 -99 -99 -99 -99 -99 -99 -99 -99 -99 -99 -99 -99
-99 -99 -99 -99 -99 -99 -99 -99 -99 -99 -99 -99 -99 -99 -99
-99 -99 -99 -99 -99 -99 -99 -99 2.92191434471229 -99 -99 -99 -99 1.8379217805612 -99
-99 -99 -99 -99 -99 -99 -99 -99 -99 -99 -99 4.24974847014789 1.83692976940051 -99 -99
-99 -99 -99 -99 -99 -99 -99 -99 -99 -99 -99 -99 -99 -99 -99
-99 -99 -99 -99 -99 -99 -99 -99 -99 -99 -99 -0.137372002733935 -99 -99 -99
1.36637129653868 -99 -99 -99 -99 -99 -99 -99 -99 -99 -99 -99 -99 -99 -99
-99 -99 -99 -99 -99 -99 0.60907470895021 -99 -99 -99 -99 -99 -99 -99 -99
-99 -99 -99 -99 -99 -99 -99 -99 -99 -99 -99 -99 -99 -99 0.331154074223634
-99 -99 2.2187656672269 -99 -99 -99 -99 -99 -99 0.533427050668875 -99 0.254806916822811 0.877697314347854 2.67727749534155 -99
-99 -99 -99 -99 -99 -99 -99 -99 0.951749464779136 -99 -99 -99 -99 -99 -99
-99 1.02872647402231 -99 -99 -99 3.25058666318017 -99 2.33777799570895 1.82420877826959 -99 -99 -99 -99 -99 -99
1.57291435043514 -99 -99 -99 -99 -99 -99 -99 -99 -99 -99 -99 -99 -99 -99
-99 -99 -99 -99 -99 -99 -99 -99 -99 -99 -99 -99 -99 -99 -99
-99 -99 -99 -99 -99 -99 -99 -99 -99 -99 -99 -99 -99 -99 -99
-99 -99 -99 -99 -99 -99 -99 -0.125981067597619 -0.906813178910675 -99 -99 -99 -99 -99 -99
-1.16864578171241 -99 -99 -0.199298279189487 -99 -99 -99 -99 -99 -99 -99 -99 -99 -99 -99
-99 -99 -99 -99 -99 -99 -99 -99 -99 -99 -1.4082970447398 -99 -99 0.740573472102724 -99
-99 -99 -99 0.674136724627912 -99 -99 -99 2.50394712590596 -99 -99 -99 -99 -99 -99 -99
0.0815146819956312 -99 -99 -99 -99 -99 -99 -99 -99 -99 -99 0.0341980175026222 -99 -99 -99
-99 -99 -99 -99 -99 -99 -99 -99 -99 3.08154497525598 2.86323687089571 3.29249805124677 -99 -99 -99
-99 -99 -99 -99 -99 -99 -99 -99 -99 0.834178710953141 3.11910654786399 2.54683052394464 -99 -99 -99
-99 -99 -99 -99 -99 -99 -99 -99 -99 -99 -99 -99 -99 -99 -99
-99 -99 -99 -99 2.00831267558919 -99 -99 0.942753234423198 -99 -99 -99 -99 -99 -99 -99
-99 -99 -99 -99 -99 -99 -99 -99 -99 -99 2.54123732641039 1.57941360071248 3.35919152367956 -99 -99
-99 -99 -99 -99 -99 -99 -99 -99 -99 -99 -99 -99 -99 0.744383364915379 -99
-99 -99 -99 -99 -99 3.81577965037779 -99 -99 -99 -99 -99 -99 -99 -99 -99
-99 -99 -99 -99 -99 -99 -99 -99 -99 -99 -99 -99 -99 -99 -99
-99 -99 -99 -99 -99 -99 -99 -99 -99 -99 2.4811241224342 -99 -99 -99 -99
-99 -99 -99 -99 -99 -99 -99 -99 -99 2.84537795841582 -99 -99 -99 -99 -0.480226719275182
-99 -99 -99 -99 -99 -99 1.59175439129642 -99 -99 -99 -99 -99 -99 -99 -99
-99 -99 -99 -99 -99 2.29309395305114 -99 -2.46675929059949 -99 -1.14301691697413 0.483942756711265 -99 -99 -99 -99
-99 -99 1.88257677763255 -99 -99 -99 -99 -99 -99 -99 1.25676650291828 -99 -99 -99 -99
0.369443437314044 -99 0.749002835900758 -99 -99 2.53392629407614 -99 -99 -99 -99 -99 -99 -99 -99 -99
-99 -99 -0.777942592804146 -99 -0.997899116207342 -99 -1.29887054709864 -99 -99 -99 -99 -99 -99 -99 -99
-99 -99 -99 -99 -99 -99 -99 -99 -99 -99 -99 -99 2.76263220447092 -99 -99
-99 1.48323607582695 -99 -99 0.323555834926702 -99 -99 -99 -99 -99 -99 -99 -99 -99 -99
-99 -99 -99 -99 -99 -99 -99 -99 -99 -0.283239140615421 1.35292705632924 -99 -99 -99 -99
-99 -99 -99 0.389761397452777 -99 -99 -99 -99 -99 -99 -99 -99 2.34193765419443 -99 -99
-99 1.19826044333405 -99 -99 1.50132829234331 -99 -99 -99 -99 -99 -99 -99 -99 -0.58286811174253 -99
-99 -99 -99 -99 -99 -99 -99 -99 -99 -99 -99 -99 -99 -99 -99
-99 -99 -99 -99 0.313527537867711 -99 -99 -99 -99 -99 -99 -99 1.78869799579974 -99 -99
-99 -99 -99 2.00830775827741 -99 -99 -99 -99 -99 -99 -99 -99 -99 -99 -99
-99 -99 -99 -99 1.97948542216318 -99 -99 1.96926248796756 -99 3.21466941804761 -99 -99 -99 1.79187233083197 3.42620539679857
-99 -99 -99 -99 -99 -99 -99 -99 -99 -0.101019268866651 -99 1.44738776895301 -99 -99 -99
-99 -99 -99 -99 -99 -99 -99 -99 -99 -99 -99 -99 -99 -99 1.15732791975783
3.03746340109786 -99 -99 -99 -99 -99 -99 -99 -99 -99 -1.30174167986043 -99 -99 -99 -99
-99 -99 -99 -99 1.10803753458451 -99 -99 -99 -99 -99 -99 -99 -99 -99 -99
-99 -99 1.77585162995742 -99 -99 -99 -99 -99 -99 0.630577424079647 -99 -99 -99 -99 -0.503239412502573
-99 -99 -99 -99 -99 -99 1.80713506327617 -99 -99 -99 -99 0.794459707039615 -99 -99 -99
-0.273702416051983 -99 -99 -99 -99 1.2353011856304 -99 2.44673710049005 -99 -99 -99 -99 -99 -99 -99
0.480862709582424 -99 2.65968396543407 -99 -99 -99 -0.357563631824844 1.81024733547353 -99 -99 -99 -99 -99 -99 -99
-99 -99 -99 -99 -99 -99 -99 -99 -99 -99 -99 -99 -99 -99 -99
-99 -99 -99 -99 -99 -99 -99 -99 -99 -99 0.256412676580124 -99 -99 -99 -99
-99 -99 -99 -99 1.50151502711156 -99 -99 -99 -99 -99 -99 -99 -99 -99 -99
-99 0.820030115155913 -99 -99 -99 -99 0.138085823385949 -99 -99 -99 -99 -99 -99 -99 -99
-99 -99 -99 -99 -99 0.799322228082583 -99 -99 -99 -99 -99 -99 -99 -99 -99
-99 -99 -99 -99 -99 -99 -99 -99 -99 -99 -99 -99 -99 -99 0.862586054782239
0.49821731232092 -99 -99 -99 -99 -99 -99 -99 -99 -99 -99 -99 -99 -99 -99
-99 -99 -99 -99 -99 -99 -99 -99 -99 -99 -99 -99 -99 -99 -99
-99 -99 1.69268299553533 -99 -99 -99 -99 -99 -99 -99 -99 -99 -99 -99 -99
-99 -99 -99 -99 -99 1.36879275700037 -99 -99 -99 -99 -99 -99 -99 -99 -99
-99 -99 -99 -99 -99 -99 -99 0.0953624870193637 1.73956717873321 3.90180616443755 -99 2.09739001621184 -99 2.31531834153993 -99
-99 0.735401793411308 -99 -99 -99 -99 -99 -99 -99 -99 -99 -99 -99 -99 2.29345438195589
-99 -0.723368048714066 -99 1.85163782958749 -99 -99 -99 -99 -99 -99 -99 -99 -99 -99 -99
-99 -99 -99 -99 -99 0.615813519072467 2.26869244116963 -99 -99 -99 -99 -99 -99 -99 -99
-99 -99 -99 -99 -99 -99 -99 -99 -99 -99 -99 -99 -99 -99 -99
-99 0.83272176676463 -99 -99 -99 -99 -99 -99 1.01572600273198 -99 -99 -99 -99 -99 -99
-99 -99 -99 1.27753093044204 -99 -99 -99 -99 -99 -99 -99 1.19448402695905 -99 -99 -99
-99 -99 -99 -99 -99 -99 -99 -99 -99 -99 -99 -99 -99 -99 1.48171343467742
-99 -99 -99 2.04126269663147 -99 -99 -99 -99 -99 -99 -99 -99 -99 1.18983499534205 -99
-99 -99 0.309696138368137 -1.00002932814872 -99 -99 -99 -99 -99 -99 -99 -99 -99 -99 -99
-99 1.63722735247457 -99 -99 -99 -99 -99 -99 -99 -99 -99 -99 -99 -99 -99
-99 -99 -99 -99 -99 -99 -99 -99 -99 -99 -99 -99 -99 -99 -99
-99 -99 -99 -99 -99 -99 -99 -99 -99 -99 0.456307443332044 -99 -99 -99 -99
-99 -99 -99 -99 -99 -99 -99 1.41226313651879 -99 -99 -99 -99 0.842356068155505 -99 -99
-99 -99 -99 0.545306177684605 -99 -99 -99 -99 -99 -99 1.918627134855 -99 -99 -99 -99
-99 -99 -99 -99 -99 -99 -99 -99 -99 -99 -99 -99 -99 -99 -99
-1.04075353598237 -99 -99 -99 -99 -99 -99 -99 -99 -1.07637870444776 -99 -99 -99 -99 -99
-99 -99 -99 -99 -99 -99 -99 -99 -99 -99 -99 -99 -99 -99 -99
1.94962053951219 1.25034128647621 -99 -99 -99 -99 -99 -99 -99 -99 -99 -99 1.02336651637781 -99 -99
-99 -99 -99 -99 1.16781624416509 -99 -99 -99 -99 -99 -99 -99 0.458811106662553 -99 -99
-99 -99 -99 -99 2.09911909253726 -99 -99 -99 -99 -99 -99 -99 -99 -99 -99
0.458332845893769 -99 -99 -99 -99 -99 -99 -99 -99 0.640624074519278 -99 -99 -99 -99 -99
-99 -99 -99 -99 -99 -99 -99 -99 -99 -99 -99 -99 -99 -99 -99
-99 -99 -99 -99 -99 -99 -99 -99 -99 -99 -99 -99 -99 -99 -99
-99 -99 -99 -0.351928448334414 -99 -99 0.0803306875272398 -99 -99 -0.383836713115708 -99 -99 -99 -99 0.521418255489998
-99 -99 -99 -99 -99 -99 -99 -99 -99 -99 3.15132487311584 -99 1.08813757009027 -99 1.52206695616746
-99 -99 -99 -99 -99 -99 -99 -99 -99 -99 -99 -99 -99 -99 -99
-99 -99 -99 -99 -99 -99 -99 -99 0.0860898832954277 -99 -99 -99 -99 -99 -99
-99 -99 -99 -99 -99 -99 -0.061534643345458 -99 -99 -99 -99 -99 -99 -99 -99
-99 -99 -99 -99 -99 -99 -99 -99 -99 -99 -99 1.47426340522201 -99 -99 -99
-99 -99 -99 -99 2.13704556627734 -99 -99 -99 -99 -99 -99 -99 2.28714267551744 -99 -99
-99 -99 -99 -99 -99 -99 -99 -99 -99 -99 -99 -99 -99 -99 -99
-99 -99 -99 -99 -99 -99 -99 -99 -99 -99 -99 -99 -99 -99 -99
-99 -99 -99 -99 -99 -99 -99 -99 -99 -99 -99 1.22293272317243 -99 -99 -99
-99 -99 -99 -99 -0.195566307581506 -99 -99 -99 -99 -99 -99 -99 -1.79422081416536 -99 -99
-99 -99 -99 -99 -99 -99 -99 -99 -99 -99 -99 -99 -99 -99 -99
-99 -99 -99 -99 -99 -99 -99 -99 -99 -99 -99 -99 -99 -99 -99
-99 -99 -99 -99 -99 -99 -99 -99 -99 -99 -99 -99 1.00027112873726 -99 -99
-99 -99 -99 -99 -99 -99 -99 -99 -99 -99 -99 -99 -99 -99 -99
-99 -99 -99 -99 -99 -99 -99 -99 -99 1.9001168083317 -99 -99 -99 3.00361057388014 -99
-99 -99 -99 -99 -99 -99 -99 -99 -99 -99 -99 -99 -99 -99 -99
-99 -99 -99 -99 -99 -99 -99 -99 -99 -99 -99 -99 -99 -99 -99
-99 -99 3.91607046740734 -99 -99 -99 -99 -99 3.0930762999005 -99 -99 -99 -99 -99 -99
-99 -99 -99 -99 -0.724396928535907 -99 0.662458168118999 -0.450987088533325 0.39925768918863 -99 -99 0.691495375410442 -99 -99 -99
-99 -99 -99 -99 -99 -1.15866954302299 -99 -99 -99 0.546166671878255 -99 -99 -99 -99 -99
-99 -99 0.507788957450994 -99 -99 -99 -99 -99 -99 -99 -99 -99 -99 -99 -99
-99 -0.969694299820945 -99 -99 -99 -99 -99 -99 -99 -99 -99 -99 -99 -99 -0.49196076190727
-99 -99 -99 -99 -99 -99 -99 -99 -99 -99 -99 -99 -99 -99 -99
-99 -99 -99 -99 -99 -99 -99 -99 -99 -0.0379222567126047 1.96978657731819 -99 -99 -99 -99
-99 -99 -99 -99 -99 -99 -99 -99 -99 -99 -99 -99 -99 -99 -99
-99 -99 -99 -99 -99 -99 -99 -99 -99 -99 -99 -99 -99 -99 -99
-99 -99 1.932581314335 -99 -99 -99 -99 1.96094010541387 1.77905728232446 -99 -99 -99 -99 2.50722025438799 -99
-99 -1.16734627324339 -99 -99 -99 -99 -99 -99 -99 -99 -99 -0.970629275746087 -99 -99 -99
-99 -99 -99 -99 -99 -99 -99 -99 -99 -99 -99 -99 -99 -99 -99
-99 -99 -99 -99 -0.198681525818163 -99 -99 -99 -99 -99 -99 -99 -99 -99 -99
-99 -99 -99 -99 -99 -99 -99 -99 -99 -99 1.55539273051951 -99 -99 -99 -99
0.431940859206007 -99 -99 -99 -99 -99 -99 -99 -99 -99 -99 -99 -99 -99 -0.650561394284763
-99 -99 -99 -99 -99 -99 -99 -99 0.637644779574415 -99 -99 -99 -99 -99 -99
0.275996515336101 -99 -99 -99 -99 -99 -99 -99 -99 -99 2.07996563099208 -99 -99 -99 -99
-99 -99 -99 -99 -99 -99 -99 -99 3.57755289384784 -99 -99 -99 -99 -99 -99
-99 -99 -99 -99 -99 -0.129079541947841 -99 -99 -99 -99 0.272998820268697 0.0831968924192825 0.884642380151671 -99 -99
-99 -99 -99 2.50855835404847 -99 5.52382570024935 -99 -99 -99 -99 -99 -99 -99 -99 -99
-99 -99 -99 -99 -99 -99 -99 -99 -99 -99 -99 -99 -99 -99 -99
-99 -99 -99 -99 -99 -99 -99 -99 -99 -99 -99 -99 1.62445796986232 -99 -99
-99 -99 -99 2.3972562833843 -99 -99 -99 -99 -99 -99 -99 -99 -99 -99 -99
-99 -99 -99 -99 -99 -99 -99 -99 -99 -99 -99 -99 -99 -99 -99
-99 -99 -99 -99 -99 -99 -99 3.65294175387894 -99 -99 -99 -99 -99 -99 -99
-99 -99 0.474278426941092 -99 -99 -99 -99 -99 -99 -99 -99 -99 -99 -99 -99
-99 -99 -99 -99 -99 2.60975476936003 -99 -99 -99 -99 -99 0.302142569451544 -99 -99 -99
-99 -99 -99 -99 -99 -99 -99 -99 -99 -99 -99 -99 -99 -99 -99
-99 -99 -99 -99 -99 -99 -99 -99 -99 -99 -99 -99 -99 -99 -99
-99 -99 -99 -99 -99 -99 -0.248595228118304 -99 -99 -99 -99 -99 -99 -99 -99
-99 -99 -99 -99 -99 -99 -99 0.594117475220939 -99 -99 -99 -99 -99 0.988645426547318 -99
-99 -99 -99 -99 -99 -99 -99 -99 -99 -99 -99 -99 -99 -99 -99
-99 0.403594324270567 -99 -99 -0.23032037161319 -99 -99 -99 -99 -99 -99 -99 -99 -99 -99
-99 -99 -99 -99 -99 -99 -99 -99 -99 -99 -99 -99 -99 -99 -99
-99 -99 -99 -99 -99 -99 -99 -99 -99 -99 -99 -99 -99 -99 -99
-99 -99 -99 -99 -99 -99 -99 -99 -99 -99 -99 -99 -99 -99 -99
-99 -99 -99 -99 -99 -99 -99 2.98749067812343 -99 -99 -99 3.29450475823282 -99 -99 1.76254402760832
-99 -99 -99 -99 0.195735835186809 -99 -99 -99 -99 -99 1.94287233943535 -99 -99 -99 0.193445698407643
-99 -99 -99 -99 -99 -99 -99 -99 -99 -99 -99 -99 -99 -99 -99
-99 -99 -99 -99 -99 -99 -99 -99 -99 -99 -99 -99 -99 -99 -99
-99 -99 -99 -99 -99 -99 -99 -99 -99 -99 -99 -1.60904238373472 -99 -99 0.65736574508363
-99 -99 2.64147853541425 -99 -99 -99 -99 -99 -99 -99 -99 -99 -99 -99 -99
-99 -99 -99 -99 -99 -99 -99 -99 -99 -99 1.64665774368221 -99 -99 -99 -99
-99 -99 -99 -99 -99 -99 -99 -99 -99 -99 -99 -99 -99 -99 -0.972334600945663
-99 -99 -99 -99 -99 -99 -99 1.36664498042813 -99 -99 -99 -99 -99 2.45842860873129 -99
-99 2.23826745022248 -99 -99 -99 -99 -99 0.346520994058695 -99 -99 -99 -99 -99 -99 -99
-99 -99 -99 -99 -99 -99 1.82382519557756 -99 -99 -99 -99 -99 -99 -99 -99
-0.177969752399242 -99 -99 -99 1.24035137053439 -99 -99 -99 -99 -99 -99 -99 -99 -99 -99
-99 -99 -99 -99 -99 -99 -99 -99 -99 -99 -99 -99 -99 -99 -99
-99 -99 -99 -99 -99 -99 -99 -99 -99 -99 -99 -99 -99 -99 -99
-99 -99 2.68835676578161 -99 -99 -99 -99 -99 -99 -99 -99 -99 -99 -99 -99
-99 -99 -99 -99 -99 -99 -99 -99 -99 -99 -2.15772483520777 -0.304266012854211 -99 -99 -99
-99 -99 -99 -99 -99 -99 -99 -99 -99 -99 -99 -99 -99 -99 -99
-99 -0.0574549123647705 -99 -99 -99 -99 -99 -99 -99 -99 -99 -99 -99 -99 -99
-99 -99 -99 -99 -99 -99 -99 -99 -99 -99 -99 -99 -99 -99 -99
-99 -99 -99 -99 -99 2.20013841485856 -99 -99 -99 -99 -99 0.969063463229731 -99 -99 -99
-99 -99 -99 -99 -99 -99 -99 -99 -99 -99 -99 -99 -99 -99 -99
-99 -99 -99 -99 -99 -99 -99 -99 -99 -99 -99 -99 -99 -99 -99
-99 -99 -99 -99 -99 -99 -99 -0.728650418618634 -99 -99 -99 -0.0801567111627808 -99 -99 -99
-99 -99 -99 -99 -99 -99 -99 -99 -99 -99 0.0164207876941388 -99 -99 -99 -99
-99 -99 0.491376276292035 -99 -99 -99 -99 -99 -99 -99 -99 -99 -99 -99 -99
-99 -99 -99 -99 -99 -99 -99 -99 -99 -99 -99 -99 -99 -99 -99
-99 -99 0.805148909037603 -99 -99 -99 -99 -99 -99 -99 -99 -99 -99 -99 -99
2.12557362385231 -99 -99 2.26027894544533 -99 -99 -99 -99 -99 -99 -99 -99 -99 -99 -99
-99 -99 -99 -99 -99 -99 -99 -99 -99 -99 -99 -99 -99 -99 -99
-99 -99 -99 -99 0.617230565671171 -99 -99 -99 -99 -99 -99 -99 -99 -99 -99
-99 1.03099293662598 1.3880493563207 -99 0.0323536452512178 -99 -99 -99 -99 -99 -99 -99 -99 -99 0.713237496223063
-99 -99 -99 -99 -99 -99 -99 -99 -99 -99 -99 -99 -99 -99 -2.05620594290991
-99 -99 -99 -99 -99 -99 -99 2.1909349172262 -99 -0.493823118475204 -99 0.650324191349759 -99 -99 -99
-99 -99 -99 -99 -99 -1.41254162371972 -99 -99 -99 -99 -99 -1.50520017365829 -99 -99 -99
-99 -99 -99 -99 1.49949982472462 -99 0.311725460541862 2.23074316116077 -99 -99 -99 0.645105999237751 1.03601479276222 0.699213788039881 0.762627073641899
-99 -99 -99 -99 -99 -99 -99 -99 -99 -99 -99 -99 -99 -99 -99
-99 -99 0.755238366342875 2.41298872946573 -99 -99 -99 -99 -99 -99 -99 2.80372395734274 -99 -99 -99
-99 -99 -99 -99 -99 -99 -99 -99 -99 -99 -99 -99 -99 -99 -99
-99 -99 -99 -99 -99 2.81757129971063 -99 -99 -99 -99 -99 -99 -99 -99 -99
-99 -99 -99 -99 -99 -99 -99 0.75940733683019 -99 1.73286264992406 0.845527838694533 -99 -99 -99 -99
-99 -99 -99 -99 -99 -99 -99 -99 -99 -99 -99 -99 -99 -99 -99
-1.19517889143054 0.668320852796431 -99 3.0501365393933 -99 -99 -99 -99 -99 -99 -99 -99 -99 -99 -99
-99 -99 -99 1.61825122679414 -99 -99 -99 -99 -99 0.409870959000057 -99 -99 -99 -99 -99
-99 -99 -99 -99 -99 -99 -99 -99 -99 -99 -99 -99 -99 -99 -99
-99 -99 -99 1.0450901532367 -99 -99 -99 -99 -99 -99 -99 2.13248429168834 -99 -99 -99
2.11429816860014 -99 -99 -99 -99 -99 -99 -99 -0.185036469182819 -99 -99 -99 -99 -99 -99
-99 -99 -99 -99 -99 -99 2.0926386834315 -99 -99 -99 -99 -0.462324290533362 -99 -99 -99
-99 4.6901975692393 4.41905867902021 -99 -99 -99 -99 -99 -99 -99 -99 -99 -99 1.70287218290087 -99
-99 1.44522191855462 -99 -99 -99 -99 -99 -99 -99 -99 -99 -99 -99 -99 -99
-99 -99 -99 -99 -99 -99 -99 -99 -99 -99 -99 -99 -99 -99 -99
-99 -99 -99 -99 -99 -99 -99 -99 -99 -99 -99 -99 -99 -99 -99
-99 -99 -99 -99 -99 -99 -99 -0.426990833653701 -99 -99 -99 -99 -99 -99 -0.5234734964096
-99 -99 -99 -99 -0.594762976844568 -99 -99 -99 -99 -99 -99 -99 -99 -99 -0.90253534095808
-99 -99 -99 -1.00458866952919 -99 -99 -99 -99 2.3273694935885 -99 -99 -99 -99 -99 -99
-99 -99 -99 -99 -99 -99 -99 -99 -99 -99 -99 -99 -0.879388625837331 -99 -99
-99 -99 -99 -99 -99 -99 -99 -99 -99 -99 -99 -99 -99 -99 -99
-99 -99 -99 -99 -99 -99 -99 -99 -99 -99 -99 -99 2.66619763976635 -99 -99
-99 -99 -99 1.49324935328651 -99 -99 -99 -99 -99 0.874215547605421 -0.314133988485247 -99 -99 -99 -99
-99 -99 -99 -99 -99 -99 -99 -99 -99 -99 -99 -99 -99 -99 -99
-99 -3.00822739820695 -99 -99 -99 -99 -99 -99 -99 -99 -99 -99 -99 -99 -99
-99 -99 -99 -99 -99 -0.498056836681836 -99 -99 -99 -99 -99 -99 -99 -99 -99
-99 -99 -99 -99 -99 -99 -99 -99 -99 -99 -99 -2.13137471000866 -99 -99 -0.370455447383263
-99 -99 -99 -99 -99 -99 -99 -99 -99 -99 -99 -99 0.985935490779587 0.276731310597184 -99
-99 -99 -99 1.46009090535516 -99 -99 -99 -99 -99 -99 1.47474279797433 -99 -99 1.12850575855561 0.72640878105826
-99 -99 -99 -99 -99 -99 -99 -99 -99 -99 -99 -99 -99 -99 -99
-99 -99 -99 -99 -99 -99 -99 -99 -99 -99 -99 -99 -99 -99 -99
-99 -99 -99 -99 -99 -99 -99 -99 -99 -99 -99 1.14870997669065 -99 -99 -99
-99 -99 -3.09248107731003 -99 -99 -99 -2.41528061854435 -99 -99 -1.56810852214502 -99 -99 -99 -99 -99
-99 -99 0.476704866442295 0.362287488589299 -99 -99 -99 -99 -99 -99 -99 -99 -99 -99 -99
-99 -99 -99 -99 -99 -99 -99 0.324363918530941 -99 -99 -99 0.0828456490330652 -99 -99 -99
-99 -99 -99 -99 -99 1.50353964061511 -99 -99 -99 -99 -99 1.53631405738255 -99 -99 -99
-99 -99 -99 -99 -99 1.94175298612268 -99 -99 -99 -99 -99 -99 -99 -99 -99
-99 -99 -99 -99 -99 -99 -99 -99 -99 -99 -99 -99 -99 -99 -99
-99 -99 -99 -99 -99 -99 -99 -99 -99 -99 -99 -99 -99 -99 -99
-99 -99 -99 -99 -99 1.51310429318689 -99 -99 -99 -99 -99 -99 -99 -99 -99
-99 -99 -99 -99 -99 -99 0.154118411954982 -99 -99 -99 0.205357386799 -99 -99 -99 -99
-99 -99 -99 -99 -99 -99 -99 -99 -99 -99 -99 -99 -99 -99 -99
-99 -99 -99 -99 -99 -99 -99 -99 -99 -99 -99 1.31432882608999 1.09086360832186 -99 -99
-99 -99 -99 -99 -99 -99 -99 -99 -99 -99 -99 -99 -0.408200060676182 0.0720278342595428 -0.722302541369499
-99 -99 0.699592043381005 -99 -99 -99 -99 -99 -99 -99 -99 -99 -99 -99 -99
-99 -99 0.181304777583164 -99 -99 -99 -99 -99 -99 -99 -99 -99 -99 -99 -99
-99 -99 -99 -99 -99 -99 -99 -99 -99 -99 -99 -99 -99 -99 -99
-99 -99 -99 -99 -99 -99 -99 -99 -99 -99 1.16601162976675 -99 -99 -99 -99
-99 -99 -99 -99 -99 0.312722042711754 -99 -99 -99 -99 -99 -99 1.39860418815672 -99 -99
-99 -99 -99 -99 -99 -99 -99 -99 -99 -99 -99 -99 -99 -99 -99
-99 -99 -99 -99 -99 -99 -99 -99 0.876396575019585 1.57280224273102 -99 -99 -99 -99 -99
-99 1.05179242685465 -99 2.10064997664083 -99 -99 -99 -99 -99 -99 2.22979677836442 1.91279625341443 -99 -99 -99
-99 -99 -99 -99 -99 -99 2.20841041557835 -99 -99 -99 1.4465997089 -99 -99 -99 -99
-99 -99 1.02855364327359 -99 -99 -99 -99 -99 -99 -99 -99 -99 -99 -99 -99
-99 -99 -99 -99 -99 -99 0.662589690649949 -0.670136740356923 -99 -99 -99 -99 -99 -99 -99
-99 -99 -99 -99 -99 -99 -99 -99 -99 -1.27287461782413 -99 -99 -99 -99 -99
-99 1.78011157377064 -99 -99 3.02080499424368 -99 0.512488442253932 -99 -99 -99 -99 -99 -99 -99 -99
-99 -99 -99 -99 -3.52803648310065 -99 -99 -99 -99 -99 -99 -99 -99 -99 -99
-99 -99 -99 -99 -0.976252567863867 -99 -99 -99 -99 -99 -99 -99 -99 -99 -99
-0.120832737269105 -99 -99 -99 -99 -0.239086904924093 -99 -99 -99 1.11205938535806 -99 -99 -99 -99 -99
-99 -99 -99 -99 0.934721434282439 -99 -99 -99 -99 -99 1.25508148015553 -99 -99 1.34435182551838 -99
-99 -99 -99 -99 -0.684898476300738 0.0568765138358956 -99 -99 -99 -99 -99 -99 -99 -99 1.4933399419523
-99 -99 -99 -99 -99 -99 -99 -99 -99 -99 -99 -0.0650559269466588 -99 -99 -99
-99 -99 -99 -99 -99 -99 -99 -99 2.74336410143776 -99 -99 -99 3.69321994004714 -99 -99
-99 -99 -99 -99 -99 -99 -99 -99 -99 -99 -99 -99 -99 -99 -99
-99 -99 -99 -99 -99 0.0842367796233909 -99 -99 -99 -99 -99 -99 -99 -99 -99
-99 -99 -99 -99 0.151950249890486 3.21681297379653 -99 -99 -99 -99 0.4180865412684 -99 -99 -99 -99
-99 -99 -99 -99 -99 -0.00500093929732914 -99 -99 -99 -99 -99 -99 -99 -99 -99
-99 -99 -99 -99 -99 -0.241297201795495 -99 -99 -99 0.61425180740701 -99 -99 -99 -99 0.880629780998256
-99 -99 -99 -99 -99 -99 -99 -99 -0.957966891149365 -99 -99 -99 -99 -99 -99
-99 -99 -99 -99 -99 -99 -99 -99 -99 -99 -99 -99 -99 -99 -99
-99 -99 -99 -99 -99 -99 -2.82077129738993 -99 -99 -99 -99 -99 -99 -99 -99
-99 -0.986603386564365 -99 -99 -99 -99 -99 -99 -99 -99 -99 -99 -99 -99 0.415055040865132
-0.330834625791569 -99 -99 -99 -99 -99 0.634149036704321 -99 -99 -99 -99 -99 -99 0.166916689318556 -99
-99 -99 -99 -99 -99 -99 -99 -0.792244370141846 -99 -99 -1.49563408611683 -99 -99 -99 -99
-99 -99 -99 -99 3.06033005019509 -99 -99 -99 -99 -99 -99 2.8962955827742 -99 -99 -99
-99 -99 -99 -99 -99 -99 -99 -99 -99 -0.30222044331265 -99 -99 -99 -99 -99
-99 -99 -99 -99 -99 -99 -99 -99 -99 -99 -99 -99 -99 -99 2.52379325900202
-99 0.408769956110786 -99 -99 -99 -99 -99 -99 -99 -99 0.248371179516166 -99 -99 -99 -99
-99 -99 -99 -99 -99 -99 -99 -99 -99 -99 -99 -99 -99 -99 -99
-99 0.175805201161903 -99 -99 -99 -99 -99 -99 -99 -99 -99 -99 -0.715423264446185 -99 -99
-99 -99 -99 -99 -99 -99 -99 -99 -99 -99 -99 -99 -99 -99 -99
-99 -99 -99 -99 -99 -99 -99 0.497956969478325 -99 -99 -99 -99 -99 -99 -99
-99 -99 -99 -99 0.509186080911891 -99 -99 -99 -99 -0.763363986222553 -99 -1.29213646129735 -99 -99 -99
-99 -99 -1.4145681867256 -99 -99 -1.86615579526386 -2.34817883997155 -99 -99 -99 -99 -0.173448393382264 -99 1.66979821985986 -99
-99 -99 -99 -99 -0.805606721395324 -99 -99 -99 -99 -99 -99 -99 1.93455776063095 -99 -99
-99 -99 -99 -99 -99 -99 -99 -99 -99 -99 -99 -99 -99 -2.49299954672593 -99
-99 -99 -99 -99 -99 -99 -99 -99 -99 -99 -99 -99 -99 -99 2.16517416427186
-99 -99 -99 -99 -99 -99 -99 -99 -99 -99 -99 -99 -99 -99 -99
-99 1.13138751143373 -99 -99 -99 -99 -99 -99 -99 -99 -99 -99 2.53622285048644 -99 -99
-99 -99 -99 -99 -99 0.810588332414228 -99 -99 -99 -99 -99 -99 -0.523838569670479 -99 -99
0.139932500494178 -99 -99 -99 -99 1.29494037798983 -99 -99 -99 -99 -99 -99 -99 -99 -99
-99 -99 -99 -99 -99 2.93045282886345 -99 -99 -99 -99 -99 2.77358599380409 -99 -99 -99
-99 -99 -99 -99 -99 -99 -99 -99 -99 -99 -99 -99 -99 -99 0.954304191456512
-99 -99 -99 -99 -99 -99 -99 -99 -99 -99 -99 -99 -99 -99 -99
1.98802935328349 -99 -99 -99 -99 -99 -99 -99 -99 -99 -99 -99 -99 -99 1.10026797343031
-99 -99 -99 -99 -99 -99 2.09343971924999 -99 -99 -99 -99 -99 2.03814534477437 -99 -99
-99 -99 -99 -99 -99 -99 -99 -99 -99 -99 -99 -99 -99 -99 -99
-99 -99 -99 -99 -99 0.492384874339119 -99 -99 -99 -99 -99 -99 -99 -99 -99
-1.33280592429248 -99 -99 -99 -99 -99 -1.32682366663022 -99 -99 -99 -99 -0.170461831360143 -99 -99 1.79559162584267
-99 0.057860386075212 -1.44846481060661 -99 -99 -0.0216143928249688 -99 -1.29919083515541 -99 -99 -99 -99 -99 -99 -99
-99 -2.18013010909154 -99 -99 -99 -99 1.07062116092329 -99 -0.535258565946183 -99 2.1642376263655 -99 -99 -99 -99
-99 -99 1.49794642534845 -99 -99 -99 -99 -99 -99 -99 -99 -99 -99 -99 -99
-99 -99 -99 -99 -99 -99 -99 -99 -99 -99 -99 -99 -99 -99 -99
-99 -99 -99 2.13255419350136 -99 -99 -99 -99 -99 -99 -99 -99 -99 -99 -99
-99 -99 -99 -99 -99 -99 -99 -99 0.852364531247464 2.32596765355914 -0.518416465073343 -99 -99 -99 -99
-99 -99 -99 -99 -99 -99 2.02002757497352 -99 -99 -99 -99 -99 1.91642933833935 -99 -99
-99 -99 -99 -99 -99 -99 -99 -99 -99 -99 -99 -99 1.96507794930111 0.179302901306082 -99
-99 -99 -0.49226785661429 -99 -99 -99 -99 -99 -99 -99 -99 1.84938435392555 -99 -99 -99
0.141441681412375 -99 -99 -99 -99 -99 -99 -99 -99 -99 -99 -99 1.23126154772049 -99 -99
-99 -99 -99 -99 -0.805563826684558 -99 -99 -99 -0.133211110224587 -99 -99 -99 -99 -99 -99
-99 -99 -99 -99 3.30785890714948 2.01179778723166 -99 2.06941258531247 -99 -99 -99 -99 -99 -99 -99
-99 -99 -99 -99 -99 -99 -99 1.17174942993694 -99 -99 -99 -99 -99 -99 -99
-99 -99 -99 -99 -99 -99 -99 -99 -99 -99 -99 -99 -99 2.79015860573843 -99
-99 -99 -99 -99 -99 -99 -99 -99 -99 -99 -99 -99 -99 -99 -99
-99 -99 -99 -99 -99 -99 -99 -99 -99 -99 -99 -99 -99 -99 -99
-99 -99 -99 -99 -99 -99 -99 -99 -99 -99 -99 -99 -99 -99 -99
-99 -99 -99 -99 0.635538728302075 -99 -99 -99 -99 -99 -99 -99 -0.871997385707992 -99 -99
-99 -99 -99 -99 -0.321081217419296 -99 -99 -99 -99 -99 -99 -99 -99 -0.85146407934657 -99
-99 -99 -99 -99 -99 -99 -99 -99 -99 -1.00230991905877 -99 -99 -99 -99 -99
-99 -99 -99 -99 -99 -99 -99 -99 -99 -99 -99 -99 -99 -99 -99
-99 -99 -99 -99 -99 -99 -99 -99 -99 -99 -99 -99 -99 -99 -99
-99 -99 0.844025834224965 -99 -99 -99 -99 -99 1.33508481376979 -99 -99 -99 -99 -99 1.59243583621717
-99 -99 -99 -99 -99 -99 -99 -99 -99 -99 -99 -99 -99 -99 -99
-99 -0.900693865329824 -99 -99 -99 -99 1.49359582919081 -99 -99 0.576046361001958 0.415830225927594 2.59127767916612 -99 -99 -99
-99 2.90396289793304 -99 -99 -99 -99 -99 2.0500786669051 -99 -99 -99 -99 -99 -99 -99
-99 -99 -99 -99 -99 -99 -99 -99 -99 -99 -99 -99 -99 -99 -99
-99 -99 -99 -99 -99 -99 -99 -99 -99 -99 -99 -99 -99 -99 -99
-99 -99 -0.211780013105981 -99 -99 -99 -99 -99 -99 -99 -99 -99 -99 -99 -99
-99 -99 -99 -99 -99 -99 -99 -99 -99 -99 2.87798793675056 -99 -99 -99 -99
-99 -99 0.0200969652238695 -99 -99 -99 -99 -99 1.54273382238452 -99 -99 -99 -99 -99 -99
-99 -99 -99 -99 -99 -99 -99 -99 -99 -99 -99 -3.29820723630483 -99 -99 -99
2.5753256399809 -99 -99 -99 -99 -99 -99 -99 -99 -99 -99 -99 -99 -99 -99
-99 -99 -99 -99 1.39089304694731 -99 -99 -99 -99 -99 -99 -99 -99 -99 -99
-99 -99 -99 -99 -99 -99 -99 -99 -99 -99 -99 -99 -99 -99 -99
-99 -99 -99 -99 -99 -99 -99 -99 -99 -99 -99 -99 -99 -99 3.20766421992454
-99 -99 -99 -99 -99 -99 -99 -99 -99 -99 -99 -99 -99 -99 1.35768626589719
-99 -99 2.74670321525542 -99 1.74801705960748 -99 -99 -99 -99 -99 -99 -99 -99 2.2174758014476 -99
-99 -99 -99 0.921287484506696 1.02941157439092 -99 -99 -99 -99 -99 -99 1.74542909495067 -99 -99 -99
-99 -99 -99 -99 -99 -99 -99 0.617986445186471 -99 -99 -99 -99 -99 -99 -99
-99 -99 -99 -99 -99 -99 -0.397479714175695 -99 -99 -99 -99 -99 -99 -99 -99
-99 -99 -99 -99 0.790124649587091 -99 -99 -99 1.36376835430063 -99 -99 0.0210942914406818 -99 -99 -99
-99 -99 -99 -99 1.68474751528654 -99 -99 -99 -99 -99 -99 -99 -99 -99 -99
-99 -99 -99 -99 -99 -99 -99 0.088812372111428 -99 -99 -99 -99 0.629569246184482 -99 -99
-99 -99 -99 -99 -2.8707724043274 -99 -99 -99 -99 -99 -99 -99 -99 -99 -99
-99 -99 -99 -99 -99 -99 -99 -99 -99 -99 -99 -99 -99 -99 0.431212098173273
-99 -99 -99 -99 -99 -99 -99 -99 -99 -99 -99 -99 -99 -99 -99
-99 -99 -99 -99 -99 -99 -99 -99 -99 -99 -99 -99 2.62060337935724 -99 -99
-99 -99 -99 1.80087161472086 2.81593871734886 -99 -99 -99 -99 -99 -99 -99 -99 -99 -99
-99 -99 -99 1.66170760278124 -99 -99 4.02353130312323 -99 0.918078666856068 -99 0.97314291408185 -99 -0.973883681135948 -99 -99
-99 -99 -99 -99 -99 0.0707442306145103 -99 -99 -99 -99 -99 -99 -99 -99 -99
-99 1.62465446507689 -99 -99 -99 -99 1.21755391524951 -99 -99 -99 -99 -99 -99 -99 1.64384474307914
-99 -0.120691573018585 -99 -99 -99 1.65253250955435 -99 -99 -99 -99 -99 -99 -99 -99 -99
-99 -99 -99 -99 -99 -99 -99 -99 -99 -99 -0.159025332536048 -99 -99 -99 0.958345300321084
-99 -99 -99 -99 -99 -99 -99 -99 -99 1.96822111958233 -99 -99 -99 -99 -99
-99 -99 -0.169915123407042 -99 -99 -99 -99 -99 -99 -99 -99 -99 -1.88391470832301 -99 -99
-99 -99 -99 -99 -99 -99 -99 -99 -99 -99 -99 -99 -99 -99 -99
-99 0.562906927984131 -99 -99 -99 -99 -99 -99 -99 -99 -99 -99 -99 -99 -99
-99 -99 -99 -99 -99 -99 -99 -99 -99 -99 -99 -99 -99 -99 -99
-99 -1.20131863352261 -99 -99 -99 -99 -99 -1.17947029420667 -1.73812550622006 -99 -99 -99 -99 -99 -99
-99 -99 -99 -99 -99 -99 -99 -99 -99 -99 0.306918641220545 -99 1.76052437873053 -99 -99
-99 -99 -99 -99 -99 -99 -99 -99 -99 -99 -99 -99 -99 -99 1.25472477183245
-99 -99 -99 -99 -99 -99 -99 -99 0.514090134185824 -99 -99 -99 -99 -99 -99
-99 -99 -99 -99 -99 -99 -99 -99 -99 -99 -99 -99 -99 -99 -99
-99 -99 -99 -99 -0.874027706396699 -99 -99 -99 -99 -99 -99 -99 -99 -99 -99
-99 -99 -99 -99 -99 -0.518081057020888 -99 -99 -0.0515434224228817 -99 -99 -99 0.242889366797764 -99 -99
-99 -99 -99 2.21990516575715 -99 3.90675708507295 -99 -99 -99 -99 -99 -99 -99 -99 -99
-99 -99 -99 -99 -99 -99 -99 -99 -0.458935717863749 -99 -99 -99 1.04576924330609 -99 -99
-99 -99 -99 2.58134143008289 -99 -99 -99 -99 -99 -99 -99 -99 -99 -99 -99
-99 -99 -99 -99 -99 -99 -99 -99 1.71218031193152 -99 -99 -99 -99 -99 -99
-99 -99 -99 0.487596948630668 -99 -99 1.42941004437379 -99 -99 -99 -99 -99 -99 -99 -99
-99 -99 -99 -99 -99 -99 -99 -99 -99 -99 -99 -99 -99 1.79111474503302 -99
-99 -99 -99 -99 -99 -99 -99 -99 -99 -99 -99 -99 -99 -99 1.73195027430992
-99 -99 -99 -99 -99 1.1029745803883 -99 -99 -99 -99 2.28388048197622 -99 1.8831012308397 -99 -99
-99 -99 -99 -99 -99 -99 -99 -99 -99 -99 -99 -99 -99 -99 -99
-99 -99 -99 -99 -99 -99 -99 -99 1.13556053210728 -99 -99 -99 -99 -99 -99
1.75164876244087 -99 -99 2.31752703668022 -99 -99 -99 -99 -99 3.88856740405742 -99 -99 -99 -99 -99
-99 -99 -99 -99 -99 -99 -99 -99 -99 1.79852527292982 -99 -99 -99 -99 -99
-99 -99 -99 -99 -99 -99 -99 -99 -99 -99 -99 -99 2.57966618780454 -99 1.99683511085759
-99 -99 -99 -99 -99 -99 -99 -99 -99 -99 -99 -99 -99 -99 -99
-99 -99 -99 -99 -99 -99 -99 -99 2.20732246221507 -99 -99 -99 -99 -99 -99
-99 -99 -99 -99 -99 -99 -99 -99 -99 -99 -99 -99 -99 -99 -99
-99 -99 -99 -99 -99 -99 -99 -99 -99 -99 -0.0935038237166428 -99 -99 -99 -99
-99 -99 -99 1.67962148939312 -99 -99 -0.479340379458571 1.93673656198896 1.09546555854521 -99 1.05255284020733 -99 -99 -99 -99
0.956527154369895 -99 -99 -99 -99 -99 -99 -99 -99 -99 -99 -99 -99 0.807420581552076 -99
-99 0.233019957962328 -99 -99 -99 -99 -99 -99 -99 -99 -99 -99 -99 -99 -99
-99 0.114594770382011 0.0203549563267242 -99 -99 -99 -99 -99 -99 -99 -99 -99 -99 -99 -99
-99 -99 -99 -99 -99 -99 -99 -99 -99 -99 -99 -99 -99 -99 -99
0.4753142727608 -99 -99 -99 -99 -99 -99 -99 -99 -99 -99 -99 -99 1.94794836294612 -99
-99 -99 -99 -99 -99 0.363791428959618 -99 -99 -99 2.71439044324907 2.29816014303899 -99 -99 -99 -99
-99 -99 -99 5.21636457155459 -99 -99 -99 -99 -99 -99 -99 -99 -99 -99 -99
0.564047154773498 -99 0.594781150983792 -99 -99 -99 -99 1.54726247517024 1.35701125086767 -99 -99 -99 -99 -99 -99
-99 -99 -99 -99 -99 0.722244121661955 -99 -99 -99 -99 -99 -99 -99 0.635220633067236 -99
-99 -99 0.137759743799055 -99 -99 -99 -99 -99 -99 -99 -99 -1.13689448275589 -99 0.343070388037872 -0.666640586399319
-99 -99 -99 -99 -99 -99 -99 -99 -99 2.33071534722242 -99 -99 -99 -99 -99
1.49778529404824 -99 -99 1.11677829186447 -99 -99 -99 -99 -99 -99 -99 -99 -99 -99 -99
-99 -99 -99 -99 -99 -99 -99 -99 -99 -99 -99 -99 -99 -99 -99
-99 -99 -99 -99 -99 -99 -99 0.527774774867581 -99 -99 -99 -99 -99 -99 -99
-99 -99 -99 -99 -99 -99 -99 -99 -99 -99 -99 -99 -99 -99 -99
-99 -99 -99 -99 -99 -99 -99 -99 -99 -99 -99 -99 -99 -99 -99
-99 -99 -99 -99 -99 -99 -99 -99 -99 -99 -99 -99 -1.54241471472494 -99 -99
-99 -99 -99 -99 -99 -99 0.295860141705991 -99 -99 -99 -99 -99 -99 -99 -99
-99 -99 -99 -99 -99 -99 -99 1.24762606927705 -99 -99 -99 -99 -99 -99 -99
-99 -99 -99 -99 -99 -99 -99 -99 -99 -99 -99 -99 -99 -99 -99
-99 -99 -99 -99 -99 -99 -99 0.248910426038665 -99 -99 -99 2.89270279203545 -99 -99 1.10015028808561
-99 -99 -99 -99 -99 -99 -99 3.21189591500799 -99 -99 -99 -99 -99 -99 -99
-99 -99 -1.97811543571206 -99 -99 -99 -99 -99 -0.119295910456148 -99 -99 -99 -0.559550280203863 -99 -99
-99 2.21073785029496 -99 -99 0.894110919494138 -99 -99 -99 -99 -99 -99 0.755074660804386 1.276458925526 -99 -99
-99 -99 -99 1.92251746563551 0.865264720740291 -99 -99 1.70051328815975 -99 -99 -99 -99 -99 -99 -99
-99 -99 -99 -99 -99 3.12483230783302 -99 -99 -99 -99 -99 -99 -99 -99 -99
-99 -99 2.59599937341648 -99 -99 -99 -99 -99 -99 -99 -99 0.694731341966322 -99 -99 -99
-99 -99 -99 -1.69297338670551 -99 -99 -99 -99 -99 -99 -99 -99 -99 -99 -99
-99 0.289516074682981 -99 -99 -99 0.47835633917138 -99 -99 -99 -99 -99 -99 -99 -99 -99
2.12085316636974 -99 -99 -99 -99 -99 -99 -99 -99 -99 -99 -99 -0.621143080928085 -99 -99
-99 -99 2.1804256190276 -99 -99 -99 -99 -99 -99 -99 -99 -99 -99 -99 -99
-99 -99 -99 -99 -99 2.03082468873043 -1.06473036340745 1.92323502232145 -99 -99 0.748319374484546 -99 -99 -99 -99
-99 1.49205603013583 -99 -99 -99 -99 -99 -99 -99 -99 -99 -99 -99 -99 -99
-99 -99 -99 -99 -99 -99 -99 2.20433140096875 -99 -99 -99 -0.426636459119357 -99 -99 -99
1.10406464322511 -99 -99 1.77889798304091 -99 -99 -99 -99 -99 -99 2.63202970003862 -99 -99 -99 -99
-99 -99 -99 -99 -99 -99 -99 -99 -99 -0.929722125992407 -99 -99 -99 -99 -99
-99 -99 -99 -99 -99 -99 -99 1.43871215215334 2.22171663544737 -99 -99 -99 -99 -99 -99
-99 -99 -99 -99 0.138663053457309 -99 -99 -99 -99 -99 -99 -99 -99 -99 -99
-99 -99 -99 -99 -99 -99 -99 -99 -99 -99 -99 -99 -99 -99 -99
-99 -99 -99 -99 -99 -0.872358543400041 -99 -99 -99 -99 -99 -99 -99 -99 -99
-99 -99 -99 -99 -99 -99 -99 -99 -99 -99 -99 -99 0.693038378814895 -99 -99
-99 -99 0.959797624756009 -99 -99 -99 -99 -99 -99 -99 -99 -99 -99 -99 -99
-99 -99 -99 -99 -99 -99 -99 -2.66520352168682 -99 -99 -99 -1.02195097713627 -99 -99 -99
-99 -99 -99 -99 -99 -99 -99 -0.746153891858053 -99 -99 -99 -99 -99 -99 -99
-99 -99 -99 -99 -99 -99 -99 -99 -99 -99 -99 0.756870626400628 -99 -99 -99
-0.545919009554698 -99 -99 1.22513711698357 -99 -0.979657035198516 -99 -99 -1.3050117025982 -99 -99 -99 -99 -99 -99
-99 3.28443235398298 -99 -99 -99 -99 -99 -99 -99 -99 -99 -99 -99 -99 -99
-99 -99 -99 -99 -99 -99 -99 0.00979660789779313 -99 -99 -99 -99 -99 -99 -99
-99 -99 1.23224532877939 -99 -99 -99 -99 -99 -99 -99 -99 -99 -99 -99 -99
2.91130698816291 -99 -99 -99 -99 -99 1.66741564622536 -99 -99 -99 -99 -99 -99 -99 -99
-99 -99 2.48998798386222 -99 -99 -99 -99 -99 -99 -99 -99 2.29603028134519 -99 -99 -99
-99 -99 -99 -99 -99 -99 -99 3.74111188373354 -99 -99 -99 -99 -99 -99 -99
-99 -99 -99 -99 -99 -99 -99 -99 -99 -99 -99 -0.428592812951887 -99 -99 -99
-0.464426910732471 -99 -99 -99 -99 -99 -99 -99 -99 -99 1.20843216371719 0.511442323387375 -99 -99 -99
-99 -99 -99 -99 -99 -99 -99 -99 -99 -99 -99 -99 -99 -99 -99
-99 -99 -99 -99 -99 -99 -99 1.11713848525762 -99 -99 -99 -99 0.885850637769725 -99 -99
-99 -99 -99 -99 -99 -99 -99 -99 -99 -99 -0.996153347657226 -99 -99 -99 -99
-99 -99 -99 -99 -99 -99 -99 -99 -99 -99 -99 0.736800716556207 -99 -99 -99
-99 -99 -99 -99 -99 -99 -99 -99 -99 0.70988297418883 -99 -99 -99 -99 -99
3.07594901454556 -99 -99 -99 3.00392727288898 3.54812464713752 -99 -99 -99 -99 4.47753689168837 -99 -99 -99 -99
-99 -99 -99 2.2005914027858 -99 -99 -99 -99 -99 -99 -99 -99 -99 -99 -99
-99 -99 -99 -99 -99 -99 -99 -99 -99 -99 -99 -99 -99 -99 -99
-99 -99 -99 -99 -99 -99 4.01158286733476 -99 -99 -99 -99 1.9013707687972 -99 -99 -99
0.989417856762046 2.294074922391 1.8227060667475 -99 -99 -99 -99 -99 -99 -99 -99 -99 -99 -99 -99
-99 -99 -99 -99 -99 -99 -99 -99 -99 -0.333563733196085 -99 -99 -99 -99 -99
-99 -99 -99 -99 -99 -99 -99 -99 -99 -99 -99 -99 -99 -99 -99
-99 -99 -99 -99 -99 -99 -99 -99 -99 -99 2.08345832124616 -99 -99 -99 -99
-99 -99 -99 -99 -99 -99 -99 -99 -99 -99 0.0061494806345247 -99 -99 -99 -99
-99 -99 -99 -99 -99 -99 1.19397673234455 -99 -99 -99 -99 -99 -99 -99 -99
-99 -2.04756242858558 -99 -99 -99 -99 -99 -99 -99 -1.31201667889207 -99 -99 -99 -99 -99
-99 -99 -99 -99 -99 -99 -99 -99 -99 -99 -99 -1.08982045712426 -1.21734912248826 -99 -99
-99 -1.83338781721589 -99 -99 -99 -99 -99 -99 -99 -99 -99 -99 -99 -99 -99
-0.167013966720126 -99 -99 -99 -99 -99 -99 -99 -99 -99 -99 -99 -99 -99 -99
-99 -99 -99 -99 -0.0272120547149604 -99 -99 -99 -99 -99 -99 -99 0.789974620155052 2.04979154730507 -99
-99 -99 1.75736070284938 -99 -99 -99 -99 -99 -99 -99 -99 -99 -99 -99 2.78131063975531
-99 -99 -99 -99 -99 -99 -99 -99 -99 -99 -99 -99 1.95497525284502 -99 -99
-99 -99 -99 -99 -99 -99 -99 -99 0.0594821181124362 1.51325151872974 -99 -99 0.96514808161673 -99 -99
-99 -99 -99 -99 -99 -99 -99 -99 -99 -99 -99 -0.592174576932834 -99 -99 -99
-99 -99 -99 -99 -99 -99 -99 -99 -99 -99 -99 -99 -0.0354109320106093 -99 -99
0.355496632996441 -99 -99 -99 -99 -99 -99 -99 -99 -99 -99 -99 -99 -0.169480822626606 -99
-99 -99 -99 -99 -99 -99 -99 -99 -99 -99 -99 -99 -99 -99 1.37247839968695
-99 -99 -99 -99 -99 -99 -99 -99 -99 -99 -99 -99 -99 -99 -99
-99 -99 -99 -99 -99 -99 -99 -99 -99 -99 1.39835027625787 -99 -99 -99 -99
0.778947512276273 -99 -99 -99 -99 -99 -99 -99 -99 -99 -99 -0.896219119646744 -99 -99 -99
-99 -99 -99 -99 2.0269900722274 -99 -99 -99 -99 -99 -99 -99 -99 -99 0.858629018982787
-99 -99 -99 -99 -99 1.00212778339556 -99 -99 -99 -99 -99 -99 -99 -99 -99
-99 -99 -99 -99 -99 -99 3.14913308531389 -99 -99 -99 -99 -99 -99 -99 -99
-99 1.93284080406475 -99 -99 -99 -99 -99 -99 -99 -99 -99 -99 -99 -99 -99
-99 -99 -99 -99 -99 -99 -99 -99 -99 -99 -99 -99 -99 -99 -99
-99 -99 -99 -99 1.81538440731959 -99 -99 -99 -99 -99 -99 -99 -99 -99 -99
0.424900776532097 -99 -99 -99 -99 0.343389275989659 -99 -99 -99 -99 -99 0.0171647060663366 -0.111875930026062 -99 -99
-99 -99 -99 -99 -99 -99 -99 -99 -99 -99 -99 -99 -99 -99 -99
-99 -99 -99 -99 -99 -99 -99 1.38244742088689 -99 -99 -99 -99 -99 -99 -99
2.4775493513845 -99 -99 -99 -99 -99 -99 -99 -0.272736833564727 -99 -99 -99 -99 -99 -99
-99 -99 -99 -99 -99 -99 0.754390554532839 0.264785814460495 1.93515874973829 -99 -99 -99 -99 -99 -99
-99 -0.748724722822702 -99 -99 1.5204107957046 -0.133400195263471 -99 -99 -99 -99 -99 -99 -99 -99 -99
-99 1.41929986176841 -99 -99 1.43629217439589 -99 -99 -99 -99 -99 -99 -99 -99 -99 -99
-99 -99 -99 -99 -99 -99 -0.251236717954676 1.02188424808574 -99 -99 -99 -99 -0.663100333031837 -99 -99
-99 -99 -99 -99 -99 -99 0.163305775632525 1.42492866435913 -99 -99 -99 -99 -99 -99 -99
-99 -99 -99 -99 -99 0.885572749675776 -99 -99 -99 -99 -99 -99 -99 -99 -99
-99 -99 -99 -99 -99 -99 -99 -99 -99 -99 -99 -99 -99 -99 -99
-99 -99 -99 -99 -99 -99 -99 -99 -99 2.78211602791276 -99 -99 -99 -99 -99
-99 -99 -0.407963362866593 -99 -99 -99 -99 -99 -99 -99 -99 -0.406237964866492 -99 -99 -99
-99 -99 -99 -99 -99 -99 -99 -99 -99 -99 -99 -99 -99 -99 -99
-99 -99 -99 -99 2.35558245235553 -99 -99 -0.138303860247157 -99 -99 -99 -99 -99 -99 -99
-99 -99 0.952331193860182 -99 -99 -99 -99 -99 -99 -99 -99 -99 -0.23620978771178 -99 -99
-99 -99 2.83451592113982 -99 -99 -99 -99 -99 -99 -99 -99 -99 -99 -99 -99
-99 -99 -99 -99 -99 -99 -99 -99 -99 -99 -99 -99 -99 -99 1.60503408499136
-99 -99 -99 -99 -1.35744418907742 -99 -99 -99 -99 -99 -99 -99 -99 -99 -99
-99 -99 -99 -99 -99 -99 -99 -99 1.12891480333738 -99 -99 -99 -99 -99 -99
-99 0.914690198344226 -99 -99 -99 -99 -99 -99 -99 -99 -99 -99 -99 -99 -99
1.97517877180061 -99 -99 -99 -99 -99 -99 -99 -99 -99 1.09438522256784 -99 0.367667084345606 0.453849554845739 -99
-99 -99 -99 -99 -99 -99 -99 -99 -99 -99 -99 -99 -99 -99 -99
-99 -99 -99 -99 -99 -99 -99 -99 -99 -99 -99 -99 -99 -99 1.56199439661044
0.145487573484538 2.17769173460026 -99 -99 -99 -99 -99 -99 -99 -99 -99 -99 -99 -99 -99
-99 -99 -99 -99 -99 -99 -99 -99 -99 -99 -99 -99 -99 -99 -99
-99 -99 -99 -99 -99 -99 -99 -99 -99 -99 -99 -99 -99 -99 -99
-99 -99 -99 -99 -0.235766447714582 -99 -99 0.405434864574142 -99 -99 -99 -99 -99 -99 -99
-99 -99 -99 -99 -99 0.872361017443445 -99 -99 -99 -99 -99 -99 -99 -99 -99
-99 -99 -0.00769858412449786 -99 -99 -99 -99 -99 -99 0.671175440581862 -99 -99 -0.993681133323937 0.0261014741170221 -0.00891171655834389
-99 -99 1.06363093331983 -99 -99 -99 -99 -99 -99 -99 -99 -99 -99 -99 -99
-99 -99 -99 -99 -99 -99 -99 -99 -99 -99 0.523967481695112 -99 -99 -99 -99
-99 3.37501071849644 -99 -99 1.13115486565179 2.84320049646259 -99 -99 -99 -99 0.704494669756607 -99 2.22620707931339 -99 -99
-99 -99 -99 -99 -99 -99 2.76836640593758 -99 -99 -99 -99 0.455436925265108 -99 -99 -99
-99 -99 -99 -99 -99 -99 -99 -99 -99 -99 -99 -99 1.38501193018441 -99 -99
-99 -99 -99 -99 -99 -99 -99 -99 -99 1.19199952492996 -99 -99 -99 -99 -99
-99 -99 -99 -99 -99 -99 -99 -99 -99 -99 -99 -99 -99 -99 -99
-99 -99 -99 -99 -99 -99 -99 -99 -99 -99 -99 0.0582650839345135 2.75598059379294 -99 1.14366784051787
-99 -99 -99 -99 -99 -99 -99 -99 -99 -99 -99 -99 -99 -99 -99
-99 -99 -99 -99 -99 2.45929293984073 -99 -99 -99 2.66039465669682 -99 -99 -99 -99 -99
-99 -99 -99 -99 -99 -99 -99 -99 -99 -99 -99 -99 -99 -99 -99
-99 -2.09234760368223 -99 -99 -99 -99 -99 -99 -99 -99 -99 -99 -99 -99 0.270823442469545
-99 -99 2.27540027542168 -99 -99 -99 -99 0.438870166662092 -99 -99 -0.909422658649655 -99 -99 -99 -99
-99 -99 -99 -99 -99 -99 -99 0.589622477120279 2.84489163934069 -99 -99 -99 -99 -99 -99
-99 -99 -99 -99 -99 -99 -99 -99 -99 -99 -99 -99 -99 -99 -99
-99 -99 -99 -99 0.378869001903446 -99 -99 -99 -99 -99 -99 -99 -99 -99 -99
-99 -99 -99 0.0683183736289203 -99 -99 -99 0.474760759759567 -99 -99 -99 -99 -99 0.107274153650372 -99
-99 -99 -99 -0.301929318558189 -99 -99 -99 -99 -99 -99 -99 -99 -99 -99 -99
-0.75861275700406 -99 -99 -99 1.6547258728152 -99 -99 -99 -99 -99 0.235688736922974 -99 -99 -99 -99
-99 -99 -99 -99 -99 -99 -99 -99 -99 -1.33627633661723 -99 -99 -99 -99 -99
-99 -99 -99 -99 1.48156291143172 -99 -99 -99 -99 -99 -99 -99 -99 -99 -99
-99 -99 -0.0496779100298159 -99 -99 -99 -99 -99 -99 -99 -99 -99 1.26382207770733 -99 -99
-99 -99 -99 0.0819200118932253 0.257674611323 -99 -99 -99 -0.660208789985832 -99 1.11088821165047 -99 -99 -99 -99
-99 3.55191669215292 2.18219148784442 -99 -99 -99 -99 -99 -99 2.59992535042722 -99 -99 -99 -99 -99
-99 -0.581811678236567 -99 -99 -99 -99 -99 -99 -99 -99 -99 -99 -99 -99 1.26004593299981
-99 -99 -99 -99 -99 -99 1.92570650542985 -99 -99 -99 0.532727631149829 -99 -99 -99 -99
-99 -99 -99 -99 -99 2.30734997268158 -99 -99 -99 -99 -99 -99 -99 -99 3.15287808990366
-99 0.728796911743345 -99 -99 -99 -99 -99 -99 -99 -99 -99 -99 -99 -99 -99
-99 -99 0.567307460435846 -99 -99 -99 -99 -99 -99 -99 -99 -99 -99 -99 -99
-99 -99 -99 1.67668915587198 -99 -99 -99 -99 -99 -99 -99 -99 -99 -99 -99
-99 -99 -99 -99 -99 1.7087064852462 -99 -99 -99 -99 -99 -99 -99 -99 -99
-99 -99 -99 -99 0.367047404901513 -99 -99 -99 -99 -99 -99 -99 -99 -99 -99
-99 -99 2.06082303576757 -99 -99 -99 -99 -99 -99 -99 -99 -99 -99 2.29754836269096 -99
-99 -99 -99 -99 -99 -99 -99 -99 -99 -0.578565380736375 -99 -99 -99 -99 -99
-99 -99 -99 -99 -99 -99 -99 -99 -99 -99 -99 -99 -99 -99 -99
-1.08544028058855 -99 -99 -99 -99 -99 -99 1.68635681609601 -99 -99 -99 -99 -99 -99 -99
-99 -99 -99 -99 -99 4.32731367610625 -99 2.93935384021702 4.70126949226784 -99 -99 -99 -99 -99 -99
-99 -99 0.0721161047932648 -99 -99 -99 -99 -99 -99 -99 2.76407514575901 -99 -99 -99 -99
-99 -99 -99 -99 -99 -99 -99 -99 -99 2.44103801319473 -99 3.41693860053496 -99 -99 -99
-99 -99 -99 -99 2.6839500273037 -99 -99 -99 -99 -99 -99 5.69673343294205 -99 -99 -99
-99 -99 -99 -99 -99 -99 -99 -99 -99 -99 -99 -99 -99 -99 -99
-99 -99 -99 -99 -99 -99 -99 -99 -99 -99 -99 -99 -99 -0.323142585078877 -99
-99 -99 -99 -99 -99 -99 -99 -99 -99 -99 -99 -99 -99 -99 -99
-99 -99 -99 -99 -99 -99 -0.303222559681247 -99 -99 -99 -1.34980558776625 -99 -99 -99 -99
-99 -99 0.747156358360256 2.10848515182944 -99 -99 -99 -99 -99 -99 -99 -99 -99 -99 -99
-99 1.15979478373422 -99 -99 -99 -99 -99 -99 -99 -99 -99 -99 -99 -99 -99
-99 -99 -99 -99 -99 -99 -99 -99 -99 0.716036480103522 -99 -99 -99 -99 -99
-99 -99 -99 -0.268127384674097 -99 -99 -99 -99 -99 2.31668445027125 -99 -99 -99 -99 -99
-99 -99 -99 -99 -99 -99 -99 -99 -99 -99 1.5568408263728 -99 -99 -99 -99
-99 2.72595865174054 -99 -99 -99 -99 -99 -99 -99 -99 0.633177567256061 -99 -99 -99 -99
-99 1.07030329322609 -99 -99 -99 -99 -99 -99 -99 -99 -99 -99 1.09000824416329 -99 -99
-99 -99 -99 -99 -99 -99 -99 -99 -99 -99 0.655431881198364 -99 -99 -99 -99
-99 1.38624766813874 -99 -99 -99 -99 -99 -99 -99 -99 -99 -99 -99 -99 -99
-99 -99 -99 -99 -99 -99 -99 -99 -99 -99 -99 -99 -99 -99 -99
-99 -99 -99 -99 -99 0.49611299480759 -99 -99 -99 -99 -99 3.31640991729607 -99 -99 -99
-99 -99 -99 -99 -99 -99 -99 -99 -99 -99 -99 -99 -99 -99 -99
-99 -99 -99 -99 -99 -99 -99 -99 -0.588168879011868 -99 0.703201405450972 -99 -99 -99 -99
-99 -99 -99 -99 4.91312922826971 -99 -99 -99 -99 -99 -99 -99 -99 -99 -99
-99 -99 -99 -99 -99 -99 -99 -99 -99 -99 -99 -99 -99 -99 -99
-99 2.31333641397129 1.38735101838569 -99 -99 0.924240803218931 -99 -99 -99 -99 -99 2.59107282973352 -99 -99 -99
-99 -99 -99 -99 -99 0.17334200228835 -99 -99 -99 -99 1.01196517057334 -99 -99 1.71719356264597 -99
-99 -99 -99 -99 -99 -99 -99 -99 -99 -99 -99 -99 -99 1.27975074346135 -99
-99 -99 -99 -99 -99 -99 -99 0.939344709632157 -99 -99 -99 -99 -99 -99 3.42996116869271
-99 -99 -99 -99 -99 -99 -99 0.803810793503113 -99 -99 -99 1.2041041649348 -99 -99 -99
-99 -99 -99 2.56792020527252 -99 -99 -99 -99 -99 -99 -99 -99 -99 -99 -99
-99 -99 -99 -99 -99 -99 -99 -99 2.30188003030049 -99 -99 -99 0.0375654471536171 -99 -99
-99 -99 -99 -99 -99 -99 -99 -99 -99 -99 2.45867991982373 3.45429993305033 -99 -99 -99
-99 -99 -99 -99 -99 -99 -99 -99 2.89491796295556 -99 -99 -99 -99 -99 -99
-99 -99 -99 -99 -99 -99 -99 -99 -99 -99 -99 -99 -99 -99 -99
-99 -99 -99 -99 -99 -99 -99 -99 -99 -99 -99 -99 -99 3.37051884425803 -99
-99 -99 -99 1.19483759677368 -99 -99 -99 -99 -99 -99 -99 -99 -99 -99 -99
-99 0.56017210712255 -99 -99 -99 -99 -99 -99 3.22182666552591 -99 -99 -99 -99 -99 0.672574622083736
-99 -99 -99 -99 -99 2.62115986467751 -99 -99 -99 -99 -99 -99 -99 -99 -99
-99 1.06630713635591 -99 -99 -99 -99 -99 -99 -99 -99 -99 2.29235343614189 -99 -99 -99
-99 -99 -99 1.86543175864318 -99 -99 -99 -99 -99 -99 -99 -99 -99 -99 -99
-99 -99 -99 1.37335270566969 -99 -99 1.34725380922023 -99 -99 -99 -99 -99 -99 -99 -99
-99 -99 -99 -99 -99 -99 -99 -99 1.7774872180832 -99 0.777313325632756 -99 -99 -99 -99
-99 -99 -99 -99 -1.63201058985027 -99 -99 -99 -99 -99 1.85131313046892 -99 -99 -99 -99
2.98361374467159 -99 -99 -99 -99 -99 -99 -99 -99 -99 -99 -99 -99 -99 -99
-99 -2.20934924340704 -99 -99 -1.31562818124138 -99 -99 -99 -99 -99 -99 -99 -99 -99 -99
-99 -99 -99 -99 -99 -99 -99 1.63366727516912 -99 -99 -99 2.11722307435938 -99 -99 -99
-99 -99 -99 -99 -99 -99 -99 -99 -99 -99 -99 -99 -99 -99 -99
-99 -99 -99 -99 -99 -99 -99 -99 -99 -99 -99 0.423870773175333 -99 -99 -99
-99 -99 -99 -99 -99 -99 -99 -99 -99 -99 -99 -99 -99 -99 -99
-99 -99 -99 -99 -99 -99 -99 -99 -99 -99 -99 1.9968141205164 -99 -99 -99
-99 -99 -99 -99 -99 -99 -99 -99 -99 2.22078144392317 -99 -99 0.635327310138878 -99 -99
-99 -99 -99 -99 -99 -99 -99 -99 -99 -99 -99 -99 -99 -99 -99
1.60734128877421 -99 -99 0.855220501781879 -0.00582746152293456 -99 -99 -99 -99 -99 -99 -99 -99 -99 -99
-99 -99 -99 1.50238482501517 -99 -99 -99 -99 -99 -99 -99 -99 -0.913511767346437 1.66299402084051 -99
-99 -99 -99 -99 -99 -99 2.59957156432017 -99 -99 -99 -99 -99 -99 -99 -99
-99 -99 -99 -99 -99 0.673822810107889 -99 -99 -99 -99 -99 -99 -99 -99 -99
-99 -99 -99 -99 -99 -99 0.21813647249803 -99 -99 -99 1.16914359806027 -99 -99 -99 -99
-99 -99 -99 -99 -99 -99 -99 -99 -99 3.49371331328259 -99 -99 1.8223716599278 -99 -99
-99 -99 -99 -99 -99 -99 -99 1.00000147252478 -99 -99 -99 -99 -99 -99 -99
1.25677687438615 -99 -99 -99 -99 1.74526073149956 -99 -99 -99 -99 -99 -99 -99 -99 -99
-99 -99 -99 -99 -99 -99 -99 -99 -99 -99 -99 -99 -99 -99 -1.86966755524639
-99 -99 -99 -99 -99 -99 -99 -99 -99 -99 -99 0.171127034661571 -99 -99 -99
-99 -99 2.41202811292057 1.00125068826526 -99 -99 -99 -99 -99 -99 -99 3.42330642371959 -99 1.16419674291384 1.81217441496407
-99 -99 -99 -99 -99 -99 -99 -99 -99 -99 -99 -99 -99 -99 -99
-99 -99 -99 -99 -99 -99 -99 0.834887114385824 -99 -99 -99 -99 -99 -99 -99
-99 -99 -99 -99 -99 -99 -99 -99 -99 -99 -99 -99 -99 -99 3.29427964126103
0.995884772349494 -99 -99 -99 -99 2.34664777717325 -99 -99 -99 -99 -99 -99 -99 2.04147130834144 -99
-99 -99 -99 -99 -99 -99 -99 -99 -99 -99 -99 -2.12288042164617 -99 -99 -99
-99 -99 -99 -99 -99 -99 -99 -99 -99 -99 -99 -99 -99 -99 -99
-99 -99 -99 -99 -99 -99 -99 -99 -99 -99 -99 -99 -99 -99 -99
-99 -99 -99 0.258382646887421 -99 -99 -99 -99 -99 -99 -99 -99 -99 -99 -99
-99 -99 -99 0.209279582616992 -99 -99 -99 -99 -99 -99 -99 -99 -99 -99 -99
-99 -99 -99 -99 -99 -99 -99 -99 -99 -99 -99 -99 -99 -99 -99
-99 -99 -99 -99 -99 -99 -99 -99 -99 1.24302889281647 -99 -99 -99 -99 -99
-99 -99 -99 -99 -99 -99 -99 -99 -99 -99 -99 -99 -99 -99 -99
-99 0.538802455469799 -99 -99 -99 -99 -99 -99 -99 -99 -99 -99 -99 -99 -99
-99 -99 -99 -99 -99 -99 -99 -99 -99 -99 -99 -99 -99 -99 -99
-99 -99 -99 -99 -99 -99 -99 -99 -99 -99 -0.616328855478146 -99 -99 -99 -99
-99 -99 -99 -99 -99 -99 -99 -99 -99 -99 -99 -99 -99 -99 -99
-99 -99 -99 -99 -99 -99 -99 1.08672079170304 -99 -99 -99 -99 -99 -99 1.57357954439418
-99 -0.947919493002761 -99 -99 -99 -99 -99 -99 -99 1.35157316623543 -99 -99 -99 -99 -99
-99 -99 -99 -99 -99 -99 -99 -99 0.406009059090204 -99 -99 -99 -99 -99 -99
-99 -0.424903945906011 -99 -99 -99 -99 -99 -99 -99 -99 -99 -99 -99 -99 -0.0504101735028015
2.79987257065651 -99 -99 -99 -99 -99 -99 -99 -99 -99 -99 2.31873067281916 -99 -99 -99
-99 -99 -99 -99 0.259476763866214 -99 -99 1.81747856907065 -99 -99 -99 -99 -99 -99 -99
-99 0.364998118902768 -99 -99 -99 -99 -99 -99 -99 -99 -99 -99 -99 -99 1.64156621847407
-99 -99 -0.412188790147097 -99 -99 -99 -99 -99 -99 -99 -99 -99 -99 -99 -99
-99 -99 -99 -99 -99 -99 -99 -99 -99 -99 -99 -99 -99 -99 -99
-99 -99 -0.370715793829545 -99 -99 -99 -99 -99 -99 -99 -99 -99 -99 -99 -99
-99 -99 -99 -99 -99 -99 -99 -99 -99 -99 -99 -99 -99 -99 -99
-99 -99 -99 -99 -99 -99 -99 -99 -99 -99 -99 -99 -99 -99 1.49626767359055
-99 -99 -99 -99 -99 -99 0.460649379517379 -99 -99 -99 -99 -99 -99 -99 -99
0.0108683635527101 -99 -99 -99 -1.23900922152974 -99 -99 -99 -99 -99 -99 -99 -99 -99 0.812720245562996
-99 -1.45437297442768 -99 -99 -99 -99 -99 -99 -99 -99 -99 -99 -99 -99 -99
-99 -99 -99 -0.345579955808162 -99 -99 -99 -99 -99 -1.36069673666682 -99 1.99874549794785 -99 -99 -99
-99 -99 1.07511027566304 -99 0.027404846886987 -99 -99 -99 -99 -99 0.831427255434576 -99 -99 -99 -99
-99 0.891593341278598 -99 -99 -99 -99 -99 -99 -99 -99 -99 -99 -99 -99 -99
-99 -99 -0.170959955308702 -99 -99 -99 -99 -99 -99 -99 -99 -99 -99 -99 -99
-99 2.88953978259855 -99 -99 -99 -99 -99 -99 -99 -99 3.66811616739146 -99 -99 -99 -99
-99 -99 -99 -99 -99 0.709379028085554 -99 -99 -99 -99 -99 -99 -99 -99 -99
-99 -99 -99 -99 -99 -99 -99 -99 -99 -99 -99 -99 -99 -99 -0.407730938873792
-99 -99 -99 -99 -99 -99 -99 -99 -99 -99 -99 -99 -99 -99 -99
0.610546276569445 -99 -99 -99 -99 -99 1.61226825979699 -99 -99 -99 -99 -99 -99 -99 0.0966396300839303
-99 -99 -99 2.62062628743295 -99 -99 -99 -99 -99 -99 -99 -99 -99 -99 -99
4.11816410167973 2.19328600597735 -99 -99 -99 -99 -99 -99 -99 -99 -99 -99 -99 -99 -99
-99 -99 -99 -99 -99 -99 -99 -99 -99 -99 -99 -99 -99 -99 -99
-99 -99 -99 -99 -99 -99 0.743825242831582 -99 -99 -99 -99 -99 1.40131719711467 -99 -99
1.30404972276437 -99 -99 -99 2.01812768829049 -99 -99 -99 -99 -99 -99 -99 -99 -99 -99
-99 -99 -99 -99 0.17186083086211 1.339706094586 -99 -99 -99 -99 -99 -99 -99 -99 -99
3.67316810832992 -99 -99 -99 -99 -99 -99 -99 -99 -99 -99 2.65924105891506 -99 -99 -99
-99 -99 -99 -99 -99 -99 -99 -99 -99 -99 -99 -99 -99 -99 -99
0.8697442048795 0.266241619025576 -99 -99 -0.652602088464549 -99 -99 0.735070512381669 0.0766409238688577 -0.247406050877952 -99 -99 -99 -99 -99
-99 -99 -99 -1.52816156500888 -99 -99 -99 -99 -99 -99 -99 -99 -99 -99 -99
-99 -99 -99 -99 -99 -99 -99 -99 -99 -99 -99 -99 0.983574281985471 -99 -99
-99 -99 1.54760886277848 -99 -99 -99 -99 2.06212925169747 -99 -99 -99 -99 -99 -99 -99
-99 -99 -99 -99 -99 -99 -99 -1.94311314091737 -99 -99 -99 -99 -2.14004603138977 -99 -99
-99 -99 -99 -99 -99 -99 0.313539432166322 -99 -99 -99 -99 0.43921505759038 -99 -99 -99
-99 -99 -99 -99 -99 -99 -99 -99 -99 -99 -99 -99 -99 2.95682475659988 -99
-99 -99 0.395894565191957 -99 -99 -99 -99 -99 -99 -99 -1.51181134243283 -99 -99 -99 -99
-99 -99 -99 -99 -99 -99 -99 -99 3.32750231689866 -99 -99 -99 -99 -99 -99
-99 -99 -99 -99 -99 -99 -99 -99 -99 -99 0.458058187211296 -99 -99 -99 -99
1.58363280391005 -99 -99 -99 -99 -99 -99 -99 -99 -0.0388105941180241 -99 -99 -99 -99 -99
-99 -99 -99 -99 -99 -99 -99 -99 -99 -99 -99 -99 -99 -99 -99
-99 -99 -99 -99 -99 -99 -99 -99 -99 2.79219935566624 -99 -99 -99 -99 -99
-99 -99 -99 -99 -99 -99 0.738591369743867 -99 -99 -99 1.25622415434744 -99 -99 -99 -99
-99 -99 -99 -99 -99 -99 -99 -99 -99 -99 -99 -99 -99 -99 -99
-99 -99 -99 -99 -99 -99 -99 -99 -99 -99 -99 -99 -99 -99 -99
-99 -99 -99 -99 -99 -99 -99 -99 -99 -99 -99 -99 -99 -99 -99
-99 -99 -99 0.619437222381062 -99 -99 -99 -99 -99 -99 -99 -99 -99 -99 -99
-99 -99 -99 -99 -99 -0.824321059149801 -99 -99 -99 -99 -99 -99 -99 -99 -99
-99 -99 -99 -99 -99 -99 -99 -99 -99 -99 -99 -99 -99 -99 -99
-99 -99 -99 -99 -99 -99 -99 -99 -99 -99 -99 -99 -99 -99 -99
-0.250395944320748 -99 -99 -99 -99 -99 -99 -99 -99 -99 -99 -99 0.360866540322875 -99 -99
-99 -99 -99 -99 -99 -99 -99 -99 -99 -99 -99 -99 1.5502485806275 2.60805504238296 -99
0.0632207277933542 -99 -99 -99 -99 -99 -99 -99 -99 -99 -99 -99 -99 -99 -99
-99 -99 -99 -99 -99 -99 -99 -99 -0.216000866548844 -99 -99 -99 -99 -99 -99
-99 -99 -99 -99 -1.51067939063126 -99 -99 -99 -99 -99 -99 -99 -99 -99 -99
-99 -99 -99 -99 1.01254196478142 -99 -99 -99 -99 -99 1.87442962391547 0.815434313836073 -99 -99 -99
-99 -99 -99 -99 -99 3.67930209816445 -99 2.42686581658362 -99 -99 -99 -99 -99 -99 -99
-99 -99 -99 -99 -99 -99 -99 -99 -99 0.825521922326636 -1.38218267805506 -99 -1.26509241537118 -99 -99
-99 -99 -99 -99 -99 0.0678238655663547 -0.840049551266886 -99 -99 -99 -99 -99 -99 -99 -99
-99 -99 -99 -99 -99 -99 -99 -99 -99 -99 -99 -99 -99 -99 -99
-99 -99 -99 -99 -99 -99 -99 -99 -99 -99 -99 0.981496870558051 -99 0.298000203974023 -99
-99 -99 -99 -99 -99 -99 -99 -99 -99 -99 -99 -99 -99 -0.0173542319614393 -99
0.35735529403363 -99 0.66825902218618 0.549827110134229 0.988874924730405 -99 -99 -99 2.06737099844327 -99 -99 -99 -99 -99 -99
-99 -99 -99 -99 0.724730972699013 -99 -99 -99 -99 -99 -99 -99 -99 -99 -99
-99 -99 -99 -99 -99 -99 -99 -99 -99 -99 -99 -99 -99 -99 -99
-99 -99 0.301791804579569 -99 -99 -99 -99 -0.161175111614245 -99 -99 -99 -99 -99 -99 -99
-99 -99 -1.19547923080028 -1.54871383161664 -99 -99 -99 -99 -99 -99 -99 -99 -99 -99 -99
-99 -99 -99 -99 -99 -0.558112269246356 -99 -99 -99 -99 -99 -99 -99 -99 -99
-99 -99 -0.0962244004525841 -99 -99 -99 -99 0.0548132001873666 -99 -99 -99 -99 -0.022123852055183 -99 -99
-99 -99 -99 -99 -99 -99 -99 -99 0.524049577782488 -99 -99 -99 -99 -99 -99
-99 -99 -99 -99 -2.6883484403994 -99 -99 -99 -99 -99 -99 -99 -1.48514968139746 -99 -99
-99 -99 -99 -99 -0.266295973772076 -99 -99 0.206054918807014 -99 -99 -99 -99 -99 -99 -99
-99 -99 -99 -99 -99 -99 -99 -99 -99 -99 -99 -99 -99 -99 -99
-99 1.22677668535701 1.02759349949277 3.27951135807295 -99 -99 -99 -99 -99 -99 -99 -99 -99 -99 -99
-99 -0.335997536553684 0.0729824754009027 -99 -99 -1.58771392169741 -99 -99 -99 -99 -99 -99 -99 0.305291445011849 -99
-99 -99 -99 -99 -99 -99 0.295063797400004 -99 -99 -99 -99 -99 -0.366063713968211 -99 -99
-2.54654005213889 -99 -99 -99 -99 -99 -1.18231516801729 -99 -99 -99 -99 -99 -99 -99 -99
-99 -99 -99 -99 -99 2.22280412058135 -99 -99 -99 -99 -0.659305168698794 -99 -99 -99 -99
-99 -99 -99 -99 -99 -99 -99 -99 -99 -99 -99 -99 -99 -99 -99
2.52465681260697 -99 -99 -99 -99 -99 -99 -99 -99 -99 -99 -99 -99 -99 -99
-99 1.86247156614998 -99 -99 -99 -99 -99 -99 -99 -99 -99 -99 -99 -99 -99
-99 -99 -99 -99 -99 -99 -1.4955647335337 -99 -99 -99 -99 -99 -99 -99 -99
-99 -99 -99 -99 -99 -99 -99 -99 0.0240925949777988 -99 -99 -99 -99 -99 -99
-99 -99 2.13767686489523 -99 -99 -99 -99 -99 -99 -99 -99 -99 -99 -99 -99
2.06210461741238 -99 -99 0.712588313440201 -99 -99 -99 -99 -99 -99 -99 -99 -99 -99 -99
-99 -99 -99 -99 -99 -99 -99 -99 -99 -99 -99 -99 -99 -99 -99
-99 -99 -99 -99 -99 -99 -99 -99 -99 -99 -0.0346183011629906 -99 -99 -99 -99
-99 -99 -99 -99 -99 -99 -99 -99 1.10148751313327 -99 -99 -99 -99 0.378109236538993 -99
-99 -99 -99 -99 -99 -99 -99 -99 -99 -99 -99 -99 -99 -99 -99
-99 -99 -99 -99 -99 2.0285383954545 -99 -99 -99 -99 -99 -99 -99 -99 -99
-99 -99 -99 -99 -99 -99 -99 -99 -99 -99 -99 -99 0.0829367865517883 -99 0.418178724396655
-99 2.75382969321159 -99 -99 -99 -99 0.184724792223554 -99 -99 -99 -99 -99 -99 -99 2.28736172821969
-99 -99 -99 -99 2.46246001715061 -99 -99 1.76936344429531 -99 -99 -99 -99 -99 -99 -99
-99 -99 -99 -99 -99 -99 -99 -99 -99 -99 -99 0.444365178094981 -99 -99 -99
-99 -99 -99 -99 -99 -99 -99 -99 -99 -99 2.24232689501496 -99 -99 -99 2.20766481415438
-99 -99 -99 -99 -99 -99 -99 -99 -99 -99 -99 -99 -99 -99 -99
-99 -99 -99 -99 -99 -99 -99 -99 -99 -99 -1.15772067490977 -99 -99 1.60562611998884 -99
2.2094829828431 -99 -99 -99 -99 -99 -99 -99 -99 -99 -99 -99 -99 -99 -99
-99 -99 -99 -99 -99 -99 -99 -99 -99 -99 -99 -99 -99 -99 2.27338972957856
-99 -99 -99 -99 3.18019096754639 -99 -99 -99 -99 -99 -99 -99 -99 3.69888267510951 -99
-0.968280817983321 -99 -99 -99 -99 -99 -99 -99 -99 -99 -99 -99 -99 -99 -2.79954500832389
-99 -99 -99 -99 2.63209222811777 1.29465171684933 1.56164261027498 1.73730179052416 -99 -99 -99 -99 -99 1.73679536859232 -99
-99 -99 -99 1.86936228237613 -99 2.92376575293274 -99 -99 -99 -99 -99 -99 -99 -99 -99
-99 -99 -99 -99 -99 3.13970957474183 -99 -99 -99 -99 0.318635190219053 -99 -99 -99 -99
-99 -99 -99 -1.33527727828088 -99 -99 -0.41647310992104 -99 -99 -99 -99 -99 -99 -99 -99
-99 -99 -99 4.61427345168812 -99 -99 2.75191500219532 -99 -99 -99 3.89056443159051 -99 -99 -99 -99
-99 -99 -99 -99 -99 -99 -99 -99 -99 -99 -99 -99 0.31320178121114 -0.141585364084205 -99
-99 -99 -99 -99 -99 -99 -99 -99 -99 -99 -99 -99 -99 1.43331287205629 -99
-99 -99 -99 -99 -99 -99 -99 -99 4.04050261643347 -99 2.07358662619159 -99 -99 1.23489479597815 -99
-99 -99 -99 -99 -99 -0.580553699010894 -99 -99 -99 -1.6410204669054 -99 -99 -99 -2.26616902175681 -99
-99 -99 -99 0.648141534613194 -99 -99 -99 -99 -99 -99 -99 0.284501606495518 -99 -99 -99
-99 -99 -99 -1.13754258670563 -99 -99 -99 -99 -99 -99 -99 -99 -99 -99 -99
-99 0.999347034480027 -99 -99 -99 -99 -99 -99 -99 -99 -99 -99 -99 -99 -99
-99 -99 -1.0670437298859 -99 -99 -99 -1.16528049276544 -99 1.78810797080703 -99 -1.27763628179776 -99 -99 -99 -99
-99 -99 -99 -99 -99 -99 -99 -99 -99 -99 -99 -99 -99 -99 -99
-99 -99 -99 -99 -99 -99 -99 -99 -99 -99 -99 -99 -99 -99 -99
-99 -99 -99 -99 -99 -99 -99 -99 -99 -99 -1.05888859929859 -99 -99 -99 -99
-99 -99 -99 -99 -99 -99 -99 -2.07307479339796 -0.884556190361576 -99 -99 -99 -99 -99 -99
-99 -99 -99 -99 -99 -99 -99 -99 -99 -99 -99 -99 -99 -99 -99
-99 -99 -99 -99 -99 -99 -99 -99 -99 -99 -99 -99 -99 -99 -99
-99 -99 -99 -99 -99 -99 2.0215937624468 -99 -99 -99 -99 1.59853921447478 -99 -99 -99
-99 -99 -99 -99 -99 -99 -99 -99 -99 -99 -99 -99 2.39866979128573 -99 -99
-99 -99 -99 -99 -99 -99 -99 -99 -99 -99 -99 -99 -99 -99 -99
-99 -99 -99 -99 -99 -99 0.979627172311048 -99 -99 -0.0347645498451445 -99 -99 -99 -99 -99
-99 -99 -99 0.213556645783306 -99 -99 -99 -99 -99 -99 -99 -99 2.32901158067245 -99 -99
-99 -99 -99 -99 -1.0656289583199 -1.76632069982564 -99 -99 -99 -99 -99 -2.83366326097748 -0.0900371997838287 -99 -99
-99 -0.0959339924103553 -99 -99 -99 -99 -99 -99 -99 -99 -99 0.456403524525482 -99 -99 0.750622324126817
0.902512208907623 -99 -99 -99 -99 -99 -99 -99 -99 -99 -99 -99 -99 -99 -99
-99 -99 -1.02366785981148 -99 -99 -99 -99 -99 -99 -0.558772783622059 -99 -99 -99 -99 -99
-99 1.49841100499163 -99 -99 -99 -99 -99 -99 -99 -99 0.491309703683545 1.51353755052356 -99 -99 -99
-99 -99 -99 -99 -99 -99 -99 -99 -99 -99 -99 -99 -99 -99 -99
-99 2.95139241837176 -99 -99 -99 -99 -99 -99 -99 -99 -99 -99 -99 -99 -99
-99 -99 -99 -99 -99 -99 0.352069362208055 -99 -99 -99 1.77397742036957 -99 -99 1.27101172669052 -99
-99 2.66602479991777 2.20514313306185 -99 -99 -99 -99 -99 -99 -99 -99 -99 -99 -99 -99
-99 -99 -99 -99 -99 -99 -99 -99 -99 -99 -99 -99 -99 1.67437793715687 -99
-99 -99 -99 3.42787340621227 -99 -99 4.40400461895658 -99 2.76155578288048 -99 -99 -99 -99 -99 -99
-99 -99 -99 -99 -99 0.892113754943205 -99 -99 -99 -99 -99 -99 -99 -99 -99
-99 -99 -99 -99 -99 -99 -99 -2.0298709267556 -1.74396022366012 -99 -99 -99 -99 -99 -99
-99 -99 -99 -99 -99 -99 -99 -99 -99 2.29987758868453 2.95303132605922 -99 -99 -99 -99
-99 -99 1.95441369048521 -99 -99 -99 1.84990852102462 -99 2.6141834658697 -99 -99 -99 -99 -99 -99
-99 -99 -99 -99 -99 -99 1.79092366584649 -99 -99 -99 -99 -99 -99 -99 0.648448177089192
-99 -99 -99 -99 -99 -99 -99 -0.142594630434007 1.19859295311016 -99 -99 -99 -99 -99 -99
-99 -99 -99 -99 -99 1.98519565342784 -99 -99 -99 -99 -99 -99 -99 3.99685221716681 -99
-1.16089431464496 -99 -99 -99 -99 -99 -99 -99 -99 -99 -99 -99 -99 -99 -99
-99 -99 -99 -99 0.15993967360953 -99 -99 -99 -99 -99 -99 -99 -99 -99 -99
-99 -99 -99 -99 -99 -99 0.441596919881757 -99 -99 -99 -99 -99 -99 -99 -99
-99 -99 -99 -99 -99 -99 -99 -99 -99 -99 -99 -99 -99 -99 -99
-99 -99 2.14082989465644 -99 -99 -99 -99 -99 -99 -99 1.71046079191946 -99 -99 2.17627401411555 0.885838127264382
-99 -99 -99 -99 -99 -99 -99 -99 -99 -99 -99 -99 -99 -99 -99
-99 -99 -99 -99 -99 -99 2.57645297458255 -99 -99 -99 -99 -99 -99 -99 -99
-99 -99 -99 -99 -99 -99 -99 -1.44882496796693 -99 -99 -99 -99 -99 -99 -99
-99 -99 -99 -1.30476134085901 -99 -99 -99 1.02473725646084 -99 -99 -99 -99 -99 -99 -99
1.86066132574331 -99 -99 -99 -99 -99 -99 -99 -99 -99 -99 -99 -99 -99 -99
-99 -99 -99 -99 -99 -99 -99 -99 -99 -99 -99 -99 -99 -99 2.04668078645921
-99 -99 -99 -99 -99 -99 -99 -99 -99 -99 -99 -99 -99 -99 -99
-99 -99 -99 -99 -99 -99 0.912665647029814 -99 -99 2.78673390116617 -99 -99 -99 -99 -99
-99 -99 -99 -99 -99 -99 -99 -99 -99 -99 -99 -99 -99 -99 -99
-99 0.180202092488735 -99 -99 -99 -99 2.55901029619592 -99 -99 -99 -99 -99 -99 -99 2.21581605213237
-99 -99 1.75237770459286 -99 0.513527514831887 -99 -99 -99 -99 -99 -99 -99 -99 -99 -99
-99 2.00396184733504 1.34853299219428 -99 -99 -99 -99 -99 1.70289230106282 3.81064547226246 -99 -99 -99 -99 -99
-99 -99 -99 -99 -99 -99 -99 0.125136010050207 -99 -99 -99 -99 -99 0.262108801147357 -99
-99 -99 -99 -99 -99 -0.568421588639456 -99 -99 -99 -99 -99 -99 -99 -99 -99
-99 -99 -99 -99 -99 -99 -99 -99 -99 -99 -99 -99 -99 1.54172663238307 -99
-99 -99 -99 -99 -99 -99 -99 -99 -99 -99 1.90630673195811 -99 -99 -99 -99
-99 -99 -99 -99 -99 -99 -99 -99 -99 -99 -99 -99 -99 -99 -99
1.24506921427989 -99 -99 0.838218383456806 -99 -99 -99 -99 -99 -99 -99 1.30564101285446 -99 -99 -99
0.28443727227212 -99 -99 -99 -99 -99 -99 -99 -99 -99 -99 -99 -99 -99 -99
-99 -99 -99 -99 -99 3.43720305036824 -99 -99 -99 -99 -99 -99 -99 -99 -99
-99 -99 -99 -99 -99 -99 -99 -99 -99 2.83511781716469 -99 -99 -99 -99 -99
-99 -99 -99 -99 -99 -99 -99 -99 -99 -99 0.461685713311755 -99 -99 -99 -99
-99 -99 2.09223093881982 -99 -99 -99 -1.7540763409282 -99 -99 -99 -99 -2.14756763463961 -99 -99 -99
-99 -99 -99 -99 1.10406838884341 -99 -99 1.57575067676191 -99 -99 1.99401267488082 -99 -99 -99 -99
-99 -99 -99 0.572607153147489 -99 0.00909823358375839 0.837951846901005 -99 -99 -99 -99 -99 -99 -99 -99
-99 -99 -99 -99 -99 -99 -99 -99 -99 -99 -99 -99 -99 -99 -99
-0.55433259887252 -99 -99 -99 -99 -99 0.222456608675461 -99 -99 0.568081056146445 0.199922635663426 -1.17840488957123 -99 -99 -99
-99 -99 -99 -99 -99 -99 -99 -99 -99 -99 -99 3.33735164285092 -99 4.27079784391173 -99
-0.490465263716467 -99 -99 -99 -99 -99 -99 0.0219621726585741 -99 -99 -99 -99 -99 -99 -99
-99 -99 -99 -99 -99 -99 -99 -99 -99 -99 -99 -99 -99 -99 -99
-99 -99 -99 -99 -99 -99 -99 -99 -99 -99 -99 -99 -99 -99 -99
-99 -99 -99 -99 -99 -99 -99 -99 0.805157133606712 -99 -99 -99 -99 -99 1.74710644575275
-99 -99 -99 -99 -99 -99 -99 -99 -99 -99 -99 -99 -99 -99 -99
-99 -99 -99 -99 -99 3.65582083953549 -99 -99 -99 -99 -99 -99 -99 -99 -99
-99 -99 -99 -99 -99 -99 -99 -99 -99 -99 -99 -99 -99 -99 -99
-99 -99 -99 -99 -99 1.44987702774611 -99 -99 -99 -99 -99 -99 -99 -99 -99
-99 -99 -99 -99 -99 -99 -99 -99 -99 -99 -99 -99 -99 -99 -99
1.36284987178322 -99 -99 -99 -99 -99 -99 -99 -99 -99 -99 -99 -99 -99 -99
-99 -99 -99 -99 -99 -99 1.72635955918338 -99 -99 1.87000438657104 -1.42188866272739 -99 -99 -99 0.95007364148909
-99 -99 -99 -99 -99 -99 -99 -99 -99 0.626025828690749 -99 -99 -99 -99 -99
-99 -99 4.60857763682152 -99 -99 -99 -99 -99 -99 -99 -99 -99 -99 4.58629088408077 -99
-99 -99 -99 -99 -99 -99 -99 -99 -99 -99 2.41206038211128 -99 -99 4.7311816851618 -99
-99 -99 -99 -99 -99 -99 -99 -99 -99 -99 -99 -99 -99 -99 -99
-99 -99 -99 0.304357026991555 -99 -99 -99 -99 -99 -99 -99 -99 -99 -99 -99
-99 -99 -99 -99 -99 -99 -99 -99 -99 -99 -99 -99 -99 -99 -99
-99 -99 -99 -99 -99 -99 -99 -99 -99 -99 -99 -99 -99 -99 -99
-99 -99 -99 -99 -99 -99 -99 -99 -99 -99 -99 -99 -99 -99 -99
-99 -99 -99 -99 -99 -99 -99 -99 -99 -99 -99 -99 -99 -99 -99
-99 -99 -99 -99 -99 -99 -99 -99 -99 -99 -99 -99 -99 -99 -99
-99 -99 -99 -99 -99 -99 -99 -99 -99 -99 -99 -99 -99 -99 -99
-99 -99 1.9124915346943 -99 -99 -99 -99 -99 -99 0.749389366145314 -99 -99 -0.057477658183626 -99 -99
-99 -99 -99 -99 -99 -99 -99 -99 -99 -0.0334551634985807 -99 -99 -99 -99 -99
-2.25818345443265 -99 -99 -1.0297012575577 -99 -99 -99 -99 -99 -99 -99 -99 -0.508535927128023 0.163455189070414 -99
-99 -99 -99 -99 -99 -99 -99 -99 -99 -99 -99 -99 -99 -99 -99
1.13151833376678 -99 -99 -99 -99 -99 -99 -99 -99 -99 -99 -99 -99 -99 -99
-99 1.67467334885876 -99 0.74714055133796 -99 -99 -99 -99 -99 -99 -99 -99 -99 -99 -99
-99 -99 -99 -99 -99 -99 -99 -99 -99 -99 -99 -99 -99 -99 -99
-99 -99 -99 -99 -99 -99 -99 -99 -0.449014102719561 -99 -99 -99 -99 -99 -99
-99 -99 -99 -99 -99 -99 -99 -99 1.79715919598091 -99 -99 -99 -99 -99 -99
-99 -99 -99 -99 -99 -99 -99 -99 -99 -99 -99 -99 -99 1.30320877519965 -99
-99 -99 -99 -99 -99 -99 -99 -99 -99 -99 -99 2.11641317690954 -99 -99 2.5035409485868
-99 -99 -99 -99 -99 -99 -99 -99 -99 -99 -99 2.47392626778093 -99 3.60981852145428 -99
-99 -99 5.12977350417039 -99 -99 -99 -99 -99 -99 5.18313384787052 2.70014279704546 -99 -99 -99 -99
3.07094593953214 -99 -99 -99 -99 -99 -99 -99 -99 -99 -99 -99 -99 -99 -99
-99 -99 -99 -99 -99 -99 -99 -99 -99 -99 -99 -99 -99 -99 -99
-99 -99 -99 -99 2.5458329575718 -99 -99 -99 -99 -99 -99 -99 -99 -99 -99
-99 -99 -99 -99 -99 0.850699808017288 -99 -99 -99 -99 -99 1.47926932654361 -99 -99 -99
-99 -99 -99 -99 -99 -99 -99 -99 -99 -99 -0.0681554117798644 0.689631690490338 -99 -99 -99
-99 -99 -99 -99 -99 -99 -99 -99 -99 -99 -99 -99 -99 -99 -99
-99 -99 -99 -99 -99 -99 -99 -99 -99 -99 -99 0.59941790003897 1.59321322455549 -99 1.46710180835051
-99 -99 -99 -99 -99 -99 -99 -99 -99 -99 -99 -99 -99 -99 -99
1.04939615388459 -0.475131350450346 -99 -99 1.05176699986911 -99 -99 1.15337466028795 -99 -99 -99 -99 -99 -99 -99
-99 -99 -99 -99 -99 -99 -99 -99 -99 -99 2.95725133571819 -99 3.09329389858169 -99 -99
-99 -99 -99 -99 -99 -99 -99 -99 -99 -99 -99 -99 -99 -99 -99
-99 -99 -99 -99 -99 -99 -99 -99 -99 -99 -99 -99 3.6077342201153 -99 -99
-99 -99 -99 -99 -99 -99 -99 -99 -99 -99 -99 1.87120734683183 0.406635208802678 -99 0.718463461794641
0.82625969838856 -99 -99 0.669716854651269 1.84080199465646 -99 2.01878693569234 -99 -99 -99 -99 -99 -99 -99 -99
-99 -99 -99 2.95545843069588 -99 -99 -99 -99 -99 -99 -99 -99 -99 -99 -99
-99 -99 -99 -99 -99 -99 -99 -99 -99 -99 -99 -99 -99 -99 -99
-99 -99 -99 -99 -99 -99 -99 -99 -99 -99 -99 -99 -99 -99 -99
0.266042192732285 -99 -99 -99 -99 -99 -99 -99 -99 -99 -99 -99 -99 -99 -99
-99 -99 -99 -99 -99 -99 -99 -99 -99 -99 -99 -99 -99 -99 -99
-99 -99 -99 -99 -99 -99 -99 -99 -99 -99 -99 -99 -99 -0.29868360111096 -99
-99 -99 -0.389489984396513 -1.76103188269463 1.4963526566005 -99 -99 -99 -99 1.05641040344554 -99 0.129050083918582 -1.81129419892411 -99 -99
-99 1.7252576595565 -99 -99 -99 -99 -99 -99 -99 1.72108663686454 -99 -99 -99 -99 -99
-99 -99 -99 -99 -99 0.168556163000018 -99 -99 -99 -99 -99 -99 -99 -99 -99
-99 0.0012519982011755 0.869286549925053 -99 -99 -99 -99 -99 -99 -99 -99 -99 -99 -99 1.49128311437186
-99 -99 -99 -99 -99 -99 -99 -99 1.98900742100259 -99 2.14316265383054 -99 -99 -99 -99
-99 -99 -99 -99 -99 -99 -99 -99 -99 -99 -99 -99 -99 -99 -99
-99 -99 -99 -99 -99 -99 -99 -99 -99 0.875069356987541 -99 -99 -99 -99 -99
-99 -99 -99 -99 -99 -99 -99 -99 -99 -99 -99 -99 -0.684687633924375 -99 -99
-99 -99 -99 -99 -99 -99 1.6008036532722 1.43544433337779 1.18497766852212 -99 -99 0.107952040993125 0.570337475058602 -99 -99
-99 -99 -99 -99 -99 -99 -99 -99 -99 -99 -99 -99 -99 -99 1.26631209740765
-99 1.63743638130556 -99 -99 -99 -99 -99 1.19978847030515 1.65089816463435 -99 -99 -99 -99 -99 -99
-99 -99 -99 2.52125939158057 -99 1.33448811133886 -99 -99 -99 -99 -99 -99 1.58575079656405 -99 -99
-99 3.30067357678 -99 -99 -99 -99 -99 -99 -99 -99 -99 2.46406722249231 -99 -99 -99
-99 -99 -99 -99 -99 -99 -99 -99 -99 -99 -99 -99 -99 -99 -99
-99 -99 -99 -99 -99 -99 -99 -99 -99 -99 -99 -99 -99 -99 -99
-99 -99 -99 1.98527703286948 -99 -99 -99 -99 -99 -99 -99 -99 -99 -99 0.492878311999148
-99 -99 -0.0395707808969135 -99 -99 -99 -99 -99 -99 -99 -99 0.550626006475519 -99 -0.950240480620647 -99
-99 -99 -99 -99 -99 -99 0.323696986439281 -99 -99 -99 0.0773147945521111 -99 -99 -99 -99
-99 -99 -99 -99 -99 -99 0.283099477656137 -99 -99 -99 -99 -99 -99 -99 -99
-99 -99 -99 -99 -99 -99 -99 -99 -99 -99 -99 -99 -99 -99 -99
-99 -99 -99 -99 0.942445793163087 -99 -99 -99 -1.08074729567105 -99 -99 -99 -99 -99 -99
0.671694559465098 -99 -99 -99 -99 -99 -99 -99 -99 1.19744902975219 -99 -99 -0.891194369082717 -99 -99
-99 -99 -99 2.66076840158628 -99 -99 -99 -99 -99 -99 -99 -99 -99 -99 -99
-99 -99 -99 -99 -99 -99 -99 -0.340165909740231 -99 -99 -99 -99 -99 -99 -99
-99 -99 -99 -99 -99 -99 -99 -99 -99 -99 -99 0.2793841995764 0.540830825315087 -99 -99
-99 -99 -99 -99 -99 -99 -99 -99 -99 -99 -99 -99 -99 -99 -99
-99 -99 -99 -99 0.907282076707245 -99 -99 -99 -99 -99 -99 -99 -99 -99 -99
-99 -99 -99 -99 -99 -99 -99 -99 -99 -99 -99 -99 -99 -99 -99
-99 1.43436357874649 -99 -99 -99 -99 -99 -99 2.60570763204325 -99 -99 -99 -99 1.5196067181599 -99
-99 -99 -99 -99 -99 -99 -99 -1.11598199785322 -99 -99 -99 -99 -99 -99 -99
-99 -99 -99 -99 -99 -99 -99 -99 -99 -99 -99 -99 -99 -99 -99
-99 -99 -99 -99 -99 -99 -99 -99 -99 -99 -99 -99 2.416317670054 0.782536287399649 -99
-99 -99 -99 -99 -99 -99 -99 -1.58995049870193 -99 -99 -99 -99 -99 -99 -99
-99 -99 -99 -99 -99 -99 -99 -99 -99 -99 -99 -99 -99 -99 -99
-99 -99 -99 -99 -99 -99 -99 -99 0.541775976395427 1.79414457557801 -99 -99 -99 -99 -99
-99 -99 -99 -99 -99 3.28845725380105 -99 3.23960719880771 -99 -99 -99 -99 -99 0.125806824983556 -99
-99 -99 -99 -99 -99 -99 -99 -99 -99 -99 2.07832826461939 -99 -99 -99 -99
-99 -99 -99 -99 -99 -0.246274778262707 -99 -99 -99 -99 -99 -99 -0.634939422533252 -99 -99
-99 -99 -99 -99 -99 -99 1.57642580738166 -99 -99 -99 -99 1.31806217351758 -99 -99 -99
-99 -99 -99 -99 -99 2.23232214877679 -99 -99 -99 -99 0.834989889322032 1.37059516942354 -99 -99 -99
0.914846972024573 -99 -99 -99 -99 -99 -99 -99 -99 -1.77890467771971 -99 -99 -99 -99 0.449316823218545
-99 -99 -99 -99 -99 2.2630434625926 -99 1.98327708788146 1.64753644812502 -99 -99 -99 -99 -0.897670422256643 -99
-99 -99 -99 -99 -99 -99 -99 -99 -99 -99 -99 1.1153508054967 -99 2.84846882029327 -99
-99 -99 2.71619518566398 -99 -99 -99 -99 -99 -99 -99 -99 -99 -99 -99 -99
-99 3.453846682455 -99 -99 1.55576632826081 -99 0.986658206082951 -99 -99 -99 -99 -99 -99 -99 -99
-99 -99 -99 -99 -99 -99 -99 -99 1.51734893391529 -99 -99 -99 -99 -0.601557474361708 -99
-99 -99 -99 -99 -99 -99 -99 -99 -99 -99 -99 -99 -99 -99 -99
-99 -99 -99 -99 -99 -99 -99 -99 -99 -99 -99 -99 -99 -99 -99
-99 -99 -99 -99 -99 -99 -99 -99 -99 -99 -99 -0.5565912159409 -99 -99 -99
-99 -99 -99 -99 -99 -99 -99 -0.0962980716453457 -99 -99 -99 -99 -99 -99 -99
-99 -99 -99 -99 -99 -99 -99 3.3151755735429 1.79165707496826 -99 -99 2.2763475586183 -99 -99 -99
-99 -99 -99 -99 -99 -99 -99 -99 -99 -99 2.70453317428066 -99 -99 -99 -99
0.472825779023983 -99 -99 -99 -99 -99 -99 -99 -99 -99 -99 -99 -99 -99 -99
-99 -99 -99 -99 -99 -99 -99 -99 1.66468877010065 -99 -99 -99 -99 -99 -99
-99 -99 -99 -99 -99 -99 -99 -99 -99 2.51363396441554 -99 -99 -99 -99 -99
-99 -99 -99 0.13483613122837 -99 -99 -99 -99 -99 -99 -99 -99 -99 -99 1.34057544682476
-99 2.46788647287847 -99 -99 -99 -99 -99 -99 -99 -99 -99 0.714110828947096 3.1372641303946 1.12413163138658 -99
1.49688673486827 -99 -99 -99 -99 -99 -99 2.33359425972452 3.06492307562066 -99 -99 -99 3.40631895050013 -99 -99
-99 -99 -99 -99 0.00663046456131178 -99 -99 0.186680529473948 -99 -99 -99 -99 -99 -99 -99
-99 -99 -99 -0.990628166066315 -2.97331878266885 -99 -99 -99 -99 -99 -99 -99 0.14629881735612 -99 -99
-99 -99 2.24704399516863 -99 1.04030114183482 -99 -99 -99 -99 -99 -99 -99 -99 -99 -0.476861870670096
2.99612923995984 -99 -99 -99 -99 -99 -99 -99 -99 -99 -99 -99 -99 2.03756168275379 -99
-99 -99 -99 -99 -99 -99 -99 -0.801772741296984 -99 -99 -99 -99 -99 -99 -99
-99 3.30252717861213 -99 -99 0.710465324411874 -99 -99 -99 2.24567823199002 -99 -99 -99 -99 -99 -99
-99 -99 -99 -99 -99 -99 -99 1.72437640503559 -99 -99 -99 -99 -99 -99 -99
0.866526528856444 -99 -99 -99 -99 -99 -99 -1.67751914822608 -99 -99 -99 -99 -99 -99 -99
-99 -99 -99 -99 -99 -99 -99 -99 -99 -99 1.59067784054936 -99 -99 -99 -99
-99 -99 -99 -99 -99 -99 -99 -1.96388615739671 -99 -99 -99 -99 -99 -99 -99
-99 -99 -99 -99 -99 -99 -99 -99 -99 -99 -99 -99 -99 -99 -99
-99 -99 -99 -99 -99 -99 -99 -99 -99 -99 -99 -1.62448130247242 -99 -99 -99
-99 -99 -99 -99 -99 1.68815815665558 -99 -99 0.725133361736975 -99 -99 -99 -99 -99 -99
-99 -99 -99 -99 -99 -99 -99 -99 -99 -99 -99 -99 2.61483527985013 -99 -99
-99 -99 -99 -99 -99 -99 -99 -99 -99 2.74956789924762 -99 -99 -99 -99 -99
-99 -99 -99 -99 -99 -99 0.656243831636688 1.06001593770548 -99 -99 -99 -99 -99 -99 -99
-99 -99 -99 0.783633955343479 -99 -99 -99 -99 -99 -99 -99 -99 -99 -99 -99
-99 -99 -99 -99 1.63297856946665 -99 -99 -99 -99 -99 -99 -99 -99 -99 -99
2.01248919155647 -99 1.32056975288462 -99 -0.195647249585812 -99 -99 -99 -99 -99 -99 -99 -99 -99 -99
2.33717370923395 -99 -99 -99 -99 -99 -99 -99 -99 -99 -99 -99 -99 0.681020024544125 -99
-99 -99 -99 -99 -99 -99 -99 -99 -99 -99 -99 -99 -99 2.05286695063805 -99
-0.739466100415248 -99 -99 -99 -99 -99 -99 -99 -99 -99 -99 -99 0.693798763167303 0.116742035671086 -99
-99 0.359779563480904 -99 -99 -99 0.476985257724748 -99 -99 -99 -1.68757502675514 -0.876910719584482 -99 -99 -0.584862758630898 -0.669813133163174
-99 -99 -99 -99 -99 -99 -99 -99 -99 -99 -99 -99 -99 -99 -99
-99 0.471949884454813 -99 0.304840364472627 -99 -99 -99 -99 -99 -99 -99 -99 -99 -99 -99
2.32198476069752 -99 -99 -99 -99 -99 -99 -99 -99 -99 -99 -99 -99 -99 -99
-99 -99 -99 -99 -99 -99 -0.0766289004111065 -99 -99 -99 -99 -99 -99 -99 -99
-99 5.108362521076 -99 -99 -99 -99 -99 -99 -99 -99 -99 -99 -99 -99 -99
-99 -99 -99 -99 -99 -99 -99 -99 -99 -99 -99 -99 -99 -99 -99
-99 -99 -99 -99 -0.673271220108596 -99 -99 -99 -99 -99 -99 -99 -99 -99 -99
-99 -99 -99 -99 -99 2.07596704740073 3.25572749958031 -99 -99 -99 -99 -99 -99 -99 -99
-99 -99 -99 -99 -0.651967647715408 -99 -99 -1.15943232313152 -99 -99 -99 -99 -99 -99 -99
-99 -99 -99 -99 -99 -99 -99 -99 -99 3.7547380320779 -99 -99 0.72643863568415 -99 -99
-99 -99 -99 -99 0.671924106324415 0.43913471200784 -99 3.17381884369177 -99 -99 -99 -0.726474495306761 -99 -99 -99
-99 -99 -99 -99 -99 -99 -99 -99 1.54853112174867 -99 -99 -99 -99 -99 1.25311833508973
-99 -99 -99 -99 -99 -99 -99 -99 -99 -99 -0.896970422581684 -99 -99 -99 -99
-99 -99 -99 -99 -99 -99 -99 -99 -99 -99 -99 -99 -99 -99 -99
-99 -99 -99 -99 2.78381827396677 -99 -99 -99 -99 -99 -99 -99 -99 -99 -99
-99 -99 2.66897657584502 -99 -99 -99 -99 -99 2.17706657901127 -99 -99 -99 -99 -99 -99
-99 -99 0.188317466196707 -99 -99 0.965359592488571 -99 -99 -99 -99 -99 0.642930594178572 -99 -99 -99
-99 -99 -99 -99 -99 0.226870603279258 1.09157992216972 -99 -99 -99 -99 -99 -99 -99 -99
-99 -99 -99 -99 -99 -99 -99 -99 -99 -99 -99 -99 -99 -99 -99
-99 -99 -99 -99 -99 -99 4.92131867753 -99 -99 -99 -99 -99 1.78976268139659 -99 -99
-99 -99 -99 1.66109092078713 -99 -99 -99 -99 -99 -99 -99 -0.74377418933066 -99 -99 -99
1.37410851803844 -99 -99 -99 -99 -99 -99 -99 -99 -99 -99 -99 -99 -99 -99
-99 0.432725298582797 -99 -99 2.60859938230394 -99 -99 -99 -99 -99 1.58385236475814 -99 0.807156905241344 -99 -99
-99 -99 -99 -99 -99 -99 -99 -99 -99 -99 -99 -99 -99 -99 -99
-99 -99 -99 -99 -99 -99 -99 -99 -99 -99 -99 -99 -99 -99 -99
-99 -99 -99 -99 1.88361764762102 -99 -99 1.01134688178152 -1.44548788652824 -99 -99 -99 -99 -99 -99
-99 -99 -99 -99 -99 -99 -99 -99 -0.229295830171411 -99 -99 -99 -99 -99 -99
-99 -99 -99 -99 -99 -99 -99 -99 -99 1.41495502320536 -99 -99 -99 -99 2.99046077824552
-99 -0.959838314862089 -99 -99 -99 0.386855169953564 -99 -99 -99 -99 -99 -99 -0.662001243454335 -99 -99
-99 -99 -99 -99 -99 1.11486298196191 -99 -2.35971096722126 -0.262959973750679 2.24289999962046 0.245339275312241 -99 -99 -99 -99
1.41012692197536 -99 -99 -99 -99 1.0368764415379 -99 -99 -99 -99 -99 -99 -99 -99 -99
-99 -99 -99 -99 -99 -99 -99 -99 -99 -99 -99 -99 -99 -99 -99
-99 -99 -99 0.0309635964742504 -99 -99 -99 -99 -0.269946398412615 -99 -99 -99 -99 -99 -99
