-0.436686755960217 -99 -99 -99 -99 -99 -99 -99 -99 -99 -99 -99 -99 -99 -99
-99 -99 -99 -99 -99 -99 -99 -99 -99 -99 0.0234031315449299 -99 -99 -99 -99
-99 -99 -99 -99 -99 -99 -99 -99 -99 -99 2.23106648130387 -99 -99 0.700958769684565 -99
-99 -99 -99 -99 -99 -99 -99 -99 -99 -99 -0.639475128720318 0.575235535352573 0.109430626795632 -99 1.0549338240829
-99 -99 -99 -99 -99 -99 -99 -99 -99 -99 -99 -99 -99 -99 -99
-99 -99 -0.551124807751088 -99 -99 -99 -99 -99 -99 -99 -99 -99 -99 -99 -99
-99 2.2153012530253 -99 2.32512277614142 -99 -99 -99 -99 -99 -99 -99 -99 4.01900514292553 -99 -99
-99 -99 -99 -99 -99 -99 -99 -99 -99 -99 -99 -99 -99 -99 -99
-99 -99 -99 -99 -99 -99 -99 -99 -99 -99 1.22752370080262 -99 -99 -99 -99
-99 -99 -99 -99 -99 -99 -99 -99 -99 -99 -99 -99 -99 -99 -99
-99 -99 -99 -99 -99 -99 -99 -99 -99 -99 -99 -99 -99 -99 -99
-99 -99 -99 -99 1.13057571948029 -99 -99 -99 -99 -99 -99 -99 -99 -99 -99
-99 -99 -99 -99 2.68768004008439 -99 -99 -99 -99 -99 -99 -99 -99 -99 -99
-99 -99 -99 -99 -99 -99 -99 -99 -99 -99 -99 -99 -99 -99 -99
-99 -99 -99 -99 -99 -99 -99 -99 -99 1.20350619987992 -99 -0.959418999727934 -99 -99 -99
0.0915646120826126 -99 -99 -99 -99 -99 -99 -99 -2.17751619227867 -99 -99 -99 -99 -99 -99
1.70205602092149 -99 -99 -99 -99 -99 -99 -99 -99 -99 -99 -99 -99 -99 0.986480553783472
-0.00823916874548525 -99 -99 1.01025130971851 -99 -99 -99 -99 -99 -99 -99 -99 0.112581919368465 -99 -99
-99 -99 -99 2.56954690342705 2.16403115192341 -99 -99 -99 -99 1.56548482465203 -99 -99 2.64760377781314 -99 -99
-99 -99 -99 -99 -99 -99 -99 -99 -99 -99 -99 -99 -99 -99 -99
-99 -2.79065343404741 -99 -99 -99 -99 -99 -99 -99 -99 -99 -99 -1.29003892201935 -99 -2.87208736518809
-99 -99 -0.63360105301633 -99 -99 -99 -99 0.516216115399239 -99 -99 -99 -99 -99 -99 -99
-99 -99 -99 -99 -99 -99 -99 -99 -99 1.52047410174655 -99 -99 -99 -99 -99
-99 -99 -99 -99 -99 -99 -99 -99 -99 -99 -99 -99 -99 -99 0.941116395115141
-99 -99 2.64909655265399 -99 -99 -99 -99 -99 -99 -99 -99 -99 -99 -99 -99
-99 -99 3.44586077813682 -99 -99 2.14722318073355 -99 -99 -99 -99 -99 -99 2.29304739285058 -99 -99
-99 -99 -99 -99 -99 -99 -99 -99 -99 -99 -99 -99 -99 -99 -99
-99 -99 -99 -99 -99 -99 -99 -99 -99 -99 -99 -99 -1.24399278989901 -99 -99
-99 -99 -99 -99 -99 -99 -99 -99 -99 -99 -99 -99 -99 -99 -99
-99 0.137271545947205 -99 -99 -99 -99 -99 -99 -0.213805155274952 -99 -99 -99 -99 -99 -99
-99 -99 -99 -99 -99 -99 -99 -99 -99 -99 -99 -99 -99 -99 -99
-99 3.66299251131086 -99 -99 4.017556641096 -99 -99 2.80242974366744 -99 -99 -99 -99 -99 -99 -99
-99 -99 -99 -99 -99 -99 -99 -99 -99 -99 -99 -99 -99 -99 -99
-99 -99 0.490951682941559 -99 -99 -99 1.61871105387013 -99 -99 -99 0.301521968053725 -99 -99 -99 -99
-99 -99 -99 -99 -99 -99 -99 -99 -99 1.86126791781417 -99 -99 -99 2.8066249225912 -99
-99 -99 -99 -99 -99 -99 -99 -99 -99 -99 -99 -99 -99 0.552863755027541 -99
-99 -99 -99 -99 -99 2.62371239465658 -99 -99 -99 -99 -99 -99 -99 -99 -99
-99 -99 -99 -99 -99 0.899380589499681 -99 -99 -99 -99 -99 -99 -99 2.65323713798041 -99
-99 -99 -99 -99 -99 -99 1.05961001607597 0.526062453453262 -99 -99 -99 -99 -99 -99 -99
-99 -99 -99 -99 -99 -99 -99 -99 -99 -99 -99 -99 -99 -99 -99
-99 -99 -99 -99 -99 -99 -99 -99 -99 -99 -99 -99 3.03518041819482 -99 -99
-99 -99 2.91926420671539 2.10179978119288 -99 -99 -99 -99 -99 -99 -99 -99 -99 -99 -99
0.987737944088114 -99 -99 -99 -99 1.83105730743044 -99 -99 -99 -99 -99 -99 -99 -99 -99
-1.39354229614823 -99 -99 -99 1.4917207445763 -99 -99 -99 -99 -99 -99 -99 -99 -99 -99
-99 -99 -99 -99 -99 -99 -99 -99 -99 -99 -99 -99 -99 -99 -99
-99 -99 1.48816736688067 -99 -99 -99 -99 -99 -99 -99 -99 -99 -99 -99 -99
-0.0149128390283553 -99 1.14606579446534 -99 -99 -99 -99 -99 0.770943790139155 -99 -99 0.59133371709392 -99 -99 -99
2.83368797532098 -99 -99 -99 -99 -99 3.98583811911362 -99 -99 -99 -99 -99 -99 -99 -99
-99 -99 2.06978737432032 -99 -99 -99 -99 -99 -0.518087366707691 -99 -99 -99 -99 -99 -99
-99 -99 -99 -99 -99 -99 -99 -99 -99 -99 -99 -99 -99 -99 -99
-99 -99 -99 -99 -99 -99 -99 -99 -99 -99 -99 -99 -99 -99 -99
-99 -99 -99 -99 -99 -99 -99 -99 2.19310098398318 -99 -99 1.2646964601844 -99 1.86364223858857 -99
1.11379101552396 -99 -0.703576837014269 -99 -99 -99 -99 -99 -99 1.89875494215951 -99 -99 -99 -99 -99
-99 -99 -99 -99 -99 -99 -99 -99 -99 -99 -1.8822235881277 -99 -99 -99 -99
-99 0.414232332176186 -99 -99 -99 -99 -99 -99 -99 -99 -99 -99 -99 -99 -99
-99 -99 -99 -99 -99 -99 -99 -99 -99 -99 0.166566681034288 1.521678380278 -99 -99 -99
-99 -99 -99 1.5075389878179 -99 -99 -99 -99 -99 -99 -99 -99 -99 -99 -99
-99 -99 -99 -99 -99 -99 -99 -99 -99 -99 -99 -99 -99 -99 -99
-99 -99 -99 -99 -99 -99 -99 -99 -99 -99 -99 -99 3.30393816455544 -99 0.709433374248565
-99 -1.05161386292584 -1.64549102363595 -99 -99 -99 -1.3295466004117 -99 -99 -99 -99 -99 -99 -99 -99
-99 -99 -99 -99 -99 -99 -99 -99 -99 -99 -99 -99 -99 -99 -99
-99 -99 -99 1.58991614112626 1.46284476006627 -99 -99 -99 -99 -99 -99 -99 -99 -99 -99
-99 -99 -99 -99 -99 -0.207304163348981 -99 -99 -99 -1.46570336077037 -99 -99 -99 -99 -99
-99 -99 -99 -99 -99 -99 1.80918381693456 -99 -99 -99 -99 -99 3.45386369630214 -99 -99
-0.449989027220304 -99 -99 0.606978679939427 -99 -99 -99 -99 -99 1.35822153237879 -99 -99 -99 -99 -99
-99 -99 -99 -99 -99 -99 -99 -99 -99 2.78640288095774 -99 -99 -99 -99 -99
-99 -99 -99 -99 -99 -99 -99 -99 2.00481913891335 -99 -99 0.83559883706883 -99 -99 -99
-99 -99 -99 -99 -99 -99 2.06543815678996 -99 2.60530991880935 -99 -99 -99 -99 -99 -99
-99 -99 -99 -99 1.73992745569341 -99 -99 -99 -99 -99 -99 -99 -99 -99 -99
-99 1.34016198826973 -99 -99 -99 -99 -99 -99 -99 -99 -99 -99 -99 -99 -1.23226027777441
-99 -99 -99 -99 -99 -99 -99 -99 -99 -99 2.62549525406993 -99 -99 -99 -99
-99 -99 -99 -99 -99 -99 -99 -99 -99 -99 -99 2.24548087769843 -99 2.17286147042863 -99
-99 -99 1.01979616291968 -99 -99 -99 -99 -99 -99 -99 -99 -99 -99 -99 -99
2.97830219532476 -99 -99 -99 -99 -99 -99 -99 -99 -99 -99 -99 1.139224427669 -99 -99
-99 -99 -99 -99 -99 -99 -99 -99 -99 -99 -99 -99 -99 -99 -99
-99 -0.0101756193729803 -99 -99 -99 -99 -99 -99 -99 -99 -99 -99 -99 -99 -99
-99 -99 -99 -99 -99 -99 -99 -99 -99 -99 -99 -99 -99 -99 -99
2.61610722076077 -99 -99 -99 -99 -99 -99 0.968709831440727 -99 -99 1.37492670036871 2.49081061943519 -99 -99 -99
-99 -99 -0.771733296006408 -99 -99 -99 -99 -99 -99 -99 -99 -99 -99 -99 -99
0.500169063044546 -99 -0.0688800147388346 -99 -99 -99 -99 -99 -99 -99 -99 -99 -99 -99 3.83241373360813
3.25248792819479 -99 -99 0.917159568256778 -99 -99 -99 -99 -99 -99 -99 -99 -99 -99 -99
-99 -99 -99 -99 -99 -99 -99 -99 -99 -99 -99 -99 -99 -99 -99
-99 0.116833672679165 -99 -99 -99 -99 -99 -99 -99 -99 -99 -99 -99 -99 -99
-99 -99 -99 -99 -99 -99 -99 -99 -99 -99 -99 -99 -99 -99 -99
-99 -99 -99 -99 -99 -99 -99 -99 -99 -99 -99 -99 -99 -99 -99
-99 -99 -99 -99 -99 -99 -99 -99 -99 -99 -99 -99 -99 -99 -99
-99 -99 -99 -99 -99 -99 -99 -99 -0.250388382781723 -99 -99 -99 -99 -99 -99
-99 -99 -99 1.27553742573488 -99 -99 -99 -99 -99 -99 -99 -99 -99 0.205065466319239 -99
-99 -99 -99 -99 -99 -99 -99 -99 -99 -99 -99 -99 -99 -99 -99
-99 -99 -99 -99 -99 -99 -99 -99 -99 -99 -99 -99 -99 -99 -0.107850509292695
-99 3.64239135428986 -99 -99 -99 -99 -99 -99 -99 -99 -99 -99 1.59748106270425 -99 -99
-99 -99 -99 -99 -99 -99 -99 -99 -99 -99 -99 -99 -99 2.90597343062766 3.54279584799824
-99 -1.5595915349494 -99 -99 -99 -99 -99 -99 -99 -99 -99 -99 -99 -99 -99
-99 -99 -99 -99 -99 -99 -99 -99 -99 -99 -99 -99 -99 -99 -99
-99 -99 -99 -0.781877092549051 -99 -99 -99 -99 -99 -99 -99 -99 -99 -99 -99
3.55571246639636 -99 -99 -99 -99 -99 -99 -99 -99 1.4770396847569 -99 -99 -99 -99 -99
-99 2.93071460401618 -99 -99 -99 -99 -99 -99 -99 -99 2.28302830046921 2.45976243584653 2.57117983954893 -99 -99
-99 -99 -99 3.80700653587949 -99 -99 3.26822404290271 -99 -99 -99 -99 -99 -99 -99 3.69049469386706
-99 -99 -99 -99 2.09520565275614 -99 -99 1.30079911571675 -99 -99 -99 -99 1.51770153348918 -99 -99
-99 -99 -99 -99 -99 3.38872037574524 -99 -99 -99 -99 2.85952735357457 -99 -99 -99 -99
-99 -99 -99 0.637620313651606 -99 -99 -99 -99 -99 -99 -99 -99 -99 -99 -99
-99 -99 -99 -99 -99 0.408089886927348 1.98479491483251 -99 -99 -99 -99 -99 -99 -99 -99
-99 -99 1.42604952715375 -99 -99 -99 -99 -99 -99 -99 -99 -99 -99 -99 -99
-99 -99 0.77169403750602 -99 -0.281047898280219 -99 -0.259942950638786 -99 -99 -99 -0.900412505393878 -99 -99 -99 -99
-99 -99 -99 -99 -99 -99 -99 -99 -99 -99 -99 -99 2.74460946662588 -99 -99
-99 -99 -99 -99 -99 -99 -99 -99 -99 -99 -99 -99 -99 -99 -99
-99 -99 -99 -99 -99 1.60839929967866 -99 -99 -99 -99 -99 -99 -99 -99 -99
-1.09995357990676 -1.35263360716127 -99 -0.839836998915401 -99 -99 -99 -99 -99 -99 0.568668275961227 -99 -99 -99 -99
-99 -99 -99 -99 -99 -99 2.8082018784275 -99 -99 -99 -99 -99 -99 -99 -99
-99 -99 1.14392894282966 -99 1.22941365586055 -99 -99 -99 -99 -99 -99 -99 -99 1.22032552931061 -99
1.74287622462138 -99 -99 -99 -99 -99 -99 -99 -99 -99 -99 -99 -99 -99 -99
0.0516597561406719 1.91880959345809 -99 -99 -99 -99 -99 -99 -99 -99 -99 -1.5809230858834 -99 -99 -99
-99 0.6856809086379 -99 -99 -99 -99 -99 -99 -99 -99 -99 -99 -99 -99 -99
-99 -99 -99 -99 -0.491568672609763 -99 -99 -99 -99 -99 -99 -99 -99 -99 -99
-99 -99 -99 -99 -99 -99 -99 -99 2.19490624396567 -99 -99 -99 0.110231528079104 -99 -99
-99 -99 -99 -99 -99 -99 -99 -99 -99 -99 -99 -99 -99 -99 -99
-99 -99 -99 -99 -99 -99 -99 -99 -99 -99 -99 -99 -99 -99 -99
-99 -99 -99 1.99120491033059 -99 -99 -99 -99 -99 -99 -99 -99 -99 -99 -99
4.30476397273277 -99 -99 -99 -99 -99 -99 -99 -99 -99 -99 -99 0.811236830867298 -99 -99
-99 -99 -99 -99 -99 -99 -99 -99 -99 -99 -99 -99 -99 -99 -99
-99 -99 -99 -99 -99 -99 -99 -99 -99 -99 -99 -99 -99 -99 -99
-99 -99 -99 -99 -99 -99 -99 -99 -99 -99 -99 -99 -99 3.7212260471511 -99
-99 0.818505008724432 -0.215800774717617 -99 -1.4582309809964 -99 -99 -99 -99 -99 -99 -99 -0.531419029407528 -99 -99
-99 -99 0.525057941936556 -99 -99 0.637982958044616 -99 -99 -99 -99 -99 -99 0.914712194971278 -99 -99
-99 -99 -99 -99 -99 -99 -99 -99 -99 -99 -99 -99 -99 -99 -99
-99 -99 -99 -99 -99 -99 0.432722612801473 0.618333638014368 -99 -99 -99 -99 -99 -99 -99
-99 -99 -99 -99 -99 -99 -99 -99 -99 -99 0.86372843211394 -99 -99 -99 -99
-99 -99 -99 -99 -99 -0.0161176516560357 -99 -99 -99 -99 -0.106931099601346 -99 -99 -99 -99
-99 -99 -99 -99 -99 -99 -99 -99 -99 -99 -99 -99 -99 -99 -99
-99 -99 -99 -99 -99 -99 -99 -99 -99 -99 -99 -99 -99 -0.036917260689368 -99
-99 -99 -99 -99 -99 -99 -99 -99 -99 -99 -99 -99 1.34099377004932 -99 -99
-99 -99 -99 -99 -99 -99 -99 -99 -99 -99 -99 -99 -99 -99 -99
-99 -99 -99 0.275156257709737 -99 -99 -99 -99 -99 -99 -99 -99 -99 -99 -99
-99 -99 -99 -99 -99 -99 -99 -99 -99 -99 -99 -99 -99 0.479050598166791 -99
-99 -99 -99 -99 -99 2.31850714617333 -99 -99 1.58587584545975 -99 1.03058429778719 -99 -0.331948058731863 -99 -99
-99 -99 -99 -99 -99 -0.0512564314345634 -99 -99 -99 1.1623918365593 -99 -99 -99 -99 -99
-99 1.78140201467812 -99 -99 -99 -99 -99 -99 -99 -99 -99 -99 -99 -99 -99
-99 -99 -99 -99 -99 -99 -99 -99 -99 -99 -99 -99 -99 -99 -99
-99 -99 -99 -99 -99 -99 -99 -99 -99 -99 -99 -99 2.03981326145691 3.82664453001487 -99
-99 -99 -99 -99 -99 -99 -99 -99 -99 -99 -99 -99 -99 -99 -99
-99 -99 -99 2.08221816624149 -99 -99 -99 -0.118769055196004 -99 -99 -99 -99 -99 -0.103306975351885 -99
-99 -99 -99 1.4742003062961 0.177580439201289 -99 -99 -99 -99 -99 -99 1.88948627352921 -0.101146981092334 -99 -99
-99 0.448396130399732 -99 -99 -99 -99 -99 -99 -99 -99 -99 -99 -99 -99 -99
-99 -99 -99 -99 -99 -99 -99 -99 -99 -99 -99 -99 -99 -0.390828795556569 -99
-99 1.76579818849734 2.06940929520197 -99 1.5956134148861 -99 -99 -99 -99 1.92287726505636 -99 -99 -99 -99 -99
-99 0.453897479063193 -99 -0.581440140680882 -99 -99 -99 -99 -99 -99 -99 -99 -99 -99 -99
-99 -99 -99 -99 -99 3.68726191649532 -99 -99 -99 2.36015988429821 -99 -99 -99 -99 -99
-99 -99 -99 -99 -99 -99 -99 -99 -99 -99 -99 -99 1.69366842008836 -99 0.957428811944558
-99 -99 -99 -99 -99 -99 -99 -99 -99 -99 -99 -99 -99 -99 -99
-99 -99 -99 -99 -99 -99 -99 -99 -99 -99 -99 -99 -99 -99 -99
-99 -99 -99 -99 -99 -99 1.33418443079703 -99 -99 -99 -99 -99 -99 -99 -99
-99 -99 -99 -99 -0.0671665396119407 -99 -1.2527396707083 -99 -99 -99 -99 -99 -99 -99 -99
-99 -99 -99 -99 0.240569333170762 -99 -99 -99 -99 -99 -99 -99 -99 -99 -99
-99 2.55258309925238 -99 -99 -99 3.94633560642307 -99 -99 -99 -99 -99 -99 -99 -99 -99
-99 -99 -99 -99 -99 -99 -99 -99 -99 -99 -99 -99 -99 2.62502000047513 -99
-99 -99 -99 -99 -99 -99 -99 -99 -99 -99 -99 -99 -99 -99 -99
-99 -99 -99 -99 -99 -99 -99 -99 -99 -99 -99 -99 -99 -99 -99
-99 -99 -99 -99 -99 -99 -99 -99 -99 -99 -99 -99 -99 -99 -99
-99 -0.54403581627062 -99 -99 -99 -99 -99 -99 -0.57058935280637 -99 -99 -99 -99 -99 -99
0.689249979458219 -99 -99 -99 -99 -99 2.55406744091662 -99 -99 -99 -99 -99 -99 1.87984156444106 -99
-99 -99 -99 -99 -99 -99 -99 -99 -99 -99 3.58404285524418 -99 -99 -99 -99
-99 -99 -99 -99 -99 0.329592221662808 2.20229114743815 -99 -99 -99 -99 -99 -99 1.14506645197257 -99
-99 -99 -99 -99 -99 -99 -99 -99 -99 -99 -99 -99 -99 -99 -99
-99 -99 -99 -99 -99 2.32663007727725 -99 -99 -99 3.17376330292835 -99 -99 -99 -99 -99
-99 -99 -99 -99 -99 -99 -99 -99 -99 -99 -0.826729599251295 -99 -99 -99 -99
-99 -99 -99 2.80737706690936 -99 -99 -99 -99 -99 -99 -99 -99 -99 -99 -99
-99 -99 -99 -99 -99 -99 -99 -99 -99 -99 -99 -99 -99 -99 -99
-99 -99 -99 -99 -99 -99 -99 -99 -99 -99 -99 -99 -99 -99 -99
-99 -99 -99 -99 -99 -99 -99 -99 -99 -99 -99 -99 -99 -99 -99
-99 -99 -99 -99 -2.18955347678722 -99 -99 -99 -99 -99 -99 -99 -99 -99 -99
-99 -99 -99 -99 -99 -99 -99 -99 -99 -99 -99 -99 -99 -99 -99
-99 -99 -99 -1.04112912313657 -99 -99 -99 -99 -99 -99 -99 -99 -99 -99 -99
-99 -99 -99 -99 -1.11318527919456 -99 -99 -99 -99 -99 -99 -99 -99 2.13631249995539 -99
-99 -99 -99 -99 -99 -99 -99 -99 -99 -99 0.751275864459542 -99 -0.128900647677027 -99 -99
-99 -99 -99 -99 -99 -99 -99 -99 0.753553230132909 -99 -99 -99 -99 -99 0.0987973049744567
-99 -99 -99 -99 1.67305842234257 -99 -99 -99 -99 -99 -99 -99 -99 -99 -99
-99 0.623485716922972 -99 -99 -99 -99 0.90922287576062 -99 -99 -99 -99 -99 -99 -99 -99
-99 -99 -99 -99 -99 -99 -99 -99 1.22531480832708 -99 -99 -99 0.969392264616246 -99 -99
-99 -99 -99 -99 2.89121808351584 -99 -99 -99 -99 -99 -99 -99 -99 -99 1.52738791063964
-99 -99 -99 -99 -99 -99 -99 -99 -99 -99 1.38189848439493 -99 -99 -99 -99
-99 -99 -99 -99 -99 -99 -99 -99 -99 -99 -99 -99 -99 -99 -99
-99 -99 -99 -99 -99 -99 1.08682010537733 -99 -99 -99 -99 0.499933232404093 -99 -99 -99
0.924354880897005 -99 -99 -0.379312638575244 -99 -99 -99 -99 -99 -99 -99 -99 -99 0.255146490493535 0.172246232725465
-99 -99 -99 -99 -99 -99 -99 -99 -99 -99 -99 0.698617514016269 -99 -99 -99
-99 -99 -99 -99 -99 -99 -99 2.80525762456187 -99 -99 -99 -99 -99 -99 -99
-99 2.15977945478736 -99 -99 -99 2.4970232123326 -99 -99 -99 -99 -99 -99 -99 -99 2.95215329719873
-99 -99 -99 -99 -99 -99 -99 -99 -99 -99 -99 -99 -99 -99 -99
3.4604799926362 -99 -99 -99 -99 -99 -99 -99 -99 -99 -99 -99 -99 -99 -99
2.46862285659843 -99 -99 -99 -99 -99 -99 -99 -99 -99 -99 3.77789148314406 -99 -99 -99
-99 -99 -99 -99 1.80432140172088 -99 -99 -99 1.74961391514537 -99 -99 -99 -99 -99 -99
-99 -99 -99 -99 1.93885177497359 -99 -99 -99 -99 -99 -99 -99 -99 -99 -99
-99 -99 -99 -99 -99 -99 -99 -99 -99 -99 -99 -99 -99 -99 -99
-99 -99 -99 -99 -99 -99 -99 -99 -99 -99 -99 -99 -99 -99 -99
-99 -99 -99 -99 -99 -99 1.25585572112517 -99 -99 -99 -99 2.20331913854736 -99 -99 0.68897035648037
-99 1.71467723441135 0.888691771388348 -99 -99 -99 -99 -0.721121733133081 -99 -99 -99 -99 -99 -99 -99
-99 -99 0.93069860574653 -99 -99 -99 -99 -99 -99 -99 -99 1.35217069157324 -99 -99 -99
-99 -99 -99 -99 -99 -99 -99 -99 -99 -99 -99 -99 -99 -99 -99
-99 -99 0.805781600664709 -99 -99 -99 -99 -99 -99 -99 -99 -99 -99 -99 -99
-99 -99 -99 0.450793511571781 -99 -99 -99 -99 -99 -99 2.82284293526487 -99 -0.370651048102455 -99 -99
-99 -99 -99 -99 -99 -99 2.54720972612954 -99 -99 -99 -99 0.175827117598369 -99 0.757262179166361 -99
-99 -99 -99 -99 -99 -99 -99 -99 -99 -99 -99 -99 1.27224887112731 -99 -99
-99 -99 -99 -99 -99 -99 -99 -99 -99 -1.50952024251088 -99 -99 -99 -99 -99
-99 -99 -99 -99 -99 -99 -99 -99 -99 -99 -99 -99 -99 -99 -99
-99 -99 -99 -99 -99 -99 -99 -99 -99 -99 -99 -99 -99 -99 -99
-99 -99 -99 -99 -99 -99 -99 -99 -99 -99 -99 -99 -99 -99 0.0542552873243229
-99 -99 -99 -99 -99 -99 -99 -99 -99 -99 -99 -99 -99 -99 -99
-99 -99 -99 -99 -99 -99 -99 -99 -99 -99 -99 -99 -99 -99 -99
-99 -99 -99 -99 -99 -99 -99 -99 1.32061912973836 -99 -99 -99 -99 -99 -99
2.26188726965836 -99 -99 1.61032999606095 -99 2.34929148474605 -99 -99 -99 -99 -99 -99 -99 -99 -99
-99 -99 -99 -99 -99 -99 -99 -99 -99 -99 -99 -99 -99 -99 -99
-99 -99 -99 -99 -99 -99 -99 -99 -99 -99 -99 -99 -99 -99 -99
-99 -99 -99 -99 -1.43605312238281 -99 -99 -0.862672679481904 -99 -0.357977933692743 -99 -99 -99 -99 -99
-99 -99 -99 -99 -99 -99 -99 -99 -99 -99 -99 -99 -99 -99 -99
2.7594810744405 -99 -99 -99 -99 -99 -99 -99 -99 -99 -99 -99 -99 -99 -99
-99 -99 -99 -99 -99 -99 -99 -99 -99 -99 -99 -99 -2.97674149762418 -99 -99
-99 -99 -99 -99 -99 -99 -99 -99 -99 -99 -99 -99 -99 1.84898782485166 -99
-99 -99 1.80548326854103 -99 -99 -99 -99 -99 -99 -99 -99 -99 2.93155040004982 -99 -99
-99 -0.364580823596009 -99 -99 -99 -99 -1.1201325968229 -99 -99 -99 0.539603528459243 -99 -99 -99 -99
-99 -99 -99 -99 -99 -99 -99 -99 -99 -99 -99 -99 -99 -99 -99
0.66492051736171 -99 -99 -99 -99 0.64674687054609 -99 -99 -99 -99 -99 -99 -99 -99 -0.191937804548587
-99 -99 -99 -99 4.10478511549157 -99 4.73508216286075 -99 -99 -99 -99 2.12321972017277 -99 -99 -99
-99 -99 -99 -99 -99 -99 -99 -99 -99 -99 -99 -99 -99 -99 -99
-99 -99 -99 -0.557282841285834 -99 -99 -99 -99 0.322954182816209 -99 -99 -99 -99 -99 -99
-99 -99 -99 -99 -99 -99 -99 -99 -99 -99 -99 -99 -99 -99 2.85640762729462
-99 -99 -99 -99 -99 -99 -99 -99 -99 -99 -99 1.23838210194368 -99 -99 -99
-99 -99 -99 -99 -99 -99 2.2085822384937 -99 -99 -99 -99 -99 -99 -99 -99
-99 -99 -99 -99 -99 -99 -99 -99 -99 -99 0.901543429638852 -99 -99 -99 -99
2.47040065689187 -99 1.0059449258532 -99 -99 -99 -99 -99 1.86937128160726 -99 -99 -99 -99 -99 -99
-99 -99 -99 1.59235948746816 -99 -99 -99 -99 -99 -99 -99 -99 -99 -99 -99
-99 -99 -99 0.603174617165406 -99 -99 -99 -99 -99 -99 -99 -99 0.817679677906844 -99 -99
-99 -99 -99 -99 -99 -99 -99 -99 -99 -99 -99 -99 -99 1.18343272063899 -99
-99 -99 -99 -99 -99 -99 -1.65477737615764 -99 0.562591665011739 1.0750619066361 -99 -99 -99 -99 -99
-99 -99 -99 -99 -99 -99 -99 -99 -99 -99 -0.900876797746918 -99 -99 -99 -99
1.1280953267227 -1.58324518491834 -99 -99 -99 -99 -99 0.777470892423678 -99 -99 -99 -99 -99 -99 -99
0.249992744600631 -99 -99 -99 -99 -99 -99 -99 -99 -99 -99 -99 -99 1.7403059170998 -99
-99 -99 -99 -99 -99 -0.633166967121432 -99 -99 -99 -99 -99 -99 -99 -99 -99
-99 0.798958044012273 -99 -99 -99 -99 -99 -99 -99 -99 -99 -99 -99 -99 -99
-99 -99 -99 -99 -99 -99 -99 -99 -99 -99 -99 -99 -99 -99 -99
-99 -99 -99 -99 -99 -99 -99 -99 -99 -99 -99 -99 -99 -99 -99
-99 -99 -99 -99 -99 -99 -99 -99 -99 -99 -99 -99 -99 -99 -99
-99 -99 -99 -99 -99 -99 1.00840580619462 2.47650483178258 2.80393106021344 -99 -99 0.396381126091771 -99 -99 -99
-99 -99 -99 -99 -99 2.24283404055574 -99 -99 1.58398000595492 -99 -99 -99 -99 -99 2.44811673241205
-99 -99 -99 -99 -99 -99 -99 -99 -99 0.995451555550397 -99 -99 -99 -99 -99
1.37085607598856 -99 -99 -99 3.09944347110083 -99 -99 -99 -99 -99 -99 -99 -99 -99 -99
-99 -99 -99 -99 -99 -99 -99 -99 -1.23047886211098 -99 -99 -99 -0.530931681103788 -99 -99
-99 -99 -99 -99 -99 -99 -99 -99 -99 -99 -99 -99 -99 -99 -99
-99 -99 -99 -0.70838294864601 -99 -99 -99 0.826815101321222 -99 -99 -99 -99 -99 -99 -99
-0.0982264727724143 -99 0.801017649073037 -99 -99 -99 -99 -99 0.416723373473526 -99 -99 -99 -99 -99 -99
-99 -99 -99 -99 -99 -99 0.418710272628762 -99 -99 -99 -99 -99 -99 -99 -99
-99 -99 -99 -99 -99 -99 -99 -99 -99 -99 -99 -99 -99 -99 -99
-99 -99 -99 -99 -99 -99 -99 -99 -99 -99 -99 -99 -99 -99 -99
-99 -99 -99 -99 -99 -99 -99 -99 -99 -99 -99 -99 -99 -99 -99
-99 -99 -99 -99 -99 -99 -99 -99 -99 -99 -99 -99 -99 -99 -99
-0.600514820228246 -99 -99 -99 -99 -99 -99 -99 -99 -99 -99 -99 -99 -99 -0.461970121397526
-99 -99 -99 -1.29007943766974 -99 -99 -99 -99 -0.756071674101386 -99 -99 -99 -1.83442885712304 -99 -99
-99 -99 -99 -99 -99 1.37599141954427 -99 1.84176705739527 -99 -99 -99 -99 -99 -99 -99
-99 -99 -99 -99 -99 1.67282035357776 -99 -99 -99 -99 -99 -99 -99 -99 -99
-99 -99 -99 -99 -99 -99 -99 -99 -99 -99 -99 -99 -99 1.56050466848063 -99
-99 -99 -99 -99 -99 -99 -99 -99 -99 -99 -99 -99 0.27083092191755 -99 -99
-99 -99 -99 -99 -99 -99 -99 -99 -99 -99 -99 -99 -99 -99 -99
-99 -99 -99 -99 -99 -99 -99 -99 2.89266281200092 -99 -99 1.34855137262244 -99 -99 -99
-99 -99 -99 -99 -99 -99 -99 -99 -99 -99 -99 -99 -99 -99 1.50775552038593
-99 -99 0.184414253087311 -99 0.24184124034928 -99 -99 -99 -99 -99 -99 -99 -99 -99 -99
-99 -99 -99 -99 -99 -99 -99 -99 -99 -99 -99 -99 -99 -99 -99
-99 -99 -99 -99 -99 -99 -99 -99 1.81089929376166 -99 -99 -99 -99 -99 -99
-99 2.93101144599224 -99 -99 -99 -99 -99 -99 -99 -99 -99 -99 -99 -99 -99
-99 1.54784814454409 -99 -99 -99 -99 -99 -99 -99 -99 -99 -99 -99 -99 -99
-99 -99 -99 -99 -99 -99 2.46770657518814 -99 -99 -99 -99 -99 2.08656976716946 -99 -99
-99 -99 -99 -99 2.78275936493917 -99 -99 -99 -99 -99 -99 -99 -99 -99 -99
-99 -99 -99 -99 -99 -99 -99 -99 -99 -99 -99 -99 -99 -99 -99
-99 3.09779759636676 -99 -99 -99 2.29139906338108 -99 -99 -99 -99 -99 -99 -99 -99 -99
-99 -99 -99 -99 3.52957051161655 -99 -99 -99 -99 -99 -99 -99 -99 -99 -99
-99 -99 -99 -0.952216607720384 -99 -99 0.841504445868407 -99 -99 -99 0.0917443646910387 -99 -99 -99 -99
-99 -99 -99 -99 -99 -99 -99 -99 -99 -99 -99 -99 3.04166038205756 -99 2.19122006114848
-99 -99 -99 -99 -99 -99 -99 -99 -0.869952140199532 -99 -0.739755678434175 -99 0.859593250900767 -99 -2.05522280618909
-99 -99 -99 -99 -99 -99 -99 -99 -99 -99 -99 -99 -99 -99 -99
-99 -99 -99 -99 -99 1.53013710678464 -99 0.347281034330357 -99 -99 -99 -99 -99 -99 -99
1.30514817368865 -99 -99 -99 -99 -0.281992437310469 -99 -99 -0.411206151303297 -99 -99 -99 -99 -99 -99
-99 -99 -99 -99 -99 -99 -99 -99 -99 -99 -99 -99 -0.887493479420917 -99 -0.493203386621254
-99 -99 -99 -1.21531039638334 -99 -99 -99 -99 -99 -99 -99 -99 1.32030696989508 -99 -0.0182877109192441
-99 -99 -99 -99 0.594928707406326 -99 -99 -99 -0.540286680472605 -99 -99 -99 0.480345032504027 -99 -99
-99 -99 -99 -99 -99 -99 -99 -99 -99 -99 -99 -99 -99 -0.292133868849825 -99
-99 -99 -99 -99 -99 -99 -99 -99 -99 -99 -99 -99 2.63692811499369 1.51151591880782 -99
-99 -99 -99 -99 -99 -99 -99 -99 -99 -99 -99 -99 -99 -99 -99
-99 -99 -99 -99 -99 -99 1.70714710881569 -99 -99 -99 -99 -99 -99 -99 1.60190959015271
-1.384211327888 -99 -99 -99 -99 -99 -99 -99 -99 -99 0.522844753135465 -99 -99 0.547617493951229 -99
-99 -99 -99 -99 -99 -99 -99 -99 -99 -99 -99 -99 -99 -99 -99
-0.375067190165431 -99 -99 -99 -99 -99 -99 -99 2.41064174500879 -99 -99 -99 -99 -99 -99
-99 -99 -99 -99 -99 -99 -99 -99 -99 -99 -99 -99 1.26026958618667 -99 -99
-99 -99 -99 0.49911963406817 -99 -99 -99 -99 -99 -99 -99 -99 -99 -99 -99
-99 -99 -99 -99 -99 -99 -99 -99 -99 -99 -99 2.75850416682479 -99 -99 -99
-99 -99 -99 -99 -99 -99 -99 -99 0.40790101635269 -99 -99 -99 -99 -99 -99
-99 2.15864168969168 -99 -99 -99 -99 -99 -99 -99 -99 -99 2.82397404076444 -99 -99 -99
-99 -99 2.05537975068931 -99 -99 -99 -99 -99 -99 -99 -99 -99 -99 -99 -99
-99 -0.172633204039913 -99 -99 -99 -99 -99 -99 -99 0.431692541143853 -99 1.80693194550608 -99 -99 -99
2.97566065414049 -99 -99 -99 -99 -99 -99 -99 -99 -99 -99 0.0756217424386015 -99 -99 -99
-99 1.05290243664641 -99 -99 -99 -99 -99 3.61613232371268 -99 2.3777654607814 -99 -99 -99 -99 -99
-99 1.56349469159374 0.272653236872853 -99 -99 -99 -99 -99 -99 2.19973367090377 -99 -99 -99 0.101842747018441 -99
-99 -99 -99 -99 -99 -99 -99 -99 4.59317441499115 -99 -99 -99 -99 -99 -99
0.81406456476888 0.585688832687192 -99 -99 -99 1.06513347116595 -99 -99 -99 -99 -99 -99 0.780055510675641 -99 -99
-99 -99 -99 -99 -99 -99 1.05765649606194 -99 -99 -99 -99 -99 -99 -0.00790607830900236 0.98468688339089
-99 -99 -99 -99 -99 2.32796970576301 -99 -99 -99 -99 -99 -99 -99 -99 -99
-99 -99 -99 -99 -0.048454843952336 -99 -99 -99 -99 -99 -99 -99 -99 -99 -99
-99 -99 -99 -99 -99 -99 -99 -99 -0.407297989334223 -99 -99 -99 -99 -99 -99
-99 -99 -99 -99 -99 -99 -99 -99 -99 -99 -99 -99 -99 -99 0.990058173329374
-99 -99 1.20186983104336 -99 -99 -99 -99 -99 -99 -99 -99 -99 -99 -99 -99
-99 -99 -1.17201498596373 -0.386321442726638 -99 -99 -99 -1.53640854981326 -99 -99 -99 -99 -99 -99 -99
-99 -99 -99 -99 -99 -99 -99 -99 -99 -99 -99 -99 -1.17123175475146 -99 -99
-99 -99 -99 -99 -99 -99 -99 -99 -99 -99 -99 -99 -99 -99 -99
-99 -99 1.49142916712372 -99 -99 -99 -99 -99 -99 1.63150569416153 -99 -99 -99 -99 -99
-99 -99 2.34072393689068 -99 0.848956925880711 -99 -99 -99 -99 -99 -99 -99 -99 -99 -99
-99 1.32575448257307 -99 -99 -99 -99 -99 -99 -99 -99 -99 -99 -99 -99 -99
-99 -99 -99 -99 -99 -99 -99 -99 -99 -99 -99 -99 -99 -99 -99
-99 2.77426064527366 -99 -99 1.53539656815954 -99 -99 -99 0.478269799478752 -99 -99 -99 -99 -99 2.98645450796249
-99 -99 -99 -99 -99 -99 -99 -99 -99 0.812129243229512 -99 -99 0.689514146186791 -99 -99
-99 -99 -99 -99 4.76037421770645 -99 -99 -99 2.34526000504846 -99 -99 -99 -99 -99 -99
-99 -99 -99 2.28068533502052 1.93388392606051 -99 -99 -99 -99 -99 -99 -99 -99 -99 -99
-99 -99 -99 -99 -99 -99 -99 -99 -99 -99 -99 -99 -99 -99 -99
-99 -99 -99 -99 -99 -99 -99 -0.556156518625883 -99 -99 -99 -99 -99 -99 -99
3.17133607410183 -99 -99 -99 -99 -99 -99 -99 -99 -99 -99 -99 -99 -99 0.859776605600566
-99 -99 -99 -99 -99 1.96002730643665 -99 1.20625506381795 -99 -99 -99 -99 -99 1.7079400758647 -99
-99 -99 -99 -99 -99 -99 -99 -99 -99 1.25969142072882 -99 -99 -99 -99 -99
-99 -99 0.444589877060296 -1.1637981898659 -99 -0.799124853109551 -99 -99 2.5275433539346 -99 -99 -99 -99 0.864689060566444 -99
-99 -99 -99 3.56603563384859 -99 -99 -99 -99 -99 1.22347549415797 1.45072450542286 -99 -99 -99 -99
-99 -99 0.641960588874205 -99 -99 -99 -99 -1.48882957611594 -99 -99 -99 -99 -0.777033996830417 -99 -99
-99 -99 -99 -99 -99 -99 -99 -99 -99 -99 -99 -99 4.30707877974298 2.23603693318325 -99
-99 -99 -99 -99 -99 -99 -99 0.411981776126034 -99 -99 -99 -99 -99 0.838973358125084 -99
-99 -99 -99 -99 -99 -99 -99 -99 -99 -99 -99 -99 -99 -99 -99
-99 -99 -99 -99 -99 -99 -99 -99 -99 -99 -99 -99 -99 -99 -0.194426802712197
-99 -99 0.958468392695016 -99 -99 -99 -99 -99 -99 -99 -99 -99 -99 -99 -99
-99 2.62121478894354 1.01324627970305 -99 0.260737644450069 -99 1.87423686130325 -99 -99 -99 -99 -99 -99 2.8907182700344 -99
-99 -99 -99 3.27514603875051 -99 -99 -99 -99 -99 -99 -99 -99 -99 -99 -99
-99 -99 -99 -99 0.699714725717533 -99 -99 -99 -99 -99 -99 -99 -99 -99 -99
-99 -99 -99 -99 -99 -99 -99 -99 -99 -99 -99 -99 -99 -99 -99
-99 -99 -99 -99 -99 1.17777547515817 -99 -99 -99 -99 -99 -99 -99 0.976518853352027 -99
1.67930681843893 -99 -99 -99 -99 -99 -99 -99 -99 -99 -99 -99 -99 -99 -99
-99 -99 -99 0.65289966024044 -99 -99 0.539016782457062 -99 -99 -99 -99 -99 -99 -99 -99
-99 -99 -99 -99 -99 -99 -99 -99 -99 -99 2.06388276785402 -99 -99 -99 -99
-99 -99 -99 -99 1.58614582068413 -99 -99 -99 -99 2.32231576013281 -99 -99 -99 -99 -99
-99 -99 -99 -99 -99 -99 -99 -99 -99 -99 -0.306617869359033 -99 -99 -99 -99
-99 -99 -99 -99 -99 -99 -99 -1.18584491007443 -99 -99 -0.207831530714467 -0.178408535767706 -99 -0.899301965626378 -99
-99 -99 -99 -99 -99 -99 -99 -99 -99 -99 -99 -99 -99 -99 -99
-99 -99 1.10362403423976 -99 -99 -99 -99 0.534994311230187 -99 -99 -99 -99 -99 -99 -99
-99 -99 -99 -99 -99 -99 -99 -0.698251808166806 -99 -99 -99 -99 -99 -99 -99
-99 -99 -99 -99 -99 -99 -99 -99 -99 -99 -99 -99 -99 -99 -99
-99 -99 -99 -99 -99 -99 -99 -99 -99 -99 -99 -99 -99 -99 -99
-99 -99 -99 -1.09089074140914 -99 -99 -99 -99 -99 -99 -1.91565845595107 -99 -99 -99 -99
-99 -99 -99 -99 -99 -99 -99 1.88574992202404 -99 -99 -99 -99 -99 1.83155480270036 -99
-99 2.02661256575752 -99 -99 -99 -99 -99 -99 -99 -99 -99 1.32596201270456 -99 -99 -99
-99 -99 -99 -99 -99 -99 -99 -99 -99 -99 -99 -99 -99 -99 -99
-99 -99 -99 -99 -99 -99 -99 -99 -99 -99 -99 -99 -99 -99 -99
-99 -99 -99 -99 -99 -99 2.34420878817437 -99 0.75885776275546 2.78641769610112 -99 2.36790188364654 -99 -99 0.927585351434665
-99 -99 -99 -99 2.15592383029521 -99 -99 -99 -99 -99 -99 -99 -99 -99 -99
-99 -99 -99 -99 -99 -99 -99 -99 -99 -99 -99 -99 -99 -99 0.324121962841209
-99 -99 -99 -99 -99 -99 3.26477636451175 -99 -99 -99 -99 -99 -99 -99 -99
-99 -99 -99 -99 -99 0.457096495251841 -99 -99 -99 -99 -99 -99 -99 -99 -99
-99 -99 -99 2.02502501381412 4.27597064673653 -99 -99 -99 -99 -99 -99 -99 -99 -99 -99
-99 1.04865221804667 -99 -99 -99 -99 0.652716768006498 -99 -99 -99 -99 -99 -99 -99 -99
-99 -99 -99 -99 -99 -99 -99 -99 -99 -99 -99 -99 0.414861852689366 1.4611779679192 -99
-99 -99 -99 -99 -99 -99 -99 -99 -99 -99 -99 -99 -99 -99 -99
-99 -99 -99 -99 -99 -99 -99 -99 0.112166231750231 -99 -99 0.554578898989609 -99 -99 -99
-99 -99 -99 -99 -99 -99 -99 -99 -99 -99 -99 -99 -99 -99 -99
-99 -99 -99 -99 0.694384963178198 -99 1.32361298539041 -99 -99 -99 -99 -99 -99 -99 -99
-0.592101084865862 -99 -99 -99 -99 -99 -99 -1.09432730157411 -99 -99 -99 -99 -99 -99 2.09004390464571
-99 -99 -99 -99 -99 -99 -99 -99 -99 -99 -99 -99 -99 -99 -99
-99 -99 -99 -99 -99 -99 -99 -99 -99 -99 -99 -99 -99 -99 -99
-99 -99 -99 -99 -99 -99 -99 3.61371891053765 -99 -99 -99 -99 -99 -99 -99
-99 -99 -99 -99 -99 -99 -99 -99 -99 -99 -99 -99 -99 -99 -99
-99 -99 -99 -99 -99 -99 -99 1.16630394602322 -99 -99 -99 -99 -99 -99 -99
-99 -99 -99 -99 -99 -99 -99 -99 -99 -99 -99 -99 -99 -99 -99
-99 -99 -99 1.5951729008264 -99 -99 -99 -99 -99 -99 -99 3.09110695080566 -99 -99 -99
-99 -99 -99 2.66341962398392 -99 -99 -99 -0.266072363613965 -99 -99 -99 -99 -99 -99 -0.0410856742735133
-99 -99 -99 -99 -99 -99 -99 -99 1.52717916422563 -99 -99 -99 -99 -99 -1.95785879496884
-99 -99 -99 0.598508521035632 -99 -99 -99 -99 -99 -99 -99 -99 -99 -99 0.100789072029873
-99 -99 -99 -99 -99 -99 -99 -1.71228770462242 -99 -99 -99 -99 -99 -99 -99
-99 -99 -99 -0.985619457092235 -99 -1.18355489006838 -99 -99 -99 -99 -99 -0.433868589905474 -99 -99 -99
-99 -99 -99 3.01401131645892 -99 -99 -99 -99 -99 1.46299339254336 -99 -99 -99 -99 3.46676997462223
-99 -99 -99 -99 -99 -99 -99 -99 -99 -99 -99 -99 -99 -99 -99
-99 -99 -99 -99 -99 -99 -99 -99 -99 -99 -99 -1.8295817701902 -99 -0.344150029486566 -99
-99 -99 -99 -99 -99 -99 0.580864053462903 -99 0.328586725081397 -99 -99 -99 -99 -99 -99
4.54382948948458 -99 -99 -99 -99 -99 1.99738300057405 -99 -99 -99 -99 -99 -99 -99 -99
-99 -99 -99 -99 -99 -99 2.90413366332709 -99 -99 -99 -99 -99 -99 4.99031946022191 -99
-99 -99 -99 -99 -99 -99 -99 -99 -99 -99 0.844605673881957 -99 -99 -99 -99
-99 -99 -99 -99 -99 -0.877169554361575 -99 -99 -99 -99 -99 -99 -99 -99 -99
-99 -99 -99 -99 -99 3.06501018313797 -99 -99 -99 -99 -99 -99 -99 -99 -99
-99 -99 -99 -99 -99 -99 -99 -99 -99 -99 -99 -99 -99 -99 -99
-99 -99 -99 -99 -99 -99 -99 -99 0.237555611162751 -99 -99 -99 1.87777008472264 -99 2.18658336178911
-99 -99 -99 -99 1.78578066413721 -99 -99 -99 -99 -99 -99 1.294052768 1.16218706024319 -99 -99
-99 1.37224994530277 -99 -99 -99 -99 -99 -99 -99 -1.03127359085225 -99 -99 0.369805918879382 -99 -99
-99 -99 -99 1.15586314438137 -99 -99 -99 -99 1.7121264872049 -99 -99 -99 -99 1.37493754188871 -99
1.42048754076957 -99 -99 -99 1.31148116233586 -99 -99 -99 -99 -99 -99 -99 -0.478232448485665 -99 -99
-99 1.15913909576676 -99 -99 -99 -99 0.915610287680154 2.8671831282598 -99 -99 -99 -99 -99 -99 -99
-99 -99 -99 -99 -99 -99 -99 3.8247554273934 -99 0.860194345247617 -99 -99 1.82427904321194 -99 -99
-99 -99 0.910043696100144 -99 -99 -99 -99 -99 1.36680351379628 -99 -99 -99 -99 -99 -99
-99 -99 -99 -99 -99 -99 -99 -99 -99 -99 -99 -99 -99 -0.943309732143867 -99
-99 -99 -99 -99 -99 -0.640139500160887 -99 -99 -99 -99 -99 -99 -99 -99 -99
-99 -99 -99 -99 -99 -99 -99 -99 -99 -99 -99 -99 -99 -99 -0.259606408035848
-99 -99 -99 -99 -99 -99 -99 -99 -99 -99 -99 -99 -0.758759098775489 2.31704010803493 -99
-99 -99 -99 -99 -0.610427221590038 -99 -99 -99 -99 -1.16282446938955 -1.15072603894428 -99 -99 -0.151640017524557 -99
-99 -1.72010025009314 0.512523195966763 -99 -99 -99 1.74591315226133 -99 -99 -99 -99 -99 -99 -99 -0.263040820048372
-99 -99 -99 -99 0.620542641579815 -0.565583251003687 -99 -99 -99 -99 -99 -99 -99 -99 -99
-99 -99 -99 -99 -99 -99 -99 1.03154112574755 -99 -99 -99 -99 -99 -99 -99
-99 -99 -99 -99 -99 -99 -99 -99 -99 -99 -99 -99 -99 -99 -99
-99 -99 -99 -99 -99 -99 -99 -99 -99 -99 -99 -99 -99 -99 -99
-99 -1.5219017476913 -99 -99 -99 -99 -99 -99 -99 -99 -99 -99 -99 -99 -99
-99 -99 -0.172946661682992 -99 -99 -99 -99 -99 -99 -99 -99 -99 -99 2.16624010940184 -99
-99 -99 -99 -99 -99 -99 -99 -99 -99 -99 -99 -99 -99 -99 -99
-99 2.27691495544208 -99 1.84736548407639 -99 0.547781484454459 -99 -99 -99 -99 -99 -99 -99 -99 -99
-99 -99 -99 -99 -99 -99 -99 -99 -99 -99 -99 -99 -99 -99 -99
-99 -99 -99 -99 -99 -99 -99 -99 -99 -99 2.38572284215559 -99 1.51362002181355 -99 -99
-99 -99 -99 -99 -99 -99 -99 -99 -99 -99 -99 -99 -99 0.0739580697952834 -99
-99 0.0782902304702373 -99 -99 -99 -99 -99 -99 -99 -99 -99 -99 -99 -99 -99
-99 -99 -99 -99 2.68583987280936 -99 -99 -99 -99 -99 -99 -99 -99 -99 -99
-99 -99 -99 -99 -99 -99 -99 -99 -99 -99 -0.546462785269876 1.06909631605901 -99 -99 -99
-99 -99 1.99070303869036 -99 -99 -99 -99 -99 -99 -99 -99 -99 -99 -99 -99
-99 -99 -99 -99 1.65078953617874 -99 -99 -99 -99 -99 -99 -99 -99 -99 -99
-99 -3.01224304896106 -99 -0.930848035718252 -99 -99 -1.49694100569656 -99 -99 -99 -99 -99 -99 -99 -99
-99 -99 -99 -99 -99 -99 1.95514133955266 -99 1.29890756462455 -99 -99 -99 -0.0886176468365216 -99 -99
-99 -99 -99 -99 -99 -99 -99 -99 -99 -99 -99 -99 -99 -99 -99
-99 -99 -99 -99 -99 -99 -99 -99 -99 -99 -99 -99 -99 -99 -99
-99 -99 -99 -99 -99 -99 -99 -99 1.05565155143485 -99 0.60391074626531 -99 -2.6296711343995 -99 -99
-99 4.08482404363489 -99 -99 -99 -99 -99 -99 -99 -99 -99 -99 2.59219215018856 -99 -99
-99 -99 -99 -99 -99 -99 -99 -99 0.955318052828126 -99 -99 -99 -99 1.39792262476496 0.403959624043948
-99 -99 -99 -99 -99 -99 -99 -99 -99 -99 -99 -99 -99 -99 -99
-99 -99 -99 -99 -99 -99 -99 -99 -99 -99 -99 -99 -99 -99 -99
-99 -99 -99 -99 -99 -99 -99 -99 -99 -99 -99 -99 -99 -99 -99
-99 -99 -99 -99 -99 -99 -99 -99 -99 -99 -99 -99 -99 -99 -99
-99 -99 -99 -99 -99 -99 -99 -99 -99 -99 -99 -99 -1.14207308267752 -99 -99
-99 -99 -99 -99 -99 -99 -99 -99 -99 -99 -99 -99 -99 -99 -99
-99 1.93281264380865 -99 -99 -0.380266350900555 -99 -99 -99 -99 -99 -99 -99 -99 -99 -99
-99 -99 -99 -99 -99 -99 -99 -99 -99 -99 -99 -99 -99 -99 -1.58594530041998
-0.752486110714467 -99 -99 -99 -99 -99 -99 -99 -99 -99 -99 -99 -99 -99 -99
-99 -99 -99 -99 3.33089421589353 -99 -99 -99 -99 2.89716334403962 -99 -99 -99 -99 -99
-99 -99 3.24518865433311 -99 -99 -99 -99 -99 -99 -99 -99 -99 -99 -99 0.242955251974244
-99 -99 -99 -99 -99 -99 -99 -99 -99 2.74206556113923 -99 -99 -99 -99 -99
-99 -99 -99 -99 -99 -99 -99 -99 -99 -99 -99 -99 -99 -99 -99
-99 -3.5982469134576 -99 -99 -99 -3.80236870989723 -99 -99 -99 -99 -99 -99 -99 -99 -99
-99 -99 -99 0.163947673093172 -99 -99 -99 -99 -99 -99 -99 -99 -99 -99 -99
-99 -99 -99 -99 -99 -99 -99 -99 -99 4.00686349387164 -99 -99 -99 -99 -99
-99 -99 -99 -99 -99 -99 -99 -99 -0.391240939701036 -99 -99 -99 -99 -99 -99
-99 -99 -99 -99 -99 -99 -99 -99 -99 -99 -99 -99 -99 -99 -99
-99 -99 0.551366696701505 -99 -99 -99 -99 -0.581127688461995 -99 -99 -99 -99 -99 -99 -99
-99 -99 -99 -99 -99 -99 -99 -99 -99 -99 -1.50773348235988 -99 -99 -99 -1.62861917031159
-99 -1.59771529399083 -99 -99 -99 -99 -99 -99 -99 -99 -99 -99 -99 -99 -99
-99 -99 -99 -99 -99 -99 -99 -99 -99 -99 -99 -99 -99 -99 -99
-99 -99 3.02601449877538 -99 -99 -99 -99 -99 -99 -99 -99 -99 -99 -99 -99
-99 -99 -99 -99 0.704154583993655 -99 -99 -99 -99 -99 -99 -99 -99 1.5557488956112 -99
-99 -99 -99 -99 -99 2.42538327895701 -99 -99 -99 -99 2.90527347025576 -99 -99 -99 -99
-99 1.04369425005801 -99 -99 0.946417909888345 -99 -99 -99 -99 -99 -99 -99 -99 -99 -99
-99 -99 -99 -99 -99 -99 -99 -99 -99 -99 -99 -99 -99 -99 -99
-99 -99 -99 -99 -99 2.44965529810665 -99 2.40420308433787 -99 -99 -99 4.93405301712909 -99 3.0212326422718 -99
-99 -99 -99 -99 -99 -99 -99 -99 -99 -99 -99 -99 -99 -99 -99
-99 -99 -99 -99 -99 -99 -99 -99 -99 -99 -99 -99 -99 -99 -99
-99 -99 -99 -99 -99 -99 -99 -99 -99 -99 -99 -99 -99 -99 -99
-99 -99 -99 -99 -99 1.47263362891426 -99 -99 -99 1.63981618128717 -99 -99 -99 -99 -99
-99 -99 -99 -99 -99 -99 -99 -99 -99 -99 -99 -99 -99 -99 -99
-99 -99 -99 -0.892783947785175 0.273935071785558 0.975067669895634 -99 -99 -99 -0.802184428779976 -99 -99 -99 -99 -99
-99 -99 -99 -99 -99 -99 -99 -99 -99 1.69213330827829 -99 1.17175464096013 -99 -99 -99
-99 -99 -99 -99 -99 -99 0.634812632468787 -99 -99 -99 -99 -99 -99 -99 0.748024073149492
-99 -99 -99 -99 -99 -99 -99 -99 -99 -99 -99 -99 -99 -99 -99
-99 -99 -99 -99 -99 -99 -99 -99 -99 -99 -99 -99 -99 -99 -99
-99 -99 -99 -99 0.20671048519878 -99 -99 -99 -99 -99 0.259003238522396 -99 -99 -99 -99
-99 1.01416208244276 -99 -99 -0.479551507375456 -99 -99 -99 -99 -99 -99 -99 -99 -99 -99
-99 -1.09763910373267 -99 -99 -1.00206447992859 -99 -99 -99 -99 -99 -99 -99 -99 -99 -99
-99 -99 -99 -99 -99 -99 -99 -0.399624177981851 -99 -99 -99 -99 -99 -99 -99
-99 -99 -99 -99 -99 -99 -99 -99 -99 -99 -99 -99 -99 -99 -99
-99 -99 -99 -99 -99 -99 -99 -99 -99 -99 -99 -99 -99 -99 -99
-99 -0.390415366967738 -99 -99 -99 -99 -99 -99 -0.967456230466327 -99 -99 -99 -99 -99 -99
-99 -99 -99 -99 -99 -1.241954616349 -99 0.454032108398925 -99 -99 -99 -99 -99 -99 -99
-99 -99 1.57852491884997 -99 -99 -99 -99 -99 -99 -99 -99 -99 -99 -99 -99
-99 -99 -99 -99 -99 -99 -99 -99 -99 -99 0.635270038532671 -99 -99 -99 -99
1.40656480347092 -99 -99 -99 -99 0.462406368261293 -99 -99 -99 -99 -99 1.9570480649248 -99 -99 -99
-99 -99 -99 -99 -99 -99 -0.35646645126181 -99 -99 -99 -99 -99 -99 -99 -99
-99 -99 2.74230938910142 -99 -0.496091593612018 -99 -99 -99 -99 -99 -99 -99 -99 -99 -99
-99 0.934121749740198 -99 -99 -99 -99 -99 -99 -99 -99 -99 -99 -99 -99 -99
-99 -99 -99 -99 1.38957237599522 0.818918770934089 -99 -99 -99 -99 -99 -99 -99 0.290824654250853 -99
-99 -99 -99 -99 -99 -99 -99 -99 -99 -99 -99 -99 -99 -99 -99
-99 -99 -99 1.97882842915829 -99 -99 1.99611527324656 -99 -99 -99 -99 -99 1.44508086279703 -99 -99
1.45985867871685 -99 -99 -99 -99 -99 -99 -99 -99 -99 -99 -99 -99 -99 -99
-99 -99 -99 -99 -99 -99 -99 -99 -99 -99 -99 -99 -99 -99 -99
-99 -99 -99 -99 -99 -99 -99 -99 -99 -99 -99 -99 -99 -99 -99
-99 -99 -99 -99 -99 -99 -99 -99 -99 -99 -99 -99 -99 -99 -99
-99 -99 -99 -99 -99 1.32911621568844 -99 -99 -0.512192851001948 -99 -99 -99 -0.860519017146352 0.393196713831198 -99
2.92335308043525 -99 -99 -99 0.795642288708749 -99 -99 -99 -99 -99 -99 -99 -99 -99 -99
1.33429549107428 -99 -99 -99 -99 -99 -99 -99 -99 -99 -99 -99 -99 -99 -99
-99 -99 -99 -99 -99 -99 -99 -99 -99 -99 -99 -99 -99 -99 -99
-99 -99 -99 -99 -99 -99 -99 -99 -99 -99 -99 -99 -99 6.28725484267111 -99
1.73297708344099 -99 -99 -99 -99 -99 -99 -99 -99 -99 -99 -99 -99 -99 -99
-99 -99 -99 -99 0.37713633228274 -99 -99 -99 -99 -99 -99 -99 -99 -99 -99
-99 -99 -99 -99 -99 -99 -99 -99 -99 -99 -99 -99 -99 -99 -99
-99 -99 -99 -99 -99 -99 -99 -99 -99 -99 -99 -99 -99 -99 -99
-99 3.55753729842018 -99 -99 -99 3.86378319199641 -99 -99 -99 -99 -99 -99 -99 -99 -99
-99 -99 -99 -99 -99 -99 -99 -99 -99 -99 1.43286167620859 -99 -99 -99 1.2816388410567
-99 -99 -99 -99 -99 -99 -99 -99 -99 -99 -99 -99 -99 -99 -99
-99 -99 -99 -99 -99 -99 -99 -99 -99 -99 -99 -99 -99 -99 -99
0.892350593423399 -0.93876489204267 -99 -99 2.98269325909549 -99 -99 -99 1.10172498749281 -99 -99 -99 -99 -0.440379084712963 -99
-99 -99 -99 -99 2.42259823666597 -99 -99 -99 -99 -99 -99 1.27547708844768 -99 -99 -99
-0.329413450515278 0.187383453441375 -99 -99 0.955287795833201 -99 -99 -99 -99 0.703318667094391 -99 -99 -99 -99 -99
-99 -99 -1.49266197506033 -99 -99 -99 -99 -99 -99 0.134128871552063 -99 -99 -99 -2.38668284357299 -99
-99 -99 -99 -99 -99 -99 -99 -99 -99 -99 -99 -99 1.32780363268295 -99 -99
-99 -99 -99 -99 -99 -99 -99 -99 -99 1.91690336225138 -99 -99 -99 -99 -99
-99 -99 -99 -99 -99 -99 -99 -99 -99 -99 -99 -99 -99 -99 -99
-99 -99 -99 -99 1.46454103311575 -99 -99 -99 -99 -99 -99 -0.196301084467911 -99 0.0859809592521533 -99
-99 -99 -99 -99 -99 -99 -99 -0.313588179676836 -99 -99 -99 -99 -99 -99 -99
0.0668950817581851 -99 -99 -99 -99 -99 -99 -99 -99 -99 -99 -99 -99 -99 -99
-99 -99 -99 -99 -99 -99 -99 -99 -99 -99 -99 -99 -99 -99 -99
-99 -99 -99 -99 -99 -99 -99 -99 -99 -99 -99 -99 -99 -99 -99
-99 -0.0242850130847387 -99 -99 0.779595761457301 0.401164053372324 -99 -99 -99 -0.957760754071346 -99 -99 -99 1.20060472914029 -99
-99 -99 -99 -99 -99 -99 -99 -99 0.0996689732717991 -99 -99 -99 -99 -99 -0.917626574444694
-99 2.79627113943225 -99 -1.16995507864936 -99 -99 -99 -99 -0.350880152809739 -99 0.936877147475877 -99 -99 -99 -99
-99 -0.221843014583519 -99 -99 -99 -99 -99 -99 -0.415182605632354 -99 1.5233787565097 -99 -99 -99 -99
1.94693725652227 2.28778141191136 2.10739072580233 -99 -99 -99 -99 -99 -99 -99 -99 -99 1.91283231267363 -99 -99
2.11057650071311 -99 -99 -99 -99 -99 -99 -99 -99 -99 -99 -99 -99 -99 -99
-99 -99 0.485689290690809 -99 -99 -99 -99 -99 -99 1.37674280689499 -99 -99 -99 -99 -99
-99 -99 -99 -99 -99 -99 -99 -99 -99 -99 -99 -99 -99 -99 -99
-99 -99 -99 -99 -99 -99 1.66338179566053 -99 -99 -99 -99 -99 -99 1.97870659077816 -99
-99 -99 -99 -99 -99 -99 -99 -99 -99 -99 -99 -99 -99 -99 -99
-99 -99 -99 -99 -99 -99 -99 -99 -99 -99 -99 -99 -99 -99 -99
-99 -99 -99 -99 -99 -99 -99 -99 -99 -99 -99 -99 -99 -99 -99
-99 -99 -99 -99 -99 -99 -99 -99 0.100829629687011 -99 -99 -99 -99 -99 -99
-99 -99 0.70448140341734 -99 -99 -99 -99 1.29357631191101 -99 -99 -99 -99 -99 -99 -99
-99 -99 -99 0.889456041636331 -99 -99 -99 -99 -99 -99 -99 -99 -99 -99 -99
-99 -99 -99 -99 -0.16414314354309 -99 -99 -99 -1.14529980222623 -99 -99 -99 -99 -1.81803235058878 -99
-99 -99 -99 -99 -99 -99 -99 -99 -99 -99 -99 -99 0.832302661493843 -99 -99
0.797759559894441 -99 -99 2.53820691724262 -99 -99 -99 -99 -99 -99 -99 -0.0925498372517977 -99 -99 -99
-99 -99 -99 -99 -99 -99 -99 0.996611700817225 -99 -99 -99 -99 0.101578351154316 -1.01662424657243 1.7992081083847
-99 -99 -99 -99 -99 -99 -99 -99 -99 2.64896277756675 -99 -99 -99 -99 -99
-99 -99 -99 -99 -99 -99 -99 -99 -99 -99 -99 -99 -99 -99 0.144499433932928
-99 -99 -99 -99 -99 -99 2.71873741610793 -99 -99 -99 -99 -99 -99 -99 2.34115451820581
-99 -99 -99 -99 -99 -99 -99 -99 -99 -99 -99 -99 -99 -99 -99
-99 -99 -99 -99 -99 -99 -99 -99 -99 -99 -99 0.587503648939917 -99 -99 -99
-99 -99 -99 -99 -99 -99 -99 -99 -99 -99 -99 -99 -99 -99 -99
-99 -99 -99 -99 -99 -99 -99 -99 -99 -99 -99 -99 3.64463747152762 -99 -99
-99 -99 -99 -99 -99 -99 -99 -99 -99 -99 -99 -99 -99 -99 -99
-99 -99 -99 -99 -99 -99 -99 -99 -99 -99 -99 -99 -99 -99 -99
-99 -99 -99 -99 -99 -99 -99 1.52023273137129 -99 -99 -99 -99 -99 -99 -99
-99 -99 -99 -99 -99 -99 -99 -99 1.82506488347976 2.49600257329133 -99 -99 -99 -99 -99
-99 -99 -99 -99 -99 -99 -99 -99 -99 -99 -99 -99 -99 -99 -99
-99 -99 -99 -99 -99 -99 -99 -99 -99 -99 -99 -99 -99 -99 -99
-99 -99 -99 -99 -99 -99 -99 -99 -99 -99 -99 -99 -99 -99 -99
-99 -99 -99 -99 -99 -99 -0.637401354110086 -99 -99 -99 -99 -99 0.435414851154821 -99 -99
-99 -99 -99 -99 -99 -99 -99 -99 0.793719883277402 -99 -99 -99 -99 -99 -99
-99 -99 -99 -99 -99 -99 -99 -99 0.220466427911987 -99 -99 -99 -99 -99 -0.655032192482132
-99 -99 -99 -99 -99 -99 -99 -99 -99 -99 1.75706970670967 -99 -99 1.61485380090717 -99
-99 -99 -99 -99 -99 -99 -99 -99 0.68852004487517 1.11771548804929 -99 -99 -99 1.59950730881087 -99
-99 -99 -99 0.601265982337531 -99 -99 -99 -99 -99 -99 -99 -99 -99 -99 -99
-99 -99 -99 -99 -99 -99 -99 -99 -99 -99 -99 -99 -99 -99 -99
-99 -99 -99 -99 -99 2.14113877742242 -99 2.18717816849286 -99 -99 -99 -99 1.55989458619322 1.90381239091528 -99
-99 1.86884459494949 -99 -99 -99 -99 -99 -99 -99 -99 -99 -99 -99 -99 -99
-99 -99 -99 -99 -99 -99 -0.0252014443139645 -99 2.28992517044576 -99 -99 -99 -99 -99 2.4297317608186
-99 -99 -99 -99 -99 -99 -99 -99 -99 -99 -99 -99 -99 -99 -99
-99 -99 -99 -99 -99 -99 -99 -99 -99 -99 -99 0.0920433864364918 -99 -99 -99
-99 -99 -99 -99 -99 -99 2.43976676215241 -99 -99 0.281448725372105 -99 -99 -99 -99 -99
0.34543092384468 -99 -99 -99 -99 -99 -99 -99 -99 -99 -99 -99 -99 -99 -99
-99 1.06601650002777 -99 -99 -99 -99 -99 -99 -99 -99 -99 -99 -99 -99 -99
-99 -99 -2.360635354651 -99 -99 -99 -99 -99 -99 -99 -99 -99 1.08723398358481 -99 -99
-99 -99 -99 -99 -99 -99 -99 -99 -99 -99 -99 -99 -99 -99 3.41699177399758
-99 -99 -99 -99 -99 -99 -99 -99 -99 -99 -99 -99 -99 -99 -99
-99 -99 -99 -99 -99 -99 -99 -99 -99 -99 -99 -99 -99 -99 -99
-99 -0.500093964168749 -99 -1.09411965803105 -99 -99 -99 -99 -99 -1.81126107340892 -99 -99 -99 -99 -99
-99 1.89900954505062 -99 0.931698348426491 -99 -99 -99 -99 -99 -99 -99 -99 -99 -99 -99
-99 -99 -99 -99 -99 -99 -99 -99 -99 -99 -99 -99 -99 -99 -99
-99 -99 -99 -99 -99 -99 -99 -99 -99 -99 -99 -99 -99 -99 -99
-99 -99 -99 -99 -99 -99 -99 -99 -99 -99 -99 -99 -99 -99 1.65530122433472
-99 -99 -99 -99 -99 -99 -99 -99 -99 -99 -99 -99 -99 -99 -99
-99 -99 -99 -99 -99 -99 -99 -99 -99 -99 -99 -99 -99 -99 2.27577796078373
-99 -99 -99 -99 -99 -99 0.281073807373468 -99 -99 -99 -99 -99 -99 -99 -99
0.23714577198847 -99 -99 -99 0.997909228440591 -99 -99 -99 -99 1.36498846568532 -99 -99 -99 -99 3.30024136841688
-99 -99 -99 -99 -99 -99 -99 -99 -99 -99 -99 -99 -99 -99 -99
-99 -99 -99 -99 -99 -99 -99 -99 -99 -99 1.95077032798817 -99 -99 -99 -99
-99 -99 -99 -99 -99 -99 -99 -99 -99 -99 -99 -99 -99 -99 0.39387870055516
-99 -99 -99 -99 -99 -99 -99 -99 -99 -99 -99 -99 -99 -99 -99
-99 -99 -99 -99 -99 1.14790770793144 -99 -99 -99 -99 -99 -99 -99 0.963335022090081 -99
-99 -99 -99 -99 -99 -99 -99 -99 -99 -99 -99 -99 -99 -99 -99
-99 -99 -99 -0.503293267168968 -99 -99 -99 -99 -99 -99 -99 -99 -99 -99 -0.586592451884671
-99 0.724972203850059 -99 -99 -99 -99 -99 -99 -99 -99 -99 -99 -99 -99 -99
-99 -99 -99 -99 2.12754148038334 -99 -99 -99 -99 1.71763325718674 -99 -99 -99 -99 -99
-99 -99 -0.701294456652173 -99 -99 -99 -99 -99 -99 -0.691666216299222 -99 -0.204055035484454 -99 -99 -99
-99 -99 -99 -99 2.02891160569903 -99 -99 -99 -99 0.524422343498271 -99 -99 -99 -99 -99
-99 2.09572431952412 -99 -99 -99 2.50232402602012 -99 -99 -99 -99 -99 1.1784396548573 -99 -99 -99
-99 -99 -99 -99 -0.372652293241201 -99 -99 -99 -99 -99 -99 -99 -99 -99 -99
-99 -99 -99 -99 -99 -99 -99 -99 -99 -99 -99 -99 -99 -99 -99
-0.408624518051375 -99 -99 -99 -99 -99 -99 -99 -99 1.35381596425452 -99 -99 -99 -99 -99
-99 -99 -99 -99 -99 -99 -99 -99 -99 -99 -99 -99 -99 -99 -99
-99 -99 -99 -99 -99 -99 -99 -99 -99 2.71439082125964 -99 -99 -99 2.58569412369254 -99
-99 -99 1.80287809250204 -99 -99 -99 -99 -99 -99 -99 -99 -99 -99 -99 -99
-99 -99 -99 -99 -99 -99 -99 -99 -99 -99 -99 1.99674694836615 -99 -99 -99
-99 -99 -99 -99 -99 -99 2.20771272528473 -99 -99 -99 -99 -99 -1.05979340324982 -99 -99
-99 -99 -0.644269069068604 -99 -99 -99 2.68123387822422 -99 -99 -99 -99 -99 -99 -99 -99
-99 -99 -99 -99 -99 -99 -99 0.20515499805703 -99 -99 -99 -99 -99 -99 -99
-99 -99 -99 -99 -99 -99 -99 -1.78164365024613 -99 -99 -99 -99 -99 -99 0.042088134097626
-99 -99 -99 -99 -99 -99 -99 -99 -99 -99 -99 -99 -99 -99 -99
-99 -99 -99 -99 -99 -99 -99 -99 -99 -99 -99 1.12329577924767 -99 -99 -99
-99 -99 -99 -99 -99 1.05049795667177 -99 -99 -99 -99 -99 -99 -99 -99 -99
0.64306037626004 -99 -99 -99 -99 -99 -99 -99 -99 -99 -99 -99 -99 -99 -99
-99 -99 -99 -99 -99 -0.333044621279929 -99 -99 -99 -99 -99 -99 -99 -99 -99
-99 -99 -99 -99 -99 -99 2.41043411912689 -99 2.60999385795914 -99 -99 -99 -99 -99 -99
-99 -99 -99 -99 -99 -99 -99 -99 -99 -99 -99 -99 -99 -99 -99
-99 -99 -99 -99 -99 -99 -99 -99 -99 0.318011586819637 -99 -99 -99 -99 -99
-99 -99 -99 -99 -99 -99 -99 1.91984729738687 -99 0.864287736767861 -99 -99 -99 1.1612892461821 -99
-99 -99 -99 -99 -99 -99 -99 -99 -99 -99 -99 -99 0.587374792268423 -99 -99
-99 -99 -99 -99 -99 -99 2.13737638934888 -99 -99 -99 -99 -99 2.09172960101452 -99 -99
-99 -99 -99 -99 -99 -99 -99 -99 -99 -99 2.39237483602623 -99 -99 -99 3.52823963736895
-99 -99 -99 -99 -99 -99 -99 -99 -99 -99 -99 -99 -99 -99 -99
-99 -99 -99 -99 -99 1.78129302984752 -99 -99 -99 -99 -99 -99 -99 -99 0.463388539573278
-99 -99 -99 -99 -99 -99 2.15296187119604 -99 -99 -99 -99 -99 -99 -99 0.637478223335823
-99 -99 -99 -99 -99 -99 -99 -99 -99 -99 -99 -99 -99 -99 -99
-99 -99 -99 -99 -99 -99 -99 -99 -99 -99 -99 -99 -99 -99 -99
1.78018530397967 -99 -99 -99 -99 -99 -99 -99 -99 -99 -99 -99 -99 -99 -99
-99 -99 -99 -99 -99 0.945707953542677 -0.341670524707915 -99 -99 1.39817850774445 1.94068997957378 -99 -99 -99 -99
-99 -99 -99 -99 -99 -99 -99 -99 -99 -99 -99 -99 -99 -99 -99
-99 -99 -99 -99 -99 -99 -99 -99 -99 -99 1.0103981305475 -99 -99 -99 -99
-99 -99 -99 -99 -99 -99 -99 -99 -99 -99 -99 -99 -99 -99 -99
-99 -99 -99 -99 -99 3.89924409831246 -99 4.51725755661285 -99 -99 -99 -99 -99 -99 -99
-99 -99 -99 -99 -99 -99 -99 -99 1.96186651257851 -99 -99 -99 -99 -99 -99
-99 -99 -99 -99 -99 -99 -99 3.45327443755281 -99 -99 -99 -99 -99 -99 -99
0.176288736924248 -99 -99 -99 -99 -99 -1.3329895039768 -99 -99 -99 -0.0765508305481177 -99 -99 -99 -99
-99 -99 -99 -99 -99 -99 -99 -99 -99 -99 -99 -99 -99 -99 -99
-99 -99 -99 -99 -99 -99 1.13268196779303 -99 -99 -99 -99 -99 -99 -99 -99
-99 -99 -99 -99 -99 -99 -1.84319221351651 -2.31756078325236 -99 -99 -99 -99 -99 -2.83897226404448 -99
-99 -99 -99 -99 -99 -0.656067177762366 -99 1.81939464291085 -99 -99 -99 -99 -99 -99 -99
-99 -99 2.07719977095277 1.15359190997829 -99 -99 -99 -99 -99 -99 1.89483039265559 3.333281140257 -99 -99 -99
-99 -99 2.00989024479539 -99 -99 -99 -99 -99 -99 -99 -99 -99 -99 -99 -99
-0.390166839042207 -99 -99 -99 -99 -99 -99 -99 -99 -99 -99 -99 -99 -99 -99
-99 -99 -99 -99 -99 -99 -99 -99 -99 -99 -99 -99 -99 -99 -99
-99 -99 -99 -99 -99 -99 -99 -99 -99 -99 1.44369401772354 -99 -99 -99 -99
-99 0.637664100805768 -99 -99 -99 -99 -99 -99 -99 -99 -99 -99 -99 -99 -99
-99 -99 -99 -99 -99 -99 -99 -99 -99 -99 -99 -99 -99 -99 -0.249117579853178
-99 -99 -99 -99 -99 -99 -99 -99 -99 -99 -99 -99 -99 -99 -99
1.5502811534856 -99 -99 -99 0.710714518581918 -99 -99 -99 -1.54789793730833 -99 -99 -99 -99 -99 1.02800257435394
-99 3.53693277647882 -99 -99 -99 3.14854441267071 -99 -99 -99 -99 -99 -99 -99 -99 -99
-99 -99 -99 0.380885931855062 -99 -99 -99 -99 -99 -99 -99 -99 0.62294049389636 -99 -99
-99 -99 -99 -99 -99 -99 -99 -99 -99 -99 -99 -99 -99 -99 -99
-99 -99 -99 -99 1.3513302095956 -99 -99 -99 -99 -99 1.33234789296606 -99 -99 -99 -99
-99 -99 -99 -99 -99 -99 0.157031701260015 -99 -99 -99 -99 -99 -99 -99 -99
-99 -99 -99 -99 -99 -99 -99 -99 0.663943457273514 -99 -99 -99 -99 -99 -99
-99 -99 -99 -99 -99 -99 -99 -99 -1.39504672273201 -99 -99 -99 -99 -99 -99
-99 -1.44291146726578 -99 -0.893806742344692 -99 -2.7360662162577 -99 -99 -99 -99 -99 -99 -99 -99 -99
-99 -99 -99 -99 -99 -99 -99 -0.588583388149609 -99 -99 -99 -99 -99 -99 -99
-99 -99 -99 -99 -99 0.354952714657898 -99 -99 -99 -99 -99 -99 -99 -99 -99
-99 1.57693776275407 -99 -99 1.22245673775904 -99 -99 -99 -99 -99 -99 -99 -99 -99 -99
-99 -99 -99 -99 -99 -99 -99 1.46364455264153 -99 -99 -99 -99 -99 -99 -99
-99 -99 -99 -99 -99 -99 -99 -99 -99 -99 -99 -0.0605889389756495 -99 -99 -99
-99 -99 -99 -99 -99 -99 -99 -99 -99 -99 -1.17756388463648 0.904489143165199 -99 -99 -99
-99 -99 -99 3.11923707652654 -99 -99 -99 -99 -99 -99 -99 -99 -99 -99 -99
-99 -99 -99 -99 -99 -99 -99 -99 -99 -99 -99 -99 -99 -99 1.82628695684964
-99 -99 -99 -99 -99 -99 -99 -99 -99 -99 1.38679531579755 -99 -99 -99 1.88479625431097
-99 -99 -99 -99 -99 -99 -99 -99 -99 -99 -99 -99 -99 -99 -1.10373901529371
-99 -99 -99 -99 -99 -99 0.295821714660008 -99 -99 -99 -0.0364652018943104 -99 -99 -99 -99
-99 -99 -99 -99 -99 -99 -99 -99 -99 -99 -99 -99 -99 -99 -99
-99 -99 -99 -99 -99 3.79177375317886 -99 -99 0.945466797845729 -99 -99 -99 -99 -99 -99
1.93226172768921 -99 1.95858867193481 -99 -99 0.976426995767524 -99 -99 -99 -99 -99 -99 1.24400475988213 1.65139099519079 -99
-99 -99 0.165759952478784 -99 -99 -99 -99 -99 -99 -99 -99 -99 0.64138841791471 -99 -99
-99 -99 -99 -99 -99 -99 -99 -99 -99 2.63589240926125 -99 -99 -99 -99 -99
0.254430789347525 -99 -99 -99 -99 -99 -99 0.549150285003961 -99 -99 -99 0.333564601651111 1.43379041238059 -99 -99
-99 -99 -99 -99 -99 -99 -99 -99 -99 -99 -99 3.80220004046896 -0.328996033688629 -99 -99
-99 -99 -99 -99 -99 -99 -99 -99 -99 -99 -0.461005609205512 -99 -99 -99 -99
-99 -99 -99 -99 -99 -99 -99 2.34509112682836 -99 -99 -99 -99 -99 -99 -99
-99 -99 -99 -99 -99 -99 -99 -99 -99 0.237163333151568 -99 -99 -99 -99 -99
-99 -0.934165890725992 -99 -99 -99 -99 -99 -99 -99 -99 -99 -99 -99 -99 -99
-99 -99 -99 -99 -99 -99 -99 -99 -99 -99 -99 -99 -99 -99 -99
-99 0.227084322528294 -99 -99 -99 -99 -99 -99 -99 -99 -99 -99 -99 -99 -99
-99 -99 -99 -99 -99 -99 -99 -99 -99 -99 -99 -99 -99 -99 -99
-0.297656503692294 -99 1.18517687439934 -99 -99 -99 -99 -99 -99 -99 -99 -99 -99 -99 -99
-99 -0.125225100694366 -99 -99 -99 -99 -99 -99 -99 -99 -99 -99 -99 -99 -1.31283845479089
1.35306356776076 -99 -99 0.795316944424509 -99 -99 -99 -99 -99 -99 -99 -99 -99 -99 -99
-99 -99 -99 -99 -99 -99 -99 -99 -99 -99 -99 -99 -99 -99 -99
-99 -99 -99 -99 -0.627410842448273 -99 -99 -99 -99 -99 -99 -99 -99 -99 -99
-99 -99 -99 -99 1.41112763188819 -99 -99 -0.361249633617579 -99 -99 2.11587194257151 -99 -99 -99 0.525567222363817
-99 -99 -99 -99 -99 -99 -0.612220246497221 -99 -99 -99 -99 -99 -99 -99 -0.0443290201769664
-99 -99 0.791634820733837 -99 -99 -99 -99 -99 -99 -99 1.07441997074022 -0.60882263175628 -99 -99 -99
-99 1.67450201877703 -99 -99 -99 -99 -99 -99 -99 -99 -99 -99 -99 -99 -99
-99 -99 -99 -99 1.72573050422516 -99 -99 -99 -99 -99 -99 -99 -99 -99 -99
3.74350954020488 -99 -99 -99 1.04888275154842 -99 -99 -99 -99 -99 -99 -99 -99 -99 -99
-99 -99 2.95703540112545 -99 -99 -99 -99 -99 -99 4.08694701863101 -99 -99 -99 -99 -99
-99 -99 -99 -99 -99 -99 -99 -99 -99 -99 -99 2.0019139258283 -99 -99 -99
-99 -99 -99 -99 -99 -99 -99 -99 -99 -99 -99 -99 -99 -99 -99
-99 -99 0.172836305062468 -99 -99 -99 -99 -99 -1.64507005843991 -99 -99 -99 -99 -99 -99
-99 -99 -99 -99 -99 -99 -99 -99 -99 -99 2.41524186915073 -99 -99 -99 -99
-99 -99 -99 -99 -99 -99 -99 -99 -99 -99 -99 -99 -99 1.60580166326895 -99
-99 -99 -99 -99 0.773798007387659 -99 -99 -99 -99 -99 -99 -0.108863874094529 -99 -0.140874787016394 -99
-99 -99 -99 -99 -99 -99 -99 -99 -99 -99 -1.29467169828158 -99 -99 -99 -99
-99 -99 1.87227087033146 -99 -99 -99 -99 -99 -99 -99 -99 -99 -99 -99 -0.472616266390532
-99 2.34598245061117 -99 -99 3.88657557509278 -99 2.5748969567082 1.71441799930493 -99 -99 -99 -99 -99 -99 -99
-99 -99 -99 -99 -99 -99 1.43667280056429 -99 -99 -99 -99 -99 -99 0.487595234284502 -99
-99 -99 -99 -99 -99 -99 -99 -99 -99 -99 -99 -99 -99 -99 0.303769852858612
-99 -99 -99 -99 -99 -99 -99 -99 1.44461037158629 -99 -99 -99 -99 -99 -99
-99 -99 -99 -99 -0.712912516339176 -99 -99 -99 -99 -99 -99 -99 -99 -99 -99
-99 -99 -99 -99 -99 -99 -99 -99 -99 -99 -99 -99 -99 -0.502035246390007 -99
-99 -99 -99 -99 -99 2.45469737198742 -99 -99 -99 -99 0.762604787268715 -99 1.49459352482616 -99 -99
-99 -99 -99 -99 -99 -99 -99 -99 -99 -99 -99 -99 -99 -99 -99
-99 -99 -99 -99 -99 -99 -99 -99 -99 -99 -99 -99 -99 0.909649614811516 -99
-99 -99 -99 -99 -99 -99 -99 -99 -99 -99 -99 -99 -99 -99 -99
-99 -99 -99 -99 -99 -99 -99 -99 -99 -99 -99 -99 -99 -99 -99
-99 -99 -99 -99 -99 -99 1.681686683133 -99 1.40069037056854 -99 -99 -99 -99 -99 -99
-1.186696064891 -99 -99 -99 -99 -99 -99 -0.405013926255769 -99 -99 -99 -99 -99 -99 -99
-99 -99 -99 -99 2.52802070026338 -99 -99 -99 -99 -99 -99 -99 -99 -99 -99
-99 -99 -99 -99 -0.241022152019666 -99 -99 -99 -99 -99 -99 -99 -99 -99 -99
-99 -99 -99 -99 -99 -99 -99 -99 -99 -99 -99 -99 -99 -0.478214305648514 -99
-99 -99 -99 -99 -99 -99 -99 -99 -99 -99 -99 -99 -99 -99 -99
-99 -99 -99 -99 -99 -99 -99 -99 -99 0.028140867251093 -99 -99 -99 -99 -99
-99 -99 -99 -99 -99 -99 0.213617647627275 -99 -99 -99 -99 -99 -99 -99 -99
-99 -99 -99 -99 -99 -99 -99 -99 -99 0.160091432149532 -99 -99 -99 1.52422438826436 -99
-99 -99 4.46376036756549 -99 -99 -99 -99 -99 -99 -99 -99 -99 -99 -99 -99
-99 -99 -99 -99 -99 -99 -99 -0.977123272282718 -99 -99 -99 -2.19769946717859 -99 -99 -99
-99 -0.839753111319952 0.17755375581069 -99 -99 -99 -99 -99 -99 -99 0.859897907869683 -99 -99 -99 -99
-99 0.506130486382302 -99 -99 -0.0385464453027367 -99 -99 -99 -99 -99 -99 -99 -99 -99 0.603468479751483
1.10511090722539 -99 -99 -99 -99 -99 -99 -99 -99 -99 -99 -99 2.40821608707144 -99 -99
-99 -99 -99 -99 -99 -99 -99 -99 -99 -99 -99 -99 -99 -99 -99
-99 -99 2.15162384701892 -99 -99 -99 -99 -99 -99 -99 -99 1.01944305557384 -99 0.445129329756201 -99
-99 -99 -0.0795041604288556 -99 -99 -99 -99 -99 -99 -99 -0.0750900147617386 -99 -0.651563090635825 -99 -99
0.619588553704757 -99 -99 2.21846905709023 -99 -99 -99 -99 0.799433653145873 -99 -99 -99 0.0639634514306656 -99 -99
0.0525070455034242 -99 -99 0.985260194237948 -99 -99 -99 -99 -99 -99 -99 0.3774163424855 -99 -99 -99
-99 -99 -99 -99 -99 -99 -99 -99 0.569548924346168 1.35943426972992 -99 -99 -99 1.67126814047975 -99
-99 -99 -99 -99 -99 -99 -99 -1.59848690302129 -99 -99 -99 -99 -99 -99 -99
-99 -99 -99 -99 -99 -99 -99 -99 -99 -99 -99 -99 -99 0.854554882738326 -99
-99 -99 1.4302870813324 -99 -99 -99 -99 -99 -99 -99 -99 -99 -99 -99 -99
-99 -99 -99 -99 -99 -99 -99 -99 0.45644451321615 -99 -0.219282300179755 -99 0.709802976728649 -99 -99
-99 -99 -99 -99 -99 -99 -99 -99 -99 -99 -99 -99 -99 -99 -99
-99 -99 -99 -99 -99 -99 -99 -99 -99 -99 -99 -99 -99 -99 -1.14428699339268
-99 -99 -99 -99 -99 -99 -99 -99 -99 -99 -99 -99 -99 -99 -99
-99 -99 -99 -99 -99 -99 -99 -99 -1.23076887039778 -99 -99 -99 -99 -99 -99
-99 -99 -99 -99 -99 -99 -99 -99 -99 -99 -99 -99 -99 -99 -99
-0.178971769280585 -99 -99 -99 -99 -99 -99 -99 -99 -99 -99 -99 -99 -99 -99
-99 -99 -99 -99 -99 -99 -99 -99 -99 -99 -2.92301369052611 -99 -99 -99 -99
-99 -99 -99 -99 -99 -99 -99 -99 -99 1.32927461644819 -99 -99 -99 -99 -99
-99 -99 1.5079391461458 -99 -99 -99 -99 -99 -99 -2.65746949958098 -99 -99 -99 -99 0.53163585922237
-99 1.22073255299423 -99 -99 -99 -99 -99 -99 -99 -99 -99 -99 -99 -99 3.42263023208069
-99 -99 -99 -99 -99 -99 -99 -99 -99 -99 -99 -99 -99 -99 -99
-1.25468622765019 -99 -99 -99 -99 -99 -99 -99 -99 -99 -99 -99 -99 0.865171687596643 -99
-99 0.948720255440454 -99 -99 -99 -99 -99 -99 -99 -0.728785935911582 -99 -99 -99 -99 -99
-99 -99 -99 -99 -99 1.15756999882642 -99 -99 -99 -99 -99 -99 -99 -99 -99
-99 -99 -99 -99 -99 -99 -99 0.565140317084377 -99 -99 -99 -99 -99 -99 -99
-99 -99 -99 -99 -99 -99 1.94648915653595 0.811059087045208 -99 -99 -99 -99 -99 -99 0.625366469431255
-99 -99 -99 -99 -99 -99 -99 -99 -99 -99 -99 -99 -99 -99 -99
-99 -99 -99 -99 -99 -99 -99 -99 1.55937426805859 -99 -99 -99 -99 0.719583158020592 -99
-99 1.66215974844499 -99 -99 -99 -99 -99 -99 0.919309003002822 -99 -99 -99 -99 -99 -99
-99 -99 -99 -99 -99 -99 -99 -99 -99 1.27588549814513 -99 0.0610333673800685 -99 -99 -1.48198586165138
-99 -99 -99 -99 1.21590141720947 -99 -99 -99 -99 -99 -99 -99 -99 -99 -99
-99 -99 -99 -99 -99 -99 -99 -99 -99 -99 1.02541469841025 -99 -99 -99 -99
-99 -99 -99 -99 -99 -99 -99 -99 -99 -99 -99 -99 -99 -99 -99
-99 -99 -99 1.58513636272102 0.0466698145232354 -99 -99 0.360304759473349 -99 -99 -99 0.197068536002632 -99 -99 -99
-99 -99 -99 -99 -99 -99 -99 -99 -99 -0.778483368123439 0.407913551285591 -99 -99 -99 -99
-99 -99 -99 -99 -99 -99 -99 -99 -99 -99 -99 -99 0.632273731070342 -99 -99
-99 3.56981761815379 -99 -99 -99 -99 -99 -99 -99 -99 -99 -99 -99 -99 -99
-99 -99 -99 -99 -99 -99 -99 -99 -99 -99 -99 -99 -99 -99 -0.0408884787929411
-99 -99 -99 0.934887056817853 -99 -99 -99 0.391157199006949 -99 -99 -99 -99 -99 -99 -99
-99 -99 -99 -99 -99 0.0699703693757838 -99 -99 -99 1.2243519750257 -99 -99 -99 -99 -99
-99 -99 -99 -99 -99 2.35617286186729 -99 -99 -99 -99 -99 -99 1.37326649200628 0.0548234713805266 -99
-99 -99 2.36162270969862 -99 -99 -99 0.244668286014361 -99 0.860854129535286 0.903207554176782 -99 -99 -99 -99 -99
0.0993128311456937 -99 -99 -99 -99 -99 -99 -99 -99 -99 -99 -99 -0.967851995603775 -99 -99
-99 -99 -99 -99 2.94868375012647 -99 -99 -99 -99 -99 -99 -99 -99 -99 -99
-99 -99 -99 -99 -99 -99 -99 -99 -99 -99 -99 -99 2.83827567901232 -99 -99
-99 1.43957617671817 -99 -99 3.34185894313898 -99 -99 -99 3.06546417807201 -99 -99 -99 -99 -99 -99
3.02625333985202 -99 1.73525949272219 -99 -99 -99 -99 -99 -99 -99 -99 -99 -99 1.94068445813284 -99
-99 -1.26464805294846 -99 0.190234022301711 -99 -99 -99 -99 -99 -99 -99 -99 -99 -99 -99
-99 -99 -99 -99 -99 -99 -99 -99 -99 -99 -99 -99 -99 -99 -99
-99 -99 2.67273759807753 -99 -99 -99 -99 1.27890510444728 -99 -99 -99 -99 -99 -99 -99
-99 -99 1.18757654019296 -99 -99 -99 -99 -99 -99 -99 -99 -99 -99 -99 -99
-99 2.67080907620273 -99 -99 -99 -99 -99 -99 -99 -99 -99 -99 -99 -99 -99
-99 -99 -99 1.84067116665136 -99 -99 -99 -99 -0.627029428642295 -99 -99 1.68055608390697 -99 -99 -99
-99 -99 -99 -99 -99 -99 -99 -99 -99 -99 -99 -99 -99 -99 -99
-99 -99 -99 0.332134311103091 -99 -99 -99 -99 -99 -99 -99 -1.14936534814672 -99 -99 -99
-99 -0.33180629894487 -99 -99 -99 -99 -99 -99 -99 -99 -99 -99 -99 -99 -99
-99 -99 -99 -99 -99 -99 -99 -99 -99 -99 -99 1.16932267655969 -99 -99 -99
-99 -99 3.22084762648323 -99 -99 -99 -99 1.64786369013908 -99 -99 -99 -99 -99 -99 -99
-99 -1.25638807800227 -99 -99 -99 -99 -99 0.304143828223388 -99 0.514544569173268 -99 -99 -99 -99 -99
-99 -99 -99 -99 -99 -99 -0.792386135662935 -0.74829900190377 -0.752996455681743 -99 -99 -99 -99 -99 -99
-99 -99 -99 -99 -99 -99 -99 -99 -99 -99 -99 -99 -99 -99 -99
-99 0.881824268972761 -99 -99 -99 -99 -99 -99 0.609791810339855 -99 -99 -99 -99 -99 -99
-99 -99 -99 -99 -99 -99 -99 -99 -99 -99 -99 1.53562047209019 -99 -99 -99
-99 -99 -99 -99 -99 -1.35372822824657 -99 -99 2.06774926113889 -99 -99 -99 -99 -99 -99
-99 -99 -99 2.00905707109948 -99 -99 -99 -99 -99 -99 -99 -99 -99 -99 -99
0.713347108354872 -99 -99 -99 -99 -99 -99 -99 -99 -99 0.00812245285789381 -99 -99 -99 -99
-99 -99 -99 -99 -99 -99 1.80293758479952 -99 1.81136384625833 -99 -99 -99 -99 -99 -99
-99 -99 -99 -99 -99 -99 -99 -99 -99 -99 -99 -99 -99 -99 -0.482319756285256
-99 -99 -99 -99 0.11288511109273 -99 -0.641866336026998 -99 -99 0.7888067308491 -99 -99 -99 -99 -99
-99 0.829992005081572 -99 -99 -99 -99 -99 -99 -99 -99 -99 -99 -99 -99 -99
-99 -99 -99 -99 -99 -0.50783272712862 -99 -99 -99 -99 -99 1.20483218050378 -99 -99 1.24151751084912
1.88802595546617 -99 -99 -99 -99 -99 -99 -99 0.33821763112188 -99 -99 -99 1.58051879190665 -99 -99
-99 -99 -99 -99 -99 2.44910537392133 -99 -99 -99 -99 -99 -99 -99 1.57501520550971 -99
-99 -99 -99 -99 -99 -99 -99 -99 2.94056338221925 -99 -99 -99 -99 -99 -99
-99 0.143663714423643 -99 -99 -99 -99 -99 -99 -99 -99 -99 -99 -99 -99 -99
-99 -99 -99 -99 -99 -99 -99 -99 -99 -0.481214363940696 -99 -99 -99 -99 -99
-99 -99 -99 -99 -99 -99 -99 -99 -99 -99 -99 -99 -99 -99 -99
-99 -99 -99 -99 -99 -99 2.78412754342367 -99 -99 -99 -99 -99 -99 -99 -99
-99 -99 -99 -99 -99 -99 -99 -99 -99 -99 1.73376402304428 -99 -99 -99 -99
-99 -99 -99 -99 -99 -99 -99 -99 -99 -99 -99 -99 -99 -99 0.956117951781552
-99 -99 -99 -99 -99 -99 -99 -99 -99 -99 -99 -99 2.26579735203865 -99 -99
-99 -99 -99 -99 -99 -99 -99 -99 -99 -99 -99 -99 -99 -99 -99
-99 1.72433512258468 -99 -99 -99 -99 -99 -99 -99 -99 -99 -99 1.13925344866495 -99 -99
-99 -99 -99 -99 -99 2.51436125061456 -99 -99 -99 -99 -99 -99 -99 -99 -99
-99 -99 -99 -99 1.26918295371741 -99 -99 -99 -99 -99 -99 -99 -99 -99 -99
-99 -99 -99 -99 -99 -99 -0.760432240981154 -99 -99 0.214514614064178 -99 -99 -99 -99 -99
1.5699710094224 0.163977780587426 -99 -99 -99 -99 -99 -99 -99 -0.0100434889447103 -99 -99 -99 -99 -99
-99 -99 -99 -99 -99 -99 -99 1.51519356669604 -99 1.44219204229837 -99 -99 -99 -99 -99
-99 -99 -99 -99 -99 -99 -99 -99 -99 -99 2.66785518059643 -99 0.993640364157617 -99 -99
-99 -99 3.29584554153329 -99 -99 1.50739490790739 2.30866109826635 -99 -99 -99 1.82490928425993 -99 -99 -99 -99
-99 -99 -99 -99 -1.26106045989345 -99 -99 -99 -99 -99 -99 -99 -99 -99 -99
2.8453135284155 -99 -99 -99 -99 -0.528589854565713 -99 -99 -99 3.17940503729643 1.11689042353664 -99 -99 -99 -99
-0.616407926486211 -99 -99 -99 -99 -99 -99 -99 -99 -99 -99 -99 -99 0.173312088180139 -0.187307529524047
-99 -99 -99 -99 -99 0.436511691564699 -99 -99 -99 -99 -99 -99 -99 -99 -99
-99 -99 -99 -99 -99 -99 -99 -99 -99 -99 -99 -99 -99 -99 -99
-99 -99 -99 -99 -99 -99 -99 -99 -99 -99 -99 -99 -99 -99 -99
-99 -99 2.78616896437136 -99 -99 3.46784243690962 -99 -99 -99 -99 -99 -99 -99 -99 -99
-99 -99 -99 -99 -99 -99 -99 -99 -99 -99 -99 -99 -99 -99 -99
-99 -99 -99 -99 -99 -99 -99 -99 -99 -99 -99 -99 -99 -99 -99
-99 -99 -99 -99 -99 -99 -99 -99 -99 -99 -99 -99 -99 -99 -99
-99 -99 -99 -99 0.780558054113843 -99 -99 -99 -99 -99 -99 -99 0.605253531608701 -99 -99
-99 -99 -99 -99 -99 -99 -99 2.33572100937768 -99 -99 -99 -99 -99 -99 -99
-99 1.27472931722052 -99 -99 -99 -99 -99 -99 -99 -99 -99 -99 -99 -99 -99
-99 -99 -99 -99 -99 -99 -99 -99 -99 -99 -99 -99 -99 -99 -99
-99 -99 -99 -99 -99 -99 -99 -99 -99 -99 -99 -99 -99 -99 -99
-99 -99 -99 -99 -99 -99 -99 -99 -99 -99 -99 -99 -99 -99 -99
-99 -99 2.98133084535445 -99 -99 -99 -99 -99 -99 -99 -99 -99 -99 -99 -99
-99 -99 -99 -99 -99 -99 -99 1.07691530786662 -99 -99 -99 0.271064678743988 -99 -99 -99
-99 -99 -99 -99 -99 -99 -99 -99 -99 -99 -99 -99 -99 -99 -99
-99 -99 -99 -99 -99 -99 -99 -99 -99 -1.39309827730006 0.578637018432202 -99 -99 -99 -99
-99 -99 0.728675878144531 1.22537896650095 -99 -99 -99 -99 -99 -99 -99 -99 -99 -99 -99
-99 -99 -99 -99 -99 -99 -99 -99 -99 -99 -99 -99 -99 -99 -99
-99 -99 -99 -99 -99 -99 -99 -99 -99 0.729929817726776 -99 -99 -99 -99 -99
-99 -99 -99 -99 -99 -99 -99 -99 -99 -99 -99 -99 -99 -99 -99
-99 -99 -99 -99 -99 -99 -99 -99 -99 -1.53701926439256 0.324659306127618 -99 -99 -99 -99
-99 -99 -99 -99 -99 1.46897122159872 -99 -99 -99 -99 -99 -99 -99 1.53779746598186 -99
-99 -99 -99 1.59359049972979 -99 -99 -99 -99 -99 -99 -99 0.266232199631346 -99 2.60384394628563 2.26163856938095
-99 -99 -99 -99 -99 -99 -99 -99 -99 -99 -99 -99 -99 -99 -99
-99 -99 -99 -99 -99 -99 -99 -99 -0.356573222197271 -99 -99 -99 -99 -1.10227101411854 -99
-99 -99 -99 -99 -99 -99 -0.890091961253535 -99 -99 -99 -99 -99 0.269993882000131 -99 -99
-99 -99 -99 -99 -99 -99 -99 -99 -99 -99 -99 1.7852525741191 -99 -99 -99
-99 -0.969403809875431 -99 -99 -99 -99 -99 -99 -99 -99 -99 -99 -99 -99 -99
2.78458116426907 -99 -99 -99 -99 -99 -99 -99 -99 -99 -99 -99 -99 -99 -99
0.113925227766863 -99 -99 -99 -99 -99 -99 -99 -99 -99 -99 0.153710901925612 -99 -99 -99
-99 -99 -99 -99 -99 -99 -99 -99 -99 -99 -0.321733977789427 -99 -99 -99 -99
-99 -99 -99 2.22516569947601 -99 -99 -99 -99 -99 -99 -99 1.49409694697572 2.23914994617784 0.62262769550936 -99
-99 -99 -99 -99 -99 -99 -99 -99 -99 -99 -99 -99 -99 -99 -99
-99 -99 -99 -99 -99 -99 -99 -99 -99 -99 -99 -99 -99 -99 -99
-99 -99 -99 -99 -99 -99 -99 -99 -99 -99 -99 -99 -99 -99 -99
-99 -99 -99 -99 -99 -99 -99 -99 -99 -99 -99 -99 -99 -99 -99
-99 1.05342695625807 -99 -99 1.17171311529032 -99 -99 -99 -99 -99 -99 -99 -99 -99 -99
-99 -99 -99 -99 -99 -99 -99 -99 -99 -99 -99 -99 -99 -99 -99
-99 -99 -99 -99 -99 -99 -99 -99 -99 -99 -99 -99 -99 -99 -99
-99 -99 -99 1.46485875954097 -99 -99 -99 -99 -99 -99 -99 -99 -99 -99 -99
-99 -99 -99 -99 -99 -99 -99 -99 -99 -99 -99 -99 -99 -99 -99
2.07526800280495 -99 -99 -99 -99 2.80002293606339 -99 -99 -99 -99 -99 -99 -99 -99 -99
-99 -99 -99 -99 -99 -99 0.736130907055268 -99 -99 -99 -99 0.408641387349088 -99 -99 -99
-99 -99 -99 -99 -99 -99 -99 -99 -0.268045421155251 -99 0.0599361150322482 -99 -99 -99 -99
-99 -99 0.234600120321731 0.994474526552431 1.45679384404146 1.78170538111211 -99 -99 -99 -99 -0.884067099909987 -99 -99 -99 -99
-99 -99 -99 -99 -1.32614938110261 -2.18241248974959 -99 -99 -99 -99 -99 -99 -99 -99 -99
-99 2.07386672153046 -99 -99 -99 -99 -99 -99 -99 -99 -99 1.1947177008158 -99 -99 0.736069866607558
-99 -99 -99 -99 -99 0.533006767015786 -99 -99 -99 -99 -99 -99 -99 -99 -99
-99 -99 -99 -99 -99 -99 -99 -2.07685206857942 -99 -1.69451845070687 -99 -99 -99 -99 -99
-99 -99 -99 -99 -99 1.79034672285648 -99 -99 -99 -99 -99 -99 -99 -99 1.22593346036553
4.25933338122894 -99 -99 -99 -99 -99 -99 -99 -99 2.57050872202018 -99 -99 -99 -99 -99
-99 -99 -99 -1.45618287798586 -99 -99 -99 -99 -99 -99 -99 -99 -99 -99 -99
-99 -99 -99 -99 -99 -99 2.39436596452847 -99 1.08037475375388 0.68542952270004 -99 0.141140677541175 -99 -99 -99
-99 -99 -99 -99 -99 -99 -99 -99 -99 -99 -99 -99 -99 -99 -99
-99 -99 -99 -99 -99 -99 -99 2.55685836745078 2.3754400009221 -99 -99 3.06396558090969 -99 -99 -99
0.153563282044234 -99 -99 -99 -99 -99 -99 -99 -99 -99 -99 -99 -99 -99 -1.094736941974
-99 -99 -99 -99 -99 -99 -99 -99 -99 -99 -99 -99 -99 -99 -99
-99 -99 -99 -0.876111716450454 -99 3.51136758922092 -99 -99 -99 -99 -99 -99 -99 -99 -99
-99 -99 3.11673779657942 -99 -99 -99 -99 -99 -99 -99 -99 -99 -99 -99 -99
-99 -99 -99 0.976287851594584 -99 -0.991699173951816 -99 -99 -99 -99 -99 3.4677782120839 -99 -99 -99
-99 -99 -99 -1.62262983256457 -99 -99 -99 -99 -99 -99 -99 -99 -99 -99 -99
-99 -99 -99 0.292291362233707 -99 -99 -99 -99 -99 -99 -99 -99 -99 -0.0477315129000648 -99
-99 1.76620282964227 0.76155772988683 -99 -99 2.08418109326904 -99 -99 -99 -99 -99 -99 -99 -99 -99
-99 -99 -99 0.60435639937177 -99 0.614084473230071 -99 0.804286820076642 -99 -99 -99 -99 -99 -99 -99
-99 -99 -99 -99 -99 -99 -99 -99 -99 -99 -99 -99 1.18887521536761 -99 -99
-99 -99 -99 -99 -0.244988823953078 -99 -99 0.77542655828552 -99 -99 -99 -99 -99 -99 -99
-99 -99 -99 -99 -99 -99 -99 -99 -99 -99 -99 -99 -99 -99 -99
-99 -99 -99 -99 -99 0.434548028142687 -99 -99 -99 -99 -99 -99 -99 -99 -99
-99 -99 -99 -99 1.73877134308348 -99 -99 -99 -0.060852129571171 -99 -99 -99 -99 -99 -99
-99 -99 -99 -99 0.00510315816762119 -99 -99 -99 -99 -99 -99 -99 -99 -99 -99
-99 -99 -99 -99 -99 -99 -99 -99 -99 -99 -0.655047096966206 -99 -99 -0.794065678840274 -99
-99 -99 -99 -99 -99 -99 -99 -99 -99 3.16680790183297 -99 -99 0.346148710881289 -99 -99
-99 -99 -99 -99 -99 -99 -99 -99 -99 -99 -99 -99 -99 -99 -99
-99 -99 -99 -99 -99 -99 -99 -99 -99 -99 -99 -99 -99 -99 -99
-99 -99 -99 -99 -99 -99 -99 -99 -99 -99 -99 -99 -99 -99 -99
-99 -99 -99 -99 -99 -99 -99 -99 -99 -99 -99 -99 -99 -99 -99
-99 -99 -99 -99 -99 -99 -99 -99 -99 -99 -99 -99 -99 -99 -99
-99 -99 -99 -99 -99 -99 -99 -99 -99 -99 -99 -99 -1.67019220190852 -99 -99
2.10727221076411 -99 -99 -99 -99 -99 -99 -99 -99 -99 -99 -99 -99 0.97551180112293 -99
-99 -99 -0.188448574254847 -99 -0.0360679374012349 -99 -99 -99 1.55003898872812 -99 -99 -99 -99 -99 -99
-99 -99 -99 -99 -99 -99 -99 -99 -99 -99 -99 -99 -99 -99 -99
-99 -99 -99 -99 -99 -99 -99 -99 -99 -99 -99 -99 -99 -99 -99
-99 -99 -99 -99 -99 -99 -99 -99 -99 -99 -99 -99 -99 -99 -99
-99 -99 -99 3.76317536399898 -99 -99 -99 -99 -99 -99 -99 -99 -99 -99 -99
2.44798730770814 -99 -99 2.22776998254497 -99 -99 -99 -99 -99 -99 -99 -99 -99 -99 -99
0.442035100553545 -99 -99 -99 -99 -99 1.08166662783802 -99 -99 -99 -99 -99 -99 -99 -99
-99 -99 -99 -99 -99 -99 -99 -99 -99 -99 -99 -99 2.62060917785329 -99 -99
-99 -99 -99 -0.848441464025003 -99 -99 -99 -99 -99 -99 -99 -99 -99 -99 -99
-99 -99 -99 -99 -99 -99 2.67875203050528 -99 -99 -99 -99 0.741112727908801 -99 -99 -99
-99 -99 -99 -99 -99 -99 -99 -99 -99 -99 1.09823498622084 -99 -99 -99 -99
-99 -99 0.811932181282347 -0.945134224461125 -1.22621753411397 -99 -99 0.529899423422509 -2.68566775715178 -99 0.704644399338154 -99 -99 -99 -99
-99 -99 1.96314106558013 -99 -99 -99 -99 -99 -99 -0.0496025047669624 -99 -99 -99 1.61837411965628 -99
-99 -99 -99 -99 -99 -99 -1.32131023977042 -99 -99 -99 -99 -1.1646478523145 -99 -99 -99
-99 -99 -99 -99 -99 -99 -99 -99 -99 -99 0.117888240792991 -99 -99 0.355710850908565 -99
-99 -99 -99 -99 -99 -99 -99 -99 -99 -99 -99 -0.301249333051012 -99 -99 -99
-99 -99 -99 -99 -0.923171047501861 -99 -99 1.57485297407294 -99 -99 -99 -99 -99 -99 -99
-99 -99 -99 -99 -99 -99 -99 -99 -99 -99 -99 -99 3.86624383958683 -99 3.51496013569973
-99 -99 -99 -99 -99 -99 -99 -99 -99 -99 -99 -99 -99 1.8866714241828 -99
-99 -99 -99 -99 -99 -99 -99 -99 -99 -99 -99 -99 -99 -99 0.889697321125464
-99 -99 -99 -99 -99 -99 -99 -99 -99 -99 -99 -1.61343184231969 -99 -99 -99
1.08277536075452 -99 2.03678427343625 -99 -99 1.55170736158493 -99 -99 -99 -99 -99 -99 -99 -99 -99
-99 -99 -99 -99 -99 -99 -99 0.441308880315587 -99 -99 -99 -99 -99 -99 -99
-99 -99 -1.21413795142409 -99 -99 -99 -99 -99 -99 -99 -99 -99 -99 0.343531473353302 -99
-99 -99 -99 -99 -99 -99 0.184464864932827 -99 -99 -99 -99 -99 -99 -99 -99
-99 -99 -99 -99 -99 -99 2.01450064984808 -99 -0.344494006386617 -99 -99 -99 -99 -99 -99
-99 -99 -99 -99 -99 -99 -99 -99 -99 -99 -99 -1.26301485454312 -99 -99 -99
-99 -99 -99 -99 -99 -99 -99 -99 -99 -99 -99 -99 -99 -99 0.619393826309778
-99 0.347501935225933 -99 -99 -99 -99 -99 -99 -99 -99 0.474084226987395 -99 -99 -99 -99
-99 -99 -99 1.20118877908793 -99 -99 -99 -99 1.29799855993284 0.0222971364428166 -99 -99 -99 1.80344269918394 -99
-99 -99 -99 -99 -99 -99 -99 -99 -99 -99 -0.0150218730291019 -99 -99 -99 -99
-99 -99 -99 2.56600279193305 -99 -99 3.35898989445237 -99 -99 -99 -99 -99 -99 -99 -99
-99 -99 -0.688081893917791 -99 -0.00721117171209729 -99 -99 -99 -99 -99 -99 -99 -99 -99 -99
-99 -99 -99 -99 -99 -99 -99 -99 -99 1.6117856261476 -99 -99 -99 -99 -99
-99 -99 2.18058571941327 -99 -99 -99 -99 -99 0.0240141481246777 -99 -99 -99 -99 -99 2.36189794640069
-99 -99 -99 -99 -99 -99 0.0289445886945711 -0.394400894313821 -99 -99 -99 -99 -99 -99 -99
-0.779027773441467 -99 -99 -99 -1.16615938839448 -99 -99 -99 -1.54767228666836 -99 -99 -1.2243532835959 -99 -99 -99
-99 -99 -99 -99 -99 3.22793126440382 -99 -99 -99 -99 -99 -99 -99 -99 -99
-99 -99 -99 -99 -99 -99 -99 -99 -99 -99 -99 -99 -99 2.08196893712377 -99
-0.502787172265542 2.24258787548888 -99 -99 -99 -99 -99 -99 -99 -99 0.0460786483747974 1.66998800860233 -99 -99 -99
-99 -99 -99 0.235397479850268 -99 -99 -99 -99 -99 -99 -0.509415941495243 -0.699551681881224 -99 -99 -99
-99 -99 -99 -99 -99 -99 -99 -99 -99 -99 -99 -0.383113368023849 -99 -99 -99
-99 -99 -99 -99 -99 -99 0.618844641893385 -99 -99 -99 -99 0.862081694568177 -99 -99 -99
-99 -99 -99 -99 -99 -99 -99 -99 -99 -99 -99 -99 -99 -0.070420006209468 -99
-99 -99 -0.796203336787585 -99 -99 -99 -99 -99 -99 -0.551363529322769 -99 -99 -99 -99 -99
-99 -99 -99 -99 -99 -99 2.38439213937034 -99 -99 -99 3.78185839114896 -99 2.69319426731183 -99 -99
-99 -99 -99 -99 -99 -99 -99 -99 -99 -99 -99 1.73372264063416 1.78760200978408 -99 -99
2.19258861789022 -99 1.50380343793989 -99 -99 -99 2.37651403200994 -99 -99 -99 -99 -99 -99 -99 1.84209817500562
-99 -99 -99 -99 -99 -99 0.386663515237227 -99 -99 -99 -99 -99 -99 -99 -99
-99 -99 -99 -99 -99 1.0741855669493 -99 -99 -99 -99 -99 -99 -99 -99 -99
-99 -99 -99 -99 -99 -99 -99 -99 -99 -99 -99 -99 -99 -99 -99
-99 -99 -1.42185217387189 -99 -99 -99 -99 -99 -99 -99 -99 -99 -99 -99 -99
-99 -99 -99 -99 -99 -99 -99 -99 -99 -99 -99 -99 -0.234636625968469 -99 -99
-99 -99 -99 -99 -99 -99 -99 -99 -99 -99 -99 -99 -99 -99 -99
-99 -99 -0.232640446657859 -99 -99 -99 -99 -99 -99 0.376925273004742 -99 -99 0.0315270548032693 -99 -99
-99 -99 -99 1.26405083635047 -99 -99 1.04456540020144 -99 -0.113669811318689 -99 -99 -99 -99 -99 -99
-99 0.0345413307577715 -99 -99 -99 -99 -99 -99 -99 1.72878334201656 -99 -99 2.36630617504377 -99 -99
-99 -99 -99 0.522492454096548 -99 -99 -99 -99 -99 -99 -99 -99 -99 -99 -99
0.367536463395282 -99 -99 -99 -99 -99 -99 -99 -99 -99 -99 -99 -99 -99 -99
-99 1.08828655684553 -99 0.5240823703419 -99 -99 -99 -99 -99 -99 -99 -99 -99 -99 -99
-99 -99 -99 -99 -99 -99 -99 -99 -99 -99 -99 -99 -99 -99 -99
-99 -99 -99 -99 -99 -99 -99 -99 -99 -99 -99 -99 -99 -99 -99
-99 -99 -99 -99 -99 -99 -99 -99 -99 -99 -99 1.76205492082046 -99 -99 -99
-99 -99 2.33677372428631 -99 -99 -99 -99 -99 -99 -99 -99 -99 -99 -99 -99
-99 -99 -99 -99 -99 -99 -99 -99 -99 -99 -99 -99 -99 -99 -99
-99 -99 -99 -1.14511141129228 -99 -99 -99 -99 -99 -99 -99 -99 -99 -99 -99
-99 -99 2.58383686189716 -99 -99 -99 -99 1.4626449788433 -99 -99 -99 -99 -99 -99 -99
-99 -99 1.5347299297254 0.043559006979953 -99 -99 -99 -99 -99 -99 -99 -99 -99 -99 -99
-99 -99 -99 -99 4.42973588210274 -99 -99 -99 -99 2.09142649199843 -99 -99 -99 -99 -99
-99 -99 -99 1.85288253730719 -99 -99 -99 -99 1.24698300008059 -99 -99 -99 -99 -99 -99
-99 -99 -99 -99 -99 -99 -99 -99 1.22277097065047 -99 -99 -99 -99 -99 -99
-99 -99 0.933850162319602 1.75025661186019 -99 -99 -99 -99 -99 -99 -99 -99 -99 -99 -99
-99 -99 -99 -99 -99 -99 -99 -99 -99 -99 -99 -99 -99 -99 -0.166630500380054
-99 -0.928945726972751 -99 -99 2.76279290285521 0.312986860853307 -99 -99 -99 -99 -99 -99 -99 -99 -99
-99 -99 -99 -99 -99 -99 -99 -99 -99 -99 -99 -99 -99 -99 1.51586559545635
-99 -99 -99 -99 -99 -99 -99 -99 -99 -99 -99 -99 -99 -99 -99
-99 -99 -99 -99 -99 -99 1.1891170274194 -99 -99 -0.513091470455236 -99 -99 -99 -99 -99
-99 -99 -99 -99 -99 -99 -99 -99 2.37770090966973 -99 -99 -99 -99 2.67227607604545 -99
-99 -99 -99 -99 -99 2.15532464331477 -99 0.994855847049089 -99 -99 -99 -99 -99 -99 -99
-99 -99 -99 -99 -99 -99 -99 -99 -99 -99 -99 -99 -99 -99 -99
-99 3.70066888011382 -99 -99 -99 -99 -99 -99 -99 -99 -99 -99 -99 -99 -99
-99 2.12080420837732 -99 -99 -99 -99 -99 -99 -99 -99 2.52964832389627 -99 -99 -99 -99
-99 -99 -99 -99 -99 -99 -99 -99 -99 -99 -99 -99 -99 0.983739511490105 -99
-99 -99 -99 -99 -99 -99 -99 -99 -99 -99 -99 -99 -99 -99 -99
1.21229476610305 -99 1.8638086270358 -99 -99 -99 -99 -99 -99 -99 -99 0.273184585432019 -99 -1.60307378092639 -99
-99 -99 -99 -99 -99 -99 -99 -99 -99 -99 -99 -99 -99 -99 -99
-99 -99 -99 -1.21199573754237 -99 -99 -99 -99 -99 0.0394805774294675 -99 -99 -99 -99 -1.68783912206171
-99 -99 -99 -99 -99 -99 -99 -99 -0.0274855896750346 -99 -99 -99 -99 -99 -99
-99 -99 -99 -99 -99 -99 -99 1.57011358714754 -99 -99 -99 -99 -99 -99 -99
-99 -99 -99 -99 -99 1.73696216003567 -99 -99 2.57821313640269 -99 -99 -99 -99 -99 -99
-99 -99 -99 -99 -99 -99 -99 -99 -99 3.21583100623481 -99 -99 -99 -99 -99
-99 -99 -99 -99 -99 -99 -99 -99 -99 -99 -99 1.01850032048362 -99 -99 -99
-99 -99 -99 -99 -99 -99 -99 -99 -99 -99 -99 0.772550040959244 0.836970844310955 -99 -99
-99 -99 -99 -99 -99 -0.448467103825092 -99 -99 -99 -99 -99 -99 -99 -99 -99
-99 1.28904815835878 -99 -99 -99 -99 -99 -99 -99 -99 -99 -99 -99 -99 -99
-2.17388409476442 0.967897222113449 -99 -99 -99 -99 -99 0.564295029062344 -99 -1.08741980362134 0.619487203432949 -99 0.103539760790015 -99 -99
-99 -99 -99 -99 -99 -99 -99 -99 -99 -99 -99 -99 -99 1.8486452110064 -99
-99 -99 -99 -99 -99 0.110257172709841 1.09467541237619 -99 -99 -99 -99 -99 -99 -99 1.20211438634511
-99 -2.93823809320476 -99 -99 -99 -99 -99 -99 -99 -99 -99 -99 -99 -99 -99
-99 -99 -99 -99 -99 0.456232840778987 -99 -99 -99 -99 -99 -99 -99 -99 -99
-99 -99 -99 -99 -2.1144210247485 -99 -99 -99 -0.548914502936494 -99 -99 -99 -99 -99 -99
-99 -99 -99 -99 -99 -99 -99 -99 1.91398887237223 -99 -99 -99 -99 -99 -99
-99 2.96398848408335 -99 -99 -99 -99 -99 -99 -99 -99 -99 -99 -99 -99 -99
-99 -99 -99 1.49553816502704 -99 -99 -99 -99 -99 2.73938904271588 -99 1.31739025461303 -99 -99 -99
-99 -99 -99 -99 -99 -99 -99 -99 -99 0.412492227193187 -99 -99 -99 -99 -99
-99 -99 -0.849981112120064 -99 -99 -99 -99 -99 -99 -99 -99 -99 -99 -99 -99
1.23539239107481 -99 0.160450070771476 -99 -99 -99 -99 -99 -99 -99 -99 -99 -99 -99 -99
-99 -99 -99 -99 -99 -99 -99 -99 -99 -99 -99 -99 0.924743583371049 -99 -99
-99 -99 1.44565903981643 0.190938718623922 -99 0.881443059242257 -99 -99 -99 -99 -99 -99 -99 1.26814047686885 -99
-99 -99 -99 -99 -99 -99 -99 -99 -99 -99 -99 -99 -99 -99 -99
-99 -99 -99 -99 -99 -99 1.32405040696664 -99 -99 -99 -99 -99 -99 -99 -99
-99 -99 -99 -99 -99 -99 -99 -99 -99 -99 -99 -99 -99 -99 2.11749919078355
3.04006906970942 -99 -99 -99 1.22507368496567 2.19019598422751 1.66318970427916 -99 -99 -99 -99 -99 -99 -99 -99
-99 -99 -99 -99 -99 -99 -99 -99 -99 -99 -99 -99 -99 -99 -99
-99 -99 -99 -99 -99 -99 -99 -99 -99 -99 -99 -99 -99 -99 -99
-99 -99 -99 -99 -99 -99 -99 -99 0.874506176180123 -99 -99 -99 -99 -99 -99
-0.527967384365632 -99 -99 0.767835471764921 -99 -99 -99 0.717557036392864 -99 -99 -99 -99 -99 -99 -99
-2.14172501720994 -0.960821310783033 -99 -99 -99 -99 -0.943315658446035 -99 -0.496383178200042 -99 -99 -99 -99 -99 -2.09478904459085
-99 -99 -99 -99 -99 -99 -99 -99 -1.84042170147579 -99 -99 -99 -99 -99 -99
